2439668.80000	0.8077
2439670.80000	0.7735
2439692.80000	0.721
2439694.80000	0.7504
2439719.80000	0.7834
2439721.80000	0.7895
2439722.80000	0.788
2439723.80000	0.7999
2439786.80000	0.7389
2439787.80000	0.764
2439788.80000	0.7678
2439789.80000	0.7803
2439817.80000	0.7383
2439832.80000	0.6748
2439834.80000	0.6645
2439835.80000	0.6743
2439963.80000	0.7143
2439964.80000	0.7512
2439978.80000	0.729
2439979.80000	0.7481
2440010.80000	0.8296
2440011.80000	0.8103
2440012.80000	0.8005
2440045.80000	0.7733
2440046.80000	0.7621
2440047.80000	0.7728
2440048.80000	0.7478
2440077.80000	0.7544
2440078.80000	0.7587
2440079.80000	0.7319
2440080.80000	0.7089
2440105.80000	0.6842
2440106.80000	0.6791
2440107.80000	0.6696
2440138.80000	0.6213
2440139.80000	0.6536
2440140.80000	0.6318
2440167.80000	0.7727
2440168.80000	0.7409
2440169.80000	0.72
2440170.80000	0.7176
2440199.80000	0.8122
2440201.80000	0.7905
2440202.80000	0.7658
2440312.80000	0.7373
2440339.80000	0.6003
2440340.80000	0.6223
2440341.80000	0.6093
2440342.80000	0.6206
2440404.80000	0.5788
2440405.80000	0.584
2440406.80000	0.5768
2440407.80000	0.5716
2440437.80000	0.5831
2440438.80000	0.5917
2440439.80000	0.5897
2440440.80000	0.5785
2440454.80000	0.6323
2440455.80000	0.6094
2440456.80000	0.6083
2440457.80000	0.5914
2440495.80000	0.6512
2440496.80000	0.5934
2440497.80000	0.5962
2440498.80000	0.6002
2440499.80000	0.6141
2440517.80000	0.5837
2440519.80000	0.5839
2440520.80000	0.5886
2440555.80000	0.5663
2440558.80000	0.5916
2440570.80000	0.5626
2440572.80000	0.5748
2440573.80000	0.5838
2440685.80000	0.6338
2440687.80000	0.6332
2440688.80000	0.6308
2440725.80000	0.6326
2440726.80000	0.6287
2440727.80000	0.609
2440728.80000	0.6245
2440729.80000	0.6222
2440760.80000	0.6947
2440761.80000	0.6774
2440762.80000	0.7072
2440777.80000	0.6363
2440778.80000	0.6086
2440779.80000	0.6038
2440780.80000	0.5894
2440809.80000	0.5968
2440810.80000	0.5933
2440811.80000	0.6407
2440812.80000	0.5795
2440843.80000	0.632
2440844.80000	0.6216
2440844.80000	0.6216
2440845.80000	0.6198
2440910.80000	0.6024
2440911.80000	0.6346
2440912.80000	0.6324
2440935.80000	0.596
2441050.80000	0.633
2441051.80000	0.6512
2441052.80000	0.6316
2441053.80000	0.6152
2441082.80000	0.6203
2441083.80000	0.6127
2441084.80000	0.6029
2441085.80000	0.5999
2441112.80000	0.6554
2441113.80000	0.6838
2441114.80000	0.6551
2441133.80000	0.7079
2441134.80000	0.7433
2441135.80000	0.7551
2441136.80000	0.7588
2441168.80000	0.7074
2441169.80000	0.7087
2441170.80000	0.7052
2441199.80000	0.7057
2441200.80000	0.6983
2441201.80000	0.7007
2441202.80000	0.7016
2441249.80000	0.7295
2441250.80000	0.7154
2441262.80000	0.7587
2441264.80000	0.7183
2441285.80000	0.6869
2441286.80000	0.7127
2441428.80000	0.8476
2441429.80000	0.8516
2441430.80000	0.8321
2441459.80000	0.8346
2441460.80000	0.8575
2441461.80000	0.856
2441487.80000	0.7809
2441488.80000	0.7897
2441502.80000	0.942
2441503.80000	0.9381
2441554.80000	0.8491
2441555.80000	0.8254
2441589.80000	0.821
2441590.80000	0.834
2441591.80000	0.8055
2441592.80000	0.793
2441614.80000	0.8533
2441615.80000	0.8646
2441618.80000	0.8456
2441641.80000	0.7885
2441642.80000	0.8078
2441643.80000	0.8023
2441644.80000	0.7767
2441669.80000	0.8017
2441671.80000	0.7623
2441787.80000	0.7692
2441788.80000	0.7798
2441819.80000	0.771
2441820.80000	0.7533
2441821.80000	0.7601
2441822.80000	0.7476
2441835.80000	0.8775
2441836.80000	0.8794
2441884.80000	0.715
2441885.80000	0.7318
2441886.80000	0.6951
2441909.80000	0.8553
2441910.80000	0.884
2441911.80000	0.8969
2441942.80000	0.826
2441943.80000	0.8063
2441944.80000	0.8071
2441945.80000	0.8003
2441959.80000	0.7336
2441960.80000	0.7038
2441961.80000	0.7154
2442015.80000	0.8974
2442016.80000	0.8839
2442147.80000	0.7275
2442148.80000	0.731
2442166.80000	0.7451
2442167.80000	0.7464
2442168.80000	0.7416
2442169.80000	0.7419
2442208.80000	0.7149
2442209.80000	0.7136
2442210.80000	0.7163
2442218.80000	0.7411
2442219.80000	0.733
2442259.80000	0.7643
2442260.80000	0.7472
2442261.80000	0.7724
2442262.80000	0.7299
2442282.80000	0.7263
2442283.80000	0.7399
2442284.80000	0.7203
2442285.80000	0.7203
2442329.80000	0.6919
2442330.80000	0.7067
2442331.80000	0.7005
2442348.80000	0.6601
2442350.80000	0.6573
2442380.80000	0.6713
2442381.80000	0.7005
2442382.80000	0.6762
2442525.80000	0.6789
2442557.80000	0.6713
2442559.80000	0.6801
2442560.80000	0.6757
2442590.80000	0.7358
2442591.80000	0.7151
2442592.80000	0.723
2442613.80000	0.6723
2442614.80000	0.67
2442615.80000	0.6637
2442616.80000	0.6621
2442644.80000	0.6455
2442645.80000	0.6536
2442646.80000	0.6561
2442647.80000	0.6799
2442675.80000	0.6236
2442676.80000	0.6295
2442677.80000	0.6363
2442678.80000	0.6206
2442702.80000	0.6467
2442703.80000	0.6616
2442704.80000	0.6469
2442731.80000	0.6926
2442732.80000	0.6999
2442763.80000	0.6443
2442764.80000	0.6736
2442765.80000	0.6575
2442910.80000	0.5368
2442911.80000	0.5327
2442912.80000	0.5351
2442913.80000	0.5376
2442940.80000	0.5747
2442973.80000	0.586
2442974.80000	0.5941
2442975.80000	0.57
2443025.80000	0.5624
2443060.80000	0.5546
2443061.80000	0.5667
2443062.80000	0.5486
2443063.80000	0.5387
2443110.80000	0.5521
2443111.80000	0.5673
2443112.80000	0.5766
2443113.80000	0.5549
2443235.80000	0.5444
2443236.80000	0.5667
2443237.80000	0.559
2443238.80000	0.542
2443239.80000	0.5509
2443255.80000	0.5908
2443256.80000	0.5896
2443256.80000	0.5591
2443257.80000	0.5782
2443257.80000	0.5467
2443273.80000	0.5996
2443294.80000	0.7178
2443295.80000	0.5789
2443297.80000	0.5687
2443346.80000	0.5835
2443347.80000	0.5891
2443347.80000	0.5716
2443349.80000	0.5893
2443349.80000	0.5719
2443350.80000	0.5721
2443350.80000	0.5611
2443351.80000	0.5583
2443351.80000	0.5697
2443414.80000	0.6149
2443415.80000	0.566
2443415.80000	0.5654
2443663.80000	0.5288
2443706.80000	0.6219
2443742.80000	0.6387
2443743.80000	0.6198
2443750.80000	0.6529
2443777.80000	0.6204
2443778.80000	0.6054
2443779.80000	0.6107
2443805.80000	0.5713
2443997.80000	0.6159
2444003.80000	0.6715
2444004.80000	0.6537
2444051.80000	0.6738
2444052.80000	0.709
2444142.80000	0.6548
2444170.80000	0.6357
2444411.83801	0.6035
2444411.84000	0.6284
2444411.84100	0.612
2444411.84100	0.6263
2444411.84201	0.6281
2444411.84299	0.6049
2444411.84399	0.6148
2444411.84500	0.6378
2444411.84601	0.6355
2444411.84698	0.6019
2444411.93100	0.6596
2444411.93100	0.6394
2444411.93201	0.6553
2444411.93301	0.6546
2444411.93399	0.6445
2444423.79999	0.6881
2444423.80099	0.6893
2444423.85300	0.7037
2444423.85300	0.7092
2444424.77701	0.673
2444424.77802	0.6902
2444424.89401	0.7039
2444424.89499	0.7037
2444424.89899	0.6986
2444424.89999	0.6998
2444424.89999	0.6991
2444424.90100	0.714
2444424.90201	0.7236
2444424.90201	0.7267
2444424.90302	0.6912
2444424.90399	0.6814
2444424.90399	0.6883
2444424.90500	0.6922
2444426.76300	0.6619
2444426.76401	0.6761
2444426.82901	0.6835
2444426.82999	0.6828
2444426.82999	0.7224
2444426.82999	0.6408
2444426.82999	0.667
2444426.83099	0.636
2444426.83099	0.6504
2444426.83099	0.7248
2444426.83099	0.6696
2444426.83099	0.6708
2444426.83200	0.6845
2444426.83200	0.6533
2444426.83200	0.7157
2444426.83200	0.7272
2444426.83200	0.6806
2444426.83200	0.6506
2444426.83301	0.6715
2444426.83301	0.6713
2444426.83301	0.6998
2444426.83301	0.7289
2444426.83301	0.6965
2444426.83301	0.689
2444428.85901	0.7226
2444428.85999	0.72
2444429.74301	0.7428
2444429.74399	0.7529
2444429.81201	0.7339
2444429.81201	0.7366
2444429.81299	0.7591
2444430.77899	0.7282
2444430.78000	0.761
2444430.78000	0.739
2444430.78101	0.7423
2444430.78101	0.7618
2444430.78201	0.7757
2444430.78201	0.7313
2444430.78201	0.7747
2444430.85901	0.7505
2444430.85901	0.7442
2444430.85999	0.7728
2444430.85999	0.7783
2444430.86099	0.7802
2444430.86099	0.7356
2444430.86099	0.7519
2444430.86200	0.7769
2444432.80200	0.7615
2444432.80200	0.731
2444432.80301	0.7517
2444435.71100	0.6933
2444441.76801	0.722
2444441.76801	0.7316
2444441.76801	0.7588
2444441.87399	0.6795
2444441.87500	0.7112
2444441.87500	0.6892
2444442.78500	0.7149
2444442.78601	0.661
2444442.78699	0.6837
2444442.78699	0.6421
2444442.78799	0.6993
2444442.78799	0.7048
2444443.81100	0.703
2444443.81100	0.6951
2444443.81201	0.6912
2444444.77802	0.7282
2444444.77802	0.7263
2444444.77899	0.7256
2444444.82599	0.708
2444444.82700	0.7215
2444444.82700	0.7028
2444445.78900	0.7198
2444445.78900	0.7222
2444445.79001	0.72
2444445.82501	0.6978
2444445.82599	0.6521
2444445.82700	0.6981
2444445.82700	0.6877
2444445.82800	0.6875
2444445.82901	0.6444
2444445.82901	0.7067
2444445.82999	0.6611
2444445.82999	0.7
2444445.83099	0.6793
2444445.83301	0.7165
2444445.83401	0.7067
2444445.83401	0.7086
2444446.78799	0.7365
2444446.78799	0.7152
2444446.78900	0.7214
2444446.83301	0.7136
2444446.83301	0.7054
2444446.83401	0.744
2444447.82001	0.6925
2444447.82101	0.6922
2444447.82101	0.694
2444448.81000	0.6711
2444448.81100	0.6757
2444448.81100	0.7003
2444449.78299	0.698
2444449.78299	0.6759
2444449.78400	0.6897
2444449.83301	0.6917
2444449.83401	0.7114
2444449.83401	0.712
2444451.81500	0.6941
2444451.81601	0.6941
2444451.81699	0.6951
2444452.67700	0.6829
2444452.67801	0.6555
2444452.67899	0.6934
2444452.82700	0.6875
2444452.82800	0.7171
2444452.82800	0.6735
2444453.77701	0.6433
2444453.77802	0.6584
2444453.77899	0.666
2444454.69601	0.6365
2444454.69699	0.6609
2444454.69800	0.6837
2444454.81000	0.664
2444454.81100	0.6653
2444454.81100	0.689
2444458.78799	0.7134
2444458.83899	0.708
2444458.84000	0.6993
2444458.84000	0.7067
2444460.75601	0.6891
2444460.75699	0.6716
2444460.75699	0.6916
2444461.78900	0.6993
2444461.79099	0.6925
2444461.79199	0.7076
2444462.80600	0.6926
2444462.80701	0.7085
2444462.80801	0.6905
2444463.76501	0.7158
2444463.76599	0.6886
2444463.76700	0.7037
2444464.76700	0.6912
2444464.76801	0.7079
2444464.76801	0.7262
2444464.76901	0.7129
2444464.76999	0.7343
2444464.76999	0.725
2444465.80099	0.7144
2444465.80200	0.6775
2444465.80200	0.6903
2444466.79700	0.6898
2444466.79800	0.7126
2444466.79901	0.704
2444467.78101	0.6998
2444467.78201	0.7221
2444467.78201	0.7223
2444468.75500	0.7199
2444468.75601	0.7417
2444468.75601	0.7436
2444468.76401	0.7195
2444468.76501	0.7165
2444468.76501	0.682
2444468.76599	0.7265
2444468.76599	0.717
2444468.80099	0.7497
2444468.80200	0.716
2444468.80200	0.7134
2444468.83301	0.737
2444468.83301	0.7656
2444468.83401	0.7492
2444469.76700	0.7002
2444469.76700	0.72
2444470.77499	0.7442
2444470.77499	0.7337
2444470.77600	0.708
2444472.76199	0.7304
2444472.76199	0.7431
2444472.76199	0.7332
2444473.81500	0.7218
2444473.81500	0.746
2444473.81601	0.7184
2444474.75900	0.6966
2444474.76001	0.7088
2444474.76099	0.7188
2444475.78000	0.7216
2444475.78101	0.7075
2444475.78101	0.7251
2444476.75699	0.7415
2444476.75699	0.7611
2444476.75800	0.7319
2444478.73700	0.7134
2444478.73700	0.7084
2444478.73801	0.7183
2444479.64200	0.7045
2444479.64200	0.7035
2444479.64301	0.6937
2444480.73901	0.719
2444480.73901	0.6925
2444480.73999	0.7261
2444481.74399	0.6774
2444481.74500	0.716
2444481.74600	0.7449
2444482.76501	0.731
2444482.76501	0.6878
2444482.76599	0.7095
2444484.75101	0.7014
2444484.75101	0.7229
2444484.75299	0.6681
2444485.73999	0.7107
2444485.73999	0.6942
2444485.73999	0.6875
2444486.73801	0.6891
2444486.73801	0.6891
2444486.73901	0.6756
2444487.73999	0.6831
2444487.73999	0.6914
2444487.74100	0.7019
2444487.84698	0.6986
2444487.84799	0.6914
2444487.84799	0.6707
2444488.73001	0.6885
2444488.73099	0.6739
2444488.73099	0.6813
2444489.72101	0.6559
2444489.72101	0.6605
2444489.72198	0.6535
2444490.72601	0.6725
2444490.72601	0.6625
2444490.72699	0.6571
2444491.72501	0.6432
2444491.72501	0.645
2444491.72601	0.6604
2444492.72699	0.6711
2444492.72800	0.664
2444492.72800	0.6911
2444493.72400	0.6608
2444493.72501	0.662
2444493.72501	0.6504
2444494.71100	0.6901
2444494.71100	0.682
2444494.71201	0.6837
2444494.90399	0.6916
2444494.90500	0.6668
2444494.90500	0.683
2444495.71500	0.663
2444495.71600	0.6861
2444495.71600	0.6593
2444496.73001	0.6837
2444496.73099	0.6555
2444496.73199	0.6793
2444505.75500	0.7293
2444505.75500	0.7517
2444505.75601	0.7367
2444506.70599	0.7358
2444506.70700	0.7356
2444506.70801	0.734
2444507.70099	0.7797
2444507.70099	0.7887
2444507.70200	0.7426
2444508.69000	0.7479
2444508.69101	0.7292
2444508.69101	0.7372
2444509.72601	0.7148
2444509.72699	0.7399
2444509.72699	0.6837
2444510.74600	0.717
2444510.74701	0.7222
2444510.74701	0.7399
2444511.71500	0.7414
2444511.71600	0.7015
2444511.71600	0.7208
2444512.80103	0.722
2444512.80499	0.6992
2444512.80603	0.7145
2444513.72302	0.7202
2444513.72400	0.7266
2444513.72400	0.6998
2444514.70801	0.682
2444514.70801	0.683
2444514.70898	0.6855
2444515.70203	0.7212
2444515.70203	0.7212
2444515.70300	0.7161
2444516.70898	0.7193
2444516.71002	0.683
2444516.71002	0.6883
2444517.75598	0.6815
2444517.75702	0.6641
2444517.75702	0.6804
2444524.61798	0.6846
2444524.62201	0.7043
2444525.72900	0.6945
2444525.72998	0.7262
2444525.73102	0.722
2444526.73297	0.7323
2444527.67603	0.6783
2444528.64697	0.6842
2444528.69501	0.708
2444528.69598	0.7023
2444528.69702	0.7192
2444545.74298	0.6652
2444545.74402	0.705
2444545.74500	0.6749
2444546.65100	0.6993
2444546.65198	0.6916
2444546.65198	0.7155
2444547.63397	0.6998
2444547.63501	0.684
2444547.63599	0.6912
2444548.64001	0.7373
2444548.64099	0.7638
2444548.64203	0.7267
2444549.62500	0.7002
2444549.62500	0.6953
2444549.62598	0.7114
2444550.62201	0.7164
2444550.62201	0.708
2444550.62299	0.7085
2444562.66602	0.6785
2444562.66699	0.7357
2444562.66803	0.7153
2444563.62500	0.7038
2444563.62701	0.7038
2444563.62799	0.7262
2444564.62000	0.6822
2444564.62097	0.7009
2444564.62201	0.7162
2444566.60999	0.7165
2444566.61102	0.7363
2444566.61102	0.7461
2444771.92401	0.6934
2444771.92499	0.6592
2444771.92603	0.6754
2444773.92401	0.6753
2444773.92499	0.6933
2444773.92603	0.6828
2444774.98199	0.6765
2444774.98297	0.6541
2444774.98401	0.6153
2444775.88599	0.6454
2444775.88702	0.6574
2444775.88800	0.6777
2444776.93103	0.6425
2444776.93201	0.655
2444776.93298	0.6268
2444777.92297	0.6292
2444777.92401	0.6488
2444777.92603	0.6613
2444778.93597	0.6687
2444778.93701	0.6668
2444778.93903	0.6705
2444779.95502	0.619
2444779.95599	0.6378
2444779.95697	0.6315
2444780.93597	0.6265
2444780.93701	0.6407
2444780.93799	0.637
2444781.91101	0.6393
2444781.91199	0.6316
2444781.91302	0.6468
2444782.91101	0.6444
2444782.91199	0.6506
2444782.91302	0.664
2444783.93597	0.6717
2444783.93799	0.6192
2444783.93903	0.6479
2444783.94098	0.6412
2444783.94202	0.6277
2444783.94397	0.659
2444784.91602	0.6411
2444784.91699	0.6628
2444784.91803	0.6549
2444785.91101	0.656
2444785.91199	0.654
2444785.91400	0.6618
2444794.89697	0.6559
2444794.89801	0.6816
2444794.89899	0.6791
2444795.91302	0.6292
2444795.91400	0.6624
2444795.91498	0.6475
2444796.88501	0.6208
2444796.88599	0.6447
2444796.88702	0.645
2444797.90100	0.6006
2444797.90302	0.6321
2444797.90399	0.6634
2444798.89502	0.6112
2444798.89600	0.5983
2444798.89697	0.6272
2444799.89398	0.6252
2444799.89502	0.6315
2444799.89600	0.6407
2444802.84100	0.6796
2444802.84198	0.6827
2444802.84399	0.6982
2444803.86102	0.6654
2444803.86200	0.6848
2444803.86298	0.6505
2444804.87701	0.6256
2444804.87799	0.6634
2444804.87903	0.6652
2444805.79401	0.7036
2444805.79602	0.6776
2444805.79700	0.6789
2444807.82202	0.6327
2444807.82300	0.6669
2444807.82501	0.6241
2444808.85498	0.6307
2444808.85602	0.6434
2444808.85699	0.6529
2444810.82202	0.6333
2444810.82300	0.6451
2444810.82397	0.6448
2444821.81000	0.6259
2444821.81000	0.6244
2444821.81097	0.6311
2444822.81598	0.6541
2444822.81702	0.6475
2444822.81702	0.6462
2444823.81000	0.6115
2444823.81097	0.6324
2444823.81201	0.6314
2444824.81500	0.6327
2444824.81598	0.616
2444824.81702	0.6163
2444825.90997	0.6467
2444825.91101	0.661
2444825.91199	0.6467
2444826.80103	0.6827
2444826.80200	0.6222
2444826.80298	0.6468
2444828.93799	0.6629
2444828.93903	0.6612
2444828.94000	0.6581
2444833.78302	0.6428
2444833.78400	0.6729
2444833.78400	0.6516
2444834.78101	0.6535
2444834.78198	0.659
2444834.78302	0.6104
2444835.77197	0.6234
2444835.77301	0.6277
2444835.77399	0.6229
2444836.77399	0.5928
2444836.77502	0.6416
2444836.77600	0.6341
2444847.72803	0.612
2444847.72900	0.6228
2444847.72998	0.5933
2444848.72803	0.6222
2444848.72900	0.6053
2444848.72998	0.6015
2444849.73901	0.6304
2444849.73999	0.6468
2444849.74103	0.6116
2444850.72101	0.6006
2444850.72198	0.5764
2444850.72302	0.5508
2444851.72198	0.6133
2444851.72302	0.5926
2444851.72400	0.5933
2444852.72998	0.6362
2444852.73102	0.6397
2444852.73199	0.6476
2444853.72900	0.6313
2444853.72998	0.6205
2444853.73199	0.6323
2444855.72699	0.5887
2444855.72803	0.5895
2444855.72900	0.5988
2444856.71802	0.5983
2444856.71899	0.6003
2444856.71997	0.592
2444857.71899	0.6089
2444857.71997	0.6061
2444857.72101	0.623
2444860.70099	0.6103
2444860.70203	0.5964
2444860.70300	0.6387
2444861.70697	0.5872
2444861.70801	0.5844
2444861.71002	0.6126
2444862.70203	0.6316
2444862.70300	0.6562
2444862.70398	0.6639
2444863.69098	0.6209
2444863.69202	0.6495
2444863.69299	0.636
2444864.69000	0.6143
2444864.69098	0.5868
2444864.69202	0.6185
2444865.69202	0.6354
2444865.69299	0.6298
2444865.69397	0.5877
2444868.65503	0.5755
2444868.65601	0.6049
2444868.65698	0.6369
2444869.66199	0.584
2444869.66302	0.5677
2444869.66400	0.5916
2444870.68201	0.6208
2444870.68298	0.6354
2444870.68402	0.6412
2444871.68701	0.5641
2444871.68799	0.5999
2444871.68903	0.5802
2444872.72101	0.6487
2444872.72302	0.6301
2444872.72400	0.6368
2444874.71503	0.6567
2444874.71600	0.6046
2444874.71600	0.6267
2444875.69501	0.59
2444875.69598	0.6021
2444875.69702	0.598
2444883.63702	0.6279
2444883.63898	0.6385
2444883.64001	0.6191
2444897.65802	0.6315
2444897.65900	0.6083
2444897.65997	0.6213
2444899.67297	0.6119
2444899.67401	0.6143
2444899.67603	0.5746
2444900.68298	0.5951
2444900.68402	0.6423
2444900.68500	0.6043
2445108.93604	0.6181
2445108.93896	0.5886
2445108.93994	0.6397
2445109.96997	0.6353
2445109.97205	0.649
2445109.97302	0.6377
2445111.96997	0.6061
2445111.97205	0.6135
2445111.97498	0.6371
2445112.95703	0.6379
2445112.95898	0.6288
2445112.96106	0.6134
2445113.97705	0.6321
2445113.97900	0.6244
2445113.98096	0.64
2445114.95703	0.6286
2445114.95898	0.6142
2445114.95996	0.613
2445119.94397	0.6156
2445119.94495	0.6177
2445119.94702	0.6282
2445120.94800	0.5906
2445120.94897	0.6221
2445120.94995	0.6347
2445121.94702	0.6003
2445121.94897	0.5919
2445121.94995	0.613
2445122.95703	0.6097
2445122.95801	0.637
2445122.95898	0.629
2445123.93604	0.6291
2445123.93701	0.6039
2445123.93799	0.6208
2445124.94104	0.64
2445124.94299	0.6199
2445124.94397	0.6228
2445125.94995	0.6257
2445125.95105	0.6366
2445125.95300	0.6299
2445126.94995	0.6665
2445126.95203	0.6641
2445126.95300	0.6778
2445128.94495	0.6507
2445128.94702	0.6633
2445128.94800	0.6459
2445129.96899	0.6847
2445129.96997	0.6924
2445129.97095	0.7107
2445131.98096	0.6961
2445131.98206	0.7014
2445131.98303	0.7062
2445132.97400	0.6601
2445132.97498	0.696
2445132.97595	0.7067
2445133.95801	0.6658
2445133.95996	0.6711
2445133.96204	0.681
2445134.93201	0.6814
2445134.93396	0.6568
2445134.93506	0.6891
2445135.96204	0.6736
2445135.96301	0.6418
2445135.96497	0.6586
2445136.96802	0.6413
2445136.96899	0.6178
2445136.96997	0.6406
2445137.94202	0.6411
2445137.94397	0.6423
2445137.94495	0.6524
2445139.95801	0.6459
2445139.95996	0.6692
2445139.96106	0.6498
2445140.96399	0.655
2445140.96497	0.6616
2445140.96594	0.6657
2445141.95203	0.6324
2445141.95300	0.6264
2445141.95398	0.6264
2445142.96704	0.633
2445142.96899	0.6371
2445142.96997	0.6345
2445143.93201	0.6171
2445143.93298	0.6254
2445143.93396	0.6368
2445144.93396	0.6518
2445144.93506	0.646
2445144.93701	0.6284
2445145.92505	0.6079
2445145.92603	0.6062
2445145.92700	0.6136
2445152.89600	0.6037
2445152.89697	0.5809
2445152.89795	0.628
2445153.92700	0.6314
2445153.92798	0.6391
2445153.92896	0.6186
2445154.88794	0.6347
2445154.88904	0.6483
2445154.89001	0.6514
2445155.93701	0.6145
2445155.93799	0.6104
2445155.93994	0.6087
2445156.93604	0.6646
2445156.93701	0.6639
2445156.93799	0.6435
2445157.96594	0.6429
2445157.96704	0.6574
2445157.96802	0.6108
2445158.93506	0.6297
2445158.93604	0.6209
2445158.93701	0.6483
2445159.92297	0.6656
2445159.92505	0.6421
2445159.92603	0.6529
2445161.93604	0.6605
2445161.93701	0.6857
2445161.93701	0.661
2445162.93701	0.6335
2445162.93799	0.644
2445162.93896	0.6331
2445163.89795	0.666
2445163.89905	0.6429
2445163.89905	0.6639
2445165.88904	0.6329
2445165.89001	0.6427
2445165.89001	0.6588
2445166.91003	0.6451
2445166.91101	0.613
2445166.91199	0.6267
2445167.86902	0.6215
2445167.87000	0.6298
2445167.87000	0.6189
2445169.90906	0.6124
2445169.91003	0.6065
2445169.91003	0.6333
2445170.87500	0.6226
2445170.87598	0.6169
2445170.87695	0.6335
2445172.89099	0.6268
2445172.89197	0.6328
2445172.89404	0.6085
2445173.92798	0.6336
2445173.92896	0.6525
2445173.93103	0.6454
2445176.93298	0.6181
2445176.93396	0.6174
2445176.93506	0.6269
2445184.87695	0.6336
2445184.87805	0.6255
2445184.87903	0.6402
2445185.80603	0.6483
2445185.80701	0.6288
2445185.80798	0.6615
2445189.81006	0.6523
2445189.81104	0.6497
2445189.81201	0.6708
2445192.79395	0.6576
2445192.79504	0.6347
2445192.79504	0.6271
2445195.74597	0.632
2445195.74695	0.6368
2445195.74805	0.6792
2445197.77600	0.6769
2445197.77698	0.6507
2445197.77795	0.6575
2445198.80505	0.6432
2445198.80603	0.6648
2445198.80701	0.648
2445203.77100	0.6341
2445203.77295	0.6534
2445203.77502	0.6163
2445204.76697	0.6381
2445204.76904	0.6376
2445204.77002	0.6101
2445205.74097	0.6372
2445205.74304	0.6076
2445205.74500	0.6222
2445208.77197	0.6737
2445208.77405	0.632
2445208.77502	0.6009
2445209.74097	0.6424
2445209.74194	0.5878
2445209.74304	0.6207
2445211.75305	0.5988
2445211.75403	0.6012
2445211.75500	0.5911
2445214.71301	0.6373
2445214.71399	0.6096
2445214.71497	0.6042
2445215.70398	0.622
2445215.70496	0.6151
2445215.70605	0.6356
2445216.67395	0.6345
2445216.67505	0.6316
2445216.67603	0.635
2445217.70605	0.6579
2445217.70703	0.6658
2445217.70801	0.6474
2445218.68103	0.6588
2445218.68201	0.6483
2445218.68298	0.6558
2445219.72302	0.655
2445219.72400	0.6635
2445219.72400	0.6587
2445224.72302	0.6256
2445224.72400	0.6441
2445224.72498	0.6608
2445225.69800	0.6348
2445225.69897	0.6227
2445225.69995	0.6142
2445235.72595	0.6226
2445235.72803	0.5951
2445235.72900	0.6083
2445240.65698	0.6026
2445240.65906	0.5927
2445240.66199	0.5885
2445243.65601	0.6156
2445243.65698	0.6298
2445243.65796	0.6281
2445245.62500	0.5878
2445245.62598	0.5942
2445245.62695	0.5979
2445247.65796	0.6215
2445247.66003	0.613
2445247.66101	0.6215
2445249.65405	0.6155
2445249.65503	0.6168
2445249.65601	0.6231
2445250.64294	0.5989
2445250.64502	0.5908
2445250.64697	0.5852
2445251.64600	0.5934
2445251.64795	0.6055
2445251.65002	0.5841
2445252.61499	0.6021
2445252.61694	0.59
2445252.61804	0.5879
2445253.62598	0.5998
2445253.62805	0.6007
2445253.63000	0.5808
2445254.62000	0.5801
2445254.62195	0.5622
2445254.62305	0.5816
2445255.64197	0.6251
2445255.64294	0.6353
2445255.64502	0.6203
2445256.63696	0.617
2445256.63794	0.6384
2445256.64001	0.6165
2445260.62598	0.6531
2445260.62695	0.6454
2445260.62805	0.6548
2445261.63306	0.6429
2445261.63403	0.6356
2445261.63501	0.664
2445262.60400	0.6459
2445262.60596	0.6627
2445262.60706	0.6265
2445274.61804	0.6711
2445274.61902	0.6761
2445274.62000	0.6648
2445477.96204	0.679
2445477.96204	0.6857
2445477.96301	0.6776
2445478.93201	0.6985
2445478.93298	0.6768
2445478.93396	0.6971
2445479.96997	0.6755
2445479.96997	0.6816
2445479.97095	0.6845
2445480.96899	0.715
2445480.96997	0.6889
2445480.97095	0.7013
2445481.97205	0.6723
2445481.97302	0.6933
2445481.97302	0.7029
2445501.96700	0.609
2445501.96800	0.6183
2445501.96900	0.6366
2445504.91100	0.6062
2445504.91200	0.6218
2445504.91300	0.6162
2445507.94200	0.6469
2445507.94300	0.6324
2445507.94300	0.6541
2445508.90400	0.6659
2445508.90500	0.6439
2445508.90600	0.6497
2445514.90700	0.6436
2445514.90800	0.6607
2445514.90800	0.6698
2445516.89800	0.7034
2445516.89900	0.6851
2445516.90000	0.6966
2445518.94800	0.6781
2445518.94900	0.6921
2445518.95000	0.6645
2445523.96900	0.6269
2445523.97000	0.6256
2445523.97000	0.6339
2445525.92200	0.6233
2445525.92300	0.5933
2445525.92400	0.6119
2445527.91100	0.5979
2445527.91200	0.6287
2445527.91200	0.621
2445528.89000	0.5967
2445528.89100	0.6226
2445528.89200	0.6082
2445531.90300	0.6144
2445531.90400	0.5955
2445531.90500	0.5883
2445533.90900	0.6194
2445533.91000	0.635
2445533.91000	0.6073
2445535.81000	0.6392
2445535.81100	0.6216
2445535.81100	0.6089
2445536.80300	0.6085
2445536.80400	0.6077
2445536.80400	0.6041
2445538.80800	0.6294
2445538.80900	0.654
2445538.80900	0.6493
2445539.81800	0.6136
2445539.81900	0.6559
2445539.81900	0.6171
2445540.82900	0.6869
2445540.83000	0.6421
2445540.83100	0.6756
2445542.78900	0.6351
2445542.79000	0.6322
2445542.79000	0.6034
2445543.94600	0.7197
2445543.94700	0.6965
2445543.94700	0.6827
2445545.98000	0.6485
2445545.98000	0.666
2445545.98100	0.6539
2445547.79800	0.6728
2445547.79900	0.6677
2445547.80000	0.635
2445551.93200	0.725
2445551.93200	0.681
2445551.93400	0.6605
2445553.83000	0.7456
2445553.83100	0.696
2445553.83200	0.7405
2445556.95800	0.6461
2445556.95900	0.637
2445556.96000	0.6422
2445557.90000	0.6136
2445557.90100	0.6204
2445557.90200	0.6401
2445563.94800	0.6105
2445563.94900	0.5971
2445563.95000	0.6079
2445569.78900	0.6053
2445569.79000	0.5886
2445569.79000	0.5916
2445572.74200	0.6019
2445572.74200	0.6108
2445572.74300	0.5731
2445574.73900	0.5894
2445574.74000	0.5978
2445574.74100	0.5901
2445575.74100	0.589
2445575.74100	0.6256
2445575.74200	0.6047
2445578.77100	0.6179
2445578.77100	0.6169
2445578.77200	0.5921
2445579.76700	0.6
2445579.76800	0.5921
2445579.77000	0.609
2445582.76700	0.6332
2445582.76800	0.6059
2445582.76900	0.6062
2445585.70900	0.6327
2445585.71000	0.6241
2445585.71100	0.6196
2445588.73900	0.6178
2445588.74000	0.6243
2445588.74000	0.6404
2445590.66600	0.6422
2445590.66600	0.6188
2445590.66700	0.634
2445594.75000	0.6338
2445594.75100	0.6279
2445594.75200	0.617
2445619.71000	0.6399
2445619.71100	0.6448
2445619.71200	0.6464
2445621.66100	1.2917
2445621.66300	0.664
2445621.66500	0.6551
2445625.71100	0.6812
2445625.71200	0.6599
2445625.71200	0.6454
2445627.66200	0.6682
2445627.66200	0.6678
2445627.66300	0.6496
2445631.66600	0.6591
2445631.66700	0.6204
2445631.66900	0.6675
2445633.63400	0.5588
2445633.63500	0.5798
2445633.63600	0.595
2445635.65200	0.5998
2445635.65300	0.5766
2445635.65400	0.5681
2445665.62400	0.6283
2445665.62800	0.6328
2445665.63200	0.6377
2445666.60200	0.5886
2445666.60300	0.609
2445666.60400	0.5958
2445668.60500	0.6088
2445668.60600	0.6062
2445668.60800	0.6179
2445839.97180	0.6053
2445839.97241	0.5819
2445839.97314	0.5892
2445840.98157	0.5734
2445840.98230	0.5648
2445840.98315	0.5602
2445841.97705	0.5591
2445841.97803	0.5616
2445841.97900	0.555
2445843.94458	0.596
2445843.94519	0.5536
2445843.94592	0.5673
2445844.99927	0.5691
2445845.00012	0.5154
2445845.00085	0.537
2445853.98804	0.5378
2445853.98877	0.5286
2445853.98962	0.5392
2445860.97131	0.5063
2445860.97241	0.5105
2445860.97375	0.484
2445862.95203	0.5063
2445862.95288	0.5186
2445862.95374	0.517
2445863.91040	0.5107
2445863.91125	0.5329
2445863.91199	0.5306
2445864.96362	0.531
2445864.96448	0.535
2445864.96545	0.5297
2445865.97705	0.5365
2445865.97803	0.5169
2445865.97900	0.5373
2445869.89917	0.5817
2445869.90015	0.5936
2445869.90112	0.5864
2445870.89734	0.5846
2445870.89819	0.5883
2445870.89893	0.581
2445871.96826	0.5752
2445871.96887	0.6151
2445871.96960	0.5876
2445872.94678	0.664
2445872.94751	0.5904
2445872.94824	0.601
2445873.92065	0.5788
2445873.92139	0.5835
2445873.92212	0.5997
2445874.95459	0.5949
2445874.95520	0.6245
2445874.95581	0.6224
2445877.92175	0.5535
2445877.92236	0.5844
2445877.92322	0.5691
2445879.92505	0.5182
2445879.92603	0.4918
2445879.92676	0.5322
2445880.93372	0.55
2445880.93530	0.52
2445880.93689	0.5011
2445882.98865	0.5171
2445882.98975	0.521
2445882.99121	0.4904
2445885.95776	0.5227
2445885.95862	0.5442
2445885.95984	0.5016
2445886.88208	0.5401
2445886.88281	0.5313
2445886.88354	0.5289
2445887.80322	0.5128
2445887.80420	0.5378
2445887.80530	0.5382
2445888.98816	0.5293
2445888.98975	0.5442
2445888.99146	0.5188
2445889.90320	0.5359
2445889.90430	0.525
2445889.90540	0.5233
2445890.95728	0.5623
2445890.95801	0.5551
2445890.95862	0.5405
2445891.90955	0.5405
2445891.91028	0.5413
2445891.91101	0.5237
2445892.90112	0.533
2445892.90186	0.5143
2445892.90259	0.5368
2445893.94275	0.5468
2445893.94336	0.5441
2445893.94409	0.546
2445894.92004	0.5341
2445894.92078	0.5404
2445894.92151	0.5274
2445898.98291	0.5061
2445898.98364	0.5176
2445898.98438	0.5332
2445899.94946	0.5084
2445899.95068	0.5279
2445899.95178	0.5159
2445901.81958	0.5249
2445901.82019	0.5204
2445901.82080	0.5229
2445905.88818	0.5274
2445905.88892	0.5249
2445905.88965	0.5358
2445906.90686	0.5654
2445906.90759	0.5748
2445906.90833	0.56
2445907.89087	0.5123
2445907.89172	0.552
2445907.89258	0.559
2445912.78186	0.5101
2445912.78247	0.5201
2445912.78308	0.4954
2445913.92517	0.5143
2445913.92578	0.5125
2445913.92639	0.5278
2445914.95642	0.5042
2445914.95740	0.5192
2445914.95825	0.5058
2445915.94287	0.5189
2445915.94385	0.4895
2445915.94482	0.5197
2445916.92932	0.4894
2445916.93066	0.5018
2445916.93213	0.501
2445917.91040	0.4893
2445917.91125	0.4948
2445917.91223	0.5002
2445918.80237	0.5216
2445918.80298	0.5116
2445918.80371	0.4889
2445919.79761	0.5257
2445919.79834	0.529
2445919.79895	0.5471
2445921.81384	0.5418
2445921.81458	0.5193
2445921.81531	0.5283
2445923.80750	0.5321
2445923.80811	0.5221
2445923.80872	0.5187
2445928.83337	0.5375
2445928.83411	0.4952
2445928.83484	0.5236
2445929.81799	0.5568
2445929.81860	0.5405
2445929.81909	0.5724
2445932.81812	0.5251
2445932.81897	0.4953
2445932.81970	0.4965
2445933.78357	0.4809
2445933.78418	0.4741
2445933.78479	0.5038
2445934.82141	0.5178
2445934.82227	0.5427
2445934.82336	0.5168
2445935.78821	0.548
2445935.78894	0.552
2445935.78967	0.5224
2445936.77612	0.5427
2445936.77686	0.507
2445936.77747	0.5505
2445937.76294	0.5504
2445937.76379	0.545
2445937.76477	0.5421
2445938.81470	0.5348
2445938.81543	0.5457
2445938.81628	0.5297
2445940.89038	0.5746
2445940.89124	0.5662
2445940.89221	0.5574
2445941.81372	0.5445
2445941.81458	0.5532
2445941.81543	0.5497
2445942.90112	0.5743
2445942.90186	0.5622
2445942.90259	0.5592
2445943.82422	0.5231
2445943.82471	0.5489
2445943.82520	0.5709
2445944.81238	0.5574
2445944.81348	0.5236
2445944.81433	0.5143
2445946.85876	0.5732
2445946.85938	0.5782
2445946.85999	0.5822
2445947.78589	0.6043
2445947.78687	0.6018
2445947.78784	0.5911
2445949.69885	0.574
2445949.69995	0.5813
2445949.70105	0.5823
2445950.81946	0.5662
2445950.82031	0.552
2445950.82117	0.5484
2445951.74036	0.5765
2445951.74121	0.557
2445951.74219	0.5177
2445952.84338	0.5426
2445952.84473	0.5239
2445952.84607	0.5619
2445957.83679	0.5458
2445957.83752	0.5728
2445957.83838	0.55
2445958.80286	0.5664
2445958.80359	0.5467
2445958.80432	0.5714
2445959.79419	0.5588
2445959.79504	0.5519
2445959.79578	0.5425
2445961.77454	0.5699
2445961.77576	0.5643
2445961.77698	0.5626
2445963.80872	0.5155
2445963.80981	0.5489
2445963.81067	0.5413
2445964.78650	0.5316
2445964.78760	0.5358
2445964.78882	0.5442
2445965.82080	0.5628
2445965.82190	0.5377
2445965.82275	0.5491
2445969.74365	0.5334
2445969.74475	0.5099
2445969.74585	0.521
2445971.69214	0.51
2445971.69312	0.4935
2445971.69409	0.4923
2445972.75806	0.4929
2445972.75903	0.4481
2445972.75989	0.483
2445977.70728	0.5801
2445977.70801	0.59
2445977.70874	0.5766
2445981.76038	0.5907
2445981.76172	0.5641
2445981.76294	0.5865
2445982.75891	0.5859
2445982.75989	0.6026
2445982.76099	0.6135
2445983.68420	0.5532
2445983.68530	0.5705
2445983.68628	0.5501
2445984.73096	0.5556
2445984.73242	0.5517
2445984.73401	0.552
2445986.67395	0.5818
2445986.67480	0.5844
2445986.67566	0.5592
2445987.72742	0.5593
2445987.72864	0.5645
2445987.72998	0.558
2445988.68604	0.5625
2445988.68750	0.5455
2445988.68909	0.5384
2445989.78552	0.5437
2445989.78674	0.5449
2445989.78796	0.519
2445995.75330	0.5429
2445995.75464	0.5564
2445995.75598	0.5436
2445996.65417	0.558
2445996.65527	0.5524
2445996.65637	0.5662
2445998.64368	0.556
2445998.64465	0.5629
2445998.64563	0.5425
2446000.62354	0.5418
2446000.62524	0.5422
2446000.62695	0.5437
2446002.68188	0.5553
2446002.68311	0.5482
2446002.68433	0.5623
2446003.75220	0.571
2446003.75439	0.5339
2446003.75659	0.5459
2446004.74341	0.5279
2446004.74707	0.5313
2446004.75024	0.5413
2446006.65295	0.5486
2446006.65430	0.5571
2446006.65552	0.5388
2446007.66760	0.5312
2446007.66931	0.5477
2446007.67102	0.5434
2446009.71558	0.5434
2446009.71680	0.5734
2446009.71790	0.5767
2446015.66479	0.6114
2446015.66577	0.5997
2446015.66675	0.6102
2446016.68005	0.6029
2446016.68115	0.5945
2446016.68213	0.6102
2446019.68298	0.5698
2446019.68469	0.577
2446019.68628	0.5772
2446024.62537	0.5752
2446024.62671	0.5552
2446024.62805	0.5663
2446027.62170	0.5494
2446027.62354	0.5534
2446027.62512	0.5611
2446031.60608	0.5374
2446031.60767	0.5523
2446031.60925	0.5478
2446033.69434	0.5847
2446033.69678	0.5692
2446033.69897	0.5374
2446036.61121	0.5669
2446036.61218	0.5598
2446036.61316	0.5603
2446037.62830	0.5312
2446037.63037	0.538
2446037.63257	0.5426
2446041.62463	0.5658
2446041.62671	0.5501
2446041.62878	0.5557
2446237.90137	0.5257
2446237.90186	0.5168
2446237.90259	0.5205
2446242.95483	0.5176
2446242.95654	0.5147
2446242.95801	0.5251
2446244.93872	0.5308
2446244.93945	0.538
2446244.94019	0.535
2446266.92261	0.5276
2446266.92310	0.5062
2446266.92383	0.5119
2446268.95239	0.531
2446268.95313	0.5297
2446268.95386	0.5268
2446271.93750	0.525
2446271.93823	0.5269
2446271.93896	0.5268
2446273.90430	0.517
2446273.90503	0.5246
2446273.90552	0.5115
2446275.85278	0.5228
2446275.85352	0.5112
2446275.85425	0.5157
2446277.84082	0.5094
2446277.84155	0.5031
2446277.84253	0.4813
2446282.87378	0.508
2446282.87476	0.5056
2446282.87573	0.4949
2446284.90625	0.5314
2446284.90698	0.5315
2446284.90747	0.5387
2446285.88892	0.5257
2446285.88965	0.522
2446285.89038	0.5323
2446286.80176	0.5039
2446286.80273	0.5136
2446286.80371	0.5051
2446286.80444	0.4943
2446287.89038	0.5194
2446287.89111	0.508
2446287.89185	0.5204
2446289.84790	0.5353
2446289.84839	0.5337
2446289.84912	0.543
2446291.88696	0.5377
2446291.88745	0.5512
2446291.88818	0.5572
2446293.88062	0.5564
2446293.88159	0.554
2446293.88232	0.5477
2446297.87988	0.5433
2446297.88086	0.5442
2446297.88208	0.5451
2446300.87646	0.5545
2446300.87744	0.5567
2446300.87842	0.5297
2446301.86157	0.5367
2446301.86279	0.5222
2446301.86377	0.5284
2446302.77612	0.5277
2446302.77686	0.5219
2446302.77759	0.5468
2446303.78442	0.5149
2446303.78540	0.5159
2446303.78613	0.5095
2446304.88818	0.5222
2446304.88892	0.5122
2446304.88989	0.5165
2446308.90576	0.5072
2446308.90723	0.5108
2446308.90845	0.5015
2446308.91162	0.5039
2446308.91309	0.5067
2446308.91455	0.501
2446309.76758	0.4973
2446309.76880	0.5111
2446309.76953	0.4992
2446310.83984	0.5241
2446310.84058	0.5158
2446310.84131	0.5247
2446316.73267	0.5173
2446316.73340	0.5359
2446316.73413	0.5345
2446321.74731	0.5498
2446321.74805	0.5372
2446321.74878	0.5463
2446325.79980	0.5486
2446325.80103	0.5482
2446325.80200	0.5453
2446328.73584	0.567
2446328.73682	0.5563
2446328.73755	0.5565
2446330.74976	0.5623
2446330.75073	0.562
2446330.75146	0.5614
2446332.79688	0.5451
2446332.79761	0.5528
2446332.79932	0.5503
2446334.79346	0.5592
2446334.79419	0.5483
2446334.79492	0.5294
2446338.76440	0.5536
2446338.76538	0.5561
2446338.76611	0.5542
2446340.71167	0.5418
2446340.71265	0.5446
2446340.71338	0.543
2446341.71289	0.5488
2446341.71362	0.5447
2446341.71436	0.5523
2446349.68213	0.5542
2446349.68286	0.5574
2446349.68384	0.5525
2446352.69800	0.5555
2446352.69873	0.5526
2446352.69971	0.5742
2446354.71460	0.5315
2446354.71533	0.536
2446354.71606	0.5352
2446356.69604	0.5373
2446356.69727	0.532
2446356.69849	0.5451
2446358.68433	0.5251
2446358.68530	0.534
2446358.68628	0.5159
2446361.64844	0.5491
2446361.64941	0.5304
2446361.65039	0.5216
2446362.65308	0.5248
2446362.65381	0.5155
2446362.65479	0.5164
2446364.74536	0.5377
2446364.74609	0.533
2446364.74683	0.5482
2446367.65918	0.4901
2446367.66016	0.5014
2446367.66089	0.4902
2446368.65869	0.5281
2446368.65942	0.5305
2446368.66016	0.5273
2446370.65015	0.5006
2446370.65112	0.4834
2446372.64502	0.5471
2446372.64575	0.5421
2446372.64648	0.5541
2446375.61719	0.5505
2446375.61816	0.535
2446375.61890	0.5522
2446376.68091	0.552
2446376.68164	0.566
2446376.68262	0.5488
2446383.64429	0.5426
2446383.64526	0.5375
2446383.64624	0.5427
2446386.64575	0.5778
2446386.64673	0.5633
2446386.64746	0.5666
2446389.59961	0.5526
2446389.60034	0.5575
2446389.60132	0.5671
2446391.62012	0.5616
2446391.62109	0.5556
2446391.62183	0.569
2446392.59424	0.5633
2446392.59521	0.5547
2446392.59619	0.5545
2446396.65991	0.5627
2446396.66089	0.5605
2446396.66187	0.5626
2446397.65112	0.5663
2446397.65210	0.5633
2446397.65308	0.564
2446406.58960	0.5187
2446406.59058	0.5277
2446406.59131	0.5383
2446608.95459	0.5978
2446608.95532	0.5749
2446608.95630	0.5857
2446622.97046	0.5864
2446622.97119	0.6098
2446622.97192	0.6128
2446623.97363	0.6363
2446623.97437	0.6216
2446623.97510	0.6314
2446625.95874	0.6285
2446625.95972	0.5956
2446625.96045	0.6031
2446628.98242	0.5745
2446628.98291	0.5772
2446628.98364	0.6011
2446629.95264	0.5699
2446629.95361	0.5615
2446629.95483	0.5727
2446631.97095	0.5955
2446631.97168	0.5788
2446631.97241	0.6175
2446639.97241	0.5498
2446639.97363	0.5397
2446639.97461	0.5552
2446649.91284	0.6029
2446649.91357	0.6137
2446649.91431	0.5943
2446650.91333	0.6368
2446650.91431	0.6536
2446650.91528	0.603
2446653.93530	0.6301
2446653.93604	0.6177
2446653.93677	0.6316
2446655.88672	0.6065
2446655.88770	0.6106
2446655.88843	0.6298
2446656.89966	0.6632
2446656.90039	0.6614
2446656.90137	0.6456
2446658.89526	0.617
2446658.89624	0.6103
2446658.89722	0.6296
2446659.86084	0.6292
2446659.86206	0.6228
2446659.86304	0.6166
2446663.88013	0.6264
2446663.88086	0.6082
2446663.88184	0.6383
2446664.86841	0.6531
2446664.86938	0.641
2446664.87036	0.6597
2446666.81543	0.5758
2446666.81641	0.6087
2446666.81738	0.5982
2446667.83203	0.6103
2446667.83301	0.633
2446667.83374	0.6137
2446670.80298	0.6106
2446670.80396	0.5822
2446670.80493	0.6001
2446671.80713	0.601
2446671.80786	0.5858
2446671.80884	0.5867
2446673.76001	0.5371
2446673.76099	0.497
2446673.76196	0.5351
2446676.77856	0.5756
2446676.77930	0.606
2446676.78003	0.5984
2446678.79639	0.6015
2446678.79712	0.6339
2446678.79761	0.6478
2446682.74854	0.5621
2446682.75000	0.5787
2446682.75122	0.5512
2446683.79492	0.6107
2446683.79565	0.6086
2446683.79663	0.6198
2446685.71753	0.6336
2446685.72290	0.6038
2446685.72437	0.5667
2446688.78174	0.6298
2446688.78247	0.6214
2446688.78345	0.6313
2446689.76831	0.6229
2446689.76904	0.6252
2446689.76978	0.6411
2446691.76245	0.6805
2446691.76367	0.6521
2446691.76489	0.6558
2446695.76245	0.6644
2446695.76343	0.6406
2446695.76416	0.6692
2446706.70874	0.6148
2446706.70996	0.6194
2446706.71118	0.6267
2446707.73413	0.6178
2446707.73535	0.6246
2446707.73633	0.6368
2446709.72095	0.6404
2446709.72192	0.623
2446709.72290	0.6231
2446711.71802	0.6339
2446711.71875	0.6601
2446711.71973	0.6428
2446716.61475	0.615
2446716.61597	0.6092
2446716.61694	0.6361
2446717.69434	0.6462
2446717.69531	0.6649
2446717.69629	0.6196
2446720.67725	0.6235
2446720.67871	0.5989
2446720.67993	0.6147
2446722.66992	0.6375
2446722.67114	0.6304
2446722.67236	0.6276
2446723.68140	0.6666
2446723.68237	0.6502
2446723.68335	0.613
2446726.69141	0.719
2446726.69238	0.7319
2446726.69336	0.7101
2446728.69922	0.6928
2446728.69995	0.6951
2446728.70093	0.6677
2446731.65381	0.6618
2446731.65479	0.6612
2446731.65552	0.6777
2446738.63501	0.7136
2446738.63599	0.6938
2446738.63672	0.7225
2446739.62549	0.6793
2446739.62646	0.6763
2446739.62744	0.6781
2446741.63013	0.6622
2446741.63208	0.6572
2446741.63403	0.6559
2446743.63916	0.641
2446743.64038	0.6252
2446743.64185	0.6255
2446746.64478	0.6345
2446746.64575	0.6301
2446746.64673	0.6202
2446747.60962	0.6451
2446747.61035	0.6141
2446747.61133	0.623
2446749.58936	0.6132
2446749.59082	0.628
2446749.59229	0.6104
2446755.60571	0.6861
2446755.60669	0.6473
2446755.60767	0.6524
2446759.63550	0.6387
2446759.63647	0.6332
2446759.63770	0.6602
2446985.97119	0.7359
2446985.97290	0.6839
2446985.97461	0.6901
2446987.97290	0.7743
2446987.97412	0.765
2446987.97559	0.7799
2446988.96558	0.7254
2446988.96704	0.6828
2446988.96875	0.7254
2446996.95825	0.6776
2446996.96021	0.6368
2446996.96191	0.6476
2447000.96875	1.0866
2447000.96948	1.0605
2447000.97046	1.0623
2447005.96118	0.5797
2447005.96240	0.5786
2447005.96338	0.6062
2447005.96460	0.5879
2447005.96582	0.601
2447005.97314	0.5684
2447005.97437	0.5781
2447005.97559	0.5779
2447005.97705	0.5718
2447005.97827	0.5756
2447005.97949	0.5741
2447008.88403	0.6064
2447008.88525	0.6044
2447008.88647	0.6066
2447020.87500	0.6565
2447020.87598	0.6324
2447020.87671	0.6251
2447021.86230	0.7197
2447021.86304	0.7415
2447021.86377	0.7085
2447024.82129	0.7012
2447024.82227	0.7323
2447024.82300	0.6965
2447027.85913	0.7011
2447027.86011	0.6937
2447027.86133	0.6923
2447032.90308	0.703
2447032.90405	0.7017
2447032.90479	0.7078
2447035.83765	0.6647
2447035.83862	0.6413
2447035.83936	0.6332
2447036.90942	0.6661
2447036.91016	0.6605
2447036.91089	0.6548
2447038.79492	0.6669
2447038.79590	0.6623
2447038.79663	0.6631
2447040.79663	0.6745
2447040.79761	0.6481
2447040.79858	0.6639
2447041.80347	0.6305
2447041.80444	0.6399
2447041.80542	0.634
2447043.78345	0.5863
2447043.78442	0.5767
2447043.78540	0.5719
2447044.74707	0.585
2447044.74805	0.5934
2447044.74902	0.5943
2447046.78857	0.6086
2447046.78955	0.621
2447046.79028	0.6045
2447048.74438	0.6276
2447048.74536	0.6349
2447048.74609	0.6319
2447050.78491	0.6359
2447050.78564	0.6425
2447050.78662	0.6236
2447053.78125	0.7192
2447053.78223	0.7221
2447053.78320	0.7309
2447054.72656	0.7571
2447054.72754	0.7436
2447054.72827	0.728
2447056.75293	0.7432
2447056.75366	0.7495
2447056.75439	0.7575
2447056.75513	0.7787
2447056.75586	0.7735
2447056.75854	0.7732
2447056.75903	0.7997
2447056.76001	0.7669
2447056.76074	0.7652
2447056.76147	0.7595
2447056.76245	0.747
2447056.76318	0.7586
2447056.76392	0.7563
2447056.76465	0.7717
2447057.81030	0.7702
2447057.81128	0.771
2447057.81201	0.7625
2447060.75464	0.766
2447060.75537	0.7534
2447060.75610	0.7407
2447063.81812	0.7525
2447063.81909	0.7712
2447063.81982	0.7311
2447067.79663	0.7376
2447067.79736	0.7792
2447067.79810	0.7667
2447069.70825	0.7239
2447069.70923	0.743
2447069.71143	0.7553
2447069.71216	0.7754
2447069.71289	0.7618
2447070.71338	0.7456
2447070.71436	0.7215
2447070.71533	0.7307
2447072.74536	0.7379
2447072.74634	0.6936
2447072.74731	0.6922
2447074.71289	0.7394
2447074.71362	0.7444
2447074.71460	0.7533
2447075.71875	0.7073
2447075.71997	0.7021
2447075.72095	0.7134
2447077.73193	0.6479
2447077.73291	0.6478
2447077.73389	0.66
2447079.72144	0.6467
2447079.72217	0.6575
2447079.72314	0.6361
2447082.70410	0.6934
2447082.70483	0.7105
2447082.70581	0.7052
2447086.71094	0.662
2447086.71167	0.6777
2447086.71240	0.6472
2447087.66626	0.6877
2447087.66699	0.6624
2447087.66797	0.6716
2447107.65942	0.7945
2447107.66016	0.7923
2447107.66089	0.8033
2447110.69019	0.7574
2447110.69092	0.7653
2447110.69189	0.7575
2447115.60986	0.6668
2447115.61084	0.6782
2447115.61206	0.6766
2447118.62305	0.6936
2447118.62402	0.6789
2447118.62500	0.6715
2447120.62109	0.6475
2447120.62183	0.6445
2447120.62256	0.6721
2447122.62085	0.6704
2447122.62183	0.6741
2447122.62305	0.6345
2447124.61987	0.6716
2447124.62085	0.6703
2447124.62183	0.6711
2447125.61011	0.633
2447125.61108	0.6356
2447125.61230	0.6204
2447128.62939	0.6437
2447128.63013	0.6792
2447128.63086	0.6735
2447130.64014	0.7215
2447130.64111	0.723
2447130.64185	0.716
2447132.62939	0.7351
2447132.63013	0.7328
2447132.63110	0.7208
2447140.59888	0.6622
2447140.60034	0.6639
2447140.60132	0.6852
2447309.96826	0.6609
2447309.96948	0.6972
2447309.97095	0.6827
2447312.96558	0.7103
2447312.96680	0.6941
2447312.96802	0.6985
2447313.95947	0.6871
2447313.96167	0.6794
2447313.96436	0.695
2447314.95288	0.7244
2447314.95386	0.7327
2447314.95508	0.7353
2447315.95825	0.7454
2447315.95947	0.7276
2447315.96069	0.7427
2447346.98853	0.6957
2447346.98975	0.701
2447346.99097	0.717
2447347.97583	0.7082
2447347.97705	0.7224
2447347.97803	0.7243
2447347.97925	0.7149
2447349.98145	0.7408
2447349.98242	0.7545
2447349.98340	0.7318
2447350.96411	0.7471
2447350.96509	0.7406
2447350.96606	0.7534
2447356.97266	0.8219
2447356.97412	0.8235
2447356.97534	0.8286
2447358.95410	0.8175
2447358.95508	0.7891
2447358.95605	0.8032
2447359.95801	0.7628
2447359.95898	0.7475
2447359.96021	0.7326
2447361.95361	0.7395
2447361.95483	0.7286
2447361.95605	0.7255
2447362.95581	0.7128
2447362.95679	0.7317
2447362.95801	0.7065
2447365.94287	0.6758
2447365.94434	0.6911
2447365.94556	0.6812
2447366.94507	0.6912
2447366.94629	0.686
2447366.94775	0.6587
2447368.96118	0.6924
2447368.96240	0.6896
2447368.96338	0.6864
2447370.93335	0.6447
2447370.93433	0.6485
2447370.93506	0.6702
2447371.94897	0.6893
2447371.95020	0.6598
2447371.95142	0.6821
2447373.93604	0.6536
2447373.93701	0.6619
2447373.93823	0.6473
2447374.92822	0.6208
2447374.92920	0.6156
2447374.93018	0.5995
2447375.93433	0.6438
2447375.93530	0.6508
2447375.93652	0.6522
2447379.89307	0.6486
2447379.89453	0.6559
2447379.89575	0.6461
2447381.96216	0.6747
2447381.96313	0.6847
2447381.96436	0.6893
2447381.96582	0.682
2447382.96802	0.686
2447382.96924	0.6833
2447382.97070	0.6842
2447384.92920	0.7084
2447384.93042	0.6915
2447384.93164	0.7127
2447386.85596	0.7308
2447386.85718	0.7349
2447386.85815	0.7343
2447388.89673	0.7639
2447388.89795	0.7588
2447388.89917	0.7606
2447389.89990	0.7173
2447389.90088	0.7371
2447389.90186	0.7417
2447392.89990	0.7377
2447392.90088	0.7445
2447392.90210	0.7481
2447395.87695	0.7193
2447395.87793	0.7308
2447395.87891	0.7303
2447396.87158	0.6979
2447396.87305	0.7133
2447396.87427	0.6971
2447402.86255	0.6687
2447402.86377	0.6586
2447402.86499	0.674
2447405.86206	0.6585
2447405.86328	0.6653
2447405.86426	0.6691
2447411.85913	0.67
2447411.86011	0.6478
2447411.86133	0.6403
2447411.86279	0.6329
2447411.86426	0.6375
2447412.84180	0.6367
2447412.84253	0.6368
2447412.84326	0.6348
2447414.81152	0.6056
2447414.81250	0.6065
2447414.81348	0.6079
2447419.76172	0.6989
2447419.76294	0.7027
2447419.76440	0.6927
2447422.76489	0.729
2447422.76587	0.7461
2447422.76709	0.7119
2447428.76123	0.7863
2447428.76245	0.7947
2447428.76367	0.7727
2447432.73657	0.7141
2447432.73779	0.7101
2447432.73926	0.7
2447434.74829	0.667
2447434.74951	0.6736
2447434.75049	0.6524
2447435.73853	0.6941
2447435.73999	0.695
2447435.74121	0.6778
2447437.68799	0.6005
2447437.68896	0.5891
2447437.68994	0.5861
2447446.62646	0.6201
2447446.62769	0.6034
2447446.62891	0.6057
2447447.65796	0.6339
2447447.65918	0.6224
2447447.66040	0.625
2447450.66772	0.6137
2447450.66895	0.6244
2447450.66992	0.6172
2447451.68994	0.6219
2447451.69116	0.629
2447451.69238	0.6237
2447453.73828	0.6605
2447453.73926	0.6472
2447453.74023	0.6691
2447456.67871	0.6628
2447456.67993	0.6767
2447456.68091	0.6601
2447457.63574	0.7053
2447457.63672	0.6971
2447457.63794	0.69
2447459.67090	0.6786
2447459.67212	0.6943
2447459.67334	0.6803
2447461.67456	0.7176
2447461.67578	0.7037
2447461.67700	0.7272
2447464.64966	0.6743
2447464.65088	0.6893
2447464.65210	0.6814
2447465.69531	0.7115
2447465.69629	0.6941
2447465.69727	0.6935
2447467.67725	0.6778
2447467.67847	0.6702
2447467.67993	0.6629
2447482.60156	0.5972
2447482.60303	0.607
2447482.60474	0.5873
2447638.95483	0.6467
2447638.95654	0.6349
2447638.95825	0.6135
2447717.96875	0.6948
2447717.96997	0.6696
2447717.97119	0.6707
2447720.96826	0.7148
2447720.96924	0.7291
2447720.97046	0.732
2447722.96167	0.6868
2447722.96265	0.7056
2447722.96387	0.7157
2447723.93506	0.7107
2447723.93628	0.7093
2447723.93726	0.7155
2447725.94214	0.6996
2447725.94336	0.7057
2447725.94458	0.6982
2447726.95923	0.7221
2447726.96021	0.7165
2447726.96118	0.7164
2447728.95288	0.6975
2447728.95410	0.701
2447728.95508	0.7102
2447729.92017	0.73
2447729.92114	0.7001
2447729.92188	0.6989
2447737.93628	0.6827
2447737.93726	0.6734
2447737.93823	0.6694
2447740.89746	0.7077
2447740.89868	0.7018
2447740.89966	0.68
2447747.88721	0.6877
2447747.88794	0.6812
2447747.88892	0.6833
2447751.88013	0.6879
2447751.88110	0.6811
2447751.88232	0.6918
2447753.87891	0.6745
2447753.88013	0.6858
2447753.88110	0.6926
2447758.89917	0.701
2447758.90039	0.6669
2447758.90161	0.7024
2447759.86572	0.718
2447759.86694	0.7132
2447759.86792	0.7209
2447773.83911	0.6988
2447773.84009	0.7095
2447773.84106	0.7096
2447778.74170	0.6847
2447778.74292	0.6861
2447778.74390	0.6752
2447779.75879	0.6576
2447779.75977	0.6723
2447779.76074	0.6791
2447781.75244	0.6521
2447781.75342	0.6504
2447781.75439	0.6436
2447790.75610	0.6541
2447790.75732	0.6509
2447790.75830	0.657
2447803.72778	0.6869
2447803.72900	0.7042
2447803.73022	0.705
2447808.72314	0.6936
2447808.72437	0.6779
2447808.72559	0.6841
2447810.70166	0.6812
2447810.70264	0.6809
2447810.70386	0.6732
2447818.67725	0.6622
2447818.67847	0.6551
2447818.67969	0.6595
2447833.63110	0.6948
2447833.63257	0.6836
2447833.63403	0.6727
2447837.60132	0.7263
2447837.60278	0.7265
2447837.60400	0.7286
2447839.62256	0.7225
2447839.62354	0.7172
2447839.62476	0.7039
2447842.60962	0.7258
2447842.61060	0.7291
2447842.61157	0.725
2447844.60010	0.7047
2447844.60132	0.7145
2447844.60254	0.7015
2447846.60205	0.6821
2447846.60327	0.6904
2447846.60449	0.6868
2447848.60034	0.6559
2447848.60181	0.6707
2447848.60327	0.6545
2447850.59814	0.6759
2447850.59912	0.6625
2447850.60034	0.6584
2448070.94092	0.6957
2448070.94214	0.666
2448070.94360	0.6675
2448075.95776	0.6432
2448075.95947	0.6413
2448075.96094	0.6388
2448088.94604	0.6365
2448088.94727	0.6329
2448088.94849	0.6333
2448090.94043	0.6116
2448090.94141	0.608
2448090.94238	0.6179
2448093.94043	0.6183
2448093.94189	0.6108
2448093.94336	0.6163
2448095.92188	0.7027
2448095.92310	0.6978
2448095.92456	0.6983
2448097.92627	0.6243
2448097.92725	0.6194
2448097.92871	0.6254
2448099.93506	0.6278
2448099.93604	0.6269
2448099.93750	0.6112
2448100.92285	0.6465
2448100.92432	0.6506
2448100.92529	0.6331
2448102.90332	0.6367
2448102.90430	0.6383
2448102.90576	0.6415
2448104.90625	0.634
2448104.90723	0.6364
2448104.90820	0.6448
2448106.89990	0.6453
2448106.90137	0.6638
2448106.90283	0.6435
2448107.88330	0.6571
2448107.88477	0.6441
2448107.88623	0.649
2448121.86328	0.5934
2448121.86426	0.6307
2448121.86523	0.6005
2448126.86523	0.5979
2448126.86670	0.5913
2448126.86816	0.5888
2448128.79492	0.5986
2448128.79736	0.5952
2448128.79883	0.5884
2448130.80029	0.6161
2448130.80176	0.6208
2448130.80273	0.6308
2448132.86572	0.6016
2448132.86719	0.6046
2448132.86865	0.6068
2448134.79688	0.6261
2448134.79834	0.6193
2448134.79980	0.6137
2448136.79639	0.6199
2448136.79785	0.6254
2448136.79883	0.6224
2448148.75684	0.6071
2448148.75830	0.5926
2448148.76025	0.5865
2448152.75244	0.5819
2448152.75391	0.5796
2448152.75537	0.5894
2448154.74561	0.5745
2448154.74707	0.5536
2448154.74902	0.5455
2448157.76123	0.5774
2448157.76221	0.5823
2448157.76367	0.5642
2448159.73096	0.5881
2448159.73242	0.5706
2448159.73438	0.5818
2448161.73926	0.5754
2448161.74072	0.5935
2448161.74219	0.5884
2448163.71729	0.5867
2448163.71924	0.6015
2448163.72217	0.5893
2448165.75879	0.5888
2448165.76025	0.5908
2448165.76172	0.575
2448167.70996	0.6068
2448167.71191	0.6117
2448167.71338	0.6047
2448185.66748	0.6049
2448185.66895	0.5884
2448185.67090	0.5877
2448187.63477	0.5942
2448187.63623	0.588
2448187.63770	0.5945
2448192.69727	0.5651
2448192.69873	0.5767
2448192.70020	0.5711
2448194.70264	0.5946
2448194.70361	0.5796
2448194.70508	0.5861
2448210.61865	0.5763
2448210.62012	0.5669
2448210.62158	0.5814
2448214.59180	0.6061
2448214.59277	0.6091
2448214.59424	0.6159
2448220.58984	0.6227
2448220.59131	0.6278
2448220.59277	0.6274
2448450.94824	0.6093
2448450.95020	0.6084
2448450.95166	0.6148
2448451.93311	0.6019
2448451.93457	0.6244
2448451.93604	0.6252
2448453.94336	0.5842
2448453.94531	0.5899
2448453.94727	0.5813
2448459.87012	0.5862
2448459.87207	0.5906
2448459.87354	0.589
2448460.92871	0.6051
2448460.93018	0.6003
2448460.93164	0.5839
2448462.94775	0.5871
2448462.94971	0.619
2448462.95117	0.5967
2448464.91650	0.6005
2448464.91797	0.6174
2448464.91943	0.6067
2448466.88623	0.5993
2448466.88818	0.5893
2448466.89014	0.5762
2448467.88330	0.6044
2448467.88525	0.6158
2448467.88721	0.6084
2448486.86670	0.619
2448486.86816	0.6136
2448486.87012	0.6152
2448487.85352	0.6174
2448487.85596	0.6115
2448487.85986	0.6078
2448489.86768	0.6113
2448489.86914	0.5904
2448489.87109	0.5782
2448491.86475	0.5694
2448491.86670	0.5905
2448491.86816	0.5854
2448492.79883	0.5813
2448492.80029	0.5713
2448492.80225	0.5851
2448494.87109	0.5822
2448494.87305	0.5695
2448494.87549	0.5656
2448496.86475	0.5828
2448496.86621	0.583
2448496.86816	0.574
2448498.86523	0.5647
2448498.86621	0.5787
2448498.86768	0.5786
2448499.79443	0.6078
2448499.79639	0.6094
2448499.79834	0.608
2448551.62402	0.6064
2448551.62598	0.5912
2448551.62793	0.57
2448805.92969	0.5481
2448805.93115	0.5499
2448805.93262	0.5487
2448831.94531	0.6128
2448831.94727	0.6106
2448831.94873	0.6125
2448833.93408	0.6126
2448833.93555	0.6186
2448833.93750	0.6036
2448835.94043	0.6045
2448835.94238	0.6083
2448835.94385	0.5967
2448837.94189	0.5728
2448837.94336	0.5635
2448837.94482	0.5775
2448839.93359	0.5448
2448839.93506	0.55
2448839.93652	0.5445
2448842.89062	0.5625
2448842.89209	0.5533
2448842.89307	0.5519
2448843.90479	0.5447
2448843.90625	0.5398
2448843.90723	0.5256
2448846.90771	0.5415
2448846.90869	0.5488
2448846.91016	0.5321
2448847.86670	0.5745
2448847.86816	0.5832
2448847.86963	0.5768
2448850.91357	0.5617
2448850.91504	0.5698
2448850.91650	0.5753
2448851.88574	0.5727
2448851.88721	0.5709
2448851.88867	0.5828
2448853.88525	0.5772
2448853.88672	0.5703
2448853.88818	0.5674
2448855.88086	0.5703
2448855.88232	0.5947
2448855.88379	0.5876
2448857.85938	0.5875
2448857.86084	0.5748
2448857.86230	0.5809
2448858.88184	0.569
2448858.88281	0.5833
2448858.88428	0.5962
2448860.84912	0.6002
2448860.85059	0.5891
2448860.85254	0.5979
2448862.87207	0.6206
2448862.87354	0.6221
2448862.87500	0.6135
2448864.88232	0.6007
2448864.88379	0.6002
2448864.88525	0.6131
2448865.86670	0.6149
2448865.86768	0.6238
2448865.86914	0.6179
2448868.78955	0.6302
2448868.79102	0.6274
2448868.79199	0.6142
2448870.78955	0.6017
2448870.79102	0.6045
2448870.79199	0.6169
2448871.83594	0.5962
2448871.83740	0.5942
2448871.83887	0.6051
2448873.77295	0.601
2448873.77393	0.6013
2448873.77539	0.6013
2448875.78027	0.5952
2448875.78174	0.5852
2448875.78271	0.5775
2448877.76025	0.5762
2448877.76172	0.561
2448877.76318	0.579
2448878.78809	0.5654
2448878.78955	0.5752
2448878.79053	0.57
2448880.77979	0.5685
2448880.78125	0.5762
2448880.78223	0.5581
2448884.76416	0.6021
2448884.76562	0.5864
2448884.76709	0.5788
2448887.79541	0.5817
2448887.79688	0.5803
2448887.79883	0.5657
2448891.75928	0.5915
2448891.76074	0.5907
2448891.76221	0.588
2448893.74170	0.6223
2448893.74316	0.6244
2448893.74463	0.6064
2448895.76172	0.5926
2448895.76270	0.6145
2448895.76416	0.6007
2448897.71680	0.6257
2448897.71875	0.6253
2448897.72070	0.6045
2448899.74268	0.6449
2448899.74414	0.6305
2448899.74609	0.6092
2448901.77539	0.6245
2448901.77686	0.6382
2448901.77832	0.6063
2448903.74805	0.6568
2448903.74951	0.6479
2448903.75049	0.6591
2448904.76807	0.6326
2448904.76953	0.6403
2448904.77100	0.639
2448906.70898	0.6346
2448906.71045	0.6384
2448906.71143	0.6393
2448908.75586	0.6613
2448908.75684	0.6444
2448908.75830	0.6324
2448910.72314	0.6311
2448910.72412	0.6314
2448910.72559	0.6169
2448911.72705	0.6458
2448911.72803	0.6632
2448911.72949	0.6513
2448913.70605	0.6352
2448913.70752	0.6445
2448913.70898	0.634
2448915.71240	0.6756
2448915.71387	0.6658
2448915.71484	0.6728
2448917.71240	0.6365
2448917.71387	0.636
2448917.71484	0.654
2448927.62891	0.6373
2448927.62988	0.627
2448927.63135	0.6249
2448935.64844	0.6272
2448935.64990	0.6426
2448935.65088	0.6404
2448937.63037	0.623
2448937.63184	0.6219
2448937.63330	0.6196
2448938.62988	0.6286
2448938.63135	0.6317
2448938.63232	0.6288
2448940.63428	0.6233
2448940.63574	0.6275
2448940.63721	0.6239
2448944.65186	0.6337
2448944.65332	0.6202
2448944.65527	0.6211
2448945.62305	0.644
2448945.62451	0.6469
2448945.62598	0.6453
2448948.64062	0.6322
2448948.64209	0.6371
2448948.64355	0.6306
2448967.60254	0.6494
2448967.60352	0.6514
2448967.60498	0.6373
2448970.59766	0.6501
2448970.59863	0.6385
2448970.60010	0.6573
2448971.58740	0.673
2448971.58887	0.6459
2448971.58984	0.6524
2448973.58154	0.6465
2448973.58301	0.6409
2448973.58398	0.6454
2449204.92090	0.7198
2449204.92236	0.7184
2449204.92432	0.7144
2449205.88086	0.7294
2449205.88281	0.7367
2449205.88428	0.7353
2449217.89062	0.6887
2449217.89258	0.715
2449217.89453	0.6927
2449218.90381	0.6694
2449218.90527	0.6742
2449218.90674	0.695
2449220.88916	0.6999
2449220.89111	0.6882
2449220.89258	0.7123
2449222.86328	0.7284
2449222.86475	0.7165
2449222.86621	0.7008
2449225.88477	0.6775
2449225.88623	0.6928
2449225.88818	0.6961
2449226.87402	0.7122
2449226.87598	0.7219
2449226.87744	0.705
2449228.86670	0.6935
2449228.86816	0.6953
2449228.86914	0.6861
2449230.84473	0.6828
2449230.84619	0.7086
2449230.84814	0.6991
2449234.82861	0.6924
2449234.83057	0.7114
2449234.83203	0.6874
2449236.83740	0.7229
2449236.83887	0.7304
2449236.84033	0.7351
2449237.82520	0.6983
2449237.82666	0.7156
2449237.82764	0.697
2449239.82129	0.6969
2449239.82227	0.7024
2449239.82373	0.6996
2449242.81250	0.6867
2449242.81348	0.6659
2449242.81494	0.6741
2449245.81885	0.6562
2449245.81982	0.6538
2449245.82129	0.6184
2449250.78564	0.6608
2449250.78711	0.6257
2449250.78857	0.6496
2449254.77539	0.6745
2449254.77637	0.7005
2449254.77734	0.701
2449256.72656	0.6942
2449256.72803	0.6975
2449256.72998	0.6914
2449258.75781	0.7697
2449258.75928	0.7808
2449258.76074	0.7794
2449260.75635	0.7546
2449260.75781	0.7614
2449260.75928	0.7516
2449261.71973	0.7687
2449261.72119	0.7836
2449261.72314	0.7679
2449264.73145	0.7646
2449264.73340	0.7609
2449264.73535	0.7752
2449265.73926	0.7443
2449265.74023	0.7226
2449265.74170	0.7505
2449267.74414	0.7691
2449267.74561	0.7564
2449267.74658	0.7501
2449269.73828	0.7164
2449269.73975	0.728
2449269.74170	0.7152
2449273.70117	0.7348
2449273.70264	0.723
2449273.70361	0.7038
2449280.69531	0.6587
2449280.69678	0.6806
2449280.69775	0.6728
2449281.68994	0.6863
2449281.69141	0.6954
2449281.69238	0.6616
2449284.68555	0.6923
2449284.68701	0.6789
2449284.68848	0.6838
2449285.68945	0.6721
2449285.69092	0.6881
2449285.69287	0.6941
2449293.65234	0.6743
2449293.65430	0.6832
2449293.65576	0.6831
2449296.67871	0.6839
2449296.68018	0.6826
2449296.68115	0.6891
2449297.66699	0.7066
2449297.66846	0.7162
2449297.66943	0.7043
2449300.58496	0.7091
2449300.58643	0.701
2449300.58789	0.7024
2449538.94971	0.7713
2449538.95068	0.7701
2449538.95166	0.7628
2449550.91846	0.7761
2449550.91943	0.7957
2449550.92090	0.784
2449552.92529	0.7738
2449552.92676	0.7272
2449552.92773	0.769
2449558.90723	0.76
2449558.90820	0.7538
2449558.90918	0.755
2449559.90576	0.7602
2449559.90674	0.7469
2449559.90771	0.7182
2449573.86426	0.7238
2449573.86523	0.7417
2449573.86670	0.7216
2449576.75830	0.7674
2449576.75928	0.7993
2449576.76074	0.8041
2449578.83643	0.8258
2449578.83740	0.8149
2449578.83887	0.8356
2449579.84375	0.7632
2449579.84473	0.7436
2449579.84570	0.793
2449581.75977	0.8056
2449581.76074	0.7649
2449581.76221	0.7453
2449582.76025	0.7383
2449582.76123	0.7214
2449582.76270	0.72
2449584.76611	0.7296
2449584.76709	0.7205
2449584.76855	0.7088
2449589.78711	0.7317
2449589.78857	0.7347
2449589.78955	0.7281
2449599.76025	0.7572
2449599.76172	0.7476
2449599.76270	0.7564
2449600.75977	0.7258
2449600.76074	0.7578
2449600.76172	0.775
2449602.79541	0.7228
2449602.79639	0.6862
2449602.79736	0.7116
2449607.74854	0.6816
2449607.75000	0.6887
2449607.75098	0.6833
2449609.75146	0.7364
2449609.75293	0.747
2449609.75391	0.7432
2449610.74414	0.716
2449610.74561	0.7138
2449610.74658	0.7193
2449613.74609	0.7177
2449613.74707	0.7083
2449613.74854	0.7068
2449614.75977	0.7015
2449614.76074	0.7064
2449614.76221	0.7055
2449616.71582	0.7055
2449616.71680	0.7105
2449616.71826	0.6905
2449619.73486	0.7008
2449619.73584	0.7161
2449619.73730	0.716
2449621.66699	0.7547
2449621.66846	0.7379
2449621.66943	0.7371
2449623.69482	0.7324
2449623.69629	0.7141
2449623.69727	0.7101
2449625.66455	0.6988
2449625.66553	0.7057
2449625.66699	0.7203
2449627.67627	0.793
2449627.67725	0.7866
2449627.67871	0.7667
2449628.68262	0.7493
2449628.68359	0.7231
2449628.68506	0.7459
2449632.67188	0.7412
2449632.67285	0.7321
2449632.67432	0.7307
2449634.67432	0.7551
2449634.67578	0.7255
2449634.67676	0.7439
2449637.64941	0.6882
2449637.65039	0.7079
2449637.65137	0.6979
2449639.64600	0.666
2449639.64697	0.6734
2449639.64844	0.6712
2449641.63770	0.6733
2449641.63867	0.6714
2449641.64014	0.6501
2449642.72119	0.7008
2449642.72217	0.7025
2449642.72363	0.6913
2449645.70898	0.6749
2449645.70996	0.6868
2449645.71143	0.667
2449646.67188	0.6456
2449646.67285	0.6525
2449646.67432	0.6554
2449646.67578	0.8077
2449646.67676	0.8117
2449646.67773	0.8404
2449650.64307	0.6901
2449650.64404	0.7032
2449650.64551	0.6768
2449652.62988	0.7204
2449652.63086	0.6987
2449652.63184	0.7099
2449654.62012	0.6754
2449654.62158	0.6773
2449654.62256	0.7315
2449656.62354	0.7325
2449656.62500	0.7212
2449656.62598	0.7355
2449661.60645	0.6854
2449661.60791	0.6803
2449661.60889	0.6704
2449662.65479	0.7077
2449662.65625	0.7161
2449662.65723	0.7083
2449670.63672	0.6869
2449670.63818	0.6873
2449670.63916	0.6964
2449671.60693	0.6704
2449671.60791	0.6828
2449671.60938	0.6896