2445000.00000 38.79571
2445060.53867 18.97898
2445121.07735 54.04028
2445423.77072 23.41914
2445484.30939 68.82292
2445544.84807 41.62603
2445787.00276 63.14840
2445847.54144 29.66990
2445908.08011 74.35570
2446150.23481 70.18209
2446210.77348 25.84127
2446271.31215 56.21732
2446513.46685 15.58931
2446574.00552 39.75770
2446634.54420 3.91094
2446876.69890 3.91914
2446937.23757 45.90665
2446997.77624 14.76338
2447239.93094 44.25968
2447300.46961 14.90940
2447361.00829 61.11875
2447603.16298 73.86789
2447663.70166 30.42445
2447724.24033 54.48672
2447966.39503 33.74483
2448026.93370 64.66541
2448087.47238 27.18988
2448329.62707 24.72152
2448390.16575 63.52482
2448450.70442 29.97289
2448692.85912 44.86191
2448753.39779 11.38434
2448813.93646 43.53092
2449056.09116 41.22217
2449116.62983 12.78298
2449177.16851 31.86440
2449419.32320 15.14007
2449479.86188 50.71904
2449540.40055 15.71391
2449782.55525 26.68424
2449843.09392 56.62945
2449903.63260 41.66967
2450145.78729 67.77697
2450206.32597 38.41725
2450266.86464 70.79224
2450509.01934 62.08725
2450569.55801 33.34615
2450630.09669 46.82472
2450872.25138 21.56433
2450932.79006 45.98854
2450993.32873 10.26126
2451235.48343 10.15667
2451296.02210 35.82565
2451356.56077 15.86183
2451598.71547 39.44181
2451659.25414 19.47692
2451719.79282 57.03902
2451961.94751 54.47267
2452022.48619 31.18802
2452083.02486 60.77069
2452325.17956 39.11193
2452385.71823 68.08726
2452446.25691 30.70639
2452688.41160 22.58839
2452748.95028 59.01313
2452809.48895 27.10668
2453051.64365 42.25339
2453112.18232 16.66006
2453172.72099 52.66734
2453414.87569 43.57213
2453475.41436 15.95079
2453535.95304 33.28743
2453778.10773 24.03516
2453838.64641 53.22479
2453899.18508 19.37643
2454141.33978 27.87834
2454201.87845 67.70541
2454262.41713 37.13499
2454504.57182 52.38084
2454565.11050 40.30692
2454625.64917 64.89876
2454867.80387 57.82638
2454928.34254 27.70379
2454988.88122 47.28215
2455231.03591 21.45810
2455291.57459 41.88695
2455352.11326 13.22457
2455594.26796 11.89222
2455654.80663 33.51577
2455715.34530 21.89476
2455957.50000 39.86611
