2445000.00000 0.88481
2445060.53867 1.26015
2445121.07735 0.80964
2445423.77072 -0.10716
2445484.30939 0.81866
2445544.84807 1.31268
2445787.00276 -1.31428
2445847.54144 -1.09779
2445908.08011 -0.32167
2446150.23481 0.40618
2446210.77348 -0.61182
2446271.31215 -1.63336
2446513.46685 1.42746
2446574.00552 1.26167
2446634.54420 0.57131
2446876.69890 -0.61276
2446937.23757 0.55433
2446997.77624 1.32047
2447239.93094 -1.50623
2447300.46961 -1.80459
2447361.00829 -0.96147
2447603.16298 1.09932
2447663.70166 -0.33352
2447724.24033 -1.49838
2447966.39503 1.45273
2448026.93370 2.09377
2448087.47238 1.27587
2448329.62707 -1.47332
2448390.16575 0.00702
2448450.70442 1.21875
2448692.85912 -1.31315
2448753.39779 -1.86459
2448813.93646 -1.44194
2449056.09116 1.44411
2449116.62983 0.35079
2449177.16851 -1.16879
2449419.32320 1.10638
2449479.86188 2.05010
2449540.40055 1.87880
2449782.55525 -1.93555
2449843.09392 -0.72796
2449903.63260 0.92896
2450145.78729 -0.90918
2450206.32597 -1.92238
2450266.86464 -2.30461
2450509.01934 2.35567
2450569.55801 1.03330
2450630.09669 -0.74678
2450872.25138 0.39923
2450932.79006 1.69945
2450993.32873 2.43230
2451235.48343 -2.37765
2451296.02210 -1.33510
2451356.56077 0.29208
2451598.71547 -0.11936
2451659.25414 -1.76574
2451719.79282 -2.82300
2451961.94751 2.72514
2452022.48619 2.40668
2452083.02486 0.17737
2452325.17956 -0.32273
2452385.71823 2.03299
2452446.25691 2.55402
2452688.41160 -2.85894
2452748.95028 -2.05867
2452809.48895 -0.69471
2453051.64365 0.81276
2453112.18232 -1.64586
2453172.72099 -2.88012
2453414.87569 3.11286
2453475.41436 2.44043
2453535.95304 1.31440
2453778.10773 -1.29642
2453838.64641 1.18794
2453899.18508 3.45978
2454141.33978 -2.57040
2454201.87845 -3.48299
2454262.41713 -1.78703
2454504.57182 1.97112
2454565.11050 -0.54057
2454625.64917 -2.86508
2454867.80387 2.78391
2454928.34254 3.23083
2454988.88122 2.59384
2455231.03591 -2.60621
2455291.57459 -0.01057
2455352.11326 1.81967
2455594.26796 -2.50667
2455654.80663 -3.72582
2455715.34530 -2.96956
2455957.50000 3.30209
