2445000.00000 3.37602
2445060.53867 -5.37722
2445121.07735 -10.98332
2445423.77072 2.52974
2445484.30939 -9.45509
2445544.84807 1.28914
2445787.00276 5.14486
2445847.54144 -4.63856
2445908.08011 -1.37149
2446150.23481 8.93015
2446210.77348 2.48296
2446271.31215 -3.38395
2446513.46685 8.99083
2446574.00552 8.38056
2446634.54420 -3.52346
2446876.69890 3.45735
2446937.23757 10.28041
2446997.77624 -1.86612
2447239.93094 -2.73794
2447300.46961 8.97853
2447361.00829 0.83729
2447603.16298 -7.66190
2447663.70166 2.89771
2447724.24033 3.44369
2447966.39503 -10.02747
2448026.93370 -2.90536
2448087.47238 4.32079
2448329.62707 -7.60353
2448390.16575 -10.04542
2448450.70442 3.68643
2448692.85912 -2.43853
2448753.39779 -11.43304
2448813.93646 0.60085
2449056.09116 3.18845
2449116.62983 -10.91756
2449177.16851 -2.88758
2449419.32320 7.50144
2449479.86188 -3.66099
2449540.40055 -5.84555
2449782.55525 8.28817
2449843.09392 4.44432
2449903.63260 -5.97179
2450145.78729 5.92410
2450206.32597 11.23322
2450266.86464 -3.36268
2450509.01934 1.76547
2450569.55801 16.42472
2450630.09669 1.06135
2450872.25138 -3.84772
2450932.79006 13.60855
2450993.32873 5.71696
2451235.48343 -7.19336
2451296.02210 4.10828
2451356.56077 9.22804
2451598.71547 -8.55684
2451659.25414 -5.96161
2451719.79282 8.40205
2451961.94751 -6.11765
2452022.48619 -14.82858
2452083.02486 3.68025
2452325.17956 -0.43560
2452385.71823 -15.73509
2452446.25691 -2.73909
2452688.41160 4.57880
2452748.95028 -13.51728
2452809.48895 -8.02220
2453051.64365 8.74930
2453112.18232 -4.11593
2453172.72099 -13.31033
2453414.87569 6.22785
2453475.41436 7.28224
2453535.95304 -9.20592
2453778.10773 3.85653
2453838.64641 16.60293
2453899.18508 -4.25808
2454141.33978 -1.77068
2454201.87845 21.54956
2454262.41713 5.60524
2454504.57182 -5.85123
2454565.11050 15.34927
2454625.64917 14.19286
2454867.80387 -6.63818
2454928.34254 4.55638
2454988.88122 16.10230
2455231.03591 -5.84456
2455291.57459 -8.67313
2455352.11326 14.93827
2455594.26796 -0.71826
2455654.80663 -14.71570
2455715.34530 4.10228
2455957.50000 4.26594
