2445000.00000 4.06177
2445060.53867 19.05477
2445121.07735 9.00969
2445423.77072 -0.94803
2445484.30939 -0.01135
2445544.84807 3.39989
2445787.00276 -6.62904
2445847.54144 -6.68200
2445908.08011 -15.69012
2446150.23481 -10.74401
2446210.77348 -14.76880
2446271.31215 -1.73973
2446513.46685 -4.27663
2446574.00552 4.75040
2446634.54420 -7.20145
2446876.69890 15.66026
2446937.23757 1.77920
2446997.77624 15.56822
2447239.93094 5.26270
2447300.46961 14.90796
2447361.00829 2.68868
2447603.16298 11.13034
2447663.70166 -7.51917
2447724.24033 5.09461
2447966.39503 -16.82174
2448026.93370 -2.81281
2448087.47238 -16.28835
2448329.62707 -3.54238
2448390.16575 -13.41373
2448450.70442 -8.93178
2448692.85912 -10.51874
2448753.39779 2.01800
2448813.93646 0.42392
2449056.09116 10.21014
2449116.62983 6.41357
2449177.16851 7.76194
2449419.32320 7.52337
2449479.86188 9.44378
2449540.40055 11.97636
2449782.55525 6.70166
2449843.09392 4.77353
2449903.63260 -4.92350
2450145.78729 -7.60306
2450206.32597 -14.71388
2450266.86464 -2.74375
2450509.01934 -15.07123
2450569.55801 -5.38673
2450630.09669 -15.98766
2450872.25138 -0.30007
2450932.79006 -9.04661
2450993.32873 6.38013
2451235.48343 0.91042
2451296.02210 18.51211
2451356.56077 2.47090
2451598.71547 20.04499
2451659.25414 3.00527
2451719.79282 18.86387
2451961.94751 -3.03006
2452022.48619 9.23844
2452083.02486 -3.84790
2452325.17956 1.26310
2452385.71823 -15.80621
2452446.25691 -6.67499
2452688.41160 -19.59658
2452748.95028 -7.68360
2452809.48895 -11.78319
2453051.64365 0.54157
2453112.18232 -6.48838
2453172.72099 -3.76918
2453414.87569 2.28723
2453475.41436 7.41965
2453535.95304 16.69893
2453778.10773 13.17963
2453838.64641 17.77668
2453899.18508 6.62768
2454141.33978 6.75718
2454201.87845 -0.20048
2454262.41713 12.66793
2454504.57182 -11.14213
2454565.11050 -2.35719
2454625.64917 -23.23810
2454867.80387 -10.02798
2454928.34254 -25.16612
2454988.88122 -5.26092
2455231.03591 -16.20009
2455291.57459 3.87690
2455352.11326 -11.60805
2455594.26796 18.00478
2455654.80663 -0.75198
2455715.34530 19.01758
2455957.50000 5.09586
