2445000.00000 -3.02133
2445060.53867 3.41399
2445121.07735 -5.97301
2445423.77072 -0.31936
2445484.30939 -6.88120
2445544.84807 -0.27349
2445787.00276 1.33025
2445847.54144 -0.35965
2445908.08011 2.18137
2446150.23481 2.36730
2446210.77348 6.32764
2446271.31215 1.43989
2446513.46685 -2.27765
2446574.00552 3.64252
2446634.54420 -4.74012
2446876.69890 -6.62438
2446937.23757 -0.47580
2446997.77624 -6.47120
2447239.93094 -2.72695
2447300.46961 0.59212
2447361.00829 -0.13076
2447603.16298 4.89777
2447663.70166 1.73789
2447724.24033 5.14017
2447966.39503 5.89313
2448026.93370 -2.18557
2448087.47238 3.68843
2448329.62707 0.45585
2448390.16575 -5.86743
2448450.70442 -0.64178
2448692.85912 -0.79997
2448753.39779 -2.31924
2448813.93646 -0.13052
2449056.09116 1.37686
2449116.62983 5.84758
2449177.16851 1.34415
2449419.32320 -0.54041
2449479.86188 5.91570
2449540.40055 -2.55138
2449782.55525 -4.67567
2449843.09392 0.38846
2449903.63260 -6.54115
2450145.78729 -4.44133
2450206.32597 -1.43314
2450266.86464 -2.46775
2450509.01934 2.47824
2450569.55801 0.91321
2450630.09669 4.40933
2450872.25138 6.80264
2450932.79006 -0.57225
2450993.32873 5.92590
2451235.48343 2.27351
2451296.02210 -4.70808
2451356.56077 0.39668
2451598.71547 -1.82075
2451659.25414 -3.65989
2451719.79282 -1.90000
2451961.94751 -0.56235
2452022.48619 3.43187
2452083.02486 0.20591
2452325.17956 0.35347
2452385.71823 8.36719
2452446.25691 -0.56101
2452688.41160 -2.91104
2452748.95028 2.77274
2452809.48895 -5.01538
2453051.64365 -5.22276
2453112.18232 -2.56906
2453172.72099 -4.05628
2453414.87569 0.72918
2453475.41436 -1.26695
2453535.95304 3.07885
2453778.10773 7.28835
2453838.64641 0.21086
2453899.18508 8.08897
2454141.33978 5.49654
2454201.87845 -2.93079
2454262.41713 2.46120
2454504.57182 -1.67326
2454565.11050 -5.10228
2454625.64917 -2.90169
2454867.80387 -2.86552
2454928.34254 0.97364
2454988.88122 -1.88087
2455231.03591 -0.08918
2455291.57459 8.50195
2455352.11326 0.06681
2455594.26796 -1.64233
2455654.80663 5.86318
2455715.34530 -3.59563
2455957.50000 -4.16814
