2445000.00000 163.61624
2445060.53867 111.27799
2445121.07735 200.04737
2445423.77072 129.83392
2445484.30939 105.48750
2445544.84807 104.70295
2445787.00276 116.50423
2445847.54144 28.07089
2445908.08011 99.18919
2446150.23481 76.50008
2446210.77348 27.58618
2446271.31215 47.60217
2446513.46685 23.03476
2446574.00552 101.23919
2446634.54420 24.60027
2446876.69890 50.54586
2446937.23757 120.71818
2446997.77624 84.35522
2447239.93094 117.35925
2447300.46961 135.24871
2447361.00829 167.44643
2447603.16298 226.10940
2447663.70166 141.64932
2447724.24033 175.00369
2447966.39503 156.95950
2448026.93370 168.47793
2448087.47238 132.00877
2448329.62707 76.76723
2448390.16575 191.43570
2448450.70442 68.28210
2448692.85912 69.36994
2448753.39779 64.89871
2448813.93646 76.12908
2449056.09116 63.83844
2449116.62983 1.23794
2449177.16851 82.37648
2449419.32320 50.61878
2449479.86188 53.18087
2449540.40055 54.83311
2449782.55525 46.96503
2449843.09392 149.05461
2449903.63260 72.85782
2450145.78729 116.89500
2450206.32597 152.31204
2450266.86464 161.19849
2450509.01934 215.88203
2450569.55801 138.82032
2450630.09669 198.83365
2450872.25138 172.84610
2450932.79006 149.15691
2450993.32873 129.16715
2451235.48343 102.52309
2451296.02210 140.71755
2451356.56077 75.11591
2451598.71547 32.94499
2451659.25414 111.82547
2451719.79282 31.53436
2451961.94751 51.94204
2452022.48619 26.66860
2452083.02486 78.00574
2452325.17956 79.87669
2452385.71823 18.58072
2452446.25691 86.83317
2452688.41160 87.25234
2452748.95028 127.91846
2452809.48895 61.13139
2453051.64365 91.21516
2453112.18232 192.09572
2453172.72099 107.15147
2453414.87569 150.94026
2453475.41436 182.06570
2453535.95304 179.77175
2453778.10773 184.70223
2453838.64641 128.64985
2453899.18508 171.06343
2454141.33978 143.19586
2454201.87845 125.96705
2454262.41713 107.13216
2454504.57182 45.67804
2454565.11050 87.06173
2454625.64917 20.56461
2454867.80387 19.77446
2454928.34254 66.35937
2454988.88122 34.66633
2455231.03591 71.88134
2455291.57459 26.15092
2455352.11326 96.90653
2455594.26796 106.09150
2455654.80663 81.98167
2455715.34530 140.00262
2455957.50000 106.24196
