2445000.00000 -74.07767
2445060.53867 20.85389
2445121.07735 10.89098
2445423.77072 94.85375
2445484.30939 -8.21732
2445544.84807 51.96651
2445787.00276 11.52925
2445847.54144 -36.48987
2445908.08011 51.54410
2446150.23481 -103.22573
2446210.77348 -15.73028
2446271.31215 -28.89651
2446513.46685 -39.68333
2446574.00552 50.45640
2446634.54420 -38.03730
2446876.69890 97.97244
2446937.23757 44.48925
2446997.77624 2.99248
2447239.93094 77.93667
2447300.46961 -52.39825
2447361.00829 27.99663
2447603.16298 -66.09756
2447663.70166 -63.20612
2447724.24033 15.68334
2447966.39503 -60.03261
2448026.93370 35.98944
2448087.47238 4.26472
2448329.62707 41.42990
2448390.16575 104.29266
2448450.70442 -13.75066
2448692.85912 86.62928
2448753.39779 -14.76742
2448813.93646 -35.45805
2449056.09116 -5.34365
2449116.62983 -113.22018
2449177.16851 -0.99805
2449419.32320 -56.31108
2449479.86188 -22.59977
2449540.40055 62.36142
2449782.55525 -12.88716
2449843.09392 93.59516
2449903.63260 28.75880
2450145.78729 26.61639
2450206.32597 51.58790
2450266.86464 -60.72409
2450509.01934 17.09455
2450569.55801 -74.52020
2450630.09669 -62.35591
2450872.25138 0.70373
2450932.79006 -63.13399
2450993.32873 50.50901
2451235.48343 -8.59397
2451296.02210 51.92862
2451356.56077 75.67784
2451598.71547 -24.38009
2451659.25414 79.76441
2451719.79282 -36.94967
2451961.94751 -14.76129
2452022.48619 -23.90985
2452083.02486 -107.36275
2452325.17956 41.23690
2452385.71823 -61.48168
2452446.25691 8.49081
2452688.41160 50.76067
2452748.95028 -2.91872
2452809.48895 105.95464
2453051.64365 -37.83858
2453112.18232 38.86927
2453172.72099 27.54484
2453414.87569 -85.35983
2453475.41436 16.99126
2453535.95304 -101.93832
2453778.10773 16.71153
2453838.64641 -6.91543
2453899.18508 -53.69645
2454141.33978 96.48242
2454201.87845 -14.12071
2454262.41713 74.25348
2454504.57182 12.15217
2454565.11050 -21.82317
2454625.64917 70.17434
2454867.80387 -121.98833
2454928.34254 -4.35920
2454988.88122 -43.08141
2455231.03591 -40.65998
2455291.57459 40.42108
2455352.11326 -75.31261
2455594.26796 92.51185
2455654.80663 27.83698
2455715.34530 10.37407
2455957.50000 85.36707
