2445000.00000 1.51870
2445060.53867 1.45423
2445121.07735 3.28163
2445423.77072 2.24981
2445484.30939 3.47290
2445544.84807 3.36859
2445787.00276 0.33452
2445847.54144 0.27261
2445908.08011 -1.96891
2446150.23481 -1.44638
2446210.77348 -2.81366
2446271.31215 -5.72534
2446513.46685 -1.18318
2446574.00552 -3.15265
2446634.54420 -3.57233
2446876.69890 0.37171
2446937.23757 -0.32520
2446997.77624 1.59242
2447239.93094 1.60751
2447300.46961 2.42408
2447361.00829 3.98577
2447603.16298 0.76832
2447663.70166 2.19118
2447724.24033 3.20106
2447966.39503 -1.30679
2448026.93370 0.09030
2448087.47238 -0.82828
2448329.62707 -2.30812
2448390.16575 -1.91065
2448450.70442 -4.09624
2448692.85912 -0.40043
2448753.39779 -1.67005
2448813.93646 -3.14774
2449056.09116 2.45999
2449116.62983 0.48921
2449177.16851 0.50041
2449419.32320 2.50608
2449479.86188 1.47976
2449540.40055 3.45840
2449782.55525 0.30597
2449843.09392 0.85977
2449903.63260 2.35752
2450145.78729 -2.98012
2450206.32597 -1.29054
2450266.86464 -0.40684
2450509.01934 -3.82266
2450569.55801 -1.62511
2450630.09669 -2.10575
2450872.25138 -0.55793
2450932.79006 -0.02343
2450993.32873 -1.54207
2451235.48343 3.45456
2451296.02210 2.30043
2451356.56077 0.59279
2451598.71547 5.03832
2451659.25414 2.70648
2451719.79282 1.95853
2451961.94751 1.35375
2452022.48619 -0.46574
2452083.02486 0.74330
2452325.17956 -4.90022
2452385.71823 -3.82217
2452446.25691 -1.32380
2452688.41160 -5.07056
2452748.95028 -2.71574
2452809.48895 -1.74107
2453051.64365 -1.85487
2453112.18232 0.52361
2453172.72099 0.14560
2453414.87569 4.22743
2453475.41436 4.02970
2453535.95304 2.18575
2453778.10773 6.61892
2453838.64641 3.61212
2453899.18508 1.67405
2454141.33978 1.95559
2454201.87845 -0.35495
2454262.41713 -0.98700
2454504.57182 -3.53489
2454565.11050 -5.65496
2454625.64917 -2.89906
2454867.80387 -7.94875
2454928.34254 -4.95897
2454988.88122 -2.37060
2455231.03591 -4.17661
2455291.57459 -0.20170
2455352.11326 1.48371
2455594.26796 2.90471
2455654.80663 5.21470
2455715.34530 5.04452
2455957.50000 6.82423
