2445000.00000 2.27355
2445060.53867 3.54683
2445121.07735 2.29462
2445423.77072 -6.28978
2445484.30939 -3.32683
2445544.84807 -2.21321
2445787.00276 -8.52111
2445847.54144 -8.29967
2445908.08011 -2.53285
2446150.23481 -2.32889
2446210.77348 -3.16835
2446271.31215 -1.04400
2446513.46685 8.70217
2446574.00552 7.31043
2446634.54420 2.97600
2446876.69890 10.69847
2446937.23757 9.16873
2446997.77624 6.29653
2447239.93094 -0.46878
2447300.46961 2.31027
2447361.00829 2.43240
2447603.16298 -9.91593
2447663.70166 -11.87932
2447724.24033 -6.98036
2447966.39503 -9.48329
2448026.93370 -11.11849
2448087.47238 -9.73867
2448329.62707 3.17639
2448390.16575 0.68063
2448450.70442 -1.91506
2448692.85912 11.83187
2448753.39779 11.59966
2448813.93646 10.39217
2449056.09116 6.18640
2449116.62983 11.62629
2449177.16851 12.13315
2449419.32320 -4.14980
2449479.86188 -3.34521
2449540.40055 -0.70119
2449782.55525 -9.60086
2449843.09392 -11.98449
2449903.63260 -14.46186
2450145.78729 -3.85855
2450206.32597 -6.09440
2450266.86464 -10.54631
2450509.01934 2.32635
2450569.55801 6.43981
2450630.09669 3.38601
2450872.25138 4.42974
2450932.79006 9.74682
2450993.32873 14.76297
2451235.48343 3.58071
2451296.02210 4.47505
2451356.56077 7.91729
2451598.71547 1.27589
2451659.25414 -4.76597
2451719.79282 -6.47102
2451961.94751 -1.19245
2452022.48619 -6.11434
2452083.02486 -11.46825
2452325.17956 -5.45994
2452385.71823 -3.28192
2452446.25691 -4.36490
2452688.41160 -6.42547
2452748.95028 0.82370
2452809.48895 6.70068
2453051.64365 -0.25445
2453112.18232 2.60442
2453172.72099 8.82835
2453414.87569 8.40143
2453475.41436 4.84914
2453535.95304 2.65870
2453778.10773 10.15706
2453838.64641 4.98506
2453899.18508 -2.14437
2454141.33978 -1.18026
2454201.87845 -0.64061
2454262.41713 -4.13779
2454504.57182 -13.96708
2454565.11050 -10.16122
2454625.64917 -3.77506
2454867.80387 -11.34355
2454928.34254 -9.09869
2454988.88122 -2.64294
2455231.03591 5.81355
2455291.57459 1.65600
2455352.11326 1.64229
2455594.26796 12.85109
2455654.80663 12.01077
2455715.34530 8.10164
2455957.50000 9.96763
