2445000.00000 -4.11234
2445060.53867 3.69815
2445121.07735 8.45967
2445423.77072 -0.72103
2445484.30939 11.74763
2445544.84807 5.15062
2445787.00276 -4.15783
2445847.54144 3.19170
2445908.08011 7.49894
2446150.23481 -3.16683
2446210.77348 -5.83321
2446271.31215 3.64130
2446513.46685 -0.81563
2446574.00552 -13.90780
2446634.54420 -3.44152
2446876.69890 3.22858
2446937.23757 -7.10016
2446997.77624 -8.53355
2447239.93094 3.44079
2447300.46961 3.04716
2447361.00829 -6.68936
2447603.16298 2.29888
2447663.70166 10.09020
2447724.24033 0.34937
2447966.39503 -1.72192
2448026.93370 8.89720
2448087.47238 6.89565
2448329.62707 -3.23200
2448390.16575 1.11827
2448450.70442 8.21402
2448692.85912 -2.22972
2448753.39779 -8.16670
2448813.93646 2.84185
2449056.09116 0.59991
2449116.62983 -10.97588
2449177.16851 -4.86990
2449419.32320 2.81525
2449479.86188 -4.76773
2449540.40055 -10.22116
2449782.55525 2.06129
2449843.09392 3.63941
2449903.63260 -6.00120
2450145.78729 -0.29426
2450206.32597 8.50752
2450266.86464 2.02150
2450509.01934 -2.39939
2450569.55801 7.10218
2450630.09669 9.12688
2450872.25138 -1.69459
2450932.79006 -0.21144
2450993.32873 7.94591
2451235.48343 0.17391
2451296.02210 -8.69536
2451356.56077 2.02124
2451598.71547 1.86996
2451659.25414 -9.47075
2451719.79282 -7.09770
2451961.94751 2.09188
2452022.48619 -3.11151
2452083.02486 -10.23142
2452325.17956 -0.09027
2452385.71823 4.93210
2452446.25691 -5.97641
2452688.41160 -2.05275
2452748.95028 9.50170
2452809.48895 3.17042
2453051.64365 -2.38183
2453112.18232 5.79267
2453172.72099 9.54297
2453414.87569 -0.18117
2453475.41436 -1.44132
2453535.95304 7.52711
2453778.10773 2.30487
2453838.64641 -7.61086
2453899.18508 0.53520
2454141.33978 3.22834
2454201.87845 -7.08425
2454262.41713 -8.73732
2454504.57182 0.95607
2454565.11050 -2.04055
2454625.64917 -11.07267
2454867.80387 -2.39250
2454928.34254 6.21002
2454988.88122 -4.59301
2455231.03591 -3.45460
2455291.57459 7.09611
2455352.11326 4.83299
2455594.26796 -1.99094
2455654.80663 4.31023
2455715.34530 10.72245
2455957.50000 1.70709
