2445000.00000 36.32754
2445060.53867 28.10515
2445121.07735 -10.17931
2445423.77072 12.85929
2445484.30939 -22.52834
2445544.84807 -30.60816
2445787.00276 -7.81536
2445847.54144 -7.46793
2445908.08011 -37.86695
2446150.23481 -6.81608
2446210.77348 29.56866
2446271.31215 2.46265
2446513.46685 -0.15168
2446574.00552 34.90675
2446634.54420 37.01941
2446876.69890 -10.20950
2446937.23757 -4.46133
2446997.77624 20.05318
2447239.93094 -17.50511
2447300.46961 -38.24422
2447361.00829 -10.43762
2447603.16298 4.13702
2447663.70166 -30.04906
2447724.24033 -20.87809
2447966.39503 27.89622
2448026.93370 17.06910
2448087.47238 -4.44960
2448329.62707 23.19627
2448390.16575 44.49609
2448450.70442 1.07624
2448692.85912 -22.03854
2448753.39779 9.59697
2448813.93646 -4.78797
2449056.09116 -44.99565
2449116.62983 -23.97562
2449177.16851 0.35856
2449419.32320 -12.18301
2449479.86188 -18.68318
2449540.40055 22.81304
2449782.55525 37.27399
2449843.09392 -0.00332
2449903.63260 19.84691
2450145.78729 36.16892
2450206.32597 8.18624
2450266.86464 -12.65741
2450509.01934 -2.72401
2450569.55801 2.00581
2450630.09669 -41.69521
2450872.25138 -30.34346
2450932.79006 3.04177
2450993.32873 -19.35646
2451235.48343 -16.95420
2451296.02210 13.06041
2451356.56077 25.25776
2451598.71547 9.38594
2451659.25414 9.67992
2451719.79282 45.21699
2451961.94751 18.95845
2452022.48619 -21.89649
2452083.02486 4.45587
2452325.17956 4.38220
2452385.71823 -31.42323
2452446.25691 -40.63772
2452688.41160 -1.19144
2452748.95028 -1.76408
2452809.48895 -26.55578
2453051.64365 4.92426
2453112.18232 33.67267
2453172.72099 8.11467
2453414.87569 -0.56192
2453475.41436 34.71616
2453535.95304 28.43073
2453778.10773 -18.90538
2453838.64641 -15.16720
2453899.18508 11.17216
2454141.33978 -21.95286
2454201.87845 -44.38129
2454262.41713 -8.42542
2454504.57182 15.24300
2454565.11050 -20.94040
2454625.64917 -6.87042
2454867.80387 40.45877
2454928.34254 28.87763
2454988.88122 -0.30746
2455231.03591 19.27924
2455291.57459 34.12178
2455352.11326 -9.43952
2455594.26796 -29.00641
2455654.80663 3.97520
2455715.34530 -14.84557
2455957.50000 -43.49028
