2445000.00000 -3.98931
2445060.53867 0.40013
2445121.07735 -1.03927
2445423.77072 0.41872
2445484.30939 -4.00239
2445544.84807 -4.64154
2445787.00276 1.17074
2445847.54144 -4.18434
2445908.08011 -1.97227
2446150.23481 1.80724
2446210.77348 -2.96397
2446271.31215 1.81210
2446513.46685 1.81265
2446574.00552 -1.18016
2446634.54420 4.62079
2446876.69890 1.32669
2446937.23757 0.77213
2446997.77624 5.35014
2447239.93094 -0.40259
2447300.46961 1.95221
2447361.00829 3.97100
2447603.16298 -2.49691
2447663.70166 1.87494
2447724.24033 0.81662
2447966.39503 -3.96176
2448026.93370 1.16028
2448087.47238 -2.59513
2448329.62707 -4.17472
2448390.16575 0.62066
2448450.70442 -4.89453
2448692.85912 -1.67720
2448753.39779 0.56373
2448813.93646 -5.56790
2449056.09116 1.27695
2449116.62983 0.80339
2449177.16851 -2.99636
2449419.32320 4.84380
2449479.86188 0.99680
2449540.40055 -0.20614
2449782.55525 4.75148
2449843.09392 0.27361
2449903.63260 2.07765
2450145.78729 3.69890
2450206.32597 -1.09083
2450266.86464 2.89264
2450509.01934 1.20076
2450569.55801 -2.39351
2450630.09669 2.63764
2450872.25138 -2.09071
2450932.79006 -3.05217
2450993.32873 1.27373
2451235.48343 -4.03309
2451296.02210 -2.69662
2451356.56077 0.15193
2451598.71547 -4.76642
2451659.25414 -0.52953
2451719.79282 -0.37751
2451961.94751 -2.85234
2452022.48619 2.28705
2452083.02486 -0.29538
2452325.17956 -0.44552
2452385.71823 3.77615
2452446.25691 -0.18617
2452688.41160 2.31658
2452748.95028 5.23251
2452809.48895 -0.42678
2453051.64365 3.37573
2453112.18232 2.60019
2453172.72099 -1.11034
2453414.87569 2.78378
2453475.41436 -0.08913
2453535.95304 -1.82969
2453778.10773 1.64263
2453838.64641 -3.16485
2453899.18508 -2.01645
2454141.33978 0.01599
2454201.87845 -6.06885
2454262.41713 -1.39002
2454504.57182 -1.31340
2454565.11050 -4.62887
2454625.64917 0.49125
2454867.80387 -1.48589
2454928.34254 -2.21915
2454988.88122 2.57179
2455231.03591 -1.03158
2455291.57459 0.87645
2455352.11326 3.34014
2455594.26796 -0.56649
2455654.80663 3.30557
2455715.34530 3.96829
2455957.50000 -0.46923
