2445000.00000 -6.74209
2445060.53867 16.29548
2445121.07735 4.03821
2445423.77072 -13.94151
2445484.30939 3.93811
2445544.84807 -20.05505
2445787.00276 5.02976
2445847.54144 -3.05337
2445908.08011 17.84940
2446150.23481 10.71435
2446210.77348 -5.43733
2446271.31215 -5.23914
2446513.46685 -15.86996
2446574.00552 9.48621
2446634.54420 -8.13203
2446876.69890 12.08772
2446937.23757 -3.09165
2446997.77624 13.40170
2447239.93094 -1.17425
2447300.46961 -9.73036
2447361.00829 -3.64287
2447603.16298 -4.13575
2447663.70166 21.48227
2447724.24033 -3.42845
2447966.39503 -1.51059
2448026.93370 -19.75072
2448087.47238 2.70849
2448329.62707 11.73669
2448390.16575 3.32570
2448450.70442 7.28379
2448692.85912 -10.78826
2448753.39779 7.90230
2448813.93646 -16.42106
2449056.09116 2.73508
2449116.62983 -8.01782
2449177.16851 15.92250
2449419.32320 14.50108
2449479.86188 0.10745
2449540.40055 -2.91363
2449782.55525 -20.97373
2449843.09392 5.76171
2449903.63260 -11.14471
2450145.78729 16.06271
2450206.32597 -1.20756
2450266.86464 14.79967
2450509.01934 -1.79648
2450569.55801 -9.12076
2450630.09669 -10.15255
2450872.25138 -6.08681
2450932.79006 20.20857
2450993.32873 -0.58007
2451235.48343 3.42747
2451296.02210 -15.37605
2451356.56077 3.53270
2451598.71547 5.02450
2451659.25414 1.57429
2451719.79282 4.26724
2451961.94751 -7.78381
2452022.48619 12.38413
2452083.02486 -12.20450
2452325.17956 0.01574
2452385.71823 -15.63818
2452446.25691 13.16842
2452688.41160 12.23548
2452748.95028 5.27968
2452809.48895 0.22371
2453051.64365 -18.46148
2453112.18232 2.95136
2453172.72099 -14.78539
2453414.87569 14.42586
2453475.41436 -1.52884
2453535.95304 18.01559
2453778.10773 -0.15013
2453838.64641 -6.44741
2453899.18508 -11.94057
2454141.33978 -7.46709
2454201.87845 16.86477
2454262.41713 -0.57721
2454504.57182 10.23823
2454565.11050 -11.83111
2454625.64917 6.71091
2454867.80387 -0.32959
2454928.34254 -1.23026
2454988.88122 -1.04659
2455231.03591 -4.05231
2455291.57459 15.54272
2455352.11326 -7.36507
2455594.26796 -0.67361
2455654.80663 -17.40923
2455715.34530 7.53575
2455957.50000 11.46930
