2445000.00000 30.69382
2445060.53867 44.72006
2445121.07735 29.54290
2445423.77072 27.15769
2445484.30939 22.88679
2445544.84807 16.86412
2445787.00276 16.22308
2445847.54144 15.24842
2445908.08011 5.33477
2446150.23481 5.94281
2446210.77348 14.76484
2446271.31215 3.88238
2446513.46685 3.78073
2446574.00552 14.18828
2446634.54420 13.52257
2446876.69890 8.26055
2446937.23757 22.20271
2446997.77624 29.01981
2447239.93094 20.31755
2447300.46961 29.42180
2447361.00829 33.99350
2447603.16298 33.07345
2447663.70166 32.80500
2447724.24033 37.44997
2447966.39503 39.16134
2448026.93370 23.20657
2448087.47238 33.46398
2448329.62707 35.45049
2448390.16575 19.00512
2448450.70442 18.87093
2448692.85912 22.59690
2448753.39779 13.52222
2448813.93646 5.31885
2449056.09116 13.31428
2449116.62983 9.87326
2449177.16851 1.46933
2449419.32320 7.36407
2449479.86188 16.49634
2449540.40055 10.14852
2449782.55525 13.37307
2449843.09392 27.57192
2449903.63260 21.79609
2450145.78729 19.56501
2450206.32597 36.80149
2450266.86464 38.28106
2450509.01934 26.08514
2450569.55801 28.46719
2450630.09669 39.66236
2450872.25138 28.74538
2450932.79006 23.34717
2450993.32873 37.19617
2451235.48343 26.21573
2451296.02210 13.43822
2451356.56077 21.15313
2451598.71547 17.80827
2451659.25414 7.59162
2451719.79282 8.21911
2451961.94751 15.58341
2452022.48619 7.45325
2452083.02486 1.42591
2452325.17956 13.29488
2452385.71823 13.40405
2452446.25691 4.91088
2452688.41160 18.04410
2452748.95028 25.83617
2452809.48895 18.22796
2453051.64365 22.22688
2453112.18232 39.45898
2453172.72099 25.75604
2453414.87569 27.97749
2453475.41436 34.14116
2453535.95304 39.57613
2453778.10773 26.77183
2453838.64641 25.55489
2453899.18508 37.44658
2454141.33978 20.95175
2454201.87845 16.43852
2454262.41713 30.42031
2454504.57182 16.57891
2454565.11050 4.04565
2454625.64917 12.73997
2454867.80387 13.70644
2454928.34254 2.02486
2454988.88122 4.80525
2455231.03591 13.91412
2455291.57459 8.13049
2455352.11326 6.23625
2455594.26796 22.32232
2455654.80663 25.16524
2455715.34530 14.49664
2455957.50000 33.45669
