2445000.00000 4.46956
2445060.53867 4.63767
2445121.07735 2.29211
2445423.77072 12.19160
2445484.30939 13.10225
2445544.84807 10.92486
2445787.00276 7.50172
2445847.54144 11.40841
2445908.08011 12.05439
2446150.23481 5.70540
2446210.77348 2.99831
2446271.31215 2.24887
2446513.46685 6.79193
2446574.00552 4.87326
2446634.54420 3.67339
2446876.69890 6.21193
2446937.23757 8.56848
2446997.77624 11.57552
2447239.93094 8.03077
2447300.46961 7.84444
2447361.00829 9.65945
2447603.16298 9.44668
2447663.70166 5.97822
2447724.24033 3.40980
2447966.39503 5.47722
2448026.93370 8.97483
2448087.47238 6.40276
2448329.62707 5.26661
2448390.16575 7.56288
2448450.70442 10.11017
2448692.85912 10.47194
2448753.39779 10.00793
2448813.93646 8.45021
2449056.09116 13.43794
2449116.62983 8.67904
2449177.16851 6.10739
2449419.32320 3.05036
2449479.86188 5.81131
2449540.40055 7.49993
2449782.55525 4.07310
2449843.09392 4.03901
2449903.63260 6.78856
2450145.78729 12.53190
2450206.32597 10.57560
2450266.86464 9.32229
2450509.01934 10.75826
2450569.55801 9.80292
2450630.09669 9.25788
2450872.25138 1.53995
2450932.79006 2.69295
2450993.32873 4.55623
2451235.48343 6.40720
2451296.02210 6.04534
2451356.56077 4.94990
2451598.71547 14.85397
2451659.25414 15.11912
2451719.79282 11.55962
2451961.94751 7.02131
2452022.48619 8.77493
2452083.02486 9.20737
2452325.17956 2.26781
2452385.71823 1.42334
2452446.25691 1.66548
2452688.41160 8.32626
2452748.95028 6.34756
2452809.48895 5.71147
2453051.64365 12.47961
2453112.18232 12.20744
2453172.72099 14.62534
2453414.87569 6.75535
2453475.41436 6.77253
2453535.95304 7.31191
2453778.10773 5.39345
2453838.64641 3.58956
2453899.18508 1.93300
2454141.33978 7.68780
2454201.87845 8.46887
2454262.41713 8.12105
2454504.57182 8.10635
2454565.11050 10.21895
2454625.64917 12.70723
2454867.80387 7.67439
2454928.34254 6.41959
2454988.88122 6.85218
2455231.03591 8.70656
2455291.57459 6.82839
2455352.11326 3.83511
2455594.26796 5.04764
2455654.80663 7.53262
2455715.34530 8.60867
2455957.50000 6.97179
