2445000.00000 15.63131
2445060.53867 10.60765
2445121.07735 1.41300
2445423.77072 -0.45021
2445484.30939 7.51653
2445544.84807 9.17229
2445787.00276 5.34943
2445847.54144 -6.93850
2445908.08011 -11.33056
2446150.23481 -15.11167
2446210.77348 -9.35065
2446271.31215 -1.54966
2446513.46685 -3.61058
2446574.00552 -6.35038
2446634.54420 -16.60659
2446876.69890 -12.74428
2446937.23757 -11.96009
2446997.77624 -0.11769
2447239.93094 3.10280
2447300.46961 9.15634
2447361.00829 0.68536
2447603.16298 6.88660
2447663.70166 -0.28184
2447724.24033 7.95140
2447966.39503 6.85145
2448026.93370 14.88409
2448087.47238 12.37779
2448329.62707 16.96420
2448390.16575 3.46879
2448450.70442 0.12685
2448692.85912 -4.22035
2448753.39779 3.03066
2448813.93646 10.83609
2449056.09116 3.45125
2449116.62983 -3.62134
2449177.16851 -13.90924
2449419.32320 -19.33220
2449479.86188 -14.58905
2449540.40055 -4.45990
2449782.55525 -5.35687
2449843.09392 -2.35744
2449903.63260 -11.45669
2450145.78729 -6.15718
2450206.32597 -12.60244
2450266.86464 -2.73913
2450509.01934 0.00503
2450569.55801 11.15921
2450630.09669 6.73882
2450872.25138 11.61018
2450932.79006 2.55587
2450993.32873 3.82890
2451235.48343 3.50969
2451296.02210 11.40357
2451356.56077 17.84752
2451598.71547 13.99713
2451659.25414 5.96148
2451719.79282 -2.14428
2451961.94751 -5.56875
2452022.48619 -2.74835
2452083.02486 4.40692
2452325.17956 -0.45149
2452385.71823 -1.03037
2452446.25691 -12.35125
2452688.41160 -11.43644
2452748.95028 -14.61871
2452809.48895 -6.65257
2453051.64365 -6.41933
2453112.18232 -0.19132
2453172.72099 -4.89786
2453414.87569 0.13638
2453475.41436 -7.39804
2453535.95304 -3.83031
2453778.10773 -1.57236
2453838.64641 6.43018
2453899.18508 11.18456
2454141.33978 11.62780
2454201.87845 5.82364
2454262.41713 1.40270
2454504.57182 1.33220
2454565.11050 5.20752
2454625.64917 13.01410
2454867.80387 8.34756
2454928.34254 5.39229
2454988.88122 -1.97360
2455231.03591 -3.60778
2455291.57459 -5.81376
2455352.11326 -0.09467
2455594.26796 -3.49099
2455654.80663 -0.44203
2455715.34530 -5.70899
2455957.50000 -5.80899
