2445000.00000 73.88044
2445060.53867 79.17047
2445121.07735 37.03699
2445423.77072 60.55160
2445484.30939 79.72788
2445544.84807 104.62121
2445787.00276 88.02627
2445847.54144 148.27551
2445908.08011 114.80266
2446150.23481 102.63456
2446210.77348 84.66585
2446271.31215 42.08557
2446513.46685 56.58817
2446574.00552 18.18352
2446634.54420 8.81497
2446876.69890 6.48343
2446937.23757 10.98771
2446997.77624 44.08909
2447239.93094 35.35467
2447300.46961 70.89603
2447361.00829 87.30821
2447603.16298 104.92547
2447663.70166 126.94362
2447724.24033 87.56768
2447966.39503 105.83251
2448026.93370 78.56645
2448087.47238 58.13881
2448329.62707 54.36199
2448390.16575 55.41885
2448450.70442 60.17115
2448692.85912 23.67183
2448753.39779 57.59311
2448813.93646 63.42542
2449056.09116 58.68013
2449116.62983 64.03149
2449177.16851 26.18408
2449419.32320 83.87240
2449479.86188 38.60614
2449540.40055 29.89906
2449782.55525 60.24645
2449843.09392 64.05275
2449903.63260 89.23200
2450145.78729 82.35029
2450206.32597 98.47721
2450266.86464 130.37001
2450509.01934 104.93934
2450569.55801 110.17012
2450630.09669 76.65472
2450872.25138 78.46315
2450932.79006 47.38056
2450993.32873 16.90820
2451235.48343 20.76797
2451296.02210 4.27864
2451356.56077 29.52145
2451598.71547 19.32105
2451659.25414 50.09292
2451719.79282 84.01441
2451961.94751 91.76643
2452022.48619 109.19108
2452083.02486 92.85982
2452325.17956 126.39846
2452385.71823 85.82138
2452446.25691 79.12791
2452688.41160 78.52850
2452748.95028 48.30019
2452809.48895 87.21098
2453051.64365 28.73565
2453112.18232 58.54329
2453172.72099 81.18957
2453414.87569 44.33807
2453475.41436 60.58630
2453535.95304 43.93827
2453778.10773 62.00034
2453838.64641 41.26080
2453899.18508 17.36338
2454141.33978 49.23383
2454201.87845 45.54025
2454262.41713 68.76842
2454504.57182 64.91816
2454565.11050 102.12441
2454625.64917 115.01977
2454867.80387 90.80378
2454928.34254 110.97197
2454988.88122 92.03651
2455231.03591 106.14579
2455291.57459 54.17085
2455352.11326 28.51216
2455594.26796 39.55878
2455654.80663 2.79829
2455715.34530 10.95545
2455957.50000 5.39390
