2445000.00000 14.81358
2445060.53867 14.60755
2445121.07735 19.69559
2445423.77072 9.20066
2445484.30939 13.28989
2445544.84807 11.12675
2445787.00276 15.36697
2445847.54144 2.93241
2445908.08011 9.70340
2446150.23481 0.91368
2446210.77348 12.23313
2446271.31215 0.34817
2446513.46685 9.07018
2446574.00552 3.49279
2446634.54420 12.68115
2446876.69890 12.43287
2446937.23757 12.10484
2446997.77624 9.08934
2447239.93094 9.08214
2447300.46961 20.45872
2447361.00829 14.68293
2447603.16298 22.33704
2447663.70166 11.63242
2447724.24033 22.97670
2447966.39503 12.08935
2448026.93370 24.59701
2448087.47238 9.76591
2448329.62707 16.83137
2448390.16575 13.19262
2448450.70442 18.59937
2448692.85912 17.69005
2448753.39779 7.78607
2448813.93646 10.97434
2449056.09116 2.46361
2449116.62983 13.47527
2449177.16851 3.77700
2449419.32320 8.88068
2449479.86188 0.28794
2449540.40055 13.27157
2449782.55525 5.61602
2449843.09392 11.05402
2449903.63260 3.00196
2450145.78729 5.84111
2450206.32597 11.37786
2450266.86464 13.66092
2450509.01934 21.87486
2450569.55801 9.86670
2450630.09669 22.45366
2450872.25138 13.30540
2450932.79006 22.81326
2450993.32873 13.73219
2451235.48343 20.65802
2451296.02210 14.70371
2451356.56077 24.66642
2451598.71547 16.85687
2451659.25414 12.80779
2451719.79282 10.62662
2451961.94751 7.20360
2452022.48619 14.16796
2452083.02486 11.17416
2452325.17956 14.96946
2452385.71823 1.93183
2452446.25691 12.30596
2452688.41160 2.54671
2452748.95028 11.10280
2452809.48895 0.45116
2453051.64365 6.28855
2453112.18232 5.24437
2453172.72099 11.89897
2453414.87569 13.05828
2453475.41436 7.30130
2453535.95304 10.88555
2453778.10773 7.97520
2453838.64641 18.60292
2453899.18508 13.01938
2454141.33978 24.93893
2454201.87845 11.84082
2454262.41713 22.37223
2454504.57182 18.30467
2454565.11050 17.73553
2454625.64917 12.12982
2454867.80387 14.38041
2454928.34254 15.20909
2454988.88122 16.95870
2455231.03591 16.63474
2455291.57459 7.65868
2455352.11326 11.37785
2455594.26796 3.38701
2455654.80663 14.84389
2455715.34530 3.06480
2455957.50000 8.61039
