2445000.00000 9.93061
2445060.53867 10.96371
2445121.07735 13.93370
2445423.77072 18.26263
2445484.30939 17.21853
2445544.84807 12.80055
2445787.00276 4.71961
2445847.54144 5.89604
2445908.08011 10.93871
2446150.23481 28.08795
2446210.77348 29.45021
2446271.31215 34.98856
2446513.46685 30.28993
2446574.00552 25.77786
2446634.54420 23.47638
2446876.69890 27.21029
2446937.23757 26.73450
2446997.77624 27.14392
2447239.93094 45.36223
2447300.46961 43.32640
2447361.00829 29.12730
2447603.16298 25.05803
2447663.70166 21.67812
2447724.24033 18.04053
2447966.39503 22.08507
2448026.93370 27.94469
2448087.47238 30.77807
2448329.62707 26.28059
2448390.16575 23.86540
2448450.70442 21.27060
2448692.85912 3.60008
2448753.39779 2.33149
2448813.93646 2.73261
2449056.09116 17.46084
2449116.62983 15.89629
2449177.16851 21.89868
2449419.32320 20.71129
2449479.86188 12.22793
2449540.40055 9.75449
2449782.55525 5.76005
2449843.09392 7.09615
2449903.63260 12.35461
2450145.78729 28.64603
2450206.32597 33.64790
2450266.86464 39.86317
2450509.01934 23.22973
2450569.55801 27.15805
2450630.09669 22.81997
2450872.25138 20.53031
2450932.79006 26.43827
2450993.32873 35.40825
2451235.48343 42.88192
2451296.02210 40.70216
2451356.56077 35.10655
2451598.71547 24.93453
2451659.25414 25.26683
2451719.79282 19.02248
2451961.94751 24.79776
2452022.48619 27.20272
2452083.02486 30.30979
2452325.17956 30.85623
2452385.71823 20.87358
2452446.25691 17.03555
2452688.41160 4.48231
2452748.95028 3.84132
2452809.48895 4.70223
2453051.64365 14.07724
2453112.18232 14.63578
2453172.72099 23.64057
2453414.87569 14.73914
2453475.41436 13.73570
2453535.95304 12.13715
2453778.10773 8.56764
2453838.64641 10.53629
2453899.18508 14.65840
2454141.33978 27.98560
2454201.87845 31.89498
2454262.41713 38.12824
2454504.57182 23.63107
2454565.11050 24.65000
2454625.64917 19.56303
2454867.80387 22.73000
2454928.34254 25.35194
2454988.88122 25.70881
2455231.03591 41.02170
2455291.57459 38.02104
2455352.11326 34.55272
2455594.26796 21.60729
2455654.80663 19.54673
2455715.34530 20.00933
2455957.50000 22.39409
