2445000.00000 -0.24489
2445060.53867 -8.59613
2445121.07735 -0.94453
2445423.77072 -3.04129
2445484.30939 3.23950
2445544.84807 -4.74925
2445787.00276 5.76622
2445847.54144 2.28545
2445908.08011 -0.38732
2446150.23481 7.83473
2446210.77348 -0.68488
2446271.31215 5.94754
2446513.46685 0.52422
2446574.00552 -0.49773
2446634.54420 5.27679
2446876.69890 -6.38108
2446937.23757 1.33711
2446997.77624 -2.86639
2447239.93094 -4.59017
2447300.46961 0.09281
2447361.00829 -8.04051
2447603.16298 1.80755
2447663.70166 -3.03445
2447724.24033 -3.45088
2447966.39503 3.88711
2448026.93370 -2.59684
2448087.47238 5.73110
2448329.62707 1.22009
2448390.16575 3.15228
2448450.70442 8.04258
2448692.85912 -1.84740
2448753.39779 5.33589
2448813.93646 0.43362
2449056.09116 -0.75023
2449116.62983 1.79698
2449177.16851 -7.68925
2449419.32320 0.84764
2449479.86188 -5.45727
2449540.40055 -4.36568
2449782.55525 -0.62620
2449843.09392 -7.71663
2449903.63260 2.55649
2450145.78729 -2.75616
2450206.32597 1.24175
2450266.86464 4.91001
2450509.01934 -0.35402
2450569.55801 8.08919
2450630.09669 1.53299
2450872.25138 4.53223
2450932.79006 4.16021
2450993.32873 -2.36569
2451235.48343 4.42822
2451296.02210 -3.94823
2451356.56077 -1.96332
2451598.71547 -2.68135
2451659.25414 -6.77058
2451719.79282 0.65254
2451961.94751 -7.62624
2452022.48619 -1.75122
2452083.02486 0.19749
2452325.17956 -2.85580
2452385.71823 6.33569
2452446.25691 -1.62094
2452688.41160 6.16209
2452748.95028 4.85594
2452809.48895 -0.49867
2453051.64365 7.93091
2453112.18232 -0.90773
2453172.72099 3.97395
2453414.87569 0.28063
2453475.41436 -3.61220
2453535.95304 3.66212
2453778.10773 -8.74301
2453838.64641 -1.30034
2453899.18508 -1.97924
2454141.33978 -6.29123
2454201.87845 1.44465
2454262.41713 -6.83822
2454504.57182 2.94794
2454565.11050 0.36869
2454625.64917 -3.53706
2454867.80387 7.10652
2454928.34254 -1.24415
2454988.88122 5.21334
2455231.03591 2.38601
2455291.57459 0.72363
2455352.11326 7.59616
2455594.26796 -3.56292
2455654.80663 3.02899
2455715.34530 0.21952
2455957.50000 -3.69265
