2445000.00000 25.49736
2445060.53867 45.07458
2445121.07735 30.37699
2445423.77072 28.83971
2445484.30939 13.98017
2445544.84807 26.89969
2445787.00276 4.42661
2445847.54144 14.12181
2445908.08011 13.07916
2446150.23481 8.98529
2446210.77348 19.18987
2446271.31215 8.24625
2446513.46685 36.24556
2446574.00552 19.12226
2446634.54420 22.35046
2446876.69890 41.71441
2446937.23757 21.95350
2446997.77624 36.02705
2447239.93094 23.24184
2447300.46961 28.15692
2447361.00829 25.17849
2447603.16298 20.28203
2447663.70166 14.93126
2447724.24033 7.20034
2447966.39503 15.21752
2448026.93370 2.88189
2448087.47238 9.39437
2448329.62707 13.45353
2448390.16575 15.04124
2448450.70442 22.15067
2448692.85912 19.42385
2448753.39779 36.31398
2448813.93646 25.48104
2449056.09116 28.52919
2449116.62983 32.39191
2449177.16851 25.90820
2449419.32320 32.60514
2449479.86188 14.58424
2449540.40055 21.28416
2449782.55525 10.27255
2449843.09392 11.40604
2449903.63260 19.34175
2450145.78729 4.12016
2450206.32597 16.20871
2450266.86464 7.16460
2450509.01934 22.97187
2450569.55801 20.66433
2450630.09669 20.72466
2450872.25138 35.72963
2450932.79006 26.54776
2450993.32873 34.49933
2451235.48343 23.20795
2451296.02210 35.24705
2451356.56077 29.21072
2451598.71547 17.21532
2451659.25414 20.43241
2451719.79282 10.36801
2451961.94751 16.63588
2452022.48619 5.68837
2452083.02486 5.21807
2452325.17956 15.04161
2452385.71823 6.42673
2452446.25691 27.07818
2452688.41160 17.54849
2452748.95028 32.14217
2452809.48895 30.89052
2453051.64365 30.75155
2453112.18232 40.45403
2453172.72099 28.05926
2453414.87569 37.63625
2453475.41436 17.21401
2453535.95304 26.19533
2453778.10773 12.18828
2453838.64641 8.68050
2453899.18508 21.83762
2454141.33978 0.06716
2454201.87845 14.66591
2454262.41713 9.43754
2454504.57182 14.98415
2454565.11050 20.32258
2454625.64917 10.54455
2454867.80387 36.58090
2454928.34254 21.89981
2454988.88122 27.49673
2455231.03591 29.07985
2455291.57459 27.22099
2455352.11326 43.02968
2455594.26796 17.86126
2455654.80663 30.20718
2455715.34530 14.46746
2455957.50000 14.32451
