2445000.00000 5.31001
2445060.53867 2.07241
2445121.07735 4.44699
2445423.77072 2.26012
2445484.30939 5.12503
2445544.84807 5.12373
2445787.00276 -4.16429
2445847.54144 -1.98923
2445908.08011 -4.61899
2446150.23481 -2.92933
2446210.77348 -2.65163
2446271.31215 -6.21562
2446513.46685 5.56168
2446574.00552 3.68997
2446634.54420 2.49449
2446876.69890 4.83058
2446937.23757 1.75555
2446997.77624 3.27409
2447239.93094 -6.15688
2447300.46961 -6.03935
2447361.00829 -2.61626
2447603.16298 -9.71559
2447663.70166 -3.63212
2447724.24033 -2.12899
2447966.39503 3.65668
2448026.93370 5.57215
2448087.47238 4.14255
2448329.62707 10.78962
2448390.16575 6.97072
2448450.70442 2.88894
2448692.85912 1.04650
2448753.39779 -4.17016
2448813.93646 -5.92250
2449056.09116 -7.39478
2449116.62983 -9.56467
2449177.16851 -4.27960
2449419.32320 -4.47199
2449479.86188 0.78395
2449540.40055 4.72049
2449782.55525 5.15510
2449843.09392 7.89672
2449903.63260 7.62384
2450145.78729 5.37760
2450206.32597 2.74093
2450266.86464 -1.92285
2450509.01934 -2.80545
2450569.55801 -6.62875
2450630.09669 -9.63275
2450872.25138 -3.70431
2450932.79006 -4.78070
2450993.32873 -1.42636
2451235.48343 1.74187
2451296.02210 4.00930
2451356.56077 7.79225
2451598.71547 2.06100
2451659.25414 3.98047
2451719.79282 3.51272
2451961.94751 -2.73588
2452022.48619 -2.09301
2452083.02486 -4.86090
2452325.17956 -1.35172
2452385.71823 -2.33992
2452446.25691 -5.02180
2452688.41160 4.05087
2452748.95028 1.90197
2452809.48895 2.45532
2453051.64365 2.74519
2453112.18232 1.18848
2453172.72099 2.75286
2453414.87569 -4.53309
2453475.41436 -3.31395
2453535.95304 -1.65850
2453778.10773 -4.43191
2453838.64641 -1.68864
2453899.18508 -1.52234
2454141.33978 3.45337
2454201.87845 4.41168
2454262.41713 2.78517
2454504.57182 7.38510
2454565.11050 3.22700
2454625.64917 1.31518
2454867.80387 -0.88446
2454928.34254 -4.37254
2454988.88122 -3.53310
2455231.03591 -7.51163
2455291.57459 -7.55238
2455352.11326 -2.81565
2455594.26796 -1.88251
2455654.80663 2.08799
2455715.34530 5.22969
2455957.50000 5.21401
