2445000.00000 -2.31600
2445060.53867 -5.43905
2445121.07735 -1.79312
2445423.77072 9.73710
2445484.30939 6.85358
2445544.84807 3.45109
2445787.00276 3.34199
2445847.54144 4.76649
2445908.08011 9.36856
2446150.23481 2.41436
2446210.77348 -1.47771
2446271.31215 -10.01205
2446513.46685 -11.83770
2446574.00552 -8.22785
2446634.54420 -3.49231
2446876.69890 -0.44576
2446937.23757 -0.56902
2446997.77624 -4.79392
2447239.93094 1.55961
2447300.46961 3.83434
2447361.00829 9.94444
2447603.16298 10.97849
2447663.70166 8.75496
2447724.24033 2.10777
2447966.39503 -2.74581
2448026.93370 -3.74142
2448087.47238 0.03657
2448329.62707 -3.83930
2448390.16575 -4.46630
2448450.70442 -11.31407
2448692.85912 -8.03529
2448753.39779 -6.11208
2448813.93646 0.20091
2449056.09116 6.15112
2449116.62983 8.27074
2449177.16851 4.12982
2449419.32320 5.89570
2449479.86188 4.35847
2449540.40055 9.29362
2449782.55525 4.75515
2449843.09392 3.59303
2449903.63260 -4.17721
2450145.78729 -8.26538
2450206.32597 -10.73654
2450266.86464 -6.04753
2450509.01934 -4.90492
2450569.55801 -1.65990
2450630.09669 -6.08509
2450872.25138 0.79650
2450932.79006 0.04024
2450993.32873 5.53743
2451235.48343 6.83109
2451296.02210 14.11182
2451356.56077 5.88705
2451598.71547 2.49736
2451659.25414 -2.20338
2451719.79282 1.00402
2451961.94751 -5.59979
2452022.48619 -2.86012
2452083.02486 -8.72648
2452325.17956 -7.83112
2452385.71823 -9.52738
2452446.25691 -4.95159
2452688.41160 1.10140
2452748.95028 7.03909
2452809.48895 4.00476
2453051.64365 8.95282
2453112.18232 3.81847
2453172.72099 9.34882
2453414.87569 4.39819
2453475.41436 7.22420
2453535.95304 2.09612
2453778.10773 -4.55763
2453838.64641 -10.62521
2453899.18508 -8.74805
2454141.33978 -9.46360
2454201.87845 -3.50445
2454262.41713 -6.19476
2454504.57182 0.04106
2454565.11050 -3.44045
2454625.64917 0.94185
2454867.80387 6.39529
2454928.34254 10.84561
2454988.88122 9.80661
2455231.03591 7.01883
2455291.57459 1.07008
2455352.11326 1.96645
2455594.26796 -4.59745
2455654.80663 -0.74697
2455715.34530 -3.34063
2455957.50000 -6.92542
