2445000.00000 5.57815
2445060.53867 54.66274
2445121.07735 66.15848
2445423.77072 13.40807
2445484.30939 23.73521
2445544.84807 49.16729
2445787.00276 9.08936
2445847.54144 -38.61303
2445908.08011 -61.99057
2446150.23481 -70.32798
2446210.77348 -23.09048
2446271.31215 -29.06177
2446513.46685 -2.01191
2446574.00552 -23.70676
2446634.54420 19.10190
2446876.69890 63.59426
2446937.23757 72.96460
2446997.77624 30.58996
2447239.93094 0.88165
2447300.46961 8.16238
2447361.00829 39.74279
2447603.16298 -5.01104
2447663.70166 -50.59906
2447724.24033 -76.85074
2447966.39503 -68.34428
2448026.93370 -13.22090
2448087.47238 -13.04513
2448329.62707 17.62426
2448390.16575 -6.64626
2448450.70442 32.55263
2448692.85912 66.20649
2448753.39779 78.65427
2448813.93646 31.40790
2449056.09116 -14.33689
2449116.62983 -11.52473
2449177.16851 19.64734
2449419.32320 -14.77996
2449479.86188 -51.01833
2449540.40055 -65.27301
2449782.55525 -52.17968
2449843.09392 -4.07219
2449903.63260 3.79605
2450145.78729 38.44193
2450206.32597 8.77876
2450266.86464 41.56891
2450509.01934 57.51967
2450569.55801 71.39513
2450630.09669 18.58787
2450872.25138 -31.58427
2450932.79006 -31.39722
2450993.32873 1.48481
2451235.48343 -16.35592
2451296.02210 -50.94353
2451356.56077 -90.76814
2451598.71547 -50.34791
2451659.25414 11.63428
2451719.79282 22.17228
2451961.94751 56.90110
2452022.48619 18.50777
2452083.02486 29.77801
2452325.17956 44.40441
2452385.71823 47.78093
2452446.25691 8.04016
2452688.41160 -34.68063
2452748.95028 -48.14902
2452809.48895 -10.49009
2453051.64365 -17.18850
2453112.18232 -38.71895
2453172.72099 -67.28867
2453414.87569 -27.68112
2453475.41436 27.76581
2453535.95304 37.56332
2453778.10773 52.15191
2453838.64641 22.51989
2453899.18508 38.34648
2454141.33978 25.50930
2454201.87845 39.76523
2454262.41713 -4.93295
2454504.57182 -56.09298
2454565.11050 -56.58621
2454625.64917 -20.54503
2454867.80387 -14.10851
2454928.34254 -27.25290
2454988.88122 -55.18766
2455231.03591 -14.20124
2455291.57459 33.72687
2455352.11326 57.67774
2455594.26796 66.93248
2455654.80663 21.66827
2455715.34530 36.06732
2455957.50000 14.01580
