2445000.00000 10.76191
2445060.53867 -0.56558
2445121.07735 19.26783
2445423.77072 20.05599
2445484.30939 4.26342
2445544.84807 8.74279
2445787.00276 2.75660
2445847.54144 2.93324
2445908.08011 12.52444
2446150.23481 -5.50185
2446210.77348 8.82708
2446271.31215 -11.92641
2446513.46685 2.95692
2446574.00552 -18.79165
2446634.54420 -5.12309
2446876.69890 -18.76712
2446937.23757 -7.67704
2446997.77624 -5.83325
2447239.93094 -8.88051
2447300.46961 -0.81982
2447361.00829 -17.02656
2447603.16298 8.68669
2447663.70166 -10.42080
2447724.24033 10.85169
2447966.39503 -4.40716
2448026.93370 13.80770
2448087.47238 5.91543
2448329.62707 17.84771
2448390.16575 11.65026
2448450.70442 2.55707
2448692.85912 13.21783
2448753.39779 -1.04466
2448813.93646 22.44731
2449056.09116 -6.83327
2449116.62983 13.65689
2449177.16851 -8.05771
2449419.32320 4.23747
2449479.86188 -11.35270
2449540.40055 -12.31206
2449782.55525 -10.88329
2449843.09392 -18.21259
2449903.63260 -1.00365
2450145.78729 -21.18707
2450206.32597 1.87009
2450266.86464 -20.46280
2450509.01934 7.41249
2450569.55801 -11.29715
2450630.09669 1.49162
2450872.25138 -3.35399
2450932.79006 7.16555
2450993.32873 14.84853
2451235.48343 12.08455
2451296.02210 22.18214
2451356.56077 -0.14701
2451598.71547 23.87387
2451659.25414 -1.12403
2451719.79282 22.77815
2451961.94751 -6.08805
2452022.48619 9.24155
2452083.02486 4.17770
2452325.17956 0.82402
2452385.71823 -0.95686
2452446.25691 -13.51294
2452688.41160 -5.00789
2452748.95028 -23.63404
2452809.48895 -0.07293
2453051.64365 -28.38593
2453112.18232 -0.84010
2453172.72099 -13.23976
2453414.87569 2.37464
2453475.41436 -8.19680
2453535.95304 -11.23816
2453778.10773 2.24798
2453838.64641 -5.45341
2453899.18508 19.83326
2454141.33978 0.15357
2454201.87845 22.30224
2454262.41713 1.43302
2454504.57182 21.68425
2454565.11050 3.66930
2454625.64917 11.74502
2454867.80387 1.98151
2454928.34254 4.75288
2454988.88122 14.33173
2455231.03591 -5.01372
2455291.57459 8.64661
2455352.11326 -14.71657
2455594.26796 3.09244
2455654.80663 -22.90826
2455715.34530 -4.25120
2455957.50000 -22.31623
