2445000.00000 11.86952
2445060.53867 -1.25802
2445121.07735 -21.75681
2445423.77072 27.17049
2445484.30939 43.42775
2445544.84807 79.84314
2445787.00276 43.05819
2445847.54144 26.03553
2445908.08011 15.40086
2446150.23481 95.13948
2446210.77348 104.96333
2446271.31215 114.61260
2446513.46685 31.33377
2446574.00552 16.65118
2446634.54420 19.15709
2446876.69890 81.66570
2446937.23757 71.15183
2446997.77624 73.46038
2447239.93094 -30.78580
2447300.46961 -37.90754
2447361.00829 -28.99337
2447603.16298 13.18211
2447663.70166 -0.04533
2447724.24033 -26.32840
2447966.39503 -81.77190
2448026.93370 -71.04587
2448087.47238 -65.65640
2448329.62707 -38.29926
2448390.16575 -61.25392
2448450.70442 -82.82426
2448692.85912 -77.51928
2448753.39779 -59.32677
2448813.93646 -37.21685
2449056.09116 -19.36506
2449116.62983 -37.89382
2449177.16851 -63.99757
2449419.32320 -9.28591
2449479.86188 22.28539
2449540.40055 45.86876
2449782.55525 16.85993
2449843.09392 5.92340
2449903.63260 -0.54251
2450145.78729 66.11225
2450206.32597 81.96027
2450266.86464 99.94405
2450509.01934 41.16233
2450569.55801 26.89080
2450630.09669 24.57389
2450872.25138 108.22343
2450932.79006 90.81453
2450993.32873 81.22676
2451235.48343 -4.95253
2451296.02210 -9.73453
2451356.56077 -1.74161
2451598.71547 49.78644
2451659.25414 23.87314
2451719.79282 4.89731
2451961.94751 -77.57836
2452022.48619 -59.46189
2452083.02486 -54.83364
2452325.17956 -22.40744
2452385.71823 -44.18055
2452446.25691 -75.58151
2452688.41160 -92.00264
2452748.95028 -77.83918
2452809.48895 -50.01896
2453051.64365 -37.65520
2453112.18232 -58.51782
2453172.72099 -82.56286
2453414.87569 -38.42178
2453475.41436 -10.24309
2453535.95304 11.02811
2453778.10773 -2.44980
2453838.64641 -16.81227
2453899.18508 -25.85649
2454141.33978 57.50704
2454201.87845 80.92554
2454262.41713 73.61482
2454504.57182 36.12600
2454565.11050 20.69681
2454625.64917 26.37929
2454867.80387 112.86751
2454928.34254 96.71406
2454988.88122 104.40744
2455231.03591 15.97377
2455291.57459 10.75820
2455352.11326 20.37291
2455594.26796 72.78032
2455654.80663 61.85581
2455715.34530 41.97570
2455957.50000 -46.78778
