2445000.00000 2.71957
2445060.53867 -0.94631
2445121.07735 0.13857
2445423.77072 -11.45844
2445484.30939 -10.87635
2445544.84807 -8.13476
2445787.00276 -17.43299
2445847.54144 -21.28201
2445908.08011 -12.16888
2446150.23481 -11.68820
2446210.77348 -11.18651
2446271.31215 -12.92055
2446513.46685 -0.06399
2446574.00552 -2.86754
2446634.54420 -2.27661
2446876.69890 10.62702
2446937.23757 8.30691
2446997.77624 5.56859
2447239.93094 18.58918
2447300.46961 11.91751
2447361.00829 5.95221
2447603.16298 11.33029
2447663.70166 7.60603
2447724.24033 1.16914
2447966.39503 1.89586
2448026.93370 -0.52178
2448087.47238 -6.71675
2448329.62707 -5.74348
2448390.16575 -6.99965
2448450.70442 -10.88561
2448692.85912 -10.85029
2448753.39779 -4.23350
2448813.93646 -5.06097
2449056.09116 -4.18766
2449116.62983 2.71166
2449177.16851 5.72068
2449419.32320 4.18823
2449479.86188 9.45955
2449540.40055 15.41693
2449782.55525 7.35556
2449843.09392 13.41912
2449903.63260 20.85189
2450145.78729 5.30084
2450206.32597 5.06962
2450266.86464 9.48277
2450509.01934 -6.73341
2450569.55801 -7.11941
2450630.09669 -4.21735
2450872.25138 -10.80790
2450932.79006 -16.36779
2450993.32873 -16.46674
2451235.48343 -14.43223
2451296.02210 -21.98942
2451356.56077 -18.57975
2451598.71547 -6.43988
2451659.25414 -9.79785
2451719.79282 -6.50800
2451961.94751 6.47438
2452022.48619 2.88944
2452083.02486 1.85674
2452325.17956 16.56332
2452385.71823 13.19481
2452446.25691 8.62249
2452688.41160 20.24829
2452748.95028 12.10574
2452809.48895 6.09641
2453051.64365 8.89218
2453112.18232 3.96786
2453172.72099 -2.42909
2453414.87569 -4.40402
2453475.41436 -4.39638
2453535.95304 -8.20090
2453778.10773 -10.27897
2453838.64641 -7.60311
2453899.18508 -8.74922
2454141.33978 -9.92335
2454201.87845 -2.21335
2454262.41713 0.08109
2454504.57182 -0.18470
2454565.11050 8.13443
2454625.64917 11.55625
2454867.80387 6.69306
2454928.34254 12.96384
2454988.88122 18.49597
2455231.03591 7.66964
2455291.57459 11.61768
2455352.11326 14.84944
2455594.26796 -1.01274
2455654.80663 -1.16805
2455715.34530 2.81599
2455957.50000 -12.26222
