2445000.00000 1.24791
2445060.53867 -0.49438
2445121.07735 -2.89219
2445423.77072 -5.96512
2445484.30939 -6.71427
2445544.84807 -4.38792
2445787.00276 -8.19336
2445847.54144 -6.29513
2445908.08011 -4.91363
2446150.23481 -4.48039
2446210.77348 -3.96598
2446271.31215 -5.42753
2446513.46685 -1.33620
2446574.00552 -2.92249
2446634.54420 -4.19249
2446876.69890 -0.60298
2446937.23757 -1.12283
2446997.77624 0.91420
2447239.93094 1.68804
2447300.46961 4.03103
2447361.00829 5.71734
2447603.16298 5.05061
2447663.70166 8.12911
2447724.24033 6.86921
2447966.39503 7.71532
2448026.93370 6.56642
2448087.47238 4.24286
2448329.62707 4.55707
2448390.16575 1.82393
2448450.70442 1.84948
2448692.85912 -0.79463
2448753.39779 -0.42025
2448813.93646 1.08717
2449056.09116 -3.32268
2449116.62983 -1.23949
2449177.16851 -1.65388
2449419.32320 -3.41581
2449479.86188 -4.00372
2449540.40055 -5.78988
2449782.55525 -4.19652
2449843.09392 -7.08857
2449903.63260 -7.91418
2450145.78729 -6.04623
2450206.32597 -5.79992
2450266.86464 -3.28683
2450509.01934 -2.80504
2450569.55801 -0.80071
2450630.09669 0.65627
2450872.25138 1.83331
2450932.79006 3.65006
2450993.32873 2.00270
2451235.48343 5.34901
2451296.02210 4.05855
2451356.56077 2.74177
2451598.71547 4.17428
2451659.25414 3.44312
2451719.79282 5.09980
2451961.94751 3.49262
2452022.48619 4.03533
2452083.02486 5.92003
2452325.17956 2.36453
2452385.71823 3.60827
2452446.25691 2.57026
2452688.41160 1.74022
2452748.95028 0.10487
2452809.48895 -2.34570
2453051.64365 -2.06648
2453112.18232 -3.66098
2453172.72099 -4.69579
2453414.87569 -5.13137
2453475.41436 -5.07837
2453535.95304 -4.16180
2453778.10773 -5.74864
2453838.64641 -2.39832
2453899.18508 -3.32229
2454141.33978 -2.14389
2454201.87845 -1.50468
2454262.41713 -3.75475
2454504.57182 0.04377
2454565.11050 -1.07850
2454625.64917 -1.41713
2454867.80387 0.65189
2454928.34254 0.70371
2454988.88122 2.77016
2455231.03591 2.23841
2455291.57459 4.13446
2455352.11326 5.91077
2455594.26796 5.35342
2455654.80663 4.99470
2455715.34530 4.37612
2455957.50000 4.98667
