2445000.00000 -12.21894
2445060.53867 -0.30914
2445121.07735 -8.91623
2445423.77072 16.05883
2445484.30939 6.16353
2445544.84807 10.76751
2445787.00276 24.20442
2445847.54144 12.40051
2445908.08011 8.55985
2446150.23481 14.22662
2446210.77348 0.34253
2446271.31215 -4.82339
2446513.46685 -3.90485
2446574.00552 -15.13561
2446634.54420 -22.21175
2446876.69890 -9.30620
2446937.23757 -16.25101
2446997.77624 -25.36214
2447239.93094 3.29137
2447300.46961 -2.12740
2447361.00829 -4.78090
2447603.16298 22.25247
2447663.70166 16.65954
2447724.24033 10.51989
2447966.39503 22.21890
2448026.93370 16.17201
2448087.47238 5.63161
2448329.62707 8.62226
2448390.16575 0.53929
2448450.70442 -12.14491
2448692.85912 -9.98193
2448753.39779 -13.15183
2448813.93646 -24.92195
2449056.09116 -12.63972
2449116.62983 -11.76510
2449177.16851 -21.44341
2449419.32320 5.04957
2449479.86188 6.87260
2449540.40055 -2.49693
2449782.55525 21.80432
2449843.09392 26.38019
2449903.63260 11.63932
2450145.78729 22.14334
2450206.32597 20.10883
2450266.86464 2.19295
2450509.01934 0.81554
2450569.55801 0.19190
2450630.09669 -16.60140
2450872.25138 -17.73368
2450932.79006 -12.42073
2450993.32873 -32.13049
2451235.48343 -15.79770
2451296.02210 -5.78356
2451356.56077 -19.60883
2451598.71547 5.58714
2451659.25414 16.54857
2451719.79282 3.04381
2451961.94751 16.96385
2452022.48619 27.37270
2452083.02486 10.06809
2452325.17956 13.77890
2452385.71823 24.22330
2452446.25691 -0.20793
2452688.41160 -11.63337
2452748.95028 -1.39985
2452809.48895 -19.77611
2453051.64365 -27.35919
2453112.18232 -12.74652
2453172.72099 -26.28688
2453414.87569 -16.50234
2453475.41436 0.68523
2453535.95304 -11.38927
2453778.10773 4.84130
2453838.64641 23.17564
2453899.18508 11.13198
2454141.33978 15.01420
2454201.87845 32.00955
2454262.41713 16.42706
2454504.57182 3.59313
2454565.11050 16.36225
2454625.64917 -0.90960
2454867.80387 -16.00901
2454928.34254 -4.91650
2454988.88122 -22.19589
2455231.03591 -28.65745
2455291.57459 -11.46870
2455352.11326 -17.75428
2455594.26796 -15.55710
2455654.80663 5.26934
2455715.34530 -0.71647
2455957.50000 5.57043
