2445000.00000 1.40114
2445060.53867 14.30990
2445121.07735 22.34430
2445423.77072 21.66592
2445484.30939 8.73084
2445544.84807 9.25177
2445787.00276 15.49786
2445847.54144 28.00994
2445908.08011 38.53504
2446150.23481 40.59426
2446210.77348 36.75890
2446271.31215 23.16453
2446513.46685 21.82494
2446574.00552 7.94369
2446634.54420 16.23644
2446876.69890 4.09822
2446937.23757 23.03708
2446997.77624 19.88808
2447239.93094 22.20551
2447300.46961 14.83612
2447361.00829 5.44544
2447603.16298 14.35570
2447663.70166 16.06743
2447724.24033 36.38930
2447966.39503 24.00936
2448026.93370 39.71167
2448087.47238 29.84313
2448329.62707 31.51139
2448390.16575 12.71704
2448450.70442 9.55304
2448692.85912 1.74349
2448753.39779 10.54510
2448813.93646 21.07690
2449056.09116 15.34939
2449116.62983 23.97397
2449177.16851 11.34442
2449419.32320 22.56564
2449479.86188 11.00428
2449540.40055 24.92793
2449782.55525 17.55202
2449843.09392 37.24221
2449903.63260 40.69353
2450145.78729 34.34138
2450206.32597 20.42016
2450266.86464 10.03785
2450509.01934 6.75518
2450569.55801 3.63448
2450630.09669 19.44170
2450872.25138 13.33739
2450932.79006 26.63302
2450993.32873 18.31685
2451235.48343 29.59796
2451296.02210 15.53920
2451356.56077 13.18752
2451598.71547 20.31967
2451659.25414 26.35463
2451719.79282 44.70487
2451961.94751 28.67781
2452022.48619 30.56197
2452083.02486 15.73489
2452325.17956 12.55023
2452385.71823 2.88053
2452446.25691 9.84674
2452688.41160 3.69880
2452748.95028 20.20095
2452809.48895 23.95807
2453051.64365 30.82779
2453112.18232 22.90419
2453172.72099 11.36028
2453414.87569 19.94727
2453475.41436 20.49932
2453535.95304 36.65090
2453778.10773 25.90363
2453838.64641 34.23100
2453899.18508 28.66382
2454141.33978 23.11292
2454201.87845 8.42143
2454262.41713 3.38575
2454504.57182 0.01144
2454565.11050 9.62936
2454625.64917 23.60456
2454867.80387 22.75283
2454928.34254 22.77028
2454988.88122 17.16106
2455231.03591 28.68558
2455291.57459 16.12893
2455352.11326 31.07575
2455594.26796 18.19902
2455654.80663 32.08509
2455715.34530 38.98982
2455957.50000 34.83833
