2445000.00000 0.28452
2445060.53867 -3.62362
2445121.07735 4.07737
2445423.77072 -2.87204
2445484.30939 -0.63323
2445544.84807 5.89410
2445787.00276 -5.40234
2445847.54144 4.82313
2445908.08011 0.24139
2446150.23481 -1.55998
2446210.77348 -1.35085
2446271.31215 5.11009
2446513.46685 -7.34604
2446574.00552 3.04123
2446634.54420 3.54611
2446876.69890 -1.98333
2446937.23757 1.04580
2446997.77624 1.60062
2447239.93094 -4.21720
2447300.46961 -0.58399
2447361.00829 6.35371
2447603.16298 -7.22359
2447663.70166 3.29037
2447724.24033 0.71129
2447966.39503 -1.63438
2448026.93370 -2.56536
2448087.47238 7.02378
2448329.62707 -5.81901
2448390.16575 3.02575
2448450.70442 2.68881
2448692.85912 -1.12776
2448753.39779 -1.57261
2448813.93646 3.63987
2449056.09116 -5.02964
2449116.62983 -0.25151
2449177.16851 6.19974
2449419.32320 -3.13962
2449479.86188 1.08125
2449540.40055 1.51680
2449782.55525 -2.50145
2449843.09392 -2.92482
2449903.63260 7.62904
2450145.78729 -6.73654
2450206.32597 2.07558
2450266.86464 2.07387
2450509.01934 -0.26868
2450569.55801 -2.89648
2450630.09669 6.62128
2450872.25138 -6.00609
2450932.79006 0.03072
2450993.32873 4.43754
2451235.48343 -1.28410
2451296.02210 -1.46550
2451356.56077 2.53186
2451598.71547 -3.09373
2451659.25414 -4.09065
2451719.79282 7.42187
2451961.94751 -4.30307
2452022.48619 0.69727
2452083.02486 1.72545
2452325.17956 0.19029
2452385.71823 -4.18291
2452446.25691 7.56743
2452688.41160 -4.91619
2452748.95028 0.08824
2452809.48895 3.35991
2453051.64365 0.60949
2453112.18232 -3.57829
2453172.72099 4.71324
2453414.87569 -3.24210
2453475.41436 -3.34762
2453535.95304 6.46056
2453778.10773 -1.95249
2453838.64641 -0.97929
2453899.18508 1.83107
2454141.33978 0.18943
2454201.87845 -6.69602
2454262.41713 6.76711
2454504.57182 -3.51037
2454565.11050 -0.40083
2454625.64917 2.41948
2454867.80387 2.11236
2454928.34254 -5.72509
2454988.88122 6.16165
2455231.03591 -3.11574
2455291.57459 -2.48254
2455352.11326 4.84927
2455594.26796 1.14525
2455654.80663 -2.77984
2455715.34530 2.22180
2455957.50000 -0.13361
