2445000.00000 -2.15146
2445060.53867 20.86115
2445121.07735 16.08949
2445423.77072 7.46333
2445484.30939 -33.29296
2445544.84807 -0.19372
2445787.00276 -40.70912
2445847.54144 -23.25950
2445908.08011 -18.16367
2446150.23481 -29.85833
2446210.77348 2.77793
2446271.31215 -34.48024
2446513.46685 22.48322
2446574.00552 -3.50309
2446634.54420 2.12660
2446876.69890 34.17165
2446937.23757 6.03704
2446997.77624 51.91385
2447239.93094 2.68236
2447300.46961 38.40164
2447361.00829 21.95480
2447603.16298 6.60151
2447663.70166 17.77367
2447724.24033 -21.33041
2447966.39503 4.58624
2448026.93370 -43.15963
2448087.47238 -18.65685
2448329.62707 -31.24687
2448390.16575 -36.37739
2448450.70442 -3.62032
2448692.85912 -38.59958
2448753.39779 12.01234
2448813.93646 -14.86404
2449056.09116 29.80133
2449116.62983 21.33327
2449177.16851 1.06227
2449419.32320 47.02445
2449479.86188 4.76405
2449540.40055 45.96027
2449782.55525 2.34642
2449843.09392 18.25796
2449903.63260 32.94953
2450145.78729 -14.80412
2450206.32597 14.21589
2450266.86464 -34.09577
2450509.01934 -5.43230
2450569.55801 -36.62586
2450630.09669 -41.42995
2450872.25138 -20.41502
2450932.79006 -36.63294
2450993.32873 3.61960
2451235.48343 -21.37978
2451296.02210 19.67550
2451356.56077 11.62963
2451598.71547 22.66009
2451659.25414 39.48368
2451719.79282 3.80842
2451961.94751 51.85143
2452022.48619 7.70677
2452083.02486 24.22287
2452325.17956 4.59584
2452385.71823 -8.29734
2452446.25691 26.21367
2452688.41160 -41.44206
2452748.95028 1.27037
2452809.48895 -39.33651
2453051.64365 -19.12682
2453112.18232 -18.29708
2453172.72099 -51.81496
2453414.87569 2.18253
2453475.41436 -34.02163
2453535.95304 6.90134
2453778.10773 -6.96031
2453838.64641 14.78596
2453899.18508 30.75044
2454141.33978 14.16719
2454201.87845 52.68973
2454262.41713 9.79729
2454504.57182 37.25461
2454565.11050 10.44610
2454625.64917 4.14509
2454867.80387 8.02013
2454928.34254 -27.89502
2454988.88122 11.99771
2455231.03591 -49.62508
2455291.57459 -16.19017
2455352.11326 -22.23300
2455594.26796 -29.28876
2455654.80663 -6.15496
2455715.34530 -50.83670
2455957.50000 17.25958
