2445000.00000 13.42434
2445060.53867 75.63925
2445121.07735 59.77594
2445423.77072 56.39052
2445484.30939 5.56520
2445544.84807 42.74175
2445787.00276 -61.72017
2445847.54144 -16.64070
2445908.08011 -47.10590
2446150.23481 -46.18704
2446210.77348 -40.85699
2446271.31215 -75.73634
2446513.46685 9.93523
2446574.00552 -28.12505
2446634.54420 34.59676
2446876.69890 23.12685
2446937.23757 80.51671
2446997.77624 64.53660
2447239.93094 42.52345
2447300.46961 45.62427
2447361.00829 -9.47965
2447603.16298 0.02504
2447663.70166 -57.67144
2447724.24033 -27.21042
2447966.39503 -70.63958
2448026.93370 -46.25348
2448087.47238 -29.50584
2448329.62707 -19.02407
2448390.16575 26.22331
2448450.70442 -13.40581
2448692.85912 73.39998
2448753.39779 28.97504
2448813.93646 60.14492
2449056.09116 22.18917
2449116.62983 25.54452
2449177.16851 42.59396
2449419.32320 -36.63361
2449479.86188 -8.01000
2449540.40055 -64.27212
2449782.55525 -27.36912
2449843.09392 -60.93221
2449903.63260 -42.14316
2450145.78729 -13.24049
2450206.32597 -7.74179
2450266.86464 31.11311
2450509.01934 26.52785
2450569.55801 75.61769
2450630.09669 31.40864
2450872.25138 63.05206
2450932.79006 17.42329
2450993.32873 7.17120
2451235.48343 -20.77303
2451296.02210 -53.12115
2451356.56077 -15.41545
2451598.71547 -66.13957
2451659.25414 -24.44298
2451719.79282 -52.62357
2451961.94751 11.18095
2452022.48619 2.28194
2452083.02486 -1.38397
2452325.17956 60.12029
2452385.71823 21.41388
2452446.25691 64.80004
2452688.41160 8.34497
2452748.95028 41.73117
2452809.48895 10.17454
2453051.64365 -11.46993
2453112.18232 -26.76749
2453172.72099 -62.07668
2453414.87569 -35.22670
2453475.41436 -78.98739
2453535.95304 -15.30058
2453778.10773 -33.60001
2453838.64641 23.09734
2453899.18508 17.65897
2454141.33978 53.82187
2454201.87845 62.95731
2454262.41713 25.36226
2454504.57182 49.58845
2454565.11050 0.79291
2454625.64917 33.47680
2454867.80387 -49.93737
2454928.34254 -26.33204
2454988.88122 -32.05323
2455231.03591 -60.44096
2455291.57459 -27.64395
2455352.11326 -58.89205
2455594.26796 19.06132
2455654.80663 -18.82207
2455715.34530 29.49306
2455957.50000 35.02216
