2445000.00000 14.99613
2445060.53867 10.85591
2445121.07735 3.61754
2445423.77072 11.61016
2445484.30939 20.34542
2445544.84807 13.76693
2445787.00276 13.38027
2445847.54144 8.50976
2445908.08011 9.00502
2446150.23481 5.87402
2446210.77348 15.17343
2446271.31215 14.11850
2446513.46685 13.48917
2446574.00552 4.89675
2446634.54420 2.27255
2446876.69890 3.71268
2446937.23757 12.53338
2446997.77624 17.09095
2447239.93094 21.70597
2447300.46961 13.19766
2447361.00829 6.58137
2447603.16298 6.29541
2447663.70166 12.18560
2447724.24033 20.60998
2447966.39503 15.50463
2448026.93370 10.66835
2448087.47238 2.79474
2448329.62707 1.80201
2448390.16575 5.75962
2448450.70442 13.35085
2448692.85912 13.01024
2448753.39779 11.02834
2448813.93646 5.56368
2449056.09116 8.40312
2449116.62983 9.13878
2449177.16851 16.72362
2449419.32320 18.32894
2449479.86188 15.90436
2449540.40055 8.74063
2449782.55525 7.06471
2449843.09392 3.20813
2449903.63260 9.51362
2450145.78729 8.19716
2450206.32597 11.73376
2450266.86464 6.84446
2450509.01934 9.58309
2450569.55801 4.82297
2450630.09669 12.46415
2450872.25138 15.43697
2450932.79006 17.03252
2450993.32873 12.68506
2451235.48343 13.91063
2451296.02210 5.99874
2451356.56077 8.79937
2451598.71547 4.59735
2451659.25414 13.64801
2451719.79282 12.90044
2451961.94751 13.14533
2452022.48619 3.65925
2452083.02486 2.55356
2452325.17956 5.04260
2452385.71823 12.62196
2452446.25691 20.12679
2452688.41160 16.22204
2452748.95028 9.60628
2452809.48895 7.26648
2453051.64365 5.59638
2453112.18232 12.55973
2453172.72099 18.59418
2453414.87569 16.58707
2453475.41436 8.25681
2453535.95304 0.64380
2453778.10773 1.18263
2453838.64641 6.88871
2453899.18508 17.62650
2454141.33978 17.67316
2454201.87845 12.78644
2454262.41713 7.56736
2454504.57182 8.93975
2454565.11050 9.40504
2454625.64917 17.30409
2454867.80387 16.13969
2454928.34254 17.01507
2454988.88122 6.63595
2455231.03591 3.35626
2455291.57459 1.13892
2455352.11326 11.91732
2455594.26796 11.66825
2455654.80663 14.38117
2455715.34530 7.06895
2455957.50000 10.27234
