2445000.00000 8.06088
2445060.53867 8.97787
2445121.07735 9.58632
2445423.77072 8.52900
2445484.30939 5.81649
2445544.84807 5.41059
2445787.00276 14.97254
2445847.54144 10.39863
2445908.08011 4.71803
2446150.23481 10.71739
2446210.77348 13.26187
2446271.31215 11.32451
2446513.46685 3.18696
2446574.00552 7.20648
2446634.54420 11.11306
2446876.69890 5.70011
2446937.23757 3.96742
2446997.77624 4.78472
2447239.93094 14.10172
2447300.46961 10.74184
2447361.00829 7.76475
2447603.16298 17.06409
2447663.70166 17.84890
2447724.24033 14.35080
2447966.39503 9.96780
2448026.93370 13.24589
2448087.47238 17.97553
2448329.62707 5.78040
2448390.16575 4.61237
2448450.70442 8.36767
2448692.85912 10.27305
2448753.39779 5.90249
2448813.93646 2.99823
2449056.09116 12.69260
2449116.62983 12.83017
2449177.16851 10.06941
2449419.32320 6.42839
2449479.86188 10.83558
2449540.40055 13.85391
2449782.55525 4.00362
2449843.09392 5.19088
2449903.63260 9.49803
2450145.78729 13.73540
2450206.32597 9.24605
2450266.86464 6.84274
2450509.01934 21.52982
2450569.55801 18.11665
2450630.09669 14.41323
2450872.25138 13.18373
2450932.79006 16.12525
2450993.32873 16.94994
2451235.48343 4.74524
2451296.02210 5.79714
2451356.56077 8.16656
2451598.71547 5.70291
2451659.25414 2.20781
2451719.79282 1.02212
2451961.94751 12.02702
2452022.48619 8.88442
2452083.02486 5.08166
2452325.17956 9.55315
2452385.71823 12.33870
2452446.25691 11.28051
2452688.41160 5.31221
2452748.95028 9.29286
2452809.48895 14.08965
2453051.64365 10.39288
2453112.18232 7.04245
2453172.72099 6.79775
2453414.87569 16.64624
2453475.41436 16.88394
2453535.95304 11.35630
2453778.10773 16.92081
2453838.64641 18.16826
2453899.18508 14.96378
2454141.33978 4.39461
2454201.87845 8.07470
2454262.41713 12.69555
2454504.57182 2.21909
2454565.11050 0.29490
2454625.64917 1.77384
2454867.80387 11.71569
2454928.34254 7.20387
2454988.88122 2.03124
2455231.03591 13.97318
2455291.57459 12.51413
2455352.11326 14.41961
2455594.26796 7.54956
2455654.80663 13.28272
2455715.34530 17.83523
2455957.50000 8.99753
