2445000.00000 18.73210
2445060.53867 5.12856
2445121.07735 13.36933
2445423.77072 16.25480
2445484.30939 29.07981
2445544.84807 12.96080
2445787.00276 28.68339
2445847.54144 11.18131
2445908.08011 27.96891
2446150.23481 5.81058
2446210.77348 16.36935
2446271.31215 12.39214
2446513.46685 13.94339
2446574.00552 15.80417
2446634.54420 4.59116
2446876.69890 28.88111
2446937.23757 12.33592
2446997.77624 32.30568
2447239.93094 12.74266
2447300.46961 20.65122
2447361.00829 18.68782
2447603.16298 15.27170
2447663.70166 15.35368
2447724.24033 3.65053
2447966.39503 12.20898
2448026.93370 3.56300
2448087.47238 22.21195
2448329.62707 10.39895
2448390.16575 29.82529
2448450.70442 16.04460
2448692.85912 31.56369
2448753.39779 23.05722
2448813.93646 15.86557
2449056.09116 14.84226
2449116.62983 5.62954
2449177.16851 19.86719
2449419.32320 2.78385
2449479.86188 19.63361
2449540.40055 5.99663
2449782.55525 28.06428
2449843.09392 17.44034
2449903.63260 22.34204
2450145.78729 20.30575
2450206.32597 17.08402
2450266.86464 32.55645
2450509.01934 9.22365
2450569.55801 19.49726
2450630.09669 2.40413
2450872.25138 19.26627
2450932.79006 4.18826
2450993.32873 14.65678
2451235.48343 14.83123
2451296.02210 19.11171
2451356.56077 22.25578
2451598.71547 23.53757
2451659.25414 27.22637
2451719.79282 11.51935
2451961.94751 22.68291
2452022.48619 2.81724
2452083.02486 17.44630
2452325.17956 2.15177
2452385.71823 16.09528
2452446.25691 14.36265
2452688.41160 20.99090
2452748.95028 26.16260
2452809.48895 14.37027
2453051.64365 31.23277
2453112.18232 13.08045
2453172.72099 32.96789
2453414.87569 4.03143
2453475.41436 17.92177
2453535.95304 10.16511
2453778.10773 15.59327
2453838.64641 14.35398
2453899.18508 4.58269
2454141.33978 24.47112
2454201.87845 10.60935
2454262.41713 27.17731
2454504.57182 13.58625
2454565.11050 31.16609
2454625.64917 14.38548
2454867.80387 22.15000
2454928.34254 11.95559
2454988.88122 7.20158
2455231.03591 12.26112
2455291.57459 4.53129
2455352.11326 22.11721
2455594.26796 10.97865
2455654.80663 37.12447
2455715.34530 14.70615
2455957.50000 32.18829
