2445000.00000 77.46155
2445060.53867 80.35509
2445121.07735 79.59133
2445423.77072 55.93247
2445484.30939 59.60981
2445544.84807 54.61521
2445787.00276 44.39394
2445847.54144 45.70793
2445908.08011 48.00819
2446150.23481 61.97094
2446210.77348 58.75405
2446271.31215 75.14025
2446513.46685 99.06561
2446574.00552 106.63477
2446634.54420 150.66010
2446876.69890 155.78075
2446937.23757 187.28971
2446997.77624 171.50248
2447239.93094 126.86387
2447300.46961 150.66585
2447361.00829 116.30384
2447603.16298 112.71903
2447663.70166 113.65107
2447724.24033 70.62074
2447966.39503 43.30211
2448026.93370 31.55236
2448087.47238 28.34825
2448329.62707 3.89456
2448390.16575 1.24365
2448450.70442 0.05269
2448692.85912 10.92798
2448753.39779 14.90111
2448813.93646 23.04406
2449056.09116 45.99067
2449116.62983 82.76372
2449177.16851 75.28326
2449419.32320 124.40248
2449479.86188 130.47730
2449540.40055 136.02731
2449782.55525 143.67223
2449843.09392 120.90768
2449903.63260 146.55672
2450145.78729 148.67154
2450206.32597 132.35817
2450266.86464 105.90881
2450509.01934 91.39153
2450569.55801 87.79083
2450630.09669 55.18931
2450872.25138 49.21334
2450932.79006 37.07380
2450993.32873 47.57335
2451235.48343 48.30066
2451296.02210 38.81409
2451356.56077 50.94034
2451598.71547 50.02520
2451659.25414 68.21071
2451719.79282 73.73921
2451961.94751 86.16348
2452022.48619 91.07220
2452083.02486 102.87172
2452325.17956 96.12227
2452385.71823 112.87174
2452446.25691 98.61264
2452688.41160 83.76740
2452748.95028 80.50389
2452809.48895 64.44974
2453051.64365 57.08220
2453112.18232 54.39168
2453172.72099 48.75891
2453414.87569 48.17283
2453475.41436 46.85739
2453535.95304 58.20470
2453778.10773 76.45541
2453838.64641 60.22403
2453899.18508 71.51471
2454141.33978 92.26175
2454201.87845 118.48236
2454262.41713 123.57580
2454504.57182 111.60021
2454565.11050 161.37596
2454625.64917 136.28106
2454867.80387 147.26107
2454928.34254 91.21729
2454988.88122 109.94435
2455231.03591 101.94251
2455291.57459 81.56149
2455352.11326 79.60580
2455594.26796 47.73319
2455654.80663 32.19537
2455715.34530 28.15103
2455957.50000 9.20062
