2445000.00000 10.03512
2445050.72917 9.49435
2445101.45833 7.00024
2445152.18750 7.35957
2445405.83333 9.96053
2445456.56250 6.01264
2445507.29167 6.29277
2445760.93750 7.83256
2445811.66667 7.44219
2445862.39583 4.80360
2446116.04167 10.38103
2446166.77083 7.98906
2446217.50000 6.29031
2446268.22917 3.68755
2446471.14583 5.57515
2446521.87500 6.99753
2446572.60417 7.34703
2446623.33333 5.30343
2446826.25000 6.20455
2446876.97917 8.26203
2446927.70833 8.18026
2446978.43750 8.20851
2447232.08333 8.54722
2447282.81250 11.41558
2447333.54167 10.03188
2447587.18750 7.00266
2447637.91667 8.84072
2447688.64583 12.62395
2447942.29167 6.31804
2447993.02083 8.57106
2448043.75000 10.34121
2448094.47917 11.64571
2448297.39583 7.45400
2448348.12500 6.73687
2448398.85417 8.29473
2448449.58333 12.50652
2448652.50000 8.86214
2448703.22917 6.20050
2448753.95833 6.40631
2448804.68750 8.78981
2449058.33333 5.75758
2449109.06250 4.69855
2449159.79167 4.80320
2449413.43750 7.80271
2449464.16667 3.72763
2449514.89583 2.21129
2449768.54167 7.87621
2449819.27083 5.11644
2449870.00000 1.86731
2449920.72917 1.18968
2450123.64583 8.93734
2450174.37500 8.58180
2450225.10417 4.52855
2450275.83333 2.49543
2450478.75000 8.78196
2450529.47917 10.12393
2450580.20833 9.16463
2450630.93750 6.70418
2450884.58333 10.49351
2450935.31250 10.62599
2450986.04167 10.79685
2451239.68750 11.15425
2451290.41667 13.61370
2451341.14583 14.97496
2451594.79167 9.92714
2451645.52083 10.16176
2451696.25000 13.05634
2451746.97917 17.16671
2451949.89583 5.29127
2452000.62500 8.92221
2452051.35417 11.67844
2452102.08333 15.97533
2452305.00000 3.92619
2452355.72917 5.76609
2452406.45833 7.54507
2452457.18750 9.49670
2452710.83333 2.49767
2452761.56250 2.46710
2452812.29167 5.40712
2453065.93750 2.27656
2453116.66667 0.44547
2453167.39583 1.15245
2453421.04167 4.56703
2453471.77083 1.67135
2453522.50000 0.12409
2453573.22917 1.18902
2453776.14583 9.39974
2453826.87500 5.35575
2453877.60417 3.08120
2453928.33333 1.28950
2454131.25000 13.34108
2454181.97917 10.44362
2454232.70833 7.34230
2454283.43750 5.47467
2454537.08333 15.38779
2454587.81250 14.05712
2454638.54167 11.79384
2454892.18750 17.63016
2454942.91667 18.71744
2454993.64583 11.37737
2455247.29167 12.35977
2455298.02083 17.99906
2455348.75000 15.99293
2455399.47917 12.08853
2455602.39583 8.22676
2455653.12500 10.33194
2455703.85417 13.12433
2455754.58333 10.17634
2455957.50000 3.21259
