2445000.00000 9.95518
2445050.72917 -0.07723
2445101.45833 -0.21958
2445152.18750 10.66953
2445405.83333 10.33788
2445456.56250 20.53752
2445507.29167 13.21124
2445760.93750 15.11512
2445811.66667 2.02363
2445862.39583 -4.56415
2446116.04167 -9.10582
2446166.77083 -3.84851
2446217.50000 5.82091
2446268.22917 7.24223
2446471.14583 0.22006
2446521.87500 2.31395
2446572.60417 -8.00672
2446623.33333 -17.96918
2446826.25000 -10.13710
2446876.97917 -20.94506
2446927.70833 -19.34918
2446978.43750 -7.23879
2447232.08333 -5.81143
2447282.81250 3.05805
2447333.54167 -2.33397
2447587.18750 5.54298
2447637.91667 -7.32647
2447688.64583 -9.58271
2447942.29167 -4.68539
2447993.02083 6.24086
2448043.75000 19.61252
2448094.47917 20.26549
2448297.39583 16.87643
2448348.12500 20.86045
2448398.85417 10.16311
2448449.58333 0.00721
2448652.50000 8.04800
2448703.22917 -1.92582
2448753.95833 2.52978
2448804.68750 16.37328
2449058.33333 8.54819
2449109.06250 12.23651
2449159.79167 2.14642
2449413.43750 -2.00604
2449464.16667 -17.02487
2449514.89583 -21.89978
2449768.54167 -25.71165
2449819.27083 -11.73312
2449870.00000 -0.38917
2449920.72917 -5.57873
2450123.64583 0.07922
2450174.37500 -1.81512
2450225.10417 -13.87825
2450275.83333 -21.64415
2450478.75000 -8.80020
2450529.47917 -15.47893
2450580.20833 -6.72939
2450630.93750 9.02987
2450884.58333 12.38911
2450935.31250 18.42297
2450986.04167 6.98538
2451239.68750 12.34393
2451290.41667 0.68746
2451341.14583 4.17797
2451594.79167 1.94368
2451645.52083 15.15670
2451696.25000 25.49414
2451746.97917 13.22076
2451949.89583 18.18388
2452000.62500 11.30502
2452051.35417 -4.33031
2452102.08333 -10.73068
2452305.00000 -10.68098
2452355.72917 -19.56778
2452406.45833 -6.21481
2452457.18750 4.56442
2452710.83333 -0.77727
2452761.56250 -1.53402
2452812.29167 -16.09911
2453065.93750 -15.99478
2453116.66667 -24.91260
2453167.39583 -16.87577
2453421.04167 -16.76727
2453471.77083 0.50722
2453522.50000 7.15486
2453573.22917 -1.62020
2453776.14583 16.26830
2453826.87500 6.54672
2453877.60417 -5.66263
2453928.33333 -4.87477
2454131.25000 1.01737
2454181.97917 -0.73723
2454232.70833 12.65203
2454283.43750 23.95136
2454537.08333 25.94117
2454587.81250 17.95349
2454638.54167 4.93840
2454892.18750 2.61313
2454942.91667 -6.39270
2454993.64583 1.60694
2455247.29167 -6.04477
2455298.02083 7.07353
2455348.75000 7.65504
2455399.47917 -5.08976
2455602.39583 2.53094
2455653.12500 -7.70143
2455703.85417 -19.94665
2455754.58333 -20.94428
2455957.50000 -22.79583
