2445000.00000 16.26049
2445050.72917 19.05138
2445101.45833 23.31586
2445152.18750 31.75551
2445405.83333 26.53051
2445456.56250 30.72398
2445507.29167 27.35914
2445760.93750 17.98218
2445811.66667 16.06076
2445862.39583 16.24187
2446116.04167 8.74499
2446166.77083 6.58621
2446217.50000 6.98148
2446268.22917 5.63178
2446471.14583 17.03933
2446521.87500 19.98246
2446572.60417 21.73228
2446623.33333 27.40404
2446826.25000 34.45240
2446876.97917 29.61506
2446927.70833 33.42522
2446978.43750 26.27730
2447232.08333 6.59801
2447282.81250 4.76230
2447333.54167 3.94286
2447587.18750 10.52129
2447637.91667 11.39321
2447688.64583 15.48638
2447942.29167 20.89289
2447993.02083 30.24174
2448043.75000 28.54360
2448094.47917 24.94515
2448297.39583 38.11614
2448348.12500 32.97706
2448398.85417 27.03649
2448449.58333 27.03766
2448652.50000 10.50397
2448703.22917 5.34096
2448753.95833 3.07496
2448804.68750 1.05587
2449058.33333 9.74090
2449109.06250 15.14715
2449159.79167 17.11231
2449413.43750 30.76604
2449464.16667 37.59895
2449514.89583 33.00870
2449768.54167 24.35132
2449819.27083 16.09289
2449870.00000 16.55941
2449920.72917 12.67674
2450123.64583 12.10100
2450174.37500 9.36637
2450225.10417 6.83655
2450275.83333 7.32496
2450478.75000 9.09639
2450529.47917 12.27315
2450580.20833 14.22489
2450630.93750 19.69691
2450884.58333 34.22569
2450935.31250 39.54367
2450986.04167 34.99207
2451239.68750 19.27265
2451290.41667 11.59218
2451341.14583 7.66218
2451594.79167 5.15955
2451645.52083 6.78881
2451696.25000 9.34652
2451746.97917 12.17880
2451949.89583 22.50771
2452000.62500 22.73081
2452051.35417 24.36056
2452102.08333 26.25447
2452305.00000 27.82691
2452355.72917 29.79246
2452406.45833 26.73247
2452457.18750 23.74851
2452710.83333 14.83634
2452761.56250 14.71071
2452812.29167 9.35988
2453065.93750 2.52207
2453116.66667 4.30739
2453167.39583 8.25672
2453421.04167 25.43847
2453471.77083 36.19118
2453522.50000 32.78159
2453573.22917 42.43640
2453776.14583 27.20650
2453826.87500 21.61927
2453877.60417 18.20892
2453928.33333 19.98487
2454131.25000 12.30827
2454181.97917 10.33520
2454232.70833 9.69754
2454283.43750 9.19990
2454537.08333 8.82266
2454587.81250 9.95451
2454638.54167 12.67068
2454892.18750 29.52523
2454942.91667 32.15661
2454993.64583 28.93459
2455247.29167 24.35088
2455298.02083 25.46261
2455348.75000 20.40952
2455399.47917 14.58578
2455602.39583 3.43819
2455653.12500 3.47691
2455703.85417 4.26016
2455754.58333 5.36590
2455957.50000 18.60985
