2445000.00000 53.76712
2445050.72917 36.09253
2445101.45833 49.30299
2445152.18750 44.85963
2445405.83333 24.33251
2445456.56250 22.87948
2445507.29167 13.23560
2445760.93750 2.28052
2445811.66667 1.46828
2445862.39583 0.93623
2446116.04167 8.35144
2446166.77083 9.65271
2446217.50000 13.96001
2446268.22917 18.86479
2446471.14583 27.42028
2446521.87500 36.35398
2446572.60417 40.02443
2446623.33333 54.00882
2446826.25000 56.39250
2446876.97917 58.34811
2446927.70833 54.94238
2446978.43750 50.15258
2447232.08333 43.32762
2447282.81250 41.38464
2447333.54167 41.08666
2447587.18750 28.37500
2447637.91667 23.43925
2447688.64583 23.49892
2447942.29167 17.57346
2447993.02083 16.19669
2448043.75000 18.25179
2448094.47917 18.72271
2448297.39583 28.32524
2448348.12500 31.92349
2448398.85417 37.32476
2448449.58333 33.52259
2448652.50000 36.76868
2448703.22917 39.93636
2448753.95833 42.42482
2448804.68750 47.71525
2449058.33333 33.36683
2449109.06250 39.53855
2449159.79167 32.80811
2449413.43750 17.71750
2449464.16667 13.33480
2449514.89583 11.95872
2449768.54167 10.37333
2449819.27083 8.95356
2449870.00000 10.72471
2449920.72917 13.78173
2450123.64583 24.17625
2450174.37500 27.04628
2450225.10417 33.89595
2450275.83333 31.80132
2450478.75000 54.34799
2450529.47917 50.55102
2450580.20833 52.92763
2450630.93750 52.33469
2450884.58333 70.99405
2450935.31250 66.83599
2450986.04167 48.76449
2451239.68750 36.79505
2451290.41667 27.66849
2451341.14583 32.51080
2451594.79167 13.53995
2451645.52083 13.24611
2451696.25000 10.71726
2451746.97917 11.67774
2451949.89583 7.41662
2452000.62500 11.08134
2452051.35417 12.04064
2452102.08333 11.85248
2452305.00000 20.64588
2452355.72917 21.41482
2452406.45833 23.28545
2452457.18750 35.27100
2452710.83333 43.49371
2452761.56250 44.47152
2452812.29167 43.33911
2453065.93750 43.63344
2453116.66667 40.61959
2453167.39583 31.07747
2453421.04167 31.69849
2453471.77083 34.84333
2453522.50000 29.64091
2453573.22917 26.46749
2453776.14583 23.90667
2453826.87500 24.73879
2453877.60417 25.52708
2453928.33333 29.28682
2454131.25000 31.95927
2454181.97917 30.36753
2454232.70833 27.83201
2454283.43750 33.19094
2454537.08333 39.64377
2454587.81250 36.77284
2454638.54167 36.79671
2454892.18750 39.42481
2454942.91667 35.65155
2454993.64583 36.58190
2455247.29167 28.20410
2455298.02083 30.58415
2455348.75000 22.12548
2455399.47917 22.72836
2455602.39583 15.76292
2455653.12500 11.53825
2455703.85417 15.27949
2455754.58333 13.44918
2455957.50000 14.08806
