2445000.00000 17.73797
2445050.72917 15.61246
2445101.45833 16.81888
2445152.18750 24.14978
2445405.83333 14.44307
2445456.56250 15.52176
2445507.29167 21.26512
2445760.93750 10.71732
2445811.66667 11.73826
2445862.39583 14.29378
2446116.04167 4.63062
2446166.77083 7.06123
2446217.50000 12.78047
2446268.22917 15.90894
2446471.14583 1.72688
2446521.87500 5.61885
2446572.60417 10.78791
2446623.33333 13.43985
2446826.25000 1.73278
2446876.97917 5.49889
2446927.70833 11.82762
2446978.43750 14.39284
2447232.08333 9.11048
2447282.81250 15.20484
2447333.54167 17.27653
2447587.18750 14.44081
2447637.91667 22.77566
2447688.64583 28.79644
2447942.29167 21.63297
2447993.02083 25.40306
2448043.75000 27.66991
2448094.47917 24.01659
2448297.39583 20.76892
2448348.12500 25.31607
2448398.85417 26.48393
2448449.58333 27.47076
2448652.50000 19.94532
2448703.22917 24.42944
2448753.95833 25.71871
2448804.68750 22.68651
2449058.33333 20.39909
2449109.06250 19.17586
2449159.79167 14.43837
2449413.43750 15.56145
2449464.16667 15.08118
2449514.89583 7.95466
2449768.54167 13.39120
2449819.27083 13.26526
2449870.00000 8.68157
2449920.72917 4.34857
2450123.64583 12.87799
2450174.37500 13.89611
2450225.10417 9.99795
2450275.83333 5.08593
2450478.75000 15.58616
2450529.47917 19.64230
2450580.20833 14.77694
2450630.93750 8.85889
2450884.58333 21.15466
2450935.31250 20.40982
2450986.04167 14.40015
2451239.68750 22.70950
2451290.41667 24.92904
2451341.14583 19.39856
2451594.79167 27.62241
2451645.52083 28.28582
2451696.25000 21.91780
2451746.97917 16.86947
2451949.89583 27.87979
2452000.62500 21.76131
2452051.35417 16.47168
2452102.08333 10.93526
2452305.00000 21.46468
2452355.72917 15.51934
2452406.45833 11.86135
2452457.18750 9.07557
2452710.83333 12.80427
2452761.56250 6.79042
2452812.29167 3.14583
2453065.93750 9.16828
2453116.66667 2.87588
2453167.39583 0.80552
2453421.04167 7.92901
2453471.77083 4.33679
2453522.50000 1.67017
2453573.22917 3.81553
2453776.14583 11.67832
2453826.87500 6.49377
2453877.60417 4.88563
2453928.33333 8.84677
2454131.25000 14.03713
2454181.97917 13.64255
2454232.70833 12.03433
2454283.43750 14.09500
2454537.08333 15.95896
2454587.81250 11.21617
2454638.54167 17.28287
2454892.18750 19.94035
2454942.91667 12.63080
2454993.64583 16.30777
2455247.29167 12.61252
2455298.02083 14.19928
2455348.75000 17.71529
2455399.47917 20.45622
2455602.39583 11.17762
2455653.12500 9.96179
2455703.85417 11.95440
2455754.58333 17.60080
2455957.50000 8.41877
