2445000.00000 73.45048
2445050.72917 89.59613
2445101.45833 95.83866
2445152.18750 91.20395
2445405.83333 102.46795
2445456.56250 114.41645
2445507.29167 129.94249
2445760.93750 126.08385
2445811.66667 92.19796
2445862.39583 105.69503
2446116.04167 71.82943
2446166.77083 76.58690
2446217.50000 71.68851
2446268.22917 67.92081
2446471.14583 40.50414
2446521.87500 25.89602
2446572.60417 18.66541
2446623.33333 16.51764
2446826.25000 6.64911
2446876.97917 6.37868
2446927.70833 5.01769
2446978.43750 7.10639
2447232.08333 20.60604
2447282.81250 20.40096
2447333.54167 24.00012
2447587.18750 54.05989
2447637.91667 53.50962
2447688.64583 52.35589
2447942.29167 94.53480
2447993.02083 82.80146
2448043.75000 87.90114
2448094.47917 91.11368
2448297.39583 87.33619
2448348.12500 85.32499
2448398.85417 56.05385
2448449.58333 81.95857
2448652.50000 60.45186
2448703.22917 65.04860
2448753.95833 62.02118
2448804.68750 57.04944
2449058.33333 46.96840
2449109.06250 58.01688
2449159.79167 56.91081
2449413.43750 74.58612
2449464.16667 81.54343
2449514.89583 75.22433
2449768.54167 99.28668
2449819.27083 108.03953
2449870.00000 106.61607
2449920.72917 113.18460
2450123.64583 126.78878
2450174.37500 131.88930
2450225.10417 113.28256
2450275.83333 113.86312
2450478.75000 89.00937
2450529.47917 75.08623
2450580.20833 72.12227
2450630.93750 69.72546
2450884.58333 33.50745
2450935.31250 33.31101
2450986.04167 26.73018
2451239.68750 7.54443
2451290.41667 7.62527
2451341.14583 7.11879
2451594.79167 12.66230
2451645.52083 20.62492
2451696.25000 27.02916
2451746.97917 25.87563
2451949.89583 50.71816
2452000.62500 58.77271
2452051.35417 52.57101
2452102.08333 67.69388
2452305.00000 91.25887
2452355.72917 88.37695
2452406.45833 83.05963
2452457.18750 88.70571
2452710.83333 84.49351
2452761.56250 91.62499
2452812.29167 82.53659
2453065.93750 72.65965
2453116.66667 56.88736
2453167.39583 56.22275
2453421.04167 59.33860
2453471.77083 56.33246
2453522.50000 47.28497
2453573.22917 50.92596
2453776.14583 80.37049
2453826.87500 82.23460
2453877.60417 66.56571
2453928.33333 89.58590
2454131.25000 104.44865
2454181.97917 98.91138
2454232.70833 105.70980
2454283.43750 121.63765
2454537.08333 104.93885
2454587.81250 115.68689
2454638.54167 121.20888
2454892.18750 87.64812
2454942.91667 79.97519
2454993.64583 72.83624
2455247.29167 37.46444
2455298.02083 38.89185
2455348.75000 36.15000
2455399.47917 27.77678
2455602.39583 7.13891
2455653.12500 4.97879
2455703.85417 2.91157
2455754.58333 1.22232
2455957.50000 4.33632
