2445000.00000 2.59310
2445050.72917 2.14730
2445101.45833 6.80101
2445152.18750 9.78967
2445405.83333 6.93695
2445456.56250 10.49671
2445507.29167 10.45286
2445760.93750 16.63495
2445811.66667 14.20853
2445862.39583 8.32419
2446116.04167 11.14701
2446166.77083 8.23074
2446217.50000 8.03636
2446268.22917 11.71798
2446471.14583 3.79839
2446521.87500 2.49856
2446572.60417 5.97413
2446623.33333 10.56051
2446826.25000 1.05812
2446876.97917 5.36125
2446927.70833 10.09595
2446978.43750 10.11503
2447232.08333 16.67948
2447282.81250 14.29136
2447333.54167 9.61565
2447587.18750 13.96186
2447637.91667 11.26221
2447688.64583 7.49341
2447942.29167 5.44321
2447993.02083 3.14164
2448043.75000 5.43174
2448094.47917 10.88148
2448297.39583 0.45371
2448348.12500 4.79106
2448398.85417 9.54617
2448449.58333 8.81849
2448652.50000 9.02209
2448703.22917 12.55594
2448753.95833 15.32314
2448804.68750 9.56017
2449058.33333 18.41629
2449109.06250 12.42802
2449159.79167 8.56882
2449413.43750 8.06590
2449464.16667 3.92138
2449514.89583 5.76954
2449768.54167 0.63984
2449819.27083 4.08253
2449870.00000 8.95317
2449920.72917 10.36393
2450123.64583 7.41819
2450174.37500 12.65835
2450225.10417 14.54767
2450275.83333 8.29844
2450478.75000 16.69705
2450529.47917 15.60492
2450580.20833 11.25163
2450630.93750 8.18157
2450884.58333 9.53828
2450935.31250 5.39340
2450986.04167 6.55354
2451239.68750 1.77290
2451290.41667 3.87425
2451341.14583 7.93002
2451594.79167 6.34813
2451645.52083 9.03596
2451696.25000 10.75269
2451746.97917 7.86767
2451949.89583 15.88430
2452000.62500 15.50270
2452051.35417 12.19255
2452102.08333 7.68811
2452305.00000 13.63028
2452355.72917 9.77692
2452406.45833 5.27107
2452457.18750 6.68548
2452710.83333 2.42901
2452761.56250 3.54807
2452812.29167 6.79968
2453065.93750 3.67153
2453116.66667 9.58229
2453167.39583 10.81416
2453421.04167 11.50579
2453471.77083 16.32455
2453522.50000 11.60137
2453573.22917 8.23226
2453776.14583 15.98626
2453826.87500 12.25151
2453877.60417 8.58457
2453928.33333 7.51994
2454131.25000 6.25559
2454181.97917 3.31070
2454232.70833 3.44547
2454283.43750 7.66878
2454537.08333 3.28059
2454587.81250 8.09907
2454638.54167 10.36188
2454892.18750 11.57207
2454942.91667 12.48684
2454993.64583 13.27730
2455247.29167 14.65524
2455298.02083 12.69696
2455348.75000 7.88953
2455399.47917 7.69886
2455602.39583 9.78085
2455653.12500 4.54424
2455703.85417 4.64113
2455754.58333 6.85120
2455957.50000 2.27558
