2445000.00000 -2.76247
2445050.72917 -0.47768
2445101.45833 -1.27415
2445152.18750 -3.59137
2445405.83333 -4.13249
2445456.56250 -0.57316
2445507.29167 -3.15307
2445760.93750 -2.42613
2445811.66667 -1.69594
2445862.39583 0.47599
2446116.04167 2.27549
2446166.77083 -0.82825
2446217.50000 2.03547
2446268.22917 1.75168
2446471.14583 3.28944
2446521.87500 2.41057
2446572.60417 0.76661
2446623.33333 4.42318
2446826.25000 0.44376
2446876.97917 4.16420
2446927.70833 0.91555
2446978.43750 1.31492
2447232.08333 -0.33129
2447282.81250 1.38496
2447333.54167 -2.49537
2447587.18750 -3.33107
2447637.91667 -0.94732
2447688.64583 -2.03665
2447942.29167 -2.11483
2447993.02083 -4.13504
2448043.75000 -0.39128
2448094.47917 -3.60589
2448297.39583 0.67218
2448348.12500 -1.72157
2448398.85417 -0.91119
2448449.58333 1.20855
2448652.50000 0.35092
2448703.22917 2.75369
2448753.95833 -0.39096
2448804.68750 3.01714
2449058.33333 3.63965
2449109.06250 3.20092
2449159.79167 1.10276
2449413.43750 0.08899
2449464.16667 3.38553
2449514.89583 -0.09085
2449768.54167 -1.24134
2449819.27083 -1.16061
2449870.00000 0.53933
2449920.72917 -3.15129
2450123.64583 -0.47958
2450174.37500 -4.65562
2450225.10417 -1.08133
2450275.83333 -2.67897
2450478.75000 -1.44011
2450529.47917 -1.96309
2450580.20833 -3.91086
2450630.93750 0.14449
2450884.58333 2.00315
2450935.31250 -1.68668
2450986.04167 0.32316
2451239.68750 1.45129
2451290.41667 4.56237
2451341.14583 0.10858
2451594.79167 0.65171
2451645.52083 4.25938
2451696.25000 3.02009
2451746.97917 1.09020
2451949.89583 2.14580
2452000.62500 -0.40280
2452051.35417 2.97939
2452102.08333 -1.33694
2452305.00000 1.38817
2452355.72917 -2.67605
2452406.45833 -1.29841
2452457.18750 -0.44983
2452710.83333 -1.01973
2452761.56250 -5.34162
2452812.29167 -1.12364
2453065.93750 -0.93044
2453116.66667 -1.82836
2453167.39583 -3.36476
2453421.04167 -1.97495
2453471.77083 2.96905
2453522.50000 -1.03740
2453573.22917 1.57467
2453776.14583 0.95630
2453826.87500 2.32809
2453877.60417 5.00603
2453928.33333 0.61126
2454131.25000 4.73669
2454181.97917 0.37198
2454232.70833 4.28869
2454283.43750 2.13207
2454537.08333 1.07022
2454587.81250 -1.19429
2454638.54167 2.59858
2454892.18750 0.73661
2454942.91667 -4.07515
2454993.64583 -2.06077
2455247.29167 -3.61505
2455298.02083 -1.47837
2455348.75000 -5.14461
2455399.47917 -0.83312
2455602.39583 -4.90930
2455653.12500 0.10529
2455703.85417 -1.87326
2455754.58333 -2.35092
2455957.50000 0.74201
