2445000.00000 13.53285
2445050.72917 12.95891
2445101.45833 14.96714
2445152.18750 15.75575
2445405.83333 10.33278
2445456.56250 4.47678
2445507.29167 0.24998
2445760.93750 1.31904
2445811.66667 7.26532
2445862.39583 14.42520
2446116.04167 23.17506
2446166.77083 15.35000
2446217.50000 15.44021
2446268.22917 18.00096
2446471.14583 22.25702
2446521.87500 25.17722
2446572.60417 39.79260
2446623.33333 32.59277
2446826.25000 39.07538
2446876.97917 43.98396
2446927.70833 41.49931
2446978.43750 34.46378
2447232.08333 36.16932
2447282.81250 41.40316
2447333.54167 45.66570
2447587.18750 41.85069
2447637.91667 31.52127
2447688.64583 22.73063
2447942.29167 14.00841
2447993.02083 15.97113
2448043.75000 19.61631
2448094.47917 18.26225
2448297.39583 12.70092
2448348.12500 8.46658
2448398.85417 3.33811
2448449.58333 2.25818
2448652.50000 1.28982
2448703.22917 3.30864
2448753.95833 8.49402
2448804.68750 8.66033
2449058.33333 18.53388
2449109.06250 15.46334
2449159.79167 12.86273
2449413.43750 22.41973
2449464.16667 27.05814
2449514.89583 36.26367
2449768.54167 45.77648
2449819.27083 39.11431
2449870.00000 37.59200
2449920.72917 39.80568
2450123.64583 39.60740
2450174.37500 38.30670
2450225.10417 41.32792
2450275.83333 44.47071
2450478.75000 35.58245
2450529.47917 44.32122
2450580.20833 33.35501
2450630.93750 31.76187
2450884.58333 17.44439
2450935.31250 20.43222
2450986.04167 22.72394
2451239.68750 15.12662
2451290.41667 7.40526
2451341.14583 4.25669
2451594.79167 2.29240
2451645.52083 6.79831
2451696.25000 13.01052
2451746.97917 11.02083
2451949.89583 18.06288
2452000.62500 14.66095
2452051.35417 11.92630
2452102.08333 14.18071
2452305.00000 20.14162
2452355.72917 21.47145
2452406.45833 28.04978
2452457.18750 38.76783
2452710.83333 45.63308
2452761.56250 38.05184
2452812.29167 27.36938
2453065.93750 35.87726
2453116.66667 40.08761
2453167.39583 43.73268
2453421.04167 41.39649
2453471.77083 39.35939
2453522.50000 25.46038
2453573.22917 27.91529
2453776.14583 18.80260
2453826.87500 19.16485
2453877.60417 22.83470
2453928.33333 22.73345
2454131.25000 19.76670
2454181.97917 12.07324
2454232.70833 7.69770
2454283.43750 7.49776
2454537.08333 6.43787
2454587.81250 11.36783
2454638.54167 12.16724
2454892.18750 14.55851
2454942.91667 12.90272
2454993.64583 12.38536
2455247.29167 19.25378
2455298.02083 24.44790
2455348.75000 30.31550
2455399.47917 27.97651
2455602.39583 33.79206
2455653.12500 34.78970
2455703.85417 32.96084
2455754.58333 29.62998
2455957.50000 29.99997
