2445000.00000 15.14745
2445050.72917 18.87319
2445101.45833 12.79838
2445152.18750 18.72598
2445405.83333 11.59461
2445456.56250 9.73512
2445507.29167 14.82272
2445760.93750 8.55645
2445811.66667 8.27924
2445862.39583 9.92951
2446116.04167 7.37777
2446166.77083 8.14963
2446217.50000 12.02926
2446268.22917 4.54090
2446471.14583 7.68639
2446521.87500 9.47621
2446572.60417 13.39214
2446623.33333 6.15753
2446826.25000 9.07847
2446876.97917 14.88751
2446927.70833 14.68339
2446978.43750 10.20678
2447232.08333 16.49980
2447282.81250 18.87457
2447333.54167 12.36618
2447587.18750 22.25904
2447637.91667 20.64480
2447688.64583 16.78717
2447942.29167 26.79430
2447993.02083 26.83037
2448043.75000 21.40425
2448094.47917 28.56571
2448297.39583 26.09091
2448348.12500 23.46554
2448398.85417 21.59504
2448449.58333 24.61236
2448652.50000 25.00651
2448703.22917 18.25373
2448753.95833 22.65959
2448804.68750 24.30876
2449058.33333 17.54648
2449109.06250 15.25007
2449159.79167 25.57270
2449413.43750 13.14129
2449464.16667 13.24038
2449514.89583 15.96979
2449768.54167 8.51420
2449819.27083 11.15733
2449870.00000 11.41399
2449920.72917 5.32936
2450123.64583 5.59407
2450174.37500 8.59287
2450225.10417 10.11273
2450275.83333 3.31718
2450478.75000 4.05517
2450529.47917 8.60739
2450580.20833 8.10477
2450630.93750 4.14138
2450884.58333 10.44940
2450935.31250 9.91073
2450986.04167 6.69357
2451239.68750 16.69778
2451290.41667 13.39071
2451341.14583 11.13530
2451594.79167 19.43730
2451645.52083 18.71782
2451696.25000 18.04717
2451746.97917 21.09542
2451949.89583 21.37360
2452000.62500 21.75328
2452051.35417 22.17986
2452102.08333 25.44439
2452305.00000 27.47423
2452355.72917 18.79892
2452406.45833 29.33434
2452457.18750 29.23029
2452710.83333 22.02368
2452761.56250 23.13057
2452812.29167 30.75873
2453065.93750 16.15608
2453116.66667 19.03234
2453167.39583 26.92300
2453421.04167 17.52695
2453471.77083 18.02767
2453522.50000 19.77928
2453573.22917 11.93780
2453776.14583 9.44040
2453826.87500 15.42754
2453877.60417 13.33508
2453928.33333 9.74582
2454131.25000 5.42990
2454181.97917 10.91090
2454232.70833 10.62950
2454283.43750 5.35344
2454537.08333 8.90867
2454587.81250 6.31703
2454638.54167 3.45972
2454892.18750 9.63015
2454942.91667 5.82065
2454993.64583 4.87361
2455247.29167 12.69899
2455298.02083 9.73113
2455348.75000 6.57119
2455399.47917 12.67026
2455602.39583 19.69036
2455653.12500 12.35881
2455703.85417 14.04764
2455754.58333 18.53676
2455957.50000 23.22658
