2445000.00000 -6.34608
2445050.72917 -4.98901
2445101.45833 1.65822
2445152.18750 -1.70441
2445405.83333 -8.83061
2445456.56250 -4.18043
2445507.29167 2.16669
2445760.93750 0.09662
2445811.66667 -3.91300
2445862.39583 1.62710
2446116.04167 6.85319
2446166.77083 2.49537
2446217.50000 -0.79089
2446268.22917 6.20549
2446471.14583 4.36086
2446521.87500 5.94079
2446572.60417 -1.21296
2446623.33333 -3.76778
2446826.25000 -6.31626
2446876.97917 0.34682
2446927.70833 0.81786
2446978.43750 -6.54963
2447232.08333 -5.96786
2447282.81250 0.69945
2447333.54167 0.33733
2447587.18750 -4.42735
2447637.91667 -1.22345
2447688.64583 6.44013
2447942.29167 5.42595
2447993.02083 -1.01113
2448043.75000 2.28538
2448094.47917 9.20178
2448297.39583 6.58907
2448348.12500 2.13138
2448398.85417 -4.02916
2448449.58333 0.17769
2448652.50000 -1.71492
2448703.22917 2.15778
2448753.95833 -3.35114
2448804.68750 -8.31221
2449058.33333 -1.61799
2449109.06250 1.86661
2449159.79167 -3.99077
2449413.43750 -3.54654
2449464.16667 3.51246
2449514.89583 5.52550
2449768.54167 0.43445
2449819.27083 0.16186
2449870.00000 7.62787
2449920.72917 7.61742
2450123.64583 5.74390
2450174.37500 -2.38779
2450225.10417 -1.64355
2450275.83333 4.03494
2450478.75000 2.29076
2450529.47917 -0.77325
2450580.20833 -8.04300
2450630.93750 -5.14629
2450884.58333 1.56100
2450935.31250 -2.08091
2450986.04167 -7.45674
2451239.68750 0.53734
2451290.41667 6.48951
2451341.14583 1.50074
2451594.79167 -0.89113
2451645.52083 4.21737
2451696.25000 7.59115
2451746.97917 1.92004
2451949.89583 0.13226
2452000.62500 -3.04980
2452051.35417 2.90869
2452102.08333 4.11957
2452305.00000 1.52780
2452355.72917 -5.93519
2452406.45833 -8.31254
2452457.18750 -0.42467
2452710.83333 0.04816
2452761.56250 -6.70866
2452812.29167 -6.05805
2453065.93750 4.07601
2453116.66667 3.77611
2453167.39583 -2.44415
2453421.04167 1.68210
2453471.77083 8.78806
2453522.50000 4.60765
2453573.22917 -1.15162
2453776.14583 -2.67473
2453826.87500 0.70575
2453877.60417 5.72695
2453928.33333 0.26869
2454131.25000 -2.94937
2454181.97917 -8.20622
2454232.70833 -2.87354
2454283.43750 1.21170
2454537.08333 -4.40829
2454587.81250 -6.42050
2454638.54167 -0.64402
2454892.18750 4.51905
2454942.91667 -1.05327
2454993.64583 -1.76230
2455247.29167 5.65016
2455298.02083 6.54342
2455348.75000 0.26803
2455399.47917 0.00532
2455602.39583 -1.04568
2455653.12500 3.74233
2455703.85417 2.86002
2455754.58333 -3.89767
2455957.50000 -6.46160
