2445000.00000 43.93632
2445050.72917 49.32472
2445101.45833 46.68645
2445152.18750 44.56222
2445405.83333 45.43323
2445456.56250 54.88507
2445507.29167 59.39528
2445760.93750 42.17845
2445811.66667 42.12968
2445862.39583 46.26751
2446116.04167 61.35578
2446166.77083 57.34682
2446217.50000 77.85732
2446268.22917 83.54059
2446471.14583 60.52853
2446521.87500 57.08530
2446572.60417 54.82476
2446623.33333 51.20581
2446826.25000 23.85488
2446876.97917 18.21427
2446927.70833 14.28314
2446978.43750 16.91000
2447232.08333 61.22609
2447282.81250 72.49648
2447333.54167 82.07299
2447587.18750 104.25479
2447637.91667 80.66748
2447688.64583 68.99303
2447942.29167 10.05946
2447993.02083 6.33942
2448043.75000 1.87751
2448094.47917 1.76730
2448297.39583 39.47298
2448348.12500 54.45130
2448398.85417 61.60604
2448449.58333 70.02842
2448652.50000 112.49354
2448703.22917 97.64791
2448753.95833 98.67261
2448804.68750 92.16563
2449058.33333 28.05364
2449109.06250 19.46133
2449159.79167 12.47325
2449413.43750 29.14253
2449464.16667 47.33876
2449514.89583 47.87183
2449768.54167 81.87149
2449819.27083 100.12848
2449870.00000 84.40397
2449920.72917 95.54945
2450123.64583 54.17465
2450174.37500 48.31882
2450225.10417 43.37148
2450275.83333 45.38754
2450478.75000 43.67529
2450529.47917 47.88359
2450580.20833 47.18274
2450630.93750 45.86258
2450884.58333 46.37765
2450935.31250 41.43804
2450986.04167 59.00121
2451239.68750 64.06455
2451290.41667 66.12848
2451341.14583 59.83301
2451594.79167 83.28501
2451645.52083 70.03731
2451696.25000 69.57014
2451746.97917 55.95928
2451949.89583 26.72831
2452000.62500 19.13609
2452051.35417 15.60296
2452102.08333 14.89147
2452305.00000 39.27960
2452355.72917 52.49624
2452406.45833 69.69325
2452457.18750 81.66152
2452710.83333 103.13111
2452761.56250 100.08592
2452812.29167 90.56213
2453065.93750 25.17440
2453116.66667 11.05590
2453167.39583 4.69692
2453421.04167 21.82313
2453471.77083 41.30610
2453522.50000 61.20810
2453573.22917 62.22040
2453776.14583 87.16791
2453826.87500 115.55469
2453877.60417 90.60457
2453928.33333 118.33595
2454131.25000 50.03475
2454181.97917 35.32541
2454232.70833 20.04972
2454283.43750 20.18674
2454537.08333 19.99390
2454587.81250 28.96532
2454638.54167 45.72001
2454892.18750 79.36081
2454942.91667 78.84195
2454993.64583 93.49925
2455247.29167 58.32929
2455298.02083 55.62274
2455348.75000 47.77627
2455399.47917 46.10424
2455602.39583 47.47449
2455653.12500 38.94424
2455703.85417 47.31918
2455754.58333 42.12731
2455957.50000 42.38669
