2445000.00000 7.48040
2445050.72917 -45.23695
2445101.45833 -57.12679
2445152.18750 1.77145
2445405.83333 39.55655
2445456.56250 7.93165
2445507.29167 -45.21690
2445760.93750 -21.83155
2445811.66667 37.62693
2445862.39583 55.54126
2446116.04167 38.41560
2446166.77083 -15.35424
2446217.50000 7.27445
2446268.22917 55.71090
2446471.14583 46.62645
2446521.87500 62.41790
2446572.60417 9.66538
2446623.33333 -19.58370
2446826.25000 -27.05225
2446876.97917 -10.97892
2446927.70833 34.05178
2446978.43750 35.39971
2447232.08333 -29.18207
2447282.81250 -59.34144
2447333.54167 -10.98381
2447587.18750 15.09003
2447637.91667 0.56888
2447688.64583 -59.39751
2447942.29167 -77.65112
2447993.02083 -22.76486
2448043.75000 21.08119
2448094.47917 -16.56622
2448297.39583 11.03023
2448348.12500 -53.44230
2448398.85417 -37.93649
2448449.58333 21.50132
2448652.50000 14.14854
2448703.22917 48.75685
2448753.95833 15.66334
2448804.68750 -33.70790
2449058.33333 -9.52262
2449109.06250 54.59121
2449159.79167 66.15639
2449413.43750 27.81915
2449464.16667 -21.87044
2449514.89583 12.80915
2449768.54167 48.32198
2449819.27083 65.17342
2449870.00000 -8.48913
2449920.72917 -38.80941
2450123.64583 -49.34034
2450174.37500 -18.46056
2450225.10417 34.00411
2450275.83333 10.15216
2450478.75000 17.47605
2450529.47917 -45.60913
2450580.20833 -72.65742
2450630.93750 -13.13379
2450884.58333 16.78892
2450935.31250 -7.19100
2450986.04167 -56.14189
2451239.68750 -56.32754
2451290.41667 -4.17356
2451341.14583 25.82327
2451594.79167 19.50683
2451645.52083 -31.87509
2451696.25000 -24.45343
2451746.97917 39.22332
2451949.89583 32.90514
2452000.62500 72.70876
2452051.35417 16.79496
2452102.08333 -21.27951
2452305.00000 -13.05667
2452355.72917 0.27169
2452406.45833 59.69483
2452457.18750 65.36374
2452710.83333 16.66718
2452761.56250 -27.76730
2452812.29167 10.07513
2453065.93750 43.74703
2453116.66667 31.78202
2453167.39583 -29.44345
2453421.04167 -72.44390
2453471.77083 -25.97037
2453522.50000 21.60427
2453573.22917 -6.59829
2453776.14583 6.63891
2453826.87500 -60.29238
2453877.60417 -76.12814
2453928.33333 -9.72138
2454131.25000 -29.43735
2454181.97917 22.65762
2454232.70833 -7.83110
2454283.43750 -64.54557
2454537.08333 -44.62749
2454587.81250 16.17830
2454638.54167 44.39012
2454892.18750 30.56503
2454942.91667 -24.75317
2454993.64583 -5.57585
2455247.29167 43.17804
2455298.02083 69.68969
2455348.75000 17.26754
2455399.47917 -17.88043
2455602.39583 -21.43270
2455653.12500 2.59483
2455703.85417 51.37315
2455754.58333 45.86249
2455957.50000 61.62606
