2445000.00000 15.30249
2445050.72917 1.35293
2445101.45833 17.43484
2445152.18750 16.30630
2445405.83333 23.29190
2445456.56250 11.87520
2445507.29167 12.65558
2445760.93750 5.84869
2445811.66667 14.45625
2445862.39583 20.44677
2446116.04167 12.43337
2446166.77083 2.73087
2446217.50000 -8.36218
2446268.22917 9.63406
2446471.14583 -15.73064
2446521.87500 -12.38399
2446572.60417 -1.77743
2446623.33333 -25.12782
2446826.25000 -10.76506
2446876.97917 -14.20331
2446927.70833 -28.18968
2446978.43750 -9.16960
2447232.08333 -22.37123
2447282.81250 -5.27502
2447333.54167 -20.95087
2447587.18750 -0.50178
2447637.91667 -14.62044
2447688.64583 2.33519
2447942.29167 -2.55270
2447993.02083 16.71793
2448043.75000 4.57127
2448094.47917 5.68349
2448297.39583 27.58526
2448348.12500 6.05374
2448398.85417 20.33065
2448449.58333 25.17277
2448652.50000 7.41137
2448703.22917 24.51014
2448753.95833 15.37796
2448804.68750 7.66305
2449058.33333 1.58121
2449109.06250 6.42669
2449159.79167 16.15166
2449413.43750 3.78108
2449464.16667 -2.92002
2449514.89583 -16.22901
2449768.54167 -17.70916
2449819.27083 -20.14911
2449870.00000 -6.07180
2449920.72917 -27.99577
2450123.64583 -15.63982
2450174.37500 -13.33170
2450225.10417 -30.48984
2450275.83333 -8.99906
2450478.75000 -13.43871
2450529.47917 -17.27522
2450580.20833 0.40106
2450630.93750 -14.20334
2450884.58333 8.47023
2450935.31250 -9.02486
2450986.04167 9.38284
2451239.68750 3.20014
2451290.41667 23.63520
2451341.14583 12.17824
2451594.79167 29.17807
2451645.52083 7.19898
2451696.25000 20.61537
2451746.97917 23.55744
2451949.89583 4.56425
2452000.62500 20.38524
2452051.35417 11.43142
2452102.08333 1.74475
2452305.00000 15.35993
2452355.72917 -4.31364
2452406.45833 -2.14776
2452457.18750 7.48978
2452710.83333 -5.71001
2452761.56250 -7.21128
2452812.29167 -25.04277
2453065.93750 -18.97411
2453116.66667 -22.15704
2453167.39583 -7.75576
2453421.04167 -15.20439
2453471.77083 -5.87423
2453522.50000 -26.37112
2453573.22917 -8.99162
2453776.14583 -6.49795
2453826.87500 -13.99007
2453877.60417 7.43800
2453928.33333 -4.26510
2454131.25000 3.73800
2454181.97917 19.03393
2454232.70833 0.20740
2454283.43750 13.43777
2454537.08333 7.74632
2454587.81250 27.68269
2454638.54167 18.63282
2454892.18750 25.66737
2454942.91667 9.14364
2454993.64583 13.08777
2455247.29167 -1.59735
2455298.02083 11.71313
2455348.75000 9.68163
2455399.47917 -6.90917
2455602.39583 6.44319
2455653.12500 -11.31061
2455703.85417 -14.93946
2455754.58333 1.20876
2455957.50000 -22.46745
