2445000.00000 4.76575
2445050.72917 15.32042
2445101.45833 32.24762
2445152.18750 13.82511
2445405.83333 26.75214
2445456.56250 39.81754
2445507.29167 20.73409
2445760.93750 28.15490
2445811.66667 46.35007
2445862.39583 17.83458
2446116.04167 41.89563
2446166.77083 40.63472
2446217.50000 19.24605
2446268.22917 29.74844
2446471.14583 41.59965
2446521.87500 48.30560
2446572.60417 17.88579
2446623.33333 26.34517
2446826.25000 36.12541
2446876.97917 36.07702
2446927.70833 14.20003
2446978.43750 25.74466
2447232.08333 29.78833
2447282.81250 8.58985
2447333.54167 23.12066
2447587.18750 18.66089
2447637.91667 3.75244
2447688.64583 21.74687
2447942.29167 14.65256
2447993.02083 1.12523
2448043.75000 20.34967
2448094.47917 21.16666
2448297.39583 11.42449
2448348.12500 1.33940
2448398.85417 21.36105
2448449.58333 19.70055
2448652.50000 11.15982
2448703.22917 5.22269
2448753.95833 29.99883
2448804.68750 20.25986
2449058.33333 11.93860
2449109.06250 37.33788
2449159.79167 23.27292
2449413.43750 19.13414
2449464.16667 39.18699
2449514.89583 28.88060
2449768.54167 25.60168
2449819.27083 42.44715
2449870.00000 26.57834
2449920.72917 18.48813
2450123.64583 22.61638
2450174.37500 52.91919
2450225.10417 25.41832
2450275.83333 19.56047
2450478.75000 27.85656
2450529.47917 38.16440
2450580.20833 28.00171
2450630.93750 21.99181
2450884.58333 43.65456
2450935.31250 17.99418
2450986.04167 19.75427
2451239.68750 33.52718
2451290.41667 13.27278
2451341.14583 15.20919
2451594.79167 26.31584
2451645.52083 8.23257
2451696.25000 14.37733
2451746.97917 25.00185
2451949.89583 21.08166
2452000.62500 4.32428
2452051.35417 12.82815
2452102.08333 25.50366
2452305.00000 21.36080
2452355.72917 3.24800
2452406.45833 13.88057
2452457.18750 27.50949
2452710.83333 5.74996
2452761.56250 17.65277
2452812.29167 28.80743
2453065.93750 10.48612
2453116.66667 25.71791
2453167.39583 35.64472
2453421.04167 14.71538
2453471.77083 32.28073
2453522.50000 32.21114
2453573.22917 16.38194
2453776.14583 16.69257
2453826.87500 37.76477
2453877.60417 30.66627
2453928.33333 21.02699
2454131.25000 21.11647
2454181.97917 36.92969
2454232.70833 33.79841
2454283.43750 20.45992
2454537.08333 39.02511
2454587.81250 27.44503
2454638.54167 19.42231
2454892.18750 40.91180
2454942.91667 28.33244
2454993.64583 13.09420
2455247.29167 32.18245
2455298.02083 22.98144
2455348.75000 11.56900
2455399.47917 28.22921
2455602.39583 27.44742
2455653.12500 13.97415
2455703.85417 10.55311
2455754.58333 24.62415
2455957.50000 29.53566
