2445000.00000 3.33599
2445050.72917 5.20237
2445101.45833 8.67861
2445152.18750 4.55653
2445405.83333 8.57070
2445456.56250 14.38296
2445507.29167 9.39063
2445760.93750 5.23645
2445811.66667 6.76323
2445862.39583 5.26965
2446116.04167 5.15015
2446166.77083 8.42451
2446217.50000 9.91331
2446268.22917 8.36684
2446471.14583 8.28699
2446521.87500 8.88286
2446572.60417 10.22364
2446623.33333 6.77969
2446826.25000 3.06387
2446876.97917 3.55637
2446927.70833 7.14166
2446978.43750 5.63928
2447232.08333 7.69232
2447282.81250 10.88730
2447333.54167 11.45586
2447587.18750 4.38626
2447637.91667 5.94102
2447688.64583 5.81628
2447942.29167 4.20961
2447993.02083 7.71524
2448043.75000 10.02530
2448094.47917 9.35930
2448297.39583 10.62374
2448348.12500 9.72336
2448398.85417 12.80018
2448449.58333 8.72883
2448652.50000 3.33528
2448703.22917 2.02796
2448753.95833 5.91909
2448804.68750 5.82847
2449058.33333 7.12007
2449109.06250 11.39764
2449159.79167 15.33292
2449413.43750 4.65750
2449464.16667 3.90110
2449514.89583 7.20977
2449768.54167 5.20390
2449819.27083 4.44568
2449870.00000 9.62388
2449920.72917 11.28380
2450123.64583 10.84269
2450174.37500 6.42620
2450225.10417 9.21431
2450275.83333 10.25699
2450478.75000 4.86187
2450529.47917 1.77784
2450580.20833 3.21732
2450630.93750 6.95643
2450884.58333 9.43456
2450935.31250 8.14465
2450986.04167 13.00834
2451239.68750 5.47142
2451290.41667 4.09500
2451341.14583 5.27755
2451594.79167 6.16429
2451645.52083 3.80826
2451696.25000 7.22074
2451746.97917 11.57725
2451949.89583 13.08462
2452000.62500 8.72448
2452051.35417 8.32314
2452102.08333 11.85268
2452305.00000 5.59107
2452355.72917 2.81835
2452406.45833 1.05288
2452457.18750 4.26173
2452710.83333 10.03551
2452761.56250 8.13728
2452812.29167 10.22430
2453065.93750 9.53453
2453116.66667 4.16647
2453167.39583 3.54744
2453421.04167 5.57148
2453471.77083 3.43305
2453522.50000 4.30652
2453573.22917 10.90425
2453776.14583 13.00585
2453826.87500 10.40856
2453877.60417 7.49925
2453928.33333 10.36101
2454131.25000 6.01508
2454181.97917 4.37029
2454232.70833 0.37097
2454283.43750 2.88907
2454537.08333 12.52960
2454587.81250 8.89186
2454638.54167 8.05008
2454892.18750 13.55407
2454942.91667 5.37166
2454993.64583 2.41251
2455247.29167 5.80479
2455298.02083 5.47205
2455348.75000 2.73930
2455399.47917 7.71125
2455602.39583 15.62407
2455653.12500 15.48710
2455703.85417 8.18510
2455754.58333 8.00296
2455957.50000 4.78359
