2445000.00000 16.38329
2445050.72917 27.50609
2445101.45833 27.55871
2445152.18750 11.66751
2445405.83333 5.45894
2445456.56250 16.24042
2445507.29167 15.94877
2445760.93750 4.00407
2445811.66667 9.69734
2445862.39583 22.15298
2446116.04167 30.47000
2446166.77083 14.45731
2446217.50000 20.37645
2446268.22917 25.52022
2446471.14583 28.06378
2446521.87500 13.61512
2446572.60417 3.43746
2446623.33333 8.51520
2446826.25000 9.34640
2446876.97917 22.92466
2446927.70833 13.10576
2446978.43750 4.81393
2447232.08333 22.02572
2447282.81250 30.37414
2447333.54167 22.09059
2447587.18750 9.93847
2447637.91667 16.43608
2447688.64583 26.05034
2447942.29167 5.72558
2447993.02083 2.33897
2448043.75000 16.55646
2448094.47917 19.39995
2448297.39583 22.58741
2448348.12500 14.59987
2448398.85417 13.93760
2448449.58333 25.58840
2448652.50000 33.52087
2448703.22917 23.36038
2448753.95833 12.64942
2448804.68750 12.84746
2449058.33333 16.72450
2449109.06250 16.24806
2449159.79167 2.89650
2449413.43750 13.54524
2449464.16667 29.47778
2449514.89583 22.55436
2449768.54167 15.45281
2449819.27083 19.76060
2449870.00000 26.58484
2449920.72917 18.44179
2450123.64583 13.35101
2450174.37500 3.18386
2450225.10417 12.71507
2450275.83333 19.07821
2450478.75000 22.97962
2450529.47917 13.20830
2450580.20833 7.87674
2450630.93750 19.90784
2450884.58333 32.61497
2450935.31250 19.71662
2450986.04167 13.99381
2451239.68750 20.70542
2451290.41667 23.87846
2451341.14583 6.94405
2451594.79167 3.68950
2451645.52083 15.50616
2451696.25000 19.79756
2451746.97917 9.72798
2451949.89583 14.40049
2452000.62500 14.96718
2452051.35417 25.97724
2452102.08333 26.09528
2452305.00000 27.09678
2452355.72917 11.46008
2452406.45833 10.48455
2452457.18750 23.29767
2452710.83333 15.47084
2452761.56250 3.10835
2452812.29167 7.74288
2453065.93750 27.53398
2453116.66667 19.41279
2453167.39583 12.82228
2453421.04167 21.00548
2453471.77083 29.51326
2453522.50000 18.95495
2453573.22917 8.38887
2453776.14583 3.43686
2453826.87500 11.48946
2453877.60417 15.95803
2453928.33333 9.31821
2454131.25000 12.29128
2454181.97917 10.01705
2454232.70833 20.04045
2454283.43750 30.04965
2454537.08333 19.44165
2454587.81250 16.34269
2454638.54167 23.91073
2454892.18750 20.58069
2454942.91667 6.79981
2454993.64583 5.86393
2455247.29167 20.99729
2455298.02083 16.69490
2455348.75000 10.13601
2455399.47917 9.14886
2455602.39583 13.41756
2455653.12500 27.66732
2455703.85417 23.63565
2455754.58333 16.09822
2455957.50000 9.78302
