2445000.00000 -14.00689
2445050.72917 -5.72708
2445101.45833 2.21339
2445152.18750 10.62953
2445405.83333 4.15925
2445456.56250 1.36691
2445507.29167 0.05593
2445760.93750 -6.91139
2445811.66667 -10.21644
2445862.39583 -13.14900
2446116.04167 12.68870
2446166.77083 19.55948
2446217.50000 23.57816
2446268.22917 18.69608
2446471.14583 -14.43728
2446521.87500 -17.21238
2446572.60417 -15.93166
2446623.33333 -12.52958
2446826.25000 6.13919
2446876.97917 7.56649
2446927.70833 6.02523
2446978.43750 3.83348
2447232.08333 7.15132
2447282.81250 3.46504
2447333.54167 -1.96607
2447587.18750 -14.96094
2447637.91667 -5.68682
2447688.64583 4.02766
2447942.29167 12.21907
2447993.02083 2.36631
2448043.75000 -5.35423
2448094.47917 -8.28667
2448297.39583 -5.67043
2448348.12500 -2.58245
2448398.85417 -1.16531
2448449.58333 -0.88713
2448652.50000 5.35199
2448703.22917 8.20763
2448753.95833 11.78771
2448804.68750 12.48005
2449058.33333 -12.85918
2449109.06250 -17.84848
2449159.79167 -19.00446
2449413.43750 14.75474
2449464.16667 14.03119
2449514.89583 14.37835
2449768.54167 -5.71819
2449819.27083 -5.55745
2449870.00000 -3.66984
2449920.72917 -3.13162
2450123.64583 -7.11896
2450174.37500 -4.54095
2450225.10417 -1.47950
2450275.83333 3.85564
2450478.75000 13.62039
2450529.47917 9.55711
2450580.20833 1.15826
2450630.93750 -5.46139
2450884.58333 -5.72987
2450935.31250 0.41690
2450986.04167 6.66717
2451239.68750 3.11421
2451290.41667 1.73057
2451341.14583 1.30368
2451594.79167 -4.00802
2451645.52083 -7.80689
2451696.25000 -12.03877
2451746.97917 -10.64980
2451949.89583 9.03207
2452000.62500 14.50409
2452051.35417 12.94360
2452102.08333 14.66840
2452305.00000 -7.99016
2452355.72917 -11.82817
2452406.45833 -11.82353
2452457.18750 -9.38367
2452710.83333 3.39913
2452761.56250 2.61129
2452812.29167 2.45508
2453065.93750 6.11251
2453116.66667 3.84992
2453167.39583 -0.41194
2453421.04167 -11.66320
2453471.77083 -5.43631
2453522.50000 1.29297
2453573.22917 8.48458
2453776.14583 6.35240
2453826.87500 2.27675
2453877.60417 -2.61222
2453928.33333 -5.14923
2454131.25000 -3.13772
2454181.97917 -2.14951
2454232.70833 -1.70638
2454283.43750 -1.59058
2454537.08333 5.21169
2454587.81250 9.44209
2454638.54167 11.13465
2454892.18750 -9.17961
2454942.91667 -11.82076
2454993.64583 -15.95389
2455247.29167 11.15376
2455298.02083 11.43094
2455348.75000 8.36795
2455399.47917 7.28593
2455602.39583 -2.45399
2455653.12500 -2.17883
2455703.85417 -2.25679
2455754.58333 -2.67701
2455957.50000 -6.70844
