2445000.00000 91.73929
2445050.72917 102.67384
2445101.45833 65.49298
2445152.18750 47.01334
2445405.83333 28.15592
2445456.56250 45.57408
2445507.29167 109.64686
2445760.93750 82.76536
2445811.66667 111.43618
2445862.39583 66.40851
2446116.04167 73.48808
2446166.77083 53.50688
2446217.50000 35.70061
2446268.22917 91.17335
2446471.14583 57.37825
2446521.87500 109.74740
2446572.60417 88.43796
2446623.33333 76.35912
2446826.25000 130.00204
2446876.97917 39.66713
2446927.70833 36.78147
2446978.43750 77.39629
2447232.08333 45.82636
2447282.81250 117.84619
2447333.54167 91.51015
2447587.18750 92.41670
2447637.91667 72.56894
2447688.64583 34.26446
2447942.29167 54.09217
2447993.02083 69.68278
2448043.75000 86.17062
2448094.47917 91.15932
2448297.39583 100.53736
2448348.12500 77.02103
2448398.85417 44.92160
2448449.58333 58.74543
2448652.50000 43.55795
2448703.22917 28.43646
2448753.95833 86.64384
2448804.68750 119.02591
2449058.33333 101.35375
2449109.06250 76.06186
2449159.79167 29.39154
2449413.43750 42.58508
2449464.16667 52.65648
2449514.89583 69.24906
2449768.54167 120.27025
2449819.27083 100.24436
2449870.00000 58.23426
2449920.72917 52.09622
2450123.64583 62.83601
2450174.37500 17.40557
2450225.10417 76.84231
2450275.83333 107.96997
2450478.75000 31.24762
2450529.47917 88.75348
2450580.20833 121.40604
2450630.93750 50.10086
2450884.58333 62.42487
2450935.31250 38.91476
2450986.04167 43.38261
2451239.68750 103.06457
2451290.41667 87.72955
2451341.14583 91.89951
2451594.79167 104.61777
2451645.52083 24.62710
2451696.25000 48.37729
2451746.97917 73.94243
2451949.89583 19.13458
2452000.62500 71.47531
2452051.35417 131.19038
2452102.08333 86.56647
2452305.00000 90.76858
2452355.72917 99.61987
2452406.45833 45.02039
2452457.18750 17.32006
2452710.83333 55.88138
2452761.56250 70.13980
2452812.29167 114.08924
2453065.93750 102.12228
2453116.66667 43.87313
2453167.39583 39.37777
2453421.04167 9.69209
2453471.77083 45.03049
2453522.50000 98.60045
2453573.22917 93.93290
2453776.14583 79.79860
2453826.87500 132.53359
2453877.60417 74.92554
2453928.33333 3.16490
2454131.25000 55.84213
2454181.97917 36.01808
2454232.70833 39.87715
2454283.43750 96.91082
2454537.08333 101.12288
2454587.81250 76.61349
2454638.54167 64.25268
2454892.18750 30.96704
2454942.91667 16.62165
2454993.64583 71.80351
2455247.29167 53.58390
2455298.02083 128.85795
2455348.75000 84.61192
2455399.47917 14.46469
2455602.39583 90.94837
2455653.12500 51.12351
2455703.85417 13.56653
2455754.58333 68.92051
2455957.50000 49.47411
