2445000.00000 -1.50156
2445050.72917 -2.52002
2445101.45833 -5.27388
2445152.18750 -6.31461
2445405.83333 -5.01609
2445456.56250 -2.75803
2445507.29167 0.30816
2445760.93750 1.35216
2445811.66667 1.68279
2445862.39583 -1.08566
2446116.04167 0.45202
2446166.77083 -0.79008
2446217.50000 1.64033
2446268.22917 4.88224
2446471.14583 2.67760
2446521.87500 6.19052
2446572.60417 5.29505
2446623.33333 3.25970
2446826.25000 7.55071
2446876.97917 3.43835
2446927.70833 1.81961
2446978.43750 3.09633
2447232.08333 3.04200
2447282.81250 6.46537
2447333.54167 6.40392
2447587.18750 6.05561
2447637.91667 2.34088
2447688.64583 -0.14099
2447942.29167 -1.59545
2447993.02083 -0.38157
2448043.75000 2.41971
2448094.47917 2.64887
2448297.39583 0.79059
2448348.12500 1.15878
2448398.85417 -1.97695
2448449.58333 -4.42129
2448652.50000 -3.48818
2448703.22917 -5.46957
2448753.95833 -4.89005
2448804.68750 -2.15443
2449058.33333 -3.14095
2449109.06250 -1.76084
2449159.79167 -4.41309
2449413.43750 -3.84645
2449464.16667 -5.59413
2449514.89583 -6.31143
2449768.54167 -4.73724
2449819.27083 -1.88251
2449870.00000 -0.21131
2449920.72917 -1.66831
2450123.64583 1.03978
2450174.37500 -0.71953
2450225.10417 -3.07354
2450275.83333 -2.49257
2450478.75000 -1.57005
2450529.47917 -1.11723
2450580.20833 2.05547
2450630.93750 4.18099
2450884.58333 4.73630
2450935.31250 3.30141
2450986.04167 1.00756
2451239.68750 1.86362
2451290.41667 1.74062
2451341.14583 4.88994
2451594.79167 3.68345
2451645.52083 5.79797
2451696.25000 3.63966
2451746.97917 1.96408
2451949.89583 4.70860
2452000.62500 1.38513
2452051.35417 0.67545
2452102.08333 2.81283
2452305.00000 -0.33316
2452355.72917 1.60767
2452406.45833 3.40401
2452457.18750 2.17847
2452710.83333 0.92215
2452761.56250 -1.62097
2452812.29167 -3.43481
2453065.93750 -3.52543
2453116.66667 -2.26973
2453167.39583 -0.28186
2453421.04167 -0.95679
2453471.77083 -1.73445
2453522.50000 -3.96021
2453573.22917 -5.88226
2453776.14583 -4.21500
2453826.87500 -5.18578
2453877.60417 -3.54240
2453928.33333 -1.17211
2454131.25000 -3.28130
2454181.97917 -0.89812
2454232.70833 -1.23676
2454283.43750 -2.60340
2454537.08333 -2.09301
2454587.81250 -3.17574
2454638.54167 -1.44074
2454892.18750 -0.62757
2454942.91667 1.56224
2454993.64583 1.70881
2455247.29167 2.51587
2455298.02083 1.08032
2455348.75000 -0.09129
2455399.47917 1.01776
2455602.39583 0.56427
2455653.12500 1.60350
2455703.85417 3.21441
2455754.58333 3.99164
2455957.50000 3.23336
