2445000.00000 2.38821
2445050.72917 1.45066
2445101.45833 1.09048
2445152.18750 0.91488
2445405.83333 2.84126
2445456.56250 1.97347
2445507.29167 1.21154
2445760.93750 1.46380
2445811.66667 1.69803
2445862.39583 1.27104
2446116.04167 -1.60323
2446166.77083 -0.96230
2446217.50000 -0.53828
2446268.22917 -0.32446
2446471.14583 -3.40658
2446521.87500 -3.14032
2446572.60417 -3.12732
2446623.33333 -1.87734
2446826.25000 -1.69748
2446876.97917 -1.94306
2446927.70833 -3.01615
2446978.43750 -2.94433
2447232.08333 0.60857
2447282.81250 0.13055
2447333.54167 -0.48939
2447587.18750 2.54690
2447637.91667 2.89161
2447688.64583 2.69526
2447942.29167 1.77597
2447993.02083 2.07119
2448043.75000 3.05199
2448094.47917 3.03134
2448297.39583 0.38180
2448348.12500 0.35137
2448398.85417 0.82872
2448449.58333 1.53097
2448652.50000 -0.03345
2448703.22917 -1.01203
2448753.95833 -1.46013
2448804.68750 -1.72299
2449058.33333 -0.90361
2449109.06250 -2.17609
2449159.79167 -2.74040
2449413.43750 -1.00422
2449464.16667 -0.86454
2449514.89583 -1.37231
2449768.54167 -1.46657
2449819.27083 -0.41580
2449870.00000 0.31723
2449920.72917 0.57435
2450123.64583 -0.85515
2450174.37500 -0.33049
2450225.10417 0.89184
2450275.83333 1.92167
2450478.75000 1.75610
2450529.47917 0.83010
2450580.20833 0.82622
2450630.93750 1.28284
2450884.58333 2.29755
2450935.31250 1.65840
2450986.04167 0.83098
2451239.68750 2.16328
2451290.41667 1.94967
2451341.14583 0.82333
2451594.79167 -0.74121
2451645.52083 -0.14104
2451696.25000 0.03303
2451746.97917 -0.40758
2451949.89583 -3.54834
2452000.62500 -3.58332
2452051.35417 -2.24316
2452102.08333 -1.33670
2452305.00000 -3.16103
2452355.72917 -3.77489
2452406.45833 -3.66184
2452457.18750 -2.67265
2452710.83333 -0.37138
2452761.56250 -1.07068
2452812.29167 -1.16379
2453065.93750 2.47295
2453116.66667 3.10373
2453167.39583 2.16305
2453421.04167 2.37972
2453471.77083 3.85090
2453522.50000 3.73601
2453573.22917 3.20423
2453776.14583 0.82969
2453826.87500 1.15482
2453877.60417 2.09820
2453928.33333 2.63085
2454131.25000 -0.54336
2454181.97917 -1.64618
2454232.70833 -1.47581
2454283.43750 -1.12170
2454537.08333 -2.22267
2454587.81250 -4.00336
2454638.54167 -3.99879
2454892.18750 -1.29969
2454942.91667 -1.75131
2454993.64583 -3.27221
2455247.29167 -1.29316
2455298.02083 -0.17034
2455348.75000 0.15471
2455399.47917 -0.25757
2455602.39583 -1.06187
2455653.12500 0.18271
2455703.85417 1.67077
2455754.58333 2.23267
2455957.50000 0.82982
