2445000.00000 15.75302
2445050.72917 25.28059
2445101.45833 22.38540
2445152.18750 19.64339
2445405.83333 26.53352
2445456.56250 23.89514
2445507.29167 36.35632
2445760.93750 45.96030
2445811.66667 52.19527
2445862.39583 51.09460
2446116.04167 50.03133
2446166.77083 39.78045
2446217.50000 34.52418
2446268.22917 40.35138
2446471.14583 19.37586
2446521.87500 28.47498
2446572.60417 36.33159
2446623.33333 27.61978
2446826.25000 23.27919
2446876.97917 16.24575
2446927.70833 5.68223
2446978.43750 10.27217
2447232.08333 8.60120
2447282.81250 19.96485
2447333.54167 19.90973
2447587.18750 31.67708
2447637.91667 24.08028
2447688.64583 19.90770
2447942.29167 32.17405
2447993.02083 35.67870
2448043.75000 53.12441
2448094.47917 46.18195
2448297.39583 59.91262
2448348.12500 52.20755
2448398.85417 42.46527
2448449.58333 43.59277
2448652.50000 32.49007
2448703.22917 37.63492
2448753.95833 40.08333
2448804.68750 39.95542
2449058.33333 36.23290
2449109.06250 22.70249
2449159.79167 12.19934
2449413.43750 3.17063
2449464.16667 9.73221
2449514.89583 19.41615
2449768.54167 18.55617
2449819.27083 23.09637
2449870.00000 14.24728
2449920.72917 10.40997
2450123.64583 22.33894
2450174.37500 22.65811
2450225.10417 32.56079
2450275.83333 39.13914
2450478.75000 39.23508
2450529.47917 62.78150
2450580.20833 41.78270
2450630.93750 38.70777
2450884.58333 38.66123
2450935.31250 40.26189
2450986.04167 50.73347
2451239.68750 42.42028
2451290.41667 38.57860
2451341.14583 25.66661
2451594.79167 17.68089
2451645.52083 7.90945
2451696.25000 11.57886
2451746.97917 22.21990
2451949.89583 6.82455
2452000.62500 19.46626
2452051.35417 16.02495
2452102.08333 6.66659
2452305.00000 19.76503
2452355.72917 13.56905
2452406.45833 12.00104
2452457.18750 23.71535
2452710.83333 35.96608
2452761.56250 39.82938
2452812.29167 43.03934
2453065.93750 46.64014
2453116.66667 39.53816
2453167.39583 47.26485
2453421.04167 40.95329
2453471.77083 49.72245
2453522.50000 48.49366
2453573.22917 40.14443
2453776.14583 44.35247
2453826.87500 25.39479
2453877.60417 15.67321
2453928.33333 20.61433
2454131.25000 5.78532
2454181.97917 10.52648
2454232.70833 19.27583
2454283.43750 17.61681
2454537.08333 16.67047
2454587.81250 5.47492
2454638.54167 3.44992
2454892.18750 12.29929
2454942.91667 29.57606
2454993.64583 33.40901
2455247.29167 46.58850
2455298.02083 42.58279
2455348.75000 37.38672
2455399.47917 38.23742
2455602.39583 38.42210
2455653.12500 38.09726
2455703.85417 60.00099
2455754.58333 60.13279
2455957.50000 49.09407
