2445000.00000 122.30452
2445050.72917 127.19014
2445101.45833 146.17873
2445152.18750 144.69055
2445405.83333 198.44373
2445456.56250 232.26647
2445507.29167 214.23143
2445760.93750 267.35779
2445811.66667 266.27322
2445862.39583 205.32362
2446116.04167 183.69110
2446166.77083 170.58939
2446217.50000 133.57091
2446268.22917 156.00694
2446471.14583 85.91471
2446521.87500 73.42963
2446572.60417 87.24621
2446623.33333 65.04762
2446826.25000 43.58330
2446876.97917 53.73271
2446927.70833 48.16913
2446978.43750 54.87789
2447232.08333 71.94056
2447282.81250 86.93276
2447333.54167 92.48923
2447587.18750 122.23227
2447637.91667 126.62072
2447688.64583 109.14755
2447942.29167 129.16369
2447993.02083 124.49149
2448043.75000 139.95236
2448094.47917 135.87103
2448297.39583 107.35914
2448348.12500 95.21254
2448398.85417 94.59409
2448449.58333 83.37806
2448652.50000 44.66195
2448703.22917 37.14048
2448753.95833 33.45972
2448804.68750 29.67689
2449058.33333 25.25995
2449109.06250 27.57766
2449159.79167 30.46920
2449413.43750 77.19836
2449464.16667 70.74377
2449514.89583 99.63711
2449768.54167 156.38490
2449819.27083 153.08548
2449870.00000 175.12548
2449920.72917 176.90011
2450123.64583 226.85509
2450174.37500 165.18979
2450225.10417 176.80899
2450275.83333 178.28422
2450478.75000 190.90000
2450529.47917 193.04444
2450580.20833 168.89139
2450630.93750 185.26648
2450884.58333 121.35922
2450935.31250 135.77078
2450986.04167 108.83904
2451239.68750 96.60874
2451290.41667 92.58391
2451341.14583 92.06233
2451594.79167 91.93442
2451645.52083 104.66183
2451696.25000 112.35064
2451746.97917 113.31733
2451949.89583 113.08617
2452000.62500 138.75134
2452051.35417 132.45824
2452102.08333 145.34806
2452305.00000 146.59879
2452355.72917 154.32627
2452406.45833 136.23623
2452457.18750 166.22913
2452710.83333 151.94224
2452761.56250 124.70543
2452812.29167 123.47678
2453065.93750 65.27913
2453116.66667 70.08879
2453167.39583 56.70259
2453421.04167 31.84102
2453471.77083 26.62788
2453522.50000 24.32399
2453573.22917 20.26962
2453776.14583 26.69922
2453826.87500 37.60471
2453877.60417 36.80089
2453928.33333 51.99948
2454131.25000 61.60011
2454181.97917 115.61322
2454232.70833 85.63201
2454283.43750 109.75193
2454537.08333 152.46436
2454587.81250 154.64190
2454638.54167 170.26225
2454892.18750 124.94028
2454942.91667 179.69158
2454993.64583 159.69652
2455247.29167 123.12393
2455298.02083 108.76485
2455348.75000 127.70004
2455399.47917 112.86928
2455602.39583 82.66816
2455653.12500 107.14735
2455703.85417 77.70536
2455754.58333 115.11378
2455957.50000 91.83597
