2445000.00000 98.57745
2445050.72917 163.01768
2445101.45833 117.13191
2445152.18750 119.40166
2445405.83333 109.66718
2445456.56250 173.82762
2445507.29167 146.15119
2445760.93750 143.25983
2445811.66667 78.45386
2445862.39583 130.43258
2446116.04167 69.48876
2446166.77083 61.56193
2446217.50000 29.68352
2446268.22917 74.75028
2446471.14583 12.28508
2446521.87500 38.59445
2446572.60417 47.97066
2446623.33333 0.51740
2446826.25000 60.16634
2446876.97917 10.87944
2446927.70833 43.88585
2446978.43750 61.70094
2447232.08333 94.83913
2447282.81250 63.92738
2447333.54167 90.84162
2447587.18750 90.24752
2447637.91667 151.07268
2447688.64583 91.32335
2447942.29167 129.60274
2447993.02083 147.04535
2448043.75000 177.96993
2448094.47917 109.92034
2448297.39583 155.39328
2448348.12500 142.91672
2448398.85417 83.40554
2448449.58333 128.56300
2448652.50000 74.93460
2448703.22917 125.41538
2448753.95833 80.85256
2448804.68750 46.85902
2449058.33333 20.86521
2449109.06250 64.34258
2449159.79167 38.37695
2449413.43750 45.36710
2449464.16667 6.54444
2449514.89583 60.01150
2449768.54167 50.95233
2449819.27083 75.91395
2449870.00000 33.90738
2449920.72917 100.29972
2450123.64583 77.58221
2450174.37500 106.08760
2450225.10417 103.83012
2450275.83333 91.83221
2450478.75000 163.02790
2450529.47917 105.31476
2450580.20833 149.46912
2450630.93750 162.60663
2450884.58333 159.76231
2450935.31250 115.38022
2450986.04167 132.59730
2451239.68750 77.25748
2451290.41667 135.47834
2451341.14583 82.96816
2451594.79167 82.85147
2451645.52083 51.08901
2451696.25000 76.24868
2451746.97917 36.82227
2451949.89583 62.12053
2452000.62500 41.26467
2452051.35417 12.88606
2452102.08333 70.47798
2452305.00000 14.00754
2452355.72917 63.14331
2452406.45833 55.01780
2452457.18750 28.96969
2452710.83333 56.51402
2452761.56250 83.38082
2452812.29167 105.80859
2453065.93750 126.29181
2453116.66667 74.45554
2453167.39583 145.04819
2453421.04167 121.94104
2453471.77083 175.92222
2453522.50000 113.15274
2453573.22917 146.24949
2453776.14583 110.56368
2453826.87500 95.07692
2453877.60417 126.13816
2453928.33333 88.17126
2454131.25000 111.85942
2454181.97917 74.69964
2454232.70833 80.95011
2454283.43750 91.76057
2454537.08333 62.18628
2454587.81250 39.28050
2454638.54167 44.01052
2454892.18750 19.46942
2454942.91667 64.68708
2454993.64583 29.01524
2455247.29167 67.42946
2455298.02083 40.16604
2455348.75000 114.03068
2455399.47917 60.90958
2455602.39583 119.49098
2455653.12500 103.94050
2455703.85417 65.51638
2455754.58333 142.32440
2455957.50000 109.39930
