2445000.00000 -26.53462
2445050.72917 -22.80837
2445101.45833 -19.64899
2445152.18750 -10.48216
2445405.83333 10.04429
2445456.56250 8.67836
2445507.29167 6.06244
2445760.93750 -34.83093
2445811.66667 -44.81733
2445862.39583 -51.30277
2446116.04167 -13.98071
2446166.77083 -4.06242
2446217.50000 5.77224
2446268.22917 15.62409
2446471.14583 20.70747
2446521.87500 19.36766
2446572.60417 11.31290
2446623.33333 5.72546
2446826.25000 -10.47605
2446876.97917 -12.97467
2446927.70833 -8.59253
2446978.43750 -1.74322
2447232.08333 31.02356
2447282.81250 47.80967
2447333.54167 45.91619
2447587.18750 7.04286
2447637.91667 -1.08451
2447688.64583 -11.24549
2447942.29167 -16.05479
2447993.02083 -11.89981
2448043.75000 -5.76211
2448094.47917 0.57371
2448297.39583 13.68869
2448348.12500 10.27961
2448398.85417 4.13223
2448449.58333 -2.49600
2448652.50000 -31.84330
2448703.22917 -34.99983
2448753.95833 -45.65541
2448804.68750 -41.88995
2449058.33333 -3.24481
2449109.06250 4.73678
2449159.79167 14.67106
2449413.43750 9.02563
2449464.16667 6.64143
2449514.89583 -0.24701
2449768.54167 -13.07374
2449819.27083 -7.46719
2449870.00000 -0.95650
2449920.72917 6.47295
2450123.64583 37.95983
2450174.37500 38.91536
2450225.10417 37.37260
2450275.83333 38.97731
2450478.75000 6.15944
2450529.47917 -1.42886
2450580.20833 -9.78942
2450630.93750 -13.82732
2450884.58333 -7.28869
2450935.31250 -0.17134
2450986.04167 5.59553
2451239.68750 8.20842
2451290.41667 4.59757
2451341.14583 -3.80280
2451594.79167 -41.97794
2451645.52083 -37.67430
2451696.25000 -43.04135
2451746.97917 -32.95149
2451949.89583 -2.04169
2452000.62500 4.65385
2452051.35417 12.34944
2452102.08333 14.19066
2452305.00000 7.18287
2452355.72917 0.54659
2452406.45833 -3.94317
2452457.18750 -9.62923
2452710.83333 -5.89874
2452761.56250 -0.08585
2452812.29167 6.82520
2453065.93750 33.16758
2453116.66667 34.55105
2453167.39583 34.43223
2453421.04167 -1.94229
2453471.77083 -8.54863
2453522.50000 -11.33174
2453573.22917 -14.49414
2453776.14583 -0.87590
2453826.87500 4.49561
2453877.60417 9.24245
2453928.33333 14.01308
2454131.25000 9.58021
2454181.97917 3.42174
2454232.70833 -4.07669
2454283.43750 -12.31076
2454537.08333 -35.16751
2454587.81250 -34.67586
2454638.54167 -31.53569
2454892.18750 6.02532
2454942.91667 10.55446
2454993.64583 12.68375
2455247.29167 -4.16472
2455298.02083 -10.76572
2455348.75000 -12.99677
2455399.47917 -16.28191
2455602.39583 -5.58579
2455653.12500 0.42681
2455703.85417 8.40407
2455754.58333 16.50693
2455957.50000 38.99735
