2445000.00000 15.84453
2445050.72917 24.51758
2445101.45833 36.90987
2445152.18750 59.87483
2445405.83333 31.39965
2445456.56250 11.58901
2445507.29167 -0.81976
2445760.93750 6.78022
2445811.66667 -14.94754
2445862.39583 -40.26708
2446116.04167 -52.36970
2446166.77083 -39.83943
2446217.50000 -22.43287
2446268.22917 -26.65144
2446471.14583 -37.65660
2446521.87500 -23.66339
2446572.60417 2.46547
2446623.33333 29.91997
2446826.25000 37.97326
2446876.97917 23.51534
2446927.70833 25.02746
2446978.43750 32.15016
2447232.08333 55.21843
2447282.81250 39.93929
2447333.54167 9.76349
2447587.18750 -3.78558
2447637.91667 -3.42760
2447688.64583 -15.84942
2447942.29167 -79.64141
2447993.02083 -47.44880
2448043.75000 -35.30743
2448094.47917 -21.46089
2448297.39583 -29.62666
2448348.12500 -26.30659
2448398.85417 -23.74525
2448449.58333 1.08306
2448652.50000 73.74718
2448703.22917 64.34191
2448753.95833 42.14873
2448804.68750 24.75124
2449058.33333 64.62348
2449109.06250 54.46095
2449159.79167 35.30270
2449413.43750 -37.08958
2449464.16667 -22.97986
2449514.89583 -15.11698
2449768.54167 -76.89166
2449819.27083 -74.94290
2449870.00000 -66.09391
2449920.72917 -35.86119
2450123.64583 1.29425
2450174.37500 -5.96323
2450225.10417 -14.17463
2450275.83333 -9.26050
2450478.75000 66.29595
2450529.47917 65.30718
2450580.20833 73.74986
2450630.93750 54.87104
2450884.58333 33.81757
2450935.31250 42.14105
2450986.04167 43.47687
2451239.68750 -55.91033
2451290.41667 -48.60833
2451341.14583 -41.74127
2451594.79167 -38.97328
2451645.52083 -49.07387
2451696.25000 -72.85247
2451746.97917 -59.26971
2451949.89583 17.97880
2452000.62500 21.65885
2452051.35417 13.13282
2452102.08333 9.98275
2452305.00000 35.57625
2452355.72917 62.13830
2452406.45833 78.50494
2452457.18750 67.09831
2452710.83333 9.81741
2452761.56250 11.55331
2452812.29167 25.11566
2453065.93750 -39.44376
2453116.66667 -68.18806
2453167.39583 -61.99493
2453421.04167 -27.82013
2453471.77083 -30.00377
2453522.50000 -45.73236
2453573.22917 -57.16632
2453776.14583 1.45622
2453826.87500 19.07475
2453877.60417 33.33930
2453928.33333 38.36586
2454131.25000 20.24692
2454181.97917 35.92619
2454232.70833 56.97391
2454283.43750 66.55886
2454537.08333 8.89991
2454587.81250 -2.25453
2454638.54167 -4.93506
2454892.18750 -10.66242
2454942.91667 -34.02605
2454993.64583 -56.68557
2455247.29167 -30.80641
2455298.02083 -23.04712
2455348.75000 -16.13121
2455399.47917 -29.04071
2455602.39583 -22.10018
2455653.12500 0.24446
2455703.85417 20.09087
2455754.58333 49.21203
2455957.50000 32.64768
