2445000.00000 -9.80517
2445050.72917 -4.83378
2445101.45833 10.66195
2445152.18750 11.54299
2445405.83333 -4.43050
2445456.56250 -13.93057
2445507.29167 -30.40959
2445760.93750 -18.75800
2445811.66667 -24.83471
2445862.39583 -13.77533
2446116.04167 -0.95657
2446166.77083 19.46190
2446217.50000 37.30793
2446268.22917 27.55550
2446471.14583 33.16957
2446521.87500 32.59031
2446572.60417 15.52401
2446623.33333 -2.66330
2446826.25000 4.36944
2446876.97917 -21.89128
2446927.70833 -27.61385
2446978.43750 -11.46992
2447232.08333 -31.62062
2447282.81250 -9.91945
2447333.54167 -5.43600
2447587.18750 12.20728
2447637.91667 8.07642
2447688.64583 -6.69513
2447942.29167 18.97135
2447993.02083 5.28488
2448043.75000 15.49262
2448094.47917 41.53733
2448297.39583 1.39172
2448348.12500 15.11543
2448398.85417 26.19222
2448449.58333 16.38186
2448652.50000 1.33134
2448703.22917 -0.03183
2448753.95833 -18.45493
2448804.68750 -31.63018
2449058.33333 -35.48087
2449109.06250 -39.06494
2449159.79167 -18.32710
2449413.43750 -2.48235
2449464.16667 21.34628
2449514.89583 28.96115
2449768.54167 43.68527
2449819.27083 32.42866
2449870.00000 11.85725
2449920.72917 3.40825
2450123.64583 3.99820
2450174.37500 -13.43791
2450225.10417 -8.52953
2450275.83333 4.06120
2450478.75000 -35.33024
2450529.47917 -19.76490
2450580.20833 -5.91610
2450630.93750 -11.76913
2450884.58333 0.43100
2450935.31250 -12.93918
2450986.04167 -23.22472
2451239.68750 0.85065
2451290.41667 0.78064
2451341.14583 17.52507
2451594.79167 9.32934
2451645.52083 26.66195
2451696.25000 37.28914
2451746.97917 14.35664
2451949.89583 13.81964
2452000.62500 1.97429
2452051.35417 -22.04789
2452102.08333 -30.31017
2452305.00000 -23.99277
2452355.72917 -36.94023
2452406.45833 -23.80195
2452457.18750 -9.89737
2452710.83333 -2.75671
2452761.56250 12.23928
2452812.29167 10.67725
2453065.93750 34.06317
2453116.66667 16.49829
2453167.39583 5.46320
2453421.04167 3.16044
2453471.77083 -2.37465
2453522.50000 6.71209
2453573.22917 15.12631
2453776.14583 -17.38558
2453826.87500 -2.52016
2453877.60417 -1.62975
2453928.33333 -18.88186
2454131.25000 -3.97774
2454181.97917 -10.85734
2454232.70833 -23.42563
2454283.43750 -25.09262
2454537.08333 -9.16403
2454587.81250 -0.74588
2454638.54167 16.31458
2454892.18750 17.47969
2454942.91667 26.14305
2454993.64583 20.83495
2455247.29167 17.68270
2455298.02083 1.58181
2455348.75000 -12.18960
2455399.47917 -11.43369
2455602.39583 -22.79619
2455653.12500 -22.04942
2455703.85417 -14.37481
2455754.58333 -5.04515
2455957.50000 -15.30940
