2445000.00000 -2.18537
2445050.72917 -2.05823
2445101.45833 -5.59285
2445152.18750 -7.37965
2445405.83333 1.08030
2445456.56250 5.82821
2445507.29167 5.89879
2445760.93750 1.04435
2445811.66667 -3.46313
2445862.39583 -4.48890
2446116.04167 -2.63961
2446166.77083 0.99454
2446217.50000 0.76363
2446268.22917 -0.87924
2446471.14583 3.28250
2446521.87500 1.23518
2446572.60417 3.32091
2446623.33333 3.27460
2446826.25000 -1.90658
2446876.97917 -2.69796
2446927.70833 -6.23251
2446978.43750 -6.11208
2447232.08333 1.75885
2447282.81250 5.46795
2447333.54167 7.53610
2447587.18750 -0.02674
2447637.91667 -3.82091
2447688.64583 -4.08328
2447942.29167 -1.88401
2447993.02083 1.07694
2448043.75000 0.15648
2448094.47917 -0.69692
2448297.39583 2.34430
2448348.12500 1.47407
2448398.85417 3.97322
2448449.58333 3.89438
2448652.50000 -1.79969
2448703.22917 -2.77046
2448753.95833 -6.60804
2448804.68750 -4.50419
2449058.33333 2.86789
2449109.06250 7.12860
2449159.79167 5.59041
2449413.43750 -1.00903
2449464.16667 -3.35451
2449514.89583 -3.32754
2449768.54167 -0.85872
2449819.27083 1.17871
2449870.00000 -0.43077
2449920.72917 -0.73297
2450123.64583 2.09031
2450174.37500 2.07493
2450225.10417 3.59952
2450275.83333 2.86160
2450478.75000 -1.51770
2450529.47917 -3.38391
2450580.20833 -6.50578
2450630.93750 -3.81253
2450884.58333 3.20529
2450935.31250 6.25455
2450986.04167 4.66273
2451239.68750 -1.78602
2451290.41667 -3.16196
2451341.14583 -2.64593
2451594.79167 -0.19112
2451645.52083 0.86219
2451696.25000 -0.74513
2451746.97917 -0.19334
2451949.89583 1.54579
2452000.62500 2.44008
2452051.35417 4.06224
2452102.08333 2.28097
2452305.00000 -1.63069
2452355.72917 -4.69733
2452406.45833 -5.84957
2452457.18750 -3.94253
2452710.83333 4.13901
2452761.56250 5.91942
2452812.29167 3.50742
2453065.93750 -2.83377
2453116.66667 -3.35157
2453167.39583 -2.10944
2453421.04167 0.29099
2453471.77083 0.32502
2453522.50000 -1.00284
2453573.22917 0.32326
2453776.14583 1.40164
2453826.87500 2.59523
2453877.60417 4.23700
2453928.33333 1.33299
2454131.25000 -1.80170
2454181.97917 -4.82163
2454232.70833 -5.92673
2454283.43750 -3.16364
2454537.08333 4.22032
2454587.81250 5.17832
2454638.54167 2.74315
2454892.18750 -2.88453
2454942.91667 -3.36681
2454993.64583 -1.43795
2455247.29167 0.49776
2455298.02083 -0.05234
2455348.75000 -1.29065
2455399.47917 1.22583
2455602.39583 1.26179
2455653.12500 3.58000
2455703.85417 4.44449
2455754.58333 0.61415
2455957.50000 -2.24843
