2445000.00000 1.99863
2445050.72917 5.13383
2445101.45833 5.37014
2445152.18750 3.31047
2445405.83333 2.16937
2445456.56250 0.33416
2445507.29167 2.54170
2445760.93750 5.07597
2445811.66667 8.30653
2445862.39583 6.71509
2446116.04167 8.21776
2446166.77083 7.24088
2446217.50000 7.20682
2446268.22917 13.24651
2446471.14583 9.61170
2446521.87500 9.05247
2446572.60417 8.24451
2446623.33333 5.52957
2446826.25000 5.82921
2446876.97917 2.68660
2446927.70833 4.01930
2446978.43750 5.08987
2447232.08333 5.29362
2447282.81250 3.53065
2447333.54167 0.76112
2447587.18750 1.75158
2447637.91667 2.96204
2447688.64583 6.50978
2447942.29167 8.23426
2447993.02083 8.95636
2448043.75000 5.04530
2448094.47917 6.11731
2448297.39583 6.63056
2448348.12500 8.16556
2448398.85417 9.00141
2448449.58333 11.43419
2448652.50000 9.33188
2448703.22917 7.12801
2448753.95833 4.64670
2448804.68750 2.63708
2449058.33333 1.34353
2449109.06250 4.68084
2449159.79167 4.96621
2449413.43750 4.25202
2449464.16667 1.95210
2449514.89583 1.25496
2449768.54167 4.56340
2449819.27083 5.77910
2449870.00000 8.92622
2449920.72917 7.95500
2450123.64583 9.71535
2450174.37500 7.54272
2450225.10417 6.68023
2450275.83333 9.01668
2450478.75000 5.91222
2450529.47917 8.59515
2450580.20833 9.08199
2450630.93750 6.95884
2450884.58333 3.81842
2450935.31250 0.98411
2450986.04167 2.93620
2451239.68750 3.30198
2451290.41667 6.29262
2451341.14583 3.00426
2451594.79167 4.44933
2451645.52083 2.92622
2451696.25000 6.14577
2451746.97917 7.82704
2451949.89583 8.88628
2452000.62500 11.62027
2452051.35417 8.60827
2452102.08333 5.71173
2452305.00000 8.32160
2452355.72917 5.71391
2452406.45833 8.18797
2452457.18750 9.29265
2452710.83333 7.69935
2452761.56250 5.37438
2452812.29167 2.07842
2453065.93750 0.15370
2453116.66667 1.66361
2453167.39583 4.36156
2453421.04167 5.72131
2453471.77083 5.61405
2453522.50000 2.66335
2453573.22917 2.98907
2453776.14583 4.63620
2453826.87500 5.76714
2453877.60417 11.19465
2453928.33333 10.91232
2454131.25000 10.75620
2454181.97917 8.84089
2454232.70833 6.51904
2454283.43750 6.54788
2454537.08333 5.32112
2454587.81250 7.36155
2454638.54167 7.82589
2454892.18750 5.43045
2454942.91667 1.27708
2454993.64583 0.40782
2455247.29167 1.17652
2455298.02083 4.63190
2455348.75000 6.34522
2455399.47917 3.46955
2455602.39583 7.17142
2455653.12500 4.88436
2455703.85417 4.21794
2455754.58333 7.52444
2455957.50000 5.60034
