2445000.00000 -2.83119
2445050.72917 12.55139
2445101.45833 1.28906
2445152.18750 4.92750
2445405.83333 10.09651
2445456.56250 -8.98224
2445507.29167 10.13839
2445760.93750 -0.51204
2445811.66667 -10.01741
2445862.39583 4.09474
2446116.04167 -12.69265
2446166.77083 -0.30547
2446217.50000 -8.16927
2446268.22917 -5.97488
2446471.14583 -14.55151
2446521.87500 7.04929
2446572.60417 -11.65975
2446623.33333 7.40506
2446826.25000 -0.39454
2446876.97917 4.55243
2446927.70833 -4.94432
2446978.43750 10.34870
2447232.08333 -2.66286
2447282.81250 11.16526
2447333.54167 3.42417
2447587.18750 -4.33922
2447637.91667 15.73026
2447688.64583 -5.09857
2447942.29167 1.17524
2447993.02083 5.92015
2448043.75000 -6.62308
2448094.47917 9.61151
2448297.39583 6.76807
2448348.12500 -10.00566
2448398.85417 0.72467
2448449.58333 -5.82974
2448652.50000 3.15457
2448703.22917 -16.69478
2448753.95833 4.57502
2448804.68750 -17.25054
2449058.33333 -6.35932
2449109.06250 0.64325
2449159.79167 -10.47092
2449413.43750 8.16070
2449464.16667 -6.20604
2449514.89583 5.44453
2449768.54167 11.62781
2449819.27083 -4.55677
2449870.00000 12.80370
2449920.72917 -3.86625
2450123.64583 5.18328
2450174.37500 2.91720
2450225.10417 10.67165
2450275.83333 -2.49863
2450478.75000 -5.32246
2450529.47917 10.90490
2450580.20833 -3.54156
2450630.93750 4.58412
2450884.58333 6.64856
2450935.31250 -13.51349
2450986.04167 6.79534
2451239.68750 -4.76253
2451290.41667 -8.50508
2451341.14583 0.05913
2451594.79167 -12.68687
2451645.52083 3.22568
2451696.25000 -9.68588
2451746.97917 -1.13877
2451949.89583 -9.18013
2452000.62500 10.59631
2452051.35417 -10.49298
2452102.08333 10.89666
2452305.00000 5.56818
2452355.72917 4.35817
2452406.45833 0.72248
2452457.18750 13.03851
2452710.83333 -3.41462
2452761.56250 12.29729
2452812.29167 0.71826
2453065.93750 -5.41983
2453116.66667 10.05468
2453167.39583 -8.12173
2453421.04167 0.46000
2453471.77083 -0.26260
2453522.50000 -7.24484
2453573.22917 3.72502
2453776.14583 4.29867
2453826.87500 -14.12885
2453877.60417 1.20979
2453928.33333 -7.49324
2454131.25000 1.59746
2454181.97917 -12.75862
2454232.70833 5.07783
2454283.43750 -15.18205
2454537.08333 -0.57678
2454587.81250 1.23758
2454638.54167 -5.22663
2454892.18750 10.93563
2454942.91667 -4.47135
2454993.64583 10.51740
2455247.29167 12.41267
2455298.02083 -3.63008
2455348.75000 14.81148
2455399.47917 -4.18879
2455602.39583 0.98833
2455653.12500 3.73708
2455703.85417 5.92613
2455754.58333 -1.96937
2455957.50000 -10.65685
