2445000.00000 -2.69661
2445050.72917 1.30545
2445101.45833 17.85746
2445152.18750 29.64777
2445405.83333 -13.06490
2445456.56250 4.70134
2445507.29167 9.31522
2445760.93750 -20.27215
2445811.66667 -5.77134
2445862.39583 -10.44056
2446116.04167 -6.36722
2446166.77083 0.56888
2446217.50000 -10.40452
2446268.22917 -26.30203
2446471.14583 16.85066
2446521.87500 14.70557
2446572.60417 0.83436
2446623.33333 -11.84290
2446826.25000 48.35736
2446876.97917 30.55148
2446927.70833 8.90629
2446978.43750 4.23681
2447232.08333 18.22112
2447282.81250 2.43020
2447333.54167 4.92115
2447587.18750 -9.57141
2447637.91667 -20.26695
2447688.64583 -8.29370
2447942.29167 -51.61806
2447993.02083 -35.23331
2448043.75000 -19.27055
2448094.47917 -3.70995
2448297.39583 -46.11041
2448348.12500 -30.50738
2448398.85417 -11.66604
2448449.58333 -3.28104
2448652.50000 -27.78351
2448703.22917 -5.23142
2448753.95833 13.54583
2448804.68750 12.63739
2449058.33333 31.76163
2449109.06250 39.41147
2449159.79167 24.05530
2449413.43750 46.68956
2449464.16667 50.27502
2449514.89583 21.32112
2449768.54167 41.32199
2449819.27083 26.72442
2449870.00000 -1.91099
2449920.72917 -9.26354
2450123.64583 9.61840
2450174.37500 -16.48670
2450225.10417 -36.55284
2450275.83333 -31.32224
2450478.75000 -23.86128
2450529.47917 -43.37197
2450580.20833 -51.00272
2450630.93750 -37.93967
2450884.58333 -50.39409
2450935.31250 -43.53961
2450986.04167 -10.74434
2451239.68750 -22.33071
2451290.41667 -2.17855
2451341.14583 19.76090
2451594.79167 9.60495
2451645.52083 32.28204
2451696.25000 52.39146
2451746.97917 43.45376
2451949.89583 27.80000
2452000.62500 44.23188
2452051.35417 46.00547
2452102.08333 28.84138
2452305.00000 21.15181
2452355.72917 31.20362
2452406.45833 20.93184
2452457.18750 -5.90083
2452710.83333 3.45327
2452761.56250 -16.58545
2452812.29167 -39.93633
2453065.93750 -13.94244
2453116.66667 -41.13721
2453167.39583 -54.02193
2453421.04167 -17.29347
2453471.77083 -30.27202
2453522.50000 -27.63333
2453573.22917 -13.30194
2453776.14583 -1.33493
2453826.87500 -9.32483
2453877.60417 1.12825
2453928.33333 32.56407
2454131.25000 8.08800
2454181.97917 7.19286
2454232.70833 19.94130
2454283.43750 53.04820
2454537.08333 6.08960
2454587.81250 23.13617
2454638.54167 39.99477
2454892.18750 -5.73845
2454942.91667 10.29837
2454993.64583 12.19024
2455247.29167 -14.97207
2455298.02083 -3.63959
2455348.75000 -13.44826
2455399.47917 -34.49573
2455602.39583 -5.16825
2455653.12500 -3.30925
2455703.85417 -17.60345
2455754.58333 -40.87166
2455957.50000 15.02655
