2445000.00000 23.21563
2445050.72917 26.72957
2445101.45833 26.84523
2445152.18750 25.50576
2445405.83333 22.91561
2445456.56250 22.87770
2445507.29167 20.05641
2445760.93750 13.36545
2445811.66667 12.14126
2445862.39583 10.17690
2446116.04167 6.48468
2446166.77083 5.93228
2446217.50000 6.47134
2446268.22917 6.52043
2446471.14583 9.23997
2446521.87500 9.91337
2446572.60417 10.75799
2446623.33333 14.11557
2446826.25000 15.53049
2446876.97917 16.25361
2446927.70833 15.99935
2446978.43750 18.04136
2447232.08333 13.66204
2447282.81250 12.06103
2447333.54167 10.29295
2447587.18750 4.81192
2447637.91667 3.90574
2447688.64583 3.17049
2447942.29167 3.32958
2447993.02083 3.82931
2448043.75000 5.75445
2448094.47917 6.80968
2448297.39583 12.11183
2448348.12500 13.03066
2448398.85417 17.27072
2448449.58333 17.88465
2448652.50000 21.08691
2448703.22917 22.40271
2448753.95833 21.06707
2448804.68750 20.47170
2449058.33333 17.58142
2449109.06250 18.16716
2449159.79167 13.89820
2449413.43750 11.86880
2449464.16667 11.18229
2449514.89583 11.08847
2449768.54167 15.09336
2449819.27083 16.43785
2449870.00000 15.39976
2449920.72917 18.23007
2450123.64583 24.55080
2450174.37500 23.42348
2450225.10417 28.34747
2450275.83333 28.92750
2450478.75000 23.96121
2450529.47917 25.87695
2450580.20833 26.86946
2450630.93750 20.99471
2450884.58333 17.66197
2450935.31250 14.38241
2450986.04167 15.78420
2451239.68750 9.37677
2451290.41667 9.38166
2451341.14583 10.18446
2451594.79167 13.64507
2451645.52083 15.74635
2451696.25000 11.63506
2451746.97917 15.78884
2451949.89583 16.15157
2452000.62500 20.19782
2452051.35417 16.07417
2452102.08333 19.42192
2452305.00000 15.73081
2452355.72917 16.28290
2452406.45833 13.96907
2452457.18750 13.13170
2452710.83333 5.00282
2452761.56250 3.42233
2452812.29167 2.54163
2453065.93750 1.30067
2453116.66667 1.68493
2453167.39583 2.35068
2453421.04167 7.92243
2453471.77083 9.68210
2453522.50000 10.01427
2453573.22917 13.61838
2453776.14583 16.06941
2453826.87500 19.55981
2453877.60417 18.10222
2453928.33333 17.47447
2454131.25000 15.70920
2454181.97917 13.59691
2454232.70833 15.30603
2454283.43750 12.67578
2454537.08333 7.19610
2454587.81250 7.14697
2454638.54167 6.96192
2454892.18750 11.93286
2454942.91667 11.97437
2454993.64583 14.01360
2455247.29167 24.09190
2455298.02083 25.50132
2455348.75000 27.23111
2455399.47917 30.74992
2455602.39583 37.23533
2455653.12500 26.75246
2455703.85417 28.47787
2455754.58333 27.11146
2455957.50000 20.86856
