2445000.00000 -7.67234
2445050.72917 -7.11878
2445101.45833 8.26074
2445152.18750 -2.75282
2445405.83333 -27.20467
2445456.56250 -11.79561
2445507.29167 -7.65760
2445760.93750 -32.17771
2445811.66667 -22.33608
2445862.39583 -9.44663
2446116.04167 -18.97586
2446166.77083 -36.64997
2446217.50000 -11.43872
2446268.22917 -1.93515
2446471.14583 4.84770
2446521.87500 -12.93143
2446572.60417 -8.42885
2446623.33333 11.59952
2446826.25000 22.46124
2446876.97917 12.54413
2446927.70833 1.72361
2446978.43750 22.43082
2447232.08333 29.20877
2447282.81250 10.97516
2447333.54167 16.39184
2447587.18750 28.05809
2447637.91667 21.70714
2447688.64583 4.81496
2447942.29167 14.79216
2447993.02083 16.92578
2448043.75000 -4.44162
2448094.47917 -7.01236
2448297.39583 -12.58911
2448348.12500 3.05538
2448398.85417 -10.81532
2448449.58333 -24.62547
2448652.50000 -32.30528
2448703.22917 -20.08859
2448753.95833 -14.24254
2448804.68750 -33.76795
2449058.33333 -32.24235
2449109.06250 -10.10916
2449159.79167 -18.96271
2449413.43750 -26.42467
2449464.16667 -6.81248
2449514.89583 3.90854
2449768.54167 -8.25707
2449819.27083 -1.12183
2449870.00000 25.81667
2449920.72917 19.75727
2450123.64583 20.43364
2450174.37500 6.99358
2450225.10417 27.34058
2450275.83333 41.34236
2450478.75000 45.78767
2450529.47917 18.62394
2450580.20833 20.07881
2450630.93750 40.57132
2450884.58333 20.00236
2450935.31250 0.69554
2450986.04167 14.47589
2451239.68750 13.82104
2451290.41667 -13.25995
2451341.14583 -16.12806
2451594.79167 -3.35020
2451645.52083 -19.27743
2451696.25000 -36.62926
2451746.97917 -20.29122
2451949.89583 -26.77700
2452000.62500 -15.25993
2452051.35417 -40.30320
2452102.08333 -45.24600
2452305.00000 -34.23851
2452355.72917 -8.57978
2452406.45833 -18.77866
2452457.18750 -33.89128
2452710.83333 0.70286
2452761.56250 11.93341
2452812.29167 -8.23872
2453065.93750 8.15914
2453116.66667 34.89433
2453167.39583 26.94037
2453421.04167 12.49840
2453471.77083 34.86844
2453522.50000 36.52005
2453573.22917 24.20792
2453776.14583 15.53812
2453826.87500 18.28403
2453877.60417 43.52867
2453928.33333 28.30395
2454131.25000 14.68475
2454181.97917 -6.47919
2454232.70833 9.74748
2454283.43750 17.12510
2454537.08333 -24.08864
2454587.81250 -23.21024
2454638.54167 -2.99337
2454892.18750 -28.93858
2454942.91667 -55.88611
2454993.64583 -26.42169
2455247.29167 -15.13506
2455298.02083 -38.25665
2455348.75000 -43.28201
2455399.47917 -16.10963
2455602.39583 -1.24899
2455653.12500 -12.32556
2455703.85417 -27.02116
2455754.58333 -9.75341
2455957.50000 11.34735
