2445000.00000 5.89452
2445050.72917 13.71226
2445101.45833 6.70557
2445152.18750 16.71430
2445405.83333 55.89867
2445456.56250 46.35356
2445507.29167 68.87884
2445760.93750 30.80801
2445811.66667 38.06311
2445862.39583 25.05264
2446116.04167 6.63172
2446166.77083 15.24683
2446217.50000 7.06914
2446268.22917 19.50870
2446471.14583 42.81039
2446521.87500 45.29158
2446572.60417 54.07813
2446623.33333 79.03144
2446826.25000 46.45935
2446876.97917 33.09569
2446927.70833 27.65577
2446978.43750 23.86584
2447232.08333 11.53520
2447282.81250 9.75433
2447333.54167 6.81242
2447587.18750 47.59793
2447637.91667 42.38112
2447688.64583 49.64689
2447942.29167 47.39047
2447993.02083 30.92775
2448043.75000 35.44926
2448094.47917 24.73226
2448297.39583 2.47976
2448348.12500 15.85840
2448398.85417 12.26469
2448449.58333 8.08618
2448652.50000 39.22583
2448703.22917 56.79784
2448753.95833 43.93965
2448804.68750 51.21129
2449058.33333 41.90199
2449109.06250 35.83781
2449159.79167 42.20174
2449413.43750 3.76338
2449464.16667 15.96655
2449514.89583 12.55948
2449768.54167 40.97015
2449819.27083 52.26929
2449870.00000 41.83742
2449920.72917 47.94236
2450123.64583 50.96803
2450174.37500 36.76101
2450225.10417 35.88449
2450275.83333 34.71538
2450478.75000 11.10366
2450529.47917 4.10478
2450580.20833 14.04018
2450630.93750 12.48650
2450884.58333 42.37964
2450935.31250 44.13445
2450986.04167 45.48741
2451239.68750 56.01177
2451290.41667 45.16123
2451341.14583 29.17241
2451594.79167 10.82544
2451645.52083 5.82053
2451696.25000 17.04952
2451746.97917 12.56548
2451949.89583 23.85550
2452000.62500 43.54692
2452051.35417 49.48206
2452102.08333 45.90947
2452305.00000 56.83711
2452355.72917 53.10119
2452406.45833 41.82536
2452457.18750 36.45244
2452710.83333 8.99282
2452761.56250 6.99432
2452812.29167 17.56055
2453065.93750 26.52536
2453116.66667 34.92859
2453167.39583 49.97037
2453421.04167 51.12049
2453471.77083 53.53647
2453522.50000 40.95809
2453573.22917 46.35979
2453776.14583 22.01383
2453826.87500 9.52492
2453877.60417 6.41478
2453928.33333 17.13974
2454131.25000 25.40594
2454181.97917 28.51022
2454232.70833 39.08509
2454283.43750 39.12375
2454537.08333 55.51400
2454587.81250 50.92427
2454638.54167 44.95162
2454892.18750 20.19209
2454942.91667 7.33631
2454993.64583 7.40852
2455247.29167 27.14014
2455298.02083 25.62806
2455348.75000 39.20678
2455399.47917 46.77899
2455602.39583 43.91111
2455653.12500 43.84139
2455703.85417 47.22167
2455754.58333 39.91066
2455957.50000 23.67204
