2445000.00000 0.89421
2445050.72917 -2.97344
2445101.45833 -0.07242
2445152.18750 -2.36206
2445405.83333 -1.13602
2445456.56250 2.31355
2445507.29167 0.77368
2445760.93750 -1.10914
2445811.66667 1.11569
2445862.39583 -1.36713
2446116.04167 -2.20979
2446166.77083 0.24031
2446217.50000 -0.60342
2446268.22917 -0.14094
2446471.14583 0.09777
2446521.87500 2.17820
2446572.60417 0.94589
2446623.33333 -0.06224
2446826.25000 -2.53534
2446876.97917 -0.71292
2446927.70833 -1.39418
2446978.43750 -1.86762
2447232.08333 1.77565
2447282.81250 1.76209
2447333.54167 0.62213
2447587.18750 -0.06868
2447637.91667 -0.66988
2447688.64583 -2.57995
2447942.29167 -0.08469
2447993.02083 0.61573
2448043.75000 -0.36092
2448094.47917 2.46965
2448297.39583 1.11426
2448348.12500 1.19179
2448398.85417 -1.04724
2448449.58333 1.36866
2448652.50000 -1.56833
2448703.22917 -0.43355
2448753.95833 -2.16671
2448804.68750 1.32986
2449058.33333 2.41698
2449109.06250 -0.01288
2449159.79167 2.67520
2449413.43750 -0.19620
2449464.16667 -2.19020
2449514.89583 0.13942
2449768.54167 1.60789
2449819.27083 -0.47157
2449870.00000 2.97371
2449920.72917 0.13271
2450123.64583 1.50432
2450174.37500 -1.73598
2450225.10417 0.87506
2450275.83333 -2.47972
2450478.75000 0.35386
2450529.47917 -1.90211
2450580.20833 1.18924
2450630.93750 -0.62050
2450884.58333 -0.33404
2450935.31250 2.89684
2450986.04167 -0.77227
2451239.68750 -2.93814
2451290.41667 0.04374
2451341.14583 -2.03126
2451594.79167 -0.34988
2451645.52083 2.13237
2451696.25000 0.74701
2451746.97917 1.29452
2451949.89583 -1.65819
2452000.62500 0.08702
2452051.35417 -2.23474
2452102.08333 -1.90169
2452305.00000 -1.96809
2452355.72917 1.46293
2452406.45833 0.45459
2452457.18750 1.14469
2452710.83333 1.74067
2452761.56250 -0.45082
2452812.29167 -1.22070
2453065.93750 -0.36002
2453116.66667 -1.07187
2453167.39583 -0.89169
2453421.04167 2.36776
2453471.77083 1.83175
2453522.50000 0.24432
2453573.22917 1.35533
2453776.14583 -1.11905
2453826.87500 -1.24545
2453877.60417 -3.01232
2453928.33333 0.29573
2454131.25000 1.12880
2454181.97917 1.58299
2454232.70833 0.56007
2454283.43750 3.34051
2454537.08333 -0.04891
2454587.81250 -2.41696
2454638.54167 0.19444
2454892.18750 0.36006
2454942.91667 -1.03012
2454993.64583 2.73570
2455247.29167 2.06824
2455298.02083 -0.76315
2455348.75000 1.92617
2455399.47917 -2.14438
2455602.39583 -0.63588
2455653.12500 -3.03933
2455703.85417 0.90491
2455754.58333 -2.24251
2455957.50000 3.16300
