2445000.00000 -6.83148
2445050.72917 -9.29982
2445101.45833 -10.35576
2445152.18750 -7.54238
2445405.83333 -5.76427
2445456.56250 -8.76423
2445507.29167 -5.47655
2445760.93750 3.15668
2445811.66667 -0.63708
2445862.39583 -2.82566
2446116.04167 10.01669
2446166.77083 6.85042
2446217.50000 2.65872
2446268.22917 0.30699
2446471.14583 10.28814
2446521.87500 10.70470
2446572.60417 6.04643
2446623.33333 1.42784
2446826.25000 7.00708
2446876.97917 7.35592
2446927.70833 5.13663
2446978.43750 1.15555
2447232.08333 1.00433
2447282.81250 2.38031
2447333.54167 0.30050
2447587.18750 -4.86311
2447637.91667 -1.76395
2447688.64583 -0.25755
2447942.29167 -8.93152
2447993.02083 -4.30365
2448043.75000 0.04914
2448094.47917 1.67717
2448297.39583 -6.63575
2448348.12500 -3.74081
2448398.85417 0.88569
2448449.58333 4.80255
2448652.50000 -1.30204
2448703.22917 -1.56658
2448753.95833 1.06136
2448804.68750 6.26707
2449058.33333 0.92556
2449109.06250 0.51583
2449159.79167 2.67785
2449413.43750 2.73802
2449464.16667 -1.24043
2449514.89583 -1.81587
2449768.54167 2.07990
2449819.27083 -3.02958
2449870.00000 -7.08086
2449920.72917 -6.83291
2450123.64583 0.66040
2450174.37500 -2.86864
2450225.10417 -8.77411
2450275.83333 -11.62163
2450478.75000 -0.46936
2450529.47917 -0.95100
2450580.20833 -4.37109
2450630.93750 -6.97313
2450884.58333 2.06230
2450935.31250 2.22086
2450986.04167 -0.89084
2451239.68750 5.50163
2451290.41667 8.31471
2451341.14583 6.98268
2451594.79167 5.36741
2451645.52083 7.77154
2451696.25000 11.08140
2451746.97917 10.83687
2451949.89583 1.52830
2452000.62500 5.47974
2452051.35417 7.51504
2452102.08333 11.02257
2452305.00000 -2.52247
2452355.72917 -1.32585
2452406.45833 1.47655
2452457.18750 3.99505
2452710.83333 -8.29411
2452761.56250 -6.41454
2452812.29167 -2.98180
2453065.93750 -9.13621
2453116.66667 -10.70483
2453167.39583 -9.94891
2453421.04167 -5.57007
2453471.77083 -8.46558
2453522.50000 -9.29429
2453573.22917 -6.13407
2453776.14583 1.31249
2453826.87500 -2.33402
2453877.60417 -5.12491
2453928.33333 -3.86559
2454131.25000 7.46487
2454181.97917 6.01113
2454232.70833 2.15126
2454283.43750 -0.33058
2454537.08333 9.42121
2454587.81250 6.79553
2454638.54167 2.66298
2454892.18750 10.76773
2454942.91667 7.22179
2454993.64583 3.81887
2455247.29167 2.52241
2455298.02083 4.29185
2455348.75000 2.73134
2455399.47917 -1.23165
2455602.39583 -4.80298
2455653.12500 -1.31924
2455703.85417 0.29433
2455754.58333 -0.96976
2455957.50000 -9.98325
