2445000.00000 -16.70942
2445050.72917 1.36284
2445101.45833 8.30073
2445152.18750 -3.42998
2445405.83333 22.30851
2445456.56250 27.69892
2445507.29167 12.12532
2445760.93750 42.40969
2445811.66667 21.70913
2445862.39583 -1.92154
2446116.04167 7.84729
2446166.77083 -8.10273
2446217.50000 -32.26352
2446268.22917 -40.37667
2446471.14583 8.75416
2446521.87500 -9.10788
2446572.60417 -17.43222
2446623.33333 -11.19282
2446826.25000 18.97659
2446876.97917 0.74761
2446927.70833 -8.43239
2446978.43750 0.10166
2447232.08333 -26.67466
2447282.81250 -31.26474
2447333.54167 -15.30506
2447587.18750 -31.41035
2447637.91667 -25.12871
2447688.64583 -0.57934
2447942.29167 -9.49212
2447993.02083 6.85908
2448043.75000 24.33462
2448094.47917 38.16716
2448297.39583 -10.84346
2448348.12500 4.92804
2448398.85417 15.89754
2448449.58333 16.16087
2448652.50000 -22.52412
2448703.22917 -3.31071
2448753.95833 8.24447
2448804.68750 2.16997
2449058.33333 17.48271
2449109.06250 29.55242
2449159.79167 15.29064
2449413.43750 37.12722
2449464.16667 31.84240
2449514.89583 3.65083
2449768.54167 8.94281
2449819.27083 -3.70593
2449870.00000 -25.04025
2449920.72917 -38.09004
2450123.64583 12.79340
2450174.37500 -1.58659
2450225.10417 -15.21174
2450275.83333 -14.02795
2450478.75000 22.74914
2450529.47917 6.55614
2450580.20833 -7.95719
2450630.93750 -4.86717
2450884.58333 -17.93442
2450935.31250 -31.27184
2450986.04167 -20.39820
2451239.68750 -30.00183
2451290.41667 -23.80596
2451341.14583 -5.42177
2451594.79167 -10.36590
2451645.52083 1.46818
2451696.25000 22.13569
2451746.97917 33.00839
2451949.89583 -12.98047
2452000.62500 -1.46465
2452051.35417 11.02038
2452102.08333 13.49063
2452305.00000 -27.76396
2452355.72917 -9.62585
2452406.45833 5.26252
2452457.18750 6.90060
2452710.83333 16.01566
2452761.56250 26.73094
2452812.29167 25.62616
2453065.93750 35.28300
2453116.66667 25.58230
2453167.39583 7.58546
2453421.04167 10.28161
2453471.77083 0.92380
2453522.50000 -19.95136
2453573.22917 -32.21915
2453776.14583 13.35268
2453826.87500 4.13069
2453877.60417 -10.71594
2453928.33333 -14.65718
2454131.25000 28.48111
2454181.97917 10.32086
2454232.70833 -6.53757
2454283.43750 -7.59414
2454537.08333 -14.09409
2454587.81250 -23.11890
2454638.54167 -29.10012
2454892.18750 -27.17432
2454942.91667 -26.06821
2454993.64583 -10.22767
2455247.29167 -8.99327
2455298.02083 -2.82726
2455348.75000 15.92067
2455399.47917 30.84149
2455602.39583 -17.82178
2455653.12500 -6.56093
2455703.85417 7.42009
2455754.58333 13.92985
2455957.50000 -28.63222
