2445000.00000 21.60890
2445050.72917 6.45944
2445101.45833 8.83217
2445152.18750 24.94371
2445405.83333 21.50239
2445456.56250 22.55300
2445507.29167 12.65166
2445760.93750 17.63740
2445811.66667 17.95719
2445862.39583 33.31469
2446116.04167 18.79922
2446166.77083 18.23257
2446217.50000 3.86275
2446268.22917 18.12888
2446471.14583 7.26370
2446521.87500 6.08721
2446572.60417 20.34073
2446623.33333 6.41655
2446826.25000 21.79367
2446876.97917 24.36965
2446927.70833 11.61508
2446978.43750 25.28018
2447232.08333 20.47703
2447282.81250 33.43566
2447333.54167 15.79120
2447587.18750 17.81687
2447637.91667 4.11899
2447688.64583 19.75646
2447942.29167 5.70164
2447993.02083 17.77153
2448043.75000 7.15855
2448094.47917 10.58220
2448297.39583 24.65801
2448348.12500 11.63295
2448398.85417 24.77112
2448449.58333 27.30888
2448652.50000 17.23929
2448703.22917 30.49949
2448753.95833 16.60673
2448804.68750 17.03683
2449058.33333 4.18114
2449109.06250 16.79629
2449159.79167 14.84283
2449413.43750 18.15720
2449464.16667 7.71077
2449514.89583 9.12492
2449768.54167 9.64599
2449819.27083 24.50615
2449870.00000 29.01666
2449920.72917 12.20924
2450123.64583 37.64694
2450174.37500 21.81138
2450225.10417 12.81590
2450275.83333 32.90813
2450478.75000 6.25368
2450529.47917 17.99779
2450580.20833 18.27021
2450630.93750 1.68122
2450884.58333 8.59385
2450935.31250 6.29118
2450986.04167 21.08498
2451239.68750 22.83566
2451290.41667 31.51781
2451341.14583 11.91435
2451594.79167 18.58012
2451645.52083 14.65780
2451696.25000 32.00040
2451746.97917 12.91271
2451949.89583 18.31508
2452000.62500 19.83969
2452051.35417 2.12836
2452102.08333 16.17610
2452305.00000 9.17598
2452355.72917 4.35106
2452406.45833 23.92626
2452457.18750 6.96149
2452710.83333 24.45556
2452761.56250 11.89514
2452812.29167 31.60823
2453065.93750 17.17997
2453116.66667 33.02937
2453167.39583 14.34273
2453421.04167 21.23933
2453471.77083 2.60869
2453522.50000 15.83408
2453573.22917 16.06514
2453776.14583 3.01621
2453826.87500 19.63772
2453877.60417 8.17236
2453928.33333 7.90401
2454131.25000 25.22330
2454181.97917 10.47788
2454232.70833 21.31526
2454283.43750 25.95466
2454537.08333 34.32661
2454587.81250 17.89794
2454638.54167 15.70412
2454892.18750 3.95776
2454942.91667 15.17622
2454993.64583 16.96998
2455247.29167 19.89071
2455298.02083 7.14544
2455348.75000 6.37479
2455399.47917 22.79053
2455602.39583 10.21803
2455653.12500 24.29946
2455703.85417 29.22648
2455754.58333 12.07922
2455957.50000 30.41200
