2445000.00000 134.01107
2445050.72917 89.40914
2445101.45833 38.61517
2445152.18750 8.91310
2445405.83333 65.53992
2445456.56250 45.13664
2445507.29167 -6.50158
2445760.93750 -6.81179
2445811.66667 1.30345
2445862.39583 -17.08023
2446116.04167 -103.01388
2446166.77083 -54.53366
2446217.50000 -33.76908
2446268.22917 -34.35238
2446471.14583 -108.30318
2446521.87500 -100.39072
2446572.60417 -51.52076
2446623.33333 -5.45804
2446826.25000 -47.56465
2446876.97917 -54.62090
2446927.70833 -28.18734
2446978.43750 7.35807
2447232.08333 41.14997
2447282.81250 13.32091
2447333.54167 20.87994
2447587.18750 99.92885
2447637.91667 69.70234
2447688.64583 42.84657
2447942.29167 108.81920
2447993.02083 83.66750
2448043.75000 45.49053
2448094.47917 3.67938
2448297.39583 20.99631
2448348.12500 36.64587
2448398.85417 26.36341
2448449.58333 -6.87522
2448652.50000 -83.51056
2448703.22917 -48.98653
2448753.95833 -30.49641
2448804.68750 -20.32951
2449058.33333 -125.50499
2449109.06250 -79.36368
2449159.79167 -39.74500
2449413.43750 -81.95599
2449464.16667 -78.78231
2449514.89583 -45.24159
2449768.54167 11.04509
2449819.27083 -11.37679
2449870.00000 -13.92365
2449920.72917 7.05551
2450123.64583 109.76783
2450174.37500 83.01687
2450225.10417 52.82134
2450275.83333 28.81495
2450478.75000 110.39145
2450529.47917 134.45471
2450580.20833 88.34003
2450630.93750 45.81819
2450884.58333 64.68303
2450935.31250 56.83073
2450986.04167 42.61774
2451239.68750 -37.62965
2451290.41667 -12.49984
2451341.14583 1.67199
2451594.79167 -118.10503
2451645.52083 -83.01584
2451696.25000 -50.04855
2451746.97917 -35.04210
2451949.89583 -86.45400
2452000.62500 -110.52759
2452051.35417 -93.83634
2452102.08333 -55.67192
2452305.00000 -14.38596
2452355.72917 -39.17913
2452406.45833 -53.47008
2452457.18750 -34.68943
2452710.83333 63.48667
2452761.56250 33.77936
2452812.29167 14.90085
2453065.93750 117.66233
2453116.66667 100.84624
2453167.39583 72.56518
2453421.04167 65.82180
2453471.77083 98.34702
2453522.50000 80.08936
2453573.22917 57.25705
2453776.14583 -11.58827
2453826.87500 11.55387
2453877.60417 26.42394
2453928.33333 27.41013
2454131.25000 -93.56084
2454181.97917 -78.01383
2454232.70833 -52.45815
2454283.43750 -31.54608
2454537.08333 -110.37192
2454587.81250 -102.59509
2454638.54167 -80.80851
2454892.18750 -50.46044
2454942.91667 -75.93588
2454993.64583 -72.36921
2455247.29167 33.55902
2455298.02083 13.94980
2455348.75000 -7.85471
2455399.47917 -15.70283
2455602.39583 82.88408
2455653.12500 95.71801
2455703.85417 62.32537
2455754.58333 41.10859
2455957.50000 76.34966
