2445000.00000 -1.23220
2445050.72917 -7.30159
2445101.45833 -0.88364
2445152.18750 -6.93753
2445405.83333 2.60511
2445456.56250 -1.45015
2445507.29167 2.80637
2445760.93750 1.83069
2445811.66667 5.69043
2445862.39583 1.96834
2446116.04167 2.43975
2446166.77083 -0.65759
2446217.50000 0.64435
2446268.22917 -1.72746
2446471.14583 -4.19703
2446521.87500 -2.99566
2446572.60417 -3.95776
2446623.33333 -3.41200
2446826.25000 -2.67236
2446876.97917 -1.37864
2446927.70833 -1.39812
2446978.43750 0.36553
2447232.08333 2.44501
2447282.81250 4.69740
2447333.54167 2.84832
2447587.18750 3.97792
2447637.91667 0.46369
2447688.64583 3.94352
2447942.29167 -4.23877
2447993.02083 -0.57220
2448043.75000 -5.43633
2448094.47917 -1.18057
2448297.39583 -0.85381
2448348.12500 -4.85451
2448398.85417 0.21175
2448449.58333 -3.68279
2448652.50000 -1.74306
2448703.22917 4.21310
2448753.95833 -0.56189
2448804.68750 4.75668
2449058.33333 0.39141
2449109.06250 5.26979
2449159.79167 -0.28660
2449413.43750 2.19766
2449464.16667 -3.76113
2449514.89583 1.00232
2449768.54167 -6.31700
2449819.27083 -0.52932
2449870.00000 -6.23220
2449920.72917 -0.16498
2450123.64583 1.63487
2450174.37500 -2.21982
2450225.10417 3.40836
2450275.83333 -1.14354
2450478.75000 1.00173
2450529.47917 5.63047
2450580.20833 1.27538
2450630.93750 5.58303
2450884.58333 -0.57021
2450935.31250 2.08349
2450986.04167 -2.06256
2451239.68750 -1.84525
2451290.41667 -4.41366
2451341.14583 -2.71865
2451594.79167 -2.47412
2451645.52083 -0.98869
2451696.25000 -1.45939
2451746.97917 0.16909
2451949.89583 2.27198
2452000.62500 2.65910
2452051.35417 2.88942
2452102.08333 3.08871
2452305.00000 3.08447
2452355.72917 1.79883
2452406.45833 2.34655
2452457.18750 0.47796
2452710.83333 -0.75406
2452761.56250 -3.57891
2452812.29167 -1.39783
2453065.93750 -4.78793
2453116.66667 -1.03917
2453167.39583 -4.58274
2453421.04167 3.40223
2453471.77083 -0.60295
2453522.50000 4.76134
2453573.22917 0.20275
2453776.14583 0.86088
2453826.87500 6.60652
2453877.60417 0.35269
2453928.33333 5.90845
2454131.25000 3.17484
2454181.97917 -3.16313
2454232.70833 1.77333
2454283.43750 -4.43418
2454537.08333 -0.52349
2454587.81250 -7.25936
2454638.54167 -0.30714
2454892.18750 -3.81578
2454942.91667 3.64552
2454993.64583 -2.32119
2455247.29167 6.66860
2455298.02083 0.80240
2455348.75000 6.78472
2455399.47917 0.83684
2455602.39583 -0.67173
2455653.12500 4.12439
2455703.85417 -1.97450
2455754.58333 2.00874
2455957.50000 -0.82106
