2445000.00000 7.32055
2445050.72917 7.26228
2445101.45833 9.18294
2445152.18750 8.63518
2445405.83333 5.11574
2445456.56250 4.58893
2445507.29167 5.27684
2445760.93750 6.36457
2445811.66667 6.49267
2445862.39583 6.10130
2446116.04167 1.76540
2446166.77083 1.77184
2446217.50000 1.75801
2446268.22917 2.55583
2446471.14583 3.31149
2446521.87500 3.19600
2446572.60417 2.09798
2446623.33333 1.69623
2446826.25000 0.98588
2446876.97917 2.02420
2446927.70833 2.39025
2446978.43750 3.02943
2447232.08333 4.29393
2447282.81250 4.14529
2447333.54167 3.80659
2447587.18750 6.42239
2447637.91667 7.25877
2447688.64583 8.16848
2447942.29167 6.99785
2447993.02083 4.84434
2448043.75000 5.24308
2448094.47917 4.87117
2448297.39583 7.72201
2448348.12500 7.47843
2448398.85417 7.18299
2448449.58333 7.02466
2448652.50000 3.67003
2448703.22917 2.79910
2448753.95833 2.53751
2448804.68750 2.20641
2449058.33333 4.26487
2449109.06250 3.35713
2449159.79167 3.27335
2449413.43750 0.38465
2449464.16667 0.80966
2449514.89583 1.50929
2449768.54167 4.86690
2449819.27083 4.54070
2449870.00000 3.41478
2449920.72917 3.53367
2450123.64583 4.41053
2450174.37500 4.60101
2450225.10417 6.87720
2450275.83333 6.98029
2450478.75000 8.98138
2450529.47917 6.56689
2450580.20833 6.74274
2450630.93750 5.90260
2450884.58333 5.93772
2450935.31250 7.54166
2450986.04167 8.21847
2451239.68750 4.36387
2451290.41667 3.85336
2451341.14583 2.79812
2451594.79167 4.20187
2451645.52083 4.59953
2451696.25000 3.80808
2451746.97917 3.92507
2451949.89583 0.68624
2452000.62500 0.21493
2452051.35417 0.21833
2452102.08333 0.60420
2452305.00000 3.34049
2452355.72917 3.65997
2452406.45833 3.67325
2452457.18750 3.60446
2452710.83333 2.57627
2452761.56250 3.42956
2452812.29167 5.20082
2453065.93750 6.87987
2453116.66667 8.80638
2453167.39583 7.70308
2453421.04167 5.00276
2453471.77083 6.84349
2453522.50000 6.86923
2453573.22917 7.24764
2453776.14583 7.82378
2453826.87500 5.30760
2453877.60417 4.96643
2453928.33333 4.03872
2454131.25000 4.09209
2454181.97917 3.56013
2454232.70833 4.80185
2454283.43750 4.27751
2454537.08333 1.21587
2454587.81250 0.46674
2454638.54167 0.18291
2454892.18750 2.48543
2454942.91667 3.45008
2454993.64583 3.03491
2455247.29167 1.56140
2455298.02083 1.61450
2455348.75000 2.30425
2455399.47917 2.98653
2455602.39583 7.30649
2455653.12500 7.81405
2455703.85417 7.77924
2455754.58333 6.06750
2455957.50000 5.54149
