2445000.00000 20.68268
2445050.72917 32.05075
2445101.45833 24.45200
2445152.18750 6.22942
2445405.83333 15.92376
2445456.56250 8.30533
2445507.29167 19.65242
2445760.93750 22.01491
2445811.66667 40.21279
2445862.39583 50.78915
2446116.04167 50.96906
2446166.77083 49.73496
2446217.50000 36.28575
2446268.22917 22.29623
2446471.14583 32.50605
2446521.87500 15.01282
2446572.60417 9.25066
2446623.33333 19.92687
2446826.25000 1.32789
2446876.97917 8.22714
2446927.70833 24.85800
2446978.43750 27.39271
2447232.08333 35.61832
2447282.81250 29.43240
2447333.54167 14.62146
2447587.18750 30.37155
2447637.91667 19.44252
2447688.64583 28.58193
2447942.29167 23.78850
2447993.02083 40.23058
2448043.75000 58.05705
2448094.47917 45.20678
2448297.39583 44.75614
2448348.12500 45.61003
2448398.85417 31.67551
2448449.58333 12.00669
2448652.50000 26.15000
2448703.22917 7.25103
2448753.95833 1.03125
2448804.68750 10.35812
2449058.33333 9.66657
2449109.06250 26.74623
2449159.79167 32.11524
2449413.43750 53.08702
2449464.16667 39.77708
2449514.89583 28.84325
2449768.54167 38.28583
2449819.27083 22.48679
2449870.00000 23.61800
2449920.72917 41.83214
2450123.64583 18.91062
2450174.37500 31.05274
2450225.10417 41.55647
2450275.83333 37.40393
2450478.75000 30.27306
2450529.47917 35.06121
2450580.20833 20.85591
2450630.93750 3.56390
2450884.58333 8.57204
2450935.31250 2.09812
2450986.04167 14.52630
2451239.68750 17.21391
2451290.41667 31.26496
2451341.14583 46.87674
2451594.79167 43.04460
2451645.52083 51.92191
2451696.25000 37.27178
2451746.97917 21.91859
2451949.89583 30.11259
2452000.62500 20.43676
2452051.35417 19.94697
2452102.08333 33.67433
2452305.00000 5.65999
2452355.72917 16.66908
2452406.45833 33.56775
2452457.18750 32.46373
2452710.83333 26.07962
2452761.56250 24.30091
2452812.29167 6.77975
2453065.93750 18.58220
2453116.66667 12.49851
2453167.39583 19.41489
2453421.04167 27.20596
2453471.77083 39.68964
2453522.50000 62.06206
2453573.22917 37.54704
2453776.14583 58.75947
2453826.87500 49.70571
2453877.60417 35.81517
2453928.33333 19.21956
2454131.25000 24.76035
2454181.97917 10.59549
2454232.70833 6.21983
2454283.43750 18.31112
2454537.08333 10.40368
2454587.81250 25.08030
2454638.54167 33.98193
2454892.18750 36.36720
2454942.91667 29.47750
2454993.64583 18.95962
2455247.29167 34.61556
2455298.02083 19.84745
2455348.75000 28.66426
2455399.47917 40.38189
2455602.39583 24.59748
2455653.12500 36.32394
2455703.85417 43.45785
2455754.58333 48.15323
2455957.50000 40.37417
