2445000.00000 2.55534
2445050.72917 2.90801
2445101.45833 3.05942
2445152.18750 3.24814
2445405.83333 4.23286
2445456.56250 3.45457
2445507.29167 3.62809
2445760.93750 2.02005
2445811.66667 1.65528
2445862.39583 1.07677
2446116.04167 -0.82139
2446166.77083 -0.98545
2446217.50000 -1.19762
2446268.22917 -1.31423
2446471.14583 -1.91032
2446521.87500 -1.80907
2446572.60417 -1.47017
2446623.33333 -1.44658
2446826.25000 -1.01508
2446876.97917 -1.04361
2446927.70833 -1.05632
2446978.43750 -0.82852
2447232.08333 -1.39376
2447282.81250 -1.12013
2447333.54167 -1.56193
2447587.18750 -1.80046
2447637.91667 -1.65128
2447688.64583 -1.73948
2447942.29167 -1.32360
2447993.02083 -1.21294
2448043.75000 -0.74195
2448094.47917 -0.47898
2448297.39583 0.78917
2448348.12500 1.21341
2448398.85417 1.82445
2448449.58333 1.94473
2448652.50000 2.56912
2448703.22917 3.66135
2448753.95833 3.87576
2448804.68750 3.41669
2449058.33333 2.89787
2449109.06250 2.17119
2449159.79167 1.92185
2449413.43750 0.20855
2449464.16667 -0.15236
2449514.89583 -0.41108
2449768.54167 -1.70416
2449819.27083 -1.25714
2449870.00000 -1.76083
2449920.72917 -1.38639
2450123.64583 -1.19269
2450174.37500 -1.05940
2450225.10417 -1.22090
2450275.83333 -1.13040
2450478.75000 -0.77025
2450529.47917 -0.99826
2450580.20833 -0.91972
2450630.93750 -0.92186
2450884.58333 -1.49048
2450935.31250 -1.76762
2450986.04167 -1.65739
2451239.68750 -1.71013
2451290.41667 -1.78304
2451341.14583 -1.74390
2451594.79167 -0.07063
2451645.52083 0.29764
2451696.25000 0.59083
2451746.97917 1.16756
2451949.89583 2.62906
2452000.62500 3.56777
2452051.35417 2.78694
2452102.08333 2.91613
2452305.00000 3.24688
2452355.72917 3.07614
2452406.45833 1.94658
2452457.18750 2.94382
2452710.83333 1.12413
2452761.56250 0.96431
2452812.29167 0.50143
2453065.93750 -0.82219
2453116.66667 -1.16933
2453167.39583 -1.17115
2453421.04167 -1.44089
2453471.77083 -1.14019
2453522.50000 -1.28799
2453573.22917 -1.11752
2453776.14583 -1.07207
2453826.87500 -0.90093
2453877.60417 -0.87763
2453928.33333 -0.93409
2454131.25000 -1.19614
2454181.97917 -1.24699
2454232.70833 -1.46423
2454283.43750 -1.35429
2454537.08333 -1.85778
2454587.81250 -1.68507
2454638.54167 -1.96139
2454892.18750 -1.10876
2454942.91667 -0.79449
2454993.64583 -0.36657
2455247.29167 1.67957
2455298.02083 2.19024
2455348.75000 2.33701
2455399.47917 3.00005
2455602.39583 3.73105
2455653.12500 3.12675
2455703.85417 3.53185
2455754.58333 3.05940
2455957.50000 2.46212
