2445000.00000 13.77592
2445050.72917 26.18646
2445101.45833 21.77153
2445152.18750 20.27192
2445405.83333 31.45291
2445456.56250 23.86164
2445507.29167 21.39004
2445760.93750 11.11742
2445811.66667 1.59833
2445862.39583 5.68965
2446116.04167 14.75720
2446166.77083 13.21412
2446217.50000 21.75906
2446268.22917 19.55457
2446471.14583 26.57166
2446521.87500 23.76712
2446572.60417 32.63740
2446623.33333 28.01991
2446826.25000 16.36124
2446876.97917 6.21886
2446927.70833 10.36933
2446978.43750 4.02382
2447232.08333 3.56436
2447282.81250 14.43223
2447333.54167 10.66894
2447587.18750 27.41913
2447637.91667 32.76585
2447688.64583 23.80732
2447942.29167 14.88887
2447993.02083 21.55370
2448043.75000 8.51812
2448094.47917 10.59228
2448297.39583 0.24029
2448348.12500 8.60759
2448398.85417 2.51030
2448449.58333 6.91419
2448652.50000 17.23294
2448703.22917 25.20055
2448753.95833 19.79894
2448804.68750 31.88779
2449058.33333 24.97835
2449109.06250 18.08025
2449159.79167 19.79159
2449413.43750 10.14688
2449464.16667 0.99651
2449514.89583 8.66598
2449768.54167 20.65602
2449819.27083 12.80110
2449870.00000 24.55330
2449920.72917 18.03444
2450123.64583 31.60578
2450174.37500 23.45269
2450225.10417 29.87608
2450275.83333 20.05172
2450478.75000 16.68574
2450529.47917 6.31975
2450580.20833 11.27347
2450630.93750 3.23568
2450884.58333 4.78760
2450935.31250 14.61557
2450986.04167 10.40112
2451239.68750 22.70703
2451290.41667 33.93049
2451341.14583 24.81953
2451594.79167 14.60346
2451645.52083 18.70020
2451696.25000 10.43393
2451746.97917 13.85422
2451949.89583 3.13430
2452000.62500 11.09273
2452051.35417 3.96511
2452102.08333 11.19007
2452305.00000 14.88713
2452355.72917 27.51600
2452406.45833 19.54813
2452457.18750 27.54496
2452710.83333 30.42009
2452761.56250 17.14539
2452812.29167 24.48670
2453065.93750 10.36420
2453116.66667 3.43069
2453167.39583 11.95005
2453421.04167 17.87547
2453471.77083 14.99973
2453522.50000 18.05399
2453573.22917 20.67006
2453776.14583 23.23687
2453826.87500 23.21767
2453877.60417 22.73416
2453928.33333 20.65748
2454131.25000 12.63106
2454181.97917 9.11998
2454232.70833 13.33652
2454283.43750 4.77740
2454537.08333 9.58572
2454587.81250 13.42306
2454638.54167 10.99769
2454892.18750 23.30953
2454942.91667 25.98728
2454993.64583 21.10088
2455247.29167 16.97788
2455298.02083 18.33845
2455348.75000 10.05308
2455399.47917 12.67004
2455602.39583 7.73969
2455653.12500 9.51184
2455703.85417 6.90811
2455754.58333 13.63318
2455957.50000 16.76715
