2445000.00000 16.66336
2445050.72917 15.04468
2445101.45833 18.04882
2445152.18750 10.57302
2445405.83333 8.31986
2445456.56250 8.08916
2445507.29167 6.64475
2445760.93750 10.06500
2445811.66667 13.27756
2445862.39583 11.02512
2446116.04167 18.97905
2446166.77083 21.81202
2446217.50000 20.49255
2446268.22917 24.30194
2446471.14583 23.70037
2446521.87500 27.34633
2446572.60417 23.55214
2446623.33333 28.06837
2446826.25000 22.00539
2446876.97917 23.55939
2446927.70833 24.29251
2446978.43750 22.25735
2447232.08333 17.33742
2447282.81250 17.12900
2447333.54167 13.32856
2447587.18750 9.59042
2447637.91667 10.65031
2447688.64583 11.75044
2447942.29167 12.18858
2447993.02083 12.14647
2448043.75000 12.75702
2448094.47917 14.54853
2448297.39583 17.83881
2448348.12500 19.73706
2448398.85417 15.87147
2448449.58333 18.77794
2448652.50000 22.47211
2448703.22917 21.02417
2448753.95833 24.01141
2448804.68750 27.88990
2449058.33333 25.24989
2449109.06250 19.45147
2449159.79167 23.42285
2449413.43750 15.38047
2449464.16667 15.93253
2449514.89583 14.91952
2449768.54167 13.06304
2449819.27083 12.12684
2449870.00000 15.10470
2449920.72917 11.65334
2450123.64583 15.15902
2450174.37500 15.29081
2450225.10417 16.21280
2450275.83333 13.48429
2450478.75000 19.06227
2450529.47917 18.71713
2450580.20833 16.07148
2450630.93750 20.53912
2450884.58333 20.74567
2450935.31250 20.31437
2450986.04167 14.69864
2451239.68750 17.52186
2451290.41667 19.74564
2451341.14583 17.90992
2451594.79167 15.97988
2451645.52083 17.53156
2451696.25000 17.47527
2451746.97917 20.46867
2451949.89583 14.67085
2452000.62500 16.86057
2452051.35417 15.62460
2452102.08333 16.52135
2452305.00000 14.57644
2452355.72917 15.75843
2452406.45833 16.06118
2452457.18750 12.88091
2452710.83333 17.27409
2452761.56250 21.00964
2452812.29167 20.07258
2453065.93750 16.92190
2453116.66667 18.86967
2453167.39583 20.23710
2453421.04167 14.29992
2453471.77083 18.47804
2453522.50000 15.76066
2453573.22917 15.07920
2453776.14583 16.26086
2453826.87500 13.24776
2453877.60417 15.90309
2453928.33333 16.26167
2454131.25000 14.02700
2454181.97917 17.38928
2454232.70833 17.26424
2454283.43750 20.78685
2454537.08333 16.55394
2454587.81250 17.79337
2454638.54167 19.71327
2454892.18750 17.18798
2454942.91667 19.83560
2454993.64583 18.39515
2455247.29167 16.11831
2455298.02083 17.08814
2455348.75000 16.42685
2455399.47917 15.48328
2455602.39583 16.95048
2455653.12500 12.32166
2455703.85417 13.17331
2455754.58333 14.43642
2455957.50000 15.92574
