2445000.00000 12.57114
2445050.72917 10.81904
2445101.45833 14.92940
2445152.18750 18.15400
2445405.83333 19.91970
2445456.56250 14.58297
2445507.29167 8.47324
2445760.93750 5.15154
2445811.66667 2.71861
2445862.39583 7.81782
2446116.04167 7.40589
2446166.77083 11.99242
2446217.50000 8.72343
2446268.22917 1.86602
2446471.14583 9.15045
2446521.87500 2.14337
2446572.60417 2.15262
2446623.33333 10.11879
2446826.25000 5.53731
2446876.97917 11.90998
2446927.70833 15.36489
2446978.43750 12.20638
2447232.08333 17.25777
2447282.81250 9.40808
2447333.54167 9.30562
2447587.18750 16.00895
2447637.91667 21.75403
2447688.64583 24.83778
2447942.29167 21.89278
2447993.02083 18.47995
2448043.75000 11.20410
2448094.47917 14.09393
2448297.39583 11.62254
2448348.12500 12.12448
2448398.85417 21.94023
2448449.58333 19.17267
2448652.50000 14.86021
2448703.22917 15.15914
2448753.95833 7.63793
2448804.68750 4.10473
2449058.33333 2.60782
2449109.06250 8.53718
2449159.79167 12.41822
2449413.43750 12.32747
2449464.16667 8.33845
2449514.89583 2.01654
2449768.54167 2.24273
2449819.27083 2.22742
2449870.00000 8.99217
2449920.72917 12.32366
2450123.64583 12.37959
2450174.37500 16.16867
2450225.10417 12.43055
2450275.83333 5.67688
2450478.75000 13.95408
2450529.47917 8.31819
2450580.20833 11.84553
2450630.93750 19.79367
2450884.58333 20.31711
2450935.31250 26.46228
2450986.04167 17.49654
2451239.68750 17.51426
2451290.41667 13.72272
2451341.14583 14.49235
2451594.79167 14.02856
2451645.52083 20.38156
2451696.25000 21.26652
2451746.97917 13.22396
2451949.89583 15.14471
2452000.62500 9.68858
2452051.35417 5.25883
2452102.08333 9.69057
2452305.00000 3.06765
2452355.72917 8.00995
2452406.45833 13.15609
2452457.18750 11.16541
2452710.83333 9.57479
2452761.56250 2.14846
2452812.29167 1.09825
2453065.93750 2.36950
2453116.66667 9.58932
2453167.39583 14.16365
2453421.04167 14.65835
2453471.77083 11.99094
2453522.50000 6.17619
2453573.22917 8.02001
2453776.14583 9.69755
2453826.87500 9.70279
2453877.60417 19.23264
2453928.33333 21.76644
2454131.25000 19.66586
2454181.97917 22.46354
2454232.70833 16.48867
2454283.43750 13.47630
2454537.08333 14.45156
2454587.81250 17.24027
2454638.54167 22.79280
2454892.18750 17.80792
2454942.91667 22.97411
2454993.64583 14.79880
2455247.29167 9.13637
2455298.02083 6.45040
2455348.75000 8.51577
2455399.47917 16.14230
2455602.39583 8.17763
2455653.12500 16.11838
2455703.85417 12.05455
2455754.58333 4.63334
2455957.50000 8.93018
