2445000.00000 -0.52039
2445050.72917 -5.58634
2445101.45833 -2.93786
2445152.18750 -6.95254
2445405.83333 -5.44015
2445456.56250 -3.88288
2445507.29167 -4.51476
2445760.93750 5.60072
2445811.66667 0.60222
2445862.39583 6.57837
2446116.04167 4.18579
2446166.77083 6.49785
2446217.50000 4.32093
2446268.22917 4.83339
2446471.14583 -1.60212
2446521.87500 0.05437
2446572.60417 -5.32083
2446623.33333 -1.51683
2446826.25000 -3.67695
2446876.97917 -10.45313
2446927.70833 -3.62555
2446978.43750 -8.78658
2447232.08333 0.23907
2447282.81250 0.45745
2447333.54167 1.54890
2447587.18750 7.91570
2447637.91667 4.03741
2447688.64583 10.70661
2447942.29167 -0.00887
2447993.02083 3.39269
2448043.75000 -2.15819
2448094.47917 0.54681
2448297.39583 -6.15513
2448348.12500 -6.05195
2448398.85417 -5.96391
2448449.58333 -4.54774
2448652.50000 -1.74227
2448703.22917 -7.42313
2448753.95833 0.62239
2448804.68750 -4.47715
2449058.33333 7.86520
2449109.06250 4.28767
2449159.79167 7.59363
2449413.43750 6.56941
2449464.16667 3.27222
2449514.89583 5.14171
2449768.54167 -7.35471
2449819.27083 -1.29453
2449870.00000 -7.91353
2449920.72917 -3.04911
2450123.64583 -5.00274
2450174.37500 -5.93695
2450225.10417 -4.58525
2450275.83333 -4.19847
2450478.75000 2.39199
2450529.47917 0.46877
2450580.20833 7.10185
2450630.93750 2.27981
2450884.58333 11.16963
2450935.31250 3.43881
2450986.04167 8.87822
2451239.68750 -0.65593
2451290.41667 -2.23750
2451341.14583 -2.33581
2451594.79167 -9.52037
2451645.52083 -3.96796
2451696.25000 -10.40685
2451746.97917 -3.08121
2451949.89583 0.77558
2452000.62500 -2.86986
2452051.35417 2.89831
2452102.08333 0.96558
2452305.00000 6.95980
2452355.72917 5.11437
2452406.45833 8.06960
2452457.18750 5.55167
2452710.83333 5.81353
2452761.56250 -1.72509
2452812.29167 3.05743
2453065.93750 -7.38511
2453116.66667 -5.92493
2453167.39583 -7.59166
2453421.04167 -6.37434
2453471.77083 -1.26548
2453522.50000 -3.44368
2453573.22917 1.74891
2453776.14583 7.32329
2453826.87500 2.68105
2453877.60417 8.21139
2453928.33333 4.11999
2454131.25000 4.16293
2454181.97917 5.82595
2454232.70833 4.74268
2454283.43750 2.63110
2454537.08333 -0.81728
2454587.81250 -6.62322
2454638.54167 -2.99410
2454892.18750 -7.61905
2454942.91667 -3.51064
2454993.64583 -6.91664
2455247.29167 0.99879
2455298.02083 3.19170
2455348.75000 2.19079
2455399.47917 5.79999
2455602.39583 9.25131
2455653.12500 3.49358
2455703.85417 8.66736
2455754.58333 1.78700
2455957.50000 -1.16960
