2445000.00000 32.74921
2445050.72917 51.59177
2445101.45833 85.09322
2445152.18750 145.27076
2445405.83333 159.18836
2445456.56250 100.95342
2445507.29167 71.25532
2445760.93750 116.45855
2445811.66667 143.93128
2445862.39583 120.51040
2446116.04167 111.84074
2446166.77083 132.28801
2446217.50000 125.29394
2446268.22917 173.25817
2446471.14583 104.90782
2446521.87500 49.62688
2446572.60417 17.45805
2446623.33333 12.22101
2446826.25000 153.90106
2446876.97917 186.03463
2446927.70833 152.66529
2446978.43750 135.59356
2447232.08333 106.09604
2447282.81250 157.17050
2447333.54167 147.73670
2447587.18750 28.90098
2447637.91667 19.65139
2447688.64583 31.51620
2447942.29167 218.83103
2447993.02083 232.81727
2448043.75000 179.90156
2448094.47917 116.22354
2448297.39583 67.26659
2448348.12500 96.37396
2448398.85417 100.60525
2448449.58333 134.27531
2448652.50000 72.37611
2448703.22917 70.88108
2448753.95833 80.92569
2448804.68750 117.34254
2449058.33333 166.28657
2449109.06250 119.79976
2449159.79167 78.13011
2449413.43750 94.92080
2449464.16667 124.33666
2449514.89583 150.27816
2449768.54167 96.65688
2449819.27083 105.85031
2449870.00000 128.96717
2449920.72917 130.32969
2450123.64583 115.26400
2450174.37500 75.97742
2450225.10417 37.94434
2450275.83333 13.15790
2450478.75000 124.98854
2450529.47917 181.90889
2450580.20833 207.56718
2450630.93750 173.76859
2450884.58333 53.33247
2450935.31250 77.09370
2450986.04167 101.74338
2451239.68750 66.40738
2451290.41667 65.64643
2451341.14583 52.08293
2451594.79167 209.21508
2451645.52083 270.63129
2451696.25000 164.78073
2451746.97917 167.65697
2451949.89583 22.55121
2452000.62500 47.72286
2452051.35417 72.76194
2452102.08333 119.28660
2452305.00000 132.68969
2452355.72917 119.86434
2452406.45833 98.57516
2452457.18750 103.12364
2452710.83333 151.88519
2452761.56250 144.25743
2452812.29167 86.75537
2453065.93750 59.28164
2453116.66667 108.00099
2453167.39583 164.70122
2453421.04167 131.52030
2453471.77083 92.63214
2453522.50000 92.77578
2453573.22917 82.28992
2453776.14583 123.76815
2453826.87500 108.19783
2453877.60417 81.86706
2453928.33333 44.95589
2454131.25000 106.36074
2454181.97917 171.54855
2454232.70833 198.04214
2454283.43750 243.30883
2454537.08333 33.40591
2454587.81250 25.69542
2454638.54167 37.84544
2454892.18750 142.89088
2454942.91667 113.90098
2454993.64583 92.94294
2455247.29167 152.74846
2455298.02083 198.91689
2455348.75000 184.91800
2455399.47917 126.53863
2455602.39583 0.31848
2455653.12500 8.92641
2455703.85417 38.92541
2455754.58333 91.01250
2455957.50000 154.28488
