2445000.00000 -4.20921
2445050.72917 -5.10412
2445101.45833 -4.86101
2445152.18750 -5.10218
2445405.83333 -2.63075
2445456.56250 -1.65721
2445507.29167 -1.61104
2445760.93750 0.94853
2445811.66667 1.14201
2445862.39583 1.53610
2446116.04167 0.45504
2446166.77083 0.07988
2446217.50000 -0.24973
2446268.22917 -0.69685
2446471.14583 -1.43937
2446521.87500 -1.47843
2446572.60417 -1.39025
2446623.33333 -1.12598
2446826.25000 0.64582
2446876.97917 1.24349
2446927.70833 1.89054
2446978.43750 2.17185
2447232.08333 4.62787
2447282.81250 4.40300
2447333.54167 4.73894
2447587.18750 2.72734
2447637.91667 1.80464
2447688.64583 1.12862
2447942.29167 -2.97748
2447993.02083 -2.97669
2448043.75000 -4.53717
2448094.47917 -3.82755
2448297.39583 -4.36041
2448348.12500 -5.38080
2448398.85417 -3.95135
2448449.58333 -3.87085
2448652.50000 -1.12930
2448703.22917 -0.31506
2448753.95833 0.29938
2448804.68750 0.79297
2449058.33333 2.39109
2449109.06250 2.50204
2449159.79167 1.99849
2449413.43750 0.44546
2449464.16667 0.17292
2449514.89583 -0.16639
2449768.54167 -0.60903
2449819.27083 -0.52610
2449870.00000 -0.18507
2449920.72917 0.14815
2450123.64583 1.52056
2450174.37500 2.19975
2450225.10417 2.66456
2450275.83333 2.95768
2450478.75000 3.80906
2450529.47917 3.30312
2450580.20833 3.19568
2450630.93750 2.36169
2450884.58333 -0.72606
2450935.31250 -1.32737
2450986.04167 -2.50549
2451239.68750 -4.57301
2451290.41667 -5.35092
2451341.14583 -6.27406
2451594.79167 -2.72230
2451645.52083 -2.37113
2451696.25000 -1.92664
2451746.97917 -1.31463
2451949.89583 1.63346
2452000.62500 2.19370
2452051.35417 2.85380
2452102.08333 3.46526
2452305.00000 3.56691
2452355.72917 2.81437
2452406.45833 2.49995
2452457.18750 1.93872
2452710.83333 0.14343
2452761.56250 -0.18873
2452812.29167 -0.43177
2453065.93750 -0.22943
2453116.66667 0.02332
2453167.39583 0.35777
2453421.04167 2.22465
2453471.77083 2.42142
2453522.50000 2.32045
2453573.22917 2.05780
2453776.14583 1.80207
2453826.87500 1.18546
2453877.60417 0.68362
2453928.33333 -0.01730
2454131.25000 -2.89597
2454181.97917 -3.51870
2454232.70833 -3.99818
2454283.43750 -4.43869
2454537.08333 -5.35331
2454587.81250 -4.62702
2454638.54167 -3.80402
2454892.18750 -0.39555
2454942.91667 0.38816
2454993.64583 1.41577
2455247.29167 4.12378
2455298.02083 4.38055
2455348.75000 3.12122
2455399.47917 3.93970
2455602.39583 2.68984
2455653.12500 2.42183
2455703.85417 1.93986
2455754.58333 1.06601
2455957.50000 -0.55101
