2445000.00000 1.86415
2445050.72917 -3.56515
2445101.45833 2.97626
2445152.18750 -5.99240
2445405.83333 -10.26110
2445456.56250 -4.97615
2445507.29167 -5.86902
2445760.93750 -5.57744
2445811.66667 -8.32601
2445862.39583 -0.60337
2446116.04167 4.25796
2446166.77083 -3.53015
2446217.50000 4.61405
2446268.22917 2.84028
2446471.14583 9.45015
2446521.87500 6.26168
2446572.60417 4.96177
2446623.33333 11.93398
2446826.25000 4.67507
2446876.97917 12.71754
2446927.70833 1.08755
2446978.43750 9.55194
2447232.08333 4.34063
2447282.81250 -2.26249
2447333.54167 -3.44747
2447587.18750 -7.09333
2447637.91667 -3.46465
2447688.64583 -13.48056
2447942.29167 -11.65546
2447993.02083 -1.87362
2448043.75000 -9.11201
2448094.47917 -5.71171
2448297.39583 -4.95258
2448348.12500 -0.12236
2448398.85417 3.50212
2448449.58333 -3.38642
2448652.50000 8.13397
2448703.22917 1.62455
2448753.95833 13.97645
2448804.68750 3.65383
2449058.33333 3.33105
2449109.06250 7.72256
2449159.79167 9.84148
2449413.43750 2.77517
2449464.16667 -4.08549
2449514.89583 4.44897
2449768.54167 -0.85766
2449819.27083 -11.68015
2449870.00000 -5.42145
2449920.72917 -7.81238
2450123.64583 -5.01850
2450174.37500 -8.13980
2450225.10417 -10.57581
2450275.83333 -1.54053
2450478.75000 -5.60670
2450529.47917 3.97621
2450580.20833 -6.75050
2450630.93750 5.67271
2450884.58333 11.29763
2450935.31250 5.90249
2450986.04167 6.29247
2451239.68750 8.38609
2451290.41667 13.22104
2451341.14583 1.90864
2451594.79167 -3.49341
2451645.52083 7.57860
2451696.25000 -2.65899
2451746.97917 -2.15508
2451949.89583 -11.42909
2452000.62500 -7.48069
2452051.35417 -4.22928
2452102.08333 -16.18436
2452305.00000 -6.75012
2452355.72917 -18.81730
2452406.45833 -2.18269
2452457.18750 -12.84059
2452710.83333 -8.20343
2452761.56250 -0.06973
2452812.29167 2.74856
2453065.93750 6.94311
2453116.66667 2.02671
2453167.39583 16.83520
2453421.04167 18.91290
2453471.77083 3.79201
2453522.50000 12.63021
2453573.22917 9.16383
2453776.14583 7.19828
2453826.87500 3.50047
2453877.60417 -3.01771
2453928.33333 7.64637
2454131.25000 -9.52087
2454181.97917 -0.57426
2454232.70833 -12.76865
2454283.43750 -4.13528
2454537.08333 -5.84472
2454587.81250 -11.88289
2454638.54167 -13.40671
2454892.18750 -6.88934
2454942.91667 2.66227
2454993.64583 -8.62393
2455247.29167 -1.00862
2455298.02083 15.13532
2455348.75000 4.03735
2455399.47917 6.68813
2455602.39583 8.14972
2455653.12500 9.83227
2455703.85417 14.81052
2455754.58333 2.77638
2455957.50000 9.70732
