2445000.00000 5.43846
2445050.72917 5.20141
2445101.45833 3.30946
2445152.18750 0.56381
2445405.83333 -3.62311
2445456.56250 -3.27956
2445507.29167 -1.67066
2445760.93750 -8.81342
2445811.66667 -10.65334
2445862.39583 -8.43023
2446116.04167 -2.23744
2446166.77083 -2.74694
2446217.50000 -4.27372
2446268.22917 -4.90926
2446471.14583 -1.18628
2446521.87500 1.38837
2446572.60417 3.56757
2446623.33333 4.97209
2446826.25000 2.05810
2446876.97917 1.66586
2446927.70833 3.19772
2446978.43750 4.61519
2447232.08333 7.72943
2447282.81250 6.63352
2447333.54167 4.95116
2447587.18750 6.24565
2447637.91667 5.78955
2447688.64583 5.53655
2447942.29167 -4.36107
2447993.02083 -5.16446
2448043.75000 -4.24449
2448094.47917 -3.15696
2448297.39583 -4.01653
2448348.12500 -4.93894
2448398.85417 -7.07281
2448449.58333 -8.98596
2448652.50000 -4.04283
2448703.22917 -2.97820
2448753.95833 -1.92367
2448804.68750 -2.69150
2449058.33333 -3.85751
2449109.06250 -2.14409
2449159.79167 0.02641
2449413.43750 3.19409
2449464.16667 2.13306
2449514.89583 1.61142
2449768.54167 8.83535
2449819.27083 8.57172
2449870.00000 8.45645
2449920.72917 7.15682
2450123.64583 2.49711
2450174.37500 3.23317
2450225.10417 4.43976
2450275.83333 5.28427
2450478.75000 0.73736
2450529.47917 -1.53214
2450580.20833 -3.68843
2450630.93750 -4.02860
2450884.58333 -1.65253
2450935.31250 -2.61149
2450986.04167 -4.15191
2451239.68750 -7.49495
2451290.41667 -5.40335
2451341.14583 -3.35176
2451594.79167 -5.39874
2451645.52083 -5.34972
2451696.25000 -4.76608
2451746.97917 -3.75939
2451949.89583 4.21945
2452000.62500 4.14501
2452051.35417 3.90867
2452102.08333 2.46858
2452305.00000 3.96715
2452355.72917 4.84855
2452406.45833 7.79072
2452457.18750 7.24234
2452710.83333 2.49574
2452761.56250 2.08957
2452812.29167 3.09591
2453065.93750 3.64144
2453116.66667 1.98577
2453167.39583 -0.44338
2453421.04167 -2.32322
2453471.77083 -1.39452
2453522.50000 -1.14991
2453573.22917 -1.81689
2453776.14583 -8.28053
2453826.87500 -6.83068
2453877.60417 -7.10472
2453928.33333 -4.96006
2454131.25000 -2.72586
2454181.97917 -2.69003
2454232.70833 -5.12945
2454283.43750 -4.40064
2454537.08333 1.63476
2454587.81250 2.96057
2454638.54167 3.64147
2454892.18750 1.43956
2454942.91667 2.68767
2454993.64583 5.06984
2455247.29167 7.17850
2455298.02083 3.41910
2455348.75000 2.81279
2455399.47917 2.12503
2455602.39583 5.44942
2455653.12500 5.84880
2455703.85417 4.17510
2455754.58333 3.07939
2455957.50000 -3.54857
