2445000.00000 5.21745
2445050.72917 2.31112
2445101.45833 2.21126
2445152.18750 3.40867
2445405.83333 2.03793
2445456.56250 6.57694
2445507.29167 3.96301
2445760.93750 6.93503
2445811.66667 13.37795
2445862.39583 8.17811
2446116.04167 10.33861
2446166.77083 12.44892
2446217.50000 8.94351
2446268.22917 12.51270
2446471.14583 8.55155
2446521.87500 7.44647
2446572.60417 5.51855
2446623.33333 6.42981
2446826.25000 5.43685
2446876.97917 1.72045
2446927.70833 2.98195
2446978.43750 3.29835
2447232.08333 1.48493
2447282.81250 5.90342
2447333.54167 4.55174
2447587.18750 5.87853
2447637.91667 12.89509
2447688.64583 7.20295
2447942.29167 9.68550
2447993.02083 11.53619
2448043.75000 9.34993
2448094.47917 15.45282
2448297.39583 8.90367
2448348.12500 7.47808
2448398.85417 6.79710
2448449.58333 8.31571
2448652.50000 5.02000
2448703.22917 1.78634
2448753.95833 3.75034
2448804.68750 3.21860
2449058.33333 1.46322
2449109.06250 7.53605
2449159.79167 3.15602
2449413.43750 6.26280
2449464.16667 13.78426
2449514.89583 6.90568
2449768.54167 11.29170
2449819.27083 13.05203
2449870.00000 8.33887
2449920.72917 10.62116
2450123.64583 11.30891
2450174.37500 8.20825
2450225.10417 6.52621
2450275.83333 7.08001
2450478.75000 5.88405
2450529.47917 1.65488
2450580.20833 4.62906
2450630.93750 2.68173
2450884.58333 1.28240
2450935.31250 6.58942
2450986.04167 2.60858
2451239.68750 6.75719
2451290.41667 13.15652
2451341.14583 6.62771
2451594.79167 11.77977
2451645.52083 12.05428
2451696.25000 10.74733
2451746.97917 13.29840
2451949.89583 11.07725
2452000.62500 7.49296
2452051.35417 8.01151
2452102.08333 7.19136
2452305.00000 5.92064
2452355.72917 1.42310
2452406.45833 5.72713
2452457.18750 1.81784
2452710.83333 1.58552
2452761.56250 6.30035
2452812.29167 2.10943
2453065.93750 5.91559
2453116.66667 11.00556
2453167.39583 6.20651
2453421.04167 12.46129
2453471.77083 8.38684
2453522.50000 11.32525
2453573.22917 10.75109
2453776.14583 11.64224
2453826.87500 6.41010
2453877.60417 9.32653
2453928.33333 6.35135
2454131.25000 6.47040
2454181.97917 1.81777
2454232.70833 5.85049
2454283.43750 1.48609
2454537.08333 1.74263
2454587.81250 5.62593
2454638.54167 1.95416
2454892.18750 7.38822
2454942.91667 8.86202
2454993.64583 7.03632
2455247.29167 11.47312
2455298.02083 9.83474
2455348.75000 10.17398
2455399.47917 13.67471
2455602.39583 10.34893
2455653.12500 7.49743
2455703.85417 11.23247
2455754.58333 6.99796
2455957.50000 6.37906
