2445000.00000 14.31087
2445050.72917 39.81550
2445101.45833 14.88053
2445152.18750 22.14208
2445405.83333 9.05314
2445456.56250 32.21365
2445507.29167 13.34733
2445760.93750 14.28088
2445811.66667 4.04099
2445862.39583 29.18641
2446116.04167 17.53964
2446166.77083 15.35355
2446217.50000 1.02137
2446268.22917 21.42233
2446471.14583 1.60507
2446521.87500 17.63902
2446572.60417 20.17633
2446623.33333 2.80020
2446826.25000 26.21291
2446876.97917 6.82880
2446927.70833 18.44126
2446978.43750 23.69363
2447232.08333 29.38309
2447282.81250 13.82430
2447333.54167 25.00905
2447587.18750 16.80398
2447637.91667 36.17632
2447688.64583 15.32862
2447942.29167 23.04562
2447993.02083 15.39420
2448043.75000 27.37676
2448094.47917 14.63293
2448297.39583 29.09273
2448348.12500 18.49229
2448398.85417 9.26488
2448449.58333 26.94921
2448652.50000 2.90927
2448703.22917 19.45098
2448753.95833 14.75784
2448804.68750 3.29676
2449058.33333 0.27903
2449109.06250 16.50542
2449159.79167 13.90629
2449413.43750 23.04969
2449464.16667 2.21300
2449514.89583 21.80283
2449768.54167 11.93626
2449819.27083 32.71719
2449870.00000 6.76220
2449920.72917 26.17890
2450123.64583 17.94423
2450174.37500 16.91887
2450225.10417 34.39372
2450275.83333 12.48161
2450478.75000 38.67747
2450529.47917 21.91267
2450580.20833 19.21254
2450630.93750 36.58345
2450884.58333 29.58320
2450935.31250 18.11536
2450986.04167 14.92506
2451239.68750 7.11891
2451290.41667 25.84471
2451341.14583 13.61817
2451594.79167 22.60835
2451645.52083 2.08074
2451696.25000 19.59131
2451746.97917 12.29007
2451949.89583 11.41225
2452000.62500 23.91909
2452051.35417 0.68624
2452102.08333 20.20226
2452305.00000 6.66763
2452355.72917 12.43326
2452406.45833 23.66761
2452457.18750 5.22232
2452710.83333 10.91057
2452761.56250 17.50210
2452812.29167 26.70417
2453065.93750 28.54844
2453116.66667 14.49401
2453167.39583 18.96356
2453421.04167 14.22871
2453471.77083 35.74751
2453522.50000 16.06287
2453573.22917 20.40415
2453776.14583 23.90791
2453826.87500 10.07057
2453877.60417 34.84934
2453928.33333 18.96487
2454131.25000 22.10546
2454181.97917 22.15323
2454232.70833 5.91621
2454283.43750 22.13699
2454537.08333 15.95853
2454587.81250 20.23890
2454638.54167 1.67916
2454892.18750 3.37059
2454942.91667 12.90018
2454993.64583 21.08466
2455247.29167 26.01444
2455298.02083 6.44188
2455348.75000 16.94680
2455399.47917 24.30863
2455602.39583 11.38082
2455653.12500 30.40974
2455703.85417 14.39608
2455754.58333 25.05997
2455957.50000 20.04639
