2445000.00000 22.06569
2445040.73420 27.01775
2445081.46840 32.86311
2445122.20260 19.99729
2445162.93680 28.63705
2445366.60781 24.43432
2445407.34201 25.41780
2445448.07621 47.34986
2445488.81041 29.38611
2445529.54461 30.28340
2445733.21561 28.64969
2445773.94981 25.51237
2445814.68401 42.49887
2445855.41822 30.29558
2445896.15242 18.69631
2446099.82342 34.42353
2446140.55762 16.20912
2446181.29182 38.60071
2446222.02602 39.86667
2446262.76022 14.82595
2446466.43123 28.64605
2446507.16543 11.49498
2446547.89963 30.22102
2446588.63383 34.02709
2446629.36803 10.85517
2446833.03903 32.07801
2446873.77323 11.01855
2446914.50743 15.73308
2446955.24164 32.82133
2446995.97584 9.09439
2447199.64684 31.22335
2447240.38104 12.33577
2447281.11524 4.98628
2447321.84944 27.46642
2447362.58364 14.57429
2447566.25465 26.70620
2447606.98885 16.24241
2447647.72305 0.97780
2447688.45725 25.27290
2447729.19145 20.11282
2447932.86245 22.47063
2447973.59665 27.04215
2448014.33086 4.34111
2448055.06506 27.98550
2448095.79926 22.54364
2448299.47026 25.06172
2448340.20446 38.22892
2448380.93866 14.63038
2448421.67286 19.70160
2448462.40706 40.99162
2448666.07807 24.48992
2448706.81227 44.96628
2448747.54647 23.58879
2448788.28067 22.40989
2448829.01487 43.98455
2449032.68587 23.20469
2449073.42007 52.00884
2449114.15428 34.97876
2449154.88848 18.83941
2449195.62268 47.73727
2449399.29368 21.75715
2449440.02788 46.00547
2449480.76208 44.46582
2449521.49628 22.36021
2449562.23048 39.10959
2449765.90149 15.07020
2449806.63569 34.14559
2449847.36989 34.85088
2449888.10409 15.47188
2450132.50929 21.96693
2450173.24349 20.05590
2450213.97770 29.08971
2450254.71190 15.96550
2450499.11710 15.06946
2450539.85130 9.11811
2450580.58550 28.78691
2450621.31970 16.45863
2450865.72491 16.32671
2450906.45911 3.20610
2450947.19331 27.52436
2450987.92751 20.39868
2451232.33271 24.07126
2451273.06691 2.30585
2451313.80112 22.95452
2451354.53532 24.15232
2451598.94052 31.16879
2451639.67472 7.72045
2451680.40892 17.77230
2451721.14312 26.92812
2451965.54833 35.36610
2452006.28253 18.94409
2452047.01673 14.54708
2452087.75093 42.47043
2452332.15613 42.12267
2452372.89033 25.99368
2452413.62454 19.44207
2452454.35874 43.53910
2452698.76394 43.22727
2452739.49814 41.24311
2452780.23234 20.23658
2452820.96654 36.26389
2453065.37175 43.89625
2453106.10595 42.91856
2453146.84015 21.08531
2453187.57435 32.15927
2453431.97955 28.30632
2453472.71375 43.09339
2453513.44796 22.84127
2453554.18216 23.41052
2453798.58736 15.87018
2453839.32156 37.73093
2453880.05576 25.42428
2453920.78996 17.01143
2454165.19517 9.25757
2454205.92937 28.58376
2454246.66357 26.83401
2454287.39777 10.12792
2454531.80297 6.81238
2454572.53717 18.66534
2454613.27138 29.47967
2454654.00558 6.83293
2454898.41078 10.09341
2454939.14498 16.24699
2454979.87918 31.38839
2455020.61338 10.71086
2455265.01859 16.26129
2455305.75279 12.97123
2455346.48699 26.32219
2455387.22119 18.01380
2455631.62639 20.29393
2455672.36059 17.21974
2455713.09480 30.94705
2455753.82900 28.66409
2455957.50000 32.63914
