2445000.00000 -2.18713
2445040.73420 -3.75363
2445081.46840 0.27485
2445122.20260 -0.81024
2445162.93680 2.89267
2445366.60781 9.03534
2445407.34201 10.27298
2445448.07621 9.68703
2445488.81041 12.26141
2445529.54461 13.89522
2445733.21561 14.44661
2445773.94981 15.50836
2445814.68401 12.73193
2445855.41822 13.36882
2445896.15242 8.55284
2446099.82342 9.37112
2446140.55762 4.96312
2446181.29182 6.16675
2446222.02602 0.78766
2446262.76022 4.93652
2446466.43123 -8.94703
2446507.16543 -2.99839
2446547.89963 -12.82102
2446588.63383 -6.30448
2446629.36803 -13.20858
2446833.03903 -8.28413
2446873.77323 -17.41688
2446914.50743 -11.12427
2446955.24164 -17.69986
2446995.97584 -11.12496
2447199.64684 -13.90848
2447240.38104 -5.58927
2447281.11524 -12.78319
2447321.84944 -2.63524
2447362.58364 -8.72336
2447566.25465 5.51126
2447606.98885 -1.23327
2447647.72305 9.11209
2447688.45725 1.73015
2447729.19145 11.71826
2447932.86245 10.56276
2447973.59665 19.41226
2448014.33086 9.58895
2448055.06506 17.30807
2448095.79926 8.50323
2448299.47026 15.71710
2448340.20446 9.90097
2448380.93866 16.08127
2448421.67286 6.73227
2448462.40706 11.26800
2448666.07807 -0.03533
2448706.81227 2.85829
2448747.54647 -2.58929
2448788.28067 -0.43030
2448829.01487 -5.07046
2449032.68587 -8.95526
2449073.42007 -10.95001
2449114.15428 -12.51014
2449154.88848 -14.26137
2449195.62268 -13.97849
2449399.29368 -16.01011
2449440.02788 -14.23665
2449480.76208 -12.62021
2449521.49628 -15.95410
2449562.23048 -13.33381
2449765.90149 -7.28526
2449806.63569 -3.02226
2449847.36989 -5.49904
2449888.10409 0.58520
2450132.50929 10.41927
2450173.24349 6.12249
2450213.97770 11.46023
2450254.71190 7.89896
2450499.11710 9.30443
2450539.85130 20.39695
2450580.58550 10.10605
2450621.31970 15.75330
2450865.72491 12.97942
2450906.45911 3.17886
2450947.19331 12.60920
2450987.92751 0.94755
2451232.33271 -8.76811
2451273.06691 -0.53497
2451313.80112 -12.59106
2451354.53532 -2.77151
2451598.94052 -11.12416
2451639.67472 -18.06238
2451680.40892 -9.96228
2451721.14312 -19.48090
2451965.54833 -17.02766
2452006.28253 -8.19270
2452047.01673 -16.21642
2452087.75093 -5.51479
2452332.15613 3.07566
2452372.89033 -1.65865
2452413.62454 6.26046
2452454.35874 2.27024
2452698.76394 10.55863
2452739.49814 14.84071
2452780.23234 11.66810
2452820.96654 16.74566
2453065.37175 12.95759
2453106.10595 13.53472
2453146.84015 15.26753
2453187.57435 14.26208
2453431.97955 6.00847
2453472.71375 1.60056
2453513.44796 3.04804
2453554.18216 -2.42725
2453798.58736 -10.61573
2453839.32156 -9.15197
2453880.05576 -14.75427
2453920.78996 -7.78003
2454165.19517 -11.73801
2454205.92937 -19.67677
2454246.66357 -12.21258
2454287.39777 -17.76456
2454531.80297 -12.72063
2454572.53717 -2.28750
2454613.27138 -10.52131
2454654.00558 1.04025
2454898.41078 12.38815
2454939.14498 2.75502
2454979.87918 13.46477
2455020.61338 4.66798
2455265.01859 9.13647
2455305.75279 23.45395
2455346.48699 10.39161
2455387.22119 25.26441
2455631.62639 17.91662
2455672.36059 5.51077
2455713.09480 14.61211
2455753.82900 4.02881
2455957.50000 3.53456
