2445000.00000 13.52349
2445040.73420 9.95613
2445081.46840 4.79491
2445122.20260 2.98751
2445162.93680 7.00964
2445366.60781 5.55943
2445407.34201 9.39260
2445448.07621 16.22511
2445488.81041 18.63842
2445529.54461 14.99456
2445733.21561 20.28553
2445773.94981 18.43435
2445814.68401 11.63604
2445855.41822 7.99937
2445896.15242 6.95837
2446099.82342 6.22511
2446140.55762 4.55425
2446181.29182 9.02825
2446222.02602 15.43250
2446262.76022 11.17468
2446466.43123 11.04596
2446507.16543 14.71548
2446547.89963 9.85227
2446588.63383 4.12574
2446629.36803 1.40339
2446833.03903 5.50387
2446873.77323 3.49236
2446914.50743 5.53895
2446955.24164 12.05880
2446995.97584 18.42832
2447199.64684 14.64788
2447240.38104 19.08582
2447281.11524 16.37798
2447321.84944 13.10901
2447362.58364 7.97521
2447566.25465 13.18640
2447606.98885 7.37230
2447647.72305 7.89606
2447688.45725 12.72690
2447729.19145 16.28682
2447932.86245 9.89588
2447973.59665 14.22960
2448014.33086 15.39368
2448055.06506 11.27205
2448095.79926 4.49917
2448299.47026 10.44242
2448340.20446 3.69837
2448380.93866 1.54362
2448421.67286 5.19963
2448462.40706 9.51324
2448666.07807 5.42755
2448706.81227 12.30845
2448747.54647 15.65394
2448788.28067 14.79206
2448829.01487 9.54940
2449032.68587 20.47555
2449073.42007 12.50310
2449114.15428 8.09384
2449154.88848 7.46787
2449195.62268 12.86340
2449399.29368 7.51428
2449440.02788 12.78891
2449480.76208 15.56951
2449521.49628 16.83806
2449562.23048 14.36367
2449765.90149 15.39270
2449806.63569 11.53341
2449847.36989 4.42411
2449888.10409 2.26333
2450132.50929 1.11511
2450173.24349 4.10581
2450213.97770 10.08192
2450254.71190 13.42221
2450499.11710 19.17280
2450539.85130 12.59320
2450580.58550 9.06774
2450621.31970 5.58077
2450865.72491 9.48036
2450906.45911 8.03626
2450947.19331 12.20235
2450987.92751 19.41027
2451232.33271 18.62481
2451273.06691 15.28034
2451313.80112 12.75583
2451354.53532 6.01517
2451598.94052 5.20291
2451639.67472 1.75341
2451680.40892 4.76701
2451721.14312 9.98278
2451965.54833 10.76606
2452006.28253 14.34750
2452047.01673 13.05152
2452087.75093 6.43312
2452332.15613 10.86300
2452372.89033 6.21041
2452413.62454 6.92236
2452454.35874 15.20250
2452698.76394 11.48610
2452739.49814 18.09282
2452780.23234 17.17510
2452820.96654 15.81402
2453065.37175 10.83857
2453106.10595 7.55633
2453146.84015 3.53909
2453187.57435 6.67025
2453431.97955 4.12433
2453472.71375 11.24475
2453513.44796 14.66609
2453554.18216 10.61589
2453798.58736 13.25572
2453839.32156 6.82846
2453880.05576 2.00195
2453920.78996 3.48563
2454165.19517 6.27532
2454205.92937 13.05429
2454246.66357 19.52783
2454287.39777 18.85941
2454531.80297 21.13932
2454572.53717 16.89435
2454613.27138 8.16611
2454654.00558 8.23946
2454898.41078 4.22229
2454939.14498 7.85217
2454979.87918 13.59399
2455020.61338 14.71388
2455265.01859 12.41309
2455305.75279 13.78755
2455346.48699 5.17506
2455387.22119 0.34705
2455631.62639 2.24303
2455672.36059 3.31893
2455713.09480 10.39676
2455753.82900 14.14362
2455957.50000 10.99017
