2445000.00000 6.54879
2445040.73420 9.98907
2445081.46840 13.16644
2445122.20260 7.21014
2445162.93680 6.40427
2445366.60781 9.62979
2445407.34201 2.13974
2445448.07621 7.18657
2445488.81041 8.80348
2445529.54461 2.07177
2445733.21561 9.72428
2445773.94981 4.71215
2445814.68401 1.36709
2445855.41822 8.06996
2445896.15242 7.11850
2446099.82342 6.58285
2446140.55762 11.97832
2446181.29182 4.06339
2446222.02602 4.62684
2446262.76022 11.72724
2446466.43123 5.22150
2446507.16543 11.25246
2446547.89963 13.80344
2446588.63383 5.26098
2446629.36803 11.07993
2446833.03903 11.38662
2446873.77323 8.76273
2446914.50743 19.45516
2446955.24164 14.09477
2446995.97584 9.45952
2447199.64684 17.78005
2447240.38104 11.63941
2447281.11524 11.56100
2447321.84944 21.10663
2447362.58364 13.70257
2447566.25465 13.93693
2447606.98885 17.01591
2447647.72305 7.02293
2447688.45725 10.55932
2447729.19145 13.39415
2447932.86245 6.13254
2447973.59665 12.72169
2448014.33086 9.49220
2448055.06506 4.68556
2448095.79926 9.12047
2448299.47026 4.27011
2448340.20446 5.08860
2448380.93866 9.98998
2448421.67286 5.61355
2448462.40706 2.00497
2448666.07807 7.25397
2448706.81227 1.37126
2448747.54647 5.59901
2448788.28067 11.71566
2448829.01487 2.53430
2449032.68587 10.64132
2449073.42007 7.31974
2449114.15428 2.99184
2449154.88848 9.02695
2449195.62268 11.36742
2449399.29368 7.91874
2449440.02788 12.94185
2449480.76208 10.34840
2449521.49628 6.99473
2449562.23048 12.80647
2449765.90149 8.83528
2449806.63569 13.67172
2449847.36989 16.17965
2449888.10409 9.09120
2450132.50929 17.59872
2450173.24349 9.79099
2450213.97770 17.46015
2450254.71190 17.92708
2450499.11710 17.43517
2450539.85130 11.62744
2450580.58550 8.95665
2450621.31970 14.93549
2450865.72491 7.88085
2450906.45911 13.75250
2450947.19331 5.07580
2450987.92751 6.30143
2451232.33271 2.14153
2451273.06691 8.74826
2451313.80112 8.86064
2451354.53532 1.50250
2451598.94052 3.79994
2451639.67472 1.88048
2451680.40892 9.14198
2451721.14312 6.24774
2451965.54833 11.34249
2452006.28253 3.83827
2452047.01673 5.40952
2452087.75093 11.72582
2452332.15613 11.34667
2452372.89033 13.13135
2452413.62454 6.89107
2452454.35874 10.97627
2452698.76394 10.77310
2452739.49814 18.94435
2452780.23234 12.41617
2452820.96654 9.75413
2453065.37175 11.15458
2453106.10595 14.86969
2453146.84015 19.07990
2453187.57435 15.13540
2453431.97955 14.22794
2453472.71375 8.07369
2453513.44796 12.33580
2453554.18216 16.00308
2453798.58736 12.58439
2453839.32156 8.83025
2453880.05576 4.08249
2453920.78996 10.23057
2454165.19517 5.03264
2454205.92937 11.39254
2454246.66357 3.53892
2454287.39777 2.05702
2454531.80297 0.07105
2454572.53717 6.60482
2454613.27138 8.15178
2454654.00558 1.23039
2454898.41078 7.67746
2454939.14498 3.11930
2454979.87918 11.02563
2455020.61338 10.48204
2455265.01859 16.99824
2455305.75279 9.12249
2455346.48699 7.80264
2455387.22119 18.38432
2455631.62639 14.98972
2455672.36059 17.37215
2455713.09480 10.80457
2455753.82900 15.64262
2455957.50000 15.91269
