2445000.00000 3.24860
2445040.73420 5.87615
2445081.46840 2.43519
2445122.20260 -1.21961
2445162.93680 2.36727
2445366.60781 4.69801
2445407.34201 1.53676
2445448.07621 -3.95656
2445488.81041 -1.04077
2445529.54461 2.91899
2445733.21561 0.55110
2445773.94981 -4.27574
2445814.68401 -4.98040
2445855.41822 0.28101
2445896.15242 0.27532
2446099.82342 -5.10063
2446140.55762 -7.12404
2446181.29182 -1.29793
2446222.02602 0.87193
2446262.76022 -3.30672
2446466.43123 -5.78237
2446507.16543 -1.29169
2446547.89963 2.30671
2446588.63383 -0.17806
2446629.36803 -2.99915
2446833.03903 -0.26140
2446873.77323 4.13591
2446914.50743 3.68508
2446955.24164 -1.27899
2446995.97584 0.05985
2447199.64684 4.75151
2447240.38104 6.54826
2447281.11524 0.74282
2447321.84944 -0.36315
2447362.58364 4.85036
2447566.25465 5.99698
2447606.98885 0.75426
2447647.72305 -2.88452
2447688.45725 1.71141
2447729.19145 4.79202
2447932.86245 -0.13763
2447973.59665 -5.06657
2448014.33086 -2.65721
2448055.06506 1.77933
2448095.79926 -0.47270
2448299.47026 -6.41405
2448340.20446 -5.68509
2448380.93866 -0.05465
2448421.67286 -0.17057
2448462.40706 -5.52374
2448666.07807 -5.08106
2448706.81227 -0.38303
2448747.54647 1.86010
2448788.28067 -3.12147
2448829.01487 -4.89079
2449032.68587 0.57491
2449073.42007 4.49322
2449114.15428 1.50526
2449154.88848 -2.54643
2449195.62268 1.14708
2449399.29368 6.00788
2449440.02788 4.31574
2449480.76208 -0.61052
2449521.49628 0.87388
2449562.23048 6.88958
2449765.90149 6.36302
2449806.63569 -0.06421
2449847.36989 -1.34505
2449888.10409 5.20980
2450132.50929 -1.07657
2450173.24349 -4.56711
2450213.97770 0.09091
2450254.71190 3.89627
2450499.11710 -6.28423
2450539.85130 -4.11848
2450580.58550 1.00783
2450621.31970 -1.69068
2450865.72491 -5.56301
2450906.45911 0.46800
2450947.19331 0.22024
2450987.92751 -6.06500
2451232.33271 1.32768
2451273.06691 3.40984
2451313.80112 -1.65976
2451354.53532 -4.10573
2451598.94052 6.93984
2451639.67472 2.62766
2451680.40892 -1.70266
2451721.14312 2.19541
2451965.54833 4.50656
2452006.28253 -0.84095
2452047.01673 0.98377
2452087.75093 6.94510
2452332.15613 -2.07586
2452372.89033 -2.56519
2452413.62454 3.04208
2452454.35874 3.76800
2452698.76394 -6.55119
2452739.49814 -1.24109
2452780.23234 2.11932
2452820.96654 -4.19062
2453065.37175 -4.89179
2453106.10595 1.26328
2453146.84015 -2.06809
2453187.57435 -9.27793
2453431.97955 2.22742
2453472.71375 1.57283
2453513.44796 -4.89693
2453554.18216 -4.35242
2453798.58736 7.15965
2453839.32156 -0.03209
2453880.05576 -2.11597
2453920.78996 4.35943
2454165.19517 3.74959
2454205.92937 -1.36463
2454246.66357 4.08473
2454287.39777 10.45876
2454531.80297 -2.28733
2454572.53717 -0.16084
2454613.27138 6.29696
2454654.00558 3.43402
2454898.41078 -5.62936
2454939.14498 1.67119
2454979.87918 2.16673
2455020.61338 -4.49902
2455265.01859 -2.29283
2455305.75279 1.17800
2455346.48699 -4.80715
2455387.22119 -9.85559
2455631.62639 2.11759
2455672.36059 -1.60753
2455713.09480 -7.25169
2455753.82900 -3.44155
2455957.50000 5.03062
