2445000.00000 -2.73619
2445040.73420 5.55157
2445081.46840 13.37940
2445122.20260 -4.91079
2445162.93680 11.03129
2445366.60781 -2.78785
2445407.34201 11.14953
2445448.07621 -7.41796
2445488.81041 1.36531
2445529.54461 7.38440
2445733.21561 7.05375
2445773.94981 -8.12666
2445814.68401 -9.03700
2445855.41822 5.26008
2445896.15242 -12.29997
2446099.82342 -5.30195
2446140.55762 -15.63427
2446181.29182 3.70557
2446222.02602 -11.38767
2446262.76022 -8.09113
2446466.43123 -14.63643
2446507.16543 3.09845
2446547.89963 -3.01179
2446588.63383 -11.06555
2446629.36803 8.32337
2446833.03903 3.39553
2446873.77323 6.29405
2446914.50743 -8.51863
2446955.24164 10.94781
2446995.97584 1.83475
2447199.64684 11.70676
2447240.38104 -5.05644
2447281.11524 9.69445
2447321.84944 9.37580
2447362.58364 -5.31705
2447566.25465 -1.56797
2447606.98885 4.22307
2447647.72305 13.73462
2447688.45725 -4.45754
2447729.19145 8.55192
2447932.86245 -3.75437
2447973.59665 11.56270
2448014.33086 -6.22481
2448055.06506 0.22507
2448095.79926 9.15242
2448299.47026 5.55366
2448340.20446 -5.60574
2448380.93866 -8.74853
2448421.67286 6.00870
2448462.40706 -12.20080
2448666.07807 -2.98902
2448706.81227 -14.32760
2448747.54647 4.02547
2448788.28067 -10.10274
2448829.01487 -11.30652
2449032.68587 -13.34713
2449073.42007 1.98013
2449114.15428 -2.03514
2449154.88848 -11.90404
2449195.62268 6.41406
2449399.29368 1.07559
2449440.02788 6.26798
2449480.76208 -8.10340
2449521.49628 7.62774
2449562.23048 2.83916
2449765.90149 11.33997
2449806.63569 -5.14920
2449847.36989 6.75073
2449888.10409 12.16335
2450132.50929 0.27740
2450173.24349 2.43582
2450213.97770 14.08117
2450254.71190 -3.88255
2450499.11710 -4.56629
2450539.85130 12.40663
2450580.58550 -3.93273
2450621.31970 -0.72023
2450865.72491 6.62679
2450906.45911 -2.95394
2450947.19331 -9.53112
2450987.92751 6.75217
2451232.33271 -1.07213
2451273.06691 -14.37541
2451313.80112 3.13620
2451354.53532 -8.77978
2451598.94052 -16.66990
2451639.67472 0.21394
2451680.40892 -0.63816
2451721.14312 -12.02686
2451965.54833 -1.21814
2452006.28253 7.09539
2452047.01673 -9.15382
2452087.75093 7.74451
2452332.15613 12.61814
2452372.89033 -3.77695
2452413.62454 5.36956
2452454.35874 13.11783
2452698.76394 2.17127
2452739.49814 0.80654
2452780.23234 12.63068
2452820.96654 -2.69631
2453065.37175 -4.26228
2453106.10595 11.11503
2453146.84015 -1.57124
2453187.57435 -1.94427
2453431.97955 5.46449
2453472.71375 -0.75216
2453513.44796 -8.86525
2453554.18216 7.13442
2453798.58736 0.81081
2453839.32156 -17.20188
2453880.05576 2.18346
2453920.78996 -5.23220
2454165.19517 -10.75062
2454205.92937 -1.77512
2454246.66357 0.50206
2454287.39777 -12.96736
2454531.80297 -3.77058
2454572.53717 7.51828
2454613.27138 -9.82638
2454654.00558 3.98488
2454898.41078 11.06805
2454939.14498 -3.05560
2454979.87918 2.50920
2455020.61338 11.10217
2455265.01859 3.84212
2455305.75279 -0.57721
2455346.48699 14.47638
2455387.22119 -1.53780
2455631.62639 -4.70142
2455672.36059 12.37618
2455713.09480 0.52667
2455753.82900 -3.11802
2455957.50000 -8.33052
