2445000.00000 5.81001
2445040.73420 15.50256
2445081.46840 31.19155
2445122.20260 36.55264
2445162.93680 26.27046
2445366.60781 40.00127
2445407.34201 35.25965
2445448.07621 17.32532
2445488.81041 12.11982
2445529.54461 21.70217
2445733.21561 13.43544
2445773.94981 21.29153
2445814.68401 29.97152
2445855.41822 43.43865
2445896.15242 39.56462
2446099.82342 49.55092
2446140.55762 44.44266
2446181.29182 29.60784
2446222.02602 20.29949
2446262.76022 19.39178
2446466.43123 22.22286
2446507.16543 18.46496
2446547.89963 24.46462
2446588.63383 32.73637
2446629.36803 39.63427
2446833.03903 29.96213
2446873.77323 44.12772
2446914.50743 33.42117
2446955.24164 25.64767
2446995.97584 13.27734
2447199.64684 21.39289
2447240.38104 10.65998
2447281.11524 11.21089
2447321.84944 18.61680
2447362.58364 27.75235
2447566.25465 14.83933
2447606.98885 27.68780
2447647.72305 35.26260
2447688.45725 20.78021
2447729.19145 7.07198
2447932.86245 20.86667
2447973.59665 6.55338
2448014.33086 0.53253
2448055.06506 6.02134
2448095.79926 19.93004
2448299.47026 4.20672
2448340.20446 18.21116
2448380.93866 25.64411
2448421.67286 21.69649
2448462.40706 10.07639
2448666.07807 30.17693
2448706.81227 17.64987
2448747.54647 5.43875
2448788.28067 4.31939
2448829.01487 15.64150
2449032.68587 7.14058
2449073.42007 15.21082
2449114.15428 30.59018
2449154.88848 27.65732
2449195.62268 28.92899
2449399.29368 39.92927
2449440.02788 38.55898
2449480.76208 17.96827
2449521.49628 14.08984
2449562.23048 16.61125
2449765.90149 15.91805
2449806.63569 19.37242
2449847.36989 28.91695
2449888.10409 44.75129
2450132.50929 42.01386
2450173.24349 39.41813
2450213.97770 39.42769
2450254.71190 25.14750
2450499.11710 24.73504
2450539.85130 17.27581
2450580.58550 23.71305
2450621.31970 40.17068
2450865.72491 25.99616
2450906.45911 35.10019
2450947.19331 35.43701
2450987.92751 24.03177
2451232.33271 27.28237
2451273.06691 11.60954
2451313.80112 10.03396
2451354.53532 20.44556
2451598.94052 12.44213
2451639.67472 23.67432
2451680.40892 28.35703
2451721.14312 20.62309
2451965.54833 20.70034
2452006.28253 9.50309
2452047.01673 3.74143
2452087.75093 7.46099
2452332.15613 5.73966
2452372.89033 16.96257
2452413.62454 24.24383
2452454.35874 28.61109
2452698.76394 23.70773
2452739.49814 19.92980
2452780.23234 9.25755
2452820.96654 7.13122
2453065.37175 9.86606
2453106.10595 15.69857
2453146.84015 24.14556
2453187.57435 30.08633
2453431.97955 31.82619
2453472.71375 28.93332
2453513.44796 23.11221
2453554.18216 15.49657
2453798.58736 21.70847
2453839.32156 19.23551
2453880.05576 27.20059
2453920.78996 41.70711
2454165.19517 30.96417
2454205.92937 38.56149
2454246.66357 35.42876
2454287.39777 27.44107
2454531.80297 25.08099
2454572.53717 16.29366
2454613.27138 23.14417
2454654.00558 29.92676
2454898.41078 26.78290
2454939.14498 29.75978
2454979.87918 28.71608
2455020.61338 27.20467
2455265.01859 23.21631
2455305.75279 14.17835
2455346.48699 12.84569
2455387.22119 17.72763
2455631.62639 13.97484
2455672.36059 22.29394
2455713.09480 25.65527
2455753.82900 21.22418
2455957.50000 22.03613
