2445000.00000 6.08328
2445040.73420 1.21365
2445081.46840 4.96112
2445122.20260 3.22137
2445162.93680 3.49258
2445366.60781 3.88114
2445407.34201 4.14079
2445448.07621 1.00985
2445488.81041 5.14770
2445529.54461 -0.17252
2445733.21561 -2.57344
2445773.94981 1.05857
2445814.68401 -3.09148
2445855.41822 -1.81774
2445896.15242 -0.88699
2446099.82342 -3.47830
2446140.55762 -5.77633
2446181.29182 -1.61860
2446222.02602 -6.78343
2446262.76022 -2.35813
2446466.43123 -0.45096
2446507.16543 -3.98087
2446547.89963 -1.73896
2446588.63383 -0.49773
2446629.36803 -3.29647
2446833.03903 0.29574
2446873.77323 4.77544
2446914.50743 -0.04920
2446955.24164 4.94328
2446995.97584 2.14384
2447199.64684 2.14626
2447240.38104 4.71333
2447281.11524 5.30845
2447321.84944 2.56302
2447362.58364 6.11628
2447566.25465 3.15491
2447606.98885 -1.35285
2447647.72305 3.35777
2447688.45725 -1.45606
2447729.19145 0.21758
2447932.86245 -1.45884
2447973.59665 -3.30843
2448014.33086 -5.03166
2448055.06506 -1.53158
2448095.79926 -7.66951
2448299.47026 -8.41058
2448340.20446 -1.62799
2448380.93866 -5.80750
2448421.67286 -2.58356
2448462.40706 -2.97346
2448666.07807 -1.51625
2448706.81227 -1.37159
2448747.54647 2.88048
2448788.28067 -1.87671
2448829.01487 4.31057
2449032.68587 7.21861
2449073.42007 1.66353
2449114.15428 5.65280
2449154.88848 4.41325
2449195.62268 3.69465
2449399.29368 3.45441
2449440.02788 5.61043
2449480.76208 0.92055
2449521.49628 5.69220
2449562.23048 0.38244
2449765.90149 -2.92784
2449806.63569 1.22017
2449847.36989 -2.43335
2449888.10409 -3.09174
2450132.50929 -4.15045
2450173.24349 -7.78093
2450213.97770 -2.26492
2450254.71190 -8.18372
2450499.11710 -1.07079
2450539.85130 -4.30348
2450580.58550 -3.04278
2450621.31970 -0.02408
2450865.72491 -0.36194
2450906.45911 6.26573
2450947.19331 0.01595
2450987.92751 6.06909
2451232.33271 3.99140
2451273.06691 4.76079
2451313.80112 6.96621
2451354.53532 2.33206
2451598.94052 6.09077
2451639.67472 -1.31462
2451680.40892 3.94631
2451721.14312 -0.59531
2451965.54833 -2.57719
2452006.28253 -3.33892
2452047.01673 -6.64711
2452087.75093 -1.68205
2452332.15613 -9.29036
2452372.89033 -2.11512
2452413.62454 -7.19428
2452454.35874 -4.64568
2452698.76394 -0.98353
2452739.49814 -2.56470
2452780.23234 4.16071
2452820.96654 -2.47663
2453065.37175 9.29783
2453106.10595 2.88095
2453146.84015 5.80417
2453187.57435 6.60553
2453431.97955 3.59571
2453472.71375 6.97081
2453513.44796 0.82945
2453554.18216 7.74571
2453798.58736 -3.47219
2453839.32156 0.51262
2453880.05576 -1.55450
2453920.78996 -4.81005
2454165.19517 -3.45924
2454205.92937 -9.99059
2454246.66357 -2.69371
2454287.39777 -8.96140
2454531.80297 -2.13143
2454572.53717 -4.25213
2454613.27138 -4.43020
2454654.00558 0.57633
2454898.41078 -1.16538
2454939.14498 6.66592
2454979.87918 0.37598
2455020.61338 5.71654
2455265.01859 4.88151
2455305.75279 5.73563
2455346.48699 9.71753
2455387.22119 2.51320
2455631.62639 7.09800
2455672.36059 -1.03672
2455713.09480 3.75568
2455753.82900 0.37545
2455957.50000 -3.95089
