2445000.00000 38.03575
2445040.73420 -0.83001
2445081.46840 34.74981
2445122.20260 -9.60038
2445162.93680 34.97407
2445366.60781 -17.03689
2445407.34201 -1.90397
2445448.07621 -16.67347
2445488.81041 -19.92139
2445529.54461 -11.46606
2445733.21561 -45.75800
2445773.94981 1.23516
2445814.68401 -41.06853
2445855.41822 1.62509
2445896.15242 -29.62348
2446099.82342 -7.07230
2446140.55762 9.85240
2446181.29182 -7.79204
2446222.02602 24.43819
2446262.76022 -9.49109
2446466.43123 37.63710
2446507.16543 4.36232
2446547.89963 36.31592
2446588.63383 12.17885
2446629.36803 23.68170
2446833.03903 31.29493
2446873.77323 -11.20838
2446914.50743 26.65657
2446955.24164 -17.92867
2446995.97584 23.66381
2447199.64684 -29.28737
2447240.38104 -14.68475
2447281.11524 -16.82070
2447321.84944 -27.84873
2447362.58364 -9.99136
2447566.25465 -41.59564
2447606.98885 6.32766
2447647.72305 -32.09384
2447688.45725 8.07894
2447729.19145 -25.04155
2447932.86245 2.83877
2447973.59665 22.40763
2448014.33086 -0.51319
2448055.06506 31.40834
2448095.79926 -1.70393
2448299.47026 39.67847
2448340.20446 5.69234
2448380.93866 24.44608
2448421.67286 10.03827
2448462.40706 19.14232
2448666.07807 17.29647
2448706.81227 -26.39113
2448747.54647 14.15726
2448788.28067 -35.82093
2448829.01487 9.49710
2449032.68587 -26.39313
2449073.42007 -20.87856
2449114.15428 -17.42944
2449154.88848 -35.63774
2449195.62268 -8.92395
2449399.29368 -28.50117
2449440.02788 13.38168
2449480.76208 -24.76953
2449521.49628 17.37079
2449562.23048 -10.92936
2449765.90149 7.86430
2449806.63569 28.81389
2449847.36989 3.91091
2449888.10409 42.38380
2450132.50929 34.78669
2450173.24349 1.43056
2450213.97770 19.90271
2450254.71190 5.09788
2450499.11710 9.67215
2450539.85130 -29.41237
2450580.58550 7.02154
2450621.31970 -44.69591
2450865.72491 -19.22726
2450906.45911 -16.93637
2450947.19331 -13.08378
2450987.92751 -27.74074
2451232.33271 -23.25082
2451273.06691 25.14360
2451313.80112 -9.80965
2451354.53532 20.70311
2451598.94052 10.33616
2451639.67472 33.96949
2451680.40892 3.22460
2451721.14312 39.26508
2451965.54833 22.65078
2452006.28253 -5.86346
2452047.01673 6.46149
2452087.75093 -3.11671
2452332.15613 2.59223
2452372.89033 -49.01238
2452413.62454 1.21762
2452454.35874 -42.97559
2452698.76394 -16.52634
2452739.49814 -18.84538
2452780.23234 -1.18923
2452820.96654 -20.04117
2453065.37175 -10.09363
2453106.10595 42.19745
2453146.84015 0.19948
2453187.57435 30.93095
2453431.97955 6.66943
2453472.71375 38.97765
2453513.44796 -3.02679
2453554.18216 39.85779
2453798.58736 10.87497
2453839.32156 -14.00368
2453880.05576 -6.00953
2453920.78996 -12.13492
2454165.19517 -0.03156
2454205.92937 -47.05387
2454246.66357 1.13340
2454287.39777 -43.80439
2454531.80297 -3.20533
2454572.53717 -9.28514
2454613.27138 13.59676
2454654.00558 -12.95544
2454898.41078 -1.05504
2454939.14498 40.09861
2454979.87918 7.66517
2455020.61338 31.13775
2455265.01859 -2.13144
2455305.75279 34.36184
2455346.48699 -15.98315
2455387.22119 32.80092
2455631.62639 -4.83048
2455672.36059 -25.07653
2455713.09480 -15.77364
2455753.82900 -17.10596
2455957.50000 -45.42741
