2445000.00000 76.87101
2445040.73420 83.45333
2445081.46840 58.92261
2445122.20260 46.61063
2445162.93680 63.44149
2445366.60781 36.78302
2445407.34201 28.15482
2445448.07621 39.16009
2445488.81041 54.56269
2445529.54461 62.68378
2445733.21561 67.39338
2445773.94981 79.12523
2445814.68401 90.64021
2445855.41822 112.31708
2445896.15242 68.89512
2446099.82342 80.41751
2446140.55762 101.97994
2446181.29182 94.50225
2446222.02602 59.43294
2446262.76022 59.88411
2446466.43123 50.08759
2446507.16543 43.99225
2446547.89963 32.49562
2446588.63383 30.78632
2446629.36803 38.88021
2446833.03903 84.35252
2446873.77323 58.14855
2446914.50743 63.54151
2446955.24164 101.12014
2446995.97584 108.71517
2447199.64684 89.93619
2447240.38104 85.13164
2447281.11524 100.63828
2447321.84944 110.31804
2447362.58364 64.05463
2447566.25465 36.82443
2447606.98885 60.77335
2447647.72305 54.58346
2447688.45725 28.17134
2447729.19145 24.65107
2447932.86245 65.31997
2447973.59665 76.02916
2448014.33086 53.09318
2448055.06506 54.85143
2448095.79926 79.44338
2448299.47026 104.34497
2448340.20446 100.40712
2448380.93866 90.87100
2448421.67286 110.69299
2448462.40706 98.11322
2448666.07807 58.00422
2448706.81227 49.81592
2448747.54647 58.40562
2448788.28067 64.81829
2448829.01487 30.52524
2449032.68587 19.99935
2449073.42007 51.79227
2449114.15428 67.00598
2449154.88848 49.44635
2449195.62268 56.33644
2449399.29368 103.06960
2449440.02788 112.06735
2449480.76208 118.26035
2449521.49628 88.72945
2449562.23048 108.83792
2449765.90149 87.59123
2449806.63569 61.10413
2449847.36989 48.03051
2449888.10409 58.45332
2450132.50929 26.94642
2450173.24349 19.57911
2450213.97770 42.87130
2450254.71190 61.23894
2450499.11710 69.85821
2450539.85130 90.24532
2450580.58550 103.12651
2450621.31970 99.95597
2450865.72491 101.36122
2450906.45911 106.90352
2450947.19331 82.98875
2450987.92751 57.77914
2451232.33271 54.17903
2451273.06691 24.08922
2451313.80112 11.98182
2451354.53532 32.10224
2451598.94052 62.26245
2451639.67472 60.77394
2451680.40892 83.75741
2451721.14312 113.75861
2451965.54833 105.64997
2452006.28253 112.13376
2452047.01673 104.05776
2452087.75093 78.27943
2452332.15613 41.68170
2452372.89033 71.25624
2452413.62454 37.96480
2452454.35874 11.92501
2452698.76394 69.71338
2452739.49814 62.96682
2452780.23234 42.59251
2452820.96654 78.30139
2453065.37175 136.75421
2453106.10595 83.34291
2453146.84015 125.40855
2453187.57435 108.44938
2453431.97955 44.78245
2453472.71375 44.56080
2453513.44796 60.91592
2453554.18216 43.97759
2453798.58736 25.10884
2453839.32156 49.76546
2453880.05576 46.89119
2453920.78996 34.12785
2454165.19517 137.04084
2454205.92937 109.35527
2454246.66357 101.19667
2454287.39777 87.34524
2454531.80297 86.16523
2454572.53717 46.87330
2454613.27138 49.96521
2454654.00558 77.19450
2454898.41078 3.15261
2454939.14498 14.67096
2454979.87918 52.67052
2455020.61338 48.55526
2455265.01859 90.26509
2455305.75279 114.39056
2455346.48699 115.75940
2455387.22119 84.38340
2455631.62639 106.30053
2455672.36059 101.39448
2455713.09480 67.54043
2455753.82900 63.09132
2455957.50000 46.57501
