2445000.00000 10.95514
2445040.73420 18.09351
2445081.46840 9.24455
2445122.20260 -2.31790
2445162.93680 -2.89086
2445366.60781 -8.84314
2445407.34201 -8.05647
2445448.07621 -19.89348
2445488.81041 -15.04553
2445529.54461 -2.06429
2445733.21561 20.14353
2445773.94981 12.91589
2445814.68401 6.35584
2445855.41822 11.80935
2445896.15242 18.49428
2446099.82342 -6.70591
2446140.55762 -16.86076
2446181.29182 -15.20890
2446222.02602 -7.68622
2446262.76022 -9.49709
2446466.43123 -2.65330
2446507.16543 1.24414
2446547.89963 15.86720
2446588.63383 17.36148
2446629.36803 9.11292
2446833.03903 -3.00635
2446873.77323 1.34070
2446914.50743 2.09685
2446955.24164 -10.59523
2446995.97584 -19.33276
2447199.64684 -10.52553
2447240.38104 1.50511
2447281.11524 0.85558
2447321.84944 -4.01916
2447362.58364 3.52981
2447566.25465 15.69970
2447606.98885 16.68019
2447647.72305 1.96313
2447688.45725 -2.44034
2447729.19145 3.45825
2447932.86245 -8.02787
2447973.59665 -14.95459
2448014.33086 -18.50128
2448055.06506 -7.63590
2448095.79926 2.23777
2448299.47026 14.39599
2448340.20446 7.60468
2448380.93866 12.65109
2448421.67286 20.24149
2448462.40706 13.96688
2448666.07807 -16.00004
2448706.81227 -16.36218
2448747.54647 -6.99670
2448788.28067 -8.50334
2448829.01487 -18.34984
2449032.68587 -2.77432
2449073.42007 8.66710
2449114.15428 17.90906
2449154.88848 13.91318
2449195.62268 6.60033
2449399.29368 1.43399
2449440.02788 4.97763
2449480.76208 -3.88523
2449521.49628 -17.66888
2449562.23048 -13.64682
2449765.90149 -2.42304
2449806.63569 0.11604
2449847.36989 -4.54695
2449888.10409 -1.60617
2450132.50929 19.21245
2450173.24349 8.67670
2450213.97770 -0.59483
2450254.71190 4.66619
2450499.11710 -14.02769
2450539.85130 -23.08869
2450580.58550 -14.46955
2450621.31970 -1.14259
2450865.72491 6.73036
2450906.45911 9.50507
2450947.19331 17.20210
2450987.92751 17.40997
2451232.33271 -20.03927
2451273.06691 -12.05978
2451313.80112 -6.82731
2451354.53532 -17.37524
2451598.94052 4.19211
2451639.67472 15.56121
2451680.40892 11.15970
2451721.14312 6.40500
2451965.54833 8.02193
2452006.28253 1.99129
2452047.01673 -15.73346
2452087.75093 -14.97264
2452332.15613 -1.08509
2452372.89033 -5.78920
2452413.62454 -6.96964
2452454.35874 7.13152
2452698.76394 12.20294
2452739.49814 2.25053
2452780.23234 4.65380
2452820.96654 9.48108
2453065.37175 -23.82211
2453106.10595 -16.89114
2453146.84015 -6.11353
2453187.57435 -2.61479
2453431.97955 7.58872
2453472.71375 15.56605
2453513.44796 23.25198
2453554.18216 10.02021
2453798.58736 -10.67731
2453839.32156 -6.06222
2453880.05576 -14.02071
2453920.78996 -21.96983
2454165.19517 11.37470
2454205.92937 15.04169
2454246.66357 6.77561
2454287.39777 10.37048
2454531.80297 8.38320
2454572.53717 -6.39875
2454613.27138 -15.13518
2454654.00558 -10.41907
2454898.41078 -9.08681
2454939.14498 -12.13797
2454979.87918 0.21703
2455020.61338 14.89381
2455265.01859 6.47908
2455305.75279 5.23049
2455346.48699 13.26331
2455387.22119 5.41470
2455631.62639 -22.60007
2455672.36059 -8.22436
2455713.09480 -2.80552
2455753.82900 -11.34159
2455957.50000 5.28971
