2445000.00000 34.04037
2445040.73420 37.89968
2445081.46840 37.95400
2445122.20260 49.55831
2445162.93680 54.23966
2445366.60781 43.34108
2445407.34201 49.21940
2445448.07621 41.64304
2445488.81041 56.05072
2445529.54461 63.40410
2445733.21561 51.65740
2445773.94981 46.83571
2445814.68401 53.45434
2445855.41822 51.52827
2445896.15242 64.10293
2446099.82342 55.48602
2446140.55762 42.04989
2446181.29182 34.00527
2446222.02602 30.71885
2446262.76022 31.01612
2446466.43123 33.88160
2446507.16543 23.50752
2446547.89963 17.64148
2446588.63383 11.56087
2446629.36803 10.48059
2446833.03903 22.82842
2446873.77323 14.53301
2446914.50743 7.84955
2446955.24164 2.24516
2446995.97584 0.32629
2447199.64684 19.97280
2447240.38104 18.42598
2447281.11524 14.40032
2447321.84944 7.50802
2447362.58364 5.89323
2447566.25465 30.02646
2447606.98885 28.52052
2447647.72305 29.78123
2447688.45725 28.42089
2447729.19145 29.02959
2447932.86245 44.41880
2447973.59665 49.32970
2448014.33086 48.47203
2448055.06506 57.17137
2448095.79926 41.84646
2448299.47026 54.75975
2448340.20446 75.77655
2448380.93866 67.71524
2448421.67286 76.35348
2448462.40706 56.58791
2448666.07807 56.86503
2448706.81227 55.85209
2448747.54647 68.74679
2448788.28067 65.23958
2448829.01487 66.84070
2449032.68587 43.68283
2449073.42007 43.47295
2449114.15428 34.42068
2449154.88848 52.89504
2449195.62268 39.63631
2449399.29368 22.33769
2449440.02788 21.54808
2449480.76208 28.13838
2449521.49628 27.67411
2449562.23048 27.34059
2449765.90149 4.06098
2449806.63569 5.45841
2449847.36989 10.70630
2449888.10409 16.48637
2450132.50929 2.82848
2450173.24349 2.84655
2450213.97770 5.83892
2450254.71190 14.11400
2450499.11710 18.03495
2450539.85130 15.40165
2450580.58550 14.82834
2450621.31970 24.28259
2450865.72491 34.68467
2450906.45911 34.59726
2450947.19331 35.48477
2450987.92751 34.79601
2451232.33271 63.35608
2451273.06691 51.91689
2451313.80112 52.25777
2451354.53532 43.80640
2451598.94052 68.68177
2451639.67472 61.42281
2451680.40892 52.57038
2451721.14312 44.78537
2451965.54833 54.10972
2452006.28253 51.76282
2452047.01673 40.68214
2452087.75093 38.12600
2452332.15613 35.86673
2452372.89033 37.91019
2452413.62454 27.81325
2452454.35874 24.40862
2452698.76394 20.83643
2452739.49814 19.78384
2452780.23234 22.41777
2452820.96654 13.43933
2453065.37175 15.51374
2453106.10595 24.58441
2453146.84015 24.46018
2453187.57435 20.91906
2453431.97955 26.17626
2453472.71375 32.51447
2453513.44796 37.93046
2453554.18216 38.15733
2453798.58736 40.13162
2453839.32156 43.78031
2453880.05576 53.51485
2453920.78996 58.55421
2454165.19517 45.16154
2454205.92937 42.83581
2454246.66357 54.98691
2454287.39777 63.75142
2454531.80297 40.03037
2454572.53717 52.36681
2454613.27138 47.29168
2454654.00558 53.03962
2454898.41078 37.10334
2454939.14498 31.98745
2454979.87918 34.11688
2455020.61338 35.16363
2455265.01859 22.53028
2455305.75279 19.40978
2455346.48699 16.26906
2455387.22119 20.79503
2455631.62639 12.54719
2455672.36059 8.21493
2455713.09480 5.85385
2455753.82900 9.15868
2455957.50000 19.59536
