2445000.00000 -13.89522
2445040.73420 -14.17027
2445081.46840 -12.43072
2445122.20260 -11.64845
2445162.93680 -11.76290
2445366.60781 -8.58904
2445407.34201 -7.60301
2445448.07621 -8.67348
2445488.81041 -7.43171
2445529.54461 -5.59707
2445733.21561 -5.49694
2445773.94981 -3.97289
2445814.68401 -4.49514
2445855.41822 -3.91286
2445896.15242 -3.93125
2446099.82342 -2.85739
2446140.55762 -3.38891
2446181.29182 -3.90356
2446222.02602 -3.77456
2446262.76022 -3.70855
2446466.43123 -5.38018
2446507.16543 -5.39589
2446547.89963 -6.37044
2446588.63383 -7.61091
2446629.36803 -7.84299
2446833.03903 -10.95698
2446873.77323 -9.74939
2446914.50743 -11.92098
2446955.24164 -10.06126
2446995.97584 -11.82338
2447199.64684 -15.38115
2447240.38104 -15.08566
2447281.11524 -14.94133
2447321.84944 -18.85387
2447362.58364 -19.54936
2447566.25465 -19.53298
2447606.98885 -18.87147
2447647.72305 -15.90689
2447688.45725 -19.05584
2447729.19145 -19.76293
2447932.86245 -19.18721
2447973.59665 -21.35186
2448014.33086 -17.14859
2448055.06506 -19.57947
2448095.79926 -17.70335
2448299.47026 -15.65666
2448340.20446 -14.41564
2448380.93866 -15.90294
2448421.67286 -16.51480
2448462.40706 -17.05892
2448666.07807 -10.24830
2448706.81227 -10.34785
2448747.54647 -10.50803
2448788.28067 -10.12079
2448829.01487 -8.80564
2449032.68587 -6.33094
2449073.42007 -6.35522
2449114.15428 -5.40258
2449154.88848 -6.47492
2449195.62268 -4.83019
2449399.29368 -3.62243
2449440.02788 -3.13426
2449480.76208 -4.27054
2449521.49628 -3.54650
2449562.23048 -3.95113
2449765.90149 -4.73208
2449806.63569 -4.54915
2449847.36989 -5.21470
2449888.10409 -4.83214
2450132.50929 -7.75193
2450173.24349 -9.28227
2450213.97770 -7.65626
2450254.71190 -8.45119
2450499.11710 -12.53731
2450539.85130 -14.14833
2450580.58550 -14.22660
2450621.31970 -12.74146
2450865.72491 -20.37769
2450906.45911 -19.63541
2450947.19331 -18.26544
2450987.92751 -18.31432
2451232.33271 -15.74722
2451273.06691 -20.44713
2451313.80112 -21.11335
2451354.53532 -18.80411
2451598.94052 -20.87989
2451639.67472 -18.95267
2451680.40892 -17.71719
2451721.14312 -17.76320
2451965.54833 -14.60149
2452006.28253 -14.68108
2452047.01673 -12.57645
2452087.75093 -12.13676
2452332.15613 -8.96340
2452372.89033 -7.67792
2452413.62454 -7.83793
2452454.35874 -5.92361
2452698.76394 -5.27497
2452739.49814 -4.23654
2452780.23234 -4.22755
2452820.96654 -4.06333
2453065.37175 -3.64301
2453106.10595 -3.89894
2453146.84015 -4.41695
2453187.57435 -4.53541
2453431.97955 -6.73877
2453472.71375 -7.35204
2453513.44796 -7.05190
2453554.18216 -7.73876
2453798.58736 -9.25182
2453839.32156 -11.36607
2453880.05576 -12.35534
2453920.78996 -11.11479
2454165.19517 -18.32987
2454205.92937 -16.78694
2454246.66357 -15.60904
2454287.39777 -14.05157
2454531.80297 -18.27794
2454572.53717 -21.33062
2454613.27138 -18.30922
2454654.00558 -20.29879
2454898.41078 -19.37482
2454939.14498 -21.30374
2454979.87918 -20.86018
2455020.61338 -15.71305
2455265.01859 -15.69115
2455305.75279 -14.99579
2455346.48699 -13.47674
2455387.22119 -14.59319
2455631.62639 -10.81804
2455672.36059 -10.36048
2455713.09480 -9.89334
2455753.82900 -9.17362
2455957.50000 -7.03765
