2445000.00000 16.49948
2445040.73420 10.97294
2445081.46840 7.11614
2445122.20260 2.70670
2445162.93680 3.16208
2445366.60781 10.88009
2445407.34201 6.61045
2445448.07621 3.94812
2445488.81041 -2.17840
2445529.54461 -7.42589
2445733.21561 -9.70043
2445773.94981 -8.45459
2445814.68401 -6.72185
2445855.41822 -6.70755
2445896.15242 -7.32678
2446099.82342 -23.75452
2446140.55762 -24.13826
2446181.29182 -16.98202
2446222.02602 -10.35871
2446262.76022 -8.60860
2446466.43123 -10.14278
2446507.16543 -12.97999
2446547.89963 -10.98488
2446588.63383 -8.45809
2446629.36803 -4.52493
2446833.03903 14.45226
2446873.77323 13.32453
2446914.50743 10.71928
2446955.24164 7.67761
2446995.97584 6.77240
2447199.64684 18.38965
2447240.38104 23.38562
2447281.11524 21.94472
2447321.84944 25.11896
2447362.58364 19.58689
2447566.25465 5.71625
2447606.98885 5.90086
2447647.72305 10.67246
2447688.45725 11.16442
2447729.19145 12.24650
2447932.86245 -12.16147
2447973.59665 -12.60185
2448014.33086 -13.32442
2448055.06506 -12.24985
2448095.79926 -8.13707
2448299.47026 -11.70507
2448340.20446 -14.74128
2448380.93866 -20.26216
2448421.67286 -23.14237
2448462.40706 -23.10702
2448666.07807 -5.53108
2448706.81227 -4.42526
2448747.54647 -6.92050
2448788.28067 -7.45396
2448829.01487 -9.42807
2449032.68587 -1.38389
2449073.42007 5.06847
2449114.15428 9.18809
2449154.88848 13.00585
2449195.62268 17.18570
2449399.29368 4.71661
2449440.02788 6.03869
2449480.76208 11.14025
2449521.49628 16.85728
2449562.23048 24.18534
2449765.90149 13.36973
2449806.63569 10.65695
2449847.36989 6.98576
2449888.10409 5.66858
2450132.50929 11.63899
2450173.24349 7.22825
2450213.97770 2.83443
2450254.71190 -3.34006
2450499.11710 -7.32601
2450539.85130 -5.30671
2450580.58550 -5.20651
2450621.31970 -7.44910
2450865.72491 -22.78842
2450906.45911 -20.86946
2450947.19331 -14.12855
2450987.92751 -9.80866
2451232.33271 -14.28781
2451273.06691 -15.69606
2451313.80112 -11.34943
2451354.53532 -9.48872
2451598.94052 11.70685
2451639.67472 9.77897
2451680.40892 8.16290
2451721.14312 5.63907
2451965.54833 20.14123
2452006.28253 19.69693
2452047.01673 24.30834
2452087.75093 20.84222
2452332.15613 8.53300
2452372.89033 11.50048
2452413.62454 14.74502
2452454.35874 12.30062
2452698.76394 -11.87361
2452739.49814 -12.00531
2452780.23234 -11.83508
2452820.96654 -9.56979
2453065.37175 -13.81576
2453106.10595 -19.32077
2453146.84015 -23.09861
2453187.57435 -23.77451
2453431.97955 -6.49372
2453472.71375 -6.42318
2453513.44796 -8.52396
2453554.18216 -10.92737
2453798.58736 -0.21641
2453839.32156 4.86304
2453880.05576 8.01341
2453920.78996 14.24257
2454165.19517 5.70866
2454205.92937 7.50153
2454246.66357 13.69281
2454287.39777 17.08444
2454531.80297 13.73574
2454572.53717 8.51897
2454613.27138 7.72500
2454654.00558 6.17336
2454898.41078 12.02504
2454939.14498 6.81286
2454979.87918 1.71022
2455020.61338 -3.86661
2455265.01859 -4.26062
2455305.75279 -3.04057
2455346.48699 -4.50922
2455387.22119 -8.21043
2455631.62639 -24.94978
2455672.36059 -18.38027
2455713.09480 -14.11185
2455753.82900 -9.37848
2455957.50000 -15.34670
