2445000.00000 -8.90625
2445040.73420 -4.78840
2445081.46840 -1.57891
2445122.20260 -0.01312
2445162.93680 -0.40774
2445366.60781 -7.70496
2445407.34201 -5.36354
2445448.07621 -2.89046
2445488.81041 0.76951
2445529.54461 3.53571
2445733.21561 -3.56714
2445773.94981 -4.01918
2445814.68401 -2.04246
2445855.41822 0.84855
2445896.15242 4.01869
2446099.82342 4.02183
2446140.55762 1.36491
2446181.29182 0.03738
2446222.02602 0.47714
2446262.76022 2.63213
2446466.43123 7.79728
2446507.16543 6.83580
2446547.89963 3.00188
2446588.63383 0.08680
2446629.36803 -0.62984
2446833.03903 7.17171
2446873.77323 6.86821
2446914.50743 3.71586
2446955.24164 -0.06930
2446995.97584 -3.55684
2447199.64684 1.09634
2447240.38104 2.80549
2447281.11524 2.42800
2447321.84944 -0.12156
2447362.58364 -3.74117
2447566.25465 -6.81027
2447606.98885 -3.80119
2447647.72305 -1.28029
2447688.45725 -0.28090
2447729.19145 -1.31012
2447932.86245 -10.16642
2447973.59665 -7.92355
2448014.33086 -3.45740
2448055.06506 -0.49983
2448095.79926 1.02508
2448299.47026 -6.24852
2448340.20446 -6.46408
2448380.93866 -4.15211
2448421.67286 -0.66662
2448462.40706 3.12133
2448666.07807 1.85483
2448706.81227 -0.32199
2448747.54647 -1.39598
2448788.28067 -0.30108
2448829.01487 2.51285
2449032.68587 9.02312
2449073.42007 6.16061
2449114.15428 3.08170
2449154.88848 0.73499
2449195.62268 0.22007
2449399.29368 10.12634
2449440.02788 8.07100
2449480.76208 5.82998
2449521.49628 1.27611
2449562.23048 -2.02604
2449765.90149 4.08488
2449806.63569 4.72743
2449847.36989 4.49178
2449888.10409 1.58061
2450132.50929 -5.29283
2450173.24349 -2.18765
2450213.97770 -0.15462
2450254.71190 0.24146
2450499.11710 -10.62943
2450539.85130 -7.71081
2450580.58550 -4.69398
2450621.31970 -1.23025
2450865.72491 -7.51496
2450906.45911 -7.06734
2450947.19331 -6.50087
2450987.92751 -2.40380
2451232.33271 -0.52149
2451273.06691 -2.30287
2451313.80112 -3.56110
2451354.53532 -1.59693
2451598.94052 7.10214
2451639.67472 5.44880
2451680.40892 1.84698
2451721.14312 0.36139
2451965.54833 8.96871
2452006.28253 10.27636
2452047.01673 4.72533
2452087.75093 2.77645
2452332.15613 6.54000
2452372.89033 6.46077
2452413.62454 5.80270
2452454.35874 2.88932
2452698.76394 -2.89890
2452739.49814 -0.05937
2452780.23234 1.76378
2452820.96654 1.45500
2453065.37175 -8.25936
2453106.10595 -8.20871
2453146.84015 -3.78679
2453187.57435 -1.73553
2453431.97955 -8.34850
2453472.71375 -9.65167
2453513.44796 -8.21572
2453554.18216 -3.44132
2453798.58736 -3.01103
2453839.32156 -4.86358
2453880.05576 -5.46621
2453920.78996 -3.01070
2454165.19517 6.67273
2454205.92937 3.29429
2454246.66357 0.55553
2454287.39777 -0.70899
2454531.80297 10.96058
2454572.53717 7.18913
2454613.27138 5.01746
2454654.00558 2.77490
2454898.41078 8.83866
2454939.14498 8.27086
2454979.87918 8.01191
2455020.61338 4.53562
2455265.01859 0.02496
2455305.75279 2.41412
2455346.48699 4.23273
2455387.22119 2.99100
2455631.62639 -7.75547
2455672.36059 -5.76327
2455713.09480 -2.89676
2455753.82900 -0.65948
2455957.50000 -9.98211
