2445000.00000 -15.20240
2445040.73420 -8.61186
2445081.46840 8.57124
2445122.20260 13.17856
2445162.93680 -1.76700
2445366.60781 -1.23261
2445407.34201 -6.38325
2445448.07621 6.71748
2445488.81041 19.65253
2445529.54461 14.13148
2445733.21561 14.76886
2445773.94981 -0.27515
2445814.68401 3.44458
2445855.41822 16.35796
2445896.15242 26.49299
2446099.82342 23.48760
2446140.55762 7.74570
2446181.29182 -0.66434
2446222.02602 11.20212
2446262.76022 24.94783
2446466.43123 19.84928
2446507.16543 12.12067
2446547.89963 -4.04667
2446588.63383 -2.19955
2446629.36803 12.68900
2446833.03903 10.86423
2446873.77323 10.79292
2446914.50743 -4.45501
2446955.24164 -12.48725
2446995.97584 -4.46780
2447199.64684 -4.26356
2447240.38104 5.16850
2447281.11524 -2.97556
2447321.84944 -18.25376
2447362.58364 -18.31161
2447566.25465 -18.48792
2447606.98885 -3.45598
2447647.72305 -0.66889
2447688.45725 -16.46073
2447729.19145 -30.35844
2447932.86245 -28.96826
2447973.59665 -11.53368
2448014.33086 0.77625
2448055.06506 -5.14197
2448095.79926 -18.19198
2448299.47026 -21.94877
2448340.20446 -15.26960
2448380.93866 0.92418
2448421.67286 5.60584
2448462.40706 -6.84106
2448666.07807 -6.71836
2448706.81227 -14.12329
2448747.54647 0.09704
2448788.28067 12.58823
2448829.01487 9.34281
2449032.68587 10.90930
2449073.42007 -3.68414
2449114.15428 -0.83305
2449154.88848 14.49252
2449195.62268 23.38426
2449399.29368 24.58315
2449440.02788 7.36411
2449480.76208 -0.53867
2449521.49628 10.46747
2449562.23048 22.42131
2449765.90149 20.26320
2449806.63569 17.06703
2449847.36989 0.85357
2449888.10409 1.31597
2450132.50929 15.48852
2450173.24349 17.71919
2450213.97770 2.75331
2450254.71190 -7.44756
2450499.11710 0.82686
2450539.85130 9.84392
2450580.58550 2.99345
2450621.31970 -11.16856
2450865.72491 -16.72679
2450906.45911 -0.10421
2450947.19331 3.11691
2450987.92751 -11.91210
2451232.33271 -23.73736
2451273.06691 -10.61642
2451313.80112 -0.03658
2451354.53532 -5.27014
2451598.94052 -22.18667
2451639.67472 -19.50155
2451680.40892 -4.07899
2451721.14312 1.50631
2451965.54833 -10.68097
2452006.28253 -16.29508
2452047.01673 -5.27434
2452087.75093 6.22412
2452332.15613 4.09739
2452372.89033 -7.32640
2452413.62454 -6.80703
2452454.35874 6.39585
2452698.76394 14.86267
2452739.49814 3.46451
2452780.23234 -2.96924
2452820.96654 6.61373
2453065.37175 20.69351
2453106.10595 13.66610
2453146.84015 1.75278
2453187.57435 1.89098
2453431.97955 15.89293
2453472.71375 15.19463
2453513.44796 7.18700
2453554.18216 -1.93258
2453798.58736 3.98920
2453839.32156 11.73066
2453880.05576 8.35251
2453920.78996 -3.09999
2454165.19517 -8.63112
2454205.92937 3.33532
2454246.66357 7.01861
2454287.39777 -3.52384
2454531.80297 -18.72229
2454572.53717 -9.24180
2454613.27138 1.73603
2454654.00558 -1.83394
2454898.41078 -14.38478
2454939.14498 -17.19776
2454979.87918 -4.31918
2455020.61338 0.02356
2455265.01859 -10.24790
2455305.75279 -17.84599
2455346.48699 -9.14357
2455387.22119 1.12167
2455631.62639 -0.28760
2455672.36059 -8.23857
2455713.09480 -8.25842
2455753.82900 0.98121
2455957.50000 6.12681
