2445000.00000 20.96349
2445040.73420 32.70647
2445081.46840 35.56531
2445122.20260 23.51459
2445162.93680 26.25069
2445366.60781 29.48933
2445407.34201 24.01424
2445448.07621 27.91315
2445488.81041 23.22725
2445529.54461 22.25046
2445733.21561 30.72762
2445773.94981 36.50319
2445814.68401 19.16141
2445855.41822 19.93750
2445896.15242 40.52312
2446099.82342 14.12526
2446140.55762 24.39130
2446181.29182 35.84531
2446222.02602 17.93938
2446262.76022 15.45279
2446466.43123 24.29035
2446507.16543 9.44688
2446547.89963 13.58134
2446588.63383 23.79665
2446629.36803 12.15511
2446833.03903 11.11765
2446873.77323 17.09862
2446914.50743 5.77492
2446955.24164 4.24720
2446995.97584 13.49731
2447199.64684 1.51305
2447240.38104 4.45379
2447281.11524 17.23840
2447321.84944 6.50830
2447362.58364 0.99474
2447566.25465 15.19047
2447606.98885 4.39917
2447647.72305 3.86209
2447688.45725 14.44321
2447729.19145 10.87455
2447932.86245 8.56613
2447973.59665 17.95554
2448014.33086 10.84071
2448055.06506 7.73867
2448095.79926 19.72442
2448299.47026 11.39929
2448340.20446 14.33501
2448380.93866 25.32652
2448421.67286 21.84271
2448462.40706 11.47128
2448666.07807 35.22204
2448706.81227 24.78326
2448747.54647 20.76180
2448788.28067 29.24999
2448829.01487 31.31605
2449032.68587 25.90647
2449073.42007 32.84571
2449114.15428 31.54096
2449154.88848 23.02360
2449195.62268 40.32745
2449399.29368 27.46166
2449440.02788 21.10171
2449480.76208 32.07121
2449521.49628 32.32267
2449562.23048 16.91651
2449765.90149 38.35369
2449806.63569 31.11857
2449847.36989 16.98682
2449888.10409 24.71545
2450132.50929 16.05969
2450173.24349 26.39321
2450213.97770 25.74967
2450254.71190 12.78182
2450499.11710 14.12712
2450539.85130 8.28819
2450580.58550 18.69846
2450621.31970 19.67117
2450865.72491 15.33673
2450906.45911 12.12884
2450947.19331 2.52704
2450987.92751 8.25253
2451232.33271 0.59258
2451273.06691 12.40171
2451313.80112 12.71499
2451354.53532 1.08040
2451598.94052 11.54997
2451639.67472 1.36565
2451680.40892 9.47431
2451721.14312 14.95675
2451965.54833 15.55607
2452006.28253 17.95549
2452047.01673 6.94604
2452087.75093 11.38605
2452332.15613 10.82873
2452372.89033 19.10293
2452413.62454 23.86873
2452454.35874 14.14460
2452698.76394 30.41945
2452739.49814 19.95066
2452780.23234 19.11801
2452820.96654 40.82241
2453065.37175 32.11874
2453106.10595 37.92442
2453146.84015 22.76911
2453187.57435 27.66703
2453431.97955 20.47487
2453472.71375 26.83867
2453513.44796 37.80217
2453554.18216 34.74723
2453798.58736 34.48319
2453839.32156 26.18334
2453880.05576 24.46475
2453920.78996 32.75008
2454165.19517 23.54519
2454205.92937 29.84610
2454246.66357 17.59778
2454287.39777 15.08109
2454531.80297 11.49246
2454572.53717 11.62761
2454613.27138 25.75188
2454654.00558 11.28880
2454898.41078 15.72709
2454939.14498 7.83681
2454979.87918 6.03641
2455020.61338 15.25850
2455265.01859 4.68655
2455305.75279 13.13688
2455346.48699 6.36101
2455387.22119 1.32747
2455631.62639 6.28352
2455672.36059 3.67915
2455713.09480 12.43900
2455753.82900 11.21322
2455957.50000 9.27075
