2445000.00000 -0.49432
2445040.73420 -6.15216
2445081.46840 -2.18711
2445122.20260 -6.56139
2445162.93680 -5.37666
2445366.60781 -3.87663
2445407.34201 -5.59891
2445448.07621 -4.98130
2445488.81041 -2.10101
2445529.54461 -4.17922
2445733.21561 0.42235
2445773.94981 5.19995
2445814.68401 0.64770
2445855.41822 6.34965
2445896.15242 3.09913
2446099.82342 3.15543
2446140.55762 9.94991
2446181.29182 4.03640
2446222.02602 5.79026
2446262.76022 6.22061
2446466.43123 -0.69727
2446507.16543 -2.01045
2446547.89963 -0.10739
2446588.63383 -6.08936
2446629.36803 -1.26489
2446833.03903 -3.72867
2446873.77323 -8.88067
2446914.50743 -4.10597
2446955.24164 -7.49802
2446995.97584 -5.75196
2447199.64684 0.68400
2447240.38104 -1.14056
2447281.11524 0.10843
2447321.84944 3.56190
2447362.58364 0.05652
2447566.25465 5.28623
2447606.98885 10.50424
2447647.72305 3.38020
2447688.45725 7.36301
2447729.19145 4.15235
2447932.86245 0.00433
2447973.59665 4.02593
2448014.33086 -0.31562
2448055.06506 -0.46332
2448095.79926 0.28343
2448299.47026 -5.86030
2448340.20446 -7.40187
2448380.93866 -3.64912
2448421.67286 -9.44512
2448462.40706 -3.53505
2448666.07807 -1.74429
2448706.81227 -5.86110
2448747.54647 0.12840
2448788.28067 -2.87493
2448829.01487 -0.19474
2449032.68587 6.26640
2449073.42007 4.62754
2449114.15428 6.28332
2449154.88848 8.17631
2449195.62268 3.80979
2449399.29368 4.75560
2449440.02788 8.58013
2449480.76208 0.96151
2449521.49628 5.85446
2449562.23048 0.06471
2449765.90149 -7.52969
2449806.63569 -2.13775
2449847.36989 -5.86642
2449888.10409 -6.13566
2450132.50929 -6.45257
2450173.24349 -6.08970
2450213.97770 -3.01644
2450254.71190 -6.59663
2450499.11710 4.82846
2450539.85130 -0.10335
2450580.58550 5.96913
2450621.31970 3.38748
2450865.72491 8.86264
2450906.45911 5.85233
2450947.19331 4.97520
2450987.92751 6.88912
2451232.33271 -1.85951
2451273.06691 1.17061
2451313.80112 -5.50268
2451354.53532 -0.59328
2451598.94052 -9.64856
2451639.67472 -5.01545
2451680.40892 -8.31760
2451721.14312 -8.23206
2451965.54833 -1.50283
2452006.28253 -1.49652
2452047.01673 3.29431
2452087.75093 -1.03352
2452332.15613 9.28882
2452372.89033 3.87839
2452413.62454 9.82122
2452454.35874 5.33101
2452698.76394 4.04935
2452739.49814 1.40550
2452780.23234 -0.03876
2452820.96654 1.80109
2453065.37175 -8.10201
2453106.10595 -3.97505
2453146.84015 -9.06615
2453187.57435 -3.50206
2453431.97955 -7.86799
2453472.71375 -1.00570
2453513.44796 -3.08726
2453554.18216 -1.61769
2453798.58736 3.94286
2453839.32156 4.16788
2453880.05576 7.76503
2453920.78996 2.73374
2454165.19517 8.38840
2454205.92937 1.73325
2454246.66357 5.65568
2454287.39777 1.54113
2454531.80297 -1.44169
2454572.53717 -5.12404
2454613.27138 -5.35229
2454654.00558 -3.40771
2454898.41078 -7.90511
2454939.14498 -2.87859
2454979.87918 -6.61047
2455020.61338 -1.49732
2455265.01859 -0.74678
2455305.75279 4.79418
2455346.48699 3.03793
2455387.22119 3.71094
2455631.62639 5.89913
2455672.36059 5.83137
2455713.09480 7.22557
2455753.82900 1.97952
2455957.50000 -1.07919
