2445000.00000 1.47421
2445040.73420 4.28871
2445081.46840 4.69873
2445122.20260 3.63490
2445162.93680 2.21590
2445366.60781 1.22971
2445407.34201 0.91753
2445448.07621 2.65347
2445488.81041 3.63623
2445529.54461 2.14636
2445733.21561 0.23156
2445773.94981 -2.60872
2445814.68401 -2.45636
2445855.41822 -0.87079
2445896.15242 -0.00031
2446099.82342 -1.43594
2446140.55762 -2.25396
2446181.29182 -4.39168
2446222.02602 -5.70605
2446262.76022 -3.04111
2446466.43123 -2.39147
2446507.16543 -0.60642
2446547.89963 -1.02998
2446588.63383 -2.94447
2446629.36803 -3.39646
2446833.03903 -1.12911
2446873.77323 1.00097
2446914.50743 3.73323
2446955.24164 2.79456
2446995.97584 0.82918
2447199.64684 2.23481
2447240.38104 1.67186
2447281.11524 3.15258
2447321.84944 4.89923
2447362.58364 4.16315
2447566.25465 4.21881
2447606.98885 1.42826
2447647.72305 0.07396
2447688.45725 1.62638
2447729.19145 3.39397
2447932.86245 0.89276
2447973.59665 0.26335
2448014.33086 -2.04987
2448055.06506 -4.46543
2448095.79926 -2.64247
2448299.47026 -4.08671
2448340.20446 -2.24179
2448380.93866 -2.31964
2448421.67286 -4.39085
2448462.40706 -6.06445
2448666.07807 -5.17472
2448706.81227 -3.01539
2448747.54647 -0.32888
2448788.28067 0.19277
2448829.01487 -1.54724
2449032.68587 0.55882
2449073.42007 -0.71784
2449114.15428 0.96515
2449154.88848 3.75599
2449195.62268 4.45937
2449399.29368 6.11725
2449440.02788 3.37999
2449480.76208 1.93237
2449521.49628 3.29679
2449562.23048 5.53116
2449765.90149 4.77963
2449806.63569 4.01487
2449847.36989 2.00459
2449888.10409 -0.69940
2450132.50929 -2.38036
2450173.24349 -0.55878
2450213.97770 -0.02178
2450254.71190 -2.66150
2450499.11710 -6.71860
2450539.85130 -5.55735
2450580.58550 -3.44001
2450621.31970 -1.92564
2450865.72491 -2.01586
2450906.45911 -4.18122
2450947.19331 -3.82616
2450987.92751 -0.28837
2451232.33271 4.65040
2451273.06691 2.37418
2451313.80112 0.49355
2451354.53532 0.96303
2451598.94052 4.07458
2451639.67472 7.67346
2451680.40892 4.92374
2451721.14312 1.99419
2451965.54833 0.41760
2452006.28253 2.44164
2452047.01673 3.57856
2452087.75093 2.17963
2452332.15613 -3.62136
2452372.89033 -4.79181
2452413.62454 -2.75431
2452454.35874 -0.72073
2452698.76394 -2.92414
2452739.49814 -5.38268
2452780.23234 -6.89572
2452820.96654 -4.82617
2453065.37175 -0.03325
2453106.10595 -0.44351
2453146.84015 -3.01006
2453187.57435 -3.20413
2453431.97955 1.88493
2453472.71375 4.25644
2453513.44796 4.45236
2453554.18216 2.06003
2453798.58736 2.02962
2453839.32156 3.93575
2453880.05576 6.16533
2453920.78996 6.77081
2454165.19517 1.31099
2454205.92937 -0.67078
2454246.66357 0.51516
2454287.39777 3.19531
2454531.80297 -0.29874
2454572.53717 -3.65320
2454613.27138 -5.77515
2454654.00558 -4.76062
2454898.41078 -2.64732
2454939.14498 -2.22728
2454979.87918 -4.49239
2455020.61338 -6.15437
2455265.01859 -3.22016
2455305.75279 0.26856
2455346.48699 1.37092
2455387.22119 -0.64580
2455631.62639 0.17380
2455672.36059 1.67759
2455713.09480 4.76975
2455753.82900 6.45123
2455957.50000 7.36862
