2445000.00000 5.52716
2445040.73420 5.58426
2445081.46840 0.44463
2445122.20260 3.80749
2445162.93680 8.56996
2445366.60781 6.15414
2445407.34201 5.20579
2445448.07621 11.28935
2445488.81041 11.25827
2445529.54461 7.01492
2445733.21561 9.77633
2445773.94981 14.35890
2445814.68401 11.14075
2445855.41822 7.26790
2445896.15242 10.05201
2446099.82342 10.73046
2446140.55762 4.87179
2446181.29182 4.09985
2446222.02602 8.63469
2446262.76022 7.75845
2446466.43123 0.36405
2446507.16543 4.18281
2446547.89963 6.63128
2446588.63383 2.97546
2446629.36803 1.10650
2446833.03903 10.31167
2446873.77323 9.84647
2446914.50743 5.79139
2446955.24164 8.10610
2446995.97584 12.30039
2447199.64684 11.06342
2447240.38104 8.05876
2447281.11524 12.40335
2447321.84944 13.20156
2447362.58364 9.87791
2447566.25465 7.88707
2447606.98885 10.80895
2447647.72305 9.06396
2447688.45725 2.84709
2447729.19145 6.49605
2447932.86245 6.66768
2447973.59665 2.18314
2448014.33086 1.44582
2448055.06506 7.15390
2448095.79926 7.61156
2448299.47026 4.02657
2448340.20446 7.53287
2448380.93866 12.14138
2448421.67286 8.37253
2448462.40706 6.97841
2448666.07807 13.37068
2448706.81227 14.65486
2448747.54647 8.68117
2448788.28067 10.86896
2448829.01487 11.50940
2449032.68587 8.75253
2449073.42007 4.92041
2449114.15428 9.02023
2449154.88848 10.67095
2449195.62268 4.47369
2449399.29368 2.89697
2449440.02788 6.64641
2449480.76208 4.75949
2449521.49628 1.13482
2449562.23048 4.74191
2449765.90149 8.17230
2449806.63569 5.53961
2449847.36989 4.98661
2449888.10409 11.34630
2450132.50929 7.96225
2450173.24349 10.18126
2450213.97770 14.82103
2450254.71190 11.41892
2450499.11710 10.67899
2450539.85130 9.62698
2450580.58550 5.43718
2450621.31970 7.26335
2450865.72491 4.04412
2450906.45911 1.27209
2450947.19331 4.40804
2450987.92751 7.32531
2451232.33271 3.65967
2451273.06691 9.68779
2451313.80112 8.44094
2451354.53532 4.19510
2451598.94052 15.77099
2451639.67472 10.31626
2451680.40892 8.03271
2451721.14312 12.92335
2451965.54833 5.87799
2452006.28253 7.44272
2452047.01673 10.42472
2452087.75093 8.20031
2452332.15613 6.71390
2452372.89033 7.01555
2452413.62454 2.23176
2452454.35874 2.31192
2452698.76394 5.71978
2452739.49814 3.68215
2452780.23234 7.07202
2452820.96654 11.70152
2453065.37175 8.70497
2453106.10595 11.99851
2453146.84015 11.42881
2453187.57435 6.86406
2453431.97955 11.21445
2453472.71375 9.44109
2453513.44796 5.99595
2453554.18216 7.43379
2453798.58736 2.33203
2453839.32156 3.18037
2453880.05576 7.24568
2453920.78996 5.52464
2454165.19517 6.59595
2454205.92937 7.58650
2454246.66357 5.10632
2454287.39777 4.91805
2454531.80297 10.35019
2454572.53717 6.61257
2454613.27138 12.03286
2454654.00558 14.01601
2454898.41078 7.20516
2454939.14498 12.89095
2454979.87918 10.79701
2455020.61338 5.88900
2455265.01859 9.76522
2455305.75279 4.31132
2455346.48699 1.95154
2455387.22119 6.07532
2455631.62639 2.60921
2455672.36059 4.49094
2455713.09480 7.87511
2455753.82900 6.19401
2455957.50000 5.92681
