2445000.00000 3.86399
2445040.73420 14.54098
2445081.46840 1.65297
2445122.20260 -18.47772
2445162.93680 -21.08588
2445366.60781 -14.84211
2445407.34201 -27.68417
2445448.07621 -12.39767
2445488.81041 7.67428
2445529.54461 9.47281
2445733.21561 34.30239
2445773.94981 32.82122
2445814.68401 9.20598
2445855.41822 -17.34427
2445896.15242 -19.14398
2446099.82342 -34.14547
2446140.55762 -20.74806
2446181.29182 10.30149
2446222.02602 31.99322
2446262.76022 28.64807
2446466.43123 17.03087
2446507.16543 4.89065
2446547.89963 -20.12139
2446588.63383 -31.64414
2446629.36803 -18.09160
2446833.03903 -15.36374
2446873.77323 -7.97159
2446914.50743 9.09647
2446955.24164 18.99894
2446995.97584 2.21912
2447199.64684 34.24758
2447240.38104 20.19806
2447281.11524 -2.69861
2447321.84944 -11.80251
2447362.58364 -1.60827
2447566.25465 -31.44372
2447606.98885 -17.83831
2447647.72305 13.01205
2447688.45725 26.67318
2447729.19145 12.89182
2447932.86245 20.08299
2447973.59665 -2.25269
2448014.33086 -27.94068
2448055.06506 -35.70856
2448095.79926 -11.25342
2448299.47026 -8.55968
2448340.20446 10.10953
2448380.93866 22.27592
2448421.67286 22.50538
2448462.40706 -3.72046
2448666.07807 13.64506
2448706.81227 -3.22351
2448747.54647 -14.05848
2448788.28067 -8.30563
2448829.01487 15.04568
2449032.68587 -25.66918
2449073.42007 -4.08909
2449114.15428 10.46695
2449154.88848 8.19170
2449195.62268 -10.79526
2449399.29368 19.53809
2449440.02788 -6.20203
2449480.76208 -26.49809
2449521.49628 -19.83994
2449562.23048 1.19292
2449765.90149 -4.77327
2449806.63569 23.17734
2449847.36989 30.13133
2449888.10409 17.29538
2450132.50929 -4.25569
2450173.24349 -20.76025
2450213.97770 -25.17526
2450254.71190 -3.07984
2450499.11710 -3.76326
2450539.85130 9.13769
2450580.58550 10.59915
2450621.31970 -10.18348
2450865.72491 11.28084
2450906.45911 -11.21587
2450947.19331 -13.27035
2450987.92751 4.00407
2451232.33271 0.17287
2451273.06691 25.27100
2451313.80112 25.19619
2451354.53532 5.55541
2451598.94052 -15.51874
2451639.67472 -37.01396
2451680.40892 -23.12783
2451721.14312 2.01606
2451965.54833 21.41937
2452006.28253 31.50230
2452047.01673 8.88245
2452087.75093 -19.94058
2452332.15613 -7.65122
2452372.89033 -11.76028
2452413.62454 2.43814
2452454.35874 23.95479
2452698.76394 5.50287
2452739.49814 15.59824
2452780.23234 3.60380
2452820.96654 -13.31213
2453065.37175 -20.40729
2453106.10595 -27.33632
2453146.84015 -12.78586
2453187.57435 8.12517
2453431.97955 28.69465
2453472.71375 26.68303
2453513.44796 4.94275
2453554.18216 -20.37022
2453798.58736 -23.24663
2453839.32156 -11.16395
2453880.05576 11.84027
2453920.78996 27.04944
2454165.19517 12.26450
2454205.92937 3.50587
2454246.66357 -17.49222
2454287.39777 -31.54765
2454531.80297 -17.04384
2454572.53717 -8.64548
2454613.27138 8.79025
2454654.00558 16.11038
2454898.41078 28.55131
2454939.14498 21.50690
2454979.87918 -4.08418
2455020.61338 -14.45247
2455265.01859 -29.80403
2455305.75279 -12.81980
2455346.48699 13.75377
2455387.22119 22.29939
2455631.62639 16.99841
2455672.36059 -5.92717
2455713.09480 -33.79493
2455753.82900 -30.58959
2455957.50000 -10.08747
