2445000.00000 1.80484
2445040.73420 1.60263
2445081.46840 1.05434
2445122.20260 0.77060
2445162.93680 0.61960
2445366.60781 1.11078
2445407.34201 1.81496
2445448.07621 2.39868
2445488.81041 2.25896
2445529.54461 3.21323
2445733.21561 6.46222
2445773.94981 7.25271
2445814.68401 7.92594
2445855.41822 9.09996
2445896.15242 8.77971
2446099.82342 9.67670
2446140.55762 10.99346
2446181.29182 9.17648
2446222.02602 10.03727
2446262.76022 7.56170
2446466.43123 7.33098
2446507.16543 5.70475
2446547.89963 6.00286
2446588.63383 5.69943
2446629.36803 4.52784
2446833.03903 3.07542
2446873.77323 3.31449
2446914.50743 3.04347
2446955.24164 3.17683
2446995.97584 2.52435
2447199.64684 3.58016
2447240.38104 4.07310
2447281.11524 4.55080
2447321.84944 3.55249
2447362.58364 5.51495
2447566.25465 6.60188
2447606.98885 6.95005
2447647.72305 6.27701
2447688.45725 6.43419
2447729.19145 6.15451
2447932.86245 7.51052
2447973.59665 7.42743
2448014.33086 7.50303
2448055.06506 6.66408
2448095.79926 7.41740
2448299.47026 7.11848
2448340.20446 6.05046
2448380.93866 6.24727
2448421.67286 6.41215
2448462.40706 5.87389
2448666.07807 6.04630
2448706.81227 6.10403
2448747.54647 5.82324
2448788.28067 6.13907
2448829.01487 6.53443
2449032.68587 4.78988
2449073.42007 5.73334
2449114.15428 4.75420
2449154.88848 4.11259
2449195.62268 4.70576
2449399.29368 4.09073
2449440.02788 3.01058
2449480.76208 3.45516
2449521.49628 3.14859
2449562.23048 3.13663
2449765.90149 3.73954
2449806.63569 4.58583
2449847.36989 3.82660
2449888.10409 5.11624
2450132.50929 7.51850
2450173.24349 8.82465
2450213.97770 10.08882
2450254.71190 8.50425
2450499.11710 9.38981
2450539.85130 9.39790
2450580.58550 7.25544
2450621.31970 9.42147
2450865.72491 5.05069
2450906.45911 4.47447
2450947.19331 4.30457
2450987.92751 3.69639
2451232.33271 0.66529
2451273.06691 0.63006
2451313.80112 0.63783
2451354.53532 0.56285
2451598.94052 3.15336
2451639.67472 3.32819
2451680.40892 5.08286
2451721.14312 5.36744
2451965.54833 8.98103
2452006.28253 9.91081
2452047.01673 11.33735
2452087.75093 10.56964
2452332.15613 10.16969
2452372.89033 9.80174
2452413.62454 9.90435
2452454.35874 7.68403
2452698.76394 4.63127
2452739.49814 3.57958
2452780.23234 2.76290
2452820.96654 2.43045
2453065.37175 0.20161
2453106.10595 0.25031
2453146.84015 0.49764
2453187.57435 0.76717
2453431.97955 4.21251
2453472.71375 5.02972
2453513.44796 4.89849
2453554.18216 7.39163
2453798.58736 10.58818
2453839.32156 12.22336
2453880.05576 8.14432
2453920.78996 9.77271
2454165.19517 8.78494
2454205.92937 7.55186
2454246.66357 7.86859
2454287.39777 6.88741
2454531.80297 4.27591
2454572.53717 3.58432
2454613.27138 2.89745
2454654.00558 2.87972
2454898.41078 2.61036
2454939.14498 3.29954
2454979.87918 2.58415
2455020.61338 3.25991
2455265.01859 5.68804
2455305.75279 4.69213
2455346.48699 6.28091
2455387.22119 6.61123
2455631.62639 6.76894
2455672.36059 7.00407
2455713.09480 7.12796
2455753.82900 6.66858
2455957.50000 6.69347
