2445000.00000 1.42273
2445040.73420 6.69108
2445081.46840 -2.06889
2445122.20260 7.42045
2445162.93680 2.38096
2445366.60781 3.80773
2445407.34201 1.01406
2445448.07621 9.79034
2445488.81041 -0.57548
2445529.54461 6.99904
2445733.21561 3.76498
2445773.94981 4.27191
2445814.68401 -2.35735
2445855.41822 7.00929
2445896.15242 -1.60498
2446099.82342 -2.92549
2446140.55762 -2.34806
2446181.29182 2.66395
2446222.02602 -7.24220
2446262.76022 1.84840
2446466.43123 -0.40486
2446507.16543 -3.90680
2446547.89963 -5.85174
2446588.63383 0.94791
2446629.36803 -9.77123
2446833.03903 -7.97115
2446873.77323 -2.49320
2446914.50743 -0.99730
2446955.24164 -6.83982
2446995.97584 2.00469
2447199.64684 2.95130
2447240.38104 -2.27778
2447281.11524 -1.35713
2447321.84944 4.01142
2447362.58364 -4.82155
2447566.25465 -1.89699
2447606.98885 6.66760
2447647.72305 3.13846
2447688.45725 0.21417
2447729.19145 8.55923
2447932.86245 9.60415
2447973.59665 0.28931
2448014.33086 5.31071
2448055.06506 5.60006
2448095.79926 -0.86254
2448299.47026 -2.54839
2448340.20446 6.14445
2448380.93866 -0.42898
2448421.67286 -0.10059
2448462.40706 4.20024
2448666.07807 3.46022
2448706.81227 -6.02533
2448747.54647 0.82012
2448788.28067 -2.01188
2448829.01487 -5.93179
2449032.68587 -8.55835
2449073.42007 1.16077
2449114.15428 -8.18726
2449154.88848 -2.95052
2449195.62268 -1.66607
2449399.29368 -0.04763
2449440.02788 -7.53658
2449480.76208 1.52175
2449521.49628 -4.25117
2449562.23048 -3.30624
2449765.90149 -3.03511
2449806.63569 4.76271
2449847.36989 -3.26515
2449888.10409 4.10952
2450132.50929 4.59807
2450173.24349 -0.71469
2450213.97770 6.27206
2450254.71190 0.11507
2450499.11710 3.58047
2450539.85130 7.48021
2450580.58550 -1.31718
2450621.31970 8.40657
2450865.72491 1.23143
2450906.45911 -1.50867
2450947.19331 5.93206
2450987.92751 -4.50876
2451232.33271 -0.21039
2451273.06691 -0.73730
2451313.80112 -7.24480
2451354.53532 2.25436
2451598.94052 -6.50261
2451639.67472 -4.95415
2451680.40892 -0.46209
2451721.14312 -9.90369
2451965.54833 0.49104
2452006.28253 -3.55750
2452047.01673 -5.72056
2452087.75093 3.09066
2452332.15613 -4.79965
2452372.89033 2.09370
2452413.62454 3.18114
2452454.35874 -3.32556
2452698.76394 8.51338
2452739.49814 1.26945
2452780.23234 3.35358
2452820.96654 9.36582
2453065.37175 -1.32132
2453106.10595 6.41450
2453146.84015 4.00762
2453187.57435 0.33990
2453431.97955 5.97608
2453472.71375 -4.16963
2453513.44796 2.03354
2453554.18216 2.19072
2453798.58736 -8.37125
2453839.32156 1.80959
2453880.05576 -6.73581
2453920.78996 -4.92245
2454165.19517 0.37229
2454205.92937 -11.04382
2454246.66357 -1.06704
2454287.39777 -4.96948
2454531.80297 -6.78783
2454572.53717 3.15564
2454613.27138 -7.10035
2454654.00558 -0.19861
2454898.41078 4.90076
2454939.14498 -5.08021
2454979.87918 8.02602
2455020.61338 -0.06730
2455265.01859 1.86291
2455305.75279 11.54126
2455346.48699 -1.10767
2455387.22119 8.10928
2455631.62639 6.17695
2455672.36059 -0.76914
2455713.09480 9.52110
2455753.82900 -1.76914
2455957.50000 -3.06294
