2445000.00000 32.48496
2445040.73420 42.17358
2445081.46840 28.90588
2445122.20260 27.33201
2445162.93680 34.18103
2445366.60781 45.47723
2445407.34201 35.34532
2445448.07621 27.13318
2445488.81041 44.42540
2445529.54461 39.45164
2445733.21561 26.49695
2445773.94981 22.49743
2445814.68401 43.26528
2445855.41822 34.48017
2445896.15242 25.00222
2446099.82342 24.14519
2446140.55762 33.97164
2446181.29182 19.40119
2446222.02602 16.90613
2446262.76022 25.84191
2446466.43123 34.57766
2446507.16543 22.98999
2446547.89963 9.64092
2446588.63383 19.44842
2446629.36803 30.66897
2446833.03903 14.94546
2446873.77323 5.82881
2446914.50743 19.90772
2446955.24164 28.31118
2446995.97584 12.53899
2447199.64684 7.48000
2447240.38104 20.42811
2447281.11524 28.86914
2447321.84944 14.81750
2447362.58364 10.00376
2447566.25465 29.06152
2447606.98885 36.96373
2447647.72305 18.25884
2447688.45725 16.69286
2447729.19145 32.72609
2447932.86245 41.34633
2447973.59665 20.21286
2448014.33086 26.58180
2448055.06506 46.86179
2448095.79926 40.70722
2448299.47026 29.69250
2448340.20446 35.05070
2448380.93866 46.17669
2448421.67286 42.29886
2448462.40706 28.12952
2448666.07807 45.98902
2448706.81227 51.86979
2448747.54647 35.46964
2448788.28067 19.26039
2448829.01487 39.83791
2449032.68587 48.75301
2449073.42007 35.32261
2449114.15428 19.75555
2449154.88848 41.49451
2449195.62268 51.10394
2449399.29368 23.15934
2449440.02788 12.93076
2449480.76208 33.44151
2449521.49628 34.22395
2449562.23048 15.35033
2449765.90149 8.98525
2449806.63569 24.51089
2449847.36989 24.79389
2449888.10409 7.81472
2450132.50929 25.54722
2450173.24349 26.90011
2450213.97770 3.77712
2450254.71190 9.12173
2450499.11710 23.43661
2450539.85130 4.71066
2450580.58550 15.79245
2450621.31970 33.43340
2450865.72491 13.01170
2450906.45911 24.78920
2450947.19331 37.62115
2450987.92751 24.73245
2451232.33271 38.91471
2451273.06691 50.07847
2451313.80112 27.20645
2451354.53532 23.33053
2451598.94052 59.40215
2451639.67472 36.73285
2451680.40892 25.85089
2451721.14312 42.65634
2451965.54833 29.20197
2452006.28253 32.04506
2452047.01673 49.13997
2452087.75093 49.46853
2452332.15613 27.45236
2452372.89033 43.40483
2452413.62454 35.41286
2452454.35874 15.69214
2452698.76394 38.41269
2452739.49814 25.96353
2452780.23234 7.27260
2452820.96654 15.81927
2453065.37175 17.83797
2453106.10595 1.34527
2453146.84015 12.74934
2453187.57435 24.92259
2453431.97955 0.84029
2453472.71375 18.47248
2453513.44796 29.03388
2453554.18216 11.05045
2453798.58736 27.53755
2453839.32156 33.69757
2453880.05576 11.74188
2453920.78996 11.09184
2454165.19517 39.63729
2454205.92937 24.75441
2454246.66357 23.66390
2454287.39777 43.26521
2454531.80297 24.24848
2454572.53717 28.55883
2454613.27138 51.33420
2454654.00558 41.58030
2454898.41078 38.10412
2454939.14498 51.96047
2454979.87918 39.85867
2455020.61338 28.55518
2455265.01859 57.86004
2455305.75279 40.84703
2455346.48699 23.88642
2455387.22119 36.74738
2455631.62639 22.69310
2455672.36059 12.20126
2455713.09480 35.33506
2455753.82900 44.02989
2455957.50000 14.20367
