2445000.00000 26.34161
2445040.73420 14.52409
2445081.46840 13.16129
2445122.20260 27.10953
2445162.93680 25.43472
2445366.60781 2.98182
2445407.34201 13.21296
2445448.07621 22.14692
2445488.81041 9.15600
2445529.54461 3.50388
2445733.21561 19.55110
2445773.94981 22.90234
2445814.68401 11.19751
2445855.41822 13.45578
2445896.15242 28.29034
2446099.82342 29.22037
2446140.55762 17.66169
2446181.29182 28.75995
2446222.02602 33.44850
2446262.76022 28.84273
2446466.43123 20.17195
2446507.16543 32.97910
2446547.89963 33.57776
2446588.63383 18.04422
2446629.36803 21.37483
2446833.03903 27.01419
2446873.77323 15.50714
2446914.50743 5.85346
2446955.24164 16.67340
2446995.97584 22.97182
2447199.64684 6.32146
2447240.38104 6.44191
2447281.11524 21.33826
2447321.84944 16.50541
2447362.58364 6.94345
2447566.25465 20.67999
2447606.98885 31.59887
2447647.72305 27.56254
2447688.45725 19.88396
2447729.19145 32.65009
2447932.86245 30.92818
2447973.59665 26.10465
2448014.33086 20.46357
2448055.06506 36.24373
2448095.79926 36.78778
2448299.47026 14.17945
2448340.20446 22.54290
2448380.93866 30.57667
2448421.67286 15.09320
2448462.40706 7.13632
2448666.07807 18.84225
2448706.81227 18.14961
2448747.54647 5.12777
2448788.28067 6.89943
2448829.01487 21.27362
2449032.68587 17.28247
2449073.42007 8.34996
2449114.15428 19.68342
2449154.88848 25.02134
2449195.62268 19.22310
2449399.29368 19.76712
2449440.02788 34.77627
2449480.76208 29.65861
2449521.49628 22.29154
2449562.23048 25.04457
2449765.90149 29.46125
2449806.63569 24.82976
2449847.36989 16.77167
2449888.10409 27.87678
2450132.50929 8.15664
2450173.24349 8.30391
2450213.97770 18.80423
2450254.71190 18.74093
2450499.11710 12.11646
2450539.85130 22.10320
2450580.58550 14.27506
2450621.31970 5.35804
2450865.72491 28.87409
2450906.45911 16.38897
2450947.19331 20.88573
2450987.92751 38.66484
2451232.33271 20.23763
2451273.06691 27.15862
2451313.80112 34.37628
2451354.53532 21.68430
2451598.94052 27.07767
2451639.67472 26.20385
2451680.40892 10.60225
2451721.14312 12.99272
2451965.54833 11.61284
2452006.28253 2.31097
2452047.01673 12.45553
2452087.75093 23.74317
2452332.15613 11.36461
2452372.89033 25.06112
2452413.62454 24.90100
2452454.35874 13.16900
2452698.76394 38.68552
2452739.49814 32.18122
2452780.23234 19.59491
2452820.96654 35.49759
2453065.37175 22.57486
2453106.10595 19.68699
2453146.84015 29.94021
2453187.57435 28.24545
2453431.97955 12.90467
2453472.71375 22.61042
2453513.44796 9.28902
2453554.18216 2.04950
2453798.58736 20.48028
2453839.32156 5.36286
2453880.05576 9.05548
2453920.78996 24.98157
2454165.19517 14.71381
2454205.92937 25.00645
2454246.66357 32.73053
2454287.39777 24.56099
2454531.80297 38.04368
2454572.53717 35.12793
2454613.27138 23.04318
2454654.00558 25.55007
2454898.41078 19.78082
2454939.14498 9.67767
2454979.87918 16.11935
2455020.61338 26.98989
2455265.01859 3.10167
2455305.75279 21.73138
2455346.48699 15.59879
2455387.22119 1.86285
2455631.62639 25.02180
2455672.36059 19.03680
2455713.09480 12.45999
2455753.82900 22.60522
2455957.50000 38.36703
