2445000.00000 98.03410
2445040.73420 10.40033
2445081.46840 85.51961
2445122.20260 63.72839
2445162.93680 21.12368
2445366.60781 33.43508
2445407.34201 76.68296
2445448.07621 101.46557
2445488.81041 26.49835
2445529.54461 95.31984
2445733.21561 49.37014
2445773.94981 143.98281
2445814.68401 54.12951
2445855.41822 88.97764
2445896.15242 129.09214
2446099.82342 132.23332
2446140.55762 105.49219
2446181.29182 69.84717
2446222.02602 146.87710
2446262.76022 65.02176
2446466.43123 128.00155
2446507.16543 59.54860
2446547.89963 141.32027
2446588.63383 133.50913
2446629.36803 79.76263
2446833.03903 56.92546
2446873.77323 119.36005
2446914.50743 137.31918
2446955.24164 50.47322
2446995.97584 133.53506
2447199.64684 65.49529
2447240.38104 135.53278
2447281.11524 63.49055
2447321.84944 101.13205
2447362.58364 86.78104
2447566.25465 118.07290
2447606.98885 69.95760
2447647.72305 46.71748
2447688.45725 101.06190
2447729.19145 38.38441
2447932.86245 75.05363
2447973.59665 11.12260
2448014.33086 98.49322
2448055.06506 53.25385
2448095.79926 19.24653
2448299.47026 4.67512
2448340.20446 63.34721
2448380.93866 78.67299
2448421.67286 0.53811
2448462.40706 84.23712
2448666.07807 37.50060
2448706.81227 97.71667
2448747.54647 9.39337
2448788.28067 57.67943
2448829.01487 71.93125
2449032.68587 119.62691
2449073.42007 50.19915
2449114.15428 44.82330
2449154.88848 112.65793
2449195.62268 32.24565
2449399.29368 87.22819
2449440.02788 38.17805
2449480.76208 119.91179
2449521.49628 70.04132
2449562.23048 61.62651
2449765.90149 48.09883
2449806.63569 116.81466
2449847.36989 127.88709
2449888.10409 59.49814
2450132.50929 87.52483
2450173.24349 149.40660
2450213.97770 61.77574
2450254.71190 121.23364
2450499.11710 181.48155
2450539.85130 90.59629
2450580.58550 88.59705
2450621.31970 137.30006
2450865.72491 100.04218
2450906.45911 55.30268
2450947.19331 146.24501
2450987.92751 74.78662
2451232.33271 29.99849
2451273.06691 100.05227
2451313.80112 82.34426
2451354.53532 34.32731
2451598.94052 49.49030
2451639.67472 94.37571
2451680.40892 13.17105
2451721.14312 86.05759
2451965.54833 110.85003
2452006.28253 23.08834
2452047.01673 43.41872
2452087.75093 103.40952
2452332.15613 53.99319
2452372.89033 12.52415
2452413.62454 97.47990
2452454.35874 28.53573
2452698.76394 11.28500
2452739.49814 95.10237
2452780.23234 57.12585
2452820.96654 27.76975
2453065.37175 79.98220
2453106.10595 106.15884
2453146.84015 35.47723
2453187.57435 116.18544
2453431.97955 124.19189
2453472.71375 65.16189
2453513.44796 113.76749
2453554.18216 151.70116
2453798.58736 97.44678
2453839.32156 83.84443
2453880.05576 150.94807
2453920.78996 85.60552
2454165.19517 54.72075
2454205.92937 168.67084
2454246.66357 115.51836
2454287.39777 73.07205
2454531.80297 118.70956
2454572.53717 116.23651
2454613.27138 52.51561
2454654.00558 133.28812
2454898.41078 136.14247
2454939.14498 46.95065
2454979.87918 81.75021
2455020.61338 111.18323
2455265.01859 49.86826
2455305.75279 44.81593
2455346.48699 98.47933
2455387.22119 32.30234
2455631.62639 16.64257
2455672.36059 92.31998
2455713.09480 45.85260
2455753.82900 30.24660
2455957.50000 10.37329
