2445000.00000 2.23056
2445040.73420 2.47411
2445081.46840 2.56901
2445122.20260 2.46937
2445162.93680 2.24180
2445366.60781 1.73676
2445407.34201 1.36737
2445448.07621 1.10327
2445488.81041 0.76932
2445529.54461 0.54570
2445733.21561 -0.72449
2445773.94981 -0.92559
2445814.68401 -1.40563
2445855.41822 -1.53414
2445896.15242 -1.68033
2446099.82342 -1.94125
2446140.55762 -2.46152
2446181.29182 -2.92609
2446222.02602 -2.56943
2446262.76022 -2.88043
2446466.43123 -2.18767
2446507.16543 -2.21454
2446547.89963 -2.01047
2446588.63383 -1.87315
2446629.36803 -1.87732
2446833.03903 -0.88594
2446873.77323 -0.65192
2446914.50743 -0.50661
2446955.24164 -0.31893
2446995.97584 -0.21637
2447199.64684 0.12765
2447240.38104 0.12392
2447281.11524 0.11536
2447321.84944 0.09041
2447362.58364 0.02773
2447566.25465 -0.61963
2447606.98885 -0.66057
2447647.72305 -0.81358
2447688.45725 -0.87763
2447729.19145 -1.05692
2447932.86245 -2.04833
2447973.59665 -1.58816
2448014.33086 -1.65393
2448055.06506 -1.73969
2448095.79926 -2.05733
2448299.47026 -1.47954
2448340.20446 -1.20193
2448380.93866 -1.24567
2448421.67286 -0.73917
2448462.40706 -0.67572
2448666.07807 0.64741
2448706.81227 1.22217
2448747.54647 1.40475
2448788.28067 1.56437
2448829.01487 1.98847
2449032.68587 2.75303
2449073.42007 3.34133
2449114.15428 3.76198
2449154.88848 3.23144
2449195.62268 4.05893
2449399.29368 3.94523
2449440.02788 3.40140
2449480.76208 3.92551
2449521.49628 2.93177
2449562.23048 3.61897
2449765.90149 1.81501
2449806.63569 1.48580
2449847.36989 1.36794
2449888.10409 0.93733
2450132.50929 -0.50061
2450173.24349 -0.76521
2450213.97770 -0.82930
2450254.71190 -1.02466
2450499.11710 -1.05209
2450539.85130 -0.97961
2450580.58550 -0.91153
2450621.31970 -0.84234
2450865.72491 0.05071
2450906.45911 0.20901
2450947.19331 0.34624
2450987.92751 0.54454
2451232.33271 0.82350
2451273.06691 0.72518
2451313.80112 0.71388
2451354.53532 0.69733
2451598.94052 -0.54062
2451639.67472 -0.71938
2451680.40892 -1.24108
2451721.14312 -1.52546
2451965.54833 -2.74669
2452006.28253 -3.82883
2452047.01673 -4.17362
2452087.75093 -4.06605
2452332.15613 -4.88905
2452372.89033 -4.69607
2452413.62454 -4.97375
2452454.35874 -4.48547
2452698.76394 -2.45948
2452739.49814 -2.48582
2452780.23234 -2.08089
2452820.96654 -1.76165
2453065.37175 0.85038
2453106.10595 1.11671
2453146.84015 1.69501
2453187.57435 2.05497
2453431.97955 3.51494
2453472.71375 3.36154
2453513.44796 3.00489
2453554.18216 2.97369
2453798.58736 2.50834
2453839.32156 2.05137
2453880.05576 2.07217
2453920.78996 1.98193
2454165.19517 0.48144
2454205.92937 0.31706
2454246.66357 0.14510
2454287.39777 0.06568
2454531.80297 0.17824
2454572.53717 0.35744
2454613.27138 0.56041
2454654.00558 0.61891
2454898.41078 2.41088
2454939.14498 1.83311
2454979.87918 2.74997
2455020.61338 3.35976
2455265.01859 4.02176
2455305.75279 4.42875
2455346.48699 3.86176
2455387.22119 3.90620
2455631.62639 2.73855
2455672.36059 2.36918
2455713.09480 2.20418
2455753.82900 2.04164
2455957.50000 -0.47321
