2445000.00000 -3.63570
2445040.73420 9.88015
2445081.46840 -2.19767
2445122.20260 7.14344
2445162.93680 3.15996
2445366.60781 -1.19880
2445407.34201 7.62582
2445448.07621 3.88206
2445488.81041 1.40175
2445529.54461 7.73043
2445733.21561 2.85580
2445773.94981 -0.54248
2445814.68401 7.11594
2445855.41822 -5.77034
2445896.15242 9.09436
2446099.82342 5.24328
2446140.55762 -7.45751
2446181.29182 3.79085
2446222.02602 -6.85022
2446262.76022 0.19207
2446466.43123 3.03215
2446507.16543 -8.30366
2446547.89963 -1.61200
2446588.63383 -5.11404
2446629.36803 -7.28503
2446833.03903 -1.34420
2446873.77323 -3.40190
2446914.50743 -6.31704
2446955.24164 2.49297
2446995.97584 -10.28452
2447199.64684 -4.51286
2447240.38104 4.87550
2447281.11524 -6.68429
2447321.84944 6.73922
2447362.58364 -4.55199
2447566.25465 -3.98125
2447606.98885 8.59113
2447647.72305 -1.45803
2447688.45725 6.65249
2447729.19145 4.79945
2447932.86245 -0.16059
2447973.59665 5.92513
2448014.33086 5.64941
2448055.06506 0.51925
2448095.79926 11.21783
2448299.47026 4.02578
2448340.20446 -1.36620
2448380.93866 8.19416
2448421.67286 -4.31552
2448462.40706 6.87049
2448666.07807 4.98891
2448706.81227 -8.13657
2448747.54647 4.92932
2448788.28067 -6.67268
2448829.01487 -0.94176
2449032.68587 2.35649
2449073.42007 -7.69885
2449114.15428 -2.93442
2449154.88848 -2.58520
2449195.62268 -9.00228
2449399.29368 -2.91049
2449440.02788 -2.12915
2449480.76208 -8.04630
2449521.49628 3.23540
2449562.23048 -10.49294
2449765.90149 -5.88209
2449806.63569 6.30583
2449847.36989 -8.04082
2449888.10409 6.26620
2450132.50929 -4.12968
2450173.24349 10.14294
2450213.97770 -0.58708
2450254.71190 4.76878
2450499.11710 0.85380
2450539.85130 4.69610
2450580.58550 6.14323
2450621.31970 -0.43177
2450865.72491 5.43926
2450906.45911 -1.78798
2450947.19331 8.15473
2450987.92751 -4.30149
2451232.33271 4.97817
2451273.06691 -7.34287
2451313.80112 4.44643
2451354.53532 -5.79539
2451598.94052 1.66778
2451639.67472 -7.48770
2451680.40892 -3.54704
2451721.14312 -1.39729
2451965.54833 -3.85998
2452006.28253 -1.31900
2452047.01673 -8.99091
2452087.75093 2.76135
2452332.15613 -6.04818
2452372.89033 5.98812
2452413.62454 -6.41160
2452454.35874 4.78406
2452698.76394 -4.55109
2452739.49814 8.12910
2452780.23234 0.44738
2452820.96654 3.50995
2453065.37175 1.86720
2453106.10595 4.29212
2453146.84015 6.33039
2453187.57435 -1.02560
2453431.97955 6.14996
2453472.71375 -1.98295
2453513.44796 10.51316
2453554.18216 -4.31305
2453798.58736 5.74501
2453839.32156 -7.81838
2453880.05576 3.47952
2453920.78996 -4.15638
2454165.19517 0.80067
2454205.92937 -5.15278
2454246.66357 -4.30529
2454287.39777 -0.57696
2454531.80297 -5.52345
2454572.53717 -0.15599
2454613.27138 -9.47314
2454654.00558 3.15539
2454898.41078 -5.20408
2454939.14498 5.31684
2454979.87918 -6.76626
2455020.61338 3.75163
2455265.01859 -3.49759
2455305.75279 6.45679
2455346.48699 1.58283
2455387.22119 1.73683
2455631.62639 2.77185
2455672.36059 2.92392
2455713.09480 9.11197
2455753.82900 -1.58926
2455957.50000 1.79328
