2445000.00000 27.49180
2445040.73420 22.50874
2445081.46840 38.84778
2445122.20260 30.35825
2445162.93680 44.86554
2445366.60781 39.36878
2445407.34201 34.21810
2445448.07621 42.17184
2445488.81041 30.87551
2445529.54461 36.14429
2445733.21561 17.31890
2445773.94981 11.63761
2445814.68401 10.29233
2445855.41822 5.39540
2445896.15242 11.13660
2446099.82342 13.56676
2446140.55762 20.91325
2446181.29182 21.55093
2446222.02602 26.45599
2446262.76022 36.04149
2446466.43123 39.20678
2446507.16543 45.03818
2446547.89963 35.21409
2446588.63383 41.97684
2446629.36803 39.42335
2446833.03903 21.74750
2446873.77323 25.03059
2446914.50743 13.66882
2446955.24164 20.57461
2446995.97584 9.28688
2447199.64684 7.29608
2447240.38104 15.26689
2447281.11524 7.16136
2447321.84944 19.83875
2447362.58364 11.48336
2447566.25465 29.99078
2447606.98885 36.24844
2447647.72305 38.25926
2447688.45725 39.05319
2447729.19145 40.48454
2447932.86245 38.75924
2447973.59665 31.40599
2448014.33086 32.37702
2448055.06506 31.03680
2448095.79926 23.83467
2448299.47026 13.88869
2448340.20446 4.85091
2448380.93866 12.71172
2448421.67286 7.92168
2448462.40706 9.70731
2448666.07807 32.15647
2448706.81227 22.21124
2448747.54647 35.46446
2448788.28067 31.02017
2448829.01487 34.11616
2449032.68587 44.55344
2449073.42007 37.74191
2449114.15428 37.78083
2449154.88848 30.41543
2449195.62268 44.54829
2449399.29368 14.88918
2449440.02788 14.59997
2449480.76208 14.78583
2449521.49628 5.82448
2449562.23048 11.32297
2449765.90149 7.82967
2449806.63569 16.31622
2449847.36989 18.62845
2449888.10409 19.33404
2450132.50929 33.45516
2450173.24349 51.10212
2450213.97770 38.39015
2450254.71190 45.48281
2450499.11710 26.51729
2450539.85130 32.86727
2450580.58550 14.90059
2450621.31970 30.00140
2450865.72491 3.64130
2450906.45911 12.44402
2450947.19331 3.39525
2450987.92751 15.03679
2451232.33271 28.37012
2451273.06691 31.34867
2451313.80112 30.56554
2451354.53532 37.88590
2451598.94052 43.35300
2451639.67472 31.12107
2451680.40892 39.37401
2451721.14312 33.31740
2451965.54833 21.59395
2452006.28253 4.65481
2452047.01673 10.04180
2452087.75093 4.50385
2452332.15613 23.83160
2452372.89033 11.46531
2452413.62454 29.26909
2452454.35874 19.64007
2452698.76394 44.25177
2452739.49814 38.71345
2452780.23234 45.85553
2452820.96654 38.74392
2453065.37175 23.27844
2453106.10595 21.79349
2453146.84015 17.03134
2453187.57435 9.31450
2453431.97955 3.96816
2453472.71375 9.86118
2453513.44796 10.38009
2453554.18216 13.42928
2453798.58736 28.77279
2453839.32156 45.92173
2453880.05576 29.02011
2453920.78996 49.68630
2454165.19517 33.64628
2454205.92937 33.62749
2454246.66357 24.71930
2454287.39777 29.57801
2454531.80297 4.41532
2454572.53717 12.81906
2454613.27138 1.01784
2454654.00558 11.62982
2454898.41078 22.19843
2454939.14498 32.68526
2454979.87918 26.86382
2455020.61338 37.33667
2455265.01859 53.65265
2455305.75279 40.64269
2455346.48699 41.48158
2455387.22119 51.19278
2455631.62639 20.18161
2455672.36059 8.67540
2455713.09480 13.15489
2455753.82900 6.01863
2455957.50000 2.63333
