2445000.00000 -3.06421
2445040.73420 -3.22008
2445081.46840 -5.08766
2445122.20260 -7.43217
2445162.93680 -8.63041
2445366.60781 -6.08328
2445407.34201 -5.25282
2445448.07621 -3.49774
2445488.81041 -2.63220
2445529.54461 -1.13402
2445733.21561 1.16965
2445773.94981 0.72680
2445814.68401 -0.15353
2445855.41822 -1.28218
2445896.15242 -2.10748
2446099.82342 -2.81353
2446140.55762 -1.08803
2446181.29182 0.26025
2446222.02602 1.90732
2446262.76022 3.89047
2446466.43123 8.52523
2446507.16543 9.41614
2446547.89963 8.32120
2446588.63383 5.76446
2446629.36803 5.06409
2446833.03903 0.64690
2446873.77323 0.80104
2446914.50743 0.99227
2446955.24164 1.90689
2446995.97584 3.35187
2447199.64684 6.17483
2447240.38104 6.57943
2447281.11524 5.84888
2447321.84944 5.22847
2447362.58364 4.06437
2447566.25465 -3.85317
2447606.98885 -4.72233
2447647.72305 -5.62932
2447688.45725 -5.95304
2447729.19145 -5.67636
2447932.86245 -0.88172
2447973.59665 -0.33440
2448014.33086 -0.08830
2448055.06506 -0.22525
2448095.79926 -0.77671
2448299.47026 -6.67234
2448340.20446 -7.79984
2448380.93866 -9.12247
2448421.67286 -11.14915
2448462.40706 -10.80463
2448666.07807 -2.73558
2448706.81227 -1.23604
2448747.54647 0.24088
2448788.28067 1.55480
2448829.01487 2.32208
2449032.68587 -0.24095
2449073.42007 -1.17214
2449114.15428 -2.22551
2449154.88848 -2.88535
2449195.62268 -2.95789
2449399.29368 1.99522
2449440.02788 2.75701
2449480.76208 6.15223
2449521.49628 7.54026
2449562.23048 7.48670
2449765.90149 7.89673
2449806.63569 5.90052
2449847.36989 5.47403
2449888.10409 3.29203
2450132.50929 1.47971
2450173.24349 2.38109
2450213.97770 3.34067
2450254.71190 4.33955
2450499.11710 5.93969
2450539.85130 4.76174
2450580.58550 2.61268
2450621.31970 0.71877
2450865.72491 -7.12194
2450906.45911 -8.01044
2450947.19331 -6.89816
2450987.92751 -5.05399
2451232.33271 -0.38707
2451273.06691 -0.91432
2451313.80112 -1.80933
2451354.53532 -2.58154
2451598.94052 -9.45871
2451639.67472 -10.69701
2451680.40892 -9.93820
2451721.14312 -9.08909
2451965.54833 1.93785
2452006.28253 3.14891
2452047.01673 3.08769
2452087.75093 3.09331
2452332.15613 -2.12454
2452372.89033 -2.60841
2452413.62454 -2.63483
2452454.35874 -1.98275
2452698.76394 7.42333
2452739.49814 9.59181
2452780.23234 11.07597
2452820.96654 9.57684
2453065.37175 4.21760
2453106.10595 3.04624
2453146.84015 1.53703
2453187.57435 0.70932
2453431.97955 3.45673
2453472.71375 5.37365
2453513.44796 6.92323
2453554.18216 7.42449
2453798.58736 0.75721
2453839.32156 -1.29636
2453880.05576 -3.69743
2453920.78996 -5.06626
2454165.19517 -6.33324
2454205.92937 -5.22321
2454246.66357 -4.09508
2454287.39777 -2.53623
2454531.80297 -2.54307
2454572.53717 -3.74123
2454613.27138 -5.68407
2454654.00558 -7.12179
2454898.41078 -9.56137
2454939.14498 -6.67436
2454979.87918 -5.85278
2455020.61338 -4.19397
2455265.01859 3.82197
2455305.75279 3.98851
2455346.48699 2.77828
2455387.22119 1.97197
2455631.62639 -1.68403
2455672.36059 -1.01776
2455713.09480 0.28512
2455753.82900 1.78887
2455957.50000 9.59938
