2445000.00000 6.24512
2445040.73420 4.18911
2445081.46840 10.31834
2445122.20260 4.76154
2445162.93680 12.71184
2445366.60781 2.77746
2445407.34201 12.06580
2445448.07621 1.27533
2445488.81041 7.67781
2445529.54461 -0.77391
2445733.21561 -2.00993
2445773.94981 -5.86006
2445814.68401 -4.58375
2445855.41822 -6.53386
2445896.15242 -7.41952
2446099.82342 -4.59775
2446140.55762 -9.40145
2446181.29182 -1.98290
2446222.02602 -6.69074
2446262.76022 0.01295
2446466.43123 -1.37647
2446507.16543 5.45932
2446547.89963 1.60081
2446588.63383 8.94419
2446629.36803 4.31295
2446833.03903 7.02263
2446873.77323 8.28001
2446914.50743 5.13406
2446955.24164 6.77310
2446995.97584 2.05569
2447199.64684 2.55705
2447240.38104 -6.33582
2447281.11524 0.22738
2447321.84944 -7.18077
2447362.58364 -1.99623
2447566.25465 -8.48161
2447606.98885 -5.85686
2447647.72305 -6.21991
2447688.45725 -5.20000
2447729.19145 -5.27850
2447932.86245 -1.80004
2447973.59665 4.65885
2448014.33086 -0.66862
2448055.06506 7.29892
2448095.79926 1.26846
2448299.47026 8.35206
2448340.20446 3.64689
2448380.93866 9.75885
2448421.67286 3.84547
2448462.40706 8.61667
2448666.07807 1.01334
2448706.81227 -0.94958
2448747.54647 -0.20535
2448788.28067 -4.41971
2448829.01487 -1.51566
2449032.68587 -8.27415
2449073.42007 -3.24746
2449114.15428 -8.92800
2449154.88848 -2.79343
2449195.62268 -9.42579
2449399.29368 0.13240
2449440.02788 -1.92251
2449480.76208 1.39332
2449521.49628 0.96950
2449562.23048 2.75812
2449765.90149 8.55021
2449806.63569 3.40402
2449847.36989 7.99217
2449888.10409 2.54517
2450132.50929 -0.53076
2450173.24349 3.80440
2450213.97770 -1.98046
2450254.71190 1.74481
2450499.11710 -4.92468
2450539.85130 -5.11439
2450580.58550 -6.32427
2450621.31970 -4.87893
2450865.72491 -0.25160
2450906.45911 -5.53797
2450947.19331 1.74334
2450987.92751 -3.13610
2451232.33271 3.31368
2451273.06691 6.35192
2451313.80112 4.56189
2451354.53532 5.14330
2451598.94052 2.17644
2451639.67472 3.97928
2451680.40892 -0.21435
2451721.14312 3.54163
2451965.54833 -1.19790
2452006.28253 -6.97956
2452047.01673 -2.29169
2452087.75093 -6.86699
2452332.15613 -5.09612
2452372.89033 -3.83394
2452413.62454 -2.07641
2452454.35874 -2.42104
2452698.76394 0.76276
2452739.49814 7.69486
2452780.23234 1.96666
2452820.96654 8.09256
2453065.37175 5.39022
2453106.10595 2.37186
2453146.84015 4.05513
2453187.57435 1.53740
2453431.97955 -1.57161
2453472.71375 -5.29060
2453513.44796 -1.84945
2453554.18216 -6.25025
2453798.58736 -6.72831
2453839.32156 -1.66827
2453880.05576 -5.13325
2453920.78996 -0.78364
2454165.19517 2.78896
2454205.92937 1.87786
2454246.66357 2.71532
2454287.39777 4.01265
2454531.80297 6.44414
2454572.53717 1.99996
2454613.27138 6.72553
2454654.00558 0.81654
2454898.41078 -2.57165
2454939.14498 -0.37416
2454979.87918 -4.00283
2455020.61338 -2.78148
2455265.01859 -5.92214
2455305.75279 -3.16199
2455346.48699 -6.02455
2455387.22119 -2.11247
2455631.62639 2.75717
2455672.36059 -1.13258
2455713.09480 3.89081
2455753.82900 0.61695
2455957.50000 7.31519
