2445000.00000 -8.09302
2445040.73420 11.67827
2445081.46840 -11.18573
2445122.20260 -3.20912
2445162.93680 0.94262
2445366.60781 -4.97210
2445407.34201 -27.78103
2445448.07621 -6.54044
2445488.81041 -23.43579
2445529.54461 -21.80416
2445733.21561 -24.18602
2445773.94981 -10.22582
2445814.68401 -42.23431
2445855.41822 -16.68499
2445896.15242 -17.55047
2446099.82342 -12.94679
2446140.55762 -33.78967
2446181.29182 -3.41174
2446222.02602 -22.25299
2446262.76022 -14.13688
2446466.43123 -8.55593
2446507.16543 6.86527
2446547.89963 -10.50677
2446588.63383 12.40116
2446629.36803 -0.74687
2446833.03903 12.25644
2446873.77323 4.64478
2446914.50743 26.56530
2446955.24164 4.55765
2446995.97584 20.19114
2447199.64684 20.16284
2447240.38104 28.32441
2447281.11524 12.16907
2447321.84944 43.18247
2447362.58364 16.96442
2447566.25465 17.99356
2447606.98885 18.59480
2447647.72305 32.50530
2447688.45725 4.04019
2447729.19145 27.42929
2447932.86245 17.74287
2447973.59665 7.34262
2448014.33086 -3.47389
2448055.06506 15.68453
2448095.79926 -10.34200
2448299.47026 -16.85920
2448340.20446 -9.02999
2448380.93866 -5.18899
2448421.67286 -24.78340
2448462.40706 -1.83588
2448666.07807 -10.20312
2448706.81227 -28.05826
2448747.54647 -32.43152
2448788.28067 -13.57715
2448829.01487 -38.69931
2449032.68587 -42.78497
2449073.42007 -17.42412
2449114.15428 -24.07132
2449154.88848 -32.91287
2449195.62268 -5.93827
2449399.29368 0.10544
2449440.02788 -19.78383
2449480.76208 -8.68391
2449521.49628 -0.75341
2449562.23048 -19.85031
2449765.90149 -10.94630
2449806.63569 17.36968
2449847.36989 3.22013
2449888.10409 5.10130
2450132.50929 33.78069
2450173.24349 8.39625
2450213.97770 38.02658
2450254.71190 27.41321
2450499.11710 15.60874
2450539.85130 42.24515
2450580.58550 17.61443
2450621.31970 31.04969
2450865.72491 29.95606
2450906.45911 2.15472
2450947.19331 31.89952
2450987.92751 9.96828
2451232.33271 -9.28260
2451273.06691 15.38216
2451313.80112 -21.68891
2451354.53532 1.14246
2451598.94052 -11.63336
2451639.67472 -42.20370
2451680.40892 -7.69273
2451721.14312 -35.28020
2451965.54833 -37.62966
2452006.28253 -18.36596
2452047.01673 -52.33748
2452087.75093 -14.38711
2452332.15613 -29.62967
2452372.89033 -35.58305
2452413.62454 -4.14759
2452454.35874 -35.11350
2452698.76394 -2.70795
2452739.49814 4.51711
2452780.23234 -19.49495
2452820.96654 21.42458
2453065.37175 9.43200
2453106.10595 12.12032
2453146.84015 35.20822
2453187.57435 4.83984
2453431.97955 45.22408
2453472.71375 27.08670
2453513.44796 21.26546
2453554.18216 55.02050
2453798.58736 13.50219
2453839.32156 31.52981
2453880.05576 33.25616
2453920.78996 7.75272
2454165.19517 27.54901
2454205.92937 2.83541
2454246.66357 0.93347
2454287.39777 18.07812
2454531.80297 -31.69459
2454572.53717 -4.66038
2454613.27138 -13.56101
2454654.00558 -30.23197
2454898.41078 -11.94362
2454939.14498 -40.98460
2454979.87918 -25.11920
2455020.61338 -20.24930
2455265.01859 -51.13638
2455305.75279 -16.16793
2455346.48699 -33.49498
2455387.22119 -29.91394
2455631.62639 0.46229
2455672.36059 -32.61459
2455713.09480 -2.54152
2455753.82900 -6.24589
2455957.50000 10.81543
