2445000.00000 -7.94954
2445040.73420 -7.43530
2445081.46840 -7.42127
2445122.20260 -9.42788
2445162.93680 -5.15640
2445366.60781 -13.22690
2445407.34201 -3.50320
2445448.07621 -7.75999
2445488.81041 -6.69796
2445529.54461 -5.22242
2445733.21561 -7.21862
2445773.94981 3.17352
2445814.68401 -4.94658
2445855.41822 4.03966
2445896.15242 -0.99052
2446099.82342 2.04756
2446140.55762 11.75176
2446181.29182 1.59709
2446222.02602 10.48016
2446262.76022 3.65211
2446466.43123 7.66354
2446507.16543 9.72509
2446547.89963 5.25628
2446588.63383 11.22750
2446629.36803 2.88309
2446833.03903 6.14832
2446873.77323 3.31143
2446914.50743 1.42985
2446955.24164 4.71522
2446995.97584 -2.37547
2447199.64684 0.65602
2447240.38104 -7.84504
2447281.11524 -3.30717
2447321.84944 -6.72015
2447362.58364 -6.76089
2447566.25465 -2.43491
2447606.98885 -11.73908
2447647.72305 -5.04977
2447688.45725 -10.22356
2447729.19145 -6.20284
2447932.86245 -2.73435
2447973.59665 -10.39495
2448014.33086 -0.36373
2448055.06506 -10.09827
2448095.79926 0.61138
2448299.47026 2.04514
2448340.20446 -1.11453
2448380.93866 6.71122
2448421.67286 -1.09323
2448462.40706 8.18450
2448666.07807 5.77255
2448706.81227 7.42861
2448747.54647 9.70875
2448788.28067 5.43626
2448829.01487 13.90341
2449032.68587 4.21775
2449073.42007 11.56218
2449114.15428 6.39456
2449154.88848 7.03434
2449195.62268 6.49849
2449399.29368 -3.13078
2449440.02788 5.17511
2449480.76208 -3.25850
2449521.49628 2.29250
2449562.23048 -3.68272
2449765.90149 -11.76667
2449806.63569 -2.00147
2449847.36989 -10.79172
2449888.10409 -3.21336
2450132.50929 -12.47604
2450173.24349 -5.68003
2450213.97770 -11.81469
2450254.71190 -3.18862
2450499.11710 -3.59066
2450539.85130 -3.49584
2450580.58550 -5.07586
2450621.31970 1.23597
2450865.72491 6.75650
2450906.45911 1.71360
2450947.19331 6.47400
2450987.92751 5.57905
2451232.33271 16.06160
2451273.06691 3.83927
2451313.80112 13.02068
2451354.53532 5.19164
2451598.94052 11.42232
2451639.67472 0.82850
2451680.40892 10.59001
2451721.14312 -0.26797
2451965.54833 1.24578
2452006.28253 -5.23868
2452047.01673 1.44972
2452087.75093 -8.79826
2452332.15613 -8.76838
2452372.89033 -9.60294
2452413.62454 -5.37089
2452454.35874 -10.64798
2452698.76394 -11.61690
2452739.49814 -5.09643
2452780.23234 -6.47900
2452820.96654 -8.30749
2453065.37175 -5.66040
2453106.10595 3.25541
2453146.84015 -3.07376
2453187.57435 3.15085
2453431.97955 1.55389
2453472.71375 11.60126
2453513.44796 2.36945
2453554.18216 11.78962
2453798.58736 6.13084
2453839.32156 12.33684
2453880.05576 3.85645
2453920.78996 13.40779
2454165.19517 3.60696
2454205.92937 4.94086
2454246.66357 -0.19339
2454287.39777 5.33761
2454531.80297 -0.88157
2454572.53717 -6.62996
2454613.27138 -4.86946
2454654.00558 -5.39333
2454898.41078 -4.12045
2454939.14498 -13.53482
2454979.87918 -7.74521
2455020.61338 -8.65320
2455265.01859 -1.31944
2455305.75279 -11.71272
2455346.48699 -0.03888
2455387.22119 -7.06532
2455631.62639 3.58924
2455672.36059 -1.69620
2455713.09480 7.25143
2455753.82900 -0.86504
2455957.50000 7.93448
