2445000.00000 8.67598
2445040.73420 13.72151
2445081.46840 16.50320
2445122.20260 23.92192
2445162.93680 27.50825
2445366.60781 39.77773
2445407.34201 48.47363
2445448.07621 50.78101
2445488.81041 46.78465
2445529.54461 64.61373
2445733.21561 41.08761
2445773.94981 54.01470
2445814.68401 37.36442
2445855.41822 39.36685
2445896.15242 23.51345
2446099.82342 2.24420
2446140.55762 1.54317
2446181.29182 2.63983
2446222.02602 7.69783
2446262.76022 9.53204
2446466.43123 56.40261
2446507.16543 57.45519
2446547.89963 65.03392
2446588.63383 63.80691
2446629.36803 61.27911
2446833.03903 35.88789
2446873.77323 24.12837
2446914.50743 28.32071
2446955.24164 23.69871
2446995.97584 19.81870
2447199.64684 13.22466
2447240.38104 16.24146
2447281.11524 14.79166
2447321.84944 15.16623
2447362.58364 17.59695
2447566.25465 37.03689
2447606.98885 37.00015
2447647.72305 53.12180
2447688.45725 53.77931
2447729.19145 51.52682
2447932.86245 48.28273
2447973.59665 51.76340
2448014.33086 38.34907
2448055.06506 28.74149
2448095.79926 20.38444
2448299.47026 3.61157
2448340.20446 4.27811
2448380.93866 8.36623
2448421.67286 13.75576
2448462.40706 19.24306
2448666.07807 47.51772
2448706.81227 43.76471
2448747.54647 40.57468
2448788.28067 45.27753
2448829.01487 54.71202
2449032.68587 37.95431
2449073.42007 41.81131
2449114.15428 38.21332
2449154.88848 38.48376
2449195.62268 33.93052
2449399.29368 9.63145
2449440.02788 11.22749
2449480.76208 7.93416
2449521.49628 7.64161
2449562.23048 8.26467
2449765.90149 31.67855
2449806.63569 39.45121
2449847.36989 43.43393
2449888.10409 52.11749
2450132.50929 54.71299
2450173.24349 42.45346
2450213.97770 33.33815
2450254.71190 33.16002
2450499.11710 14.37868
2450539.85130 15.03189
2450580.58550 14.68153
2450621.31970 15.05823
2450865.72491 35.03703
2450906.45911 38.43667
2450947.19331 40.90572
2450987.92751 53.26787
2451232.33271 44.39455
2451273.06691 53.12471
2451313.80112 48.48513
2451354.53532 50.27343
2451598.94052 7.24364
2451639.67472 3.85990
2451680.40892 4.03802
2451721.14312 4.94631
2451965.54833 39.12276
2452006.28253 43.78257
2452047.01673 60.34889
2452087.75093 49.65462
2452332.15613 39.74389
2452372.89033 29.45592
2452413.62454 38.03536
2452454.35874 33.59084
2452698.76394 18.56013
2452739.49814 18.79350
2452780.23234 11.34831
2452820.96654 13.68897
2453065.37175 29.31969
2453106.10595 34.14246
2453146.84015 32.91924
2453187.57435 46.99945
2453431.97955 59.66593
2453472.71375 56.50496
2453513.44796 49.42623
2453554.18216 41.46952
2453798.58736 8.72047
2453839.32156 8.32822
2453880.05576 9.34366
2453920.78996 11.53566
2454165.19517 34.95347
2454205.92937 42.12812
2454246.66357 39.51339
2454287.39777 37.71804
2454531.80297 50.31320
2454572.53717 52.18039
2454613.27138 38.67253
2454654.00558 38.67367
2454898.41078 18.03230
2454939.14498 10.77876
2454979.87918 7.06913
2455020.61338 3.95862
2455265.01859 28.93210
2455305.75279 33.53210
2455346.48699 39.34332
2455387.22119 41.55884
2455631.62639 50.38609
2455672.36059 44.40186
2455713.09480 35.55573
2455753.82900 35.66645
2455957.50000 22.37324
