2445000.00000 4.00467
2445040.73420 9.55924
2445081.46840 19.38763
2445122.20260 11.31040
2445162.93680 1.55948
2445366.60781 5.51951
2445407.34201 10.94024
2445448.07621 -0.04298
2445488.81041 -6.52845
2445529.54461 1.30677
2445733.21561 -0.48679
2445773.94981 -12.52241
2445814.68401 -17.58193
2445855.41822 -5.42065
2445896.15242 -5.20345
2446099.82342 -16.11172
2446140.55762 -15.75201
2446181.29182 -4.36866
2446222.02602 -5.31374
2446262.76022 -16.55486
2446466.43123 -6.48585
2446507.16543 4.64155
2446547.89963 -0.40754
2446588.63383 -8.49026
2446629.36803 0.02611
2446833.03903 16.35771
2446873.77323 6.54047
2446914.50743 1.23787
2446955.24164 10.11435
2446995.97584 17.81037
2447199.64684 6.50928
2447240.38104 4.25306
2447281.11524 13.52177
2447321.84944 12.36226
2447362.58364 4.91409
2447566.25465 -0.35874
2447606.98885 8.99050
2447647.72305 6.37992
2447688.45725 -4.77279
2447729.19145 -4.82223
2447932.86245 0.34371
2447973.59665 -5.84630
2448014.33086 -20.85956
2448055.06506 -10.28534
2448095.79926 -2.61917
2448299.47026 -12.87293
2448340.20446 -20.22061
2448380.93866 -9.05519
2448421.67286 -2.03899
2448462.40706 -12.42239
2448666.07807 -10.26859
2448706.81227 0.24371
2448747.54647 4.65892
2448788.28067 -4.94983
2448829.01487 -5.98540
2449032.68587 15.11510
2449073.42007 13.76114
2449114.15428 2.92582
2449154.88848 5.30286
2449195.62268 12.94417
2449399.29368 16.56803
2449440.02788 3.92857
2449480.76208 7.21250
2449521.49628 15.63552
2449562.23048 10.95844
2449765.90149 -2.43123
2449806.63569 3.71739
2449847.36989 9.88355
2449888.10409 -0.33305
2450132.50929 -4.10001
2450173.24349 -0.97478
2450213.97770 -12.02769
2450254.71190 -15.24870
2450499.11710 -5.80149
2450539.85130 -15.83811
2450580.58550 -18.01246
2450621.31970 -4.23620
2450865.72491 -12.80367
2450906.45911 -7.06475
2450947.19331 5.31845
2450987.92751 1.28681
2451232.33271 7.38376
2451273.06691 14.75294
2451313.80112 8.90775
2451354.53532 1.51436
2451598.94052 20.49255
2451639.67472 8.06697
2451680.40892 4.49405
2451721.14312 14.88451
2451965.54833 -0.32073
2452006.28253 -1.84716
2452047.01673 8.80281
2452087.75093 6.25406
2452332.15613 -10.69870
2452372.89033 -0.74362
2452413.62454 -6.15359
2452454.35874 -16.89408
2452698.76394 -4.01280
2452739.49814 -12.60674
2452780.23234 -20.49969
2452820.96654 -11.25415
2453065.37175 -8.03063
2453106.10595 -13.23750
2453146.84015 0.64384
2453187.57435 5.64956
2453431.97955 0.73216
2453472.71375 16.85597
2453513.44796 15.12056
2453554.18216 4.80901
2453798.58736 21.23657
2453839.32156 14.84409
2453880.05576 5.21295
2453920.78996 10.26232
2454165.19517 7.52682
2454205.92937 -5.87155
2454246.66357 3.11407
2454287.39777 9.73122
2454531.80297 -13.67952
2454572.53717 -6.76782
2454613.27138 -1.81818
2454654.00558 -14.83686
2454898.41078 -8.97334
2454939.14498 -6.43157
2454979.87918 -22.44908
2455020.61338 -21.04059
2455265.01859 -1.73888
2455305.75279 -11.58071
2455346.48699 -8.22244
2455387.22119 6.70362
2455631.62639 -1.34011
2455672.36059 8.01567
2455713.09480 23.79903
2455753.82900 13.88491
2455957.50000 5.60452
