2445000.00000 15.71792
2445040.73420 30.67910
2445081.46840 60.36954
2445122.20260 86.23100
2445162.93680 83.58921
2445366.60781 54.65786
2445407.34201 71.09177
2445448.07621 68.93895
2445488.81041 33.71307
2445529.54461 3.29710
2445733.21561 8.24473
2445773.94981 -18.52746
2445814.68401 -51.98516
2445855.41822 -60.73843
2445896.15242 -59.06461
2446099.82342 -80.28892
2446140.55762 -80.55652
2446181.29182 -81.89426
2446222.02602 -39.54380
2446262.76022 -26.17266
2446466.43123 -35.28277
2446507.16543 -4.41895
2446547.89963 21.42782
2446588.63383 32.78728
2446629.36803 20.47519
2446833.03903 83.48118
2446873.77323 86.50449
2446914.50743 67.03988
2446955.24164 31.35866
2446995.97584 26.74330
2447199.64684 52.56593
2447240.38104 23.46687
2447281.11524 6.50647
2447321.84944 4.87244
2447362.58364 19.94486
2447566.25465 -42.19598
2447606.98885 -55.37957
2447647.72305 -34.26258
2447688.45725 -17.91125
2447729.19145 -14.52848
2447932.86245 -63.67591
2447973.59665 -28.11220
2448014.33086 -25.87020
2448055.06506 -33.11913
2448095.79926 -57.79726
2448299.47026 15.70000
2448340.20446 8.65929
2448380.93866 -4.74622
2448421.67286 -15.54519
2448462.40706 -7.98823
2448666.07807 36.61219
2448706.81227 24.55823
2448747.54647 28.97504
2448788.28067 47.58365
2448829.01487 71.05690
2449032.68587 16.60209
2449073.42007 27.01899
2449114.15428 47.81960
2449154.88848 48.96067
2449195.62268 33.23166
2449399.29368 -7.58765
2449440.02788 -1.18730
2449480.76208 -12.69278
2449521.49628 -35.44373
2449562.23048 -66.55158
2449765.90149 -30.94907
2449806.63569 -40.77762
2449847.36989 -66.50082
2449888.10409 -69.18595
2450132.50929 -31.15280
2450173.24349 -28.17600
2450213.97770 -6.43079
2450254.71190 20.36526
2450499.11710 31.76159
2450539.85130 48.34909
2450580.58550 66.02415
2450621.31970 71.82595
2450865.72491 51.87179
2450906.45911 52.78122
2450947.19331 33.15250
2450987.92751 2.38039
2451232.33271 -17.60696
2451273.06691 -43.10209
2451313.80112 -61.80709
2451354.53532 -54.31967
2451598.94052 -77.37622
2451639.67472 -70.31938
2451680.40892 -47.01454
2451721.14312 -21.69774
2451965.54833 -5.32784
2452006.28253 16.63323
2452047.01673 25.80709
2452087.75093 24.90221
2452332.15613 75.68260
2452372.89033 59.57092
2452413.62454 39.68227
2452454.35874 27.15962
2452698.76394 24.49376
2452739.49814 3.25646
2452780.23234 0.23346
2452820.96654 12.01413
2453065.37175 -49.63941
2453106.10595 -35.91132
2453146.84015 -19.28452
2453187.57435 -13.29142
2453431.97955 -27.21115
2453472.71375 -19.61975
2453513.44796 -35.00345
2453554.18216 -40.38718
2453798.58736 13.72981
2453839.32156 0.46083
2453880.05576 -8.71155
2453920.78996 -4.86296
2454165.19517 23.18350
2454205.92937 23.38218
2454246.66357 39.87124
2454287.39777 61.26106
2454531.80297 18.67958
2454572.53717 38.93205
2454613.27138 45.52542
2454654.00558 31.43977
2454898.41078 -4.43193
2454939.14498 -13.66357
2454979.87918 -36.57156
2455020.61338 -63.50423
2455265.01859 -45.62532
2455305.75279 -60.64690
2455346.48699 -67.79613
2455387.22119 -55.43270
2455631.62639 -19.67896
2455672.36059 -7.60239
2455713.09480 20.04616
2455753.82900 52.59803
2455957.50000 27.37680
