2445000.00000 34.89514
2445040.73420 48.77020
2445081.46840 45.94607
2445122.20260 49.07403
2445162.93680 46.01292
2445366.60781 74.15627
2445407.34201 61.41165
2445448.07621 71.65851
2445488.81041 73.23331
2445529.54461 60.73394
2445733.21561 60.27229
2445773.94981 72.41722
2445814.68401 68.01048
2445855.41822 62.10071
2445896.15242 46.71058
2446099.82342 32.75144
2446140.55762 35.90373
2446181.29182 27.17323
2446222.02602 26.57277
2446262.76022 19.21988
2446466.43123 7.32509
2446507.16543 5.29809
2446547.89963 4.95045
2446588.63383 3.83759
2446629.36803 2.71202
2446833.03903 8.92584
2446873.77323 11.04122
2446914.50743 13.07638
2446955.24164 19.35382
2446995.97584 19.03536
2447199.64684 34.19817
2447240.38104 47.52367
2447281.11524 47.35358
2447321.84944 55.43178
2447362.58364 51.87516
2447566.25465 61.39704
2447606.98885 80.35671
2447647.72305 55.66571
2447688.45725 71.14979
2447729.19145 76.56515
2447932.86245 62.10558
2447973.59665 60.39235
2448014.33086 54.86396
2448055.06506 49.16589
2448095.79926 59.46122
2448299.47026 37.03575
2448340.20446 34.67369
2448380.93866 28.65435
2448421.67286 25.57405
2448462.40706 21.11953
2448666.07807 9.50796
2448706.81227 8.41850
2448747.54647 8.66410
2448788.28067 7.59180
2448829.01487 6.53694
2449032.68587 12.19454
2449073.42007 15.30605
2449114.15428 19.37283
2449154.88848 20.36544
2449195.62268 24.51564
2449399.29368 32.39212
2449440.02788 47.02744
2449480.76208 50.59541
2449521.49628 52.46087
2449562.23048 57.76762
2449765.90149 74.90094
2449806.63569 72.93321
2449847.36989 71.52477
2449888.10409 69.50520
2450132.50929 54.84442
2450173.24349 56.62439
2450213.97770 54.04844
2450254.71190 52.77137
2450499.11710 25.79732
2450539.85130 28.21726
2450580.58550 30.45750
2450621.31970 28.84868
2450865.72491 14.64826
2450906.45911 13.16399
2450947.19331 11.96317
2450987.92751 9.45447
2451232.33271 14.85494
2451273.06691 18.12208
2451313.80112 16.46662
2451354.53532 22.19230
2451598.94052 42.69531
2451639.67472 39.61474
2451680.40892 50.39140
2451721.14312 51.56740
2451965.54833 72.26403
2452006.28253 56.20369
2452047.01673 67.01470
2452087.75093 64.74047
2452332.15613 55.24733
2452372.89033 50.14634
2452413.62454 46.65026
2452454.35874 46.00474
2452698.76394 29.65287
2452739.49814 25.66596
2452780.23234 20.87354
2452820.96654 21.21981
2453065.37175 15.01326
2453106.10595 13.84692
2453146.84015 13.01145
2453187.57435 10.66483
2453431.97955 18.95769
2453472.71375 19.48097
2453513.44796 21.97163
2453554.18216 25.85957
2453798.58736 45.24657
2453839.32156 45.69983
2453880.05576 37.98705
2453920.78996 49.46596
2454165.19517 74.63303
2454205.92937 76.36715
2454246.66357 52.22527
2454287.39777 63.15390
2454531.80297 56.61634
2454572.53717 53.84829
2454613.27138 36.94712
2454654.00558 47.98754
2454898.41078 31.23716
2454939.14498 21.74677
2454979.87918 22.07581
2455020.61338 23.10675
2455265.01859 11.38188
2455305.75279 13.71548
2455346.48699 12.69713
2455387.22119 13.10894
2455631.62639 18.39446
2455672.36059 23.87880
2455713.09480 19.22485
2455753.82900 28.40544
2455957.50000 49.64345
