2445000.00000 3.90793
2445040.73420 8.66630
2445081.46840 6.78764
2445122.20260 0.65625
2445162.93680 1.67830
2445366.60781 0.16894
2445407.34201 -3.40348
2445448.07621 -8.10629
2445488.81041 -6.81803
2445529.54461 -1.43967
2445733.21561 0.48700
2445773.94981 -2.34896
2445814.68401 2.11652
2445855.41822 8.12483
2445896.15242 5.26540
2446099.82342 -0.01923
2446140.55762 2.42073
2446181.29182 4.61845
2446222.02602 -0.12828
2446262.76022 -5.11637
2446466.43123 -4.46508
2446507.16543 -1.16871
2446547.89963 -3.40998
2446588.63383 -7.43827
2446629.36803 -1.93680
2446833.03903 6.19242
2446873.77323 3.87580
2446914.50743 1.51965
2446955.24164 6.99383
2446995.97584 7.66871
2447199.64684 -1.92275
2447240.38104 -5.68701
2447281.11524 -1.71493
2447321.84944 -0.69937
2447362.58364 -6.45661
2447566.25465 -5.50821
2447606.98885 -0.06823
2447647.72305 2.26439
2447688.45725 -0.77244
2447729.19145 -0.87099
2447932.86245 5.57554
2447973.59665 6.71420
2448014.33086 1.46577
2448055.06506 -0.27383
2448095.79926 2.80898
2448299.47026 -1.63173
2448340.20446 -6.43498
2448380.93866 -6.22520
2448421.67286 -1.69011
2448462.40706 -1.53680
2448666.07807 -1.18867
2448706.81227 0.35324
2448747.54647 5.65357
2448788.28067 5.01125
2448829.01487 1.92889
2449032.68587 0.03430
2449073.42007 3.31915
2449114.15428 1.37268
2449154.88848 -3.19341
2449195.62268 -3.69951
2449399.29368 -1.39654
2449440.02788 -1.91490
2449480.76208 -4.75234
2449521.49628 -2.45297
2449562.23048 2.04288
2449765.90149 3.77101
2449806.63569 0.92483
2449847.36989 3.30275
2449888.10409 6.38865
2450132.50929 -4.14421
2450173.24349 -3.70714
2450213.97770 -0.64190
2450254.71190 -3.47988
2450499.11710 -1.48253
2450539.85130 2.39757
2450580.58550 1.24032
2450621.31970 -0.71814
2450865.72491 5.75491
2450906.45911 3.08568
2450947.19331 -0.99995
2450987.92751 0.86973
2451232.33271 -4.04271
2451273.06691 -5.26536
2451313.80112 -2.57744
2451354.53532 -0.45505
2451598.94052 -0.29096
2451639.67472 3.51018
2451680.40892 6.33839
2451721.14312 3.07119
2451965.54833 1.15163
2452006.28253 1.77074
2452047.01673 -2.34963
2452087.75093 -4.66154
2452332.15613 -0.39643
2452372.89033 -2.80865
2452413.62454 -3.00669
2452454.35874 1.02799
2452698.76394 1.80077
2452739.49814 1.42403
2452780.23234 3.77879
2452820.96654 3.84594
2453065.37175 -3.44753
2453106.10595 -1.46329
2453146.84015 -1.70373
2453187.57435 -5.16816
2453431.97955 2.07334
2453472.71375 2.97502
2453513.44796 0.09311
2453554.18216 1.11713
2453798.58736 3.37350
2453839.32156 -0.79030
2453880.05576 -0.88591
2453920.78996 1.31712
2454165.19517 -5.28844
2454205.92937 -3.97860
2454246.66357 -0.34711
2454287.39777 -0.86194
2454531.80297 2.12017
2454572.53717 4.35866
2454613.27138 4.49011
2454654.00558 1.04021
2454898.41078 1.68864
2454939.14498 -1.23440
2454979.87918 -5.04368
2455020.61338 -2.77421
2455265.01859 -1.30905
2455305.75279 -2.71251
2455346.48699 0.03099
2455387.22119 2.95162
2455631.62639 0.72178
2455672.36059 2.89643
2455713.09480 4.75799
2455753.82900 1.12320
2455957.50000 -5.60129
