2445000.00000 97.78973
2445040.73420 95.98606
2445081.46840 124.94093
2445122.20260 160.32170
2445162.93680 175.89933
2445366.60781 105.92738
2445407.34201 116.49996
2445448.07621 144.05390
2445488.81041 146.66758
2445529.54461 180.92873
2445733.21561 87.08093
2445773.94981 89.53095
2445814.68401 84.45692
2445855.41822 105.99800
2445896.15242 112.43321
2446099.82342 52.19102
2446140.55762 40.56070
2446181.29182 28.65023
2446222.02602 44.42798
2446262.76022 45.24984
2446466.43123 31.48328
2446507.16543 13.45283
2446547.89963 1.87165
2446588.63383 4.85359
2446629.36803 17.25368
2446833.03903 50.34404
2446873.77323 28.99934
2446914.50743 15.30195
2446955.24164 10.63039
2446995.97584 24.32374
2447199.64684 83.47868
2447240.38104 67.98178
2447281.11524 70.50076
2447321.84944 54.14908
2447362.58364 64.03389
2447566.25465 149.47114
2447606.98885 109.47812
2447647.72305 113.32636
2447688.45725 101.80358
2447729.19145 111.89774
2447932.86245 147.75570
2447973.59665 190.73696
2448014.33086 137.40687
2448055.06506 132.03063
2448095.79926 105.36653
2448299.47026 188.67779
2448340.20446 144.17886
2448380.93866 166.53024
2448421.67286 120.39034
2448462.40706 92.18726
2448666.07807 105.98374
2448706.81227 115.70922
2448747.54647 115.84121
2448788.28067 91.46631
2448829.01487 67.18259
2449032.68587 66.57084
2449073.42007 71.98290
2449114.15428 78.87967
2449154.88848 61.33629
2449195.62268 41.67497
2449399.29368 31.76116
2449440.02788 58.73410
2449480.76208 65.24984
2449521.49628 67.51036
2449562.23048 49.25621
2449765.90149 41.06476
2449806.63569 73.63255
2449847.36989 82.45046
2449888.10409 92.19824
2450132.50929 68.18268
2450173.24349 92.74614
2450213.97770 138.62383
2450254.71190 130.43299
2450499.11710 110.41006
2450539.85130 104.59738
2450580.58550 125.01608
2450621.31970 155.22308
2450865.72491 99.04669
2450906.45911 114.26733
2450947.19331 140.36052
2450987.92751 159.09771
2451232.33271 81.55828
2451273.06691 80.53179
2451313.80112 78.76968
2451354.53532 94.86504
2451598.94052 49.27742
2451639.67472 34.63671
2451680.40892 30.16285
2451721.14312 37.65445
2451965.54833 29.07935
2452006.28253 13.68932
2452047.01673 8.44211
2452087.75093 14.64902
2452332.15613 51.83243
2452372.89033 34.28515
2452413.62454 25.71496
2452454.35874 28.07146
2452698.76394 92.91970
2452739.49814 72.14161
2452780.23234 64.95732
2452820.96654 65.87143
2453065.37175 133.39559
2453106.10595 129.45945
2453146.84015 121.93514
2453187.57435 125.65657
2453431.97955 190.30997
2453472.71375 167.21384
2453513.44796 101.54678
2453554.18216 135.54871
2453798.58736 141.67726
2453839.32156 132.78240
2453880.05576 152.39109
2453920.78996 125.18795
2454165.19517 92.33789
2454205.92937 97.82693
2454246.66357 93.23276
2454287.39777 76.76714
2454531.80297 54.76542
2454572.53717 72.77602
2454613.27138 70.80321
2454654.00558 57.23875
2454898.41078 42.35785
2454939.14498 57.96054
2454979.87918 69.08472
2455020.61338 65.76061
2455265.01859 53.50540
2455305.75279 77.20193
2455346.48699 91.28747
2455387.22119 94.51330
2455631.62639 103.57027
2455672.36059 105.83670
2455713.09480 110.76563
2455753.82900 152.49265
2455957.50000 91.73708
