2445000.00000 5.79791
2445040.73420 -1.91711
2445081.46840 10.88207
2445122.20260 -7.14608
2445162.93680 13.81983
2445366.60781 -3.14554
2445407.34201 2.78055
2445448.07621 3.10729
2445488.81041 -3.45721
2445529.54461 8.32592
2445733.21561 -12.03421
2445773.94981 6.38075
2445814.68401 -6.37456
2445855.41822 0.08552
2445896.15242 -1.22862
2446099.82342 -14.99675
2446140.55762 7.36724
2446181.29182 -15.32051
2446222.02602 3.28094
2446262.76022 -9.93418
2446466.43123 -13.81960
2446507.16543 6.94244
2446547.89963 -12.63639
2446588.63383 6.53513
2446629.36803 -14.47378
2446833.03903 -6.44720
2446873.77323 3.14060
2446914.50743 -11.61620
2446955.24164 7.93077
2446995.97584 -13.52112
2447199.64684 2.75548
2447240.38104 -1.43843
2447281.11524 -2.63900
2447321.84944 4.61420
2447362.58364 -7.03708
2447566.25465 9.62017
2447606.98885 -5.65796
2447647.72305 7.71632
2447688.45725 1.23289
2447729.19145 1.16978
2447932.86245 19.09979
2447973.59665 -8.83200
2448014.33086 13.56829
2448055.06506 -3.69898
2448095.79926 8.42203
2448299.47026 15.81434
2448340.20446 -7.87703
2448380.93866 17.22276
2448421.67286 -5.89121
2448462.40706 16.27454
2448666.07807 7.70971
2448706.81227 -3.56817
2448747.54647 11.02646
2448788.28067 -8.62098
2448829.01487 13.87694
2449032.68587 -3.25571
2449073.42007 0.05971
2449114.15428 2.57453
2449154.88848 -7.28505
2449195.62268 8.28138
2449399.29368 -14.66399
2449440.02788 5.00664
2449480.76208 -9.56218
2449521.49628 -2.51088
2449562.23048 -0.95835
2449765.90149 -17.72755
2449806.63569 6.26959
2449847.36989 -15.39370
2449888.10409 3.23923
2450132.50929 -14.01649
2450173.24349 8.11399
2450213.97770 -18.70286
2450254.71190 6.90846
2450499.11710 -7.65707
2450539.85130 4.89928
2450580.58550 -12.70108
2450621.31970 8.81673
2450865.72491 3.26875
2450906.45911 1.54174
2450947.19331 -3.22012
2450987.92751 8.53520
2451232.33271 12.10658
2451273.06691 -3.50180
2451313.80112 6.68783
2451354.53532 3.72596
2451598.94052 19.51598
2451639.67472 -7.15121
2451680.40892 14.25493
2451721.14312 -2.41765
2451965.54833 12.91593
2452006.28253 -8.74692
2452047.01673 16.86616
2452087.75093 -8.70156
2452332.15613 7.63824
2452372.89033 -6.77935
2452413.62454 11.07803
2452454.35874 -12.44732
2452698.76394 -3.05023
2452739.49814 -3.15224
2452780.23234 2.64086
2452820.96654 -9.46471
2453065.37175 -14.12049
2453106.10595 2.13436
2453146.84015 -7.02898
2453187.57435 -6.01212
2453431.97955 -18.43240
2453472.71375 5.35924
2453513.44796 -18.53012
2453554.18216 2.17930
2453798.58736 -15.95128
2453839.32156 9.17875
2453880.05576 -12.87073
2453920.78996 8.76300
2454165.19517 -5.95305
2454205.92937 8.41207
2454246.66357 -12.11185
2454287.39777 10.20120
2454531.80297 3.08133
2454572.53717 3.84729
2454613.27138 -2.69642
2454654.00558 10.71734
2454898.41078 11.82507
2454939.14498 -1.18333
2454979.87918 7.11785
2455020.61338 6.65965
2455265.01859 14.29469
2455305.75279 -6.45792
2455346.48699 11.66641
2455387.22119 -1.50169
2455631.62639 16.82839
2455672.36059 -10.39474
2455713.09480 16.61860
2455753.82900 -9.61529
2455957.50000 -3.02545
