2445000.00000 30.36322
2445040.73420 86.00661
2445081.46840 158.00278
2445122.20260 103.83182
2445162.93680 89.34149
2445366.60781 197.41671
2445407.34201 147.36473
2445448.07621 78.11028
2445488.81041 120.86849
2445529.54461 151.14695
2445733.21561 19.72990
2445773.94981 41.80174
2445814.68401 124.49057
2445855.41822 85.26888
2445896.15242 27.51707
2446099.82342 179.73272
2446140.55762 172.78965
2446181.29182 104.06573
2446222.02602 126.47214
2446262.76022 214.30258
2446466.43123 55.68759
2446507.16543 39.53268
2446547.89963 131.98411
2446588.63383 100.22197
2446629.36803 15.73646
2446833.03903 126.01726
2446873.77323 123.62813
2446914.50743 67.97914
2446955.24164 96.76214
2446995.97584 185.40556
2447199.64684 135.82354
2447240.38104 89.08251
2447281.11524 147.92506
2447321.84944 170.29901
2447362.58364 49.71162
2447566.25465 52.10980
2447606.98885 130.09858
2447647.72305 70.86597
2447688.45725 34.97481
2447729.19145 120.52014
2447932.86245 186.33646
2447973.59665 100.79572
2448014.33086 154.28663
2448055.06506 198.74434
2448095.79926 130.00695
2448299.47026 58.39095
2448340.20446 152.14877
2448380.93866 77.88822
2448421.67286 7.75401
2448462.40706 69.54578
2448666.07807 128.87150
2448706.81227 66.36599
2448747.54647 111.53786
2448788.28067 201.62967
2448829.01487 118.22285
2449032.68587 96.06344
2449073.42007 143.40559
2449114.15428 153.66457
2449154.88848 46.68398
2449195.62268 73.39540
2449399.29368 110.04571
2449440.02788 50.68691
2449480.76208 32.96630
2449521.49628 142.69011
2449562.23048 151.02136
2449765.90149 107.10386
2449806.63569 169.35439
2449847.36989 210.42557
2449888.10409 121.85780
2450132.50929 136.68586
2450173.24349 64.23470
2450213.97770 7.78859
2450254.71190 101.35784
2450499.11710 61.99023
2450539.85130 123.08118
2450580.58550 220.86227
2450621.31970 158.67220
2450865.72491 143.35455
2450906.45911 144.55158
2450947.19331 38.99165
2450987.92751 86.73002
2451232.33271 31.95625
2451273.06691 49.75250
2451313.80112 159.32176
2451354.53532 136.27208
2451598.94052 187.90264
2451639.67472 156.82871
2451680.40892 96.53000
2451721.14312 96.76373
2451965.54833 46.28456
2452006.28253 11.73757
2452047.01673 116.62824
2452087.75093 96.30340
2452332.15613 136.78332
2452372.89033 186.60149
2452413.62454 112.31046
2452454.35874 94.22929
2452698.76394 111.51665
2452739.49814 38.40057
2452780.23234 90.25842
2452820.96654 153.38198
2453065.37175 63.40898
2453106.10595 148.64126
2453146.84015 97.67329
2453187.57435 58.27710
2453431.97955 196.43188
2453472.71375 101.69759
2453513.44796 126.69192
2453554.18216 193.18207
2453798.58736 23.90371
2453839.32156 119.80443
2453880.05576 92.55705
2453920.78996 14.00177
2454165.19517 195.04155
2454205.92937 136.79097
2454246.66357 117.34953
2454287.39777 242.88506
2454531.80297 44.61349
2454572.53717 118.83761
2454613.27138 122.88900
2454654.00558 22.03365
2454898.41078 167.76805
2454939.14498 99.05366
2454979.87918 69.79832
2455020.61338 165.49019
2455265.01859 87.19309
2455305.75279 155.05944
2455346.48699 171.01049
2455387.22119 66.46954
2455631.62639 118.39637
2455672.36059 76.91612
2455713.09480 11.45936
2455753.82900 95.56540
2455957.50000 196.60386
