2445000.00000 2.80656
2445040.73420 10.92656
2445081.46840 1.44880
2445122.20260 10.35363
2445162.93680 2.04887
2445366.60781 2.93983
2445407.34201 9.27454
2445448.07621 1.84188
2445488.81041 10.74096
2445529.54461 2.83576
2445733.21561 9.69579
2445773.94981 13.28290
2445814.68401 7.79953
2445855.41822 17.25546
2445896.15242 7.35179
2446099.82342 13.81424
2446140.55762 10.95332
2446181.29182 9.92422
2446222.02602 13.85348
2446262.76022 7.75145
2446466.43123 12.53259
2446507.16543 5.29515
2446547.89963 6.86352
2446588.63383 7.00079
2446629.36803 4.84211
2446833.03903 9.03091
2446873.77323 0.86950
2446914.50743 7.33780
2446955.24164 3.83068
2446995.97584 6.63358
2447199.64684 13.38897
2447240.38104 4.44342
2447281.11524 14.72116
2447321.84944 6.69114
2447362.58364 12.78825
2447566.25465 16.65923
2447606.98885 7.06273
2447647.72305 17.85978
2447688.45725 8.89677
2447729.19145 17.29358
2447932.86245 9.66586
2447973.59665 5.01659
2448014.33086 11.17403
2448055.06506 3.07512
2448095.79926 10.74624
2448299.47026 3.44896
2448340.20446 4.87330
2448380.93866 5.97149
2448421.67286 2.68701
2448462.40706 8.96592
2448666.07807 4.09481
2448706.81227 11.19000
2448747.54647 8.64772
2448788.28067 10.27273
2448829.01487 12.52895
2449032.68587 7.83188
2449073.42007 17.94616
2449114.15428 7.03493
2449154.88848 15.33861
2449195.62268 11.16077
2449399.29368 6.24764
2449440.02788 13.58239
2449480.76208 4.18868
2449521.49628 14.69073
2449562.23048 3.95647
2449765.90149 1.71354
2449806.63569 9.39033
2449847.36989 0.32318
2449888.10409 8.94450
2450132.50929 5.33064
2450173.24349 10.37010
2450213.97770 4.37182
2450254.71190 10.23388
2450499.11710 14.42315
2450539.85130 12.32334
2450580.58550 10.91743
2450621.31970 15.92413
2450865.72491 14.05349
2450906.45911 7.15024
2450947.19331 9.82837
2450987.92751 10.91027
2451232.33271 11.42375
2451273.06691 1.94365
2451313.80112 8.59464
2451354.53532 2.85605
2451598.94052 7.15731
2451639.67472 2.31076
2451680.40892 9.18531
2451721.14312 3.79264
2451965.54833 20.24160
2452006.28253 7.09770
2452047.01673 17.21368
2452087.75093 6.52179
2452332.15613 14.79645
2452372.89033 8.47282
2452413.62454 15.58643
2452454.35874 5.03108
2452698.76394 3.93674
2452739.49814 7.10232
2452780.23234 7.84273
2452820.96654 2.65109
2453065.37175 3.32577
2453106.10595 7.84436
2453146.84015 6.61101
2453187.57435 6.64738
2453431.97955 6.73808
2453472.71375 18.63869
2453513.44796 8.99191
2453554.18216 11.46858
2453798.58736 7.36424
2453839.32156 13.65014
2453880.05576 8.57410
2453920.78996 13.78699
2454165.19517 4.15360
2454205.92937 10.11952
2454246.66357 2.66478
2454287.39777 8.82845
2454531.80297 4.25165
2454572.53717 7.79973
2454613.27138 2.84224
2454654.00558 10.48636
2454898.41078 9.70606
2454939.14498 9.64199
2454979.87918 8.43994
2455020.61338 15.09312
2455265.01859 12.89440
2455305.75279 9.66816
2455346.48699 9.81103
2455387.22119 10.34460
2455631.62639 11.82265
2455672.36059 5.41247
2455713.09480 10.63896
2455753.82900 6.89028
2455957.50000 2.73695
