2445000.00000 4.70299
2445040.73420 4.24475
2445081.46840 4.93738
2445122.20260 3.11286
2445162.93680 1.98438
2445366.60781 3.70069
2445407.34201 3.18191
2445448.07621 2.22692
2445488.81041 0.64076
2445529.54461 0.02289
2445733.21561 3.57934
2445773.94981 2.41926
2445814.68401 1.37730
2445855.41822 0.98495
2445896.15242 1.60638
2446099.82342 4.00035
2446140.55762 3.43505
2446181.29182 2.98259
2446222.02602 3.64772
2446262.76022 5.02980
2446466.43123 4.56767
2446507.16543 4.09472
2446547.89963 4.93475
2446588.63383 6.84108
2446629.36803 6.85697
2446833.03903 3.73040
2446873.77323 4.36268
2446914.50743 4.07846
2446955.24164 6.43553
2446995.97584 6.52759
2447199.64684 2.39453
2447240.38104 4.13449
2447281.11524 4.08588
2447321.84944 4.29855
2447362.58364 3.36592
2447566.25465 2.37711
2447606.98885 3.09805
2447647.72305 2.97396
2447688.45725 2.95823
2447729.19145 1.25376
2447932.86245 4.49333
2447973.59665 3.68631
2448014.33086 3.21053
2448055.06506 2.22827
2448095.79926 1.39111
2448299.47026 5.75548
2448340.20446 4.50018
2448380.93866 3.44015
2448421.67286 3.03478
2448462.40706 4.07404
2448666.07807 4.91231
2448706.81227 4.92978
2448747.54647 4.82362
2448788.28067 4.21638
2448829.01487 5.25830
2449032.68587 5.52038
2449073.42007 3.78076
2449114.15428 4.53133
2449154.88848 3.45318
2449195.62268 4.97250
2449399.29368 2.08765
2449440.02788 1.95602
2449480.76208 2.46861
2449521.49628 4.01857
2449562.23048 4.14505
2449765.90149 0.41480
2449806.63569 1.13631
2449847.36989 2.76982
2449888.10409 3.24975
2450132.50929 1.80986
2450173.24349 2.90372
2450213.97770 3.80596
2450254.71190 3.62964
2450499.11710 6.04388
2450539.85130 6.03221
2450580.58550 5.38057
2450621.31970 4.78108
2450865.72491 6.18876
2450906.45911 7.39047
2450947.19331 6.68915
2450987.92751 5.17336
2451232.33271 6.43630
2451273.06691 5.34150
2451313.80112 4.26455
2451354.53532 3.37230
2451598.94052 3.27382
2451639.67472 1.94580
2451680.40892 1.41224
2451721.14312 2.02243
2451965.54833 0.60075
2452006.28253 0.13031
2452047.01673 0.74609
2452087.75093 1.63535
2452332.15613 0.49226
2452372.89033 1.22273
2452413.62454 2.60579
2452454.35874 3.41893
2452698.76394 3.38808
2452739.49814 5.04903
2452780.23234 6.08992
2452820.96654 6.07987
2453065.37175 6.40446
2453106.10595 6.91680
2453146.84015 7.46779
2453187.57435 6.68583
2453431.97955 6.28877
2453472.71375 5.87718
2453513.44796 5.83375
2453554.18216 4.10494
2453798.58736 5.64975
2453839.32156 3.71116
2453880.05576 2.42536
2453920.78996 1.37332
2454165.19517 2.44968
2454205.92937 1.01955
2454246.66357 0.11331
2454287.39777 0.17955
2454531.80297 1.28508
2454572.53717 0.61951
2454613.27138 0.88050
2454654.00558 1.95899
2454898.41078 2.41540
2454939.14498 2.97075
2454979.87918 3.73369
2455020.61338 5.95261
2455265.01859 5.03244
2455305.75279 4.89135
2455346.48699 6.25772
2455387.22119 7.13772
2455631.62639 4.76565
2455672.36059 4.83534
2455713.09480 6.61120
2455753.82900 7.11819
2455957.50000 3.52529
