2445000.00000 0.89404
2445040.73420 -0.93762
2445081.46840 -1.07722
2445122.20260 1.54686
2445162.93680 1.05795
2445366.60781 -2.65544
2445407.34201 -1.16531
2445448.07621 2.69877
2445488.81041 1.42505
2445529.54461 -2.56900
2445733.21561 -1.02722
2445773.94981 2.55545
2445814.68401 0.81901
2445855.41822 -3.29624
2445896.15242 -0.49607
2446099.82342 2.21823
2446140.55762 0.03783
2446181.29182 -2.61536
2446222.02602 0.10044
2446262.76022 2.47386
2446466.43123 -0.38076
2446507.16543 -1.09255
2446547.89963 0.31643
2446588.63383 0.85262
2446629.36803 -0.32434
2446833.03903 0.18042
2446873.77323 0.00369
2446914.50743 -0.44610
2446955.24164 0.19050
2446995.97584 0.83540
2447199.64684 -1.06794
2447240.38104 -1.48145
2447281.11524 1.08382
2447321.84944 1.63646
2447362.58364 -1.41684
2447566.25465 -1.87457
2447606.98885 1.52574
2447647.72305 2.10611
2447688.45725 -2.00789
2447729.19145 -1.68723
2447932.86245 2.69455
2447973.59665 1.48505
2448014.33086 -2.29560
2448055.06506 -1.46264
2448095.79926 2.34102
2448299.47026 0.74684
2448340.20446 -2.35404
2448380.93866 -0.57132
2448421.67286 1.44771
2448462.40706 0.33023
2448666.07807 -0.98012
2448706.81227 0.03980
2448747.54647 0.46698
2448788.28067 -0.09929
2448829.01487 -0.21053
2449032.68587 0.07501
2449073.42007 -0.88422
2449114.15428 -0.00111
2449154.88848 1.38678
2449195.62268 -0.10313
2449399.29368 -1.96776
2449440.02788 0.59229
2449480.76208 2.43209
2449521.49628 -0.78025
2449562.23048 -2.18795
2449765.90149 1.20474
2449806.63569 2.67913
2449847.36989 -1.58704
2449888.10409 -2.81762
2450132.50929 2.18785
2450173.24349 -1.98322
2450213.97770 -2.03692
2450254.71190 2.08649
2450499.11710 -1.27793
2450539.85130 -1.10745
2450580.58550 0.96564
2450621.31970 0.77307
2450865.72491 -0.04006
2450906.45911 0.28131
2450947.19331 -0.11796
2450987.92751 0.14827
2451232.33271 -1.11541
2451273.06691 -0.47460
2451313.80112 1.64075
2451354.53532 0.38765
2451598.94052 -0.10224
2451639.67472 2.78636
2451680.40892 -0.03948
2451721.14312 -2.93845
2451965.54833 2.65491
2452006.28253 -0.63584
2452047.01673 -3.41366
2452087.75093 1.06973
2452332.15613 -1.29766
2452372.89033 -2.14655
2452413.62454 1.25318
2452454.35874 2.27066
2452698.76394 -1.14623
2452739.49814 1.01091
2452780.23234 0.88659
2452820.96654 -0.73349
2453065.37175 -0.07487
2453106.10595 -0.36708
2453146.84015 0.39710
2453187.57435 0.66426
2453431.97955 -1.19606
2453472.71375 1.95502
2453513.44796 1.21973
2453554.18216 -2.29589
2453798.58736 3.19607
2453839.32156 0.81727
2453880.05576 -3.51813
2453920.78996 -0.86626
2454165.19517 0.24679
2454205.92937 -3.40739
2454246.66357 -0.11211
2454287.39777 3.51437
2454531.80297 -2.65504
2454572.53717 0.53257
2454613.27138 2.21804
2454654.00558 -0.60876
2454898.41078 0.42672
2454939.14498 0.74064
2454979.87918 -0.38189
2455020.61338 -0.29981
2455265.01859 -0.88773
2455305.75279 0.48510
2455346.48699 1.38604
2455387.22119 -0.74711
2455631.62639 1.72927
2455672.36059 2.40964
2455713.09480 -2.11588
2455753.82900 -2.65203
2455957.50000 2.72804
