2445000.00000 8.89275
2445040.73420 -0.47736
2445081.46840 6.19470
2445122.20260 10.73499
2445162.93680 0.85738
2445366.60781 10.47225
2445407.34201 1.46379
2445448.07621 8.14230
2445488.81041 11.34128
2445529.54461 0.93551
2445733.21561 7.36112
2445773.94981 -2.19766
2445814.68401 2.36066
2445855.41822 6.46829
2445896.15242 -5.52310
2446099.82342 1.48761
2446140.55762 -8.79958
2446181.29182 -3.36349
2446222.02602 -0.34704
2446262.76022 -7.75810
2446466.43123 -2.56313
2446507.16543 -11.91828
2446547.89963 -6.64209
2446588.63383 -2.82891
2446629.36803 -12.41725
2446833.03903 -0.58789
2446873.77323 -10.62338
2446914.50743 -2.21179
2446955.24164 1.38567
2446995.97584 -7.98794
2447199.64684 4.68081
2447240.38104 -3.54132
2447281.11524 4.66964
2447321.84944 7.88806
2447362.58364 -1.26952
2447566.25465 9.54962
2447606.98885 1.00549
2447647.72305 8.34376
2447688.45725 10.19805
2447729.19145 1.40135
2447932.86245 9.54357
2447973.59665 -0.28471
2448014.33086 7.04306
2448055.06506 7.51054
2448095.79926 -2.14901
2448299.47026 4.02949
2448340.20446 -6.26451
2448380.93866 0.53418
2448421.67286 1.60214
2448462.40706 -7.74339
2448666.07807 -2.27097
2448706.81227 -9.60254
2448747.54647 -4.01147
2448788.28067 -2.86501
2448829.01487 -11.47402
2449032.68587 -3.06111
2449073.42007 -12.11244
2449114.15428 -3.28989
2449154.88848 -1.56516
2449195.62268 -9.73454
2449399.29368 1.49343
2449440.02788 -6.84016
2449480.76208 2.31170
2449521.49628 3.32099
2449562.23048 -4.42350
2449765.90149 7.47697
2449806.63569 -0.43575
2449847.36989 8.29900
2449888.10409 8.33275
2450132.50929 8.00017
2450173.24349 1.03743
2450213.97770 8.59878
2450254.71190 8.37355
2450499.11710 5.94477
2450539.85130 -3.74986
2450580.58550 4.36972
2450621.31970 3.50738
2450865.72491 -0.74500
2450906.45911 -9.21198
2450947.19331 -2.03565
2450987.92751 -2.42517
2451232.33271 -4.63334
2451273.06691 -13.12407
2451313.80112 -3.02771
2451354.53532 -3.87176
2451598.94052 -1.37198
2451639.67472 -8.40630
2451680.40892 0.27345
2451721.14312 0.14124
2451965.54833 3.85745
2452006.28253 -2.57259
2452047.01673 5.88464
2452087.75093 6.32177
2452332.15613 8.81158
2452372.89033 1.10403
2452413.62454 8.56453
2452454.35874 9.50547
2452698.76394 7.26149
2452739.49814 -0.75258
2452780.23234 7.04265
2452820.96654 5.03448
2453065.37175 1.29231
2453106.10595 -5.20246
2453146.84015 1.41754
2453187.57435 -0.80412
2453431.97955 -4.32951
2453472.71375 -11.16252
2453513.44796 -2.50688
2453554.18216 -5.76159
2453798.58736 -5.17513
2453839.32156 -9.31796
2453880.05576 -1.46857
2453920.78996 -3.85428
2454165.19517 0.48711
2454205.92937 -6.04523
2454246.66357 4.67160
2454287.39777 2.80050
2454531.80297 6.85998
2454572.53717 0.09085
2454613.27138 10.81552
2454654.00558 8.00502
2454898.41078 8.70425
2454939.14498 1.10215
2454979.87918 12.36682
2455020.61338 7.02250
2455265.01859 3.66409
2455305.75279 -3.83216
2455346.48699 5.60563
2455387.22119 1.07507
2455631.62639 -3.19357
2455672.36059 -7.78049
2455713.09480 -0.59800
2455753.82900 -3.49477
2455957.50000 -2.08223
