2445000.00000 14.35148
2445040.73420 17.14632
2445081.46840 21.44817
2445122.20260 22.88500
2445162.93680 29.41100
2445366.60781 32.21117
2445407.34201 29.27286
2445448.07621 20.77073
2445488.81041 18.28074
2445529.54461 19.94628
2445733.21561 4.01795
2445773.94981 4.02858
2445814.68401 5.52593
2445855.41822 6.90083
2445896.15242 7.57759
2446099.82342 14.43179
2446140.55762 13.96334
2446181.29182 13.30931
2446222.02602 15.95404
2446262.76022 17.52391
2446466.43123 33.59349
2446507.16543 30.26881
2446547.89963 35.06900
2446588.63383 33.64811
2446629.36803 28.70723
2446833.03903 10.32901
2446873.77323 5.55589
2446914.50743 4.11460
2446955.24164 2.01133
2446995.97584 1.84710
2447199.64684 9.61600
2447240.38104 10.51228
2447281.11524 14.06360
2447321.84944 16.81521
2447362.58364 16.98764
2447566.25465 25.74507
2447606.98885 24.04438
2447647.72305 25.34297
2447688.45725 22.08248
2447729.19145 27.77637
2447932.86245 23.48083
2447973.59665 20.25724
2448014.33086 20.29999
2448055.06506 14.73808
2448095.79926 10.18715
2448299.47026 0.45212
2448340.20446 1.43463
2448380.93866 3.97536
2448421.67286 7.14021
2448462.40706 9.15024
2448666.07807 25.37944
2448706.81227 25.14766
2448747.54647 28.98257
2448788.28067 26.36045
2448829.01487 22.60947
2449032.68587 23.32762
2449073.42007 28.03425
2449114.15428 21.26096
2449154.88848 18.76701
2449195.62268 22.44338
2449399.29368 7.08622
2449440.02788 3.97468
2449480.76208 1.99942
2449521.49628 0.99340
2449562.23048 0.91616
2449765.90149 16.10015
2449806.63569 17.73198
2449847.36989 20.13761
2449888.10409 27.02318
2450132.50929 22.84603
2450173.24349 28.25236
2450213.97770 19.46893
2450254.71190 20.12174
2450499.11710 17.17645
2450539.85130 10.26728
2450580.58550 10.47912
2450621.31970 10.42273
2450865.72491 4.47184
2450906.45911 6.42850
2450947.19331 7.79307
2450987.92751 13.41713
2451232.33271 33.36253
2451273.06691 24.92907
2451313.80112 31.32692
2451354.53532 27.11406
2451598.94052 15.21366
2451639.67472 14.00626
2451680.40892 14.36032
2451721.14312 14.14908
2451965.54833 9.11000
2452006.28253 5.89443
2452047.01673 6.87378
2452087.75093 7.26672
2452332.15613 23.07054
2452372.89033 21.57053
2452413.62454 30.92453
2452454.35874 26.65686
2452698.76394 21.41635
2452739.49814 24.65992
2452780.23234 20.72758
2452820.96654 14.21497
2453065.37175 11.95836
2453106.10595 10.09129
2453146.84015 9.63104
2453187.57435 10.63745
2453431.97955 11.75228
2453472.71375 12.03237
2453513.44796 14.69473
2453554.18216 16.95759
2453798.58736 23.88035
2453839.32156 23.71877
2453880.05576 23.99111
2453920.78996 23.07046
2454165.19517 8.71068
2454205.92937 8.88456
2454246.66357 7.94717
2454287.39777 6.66628
2454531.80297 14.62159
2454572.53717 13.40146
2454613.27138 14.30311
2454654.00558 13.36128
2454898.41078 23.00356
2454939.14498 25.88023
2454979.87918 22.79565
2455020.61338 26.64010
2455265.01859 19.83406
2455305.75279 14.20714
2455346.48699 11.16589
2455387.22119 10.68889
2455631.62639 8.87097
2455672.36059 11.88753
2455713.09480 10.48328
2455753.82900 13.13501
2455957.50000 21.75979
