2445000.00000 8.66364
2445040.73420 10.14829
2445081.46840 10.76960
2445122.20260 6.86277
2445162.93680 4.97296
2445366.60781 7.10394
2445407.34201 8.35762
2445448.07621 12.38393
2445488.81041 13.54738
2445529.54461 11.71628
2445733.21561 13.17272
2445773.94981 11.76570
2445814.68401 10.85840
2445855.41822 12.71155
2445896.15242 17.75172
2446099.82342 17.30450
2446140.55762 18.26262
2446181.29182 15.61979
2446222.02602 14.06299
2446262.76022 14.88749
2446466.43123 12.94553
2446507.16543 14.40552
2446547.89963 17.59537
2446588.63383 18.74793
2446629.36803 13.95297
2446833.03903 11.54542
2446873.77323 10.68981
2446914.50743 12.05170
2446955.24164 13.42671
2446995.97584 17.61571
2447199.64684 15.58852
2447240.38104 13.61477
2447281.11524 9.71812
2447321.84944 8.54356
2447362.58364 9.94033
2447566.25465 9.11327
2447606.98885 10.78148
2447647.72305 13.29554
2447688.45725 10.35189
2447729.19145 5.31827
2447932.86245 5.05097
2447973.59665 3.82161
2448014.33086 5.66035
2448055.06506 7.93485
2448095.79926 10.04942
2448299.47026 9.32719
2448340.20446 4.84028
2448380.93866 1.91177
2448421.67286 2.12928
2448462.40706 5.55019
2448666.07807 5.71714
2448706.81227 10.83366
2448747.54647 7.45250
2448788.28067 4.90040
2448829.01487 2.42168
2449032.68587 2.84265
2449073.42007 3.68253
2449114.15428 8.64141
2449154.88848 11.84272
2449195.62268 9.93774
2449399.29368 13.60567
2449440.02788 8.39735
2449480.76208 6.83519
2449521.49628 9.84185
2449562.23048 13.22260
2449765.90149 14.93925
2449806.63569 16.53967
2449847.36989 13.72187
2449888.10409 11.53064
2450132.50929 11.58807
2450173.24349 17.30774
2450213.97770 14.49364
2450254.71190 18.26717
2450499.11710 15.48543
2450539.85130 14.39016
2450580.58550 14.01564
2450621.31970 17.75256
2450865.72491 20.89135
2450906.45911 19.49426
2450947.19331 13.28019
2450987.92751 10.09575
2451232.33271 10.76097
2451273.06691 13.23491
2451313.80112 14.72941
2451354.53532 12.59268
2451598.94052 7.75856
2451639.67472 4.93350
2451680.40892 7.83466
2451721.14312 13.87771
2451965.54833 11.33271
2452006.28253 6.76748
2452047.01673 2.41142
2452087.75093 1.89301
2452332.15613 3.84300
2452372.89033 8.36796
2452413.62454 8.92333
2452454.35874 3.64788
2452698.76394 0.89667
2452739.49814 1.30387
2452780.23234 5.68538
2452820.96654 8.10401
2453065.37175 9.66758
2453106.10595 5.74223
2453146.84015 3.60355
2453187.57435 5.99799
2453431.97955 9.47776
2453472.71375 13.69012
2453513.44796 12.72949
2453554.18216 8.83272
2453798.58736 10.70956
2453839.32156 13.15153
2453880.05576 16.64385
2453920.78996 15.38398
2454165.19517 16.68655
2454205.92937 10.45890
2454246.66357 10.24102
2454287.39777 17.12398
2454531.80297 19.87290
2454572.53717 25.31090
2454613.27138 13.36124
2454654.00558 13.67266
2454898.41078 12.16202
2454939.14498 16.26004
2454979.87918 17.66178
2455020.61338 17.93982
2455265.01859 11.67090
2455305.75279 9.92350
2455346.48699 11.25939
2455387.22119 16.31272
2455631.62639 16.34981
2455672.36059 12.07039
2455713.09480 6.05269
2455753.82900 5.29622
2455957.50000 3.60717
