2445000.00000 6.67143
2445040.73420 10.91541
2445081.46840 10.48798
2445122.20260 8.08265
2445162.93680 5.85908
2445366.60781 3.96625
2445407.34201 6.96008
2445448.07621 10.61030
2445488.81041 10.63199
2445529.54461 10.65021
2445733.21561 4.08818
2445773.94981 6.98574
2445814.68401 11.34932
2445855.41822 11.66643
2445896.15242 15.23666
2446099.82342 7.79862
2446140.55762 10.24104
2446181.29182 10.53268
2446222.02602 12.55912
2446262.76022 16.45866
2446466.43123 13.15577
2446507.16543 12.45218
2446547.89963 10.71642
2446588.63383 8.80380
2446629.36803 10.95864
2446833.03903 15.27361
2446873.77323 15.43387
2446914.50743 8.91313
2446955.24164 7.74682
2446995.97584 7.99605
2447199.64684 10.89565
2447240.38104 10.26707
2447281.11524 7.48522
2447321.84944 5.07056
2447362.58364 2.92850
2447566.25465 9.83478
2447606.98885 10.75797
2447647.72305 9.29318
2447688.45725 6.78005
2447729.19145 3.89419
2447932.86245 6.04824
2447973.59665 8.80130
2448014.33086 9.30752
2448055.06506 9.98210
2448095.79926 9.00710
2448299.47026 5.64623
2448340.20446 8.82556
2448380.93866 11.63399
2448421.67286 11.91727
2448462.40706 13.08238
2448666.07807 8.78929
2448706.81227 9.69126
2448747.54647 13.13901
2448788.28067 16.34218
2448829.01487 18.62207
2449032.68587 10.18819
2449073.42007 11.42634
2449114.15428 10.71899
2449154.88848 12.39853
2449195.62268 15.85665
2449399.29368 13.77773
2449440.02788 7.77674
2449480.76208 9.44455
2449521.49628 8.20333
2449562.23048 7.56914
2449765.90149 12.65490
2449806.63569 9.00906
2449847.36989 7.48845
2449888.10409 3.99058
2450132.50929 11.40578
2450173.24349 9.74131
2450213.97770 6.98914
2450254.71190 4.09155
2450499.11710 7.13261
2450539.85130 9.45880
2450580.58550 8.97866
2450621.31970 8.43469
2450865.72491 6.38973
2450906.45911 8.21109
2450947.19331 11.15302
2450987.92751 14.18063
2451232.33271 8.56653
2451273.06691 9.23867
2451313.80112 12.31155
2451354.53532 17.87502
2451598.94052 11.30244
2451639.67472 10.15741
2451680.40892 11.91344
2451721.14312 13.98503
2451965.54833 14.00152
2452006.28253 11.71020
2452047.01673 8.78516
2452087.75093 9.39386
2452332.15613 12.18738
2452372.89033 8.97153
2452413.62454 6.14313
2452454.35874 4.86801
2452698.76394 10.15727
2452739.49814 8.87627
2452780.23234 6.05688
2452820.96654 2.44222
2453065.37175 8.07973
2453106.10595 9.51971
2453146.84015 7.77971
2453187.57435 6.39925
2453431.97955 6.73067
2453472.71375 10.74470
2453513.44796 13.17152
2453554.18216 12.59336
2453798.58736 8.60489
2453839.32156 12.26736
2453880.05576 13.47321
2453920.78996 17.16212
2454165.19517 10.37972
2454205.92937 11.84611
2454246.66357 13.94036
2454287.39777 18.26917
2454531.80297 11.18231
2454572.53717 10.54007
2454613.27138 10.19170
2454654.00558 12.23675
2454898.41078 10.09791
2454939.14498 8.80850
2454979.87918 5.90165
2455020.61338 4.93755
2455265.01859 9.32949
2455305.75279 7.42902
2455346.48699 3.64585
2455387.22119 1.76200
2455631.62639 9.34792
2455672.36059 7.54875
2455713.09480 5.78254
2455753.82900 3.00719
2455957.50000 5.86691
