45918.9 0.2791
45918.9 0.2727
45918.9 0.2710
48873.8 0.2741
48873.8 0.2777
48873.8 0.2676
48875.8 0.2756
48875.8 0.2777
48875.8 0.2671
48877.8 0.2599
48877.8 0.2632
48877.8 0.2607
48880.8 0.2610
48880.8 0.2642
48880.8 0.2614
48887.9 0.2634
48887.9 0.2617
48887.9 0.2696
48901.8 0.2810
48901.8 0.2896
48901.8 0.2823
48903.8 0.2643
48903.8 0.2776
48903.8 0.2735
48906.8 0.2626
48906.8 0.2659
48906.8 0.2677
48908.8 0.2591
48908.8 0.2734
48908.8 0.2614
48912.8 0.2677
48912.8 0.2661
48912.8 0.2689
48916.8 0.2608
48916.8 0.2657
48916.8 0.2643
48928.7 0.2815
48928.7 0.2792
48928.7 0.2718
48933.8 0.2753
48933.8 0.2700
48933.8 0.2789
48938.7 0.2820
48938.7 0.2869
48938.7 0.2878
48940.7 0.2715
48940.7 0.2735
48940.7 0.2728
48945.7 0.2812
48945.7 0.2794
48945.7 0.2840
48949.7 0.2776
48949.7 0.2769
48949.7 0.2782
48971.7 0.2715
48971.7 0.2779
48971.7 0.2824
48976.6 0.2870
48976.6 0.2876
48976.6 0.2847
48979.6 0.2852
48979.6 0.2868
48979.6 0.2834
49008.6 0.2800
49008.6 0.2900
49008.6 0.2980
49010.6 0.2717
49010.6 0.2982
49010.6 0.2795
49236.9 0.2698
49236.9 0.2777
49236.9 0.2737
49254.9 0.2722
49254.9 0.2654
49254.9 0.2706
49265.8 0.2900
49265.8 0.2726
49265.8 0.2734
49267.8 0.2708
49267.8 0.2660
49267.8 0.2742
49270.8 0.2694
49270.8 0.2638
49270.8 0.2779
49273.8 0.2809
49273.8 0.2788
49273.8 0.2801
49280.8 0.2770
49280.8 0.2764
49280.8 0.2697
49284.8 0.2826
49284.8 0.2771
49284.8 0.2807
49297.7 0.2838
49297.7 0.2690
49297.7 0.2784
49309.6 0.2643
49309.6 0.2781
49309.6 0.2709
49311.6 0.2831
49311.6 0.2873
49311.6 0.2840
49328.6 0.2599
49328.6 0.2651
49328.6 0.2676
49331.6 0.2822
49331.6 0.2822
49331.6 0.2885
49342.6 0.2622
49342.6 0.2528
49342.6 0.2527
49359.6 0.2584
49359.6 0.2628
49359.6 0.2558
49361.6 0.2662
49361.6 0.2637
49361.6 0.2719
49365.6 0.2840
49365.6 0.2833
49365.6 0.2813
49580.9 0.2747
49580.9 0.2768
49580.9 0.2957
49582.9 0.2734
49582.9 0.2838
49582.9 0.2756
49583.9 0.2593
49583.9 0.2737
49583.9 0.2586
49585.9 0.2982
49585.9 0.2813
49585.9 0.2853
49588.9 0.2673
49588.9 0.2831
49588.9 0.2802
49600.9 0.2908
49600.9 0.2467
49600.9 0.2799
49602.8 0.2823
49602.8 0.2702
49602.8 0.2898
49606.8 0.2830
49606.8 0.2976
49606.8 0.2955
49609.8 0.2864
49609.8 0.2922
49609.8 0.2802
49611.8 0.2996
49611.8 0.3035
49611.8 0.2925
49614.8 0.2931
49614.8 0.2895
49614.8 0.2993
49616.8 0.2771
49616.8 0.2793
49616.8 0.2635
49621.8 0.2677
49621.8 0.2767
49621.8 0.2585
49625.8 0.2714
49625.8 0.2911
49625.8 0.2718
49628.8 0.2912
49628.8 0.2853
49628.8 0.2902
49633.8 0.3097
49633.8 0.2759
49633.8 0.2802
49635.8 0.2899
49635.8 0.2828
49635.8 0.2925
49637.7 0.2613
49637.7 0.2687
49637.8 0.2615
49639.8 0.2651
49639.8 0.2575
49639.8 0.2702
49643.7 0.2852
49643.7 0.2999
49643.7 0.2926
49646.8 0.2641
49646.8 0.2817
49646.8 0.2552
49648.7 0.2718
49648.7 0.2849
49648.7 0.2843
49651.7 0.2720
49651.7 0.2875
49651.7 0.3149
49653.7 0.2684
49653.7 0.2738
49653.7 0.2737
49656.7 0.2731
49656.7 0.2763
49656.7 0.2768
49661.7 0.2904
49661.7 0.2794
49661.7 0.2720
49663.7 0.2772
49663.7 0.2708
49663.7 0.2726
49670.7 0.2904
49670.7 0.3033
49670.7 0.3073
49677.7 0.2876
49677.7 0.2999
49677.7 0.2912
49680.7 0.2734
49680.7 0.2764
49680.7 0.2718
49687.6 0.2819
49687.7 0.2892
49687.7 0.2946
49689.7 0.2683
49689.7 0.2501
49689.7 0.2710
49694.6 0.2823
49694.6 0.2813
49694.6 0.2771
49696.6 0.3002
49696.6 0.2879
49696.6 0.2783
49704.6 0.2875
49704.6 0.2905
49704.6 0.2793
