39369.8 0.1611
39371.8 0.1584
39390.8 0.1554
39391.8 0.1605
39424.8 0.1752
39786.8 0.1663
39787.8 0.1596
39835.8 0.1593
40105.8 0.1612
40106.8 0.1576
40107.8 0.1513
40137.8 0.1505
40139.8 0.1617
40140.8 0.1559
40168.8 0.1547
40169.8 0.1554
40454.8 0.1644
40455.8 0.1594
40456.8 0.1635
40457.8 0.1583
40495.8 0.1593
40499.8 0.1583
40519.8 0.1542
40557.8 0.1628
40558.8 0.1612
40572.8 0.1652
40809.8 0.1587
40843.8 0.1542
40844.8 0.1523
40845.8 0.1541
40910.8 0.1586
40911.8 0.1591
40912.8 0.1588
40960.8 0.1534
40961.8 0.1575
40962.8 0.1594
41199.8 0.1611
41200.8 0.1622
41201.8 0.1666
41202.8 0.1631
41250.8 0.1582
41262.8 0.1599
41263.8 0.1549
41264.8 0.1527
41554.8 0.1691
41589.8 0.1592
41590.8 0.1563
41591.8 0.1630
41614.8 0.1614
41615.8 0.1622
41617.8 0.1583
41618.8 0.1635
41641.8 0.1610
41644.8 0.1606
41669.8 0.1595
41670.8 0.1597
41671.8 0.1576
41909.8 0.1615
41942.8 0.1642
41943.8 0.1641
41944.8 0.1626
41945.8 0.1649
41959.8 0.1554
41960.8 0.1632
41961.8 0.1594
42045.8 0.1655
42046.8 0.1611
42282.8 0.1735
42283.8 0.1703
42284.8 0.1684
42285.8 0.1739
42329.8 0.1751
42330.8 0.1685
42380.8 0.1547
42382.8 0.1612
42431.8 0.1694
42432.8 0.1558
42438.8 0.1580
42645.8 0.1674
42646.8 0.1666
42647.8 0.1622
42675.8 0.1718
42676.8 0.1597
42677.8 0.1636
42678.8 0.1669
42702.8 0.1599
42703.8 0.1674
42704.8 0.1691
42731.8 0.1609
42732.8 0.1586
42763.8 0.1626
42764.8 0.1630
42792.8 0.1687
43024.8 0.1644
43025.8 0.1592
43060.8 0.1609
43061.8 0.1620
43062.8 0.1701
43063.8 0.1564
43111.8 0.1609
43112.8 0.1617
43113.8 0.1545
43146.8 0.1589
43347.8 0.1590
43350.8 0.1626
43350.8 0.1594
43351.8 0.1600
43351.8 0.1565
43414.8 0.1702
43477.8 0.1513
43478.8 0.1622
43479.8 0.1495
43481.8 0.1613
43742.8 0.1634
43777.8 0.1692
43824.8 0.1628
43892.8 0.1639
44172.8 0.1590
44191.8 0.1532
44200.8 0.1631
44225.8 0.1651
44424 0.1615
44424 0.1584
44427 0.1565
44427 0.1589
44430 0.1603
44430 0.1541
44430 0.1596
44431 0.1488
44431 0.1567
44431 0.1596
44433 0.1558
44433 0.1534
44433 0.1526
44442 0.1554
44442 0.1640
44442 0.1549
44442 0.1585
44442 0.1621
44442 0.1556
44443 0.1564
44443 0.1562
44443 0.1557
44444 0.1557
44444 0.1617
44444 0.1598
44445 0.1624
44445 0.1653
44445 0.1579
44445 0.1581
44445 0.1579
44445 0.1586
44446 0.1642
44446 0.1597
44446 0.1604
44447 0.1662
44447 0.1640
44447 0.1579
44448 0.1629
44448 0.1655
44448 0.1648
44448.9 0.1640
44448.9 0.1623
44449 0.1640
44450 0.1655
44450 0.1635
44450 0.1625
44452 0.1627
44452 0.1618
44452 0.1578
44452.9 0.1668
44453 0.1650
44453 0.1656
44453.9 0.1653
44453.9 0.1658
44454 0.1695
44455 0.1711
44455 0.1686
44455 0.1691
44459 0.1618
44459 0.1652
44459 0.1647
44460.9 0.1655
44460.9 0.1653
44460.9 0.1623
44462 0.1636
44462 0.1641
44462 0.1636
44463 0.1616
44463 0.1577
44463 0.1636
44464 0.1650
44464 0.1645
44464 0.1683
44465 0.1651
44465 0.1702
44465 0.1646
44467.9 0.1647
44467.9 0.1630
44467.9 0.1628
44469 0.1630
44469 0.1615
44469 0.1672
44469.9 0.1627
44469.9 0.1693
44469.9 0.1671
44472.9 0.1585
44473 0.1652
44473 0.1654
44474 0.1702
44474 0.1688
44474 0.1704
44474.9 0.1721
44474.9 0.1641
44474.9 0.1708
44476 0.1665
44476 0.1639
44476 0.1665
44478.9 0.1659
44478.9 0.1624
44478.9 0.1620
44479.9 0.1619
44479.9 0.1657
44479.9 0.1606
44480.9 0.1602
44480.9 0.1681
44480.9 0.1668
44481.9 0.1619
44481.9 0.1653
44481.9 0.1641
44482.9 0.1638
44482.9 0.1640
44482.9 0.1687
44484.9 0.1677
44484.9 0.1598
44484.9 0.1709
44485.9 0.1599
44485.9 0.1622
44485.9 0.1669
44486.9 0.1660
44486.9 0.1722
44486.9 0.1643
44487.9 0.1662
44487.9 0.1635
44487.9 0.1627
44489.9 0.1674
44489.9 0.1679
44489.9 0.1706
44490.9 0.1679
44490.9 0.1679
44490.9 0.1652
44492.9 0.1676
44492.9 0.1672
44492.9 0.1642
44493.9 0.1625
44493.9 0.1649
44493.9 0.1637
44494.9 0.1612
44494.9 0.1626
44494.9 0.1568
44495.9 0.1629
44495.9 0.1633
44495.9 0.1612
44496.9 0.1638
44497 0.1704
44497 0.1684
44506 0.1625
44506 0.1637
44506 0.1563
44506.9 0.1604
44506.9 0.1649
44506.9 0.1656
44507.9 0.1668
44507.9 0.1583
44507.9 0.1574
44508.9 0.1600
44508.9 0.1637
44508.9 0.1632
44524.8 0.1594
44524.8 0.1750
44524.8 0.1667
44525.9 0.1772
44525.9 0.1726
44525.9 0.1684
44546.8 0.1634
44546.8 0.1625
44546.8 0.1600
44547.8 0.1636
44547.8 0.1654
44547.8 0.1622
44548.8 0.1566
44548.8 0.1584
44548.8 0.1637
44549.8 0.1643
44549.8 0.1606
44549.8 0.1671
44550.8 0.1655
44550.8 0.1650
44550.8 0.1624
44564.8 0.1585
44564.8 0.1650
44564.8 0.1597
44566.8 0.1561
44566.8 0.1616
44566.8 0.1547
44606.6 0.1706
44606.6 0.1597
44606.6 0.1661
44829 0.1626
44829 0.1617
44829 0.1562
44865.9 0.1690
44865.9 0.1572
44865.9 0.1607
44868.9 0.1530
44868.9 0.1674
44868.9 0.1573
44870.9 0.1580
44870.9 0.1648
44870.9 0.1562
44871.9 0.1521
44872 0.1559
44872 0.1576
44873 0.1593
44873 0.1625
44873 0.1587
44874.9 0.1721
44874.9 0.1588
44874.9 0.1678
44898.9 0.1615
44898.9 0.1615
44898.9 0.1699
44899.8 0.1697
44899.8 0.1641
44899.8 0.1560
44900.9 0.1682
44900.9 0.1674
44900.9 0.1730
45198 0.1708
45198 0.1630
45198 0.1654
45199 0.1625
45199 0.1563
45199 0.1657
45209 0.1584
45209 0.1704
45209 0.1613
45209.9 0.1581
45209.9 0.1562
45209.9 0.1521
45211 0.1608
45211 0.1548
45211 0.1603
45211.9 0.1531
45211.9 0.1657
45211.9 0.1565
45214.9 0.1588
45214.9 0.1647
45215 0.1579
45215.9 0.1613
45215.9 0.1589
45215.9 0.1577
45217.9 0.1592
45217.9 0.1584
45217.9 0.1589
45219.9 0.1616
45219.9 0.1584
45219.9 0.1609
45223.9 0.1617
45223.9 0.1582
45223.9 0.1537
45225 0.1625
45225 0.1562
45225 0.1564
45225.9 0.1543
45225.9 0.1564
45225.9 0.1620
45235.8 0.1671
45235.8 0.1590
45235.8 0.1629
45240.8 0.1546
45240.8 0.1601
45240.8 0.1580
45243.8 0.1677
45243.8 0.1652
45243.8 0.1608
45245.8 0.1624
45245.8 0.1599
45245.8 0.1688
45247.8 0.1656
45247.8 0.1665
45247.8 0.1646
45250.9 0.1585
45250.9 0.1660
45250.9 0.1545
45251.8 0.1595
45251.8 0.1571
45251.8 0.1658
45253.8 0.1556
45253.8 0.1605
45253.8 0.1653
45254.8 0.1599
45254.8 0.1551
45254.8 0.1531
45256.8 0.1573
45256.8 0.1683
45256.8 0.1653
45258.8 0.1631
45258.8 0.1629
45258.8 0.1624
45275.7 0.1628
45275.8 0.1645
45275.8 0.1678
45276.8 0.1614
45276.8 0.1611
45276.8 0.1614
45277.8 0.1607
45277.8 0.1564
45277.8 0.1628
45317.6 0.1551
45317.7 0.1521
45317.7 0.1623
45319.7 0.1639
45319.7 0.1623
45319.7 0.1619
45321.7 0.1716
45321.7 0.1736
45321.7 0.1743
45323.7 0.1662
45323.7 0.1635
45323.7 0.1697
45345.6 0.1656
45345.6 0.1567
45345.7 0.1672
45545 0.1527
45545 0.1493
45545 0.1473
45555 0.1495
45555 0.1444
45555 0.1436
45558 0.1529
45558 0.1506
45558 0.1470
45564 0.1587
45564 0.1557
45564 0.1576
45569 0.1498
45569 0.1490
45569 0.1534
45574 0.1478
45574 0.1438
45574 0.1494
45575 0.1511
45575 0.1613
45575 0.1527
45576 0.1476
45576 0.1534
45576 0.1516
45580 0.1527
45580 0.1478
45580 0.1506
45583 0.1524
45583 0.1540
45583 0.1466
45586 0.1453
45586 0.1513
45586 0.1513
45588.9 0.1528
45588.9 0.1498
45588.9 0.1445
45590.9 0.1526
45590.9 0.1576
45590.9 0.1500
45593 0.1525
45593 0.1542
45593 0.1505
45593.9 0.1529
45593.9 0.1523
45593.9 0.1556
45595.9 0.1500
45595.9 0.1467
45595.9 0.1477
45626.8 0.1519
45626.8 0.1556
45626.8 0.1581
45655.7 0.1510
45655.7 0.1531
45655.8 0.1549
45664.7 0.1468
45664.7 0.1475
45664.7 0.1648
45686.7 0.1482
45686.7 0.1411
45686.7 0.1503
45707.7 0.1522
45707.7 0.1523
45707.7 0.1523
45725.6 0.1581
45725.6 0.1549
45725.6 0.1519
45918 0.1491
45918 0.1507
45918 0.1514
45919 0.1571
45919 0.1525
45919 0.1501
45919.9 0.1549
45919.9 0.1555
45919.9 0.1549
45933 0.1598
45933 0.1605
45933 0.1557
45934 0.1588
45934 0.1601
45934 0.1661
45936 0.1653
45936 0.1612
45936 0.1760
45937 0.1711
45937 0.1662
45937 0.1617
45938 0.1647
45938 0.1588
45938 0.1643
45939 0.1534
45939 0.1539
45939 0.1584
45940 0.1477
45940 0.1673
45940 0.1547
45941.9 0.1475
45941.9 0.1553
45941.9 0.1546
45944 0.1525
45944 0.1507
45944 0.1549
45945 0.1558
45945 0.1644
45945 0.1622
45948 0.1686
45948 0.1683
45948 0.1643
45949 0.1678
45949 0.1709
45949 0.1658
45951 0.1543
45951 0.1510
45951 0.1530
45951.9 0.1688
45951.9 0.1692
45951.9 0.1568
45966 0.1570
45966 0.1591
45966 0.1563
45969.9 0.1555
45969.9 0.1603
45969.9 0.1572
45971.9 0.1561
45971.9 0.1586
45971.9 0.1583
45972.9 0.1636
45972.9 0.1735
45972.9 0.1613
45976.9 0.1588
45976.9 0.1520
45976.9 0.1615
45982.9 0.1604
45982.9 0.1604
45982.9 0.1655
45998.8 0.1561
45998.8 0.1598
45998.8 0.1589
46001.8 0.1634
46001.8 0.1699
46001.8 0.1607
46016.8 0.1678
46016.8 0.1590
46016.8 0.1616
46024.8 0.1612
46024.8 0.1588
46024.8 0.1632
46031.8 0.1586
46031.8 0.1567
46031.8 0.1540
46036.8 0.1756
46036.8 0.1660
46036.8 0.1676
46051.8 0.1674
46051.8 0.1580
46051.8 0.1544
46068.7 0.1649
46068.7 0.1657
46068.7 0.1668
46070.7 0.1691
46070.7 0.1653
46070.7 0.1707
46085.5 0.1594
46085.5 0.1577
46086.5 0.1644
46292 0.1572
46292 0.1554
46292 0.1535
46304 0.1532
46304 0.1539
46304 0.1524
46310 0.1616
46310 0.1596
46310 0.1578
46322 0.1626
46322 0.1578
46322 0.1610
46323 0.1579
46323 0.1542
46323 0.1567
46325 0.1535
46325 0.1569
46325 0.1552
46328.9 0.1568
46328.9 0.1539
46328.9 0.1561
46329.9 0.1547
46329.9 0.1562
46329.9 0.1518
46332 0.1519
46332 0.1526
46332 0.1532
46334.9 0.1603
46334.9 0.1616
46334.9 0.1601
46338 0.1627
46338 0.1591
46338 0.1595
46339.8 0.1514
46339.8 0.1534
46339.9 0.1523
46340.8 0.1546
46340.8 0.1527
46340.8 0.1525
46357.9 0.1610
46357.9 0.1583
46357.9 0.1543
46361.9 0.1576
46361.9 0.1610
46361.9 0.1595
46364.9 0.1569
46364.9 0.1577
46364.9 0.1533
46368.8 0.1532
46368.8 0.1540
46368.8 0.1501
46370.9 0.1586
46370.9 0.1559
46370.9 0.1586
46371.8 0.1595
46371.8 0.1587
46371.8 0.1541
46372.8 0.1590
46372.8 0.1597
46372.8 0.1638
46374.8 0.1630
46374.8 0.1600
46374.8 0.1577
46375.8 0.1583
46375.8 0.1646
46375.8 0.1613
46376.8 0.1600
46376.8 0.1611
46376.8 0.1610
46382.8 0.1528
46382.8 0.1532
46382.8 0.1598
46387.8 0.1599
46387.8 0.1628
46387.8 0.1589
46388.8 0.1606
46388.8 0.1564
46388.8 0.1592
46389.8 0.1605
46389.8 0.1609
46389.8 0.1582
46390.8 0.1645
46390.8 0.1596
46390.8 0.1565
46392.8 0.1537
46392.8 0.1516
46392.8 0.1533
46396.8 0.1567
46396.8 0.1568
46396.8 0.1556
46403.8 0.1597
46403.8 0.1587
46403.8 0.1600
46405.7 0.1551
46405.7 0.1601
46405.7 0.1634
46407.8 0.1595
46407.8 0.1583
46407.8 0.1570
46409.7 0.1554
46409.7 0.1571
46409.7 0.1541
46411.7 0.1576
46411.7 0.1581
46411.7 0.1518
46414.7 0.1608
46414.7 0.1653
46414.7 0.1616
46417.7 0.1612
46417.7 0.1585
46417.7 0.1589
46419.7 0.1566
46419.7 0.1502
46419.7 0.1521
46420.7 0.1561
46420.7 0.1578
46420.8 0.1519
46426.8 0.1544
46426.8 0.1563
46426.8 0.1567
46427.7 0.1627
46427.7 0.1625
46427.7 0.1613
46439.7 0.1562
46439.7 0.1580
46439.7 0.1540
46441.7 0.1698
46441.7 0.1606
46441.7 0.1602
46442.7 0.1673
46442.7 0.1621
46442.7 0.1657
46444.6 0.1632
46444.6 0.1618
46444.6 0.1622
46449.7 0.1542
46449.7 0.1526
46449.7 0.1529
46450.7 0.1513
46450.7 0.1537
46450.7 0.1495
46451.7 0.1536
46451.7 0.1585
46451.7 0.1522
46455.6 0.1619
46455.6 0.1613
46455.6 0.1665
46467.6 0.1602
46467.6 0.1598
46467.6 0.1557
46470.6 0.1740
46470.6 0.1693
46470.6 0.1690
46673 0.1702
46673 0.1758
46673 0.1737
46673.9 0.1706
46673.9 0.1673
46673.9 0.1726
46678 0.1613
46678 0.1623
46678 0.1617
46680 0.1548
46680 0.1545
46680 0.1649
46683 0.1646
46683 0.1633
46683 0.1572
46683.9 0.1595
46683.9 0.1614
46684 0.1609
46685.9 0.1651
46685.9 0.1677
46685.9 0.1723
46688 0.1692
46688 0.1727
46688 0.1727
46690 0.1775
46690 0.1786
46690 0.1694
46691 0.1687
46691 0.1729
46691 0.1652
46693 0.1703
46693 0.1713
46693 0.1706
46695.9 0.1611
46695.9 0.1531
46695.9 0.1567
46704.9 0.1707
46704.9 0.1694
46704.9 0.1655
46706.9 0.1634
46706.9 0.1644
46706.9 0.1633
46708.9 0.1652
46708.9 0.1618
46708.9 0.1635
46709.9 0.1608
46709.9 0.1534
46709.9 0.1616
46711.9 0.1631
46711.9 0.1570
46711.9 0.1602
46716.9 0.1738
46716.9 0.1716
46716.9 0.1690
46717.9 0.1718
46717.9 0.1737
46717.9 0.1715
46720.9 0.1615
46720.9 0.1561
46720.9 0.1612
46722.9 0.1652
46722.9 0.1594
46722.9 0.1630
46724.9 0.1649
46724.9 0.1572
46724.9 0.1617
46727.8 0.1593
46727.8 0.1661
46727.9 0.1644
46731.9 0.1706
46731.9 0.1641
46731.9 0.1667
46733.8 0.1638
46733.8 0.1571
46733.8 0.1593
46738.9 0.1663
46738.9 0.1639
46738.9 0.1639
46740.8 0.1644
46740.8 0.1634
46740.8 0.1584
46743.8 0.1595
46743.8 0.1654
46743.8 0.1604
46744.8 0.1615
46744.8 0.1641
46744.8 0.1634
46746.8 0.1600
46746.8 0.1592
46746.8 0.1564
46748.8 0.1584
46748.8 0.1594
46748.8 0.1590
46754.8 0.1616
46754.8 0.1649
46754.8 0.1645
46755.8 0.1629
46755.8 0.1678
46755.8 0.1587
46768.7 0.1455
46768.7 0.1504
46768.7 0.1537
46775.7 0.1632
46775.7 0.1596
46775.7 0.1570
46777.7 0.1562
46777.7 0.1523
46777.7 0.1578
46782.7 0.1608
46782.7 0.1542
46782.7 0.1470
46798.7 0.1610
46798.7 0.1671
46798.7 0.1605
46806.7 0.1617
46806.7 0.1556
46806.7 0.1637
46807.7 0.1628
46807.7 0.1627
46807.7 0.1648
46810.7 0.1525
46810.7 0.1664
46810.7 0.1671
46817.6 0.1629
46817.6 0.1602
46817.6 0.1574
46828.6 0.1600
46828.6 0.1612
46828.6 0.1618
46831.6 0.1631
46831.6 0.1604
46831.6 0.1596
47028 0.1502
47028 0.1497
47028 0.1479
47032 0.1492
47032 0.1496
47032 0.1511
47035 0.1530
47035 0.1498
47035 0.1491
47039 0.1543
47039 0.1522
47039 0.1514
47041 0.1589
47041 0.1666
47041 0.1653
47043 0.1567
47043 0.1597
47043 0.1614
47044 0.1549
47044 0.1461
47044 0.1507
47045.9 0.1573
47045.9 0.1536
47045.9 0.1502
47048 0.1545
47048 0.1527
47048 0.1580
47049.9 0.1512
47049.9 0.1516
47049.9 0.1491
47051 0.1580
47051 0.1514
47051 0.1537
47053.9 0.1555
47053.9 0.1580
47053.9 0.1598
47054.9 0.1651
47054.9 0.1623
47054.9 0.1516
47055.9 0.1587
47055.9 0.1564
47055.9 0.1539
47057.9 0.1478
47058 0.1509
47058 0.1480
47060.9 0.1646
47060.9 0.1557
47060.9 0.1613
47064.9 0.1618
47064.9 0.1523
47064.9 0.1488
47068 0.1586
47068 0.1587
47068 0.1645
47071.9 0.1510
47071.9 0.1553
47071.9 0.1552
47073.9 0.1606
47073.9 0.1604
47073.9 0.1548
47076.9 0.1620
47076.9 0.1617
47076.9 0.1604
47077.9 0.1528
47077.9 0.1626
47077.9 0.1564
47079.9 0.1622
47079.9 0.1597
47079.9 0.1652
47082.9 0.1658
47082.9 0.1638
47082.9 0.1706
47085.9 0.1532
47085.9 0.1537
47085.9 0.1541
47087.9 0.1617
47087.9 0.1616
47087.9 0.1574
47088.9 0.1528
47088.9 0.1566
47088.9 0.1496
47107.8 0.1588
47107.8 0.1579
47107.8 0.1590
47108.8 0.1554
47108.8 0.1555
47108.8 0.1569
47110.8 0.1552
47110.8 0.1531
47110.8 0.1588
47114.8 0.1522
47114.8 0.1512
47114.8 0.1600
47119.8 0.1547
47119.8 0.1587
47119.8 0.1607
47123.8 0.1562
47123.8 0.1560
47123.8 0.1586
47125.8 0.1580
47125.8 0.1528
47125.8 0.1515
47127.8 0.1544
47127.8 0.1559
47127.8 0.1535
47129.8 0.1564
47129.8 0.1602
47129.8 0.1529
47130.8 0.1545
47130.8 0.1522
47130.8 0.1518
47132.8 0.1582
47132.8 0.1597
47132.8 0.1566
47138.8 0.1567
47138.8 0.1585
47138.8 0.1545
47139.8 0.1547
47139.8 0.1573
47139.8 0.1518
47144.7 0.1520
47144.7 0.1546
47144.7 0.1519
47148.7 0.1533
47148.7 0.1501
47148.7 0.1567
47162.7 0.1528
47162.7 0.1539
47162.7 0.1523
47168.7 0.1625
47168.7 0.1628
47168.7 0.1575
47172.7 0.1606
47172.7 0.1599
47172.7 0.1571
47174.7 0.1514
47174.7 0.1499
47174.7 0.1476
47184.7 0.1654
47184.7 0.1570
47184.7 0.1612
47194.7 0.1598
47194.7 0.1571
47194.7 0.1578
47200.6 0.1577
47200.6 0.1535
47200.6 0.1502
47420.9 0.1652
47420.9 0.1632
47420.9 0.1592
47427 0.1579
47427 0.1633
47427 0.1616
47430 0.1642
47430 0.1629
47430 0.1661
47431.9 0.1651
47431.9 0.1643
47431.9 0.1673
47434 0.1659
47434 0.1645
47434 0.1674
47434.9 0.1640
47434.9 0.1631
47434.9 0.1627
47447.9 0.1625
47447.9 0.1609
47447.9 0.1650
47450.8 0.1558
47450.8 0.1504
47450.8 0.1520
47457.8 0.1575
47457.8 0.1613
47457.8 0.1623
47460.9 0.1545
47460.9 0.1579
47460.9 0.1625
47464.9 0.1637
47464.9 0.1617
47464.9 0.1550
47466.8 0.1616
47466.8 0.1604
47466.8 0.1620
47470.8 0.1601
47470.8 0.1615
47470.8 0.1602
47472.8 0.1648
47472.8 0.1690
47472.8 0.1684
47478.7 0.1688
47478.7 0.1602
47478.7 0.1651
47482.8 0.1618
47482.8 0.1584
47482.8 0.1618
47484.8 0.1601
47484.8 0.1589
47484.8 0.1586
47486.8 0.1691
47486.8 0.1620
47486.8 0.1581
47492.8 0.1612
47492.8 0.1633
47492.8 0.1683
47495.7 0.1603
47495.7 0.1526
47495.7 0.1562
47496.7 0.1559
47496.7 0.1604
47496.7 0.1566
47499.7 0.1541
47499.7 0.1562
47499.7 0.1583
47500.7 0.1613
47500.7 0.1605
47500.7 0.1664
47508.7 0.1750
47508.7 0.1648
47508.7 0.1654
47509.7 0.1580
47509.7 0.1576
47509.7 0.1551
47517.7 0.1649
47517.7 0.1662
47517.7 0.1609
47526.7 0.1669
47526.7 0.1705
47526.7 0.1714
47529.7 0.1587
47529.7 0.1653
47529.7 0.1624
47540.6 0.1656
47540.6 0.1689
47540.6 0.1652
47541.7 0.1636
47541.7 0.1659
47541.7 0.1664
47544.7 0.1648
47544.7 0.1703
47544.7 0.1583
47555.6 0.1599
47555.6 0.1634
47555.6 0.1595
47559.6 0.1657
47559.6 0.1714
47559.6 0.1699
47574.6 0.1573
47574.6 0.1541
47574.6 0.1570
47772 0.1478
47772 0.1470
47772 0.1544
47776 0.1516
47776 0.1568
47776 0.1560
47778 0.1487
47778 0.1507
47778 0.1484
47780 0.1543
47780 0.1537
47780 0.1548
47782 0.1531
47782 0.1548
47782 0.1496
47784 0.1477
47784 0.1517
47784 0.1482
47790 0.1523
47790 0.1511
47790 0.1510
47803.9 0.1530
47804 0.1498
47804 0.1535
47806.9 0.1508
47806.9 0.1523
47806.9 0.1585
47807.9 0.1483
47807.9 0.1528
47807.9 0.1525
47809.9 0.1506
47809.9 0.1556
47809.9 0.1544
47818.9 0.1522
47818.9 0.1528
47818.9 0.1535
47834.8 0.1531
47834.8 0.1471
47834.8 0.1480
47838.8 0.1497
47838.8 0.1514
47838.8 0.1517
47845.8 0.1543
47845.8 0.1543
47845.8 0.1517
47849.8 0.1547
47849.8 0.1537
47849.8 0.1512
47862.7 0.1509
47862.7 0.1512
47862.7 0.1466
47865.7 0.1525
47865.7 0.1522
47865.7 0.1482
47868.7 0.1519
47868.7 0.1462
47868.7 0.1507
47871.7 0.1503
47871.7 0.1516
47871.7 0.1520
47877.7 0.1480
47877.7 0.1450
47877.7 0.1466
47895.6 0.1545
47895.6 0.1529
47895.6 0.1490
47900.6 0.1513
47900.6 0.1518
47900.6 0.1463
47902.6 0.1541
47902.6 0.1529
47902.6 0.1532
47912.6 0.1556
47912.6 0.1564
47912.6 0.1556
48123 0.1448
48123 0.1466
48123 0.1466
48148.9 0.1479
48148.9 0.1484
48148.9 0.1529
48151.9 0.1509
48151.9 0.1505
48152 0.1505
48152.9 0.1506
48152.9 0.1541
48152.9 0.1547
48155 0.1563
48155 0.1563
48155 0.1517
48159.9 0.1519
48159.9 0.1505
48159.9 0.1471
48161.9 0.1479
48161.9 0.1488
48161.9 0.1471
48165 0.1559
48165 0.1525
48165 0.1493
48166.9 0.1505
48166.9 0.1536
48166.9 0.1521
48186.9 0.1466
48186.9 0.1524
48186.9 0.1489
48194.9 0.1475
48194.9 0.1541
48194.9 0.1542
48213.8 0.1557
48213.8 0.1566
48213.8 0.1569
48219.8 0.1547
48219.8 0.1549
48219.8 0.1562
48223.8 0.1531
48223.8 0.1495
48223.8 0.1515
48226.8 0.1516
48226.8 0.1492
48226.8 0.1520
48228.7 0.1494
48228.7 0.1473
48228.7 0.1543
48242.7 0.1575
48242.7 0.1544
48242.7 0.1530
48881.9 0.1480
48881.9 0.1434
48881.9 0.1510
48888.9 0.1525
48888.9 0.1499
48888.9 0.1522
48890.9 0.1568
48890.9 0.1552
48890.9 0.1545
48892.9 0.1491
48892.9 0.1490
48892.9 0.1510
48894.9 0.1529
48894.9 0.1503
48895 0.1526
48897.9 0.1592
48897.9 0.1501
48897.9 0.1515
48901.9 0.1514
48901.9 0.1500
48901.9 0.1530
48902.9 0.1524
48902.9 0.1530
48902.9 0.1498
48904.9 0.1487
48904.9 0.1501
48904.9 0.1453
48906.8 0.1538
48906.8 0.1581
48906.8 0.1559
48910.9 0.1498
48910.9 0.1537
48910.9 0.1544
48912.9 0.1571
48912.9 0.1572
48912.9 0.1587
48915.9 0.1558
48915.9 0.1564
48915.9 0.1515
48918.9 0.1471
48918.9 0.1490
48918.9 0.1501
48928.8 0.1542
48928.8 0.1562
48928.8 0.1592
48938.8 0.1522
48938.8 0.1566
48938.8 0.1581
48939.8 0.1572
48939.8 0.1560
48939.8 0.1618
48945.8 0.1574
48945.8 0.1567
48945.8 0.1548
48951.8 0.1519
48951.8 0.1558
48951.8 0.1563
48956.7 0.1565
48956.7 0.1520
48956.7 0.1610
48959.7 0.1550
48959.7 0.1514
48959.8 0.1581
48967.8 0.1563
48967.8 0.1572
48967.8 0.1557
48971.7 0.1610
48971.7 0.1551
48971.7 0.1542
48972.7 0.1521
48972.7 0.1518
48972.7 0.1540
48975.7 0.1510
48975.7 0.1492
48975.7 0.1511
48976.8 0.1542
48976.8 0.1528
48976.8 0.1473
48978.8 0.1545
48978.8 0.1603
48978.8 0.1611
48980.7 0.1532
48980.7 0.1538
48980.7 0.1527
48983.7 0.1550
48983.7 0.1531
48983.7 0.1520
48999.7 0.1456
48999.7 0.1509
48999.7 0.1497
49008.6 0.1493
49008.7 0.1481
49008.7 0.1484
49010.7 0.1520
49010.7 0.1482
49010.7 0.1479
49011.6 0.1442
49011.6 0.1491
49011.7 0.1473
49015.6 0.1597
49015.6 0.1548
49015.6 0.1512
49252 0.1438
49252 0.1461
49252 0.1462
49255.9 0.1399
49255.9 0.1405
49255.9 0.1413
49258 0.1494
49258 0.1467
49258 0.1463
49259.9 0.1509
49259.9 0.1487
49259.9 0.1478
49262 0.1506
49262 0.1513
49262 0.1483
49263.9 0.1460
49263.9 0.1453
49263.9 0.1472
49265.9 0.1416
49265.9 0.1423
49265.9 0.1406
49266.9 0.1401
49266.9 0.1426
49266.9 0.1439
49268.9 0.1485
49268.9 0.1521
49268.9 0.1443
49270.9 0.1453
49270.9 0.1543
49270.9 0.1500
49273.8 0.1474
49273.8 0.1425
49273.8 0.1507
49279.9 0.1503
49279.9 0.1482
49279.9 0.1468
49283.9 0.1489
49283.9 0.1496
49283.9 0.1470
49285.9 0.1442
49285.9 0.1457
49285.9 0.1478
49294.8 0.1423
49294.8 0.1493
49294.8 0.1441
49296.8 0.1450
49296.8 0.1452
49296.8 0.1456
49297.8 0.1506
49297.8 0.1465
49297.8 0.1520
49299.8 0.1506
49299.8 0.1531
49299.8 0.1514
49307.7 0.1481
49307.7 0.1466
49307.7 0.1456
49309.7 0.1490
49309.7 0.1476
49309.7 0.1481
49310.7 0.1497
49310.7 0.1506
49310.7 0.1504
49311.7 0.1544
49311.7 0.1501
49311.7 0.1524
49312.7 0.1494
49312.7 0.1515
49312.7 0.1545
49318.7 0.1499
49318.7 0.1493
49318.7 0.1466
49327.7 0.1505
49327.7 0.1457
49327.7 0.1471
49328.7 0.1485
49328.7 0.1467
49328.7 0.1500
49331.7 0.1466
49331.7 0.1472
49331.7 0.1526
49332.7 0.1500
49332.7 0.1469
49332.7 0.1570
49335.7 0.1473
49335.7 0.1485
49335.7 0.1452
49337.7 0.1498
49337.7 0.1457
49337.7 0.1461
49342.7 0.1519
49342.7 0.1492
49342.7 0.1512
49344.7 0.1528
49344.7 0.1466
49344.7 0.1457
49349.7 0.1464
49349.7 0.1461
49349.7 0.1467
49350.6 0.1406
49350.6 0.1413
49350.6 0.1419
49352.6 0.1457
49352.6 0.1412
49352.7 0.1473
49354.6 0.1474
49354.6 0.1482
49354.6 0.1503
49355.6 0.1487
49355.6 0.1518
49355.6 0.1487
49359.7 0.1475
49359.7 0.1460
49359.7 0.1465
49360.6 0.1454
49360.6 0.1495
49360.6 0.1464
49362.6 0.1464
49362.6 0.1465
49362.6 0.1439
49365.6 0.1394
49365.7 0.1420
49365.7 0.1433
49368.6 0.1482
49368.6 0.1462
49368.6 0.1477
49602.9 0.1509
49602.9 0.1467
49602.9 0.1476
49603.9 0.1445
49603.9 0.1497
49603.9 0.1484
49610.9 0.1464
49610.9 0.1481
49610.9 0.1440
49615.8 0.1476
49615.8 0.1507
49615.8 0.1559
49617.8 0.1529
49617.8 0.1491
49617.8 0.1512
49621.9 0.1464
49621.9 0.1512
49621.9 0.1510
49625.9 0.1551
49625.9 0.1528
49625.9 0.1458
49626.9 0.1510
49626.9 0.1542
49626.9 0.1537
49628.9 0.1486
49628.9 0.1495
49628.9 0.1499
49632.9 0.1536
49632.9 0.1524
49632.9 0.1461
49633.9 0.1580
49633.9 0.1471
49633.9 0.1496
49635.9 0.1533
49635.9 0.1458
49635.9 0.1511
49636.9 0.1459
49636.9 0.1461
49636.9 0.1467
49641.9 0.1543
49641.9 0.1473
49641.9 0.1499
49642.8 0.1555
49642.8 0.1533
49642.9 0.1471
49644.8 0.1505
49644.8 0.1502
49644.8 0.1524
49645.8 0.1511
49645.8 0.1483
49645.9 0.1520
49647.8 0.1598
49647.8 0.1508
49647.8 0.1556
49650.9 0.1459
49650.9 0.1503
49650.9 0.1499
49651.8 0.1495
49651.8 0.1497
49651.8 0.1504
49653.8 0.1484
49653.8 0.1508
49653.8 0.1457
49654.8 0.1484
49654.8 0.1480
49654.8 0.1470
49656.8 0.1532
49656.8 0.1538
49656.8 0.1528
49657.8 0.1554
49657.8 0.1551
49657.8 0.1560
49660.8 0.1616
49660.8 0.1548
49660.8 0.1644
49661.8 0.1538
49661.9 0.1589
49661.9 0.1496
49663.8 0.1507
49663.8 0.1517
49663.8 0.1449
49668.8 0.1504
49668.8 0.1569
49668.8 0.1567
49670.8 0.1490
49670.8 0.1531
49670.8 0.1525
49675.8 0.1582
49675.8 0.1626
49675.8 0.1589
49676.7 0.1536
49676.7 0.1596
49676.7 0.1541
49679.8 0.1492
49679.8 0.1497
49679.8 0.1511
49680.7 0.1538
49680.7 0.1565
49680.7 0.1457
49685.8 0.1536
49685.8 0.1574
49685.8 0.1569
49686.7 0.1545
49686.7 0.1585
49686.8 0.1562
49687.7 0.1565
49687.7 0.1567
49687.7 0.1562
49689.7 0.1472
49689.7 0.1516
49689.7 0.1592
49694.7 0.1471
49694.7 0.1506
49694.7 0.1475
49696.7 0.1509
49696.7 0.1512
49696.7 0.1450
49697.8 0.1567
49697.8 0.1541
49697.8 0.1575
49701.8 0.1530
49701.8 0.1561
49703.7 0.1482
49703.7 0.1529
49703.7 0.1575
49704.7 0.1446
49704.7 0.1502
49704.7 0.1519
49706.7 0.1553
49706.7 0.1490
49706.7 0.1506
49708.8 0.1585
49708.8 0.1628
49708.8 0.1573
49713.7 0.1616
49713.7 0.1497
49713.7 0.1539
49716.7 0.1544
49716.7 0.1456
49716.7 0.1555
49717.7 0.1524
49717.7 0.1552
49717.7 0.1530
49719.7 0.1504
49719.7 0.1509
49719.7 0.1505
49730.6 0.1588
49730.6 0.1556
49730.6 0.1534
49731.7 0.1574
49731.7 0.1561
49731.7 0.1489
49735.6 0.1533
49735.6 0.1598
49735.6 0.1557
49736.7 0.1505
49736.7 0.1497
49736.7 0.1553
49753.6 0.1518
49753.6 0.1540
49753.6 0.1534
49754.6 0.1474
49754.6 0.1468
49754.6 0.1540
49756.6 0.1548
49756.6 0.1586
49756.6 0.1665
49759.6 0.1564
49759.6 0.1550
49759.6 0.1490
