39369.8 0.1319
39370.8 0.1352
39390.8 0.1308
39391.8 0.1335
39424.8 0.1394
39722.8 0.1382
39723.8 0.1387
39786.8 0.1278
39787.8 0.1340
39788.8 0.1393
39789.8 0.1366
39816.8 0.1309
39817.8 0.1306
39834.8 0.1310
39835.8 0.1342
40106.8 0.1353
40107.8 0.1278
40139.8 0.1320
40167.8 0.1307
40168.8 0.1303
40169.8 0.1287
40170.8 0.1386
40199.8 0.1299
40201.8 0.1369
40202.8 0.1319
40223.8 0.1338
40224.8 0.1331
40225.8 0.1317
40226.8 0.1262
40252.8 0.1316
40253.8 0.1363
40254.8 0.1326
40255.8 0.1289
40454.8 0.1330
40457.8 0.1284
40495.8 0.1304
40497.8 0.1317
40498.8 0.1301
40517.8 0.1337
40519.8 0.1286
40557.8 0.1292
40558.8 0.1300
40570.8 0.1302
40572.8 0.1338
40573.8 0.1342
40843.8 0.1359
40844.8 0.1292
40845.8 0.1304
40881.8 0.1330
40910.8 0.1268
40911.8 0.1305
40912.8 0.1344
40935.8 0.1343
40960.8 0.1293
40961.8 0.1326
40962.8 0.1295
41199.8 0.1289
41200.8 0.1328
41202.8 0.1290
41248.8 0.1309
41263.8 0.1294
41264.8 0.1253
41285.8 0.1284
41286.8 0.1319
41313.8 0.1329
41314.8 0.1324
41589.8 0.1323
41590.8 0.1283
41591.8 0.1306
41592.8 0.1324
41615.8 0.1337
41618.8 0.1313
41641.8 0.1317
41644.8 0.1317
41669.8 0.1359
41671.8 0.1306
41702.8 0.1393
41703.8 0.1367
41704.8 0.1387
41942.8 0.1333
41943.8 0.1335
41944.8 0.1328
41959.8 0.1340
42015.8 0.1341
42016.8 0.1315
42061.8 0.1312
42282.8 0.1312
42284.8 0.1311
42285.8 0.1359
42329.8 0.1376
42330.8 0.1328
42331.8 0.1306
42349.8 0.1391
42380.8 0.1285
42382.8 0.1275
42431.8 0.1363
42432.8 0.1309
42438.8 0.1274
42440.8 0.1380
42646.8 0.1303
42647.8 0.1297
42675.8 0.1366
42676.8 0.1279
42677.8 0.1361
42678.8 0.1344
42702.8 0.1298
42703.8 0.1335
42704.8 0.1375
42731.8 0.1305
42732.8 0.1273
42763.8 0.1265
42764.8 0.1278
42765.8 0.1293
42792.8 0.1355
42793.8 0.1283
42794.8 0.1303
43024.8 0.1266
43025.8 0.1293
43061.8 0.1350
43062.8 0.1309
43063.8 0.1300
43110.8 0.1322
43111.8 0.1299
43113.8 0.1259
43146.8 0.1254
43172.8 0.1301
43173.8 0.1336
43174.8 0.1294
43175.8 0.1340
43176.8 0.1379
43414.8 0.1203
43477.8 0.1292
43478.8 0.1323
43479.8 0.1240
43481.8 0.1375
43742.8 0.1286
43743.8 0.1306
43752.8 0.1238
43777.8 0.1283
43824.8 0.1326
43826.8 0.1301
43892.8 0.1299
43899.8 0.1318
43902.8 0.1292
44172.8 0.1311
44191.8 0.1280
44200.8 0.1272
44201.8 0.1271
44202.8 0.1308
44203.8 0.1287
44204.8 0.1301
44205.8 0.1284
44206.8 0.1319
44207.8 0.1384
44208.8 0.1286
44224.8 0.1308
44225.8 0.1347
44424 0.1260
44424 0.1236
44427 0.1262
44427 0.1253
44429.9 0.1253
44429.9 0.1255
44429.9 0.1241
44431 0.1205
44431 0.1202
44431 0.1207
44441.9 0.1248
44441.9 0.1277
44441.9 0.1277
44443 0.1293
44443 0.1308
44443 0.1293
44444 0.1320
44444 0.1238
44444 0.1288
44444.9 0.1240
44444.9 0.1248
44444.9 0.1243
44445.9 0.1245
44446 0.1269
44446 0.1286
44446.9 0.1238
44446.9 0.1255
44446.9 0.1233
44447.9 0.1302
44447.9 0.1285
44447.9 0.1292
44448.9 0.1272
44448.9 0.1265
44448.9 0.1253
44449.9 0.1281
44449.9 0.1279
44449.9 0.1257
44451.9 0.1252
44451.9 0.1276
44451.9 0.1289
44452.9 0.1267
44452.9 0.1264
44452.9 0.1256
44453.9 0.1309
44453.9 0.1240
44453.9 0.1272
44455 0.1334
44455 0.1280
44455 0.1339
44458.9 0.1284
44458.9 0.1279
44458.9 0.1330
44460.9 0.1260
44460.9 0.1288
44460.9 0.1292
44462 0.1258
44462 0.1249
44462 0.1287
44463 0.1242
44463 0.1269
44463 0.1235
44463.9 0.1332
44464 0.1270
44464 0.1270
44465 0.1333
44465 0.1313
44465 0.1299
44467.9 0.1274
44467.9 0.1286
44467.9 0.1291
44469 0.1290
44469 0.1234
44469 0.1271
44469.9 0.1263
44469.9 0.1275
44469.9 0.1283
44472.9 0.1266
44472.9 0.1234
44472.9 0.1222
44474 0.1290
44474 0.1288
44474 0.1320
44474.9 0.1282
44474.9 0.1250
44474.9 0.1294
44475.9 0.1293
44475.9 0.1278
44475.9 0.1278
44478.9 0.1258
44478.9 0.1243
44478.9 0.1234
44479.9 0.1250
44479.9 0.1245
44479.9 0.1307
44480.9 0.1272
44480.9 0.1241
44480.9 0.1233
44481.9 0.1260
44481.9 0.1319
44481.9 0.1277
44482.9 0.1287
44482.9 0.1284
44482.9 0.1324
44484.9 0.1263
44484.9 0.1254
44484.9 0.1268
44485.9 0.1260
44485.9 0.1297
44485.9 0.1310
44486.9 0.1296
44486.9 0.1207
44486.9 0.1293
44487.9 0.1217
44487.9 0.1256
44487.9 0.1229
44489.9 0.1274
44489.9 0.1282
44489.9 0.1296
44490.9 0.1264
44490.9 0.1278
44490.9 0.1278
44492.9 0.1278
44492.9 0.1273
44492.9 0.1278
44493.9 0.1225
44493.9 0.1239
44493.9 0.1234
44494.9 0.1237
44494.9 0.1261
44494.9 0.1269
44495.9 0.1244
44495.9 0.1234
44495.9 0.1207
44496.9 0.1265
44496.9 0.1280
44496.9 0.1332
44505.9 0.1317
44505.9 0.1267
44505.9 0.1247
44506.9 0.1282
44506.9 0.1275
44506.9 0.1280
44507.9 0.1243
44507.9 0.1245
44507.9 0.1268
44508.9 0.1267
44508.9 0.1279
44508.9 0.1287
44509.8 0.1299
44509.8 0.1277
44509.8 0.1260
44510.9 0.1276
44510.9 0.1274
44510.9 0.1299
44512 0.1297
44512 0.1305
44512 0.1277
44512.9 0.1314
44512.9 0.1303
44512.9 0.1296
44514 0.1293
44514 0.1306
44514 0.1299
44515 0.1254
44515 0.1284
44515 0.1269
44515.8 0.1341
44515.8 0.1355
44515.8 0.1385
44516.9 0.1249
44517 0.1301
44517 0.1289
44517.8 0.1313
44517.8 0.1297
44517.8 0.1278
44524.8 0.1320
44524.8 0.1292
44524.8 0.1312
44525.9 0.1298
44525.9 0.1346
44525.9 0.1326
44566.8 0.1268
44566.8 0.1258
44566.8 0.1300
44828 0.1312
44828 0.1330
44828 0.1277
44854 0.1307
44854 0.1317
44854 0.1282
44868.9 0.1354
44868.9 0.1390
44868.9 0.1296
44870.9 0.1290
44871 0.1353
44871 0.1323
44872 0.1362
44872 0.1307
44872 0.1317
44874.9 0.1301
44874.9 0.1306
44874.9 0.1344
44877.9 0.1348
44877.9 0.1276
44877.9 0.1270
44893.9 0.1287
44893.9 0.1309
44893.9 0.1358
44897.9 0.1298
44897.9 0.1316
44897.9 0.1270
44898.9 0.1427
44898.9 0.1380
44898.9 0.1387
44899.8 0.1306
44899.8 0.1329
44899.8 0.1261
44900.9 0.1363
44900.9 0.1317
44900.9 0.1373
44907.7 0.1111
44907.7 0.1286
44907.7 0.1510
44958.6 0.1302
44958.6 0.1297
44958.6 0.1299
44961.6 0.1327
44961.6 0.1290
44961.6 0.1297
44983.6 0.1348
44983.6 0.1280
44983.6 0.1340
44984.6 0.1258
44984.6 0.1261
44984.6 0.1302
44986.6 0.1296
44986.6 0.1330
44986.6 0.1330
45193 0.1348
45193 0.1288
45193 0.1293
45198 0.1369
45198 0.1352
45198 0.1381
45208 0.1270
45208 0.1303
45208 0.1267
45209 0.1268
45209 0.1348
45209 0.1271
45209.9 0.1288
45209.9 0.1273
45209.9 0.1295
45211 0.1277
45211 0.1277
45211 0.1289
45211.9 0.1248
45211.9 0.1219
45211.9 0.1243
45215 0.1265
45215 0.1265
45215 0.1297
45215.9 0.1376
45215.9 0.1297
45215.9 0.1254
45217.9 0.1297
45217.9 0.1239
45217.9 0.1266
45219 0.1284
45219 0.1268
45219 0.1294
45223.9 0.1314
45224 0.1340
45224 0.1283
45224.9 0.1252
45225 0.1279
45225 0.1242
45226 0.1323
45226 0.1255
45226 0.1314
45235.8 0.1272
45235.8 0.1278
45235.8 0.1280
45240.8 0.1294
45240.8 0.1280
45240.8 0.1258
45243.8 0.1248
45243.8 0.1261
45243.8 0.1246
45245.8 0.1288
45245.8 0.1292
45245.8 0.1258
45248.9 0.1262
45248.9 0.1262
45248.9 0.1308
45249.9 0.1243
45249.9 0.1207
45249.9 0.1245
45251.8 0.1270
45251.8 0.1389
45251.8 0.1335
45253.8 0.1266
45253.8 0.1226
45253.8 0.1247
45254.8 0.1267
45254.8 0.1274
45254.8 0.1300
45256.8 0.1301
45256.8 0.1266
45256.8 0.1278
45258.8 0.1214
45258.8 0.1206
45258.8 0.1271
45260.8 0.1311
45260.8 0.1308
45260.8 0.1279
45275.8 0.1280
45275.8 0.1303
45275.8 0.1303
45276.8 0.1283
45276.8 0.1234
45276.8 0.1280
45277.8 0.1301
45277.8 0.1305
45277.8 0.1234
45297.7 0.1294
45297.7 0.1241
45297.7 0.1251
45298.7 0.1272
45298.7 0.1306
45298.7 0.1298
45315.6 0.1311
45315.6 0.1292
45315.6 0.1309
45316.7 0.1289
45316.7 0.1300
45316.7 0.1302
45317.7 0.1308
45317.7 0.1390
45317.7 0.1326
45318.7 0.1258
45318.8 0.1189
45318.8 0.1298
45319.7 0.1314
45319.7 0.1283
45319.7 0.1343
45320.7 0.1289
45320.7 0.1298
45320.7 0.1266
45321.7 0.1283
45321.7 0.1369
45321.7 0.1363
45322.6 0.1263
45322.6 0.1251
45322.6 0.1330
45323.7 0.1336
45323.7 0.1345
45323.7 0.1354
45324.7 0.1313
45324.7 0.1305
45324.7 0.1316
45340.6 0.1245
45340.6 0.1350
45340.6 0.1281
45343.6 0.1366
45343.6 0.1313
45343.6 0.1315
45344.6 0.1324
45344.6 0.1258
45344.6 0.1338
45347.6 0.1276
45347.6 0.1270
45347.6 0.1346
45349.6 0.1254
45349.6 0.1250
45349.6 0.1296
45351.6 0.1322
45351.6 0.1343
45351.6 0.1279
45352.7 0.1295
45352.7 0.1337
45352.7 0.1320
45354.6 0.1290
45354.6 0.1323
45354.6 0.1357
45355.6 0.1314
45355.6 0.1285
45355.6 0.1306
45358.6 0.1259
45358.6 0.1305
45358.6 0.1221
45367.6 0.1245
45367.6 0.1267
45367.6 0.1285
45375.6 0.1275
45375.6 0.1279
45375.6 0.1344
45545 0.1218
45545 0.1262
45545 0.1220
45558 0.1239
45558 0.1250
45558 0.1282
45559 0.1293
45559 0.1318
45559 0.1266
45569 0.1294
45569 0.1344
45569 0.1268
45569.9 0.1281
45569.9 0.1252
45569.9 0.1269
45572 0.1292
45572 0.1341
45572 0.1231
45573 0.1244
45573 0.1276
45573 0.1235
45576 0.1358
45576 0.1295
45580 0.1335
45580 0.1302
45580 0.1291
45581.9 0.1312
45581.9 0.1276
45581.9 0.1240
45583 0.1295
45583 0.1340
45583 0.1397
45586 0.1273
45586 0.1335
45586 0.1290
45588.9 0.1244
45588.9 0.1250
45588.9 0.1215
45590.9 0.1289
45590.9 0.1276
45590.9 0.1292
45591.9 0.1298
45591.9 0.1269
45591.9 0.1320
45593 0.1235
45593 0.1323
45593 0.1319
45593.9 0.1274
45593.9 0.1355
45593.9 0.1295
45595 0.1290
45595 0.1377
45595 0.1347
45595.9 0.1251
45596 0.1253
45596 0.1300
45597.9 0.1263
45597.9 0.1282
45598 0.1299
45619.8 0.1319
45619.8 0.1301
45619.8 0.1304
45620.9 0.1255
45620.9 0.1193
45620.9 0.1307
45626.8 0.1263
45626.8 0.1292
45626.8 0.1269
45633.8 0.1286
45633.8 0.1288
45633.8 0.1299
45636.8 0.1294
45636.8 0.1328
45636.8 0.1259
45640.9 0.1339
45640.9 0.1240
45640.9 0.1317
45641.9 0.1267
45641.9 0.1276
45641.9 0.1299
45642.7 0.1285
45642.7 0.1247
45642.7 0.1298
45646.8 0.1303
45646.8 0.1273
45646.8 0.1275
45652.8 0.1291
45652.8 0.1293
45652.8 0.1305
45653.7 0.1274
45653.7 0.1290
45653.7 0.1237
45654.7 0.1216
45654.7 0.1249
45654.8 0.1231
45655.8 0.1364
45655.8 0.1283
45655.8 0.1246
45657.7 0.1283
45657.7 0.1348
45657.7 0.1366
45660.8 0.1253
45660.8 0.1228
45660.8 0.1258
45664.8 0.1320
45664.8 0.1336
45664.8 0.1313
45667.7 0.1344
45667.7 0.1287
45667.7 0.1338
45674.7 0.1315
45674.7 0.1361
45674.7 0.1295
45675.7 0.1342
45675.7 0.1360
45675.7 0.1317
45679.7 0.1228
45679.7 0.1291
45679.7 0.1255
45681.7 0.1353
45681.7 0.1310
45681.7 0.1277
45683.7 0.1363
45683.7 0.1363
45683.7 0.1347
45686.8 0.1273
45686.8 0.1260
45686.8 0.1306
45687.7 0.1296
45687.7 0.1290
45687.7 0.1281
45689.7 0.1321
45689.8 0.1377
45689.8 0.1356
45696.7 0.1292
45696.7 0.1304
45696.7 0.1324
45698.6 0.1251
45698.6 0.1261
45698.6 0.1261
45702.7 0.1376
45702.7 0.1360
45702.7 0.1396
45705.7 0.1333
45705.7 0.1268
45705.7 0.1240
45707.6 0.1250
45707.6 0.1292
45707.6 0.1233
45709.6 0.1237
45709.6 0.1258
45709.6 0.1237
45711.7 0.1359
45711.7 0.1328
45711.7 0.1286
45714.6 0.1372
45714.6 0.1402
45714.6 0.1351
45715.6 0.1310
45715.6 0.1277
45715.6 0.1315
45719.6 0.1242
45719.6 0.1274
45719.6 0.1290
45724.6 0.1285
45724.6 0.1297
45724.6 0.1302
45727.6 0.1263
45727.6 0.1229
45727.6 0.1282
45728.6 0.1301
45728.6 0.1287
45728.6 0.1293
45729.6 0.1314
45729.6 0.1225
45729.6 0.1217
45735.6 0.1211
45735.6 0.1235
45735.6 0.1258
45736.6 0.1229
45736.6 0.1229
45736.6 0.1253
45737.6 0.1279
45737.6 0.1227
45737.6 0.1258
45738.6 0.1282
45738.6 0.1299
45738.6 0.1297
45741.6 0.1246
45741.6 0.1273
45741.6 0.1281
45743.6 0.1271
45743.6 0.1238
45743.6 0.1295
45919 0.1267
45919 0.1250
45919 0.1232
45919.9 0.1248
45919.9 0.1252
45919.9 0.1270
45922 0.1237
45922 0.1206
45922 0.1174
45924 0.1250
45924 0.1279
45924 0.1255
45929 0.1283
45929 0.1211
45929 0.1177
45930 0.1299
45930 0.1205
45930 0.1244
45933 0.1321
45933 0.1294
45933 0.1278
45934 0.1226
45934 0.1222
45934 0.1294
45935 0.1286
45935 0.1223
45935 0.1312
45936 0.1360
45936 0.1353
45936 0.1266
45937 0.1250
45937 0.1294
45937 0.1269
45938 0.1353
45938 0.1392
45938 0.1289
45939 0.1239
45939 0.1198
45939 0.1297
45940 0.1324
45940 0.1238
45940 0.1189
45941.9 0.1196
45941.9 0.1232
45941.9 0.1165
45943 0.1279
45943 0.1217
45943 0.1229
45944 0.1201
45944 0.1199
45944 0.1273
45945 0.1353
45945 0.1288
45945 0.1255
45947.9 0.1482
45947.9 0.1539
45947.9 0.1456
45948 0.1467
45948 0.1489
45948 0.1545
45948.9 0.1569
45948.9 0.1435
45948.9 0.1520
45950 0.1288
45950 0.1285
45950 0.1306
45951 0.1294
45951 0.1258
45951 0.1268
45951.9 0.1323
45952 0.1293
45952 0.1303
45958.9 0.1214
45958.9 0.1245
45958.9 0.1211
45959.9 0.1250
45959.9 0.1261
45959.9 0.1306
45963 0.1319
45963 0.1284
45963 0.1288
45964 0.1247
45964 0.1242
45964 0.1202
45964.9 0.1293
45964.9 0.1256
45964.9 0.1237
45964.9 0.1257
45966 0.1234
45966 0.1289
45966 0.1281
45969.9 0.1262
45969.9 0.1211
45969.9 0.1253
45970.9 0.1213
45970.9 0.1226
45970.9 0.1263
45971.9 0.1234
45971.9 0.1239
45971.9 0.1251
45972.9 0.1463
45972.9 0.1434
45973 0.1520
45976.9 0.1291
45976.9 0.1288
45976.9 0.1276
45977.9 0.1287
45977.9 0.1277
45977.9 0.1302
45981.9 0.1251
45981.9 0.1272
45981.9 0.1279
45982.9 0.1252
45982.9 0.1287
45982.9 0.1308
45983.9 0.1257
45983.9 0.1294
45983.9 0.1377
45986.9 0.1282
45986.9 0.1249
45986.9 0.1304
45987.9 0.1279
45987.9 0.1341
45987.9 0.1280
45995.8 0.1266
45995.8 0.1266
45995.9 0.1250
45996.9 0.1245
45996.9 0.1291
45996.9 0.1281
45997.9 0.1238
45997.9 0.1237
45997.9 0.1217
45998.8 0.1255
45998.8 0.1267
45998.8 0.1323
45999.8 0.1269
45999.8 0.1282
45999.8 0.1260
46000.9 0.1239
46000.9 0.1235
46000.9 0.1277
46001.9 0.1274
46001.9 0.1249
46001.9 0.1267
46002.8 0.1325
46002.8 0.1360
46002.8 0.1319
46003.9 0.1376
46003.9 0.1299
46003.9 0.1255
46006.9 0.1328
46006.9 0.1280
46006.9 0.1306
46007.8 0.1254
46007.8 0.1235
46007.8 0.1256
46009.9 0.1261
46009.9 0.1234
46009.9 0.1267
46010.8 0.1258
46010.8 0.1276
46010.8 0.1265
46015.8 0.1301
46015.8 0.1250
46015.8 0.1294
46016.8 0.1283
46016.8 0.1364
46016.8 0.1327
46019.8 0.1255
46019.8 0.1274
46019.8 0.1286
46022.8 0.1303
46022.8 0.1258
46022.8 0.1277
46023.8 0.1268
46023.8 0.1290
46023.9 0.1314
46024.8 0.1318
46024.8 0.1285
46024.8 0.1285
46025.8 0.1302
46025.8 0.1311
46025.8 0.1288
46028.8 0.1275
46028.8 0.1260
46028.8 0.1275
46029.9 0.1526
46029.9 0.1381
46029.9 0.1371
46030.8 0.1302
46030.8 0.1290
46030.8 0.1287
46031.8 0.1264
46031.8 0.1280
46031.8 0.1246
46036.8 0.1287
46036.8 0.1287
46036.8 0.1303
46046.8 0.1310
46046.8 0.1227
46046.8 0.1297
46049.7 0.1292
46049.7 0.1296
46049.7 0.1254
46051.7 0.1284
46051.8 0.1242
46051.8 0.1252
46056.7 0.1236
46056.7 0.1262
46056.7 0.1268
46057.7 0.1267
46057.7 0.1271
46057.7 0.1238
46064.6 0.1419
46064.6 0.1417
46064.6 0.1416
46065.7 0.1313
46065.7 0.1279
46065.7 0.1274
46068.7 0.1297
46068.7 0.1287
46068.7 0.1323
46069.7 0.1305
46069.7 0.1338
46069.7 0.1328
46070.6 0.1270
46070.6 0.1267
46070.6 0.1257
46084 0.1346
46084.1 0.1299
46084.1 0.1306
46084.9 0.1277
46084.9 0.1295
46084.9 0.1278
46086.4 0.1265
46086.4 0.1264
46086.5 0.1244
46087.4 0.1313
46087.4 0.1312
46087.4 0.1325
46096.5 0.1342
46096.6 0.1317
46096.6 0.1300
46099.7 0.1275
46099.7 0.1273
46099.8 0.1312
46104.3 0.1318
46104.3 0.1313
46104.3 0.1295
46105.3 0.1300
46105.3 0.1301
46105.3 0.1275
46107.6 0.1327
46107.6 0.1370
46107.6 0.1299
46108.6 0.1269
46108.6 0.1322
46108.6 0.1341
46109.6 0.1321
46109.6 0.1307
46109.6 0.1347
46110.6 0.1336
46110.6 0.1299
46110.6 0.1312
46111.6 0.1338
46111.6 0.1339
46111.6 0.1334
46112.6 0.1340
46112.6 0.1296
46112.6 0.1335
46113.6 0.3205
46113.6 0.3204
46113.6 0.3141
46113.6 0.1274
46113.6 0.1262
46113.6 0.1284
46116.6 0.1325
46116.6 0.1360
46116.6 0.1308
46119.6 0.1291
46119.6 0.1318
46119.6 0.1326
46292 0.1280
46292 0.1243
46292 0.1312
46304 0.1265
46304 0.1224
46304 0.1244
46308.9 0.1302
46308.9 0.1291
46308.9 0.1265
46308.9 0.1271
46308.9 0.1277
46309 0.1311
46310 0.1306
46310 0.1283
46310 0.1275
46311 0.1318
46311 0.1281
46311 0.1311
46316.9 0.1263
46316.9 0.1267
46316.9 0.1277
46322 0.1309
46322 0.1289
46322 0.1287
46323 0.1223
46323 0.1243
46323 0.1231
46324 0.1237
46324 0.1287
46324 0.1278
46325 0.1284
46325 0.1294
46325 0.1306
46326 0.1320
46326 0.1275
46326 0.1265
46328.9 0.1250
46328.9 0.1271
46328.9 0.1246
46329.9 0.1276
46329.9 0.1279
46329.9 0.1271
46330.9 0.1306
46330.9 0.1284
46330.9 0.1272
46332 0.1238
46332 0.1246
46332 0.1226
46333 0.1273
46333 0.1294
46333 0.1236
46338 0.1258
46338 0.1287
46338 0.1333
46338.9 0.1276
46338.9 0.1307
46338.9 0.1293
46340.8 0.1243
46340.8 0.1270
46340.8 0.1280
46341.9 0.1285
46341.9 0.1273
46341.9 0.1239
46348.9 0.1271
46348.9 0.1307
46348.9 0.1279
46354.9 0.1255
46354.9 0.1269
46354.9 0.1261
46356.9 0.1294
46356.9 0.1302
46356.9 0.1265
46357.9 0.1245
46357.9 0.1289
46357.9 0.1298
46358.9 0.1269
46358.9 0.1244
46358.9 0.1257
46364.9 0.1272
46364.9 0.1281
46364.9 0.1309
46368.8 0.1292
46368.8 0.1292
46368.8 0.1270
46370.9 0.1313
46370.9 0.1326
46370.9 0.1306
46372.8 0.1319
46372.8 0.1322
46372.8 0.1316
46374.8 0.1297
46374.8 0.1274
46374.8 0.1282
46375.8 0.1314
46375.8 0.1296
46375.8 0.1369
46376.8 0.1318
46376.8 0.1301
46376.8 0.1310
46382.8 0.1308
46382.8 0.1300
46382.8 0.1253
46384.9 0.1302
46384.9 0.1254
46384.9 0.1263
46385.9 0.1293
46385.9 0.1293
46385.9 0.1233
46388.8 0.1283
46388.8 0.1307
46388.8 0.1283
46390.8 0.1254
46390.8 0.1275
46390.8 0.1320
46391.8 0.1290
46391.8 0.1296
46391.8 0.1296
46392.8 0.1345
46392.8 0.1348
46392.8 0.1285
46397.8 0.1303
46397.8 0.1253
46397.8 0.1282
46403.8 0.1271
46403.8 0.1257
46403.8 0.1291
46405.7 0.1280
46405.7 0.1264
46405.7 0.1329
46406.8 0.1276
46406.8 0.1294
46406.8 0.1297
46407.8 0.1320
46407.8 0.1324
46407.8 0.1294
46409.8 0.1290
46409.8 0.1232
46409.8 0.1318
46411.7 0.1265
46411.7 0.1260
46411.7 0.1273
46413.8 0.1272
46413.8 0.1322
46413.8 0.1317
46414.7 0.1250
46414.7 0.1276
46414.7 0.1285
46415.8 0.1282
46415.8 0.1226
46415.8 0.1248
46416.7 0.1285
46416.7 0.1267
46416.7 0.1304
46417.8 0.1278
46417.8 0.1268
46417.8 0.1301
46418.7 0.1272
46418.7 0.1264
46418.7 0.1247
46419.7 0.1233
46419.7 0.1246
46419.7 0.1264
46420.8 0.1269
46420.8 0.1234
46420.8 0.1299
46421.7 0.1245
46421.7 0.1271
46421.7 0.1279
46426.8 0.1255
46426.8 0.1301
46426.8 0.1282
46427.7 0.1352
46427.7 0.1341
46427.7 0.1355
46438.7 0.1313
46438.7 0.1323
46438.7 0.1281
46439.7 0.1309
46439.7 0.1332
46439.7 0.1352
46441.7 0.1338
46441.7 0.1318
46441.7 0.1326
46442.7 0.1231
46442.7 0.1262
46442.7 0.1277
46443.7 0.1292
46443.7 0.1297
46443.7 0.1278
46444.7 0.1344
46444.7 0.1310
46444.7 0.1328
46446.7 0.1277
46446.7 0.1333
46446.7 0.1316
46447.7 0.1318
46447.7 0.1259
46447.7 0.1284
46448.7 0.1307
46448.7 0.1266
46448.7 0.1326
46449.7 0.1268
46449.7 0.1263
46449.7 0.1294
46450.7 0.1282
46450.7 0.1280
46450.7 0.1270
46451.7 0.1276
46451.7 0.1308
46451.7 0.1294
46452.7 0.1304
46452.7 0.1333
46452.7 0.1292
46455.6 0.1282
46455.6 0.1265
46455.6 0.1343
46457.7 0.1325
46457.7 0.1337
46457.7 0.1370
46458.6 0.1318
46458.6 0.1342
46458.6 0.1313
46459.6 0.1266
46459.6 0.1287
46459.6 0.1301
46463.7 0.1311
46463.7 0.1284
46463.7 0.1269
46466.6 0.1285
46466.6 0.1267
46466.6 0.1298
46467.6 0.1314
46467.6 0.1279
46467.6 0.1319
46470.6 0.1314
46470.6 0.1312
46470.6 0.1341
46471.6 0.1312
46471.6 0.1333
46471.6 0.1293
46472.6 0.1276
46472.6 0.1293
46472.6 0.1324
46673.9 0.1320
46673.9 0.1327
46673.9 0.1276
46675 0.1336
46675 0.1285
46675 0.1234
46677 0.1277
46677 0.1269
46677 0.1281
46678.9 0.1298
46678.9 0.1340
46678.9 0.1282
46680 0.1267
46680 0.1279
46680 0.1303
46682 0.1344
46682 0.1281
46682 0.1306
46683 0.1348
46683 0.1273
46683 0.1252
46684 0.1290
46684 0.1310
46684 0.1249
46685 0.1247
46685 0.1270
46685 0.1268
46685.9 0.1286
46685.9 0.1262
46685.9 0.1330
46687 0.1311
46687 0.1329
46687 0.1315
46688 0.1296
46688 0.1302
46688 0.1187
46690 0.1277
46690 0.1294
46690 0.1285
46691 0.1291
46691 0.1273
46691 0.1239
46691.9 0.1273
46692 0.1246
46692 0.1251
46693 0.1296
46693 0.1367
46693 0.1317
46695.9 0.1292
46696 0.1265
46696 0.1360
46702.9 0.1335
46702.9 0.1264
46702.9 0.1302
46703.9 0.1292
46703.9 0.1291
46703.9 0.1301
46706.9 0.1287
46706.9 0.1341
46706.9 0.1329
46707.9 0.1361
46707.9 0.1279
46707.9 0.1372
46708.9 0.1328
46708.9 0.1352
46708.9 0.1318
46710.9 0.1305
46710.9 0.1258
46710.9 0.1311
46711.9 0.1241
46711.9 0.1231
46711.9 0.1244
46712.9 0.1335
46712.9 0.1299
46712.9 0.1281
46715.9 0.1295
46715.9 0.1292
46715.9 0.1259
46716.9 0.1307
46716.9 0.1283
46716.9 0.1332
46717.9 0.1283
46717.9 0.1252
46717.9 0.1281
46719.9 0.1368
46719.9 0.1324
46719.9 0.1345
46723.9 0.1245
46723.9 0.1272
46723.9 0.1327
46724.9 0.1328
46724.9 0.1288
46724.9 0.1353
46726.9 0.1245
46726.9 0.1223
46726.9 0.1208
46727.9 0.1304
46727.9 0.1282
46727.9 0.1265
46731.9 0.1338
46731.9 0.1311
46731.9 0.1309
46733.9 0.1273
46733.9 0.1251
46733.9 0.1269
46736.9 0.1313
46736.9 0.1313
46736.9 0.1299
46739.8 0.1313
46739.8 0.1313
46739.8 0.1228
46740.8 0.1305
46740.8 0.1277
46740.8 0.1318
46744.8 0.1230
46744.8 0.1263
46744.8 0.1306
46745.8 0.1287
46745.8 0.1298
46745.8 0.1249
46747.8 0.1278
46747.8 0.1250
46747.8 0.1286
46748.8 0.1309
46748.8 0.1322
46748.8 0.1246
46749.8 0.1290
46749.8 0.1275
46749.8 0.1303
46754.8 0.1257
46754.8 0.1274
46754.8 0.1277
46758.9 0.1276
46758.9 0.1314
46758.9 0.1336
46759.8 0.1300
46759.8 0.1282
46759.8 0.1319
46759.8 0.1338
46759.8 0.1295
46759.8 0.1306
46765.8 0.1337
46765.8 0.1335
46765.8 0.1351
46766.8 0.1248
46766.8 0.1236
46766.8 0.1251
46767.7 0.1266
46767.7 0.1260
46767.8 0.1260
46768.8 0.1246
46768.8 0.1248
46768.8 0.1216
46769.8 0.1314
46769.8 0.1262
46769.8 0.1353
46772.7 0.1300
46772.7 0.1231
46772.7 0.1280
46773.8 0.1337
46773.8 0.1254
46773.8 0.1289
46774.8 0.1243
46774.8 0.1265
46774.8 0.1277
46777.7 0.1302
46777.7 0.1264
46777.8 0.1275
46778.7 0.1274
46778.7 0.1281
46778.7 0.1294
46779.7 0.1315
46779.7 0.1331
46779.8 0.1370
46782.7 0.1289
46782.7 0.1261
46782.7 0.1298
46791.7 0.1335
46791.7 0.1320
46791.7 0.1275
46793.7 0.1344
46793.7 0.1247
46793.7 0.1253
46795.7 0.1197
46795.7 0.1259
46795.7 0.1291
46798.7 0.1246
46798.7 0.1309
46798.7 0.1295
46803.7 0.1251
46803.7 0.1272
46803.7 0.1321
46804.7 0.1128
46805.7 0.1363
46805.7 0.1355
46805.7 0.1409
46806.7 0.1241
46806.7 0.1269
46806.7 0.1328
46809.7 0.1339
46809.7 0.1326
46809.7 0.1290
46810.7 0.1363
46810.7 0.1320
46810.7 0.1309
46813.6 0.1260
46813.7 0.1235
46813.7 0.1268
46814.6 0.1325
46814.6 0.1274
46814.6 0.1326
46815.6 0.1298
46815.6 0.1300
46815.6 0.1373
46817.7 0.1266
46817.7 0.1256
46817.7 0.1282
46827.7 0.1279
46827.7 0.1274
46827.7 0.1343
46828.6 0.1294
46828.6 0.1281
46828.6 0.1258
46829.6 0.1208
46829.6 0.1257
46829.6 0.1244
46831.6 0.1256
46831.6 0.1289
46831.6 0.1292
46833.6 0.1403
46834.6 0.1263
46834.6 0.1248
46834.6 0.1212
46839.6 0.1299
46839.6 0.1291
46839.6 0.1280
46843.6 0.1320
46843.6 0.1344
46843.6 0.1361
46844.6 0.1328
46844.6 0.1304
46844.6 0.1306
46845.6 0.1313
46845.6 0.1273
46845.6 0.1324
47025 0.1268
47025 0.1286
47025 0.1266
47028 0.1210
47028 0.1248
47028 0.1241
47030 0.1269
47030 0.1298
47030 0.1251
47031.9 0.1286
47031.9 0.1211
47031.9 0.1268
47034 0.1294
47034 0.1318
47034 0.1268
47035 0.1259
47035 0.1279
47035 0.1246
47036 0.1371
47036 0.1325
47036 0.1279
47036 0.1262
47036 0.1299
47036 0.1235
47037 0.1287
47037 0.1261
47037 0.1234
47039 0.1264
47039 0.1276
47039 0.1245
47043 0.1339
47043 0.1322
47043 0.1310
47044 0.1308
47044 0.1268
47044 0.1328
47044.9 0.1328
47044.9 0.1349
47044.9 0.1337
47046 0.1321
47046 0.1330
47046 0.1341
47047 0.1319
47047 0.1315
47047 0.1271
47048 0.1322
47048 0.1329
47048 0.1320
47050 0.1261
47050 0.1298
47050 0.1311
47051 0.1309
47051 0.1308
47051 0.1342
47053.9 0.1300
47053.9 0.1281
47053.9 0.1300
47054.9 0.1322
47054.9 0.1282
47054.9 0.1242
47055.9 0.1233
47055.9 0.1204
47055.9 0.1229
47057 0.1284
47057 0.1279
47057 0.1305
47059 0.1265
47059 0.1263
47059 0.1259
47060.9 0.1301
47060.9 0.1299
47060.9 0.1255
47064 0.1254
47064 0.1245
47064 0.1247
47064.9 0.1289
47064.9 0.1324
47064.9 0.1292
47066.9 0.1244
47066.9 0.1227
47066.9 0.1248
47068 0.1250
47068 0.1282
47068 0.1326
47070.9 0.1320
47070.9 0.1313
47070.9 0.1319
47071.9 0.1301
47071.9 0.1333
47071.9 0.1367
47073.9 0.1276
47073.9 0.1345
47073.9 0.1336
47075.9 0.1320
47075.9 0.1385
47075.9 0.1343
47076.9 0.1343
47076.9 0.1305
47076.9 0.1306
47077.9 0.1336
47077.9 0.1359
47077.9 0.1342
47078.9 0.1294
47078.9 0.1302
47078.9 0.1275
47079.9 0.1321
47079.9 0.1382
47079.9 0.1378
47082.9 0.1430
47082.9 0.1420
47082.9 0.1457
47083.9 0.1328
47083.9 0.1408
47083.9 0.1340
47084.9 0.1267
47084.9 0.1302
47084.9 0.1276
47085.9 0.1367
47085.9 0.1317
47085.9 0.1338
47086.9 0.1476
47086.9 0.1376
47086.9 0.1337
47086.9 0.1395
47086.9 0.1338
47087.9 0.1330
47087.9 0.1358
47087.9 0.1367
47088.9 0.1298
47088.9 0.1279
47088.9 0.1265
47089.9 0.1330
47089.9 0.1308
47089.9 0.1305
47106.9 0.1305
47106.9 0.1316
47106.9 0.1287
47107.9 0.1228
47107.9 0.1308
47107.9 0.1265
47108.8 0.1249
47108.8 0.1276
47108.8 0.1285
47109.8 0.1313
47109.8 0.1305
47109.8 0.1314
47110.8 0.1296
47110.8 0.1298
47110.8 0.1280
47112.8 0.1296
47112.8 0.1294
47112.8 0.1292
47114.8 0.1322
47114.8 0.1350
47114.8 0.1344
47115.8 0.1328
47115.8 0.1317
47115.8 0.1324
47116.8 0.1287
47116.8 0.1292
47116.8 0.1293
47118.8 0.1304
47118.8 0.1306
47118.8 0.1313
47119.8 0.1337
47119.8 0.1281
47119.8 0.1300
47121.8 0.1327
47121.8 0.1294
47121.8 0.1262
47122.8 0.1316
47122.8 0.1306
47122.8 0.1308
47123.8 0.1307
47123.8 0.1310
47123.8 0.1316
47124.8 0.1318
47124.8 0.1290
47124.8 0.1302
47125.8 0.1324
47125.8 0.1295
47125.8 0.1299
47127.8 0.1289
47127.8 0.1328
47127.8 0.1267
47128.8 0.1268
47128.8 0.1280
47128.8 0.1308
47129.8 0.1300
47129.8 0.1345
47129.8 0.1268
47130.8 0.1319
47130.8 0.1263
47130.8 0.1271
47131.8 0.1264
47131.8 0.1271
47131.8 0.1250
47132.8 0.1405
47132.8 0.1354
47132.8 0.1334
47132.8 0.1293
47132.8 0.1341
47133.9 0.1303
47133.9 0.1279
47133.9 0.1295
47138.8 0.1288
47138.8 0.1339
47138.8 0.1272
47139.8 0.1297
47139.8 0.1298
47139.8 0.1299
47140.7 0.1314
47140.7 0.1288
47140.7 0.1322
47141.8 0.1317
47141.8 0.1313
47141.8 0.1311
47144.8 0.1314
47144.8 0.1311
47144.8 0.1305
47148.7 0.1258
47148.7 0.1276
47148.7 0.1282
47150.7 0.1339
47150.8 0.1332
47150.8 0.1317
47151.7 0.1287
47151.7 0.1283
47151.7 0.1278
47153.6 0.1280
47153.6 0.1298
47153.6 0.1294
47157.8 0.1299
47157.8 0.1306
47157.8 0.1314
47162.8 0.1289
47162.8 0.1268
47162.8 0.1263
47166.7 0.1282
47166.7 0.1292
47166.7 0.1298
47167.7 0.1303
47167.7 0.1308
47167.7 0.1301
47168.7 0.1286
47168.7 0.1285
47168.7 0.1306
47169.7 0.1278
47169.7 0.1252
47169.7 0.1301
47171.7 0.1225
47171.7 0.1305
47171.7 0.1305
47172.7 0.1257
47172.7 0.1268
47172.7 0.1267
47173.6 0.1282
47173.6 0.1334
47173.6 0.1345
47174.7 0.1256
47174.7 0.1274
47174.7 0.1280
47175.6 0.1290
47175.6 0.1249
47175.6 0.1280
47180.6 0.1302
47180.6 0.1314
47180.6 0.1295
47181.7 0.1285
47181.7 0.1294
47181.7 0.1308
47182.6 0.1332
47182.6 0.1271
47182.7 0.1272
47183.7 0.1280
47183.7 0.1261
47183.7 0.1293
47184.7 0.1263
47184.7 0.1293
47184.7 0.1298
47186.7 0.1308
47186.7 0.1321
47186.7 0.1346
47191.7 0.1300
47191.7 0.1328
47191.7 0.1309
47194.7 0.1299
47194.7 0.1312
47194.7 0.1327
47195.7 0.1336
47195.7 0.1344
47195.7 0.1304
47196.7 0.1277
47196.7 0.1296
47196.7 0.1307
47197.7 0.1247
47197.7 0.1293
47197.7 0.1302
47198.7 0.1306
47198.7 0.1329
47198.7 0.1320
47199.7 0.1343
47199.7 0.1359
47199.7 0.1325
47200.6 0.1358
47200.6 0.1320
47200.6 0.1339
47201.7 0.1301
47201.7 0.1316
47201.7 0.1277
47202.7 0.1286
47202.7 0.1278
47202.7 0.1295
47203.6 0.1268
47203.6 0.1289
47203.6 0.1307
47204.6 0.1324
47204.6 0.1347
47204.6 0.1360
47205.6 0.1338
47205.6 0.1317
47205.6 0.1340
47206.6 0.1335
47206.6 0.1358
47206.6 0.1335
47208.6 0.1217
47208.6 0.1269
47208.6 0.1266
47212.6 0.1286
47212.6 0.1268
47212.6 0.1306
47213.6 0.1391
47213.6 0.1458
47213.6 0.1419
47416.9 0.1189
47416.9 0.1188
47416.9 0.1259
47416.9 0.1147
47416.9 0.1164
47416.9 0.1225
47416.9 0.1152
47416.9 0.1196
47416.9 0.1197
47420.9 0.1301
47420.9 0.1267
47421 0.1232
47422 0.1212
47422 0.1325
47422 0.1346
47427 0.1297
47427 0.1286
47427 0.1284
47428 0.1287
47428 0.1293
47428 0.1358
47429 0.1279
47429 0.1249
47429 0.1352
47430 0.1296
47430 0.1281
47430 0.1300
47431.9 0.1252
47431.9 0.1313
47431.9 0.1342
47433 0.1315
47433 0.1268
47433 0.1270
47434 0.1307
47434 0.1271
47434 0.1262
47434.9 0.1329
47434.9 0.1262
47435 0.1285
47435.9 0.1267
47436 0.1265
47436 0.1257
47438.9 0.1313
47438.9 0.1243
47438.9 0.1212
47444.8 0.1275
47444.8 0.1270
47444.8 0.1256
47445.9 0.1299
47445.9 0.1328
47445.9 0.1330
47446.8 0.1321
47446.8 0.1250
47446.8 0.1221
47447.9 0.1305
47447.9 0.1290
47447.9 0.1286
47449.8 0.1239
47449.8 0.1282
47449.8 0.1282
47450.8 0.1261
47450.8 0.1295
47450.8 0.1275
47451.9 0.1257
47451.9 0.1291
47451.9 0.1331
47453.9 0.1274
47453.9 0.1262
47453.9 0.1288
47454.9 0.1283
47454.9 0.1288
47454.9 0.1305
47455.9 0.1244
47455.9 0.1265
47455.9 0.1257
47456.9 0.1334
47456.9 0.1294
47456.9 0.1312
47457.8 0.1277
47457.8 0.1305
47457.8 0.1320
47458.9 0.1223
47458.9 0.1277
47458.9 0.1282
47459.9 0.1315
47459.9 0.1297
47459.9 0.1327
47460.9 0.1304
47460.9 0.1353
47460.9 0.1392
47461.9 0.1384
47461.9 0.1363
47461.9 0.1361
47462.9 0.1277
47462.9 0.1285
47462.9 0.1302
47464.9 0.1252
47464.9 0.1298
47464.9 0.1276
47465.9 0.1317
47465.9 0.1360
47465.9 0.1250
47466.8 0.1312
47466.8 0.1326
47466.8 0.1265
47470.8 0.1326
47470.8 0.1256
47470.8 0.1332
47471.8 0.1292
47471.8 0.1227
47471.8 0.1303
47472.8 0.1333
47472.8 0.1262
47472.8 0.1351
47474.8 0.1314
47474.8 0.1312
47474.8 0.1325
47475.8 0.1277
47475.8 0.1279
47475.8 0.1246
47478.8 0.1332
47478.8 0.1285
47478.8 0.1283
47482.8 0.1363
47482.8 0.1325
47482.8 0.1341
47484.8 0.1285
47484.8 0.1301
47484.8 0.1292
47485.8 0.1289
47485.8 0.1306
47485.8 0.1327
47486.8 0.1276
47486.8 0.1299
47486.8 0.1269
47492.8 0.1298
47492.8 0.1319
47492.8 0.1289
47493.8 0.1279
47493.8 0.1280
47493.8 0.1309
47494.7 0.1302
47494.7 0.1285
47494.7 0.1280
47495.7 0.1265
47495.7 0.1267
47495.7 0.1287
47496.7 0.1291
47496.7 0.1311
47496.7 0.1322
47496.7 0.1242
47496.7 0.1251
47496.7 0.1281
47497.8 0.1301
47497.8 0.1300
47497.8 0.1300
47498.7 0.1345
47498.7 0.1386
47498.7 0.1300
47499.8 0.1229
47499.8 0.1284
47499.8 0.1268
47500.7 0.1328
47500.7 0.1338
47500.7 0.1310
47502.7 0.1278
47502.7 0.1259
47502.7 0.1303
47508.7 0.1280
47508.7 0.1289
47508.7 0.1285
47509.7 0.1233
47509.7 0.1241
47509.7 0.1266
47515.8 0.1262
47515.8 0.1247
47515.8 0.1283
47517.7 0.1294
47517.7 0.1273
47517.7 0.1306
47519.7 0.1286
47519.7 0.1285
47519.7 0.1308
47522.7 0.1315
47522.7 0.1294
47522.7 0.1292
47525.7 0.1282
47525.7 0.1266
47525.7 0.1309
47526.7 0.1298
47526.7 0.1320
47526.7 0.1374
47528.7 0.1295
47528.7 0.1275
47528.7 0.1309
47529.7 0.1310
47529.7 0.1311
47529.7 0.1313
47536.7 0.1253
47536.7 0.1301
47536.7 0.1255
47537.6 0.1337
47537.6 0.1324
47537.6 0.1321
47539.6 0.1309
47539.6 0.1339
47539.6 0.1353
47540.6 0.1295
47540.6 0.1264
47540.6 0.1255
47541.7 0.1355
47541.7 0.1287
47541.7 0.1298
47542.7 0.1338
47542.7 0.1423
47542.7 0.1381
47543.7 0.1351
47543.7 0.1352
47543.7 0.1354
47544.7 0.1308
47544.7 0.1298
47544.7 0.1260
47545.6 0.1310
47545.6 0.1324
47545.6 0.1318
47554.6 0.1272
47554.6 0.1317
47554.6 0.1324
47555.6 0.1365
47555.7 0.1337
47555.7 0.1356
47556.6 0.1321
47556.6 0.1360
47556.6 0.1349
47557.6 0.1325
47557.6 0.1335
47557.6 0.1332
47558.7 0.1332
47558.7 0.1415
47558.7 0.1378
47559.6 0.1360
47559.6 0.1386
47559.6 0.1352
47564.6 0.1371
47564.6 0.1393
47564.6 0.1346
47570.6 0.1322
47570.6 0.1326
47570.6 0.1384
47574.6 0.1342
47574.6 0.1330
47574.6 0.1321
47578.6 0.1306
47578.6 0.1292
47578.6 0.1297
47579.6 0.1338
47579.6 0.1349
47579.6 0.1327
47762 0.1278
47762 0.1256
47762 0.1258
47763 0.1260
47763 0.1303
47763 0.1312
47764 0.1282
47764 0.1297
47764 0.1293
47766 0.1281
47766 0.1278
47766 0.1304
47767 0.1266
47767 0.1338
47767 0.1334
47768 0.1242
47768 0.1257
47768 0.1253
47772 0.1265
47772 0.1307
47772 0.1229
47774 0.1283
47774 0.1304
47774 0.1282
47775 0.1299
47775 0.1243
47775 0.1227
47777 0.1259
47777 0.1265
47777 0.1252
47778 0.1298
47778 0.1323
47778 0.1324
47779 0.1352
47779 0.1324
47779 0.1370
47781 0.1320
47781 0.1301
47781 0.1306
47782 0.1277
47782 0.1323
47782 0.1294
47784 0.1316
47784 0.1295
47784 0.1304
47785 0.1321
47785 0.1334
47785 0.1292
47790 0.1281
47790 0.1274
47790 0.1276
47791 0.1333
47791 0.1344
47791 0.1321
47804 0.1276
47804 0.1279
47804 0.1283
47804.9 0.1313
47804.9 0.1285
47804.9 0.1313
47805.9 0.1333
47805.9 0.1333
47805.9 0.1288
47806.9 0.1353
47806.9 0.1277
47806.9 0.1290
47807.9 0.1292
47807.9 0.1307
47807.9 0.1290
47808.9 0.1290
47808.9 0.1310
47808.9 0.1335
47809.9 0.1311
47809.9 0.1305
47809.9 0.1306
47815.9 0.1306
47815.9 0.1309
47815.9 0.1308
47816.9 0.1308
47816.9 0.1292
47816.9 0.1329
47817.9 0.1295
47817.9 0.1295
47817.9 0.1271
47818.9 0.1324
47818.9 0.1339
47818.9 0.1313
47826.9 0.1268
47826.9 0.1284
47826.9 0.1241
47827.9 0.1295
47827.9 0.1282
47827.9 0.1261
47831.9 0.1332
47831.9 0.1345
47831.9 0.1374
47832.8 0.1305
47832.8 0.1280
47832.8 0.1291
47833.8 0.1310
47833.8 0.1309
47833.8 0.1270
47834.8 0.1297
47834.8 0.1301
47834.8 0.1259
47835.8 0.1333
47835.8 0.1315
47835.8 0.1292
47836.8 0.1264
47836.8 0.1285
47836.8 0.1292
47837.8 0.1285
47837.8 0.1292
47837.8 0.1313
47838.8 0.1296
47838.8 0.1285
47838.8 0.1266
47839.8 0.1273
47839.8 0.1298
47839.8 0.1335
47845.8 0.1287
47845.8 0.1273
47845.8 0.1258
47847.8 0.1287
47847.8 0.1292
47847.8 0.1302
47849.8 0.1306
47849.8 0.1339
47849.8 0.1265
47850.8 0.1265
47850.8 0.1312
47850.8 0.1322
47860.8 0.1317
47860.8 0.1314
47860.8 0.1258
47862.7 0.1276
47862.7 0.1308
47862.7 0.1258
47863.8 0.1303
47863.8 0.1319
47863.8 0.1317
47864.8 0.1262
47864.8 0.1270
47864.8 0.1294
47865.7 0.1316
47865.7 0.1278
47865.7 0.1272
47866.7 0.1289
47866.7 0.1289
47866.7 0.1250
47867.7 0.1244
47867.7 0.1259
47867.7 0.1272
47868.7 0.1298
47868.7 0.1288
47868.7 0.1301
47869.7 0.1259
47869.7 0.1264
47869.7 0.1269
47871.8 0.1302
47871.8 0.1286
47871.8 0.1323
47872.7 0.1258
47872.7 0.1273
47872.7 0.1277
47873.7 0.1270
47873.8 0.1291
47873.8 0.1286
47877.7 0.1264
47877.7 0.1287
47877.7 0.1284
47878.7 0.1270
47878.7 0.1314
47878.7 0.1276
47881.7 0.1354
47881.7 0.1291
47881.7 0.1305
47891.7 0.1269
47891.7 0.1301
47891.7 0.1317
47891.7 0.1310
47892.7 0.1297
47892.7 0.1306
47892.7 0.1297
47895.6 0.1265
47895.6 0.1260
47895.6 0.1277
47896.7 0.1279
47896.7 0.1328
47896.7 0.1301
47897.7 0.1290
47897.7 0.1248
47897.7 0.1273
47898.7 0.1254
47898.7 0.1295
47898.7 0.1258
47899.7 0.1276
47899.7 0.1255
47899.7 0.1298
47900.6 0.1301
47900.6 0.1258
47900.6 0.1296
47901.6 0.1311
47901.6 0.1331
47901.6 0.1293
47902.6 0.1338
47902.6 0.1323
47902.6 0.1338
47903.6 0.1297
47903.6 0.1297
47903.6 0.1311
47910.7 0.1326
47910.7 0.1319
47910.7 0.1298
47912.6 0.1329
47912.6 0.1310
47912.6 0.1377
47917.6 0.1336
47917.6 0.1351
47917.6 0.1281
47918.6 0.1356
47918.6 0.1337
47918.7 0.1320
47918.7 0.1319
47918.7 0.1287
47918.7 0.1301
47918.7 0.1335
47918.7 0.1297
47918.7 0.1296
47918.7 0.1310
47918.7 0.1356
47918.7 0.1304
47918.7 0.1319
47918.7 0.1314
47918.7 0.1369
47918.7 0.1358
47920.7 0.1278
47920.7 0.1242
47920.7 0.1270
47920.7 0.1285
47920.7 0.1321
47920.7 0.1265
47920.7 0.1296
47920.7 0.1320
47920.7 0.1238
47920.7 0.1243
47920.7 0.1298
47920.7 0.1329
47920.7 0.1286
47920.7 0.1332
47920.7 0.1259
47920.7 0.1337
47923.6 0.1274
47923.6 0.1315
47923.6 0.1336
47925.6 0.1294
47925.6 0.1271
47925.6 0.1278
47928.6 0.1329
47928.6 0.1302
47928.6 0.1300
47929.6 0.1318
47929.6 0.1312
47929.6 0.1279
47931.6 0.1284
47931.6 0.1288
47931.6 0.1303
47932.6 0.1310
47932.6 0.1340
47932.6 0.1304
47933.6 0.1306
47933.6 0.1317
47933.6 0.1336
47935.6 0.1279
47935.6 0.1288
47935.6 0.1353
47938.6 0.1281
47938.6 0.1287
47938.6 0.1296
47942.6 0.1301
47942.6 0.1273
47942.6 0.1306
48109 0.1353
48109 0.1355
48109 0.1296
48116 0.1322
48116 0.1303
48116 0.1309
48122 0.1324
48122 0.1308
48122 0.1300
48125 0.1334
48125 0.1326
48125 0.1374
48148 0.1287
48148 0.1292
48148 0.1301
48149 0.1256
48149 0.1320
48149 0.1309
48150 0.1308
48150 0.1319
48150 0.1311
48152 0.1269
48152 0.1294
48152 0.1311
48153 0.1302
48153 0.1315
48153 0.1271
48155 0.1365
48155 0.1340
48155 0.1301
48160 0.1330
48160 0.1282
48160 0.1328
48161.9 0.1308
48161.9 0.1281
48161.9 0.1359
48162.9 0.1331
48162.9 0.1373
48162.9 0.1294
48165 0.1299
48165 0.1341
48165 0.1320
48165.9 0.1321
48165.9 0.1292
48165.9 0.1303
48166.9 0.1334
48166.9 0.1330
48166.9 0.1300
48167.9 0.1312
48167.9 0.1280
48167.9 0.1272
48175.9 0.1301
48175.9 0.1290
48175.9 0.1324
48178.9 0.1304
48178.9 0.1225
48178.9 0.1263
48185.9 0.1274
48185.9 0.1277
48185.9 0.1297
48186.9 0.1342
48186.9 0.1332
48186.9 0.1305
48187.9 0.1310
48187.9 0.1297
48187.9 0.1339
48191.9 0.1303
48191.9 0.1233
48191.9 0.1297
48192.9 0.1351
48192.9 0.1333
48192.9 0.1320
48193.9 0.1349
48193.9 0.1287
48193.9 0.1344
48194.9 0.1336
48194.9 0.1315
48194.9 0.1305
48206.7 0.1309
48206.7 0.1303
48206.7 0.1302
48208.8 0.1281
48208.8 0.1311
48208.8 0.1357
48209.8 0.1281
48209.8 0.1350
48209.8 0.1327
48213.8 0.1306
48213.8 0.1307
48213.8 0.1325
48214.8 0.1283
48214.8 0.1328
48214.8 0.1284
48217.8 0.1341
48217.8 0.1312
48217.8 0.1261
48219.8 0.1313
48219.8 0.1375
48219.8 0.1326
48220.7 0.1310
48220.7 0.1355
48220.7 0.1329
48222.8 0.1303
48222.8 0.1315
48222.8 0.1329
48223.8 0.1352
48223.8 0.1295
48223.8 0.1336
48224.8 0.1357
48224.8 0.1310
48224.8 0.1320
48225.8 0.1274
48225.8 0.1320
48225.8 0.1308
48226.8 0.1343
48226.8 0.1324
48226.8 0.1312
48228.7 0.1297
48228.7 0.1293
48228.7 0.1301
48235.7 0.1292
48235.7 0.1250
48235.7 0.1268
48236.7 0.1303
48236.7 0.1268
48236.7 0.1295
48240.7 0.1326
48240.7 0.1306
48240.7 0.1319
48242.7 0.1343
48242.7 0.1312
48242.7 0.1313
48243.7 0.1291
48243.7 0.1327
48243.7 0.1325
48244.7 0.1311
48244.7 0.1304
48244.7 0.1290
48252.7 0.1333
48252.7 0.1326
48252.7 0.1336
48253.7 0.1290
48253.7 0.1259
48253.7 0.1298
48256.7 0.1304
48256.7 0.1325
48256.7 0.1283
48267.7 0.1301
48267.7 0.1346
48267.7 0.1341
48269.7 0.1321
48269.7 0.1329
48269.7 0.1271
48270.7 0.1285
48270.7 0.1330
48270.7 0.1329
48271.6 0.1309
48271.6 0.1349
48271.6 0.1373
48274.6 0.1358
48274.6 0.1391
48274.6 0.1303
48275.6 0.1317
48275.6 0.1367
48275.6 0.1293
48276.7 0.1286
48276.7 0.1375
48279.7 0.1303
48279.7 0.1296
48279.7 0.1338
48280.7 0.1344
48280.7 0.1323
48280.7 0.1353
48281.6 0.1319
48281.6 0.1343
48281.6 0.1328
48283.6 0.1379
48283.6 0.1367
48283.6 0.1356
48284.6 0.1402
48284.6 0.1443
48284.6 0.1369
48286.6 0.1310
48286.6 0.1329
48286.6 0.1315
48296.6 0.1316
48296.6 0.1333
48296.6 0.1350
48297.6 0.1319
48297.6 0.1337
48297.6 0.1313
48298.6 0.1286
48298.6 0.1318
48298.6 0.1327
48300.6 0.1332
48300.6 0.1326
48300.6 0.1312
48301.6 0.1318
48301.6 0.1340
48301.6 0.1341
48576.8 0.1290
48576.8 0.1328
48576.8 0.1287
48577.8 0.1348
48577.8 0.1329
48577.8 0.1353
48580.8 0.1292
48580.8 0.1289
48580.8 0.1325
48582.8 0.1318
48582.8 0.1360
48582.8 0.1319
48597.7 0.1264
48597.7 0.1250
48597.7 0.1274
48637.6 0.1274
48637.6 0.1250
48637.6 0.1320
48638.6 0.1406
48638.6 0.1320
48638.6 0.1309
48639.6 0.1314
48639.6 0.1263
48639.6 0.1288
48641.6 0.1332
48641.6 0.1311
48641.6 0.1293
48642.6 0.1415
48642.6 0.1359
48642.6 0.1350
48643.6 0.1321
48643.6 0.1330
48643.6 0.1306
48644.7 0.1313
48644.7 0.1322
48644.7 0.1323
48645.6 0.1279
48645.6 0.1294
48645.6 0.1298
48646.6 0.1341
48646.6 0.1367
48646.6 0.1340
48647.6 0.1310
48647.6 0.1345
48647.6 0.1385
48648.6 0.1318
48648.6 0.1346
48648.6 0.1364
48649.6 0.1382
48649.6 0.1335
48649.6 0.1379
48652.6 0.1334
48652.6 0.1348
48652.6 0.1334
48655.7 0.1324
48655.7 0.1376
48655.7 0.1347
48656.6 0.1328
48656.6 0.1305
48656.6 0.1307
48657.6 0.1256
48657.6 0.1338
48657.6 0.1381
48873.9 0.1365
48873.9 0.1263
48873.9 0.1273
48877.9 0.1337
48877.9 0.1287
48877.9 0.1276
48885 0.1286
48885 0.1256
48885 0.1285
48886 0.1271
48886 0.1302
48886 0.1313
48886.9 0.1259
48886.9 0.1238
48886.9 0.1242
48888.9 0.1257
48888.9 0.1249
48888.9 0.1263
48890 0.1265
48890 0.1307
48890 0.1281
48891 0.1312
48891 0.1341
48891 0.1348
48891.9 0.1319
48891.9 0.1253
48891.9 0.1268
48892.9 0.1274
48893 0.1322
48893 0.1311
48895 0.1332
48895 0.1282
48895 0.1303
48897.9 0.1357
48897.9 0.1328
48897.9 0.1337
48901.9 0.1300
48901.9 0.1302
48901.9 0.1316
48902.9 0.1352
48902.9 0.1346
48902.9 0.1298
48903.9 0.1290
48903.9 0.1307
48903.9 0.1310
48904.9 0.1324
48904.9 0.1325
48904.9 0.1283
48905.9 0.1357
48905.9 0.1310
48905.9 0.1314
48906.8 0.1308
48906.8 0.1328
48906.8 0.1310
48910.9 0.1286
48910.9 0.1291
48911.9 0.1304
48911.9 0.1329
48911.9 0.1302
48912.9 0.1316
48912.9 0.1344
48912.9 0.1306
48913.9 0.1326
48913.9 0.1341
48913.9 0.1316
48914.9 0.1313
48914.9 0.1335
48914.9 0.1317
48915.9 0.1314
48915.9 0.1324
48915.9 0.1295
48918.9 0.1296
48918.9 0.1304
48918.9 0.1306
48927.8 0.1338
48927.8 0.1320
48927.8 0.1302
48928.8 0.1292
48928.8 0.1305
48928.8 0.1295
48933.8 0.1290
48933.8 0.1269
48933.8 0.1287
48934.8 0.1306
48934.9 0.1269
48934.9 0.1274
48938.8 0.1332
48938.8 0.1288
48938.8 0.1310
48939.8 0.1318
48939.8 0.1275
48939.8 0.1279
48940.8 0.1321
48940.8 0.1304
48940.8 0.1338
48941.8 0.1301
48941.8 0.1316
48941.8 0.1302
48945.8 0.1296
48945.8 0.1288
48945.8 0.1284
48948.8 0.1296
48948.8 0.1337
48948.8 0.1287
48949.8 0.1321
48949.8 0.1341
48949.8 0.1343
48951.8 0.1267
48951.8 0.1312
48951.8 0.1329
48954.8 0.1303
48954.8 0.1298
48954.8 0.1313
48956.8 0.1313
48956.8 0.1297
48956.8 0.1340
48957.8 0.1280
48957.8 0.1314
48957.8 0.1317
48967.8 0.1299
48967.8 0.1301
48967.8 0.1318
48971.7 0.1338
48971.8 0.1328
48971.8 0.1310
48972.7 0.1275
48972.8 0.1302
48972.8 0.1308
48973.8 0.1305
48973.8 0.1279
48973.8 0.1319
48975.7 0.1304
48975.7 0.1252
48975.7 0.1283
48976.8 0.1278
48976.8 0.1253
48976.8 0.1285
48977.8 0.1242
48977.8 0.1273
48977.8 0.1283
48978.8 0.1349
48978.8 0.1304
48978.8 0.1324
48979.7 0.1289
48979.7 0.1369
48979.7 0.1312
48980.7 0.1250
48980.7 0.1244
48980.7 0.1335
48983.8 0.1300
48983.8 0.1284
48983.8 0.1295
48988.7 0.1268
48988.7 0.1293
48988.7 0.1286
48990.7 0.1335
48990.7 0.1333
48990.7 0.1320
48991.7 0.1286
48991.8 0.1305
48991.8 0.1330
48999.7 0.1270
48999.7 0.1304
48999.7 0.1300
49008.7 0.1282
49008.7 0.1295
49008.7 0.1303
49009.6 0.1312
49009.6 0.1318
49009.6 0.1330
49010.7 0.1321
49010.7 0.1317
49010.7 0.1314
49011.7 0.1298
49011.7 0.1336
49011.7 0.1281
49015.6 0.1298
49015.6 0.1289
49015.6 0.1354
49019.6 0.1349
49019.6 0.1348
49019.6 0.1337
49020.6 0.1322
49020.6 0.1329
49020.6 0.1356
49250.9 0.1213
49250.9 0.1239
49250.9 0.1256
49256 0.1228
49256 0.1199
49256 0.1248
49257 0.1270
49257 0.1263
49257 0.1266
49258.9 0.1235
49258.9 0.1269
49259 0.1309
49260 0.1232
49260 0.1224
49260 0.1227
49261 0.1201
49261 0.1248
49261 0.1207
49262.9 0.1223
49262.9 0.1221
49262.9 0.1241
49264 0.1261
49264 0.1263
49264 0.1225
49264.9 0.1228
49264.9 0.1209
49264.9 0.1241
49265.9 0.1277
49265.9 0.1258
49265.9 0.1284
49266.9 0.1247
49266.9 0.1275
49266.9 0.1273
49267.9 0.1311
49267.9 0.1278
49267.9 0.1283
49268.9 0.1263
49268.9 0.1246
49268.9 0.1290
49269.9 0.1288
49269.9 0.1301
49269.9 0.1267
49270.9 0.1261
49270.9 0.1202
49270.9 0.1267
49273.9 0.1207
49273.9 0.1214
49273.9 0.1268
49279.9 0.1288
49279.9 0.1298
49279.9 0.1308
49280.9 0.1264
49280.9 0.1221
49280.9 0.1253
49283.9 0.1238
49283.9 0.1217
49283.9 0.1252
49284.9 0.1221
49284.9 0.1240
49284.9 0.1286
49285.9 0.1257
49285.9 0.1268
49285.9 0.1216
49294.9 0.1290
49294.9 0.1253
49294.9 0.1252
49296.8 0.1279
49296.8 0.1254
49296.8 0.1257
49297.8 0.1262
49297.8 0.1268
49297.8 0.1230
49298.8 0.1235
49298.8 0.1261
49298.8 0.1263
49299.8 0.1288
49299.8 0.1269
49299.8 0.1278
49300.8 0.1261
49300.8 0.1242
49300.8 0.1224
49307.8 0.1255
49307.8 0.1230
49307.8 0.1244
49309.7 0.1262
49309.8 0.1268
49309.8 0.1294
49310.7 0.1268
49310.8 0.1263
49310.8 0.1246
49311.7 0.1268
49311.7 0.1255
49311.7 0.1261
49312.8 0.1292
49312.8 0.1271
49312.8 0.1282
49318.7 0.1287
49318.7 0.1287
49318.7 0.1280
49325.7 0.1247
49325.7 0.1250
49325.7 0.1254
49327.7 0.1241
49327.7 0.1266
49327.7 0.1305
49328.7 0.1253
49328.7 0.1270
49328.7 0.1240
49329.7 0.1291
49329.7 0.1278
49329.7 0.1292
49331.7 0.1247
49331.7 0.1249
49331.7 0.1306
49332.7 0.1296
49332.7 0.1297
49332.7 0.1290
49335.7 0.1285
49335.7 0.1295
49335.7 0.1235
49337.7 0.1277
49337.7 0.1290
49337.7 0.1263
49338.7 0.1249
49338.7 0.1258
49338.7 0.1284
49342.7 0.1244
49342.7 0.1239
49342.7 0.1238
49343.7 0.1281
49343.7 0.1239
49343.7 0.1257
49344.7 0.1299
49344.7 0.1289
49344.7 0.1268
49349.7 0.1278
49349.7 0.1271
49349.7 0.1249
49350.7 0.1271
49350.7 0.1256
49350.7 0.1263
49351.7 0.1265
49351.7 0.1243
49351.7 0.1249
49352.7 0.1256
49352.7 0.1241
49352.7 0.1227
49353.7 0.1243
49353.7 0.1267
49353.7 0.1292
49354.6 0.1257
49354.6 0.1237
49354.6 0.1257
49355.7 0.1237
49355.7 0.1212
49355.7 0.1213
49356.6 0.1219
49356.7 0.1213
49356.7 0.1229
49359.7 0.1266
49359.7 0.1223
49359.7 0.1227
49360.7 0.1292
49360.7 0.1292
49360.7 0.1268
49361.6 0.1288
49361.6 0.1272
49362.7 0.1249
49362.7 0.1254
49362.7 0.1265
49363.6 0.1277
49363.6 0.1304
49363.6 0.1279
49365.7 0.1246
49365.7 0.1335
49365.7 0.1273
49368.6 0.1271
49368.6 0.1258
49368.6 0.1266
49369.6 0.1279
49369.6 0.1262
49369.6 0.1272
49375.6 0.1249
49375.6 0.1247
49375.6 0.1229
49600.9 0.1290
49600.9 0.1289
49600.9 0.1291
49615.9 0.1227
49615.9 0.1223
49615.9 0.1243
49617.8 0.1252
49617.9 0.1293
49617.9 0.1286
49625.9 0.1274
49625.9 0.1278
49625.9 0.1251
49626.9 0.1240
49626.9 0.1258
49626.9 0.1320
49628.9 0.1272
49628.9 0.1248
49628.9 0.1209
49632.9 0.1278
49632.9 0.1274
49632.9 0.1269
49633.9 0.1288
49633.9 0.1304
49633.9 0.1383
49634.9 0.1264
49634.9 0.1286
49634.9 0.1258
49635.9 0.1263
49635.9 0.1274
49635.9 0.1276
49636.9 0.1241
49636.9 0.1268
49636.9 0.1242
49641.9 0.1351
49641.9 0.1275
49641.9 0.1252
49642.9 0.1252
49642.9 0.1264
49642.9 0.1251
49643.9 0.1246
49643.9 0.1240
49643.9 0.1229
49644.8 0.1308
49644.9 0.1259
49644.9 0.1244
49645.9 0.1290
49645.9 0.1239
49645.9 0.1235
49646.9 0.1270
49646.9 0.1247
49646.9 0.1268
49647.8 0.1277
49647.8 0.1217
49647.8 0.1262
49648.8 0.1245
49648.8 0.1217
49648.8 0.1257
49650.9 0.1277
49650.9 0.1254
49650.9 0.1224
49651.8 0.1259
49651.8 0.1207
49651.8 0.1212
49652.9 0.1204
49652.9 0.1266
49652.9 0.1184
49653.8 0.1231
49653.8 0.1225
49653.8 0.1237
49654.8 0.1311
49654.8 0.1271
49654.8 0.1270
49655.9 0.1270
49655.9 0.1245
49655.9 0.1234
49656.8 0.1293
49656.8 0.1221
49656.8 0.1316
49657.8 0.1265
49657.8 0.1296
49657.8 0.1204
49658.8 0.1273
49658.9 0.1276
49658.9 0.1257
49660.8 0.1224
49660.8 0.1267
49660.8 0.1226
49661.9 0.1228
49661.9 0.1246
49661.9 0.1245
49662.8 0.1234
49662.8 0.1262
49662.8 0.1232
49663.8 0.1234
49663.8 0.1292
49663.8 0.1250
49668.8 0.1283
49668.8 0.1307
49668.8 0.1266
49670.8 0.1248
49670.8 0.1253
49670.8 0.1247
49671.8 0.1238
49671.8 0.1256
49671.8 0.1267
49675.8 0.1323
49675.8 0.1365
49675.8 0.1365
49676.8 0.1269
49676.8 0.1302
49676.8 0.1258
49677.8 0.1251
49677.8 0.1227
49677.8 0.1260
49679.8 0.1272
49679.8 0.1271
49679.8 0.1238
49680.7 0.1268
49680.7 0.1210
49680.7 0.1233
49684.8 0.1267
49684.8 0.1247
49684.8 0.1270
49685.8 0.1233
49685.8 0.1240
49685.8 0.1245
49686.8 0.1274
49686.8 0.1305
49686.8 0.1247
49687.7 0.1310
49687.7 0.1253
49687.7 0.1283
49688.8 0.1239
49688.8 0.1268
49688.8 0.1250
49689.7 0.1252
49689.7 0.1217
49689.7 0.1267
49694.8 0.1278
49694.8 0.1246
49694.8 0.1300
49695.8 0.1259
49695.8 0.1253
49695.8 0.1239
49696.7 0.1259
49696.7 0.1242
49696.7 0.1202
49697.8 0.1246
49697.8 0.1313
49697.8 0.1337
49702.7 0.1250
49702.7 0.1247
49702.7 0.1228
49703.7 0.1233
49703.7 0.1227
49703.7 0.1241
49704.7 0.1232
49704.7 0.1281
49704.8 0.1277
49706.8 0.1247
49706.8 0.1255
49706.8 0.1294
49707.7 0.1304
49707.7 0.1293
49707.7 0.1272
49708.8 0.1310
49708.8 0.1265
49708.8 0.1231
49713.7 0.1213
49713.7 0.1284
49713.7 0.1210
49713.7 0.1322
49714.7 0.1256
49714.7 0.1247
49714.7 0.1221
49716.7 0.1256
49716.7 0.1222
49716.7 0.1270
49717.7 0.1235
49717.7 0.1208
49717.7 0.1225
49719.7 0.1282
49719.7 0.1236
49719.7 0.1307
49730.7 0.1217
49730.7 0.1356
49730.7 0.1258
49731.7 0.1307
49731.7 0.1332
49731.7 0.1287
49735.6 0.1250
49735.6 0.1238
49735.6 0.1332
49736.7 0.1178
49736.7 0.1238
49736.7 0.1244
49747.6 0.1252
49747.6 0.1328
49747.6 0.1307
49748.6 0.1346
49748.6 0.1291
49748.6 0.1264
49750.6 0.1267
49750.6 0.1306
49750.6 0.1247
49751.6 0.1290
49751.6 0.1292
49751.6 0.1259
49752.6 0.1345
49752.6 0.1266
49752.6 0.1299
49753.6 0.1241
49753.6 0.1368
49753.6 0.1280
49754.6 0.1254
49754.6 0.1259
49754.6 0.1297
49755.6 0.1323
49755.6 0.1248
49755.6 0.1256
49756.6 0.1274
49756.6 0.1346
49756.6 0.1314
49759.6 0.1289
49759.6 0.1331
49759.6 0.1319
49766.6 0.1322
49766.6 0.1317
49766.6 0.1273
49768.6 0.1321
49768.6 0.1308
49768.6 0.1351
49769.6 0.1286
49769.6 0.1300
49769.6 0.1344
