39341.8 0.3987
39342.8 0.4266
39368.8 0.4147
39370.8 0.3883
39392.8 0.3952
39719.8 0.3856
39720.8 0.3905
39721.8 0.3312
39722.8 0.3492
39786.8 0.3401
39787.8 0.3613
39788.8 0.3759
39789.8 0.3861
39817.8 0.3326
39832.8 0.3371
39834.8 0.3561
39835.8 0.3763
40045.8 0.3716
40046.8 0.3779
40047.8 0.3489
40077.8 0.3653
40078.8 0.3539
40079.8 0.3639
40080.8 0.3658
40105.8 0.3772
40106.8 0.3723
40107.8 0.3716
40138.8 0.3737
40139.8 0.3637
40140.8 0.3684
40167.8 0.3540
40168.8 0.3652
40169.8 0.3787
40170.8 0.3735
40199.8 0.3666
40202.8 0.3882
40404.8 0.3634
40405.8 0.3638
40407.8 0.3463
40438.8 0.3687
40439.8 0.3827
40454.8 0.3941
40455.8 0.3728
40456.8 0.3642
40457.8 0.3639
40495.8 0.3529
40497.8 0.3562
40498.8 0.3775
40499.8 0.3677
40517.8 0.3522
40519.8 0.3520
40520.8 0.3512
40555.8 0.3379
40558.8 0.3596
40570.8 0.3507
40572.8 0.3411
40573.8 0.3646
40777.8 0.3588
40778.8 0.3400
40779.8 0.3424
40780.8 0.3758
40809.8 0.3470
40811.8 0.3715
40812.8 0.3600
40843.8 0.3777
40844.8 0.3647
40845.8 0.3953
40881.8 0.3311
40910.8 0.3341
40911.8 0.3338
40912.8 0.3342
40935.8 0.3453
41168.8 0.3601
41169.8 0.3580
41170.8 0.3547
41199.8 0.3648
41200.8 0.3529
41201.8 0.3541
41202.8 0.3694
41249.8 0.3619
41250.8 0.3713
41262.8 0.3623
41264.8 0.3619
41286.8 0.3449
41554.8 0.3432
41589.8 0.3383
41590.8 0.3301
41591.8 0.3376
41614.8 0.3490
41615.8 0.3550
41618.8 0.3473
41641.8 0.3433
41644.8 0.3388
41669.8 0.3418
41671.8 0.3471
41884.8 0.3603
41885.8 0.3818
41886.8 0.3755
41909.8 0.3535
41910.8 0.3698
41911.8 0.3908
41942.8 0.3762
41943.8 0.3640
41944.8 0.3744
41945.8 0.3756
41959.8 0.3866
41960.8 0.3906
41961.8 0.3950
42015.8 0.4049
42016.8 0.4006
42260.8 0.3972
42282.8 0.3667
42283.8 0.3828
42284.8 0.3964
42285.8 0.3982
42329.8 0.3467
42330.8 0.3490
42331.8 0.3534
42348.8 0.3418
42350.8 0.3487
42380.8 0.3563
42382.8 0.3650
42613.8 0.3918
42614.8 0.3807
42615.8 0.3623
42616.8 0.3820
42644.8 0.3816
42645.8 0.3808
42646.8 0.3944
42647.8 0.3822
42675.8 0.3822
42676.8 0.3920
42677.8 0.3992
42678.8 0.4006
42702.8 0.3815
42703.8 0.3904
42731.8 0.3668
42732.8 0.3511
42763.8 0.3600
42765.8 0.3758
42973.8 0.3503
42975.8 0.3539
43024.8 0.3540
43025.8 0.3699
43060.8 0.3283
43061.8 0.3530
43062.8 0.3560
43063.8 0.3609
43110.8 0.3693
43111.8 0.3573
43112.8 0.3504
43113.8 0.3156
43347.8 0.3697
43349.8 0.3390
43349.8 0.3386
43350.8 0.3248
43350.8 0.3269
43351.8 0.3317
43351.8 0.3259
43415.8 0.3330
43477.8 0.3435
43478.8 0.3600
43479.8 0.3325
43481.8 0.3473
43742.8 0.3352
43743.8 0.3292
43777.8 0.3704
43778.8 0.3689
43779.8 0.3503
43805.8 0.3548
43824.8 0.3604
43853.8 0.3553
44142.8 0.3495
44143.8 0.3324
44169.8 0.3767
44190.8 0.3735
44199.8 0.3098
44200.8 0.3493
44201.8 0.3461
44202.8 0.3435
44203.8 0.3499
44204.8 0.3583
44205.8 0.3626
44206.8 0.3751
44207.8 0.3614
44208.8 0.3629
44224.8 0.3588
44423.9 0.3523
44423.9 0.3518
44425 0.3535
44425 0.3456
44426.9 0.3312
44426.9 0.3334
44427 0.3262
44427 0.3305
44429 0.3314
44429.9 0.3526
44429.9 0.3391
44429.9 0.3221
44430.9 0.3413
44430.9 0.3425
44430.9 0.3396
44433 0.3511
44433 0.3485
44433 0.3509
44441.9 0.3503
44441.9 0.3419
44441.9 0.3438
44443 0.3410
44443 0.3297
44443 0.3230
44444 0.3521
44444 0.3468
44444 0.3516
44444.9 0.3365
44444.9 0.3391
44444.9 0.3420
44445.9 0.3231
44445.9 0.3286
44445.9 0.3235
44446.9 0.3395
44446.9 0.3417
44446.9 0.3344
44447.9 0.3376
44447.9 0.3442
44447.9 0.3338
44448 0.3480
44448 0.3418
44448 0.3411
44448.9 0.3513
44448.9 0.3445
44448.9 0.3554
44449.9 0.3339
44449.9 0.3678
44449.9 0.3434
44451.9 0.3546
44451.9 0.3404
44451.9 0.3394
44452.9 0.3429
44452.9 0.3417
44452.9 0.3439
44453.9 0.3350
44453.9 0.3327
44453.9 0.3315
44454 0.3273
44454 0.3376
44454 0.3308
44454.9 0.3163
44454.9 0.3242
44454.9 0.3217
44458.9 0.3551
44458.9 0.3635
44458.9 0.3575
44460.9 0.3538
44460.9 0.3445
44460.9 0.3436
44462 0.3302
44462 0.3224
44462 0.3216
44462.9 0.3388
44462.9 0.3367
44462.9 0.3323
44463.9 0.3443
44463.9 0.3548
44463.9 0.3517
44464.9 0.3524
44464.9 0.3657
44464.9 0.3726
44466 0.3583
44466 0.3547
44466 0.3542
44467.9 0.3390
44467.9 0.3321
44467.9 0.3467
44468.9 0.3277
44468.9 0.3257
44468.9 0.3287
44469.9 0.3261
44469.9 0.3283
44469.9 0.3322
44472.9 0.3543
44472.9 0.3609
44472.9 0.3548
44473.9 0.3434
44473.9 0.3550
44473.9 0.3557
44474.9 0.3511
44474.9 0.3508
44474.9 0.3490
44475.9 0.3288
44475.9 0.3283
44475.9 0.3325
44476.8 0.3210
44476.8 0.3253
44476.8 0.3361
44478.9 0.3433
44478.9 0.3391
44478.9 0.3369
44479.8 0.3487
44479.8 0.3524
44479.8 0.3455
44479.9 0.3536
44479.9 0.3485
44479.9 0.3408
44480.9 0.3778
44480.9 0.3609
44480.9 0.3437
44480.9 0.3581
44480.9 0.3464
44480.9 0.3569
44480.9 0.3569
44480.9 0.3523
44480.9 0.3618
44481.9 0.3567
44481.9 0.3463
44481.9 0.3468
44482.9 0.3627
44482.9 0.3519
44482.9 0.3600
44484.9 0.3344
44484.9 0.3469
44484.9 0.3300
44485.9 0.3344
44485.9 0.3278
44485.9 0.3445
44486.9 0.3531
44486.9 0.3463
44486.9 0.3433
44487.9 0.3612
44487.9 0.3590
44487.9 0.3391
44489.9 0.3523
44489.9 0.3554
44489.9 0.3603
44490.9 0.3415
44490.9 0.3368
44490.9 0.3311
44492 0.3285
44492 0.3307
44492 0.3283
44492.9 0.3397
44492.9 0.3218
44492.9 0.3255
44493.9 0.3405
44493.9 0.3374
44493.9 0.3265
44494.9 0.3562
44494.9 0.3473
44494.9 0.3621
44495.9 0.3586
44495.9 0.3500
44495.9 0.3618
44496.9 0.3492
44496.9 0.3507
44496.9 0.3594
44505.8 0.3475
44505.8 0.3561
44505.8 0.3507
44506.8 0.3227
44506.8 0.3157
44506.8 0.3269
44507.8 0.3336
44507.8 0.3373
44507.8 0.3496
44508.8 0.3466
44508.9 0.3439
44508.9 0.3490
44509.8 0.3334
44509.8 0.3364
44509.8 0.3428
44510.8 0.3458
44510.8 0.3563
44510.8 0.3563
44511.8 0.3575
44511.8 0.3545
44511.8 0.3483
44512.8 0.3726
44512.8 0.3731
44512.8 0.3653
44513.8 0.3546
44513.8 0.3562
44513.8 0.3532
44514.8 0.3290
44514.8 0.3461
44514.8 0.3367
44515.8 0.3238
44515.8 0.3290
44515.8 0.3313
44516.8 0.3513
44516.8 0.3416
44516.8 0.3488
44517.8 0.3374
44517.8 0.3386
44517.8 0.3356
44524.7 0.3312
44525.8 0.3424
44525.8 0.3478
44525.8 0.3487
44545.8 0.3582
44545.8 0.3526
44545.8 0.3471
44546.7 0.3382
44546.7 0.3354
44546.7 0.3377
44547.7 0.3297
44547.7 0.3369
44547.7 0.3418
44548.7 0.3454
44548.7 0.3533
44548.7 0.3518
44549.7 0.3430
44549.7 0.3493
44549.7 0.3398
44550.7 0.3720
44550.7 0.3511
44550.7 0.3574
44562.7 0.3436
44562.7 0.3497
44562.7 0.3465
44564.7 0.3274
44564.7 0.3474
44564.7 0.3289
44566.7 0.3480
44566.7 0.3557
44566.7 0.3409
44606.6 0.3411
44606.6 0.3433
44606.6 0.3315
44608.6 0.3491
44608.6 0.3353
44608.6 0.3370
44804 0.3063
44804 0.3119
44804 0.3050
44805 0.3198
44805 0.3200
44805 0.3147
44806 0.3348
44806 0.3411
44806 0.3309
44808 0.3591
44808 0.3547
44808 0.3471
44809 0.3492
44809 0.3704
44809 0.3594
44821.9 0.3600
44821.9 0.3325
44821.9 0.3381
44823.9 0.3514
44823.9 0.3542
44824 0.3509
44824.9 0.3504
44825 0.3469
44825 0.3494
44826 0.3342
44826 0.3104
44826 0.3277
44826.9 0.3017
44826.9 0.3079
44826.9 0.3072
44833 0.3432
44833 0.3470
44833 0.3448
44833.9 0.3222
44833.9 0.3403
44833.9 0.3288
44835.9 0.3344
44835.9 0.3165
44835.9 0.3203
44836.9 0.3282
44836.9 0.3252
44836.9 0.3290
44847.9 0.3424
44847.9 0.3410
44847.9 0.3495
44848.9 0.3339
44848.9 0.3384
44848.9 0.3346
44849.9 0.2999
44849.9 0.3200
44849.9 0.3288
44850.9 0.3069
44850.9 0.3160
44850.9 0.3100
44851.9 0.3234
44851.9 0.3169
44851.9 0.3188
44853.9 0.3360
44853.9 0.3209
44853.9 0.3399
44855.9 0.3490
44855.9 0.3422
44855.9 0.3409
44856.9 0.3376
44856.9 0.3459
44856.9 0.3313
44857.9 0.3280
44857.9 0.3106
44857.9 0.3406
44859.9 0.3281
44859.9 0.3268
44859.9 0.3166
44860.9 0.3299
44860.9 0.3392
44860.9 0.3206
44862.9 0.3432
44862.9 0.3358
44862.9 0.3520
44863.9 0.3415
44863.9 0.3375
44863.9 0.3438
44864.9 0.3350
44864.9 0.3269
44864.9 0.3362
44865.9 0.3411
44865.9 0.3345
44865.9 0.3308
44868.8 0.3336
44868.8 0.3422
44868.8 0.3532
44869.8 0.3158
44869.8 0.3199
44869.8 0.3174
44870.8 0.3401
44870.8 0.3448
44870.8 0.3414
44872.8 0.3239
44872.8 0.3194
44872.8 0.3269
44874.8 0.3135
44874.8 0.3260
44874.8 0.3138
44883.8 0.3463
44883.8 0.3398
44883.8 0.3322
44886.8 0.3208
44886.8 0.3407
44886.8 0.3395
44887.8 0.3177
44887.8 0.3346
44887.8 0.3154
44891.8 0.3373
44891.8 0.3409
44891.8 0.3452
44892.8 0.3503
44892.8 0.3357
44892.8 0.3298
44893.7 0.3466
44893.8 0.3364
44893.8 0.3351
44894.7 0.3374
44894.8 0.3433
44894.8 0.3389
44895.8 0.3483
44895.8 0.3290
44895.8 0.3332
44896.7 0.3318
44896.7 0.3260
44896.7 0.3237
44897.8 0.3213
44897.8 0.3198
44897.8 0.3272
44898.8 0.3101
44898.8 0.3101
44898.8 0.3244
44899.8 0.3259
44899.8 0.3355
44899.8 0.3406
44900.8 0.3425
44900.8 0.3389
44900.8 0.3586
44901.7 0.3409
44901.7 0.3351
44901.7 0.3420
44907.7 0.3756
44907.7 0.3639
44907.7 0.3345
44908.7 0.3259
44908.7 0.3525
44908.7 0.3381
44909.7 0.3407
44909.7 0.3405
44909.7 0.3432
44910.7 0.3339
44910.7 0.3248
44910.7 0.3297
44911.7 0.2959
44911.7 0.2974
44911.7 0.3022
44912.7 0.3000
44912.7 0.3038
44912.7 0.3020
44913.8 0.3253
44913.8 0.3253
44913.8 0.3235
44917.7 0.3202
44917.7 0.3272
44917.7 0.3275
44918.7 0.3346
44918.7 0.3181
44918.7 0.3386
44919.7 0.3085
44919.7 0.3013
44919.7 0.3198
44920.7 0.3144
44920.7 0.3190
44920.7 0.3243
45198.9 0.3518
45198.9 0.3483
45198.9 0.3489
45207.9 0.3603
45207.9 0.3566
45207.9 0.3542
45208.9 0.3254
45208.9 0.3319
45208.9 0.3321
45209.9 0.3498
45209.9 0.3313
45209.9 0.3438
45210.9 0.3302
45210.9 0.3476
45210.9 0.3350
45211.9 0.3478
45211.9 0.3569
45211.9 0.3618
45214.8 0.3595
45214.8 0.3361
45214.8 0.3481
45215.8 0.3600
45215.8 0.3738
45215.8 0.3729
45218.9 0.3204
45218.9 0.3263
45218.9 0.3287
45219.9 0.3409
45219.9 0.3449
45219.9 0.3505
45224.8 0.3551
45224.8 0.3656
45224.8 0.3471
45225.8 0.3454
45225.8 0.3426
45225.8 0.3535
45241.8 0.3409
45241.8 0.3477
45241.8 0.3523
45243.7 0.4371
45243.7 0.3513
45243.7 0.3397
45246.8 0.3750
45246.8 0.3482
45246.8 0.3454
45246.8 0.3689
45246.8 0.3632
45246.8 0.3363
45249.7 0.3440
45249.7 0.3233
45249.7 0.3423
45258.8 0.3195
45258.8 0.3022
45258.8 0.3151
45259.8 0.3392
45259.8 0.3038
45259.8 0.3079
45260.7 0.3324
45260.7 0.3302
45260.7 0.3135
45274.7 0.3294
45274.7 0.3399
45274.7 0.3258
45277.7 0.3300
45277.7 0.3404
45277.7 0.3188
45309.6 0.3232
45309.6 0.3253
45309.6 0.3246
45543 0.3515
45543 0.3312
45543 0.3411
45557 0.3411
45557 0.3484
45557 0.3450
45564 0.3553
45564 0.3637
45564 0.3542
45573.9 0.3442
45573.9 0.3486
45573.9 0.3526
45580.9 0.3595
45580.9 0.3721
45580.9 0.3512
45583.9 0.3511
45583.9 0.3418
45583.9 0.3584
45586.8 0.3650
45586.8 0.3759
45586.8 0.3830
45589.8 0.3520
45589.8 0.3474
45589.8 0.3406
45595.8 0.3403
45595.8 0.3744
45595.8 0.3628
45625.8 0.3519
45625.8 0.3580
45625.8 0.3551
45629.7 0.3595
45629.7 0.3814
45629.7 0.3643
45629.7 0.3523
45629.7 0.3616
45629.7 0.3491
45629.7 0.3516
45629.7 0.3553
45629.7 0.3601
45629.7 0.3389
45629.7 0.3647
45629.7 0.3511
45629.7 0.3607
45629.7 0.3753
45629.7 0.3871
45629.7 0.3487
45629.7 0.3658
45629.7 0.3627
45629.7 0.3658
45629.7 0.3479
45629.7 0.3433
45629.7 0.3438
45629.7 0.3691
45629.7 0.3747
45629.7 0.3444
45629.7 0.3750
45629.7 0.3579
45629.7 0.3549
45629.7 0.3631
45629.7 0.3767
45629.7 0.3509
45629.7 0.3381
45629.7 0.3587
45629.7 0.3629
45629.7 0.3674
45629.7 0.3587
45629.7 0.3495
45629.7 0.3699
45629.7 0.3560
45629.7 0.3634
45629.7 0.3668
45629.7 0.3556
45629.7 0.3444
45629.7 0.3637
45629.7 0.3462
45629.7 0.3487
45629.7 0.3527
45629.7 0.3721
45629.7 0.3554
45629.7 0.3649
45629.7 0.3464
45629.7 0.3532
45629.7 0.3575
45629.7 0.3460
45629.7 0.3725
45629.7 0.3663
45629.7 0.3553
45629.7 0.3515
45629.7 0.3599
45629.7 0.3538
45629.7 0.3491
45629.7 0.3716
45629.7 0.3527
45629.7 0.3583
45629.7 0.3588
45629.7 0.3579
45629.7 0.3588
45629.7 0.3579
45629.7 0.3594
45629.7 0.3441
45634.7 0.2991
45634.7 0.2976
45634.7 0.3009
45660.8 0.3558
45660.8 0.3522
45660.8 0.3537
45666.7 0.3718
45666.7 0.3481
45666.7 0.3526
45687.6 0.3338
45687.6 0.3323
45687.6 0.3250
45705.6 0.3399
45705.6 0.3300
45705.6 0.3401
45707.6 0.3217
45707.6 0.3245
45707.6 0.3337
45709.6 0.3120
45709.6 0.3182
45709.6 0.3067
45714.6 0.3417
45714.6 0.3364
45714.6 0.3332
45717.6 0.3277
45717.6 0.3317
45717.6 0.3146
45725.6 0.3237
45725.6 0.3198
45725.6 0.3210
45906 0.3092
45906 0.3274
45906 0.4151
45907 0.3686
45907 0.3771
45907 0.3661
45907.9 0.3649
45907.9 0.3687
45907.9 0.3731
45913 0.5045
45913 0.3401
45913 0.3362
45928.9 0.3196
45928.9 0.3349
45928.9 0.3462
45930 0.3420
45930 0.3268
45930 0.3439
45935.9 0.3248
45935.9 0.3505
45935.9 0.3442
45936.9 0.3759
45936.9 0.3585
45936.9 0.3642
45937.9 0.3717
45937.9 0.3630
45937.9 0.3705
45940 0.3397
45940 0.3217
45940 0.3357
45941.9 0.3312
45941.9 0.3316
45941.9 0.3266
45942.9 0.3627
45942.9 0.3384
45942.9 0.3163
45943.9 0.3208
45943.9 0.3361
45943.9 0.3348
45944.9 0.3091
45944.9 0.3191
45944.9 0.3181
45947.9 0.3665
45947.9 0.3487
45947.9 0.3671
45948.9 0.3404
45948.9 0.3277
45948.9 0.3330
45950 0.3368
45950 0.3352
45950 0.3405
45950.9 0.3349
45950.9 0.3429
45950.9 0.3429
45951.9 0.3303
45951.9 0.3422
45951.9 0.3392
45959.9 0.3117
45959.9 0.3078
45959.9 0.2995
45961.9 0.3657
45961.9 0.3477
45961.9 0.3445
45965.9 0.3503
45965.9 0.3486
45965.9 0.3573
45970.8 0.3433
45970.8 0.3508
45970.8 0.3491
45972.9 0.3277
45972.9 0.3281
45972.9 0.3059
45976.8 0.3463
45976.8 0.3456
45976.8 0.3532
45983.8 0.3648
45983.8 0.3427
45983.8 0.3347
45984.8 0.3243
45984.8 0.3307
45984.8 0.3373
45987.8 0.3454
45987.8 0.3290
45987.8 0.3303
45995.8 0.3313
45995.8 0.3188
45995.8 0.3298
45996.8 0.3312
45996.8 0.3322
45996.8 0.3354
45997.8 0.3596
45997.9 0.3649
45997.9 0.3531
45998.7 0.3388
45998.8 0.3391
45998.8 0.3463
45999.8 0.3400
45999.8 0.3384
45999.8 0.3633
46000.8 0.3459
46000.8 0.3449
46000.8 0.3501
46001.8 0.3189
46001.8 0.3299
46001.8 0.3378
46002.8 0.3257
46002.8 0.3116
46002.8 0.3104
46003.8 0.3272
46003.8 0.3355
46003.8 0.3502
46006.8 0.3296
46006.8 0.3322
46006.8 0.3585
46007.7 0.3583
46007.7 0.3493
46007.7 0.3580
46009.8 0.3131
46009.8 0.3336
46009.8 0.3128
46010.8 0.3287
46010.8 0.3377
46010.8 0.3409
46016.7 0.3495
46016.7 0.3504
46016.7 0.3515
46019.7 0.3133
46019.7 0.3210
46019.7 0.3180
46020.8 0.3353
46020.8 0.3310
46020.8 0.3311
46023.8 0.3464
46023.8 0.3435
46023.8 0.3355
46024.7 0.3361
46024.7 0.3434
46024.7 0.3287
46027.7 0.3225
46027.7 0.3195
46027.7 0.3221
46031.7 0.3296
46031.7 0.3398
46031.7 0.3419
46041.7 0.3264
46041.7 0.3549
46041.7 0.3411
46049.7 0.3307
46049.7 0.3376
46049.7 0.3200
46056.6 0.3262
46056.6 0.3270
46056.6 0.3145
46057.7 0.3361
46057.7 0.3375
46057.7 0.3355
46065.6 0.3451
46065.6 0.3368
46065.6 0.3252
46069.6 0.3509
46069.6 0.3568
46069.6 0.3468
46284 0.3122
46284 0.3104
46284 0.3406
46286 0.3298
46286 0.3211
46286 0.3333
46287 0.3311
46287 0.3279
46287 0.3331
46289 0.3167
46289 0.3152
46289 0.3277
46291.9 0.3191
46291.9 0.3125
46291.9 0.3070
46294 0.3395
46294 0.3403
46294 0.3381
46295 0.3289
46295 0.3319
46295 0.3331
46298 0.3350
46298 0.3392
46298 0.3367
46300 0.3335
46300 0.3165
46300 0.3177
46301.9 0.3559
46301.9 0.3476
46301.9 0.3420
46303.9 0.3011
46303.9 0.3052
46303.9 0.3060
46311 0.3080
46311 0.3201
46311 0.3132
46321.9 0.3173
46321.9 0.3326
46321.9 0.3165
46322.9 0.3439
46322.9 0.3461
46322.9 0.3317
46328.9 0.3331
46328.9 0.3382
46328.9 0.3265
46329.9 0.3287
46329.9 0.3419
46329.9 0.3184
46329.9 0.3230
46331.9 0.3522
46331.9 0.3527
46331.9 0.3430
46334.9 0.3251
46334.9 0.3140
46334.9 0.3257
46338.8 0.3439
46338.8 0.3386
46338.8 0.3386
46339.8 0.3489
46339.8 0.3386
46339.8 0.3460
46341.8 0.3270
46341.8 0.3353
46341.8 0.3311
46357.8 0.3256
46357.8 0.3209
46357.8 0.3229
46361.8 0.3430
46361.8 0.3359
46361.8 0.3424
46362.8 0.3197
46362.8 0.3282
46362.8 0.3299
46365.8 0.3280
46365.8 0.3182
46365.8 0.3209
46367.8 0.3286
46367.8 0.3288
46367.8 0.3294
46368.7 0.3034
46368.7 0.3182
46368.7 0.3104
46370.8 0.3442
46370.8 0.3330
46370.8 0.3317
46371.8 0.3315
46371.8 0.3230
46371.8 0.3247
46374.7 0.3185
46374.7 0.3123
46374.7 0.3106
46375.7 0.3285
46375.7 0.3152
46375.7 0.3250
46376.7 0.3377
46376.7 0.3330
46376.7 0.3258
46383.7 0.3210
46383.7 0.3285
46383.7 0.3157
46384.7 0.3379
46384.7 0.3407
46384.7 0.3364
46387.7 0.3262
46387.7 0.3293
46387.7 0.3200
46389.7 0.3114
46389.7 0.3220
46389.7 0.3094
46391.7 0.3221
46391.7 0.3277
46391.7 0.3163
46392.7 0.3449
46392.7 0.3371
46392.7 0.3391
46406.7 0.3153
46406.7 0.3203
46406.7 0.3229
46407.7 0.3331
46407.7 0.3298
46407.7 0.3315
46411.7 0.3135
46411.7 0.3046
46411.7 0.3074
46417.6 0.3381
46417.6 0.3277
46417.6 0.3254
46419.7 0.3214
46419.7 0.3126
46419.7 0.3033
46420.7 0.3055
46420.7 0.3320
46420.7 0.3164
46421.7 0.3274
46421.7 0.3155
46421.7 0.3143
46427.7 0.3168
46427.7 0.3126
46427.7 0.3149
46655 0.3369
46655 0.3263
46655 0.3385
46656 0.3146
46656 0.3128
46656 0.3108
46658 0.3371
46658 0.3354
46658 0.3260
46660 0.3348
46660 0.3409
46660 0.3405
46662 0.3465
46662 0.3360
46662 0.3384
46663 0.3376
46663 0.3203
46663 0.3236
46665 0.3222
46665 0.3042
46665 0.3205
46666.9 0.3098
46666.9 0.3261
46667 0.3057
46670.9 0.3399
46670.9 0.3194
46670.9 0.3344
46671.9 0.3440
46671.9 0.3330
46671.9 0.3560
46673.9 0.3090
46673.9 0.3157
46673.9 0.3148
46676.9 0.3531
46676.9 0.3306
46676.9 0.3447
46678.9 0.3303
46678.9 0.3385
46678.9 0.3229
46679.9 0.3399
46679.9 0.3339
46679.9 0.3423
46681.9 0.3187
46681.9 0.3062
46681.9 0.3322
46682.9 0.3136
46682.9 0.3341
46682.9 0.3212
46683.9 0.3334
46683.9 0.3371
46683.9 0.3320
46684.9 0.3423
46684.9 0.3444
46684.9 0.3281
46685.8 0.3438
46685.8 0.3614
46685.8 0.3365
46686.9 0.3286
46686.9 0.3395
46686.9 0.3306
46687.9 0.3296
46687.9 0.3407
46687.9 0.3281
46688.9 0.3104
46688.9 0.3223
46688.9 0.3125
46689.9 0.3293
46689.9 0.3297
46689.9 0.3256
46690.9 0.3374
46690.9 0.3261
46690.9 0.3321
46691.9 0.3520
46691.9 0.3554
46691.9 0.3498
46691.9 0.3393
46691.9 0.3428
46691.9 0.3546
46692.8 0.3367
46692.8 0.3307
46692.8 0.3250
46695.9 0.3280
46695.9 0.3323
46695.9 0.3282
46707.8 0.3326
46707.8 0.3364
46707.8 0.3497
46708.8 0.3458
46708.8 0.3332
46708.8 0.3253
46711.9 0.3340
46711.9 0.3308
46711.9 0.3238
46715.8 0.3680
46715.8 0.3678
46715.8 0.3559
46716.8 0.3408
46716.8 0.3449
46716.8 0.3336
46720.8 0.3275
46720.8 0.3382
46720.8 0.3276
46722.8 0.3368
46722.8 0.3632
46722.8 0.3421
46723.7 0.3533
46723.7 0.3499
46723.7 0.3449
46726.8 0.3099
46726.8 0.3155
46726.8 0.2884
46727.8 0.3543
46727.8 0.3436
46727.8 0.3276
46731.8 0.3390
46731.8 0.3471
46731.8 0.3219
46733.8 0.3246
46733.8 0.3177
46733.8 0.3246
46736.7 0.3430
46736.7 0.3478
46736.7 0.3380
46738.7 0.3283
46738.7 0.3299
46738.8 0.3311
46739.7 0.3589
46739.7 0.3355
46739.7 0.3364
46743.7 0.3385
46743.7 0.3388
46743.7 0.3315
46747.7 0.3307
46747.7 0.3521
46747.7 0.3299
46748.7 0.3285
46748.7 0.3242
46748.7 0.3316
46750.7 0.3431
46750.7 0.3338
46750.7 0.3305
46755.7 0.3521
46755.7 0.3414
46755.7 0.3426
46759.7 0.3348
46759.7 0.3299
46759.7 0.3290
46768.7 0.3265
46768.7 0.3217
46768.7 0.3273
46775.7 0.3484
46775.7 0.3306
46775.7 0.3264
46777.6 0.3408
46777.6 0.3635
46777.6 0.3509
46779.6 0.3276
46779.6 0.3182
46779.6 0.3307
46806.6 0.3297
46806.6 0.3266
46806.6 0.3344
46808.6 0.3309
46808.6 0.3527
46808.6 0.3254
47027.9 0.3029
47027.9 0.2774
47027.9 0.3000
47033 0.3266
47033 0.3244
47033 0.3152
47037 0.3198
47037 0.3153
47037 0.3103
47038.9 0.3222
47038.9 0.3246
47038.9 0.3237
47042.9 0.3180
47042.9 0.3191
47042.9 0.3232
47043.9 0.3242
47043.9 0.3156
47043.9 0.3170
47045.9 0.3128
47045.9 0.3157
47045.9 0.3146
47048.9 0.3178
47048.9 0.3218
47048.9 0.3152
47049.9 0.3286
47049.9 0.3355
47049.9 0.3270
47053.9 0.3350
47053.9 0.3206
47053.9 0.3299
47055.9 0.3157
47055.9 0.3117
47055.9 0.3058
47056.8 0.3319
47056.8 0.3266
47056.8 0.3274
47058.9 0.3249
47058.9 0.3341
47058.9 0.3278
47063.9 0.3052
47063.9 0.3106
47063.9 0.3140
47064.9 0.2843
47064.9 0.2845
47064.9 0.2844
47066.9 0.3190
47066.9 0.3197
47066.9 0.3085
47069.9 0.3170
47069.9 0.3323
47069.9 0.3191
47070.8 0.3202
47070.8 0.3100
47070.8 0.3215
47071.8 0.3206
47071.8 0.3151
47071.8 0.3273
47072.9 0.3220
47072.9 0.3228
47072.9 0.3121
47073.8 0.3329
47073.8 0.3293
47073.8 0.3384
47074.8 0.3199
47074.8 0.3355
47074.8 0.3410
47075.8 0.3281
47075.8 0.3254
47075.8 0.3297
47076.8 0.3376
47076.8 0.3444
47076.8 0.3380
47077.8 0.3259
47077.8 0.3298
47077.8 0.3178
47078.8 0.3121
47078.8 0.3099
47078.8 0.3132
47079.8 0.3251
47079.8 0.3229
47079.8 0.3225
47082.8 0.3541
47082.8 0.3630
47082.8 0.3464
47083.8 0.3291
47083.8 0.3331
47083.8 0.3193
47084.8 0.3385
47084.8 0.3273
47084.8 0.3190
47085.8 0.3158
47085.8 0.3231
47085.8 0.3279
47086.8 0.3150
47086.8 0.3194
47086.8 0.3186
47087.8 0.3313
47087.8 0.3304
47087.8 0.3084
47088.9 0.3158
47088.9 0.3038
47088.9 0.3058
47089.8 0.3049
47089.8 0.3103
47089.8 0.3139
47107.8 0.3128
47107.8 0.3086
47107.8 0.3231
47108.7 0.3033
47108.7 0.2921
47108.7 0.2866
47110.8 0.2990
47110.8 0.3023
47110.8 0.2992
47115.7 0.3100
47115.7 0.3157
47115.7 0.3260
47118.7 0.3261
47118.7 0.3236
47118.7 0.3098
47121.7 0.3332
47121.7 0.3431
47121.7 0.3407
47122.7 0.3210
47122.7 0.3243
47122.7 0.3279
47123.7 0.3059
47123.7 0.3160
47123.7 0.3106
47124.7 0.3009
47124.7 0.3071
47124.7 0.3107
47125.7 0.2861
47125.7 0.3008
47125.7 0.2964
47129.7 0.3219
47129.7 0.3184
47129.7 0.3228
47131.7 0.3191
47131.7 0.3082
47131.7 0.3075
47140.7 0.3071
47140.7 0.3036
47140.7 0.3033
47151.6 0.3478
47151.6 0.3537
47151.6 0.3499
47167.6 0.3192
47167.6 0.3177
47167.6 0.3031
47172.6 0.3040
47172.6 0.3026
47172.6 0.2977
47181.6 0.3179
47181.6 0.3244
47181.6 0.3319
47183.6 0.3457
47183.6 0.3227
47183.6 0.3354
47388.9 0.3197
47388.9 0.3101
47388.9 0.3222
47391 0.3203
47391 0.3094
47391 0.3248
47394 0.2967
47394 0.3070
47394 0.2979
47396 0.3079
47396 0.2923
47396 0.3012
47397 0.2964
47403 0.3017
47403 0.2875
47403 0.3025
47403.9 0.3132
47403.9 0.3093
47403.9 0.3026
47405.9 0.3131
47405.9 0.3229
47405.9 0.3194
47411.9 0.3081
47411.9 0.3084
47411.9 0.3140
47411.9 0.2969
47411.9 0.3042
47412.9 0.2887
47412.9 0.2988
47412.9 0.3083
47412.9 0.2970
47412.9 0.3084
47412.9 0.3033
47413.8 0.3104
47413.8 0.3365
47413.8 0.3113
47413.8 0.3111
47413.8 0.3085
47416.9 0.2839
47416.9 0.2835
47416.9 0.2806
47419.9 0.3032
47419.9 0.2957
47419.9 0.3107
47420.9 0.3225
47420.9 0.3087
47420.9 0.3104
47426.8 0.2977
47426.8 0.3040
47426.8 0.3016
47431.9 0.3114
47431.9 0.3192
47431.9 0.3195
47433.9 0.2875
47433.9 0.2954
47433.9 0.2870
47435.9 0.3061
47435.9 0.3152
47435.9 0.3045
47437.9 0.3142
47437.9 0.2848
47437.9 0.3071
47446.8 0.3044
47446.8 0.2921
47446.8 0.3087
47449.8 0.2967
47449.8 0.2792
47449.8 0.2742
47453.9 0.3054
47453.9 0.2961
47453.9 0.2949
47454.8 0.3194
47454.8 0.3051
47454.8 0.2986
47455.8 0.3110
47455.8 0.3263
47455.8 0.3092
47456.8 0.2948
47456.8 0.2994
47456.8 0.2986
47457.7 0.2964
47457.7 0.2715
47457.7 0.2954
47458.8 0.2895
47458.8 0.3034
47458.8 0.3026
47459.7 0.2848
47459.7 0.2828
47459.7 0.2970
47460.8 0.3112
47460.8 0.3144
47460.8 0.2957
47461.8 0.3090
47461.8 0.2996
47461.8 0.2920
47462.8 0.3081
47462.8 0.3185
47462.8 0.3041
47464.8 0.3015
47464.8 0.3015
47464.8 0.3016
47465.8 0.2850
47465.8 0.2861
47465.8 0.2880
47467.8 0.2974
47467.8 0.3077
47467.8 0.2946
47469.7 0.2944
47469.7 0.2958
47469.7 0.2967
47471.7 0.2975
47471.7 0.2991
47471.7 0.3068
47472.7 0.2937
47472.7 0.2735
47472.7 0.2905
47477.7 0.3002
47477.7 0.2964
47477.7 0.2993
47478.7 0.3065
47478.7 0.3099
47478.7 0.2896
47481.7 0.2998
47481.7 0.3048
47481.7 0.2965
47482.7 0.2860
47482.7 0.2819
47482.7 0.2926
47485.7 0.3134
47485.7 0.3011
47485.7 0.3016
47492.7 0.3098
47492.7 0.2979
47492.7 0.2936
47495.7 0.2979
47495.7 0.2945
47495.7 0.2957
47499.7 0.3016
47499.7 0.2999
47499.7 0.2925
47501.6 0.3077
47501.6 0.3148
47501.6 0.3048
47507.6 0.2987
47507.6 0.2952
47507.6 0.2938
47508.6 0.3014
47508.6 0.3296
47508.6 0.3098
47510.7 0.3040
47510.7 0.3072
47510.7 0.3121
47522.6 0.3214
47522.6 0.3229
47522.6 0.3084
47526.6 0.2974
47526.6 0.3058
47526.6 0.2923
47541.6 0.2843
47541.6 0.2903
47541.6 0.2897
47766.9 0.3425
47766.9 0.3337
47766.9 0.3329
47771.9 0.3535
47771.9 0.3468
47771.9 0.3539
47777.9 0.3259
47777.9 0.3213
47777.9 0.3321
47779.9 0.3320
47779.9 0.3313
47779.9 0.3233
47782.9 0.3373
47782.9 0.3274
47782.9 0.3313
47789.9 0.3575
47789.9 0.3541
47789.9 0.3596
47804.8 0.3334
47804.8 0.3498
47804.8 0.3382
47809.8 0.3132
47809.8 0.3079
47809.8 0.3235
47818.8 0.3409
47818.8 0.3384
47818.8 0.3384
47826.8 0.3442
47826.8 0.3406
47826.8 0.3499
47827.8 0.3713
47827.8 0.3708
47827.8 0.3667
47831.8 0.3141
47831.8 0.3113
47831.8 0.3122
47832.7 0.3203
47832.7 0.3240
47832.7 0.3133
47833.7 0.3237
47833.7 0.3224
47833.7 0.3237
47834.7 0.3512
47834.7 0.3425
47834.7 0.3474
47835.7 0.3643
47835.7 0.3699
47835.7 0.3753
47839.7 0.3159
47839.7 0.3238
47839.7 0.3181
47842.7 0.3590
47842.7 0.3448
47842.7 0.3545
47847.7 0.3292
47847.7 0.3203
47847.7 0.3150
47850.7 0.3479
47850.7 0.3457
47850.7 0.3426
47862.7 0.3040
47862.7 0.3093
47862.7 0.3024
47866.7 0.3664
47866.7 0.3522
47866.7 0.3533
47869.7 0.3294
47869.7 0.3293
47869.7 0.3310
47873.7 0.3507
47873.7 0.3493
47873.7 0.3340
47878.7 0.3147
47878.7 0.3203
47878.7 0.3186
48109 0.3266
48109 0.3123
48109 0.3221
48122.9 0.3354
48122.9 0.3299
48122.9 0.3178
48128.9 0.3465
48128.9 0.3374
48129 0.3403
48132.9 0.3009
48132.9 0.3127
48132.9 0.3048
48134.9 0.3295
48134.9 0.3218
48134.9 0.3301
48136.9 0.3551
48136.9 0.3595
48136.9 0.3642
48145.9 0.3449
48145.9 0.3368
48145.9 0.3325
48150.9 0.3430
48150.9 0.3330
48150.9 0.3515
48152.9 0.3524
48152.9 0.3460
48152.9 0.3526
48154.9 0.3092
48154.9 0.3198
48154.9 0.3173
48161.9 0.3407
48161.9 0.3331
48161.9 0.3373
48167.8 0.3487
48167.8 0.3424
48167.8 0.3335
48186.7 0.3185
48186.7 0.3160
48186.7 0.3283
48191.7 0.3343
48191.8 0.3398
48191.8 0.3393
48194.8 0.3229
48194.8 0.3223
48194.8 0.3285
48213.7 0.3376
48213.7 0.3378
48213.7 0.3412
48217.7 0.3562
48217.7 0.3383
48217.7 0.3474
48220.7 0.3606
48220.7 0.3674
48220.7 0.3398
48226.7 0.3389
48226.7 0.3425
48226.7 0.3565
48235.7 0.3478
48235.7 0.3352
48235.7 0.3569
48235.7 0.3579
48235.7 0.3493
48235.7 0.3373
48240.7 0.3379
48240.7 0.3379
48240.7 0.3369
48242.6 0.3452
48242.6 0.3435
48242.6 0.3386
48243.6 0.3488
48243.6 0.3531
48243.6 0.3489
48244.6 0.3651
48244.6 0.3612
48244.6 0.3617
48490 0.3693
48490 0.3587
48490 0.3574
48492.9 0.3580
48492.9 0.3605
48492.9 0.3642
48500.9 0.3630
48500.9 0.3579
48500.9 0.3596
48551.7 0.3801
48551.7 0.3738
48551.7 0.3752
48597.6 0.3733
48597.6 0.3582
48597.6 0.3579
48617.6 0.3693
48617.6 0.3659
48617.6 0.3797
48637.6 0.3726
48637.6 0.3479
48637.6 0.3649
48638.6 0.3269
48638.6 0.3302
48638.6 0.3484
48639.6 0.3665
48639.6 0.3752
48639.6 0.3522
48641.6 0.3900
48641.6 0.3830
48641.6 0.3820
48643.6 0.3590
48643.6 0.3698
48643.6 0.3784
48644.6 0.3607
48644.6 0.3494
48644.6 0.3450
48645.6 0.3716
48645.6 0.3600
48645.6 0.3825
48646.6 0.3750
48646.6 0.3792
48646.6 0.3773
48649.6 0.3730
48649.6 0.3578
48649.6 0.3459
48869.9 0.3649
48869.9 0.3688
48869.9 0.3664
48871.9 0.3793
48871.9 0.3797
48871.9 0.3676
48873.8 0.3651
48873.8 0.3522
48873.8 0.3772
48875.8 0.3783
48875.8 0.3601
48875.8 0.3699
48876.9 0.3686
48876.9 0.3716
48876.9 0.3683
48879.9 0.3885
48879.9 0.3693
48879.9 0.3628
48881.9 0.3494
48881.9 0.3490
48881.9 0.3594
48884.9 0.3764
48884.9 0.3796
48884.9 0.3872
48886.9 0.3935
48886.9 0.3884
48886.9 0.3917
48888.8 0.3801
48888.8 0.3726
48888.8 0.3601
48890.8 0.3501
48890.8 0.3417
48890.8 0.3492
48892.9 0.3847
48892.9 0.3759
48892.9 0.3842
48895.9 0.3841
48895.9 0.3790
48895.9 0.3727
48897.8 0.3799
48897.8 0.3667
48897.8 0.3705
48900.8 0.3903
48900.8 0.3848
48900.8 0.3797
48902.8 0.3746
48902.8 0.3810
48902.8 0.3622
48903.8 0.3664
48903.8 0.3695
48903.8 0.3795
48905.8 0.3549
48905.8 0.3604
48905.8 0.3633
48908.8 0.3585
48908.8 0.3591
48908.8 0.3628
48910.8 0.3729
48910.8 0.3671
48910.8 0.3704
48912.8 0.3581
48912.8 0.3523
48912.8 0.3503
48915.8 0.3634
48915.8 0.3746
48915.8 0.3703
48918.8 0.3788
48918.8 0.3712
48918.8 0.3720
48927.8 0.3695
48927.8 0.3622
48927.8 0.3622
48933.7 0.3864
48933.7 0.3848
48933.7 0.3854
48934.8 0.3415
48934.8 0.3455
48934.8 0.3550
48938.7 0.3549
48938.7 0.3557
48938.7 0.3550
48939.7 0.3725
48939.7 0.3563
48939.7 0.3832
48941.7 0.1529
48941.7 0.1550
48941.7 0.1554
48941.7 0.3823
48941.7 0.3824
48941.7 0.3859
48945.7 0.3300
48945.7 0.3445
48945.7 0.3236
48948.7 0.3469
48948.7 0.3651
48948.7 0.3453
48952.7 0.3577
48952.7 0.3524
48952.7 0.3637
48957.7 0.3755
48957.7 0.3751
48957.7 0.3885
48967.7 0.3494
48967.7 0.3407
48967.7 0.3464
48973.7 0.3517
48973.7 0.3524
48973.7 0.3492
48976.7 0.3310
48976.7 0.3240
48976.7 0.3176
48979.7 0.3530
48979.7 0.3570
48979.7 0.3533
48980.6 0.3687
48980.6 0.3703
48980.6 0.3691
48988.6 0.3808
48988.6 0.3784
48988.6 0.3767
49228 0.3358
49228 0.3401
49228 0.3310
49230.9 0.3261
49230.9 0.3487
49230.9 0.3323
49234.9 0.3423
49234.9 0.3403
49234.9 0.3442
49236.9 0.3153
49250.9 0.3500
49250.9 0.3459
49250.9 0.3376
49254.9 0.3476
49254.9 0.3563
49254.9 0.3446
49256.9 0.3783
49256.9 0.3589
49256.9 0.3589
49258.9 0.3314
49258.9 0.3452
49258.9 0.3276
49262.9 0.3621
49262.9 0.3687
49262.9 0.3463
49265.8 0.3397
49265.8 0.3276
49265.8 0.3433
49266.8 0.3235
49266.8 0.3225
49266.8 0.3224
49268.8 0.3220
49268.8 0.3199
49268.8 0.3307
49270.8 0.3769
49270.8 0.3798
49270.8 0.3780
49273.8 0.3305
49273.8 0.3343
49273.8 0.3288
49279.8 0.4350
49279.8 0.4088
49279.8 0.4209
49283.8 0.3324
49283.8 0.3346
49283.8 0.3276
49284.8 0.3320
49284.8 0.3111
49284.8 0.3220
49293.8 0.3772
49293.8 0.3843
49293.8 0.3705
49296.8 0.3457
49296.8 0.3409
49296.8 0.3578
49297.8 0.3364
49297.8 0.3295
49297.8 0.3252
49300.7 0.3433
49300.7 0.3417
49300.7 0.3396
49307.7 0.3246
49307.7 0.3133
49307.7 0.3177
49309.7 0.3581
49309.7 0.3782
49309.7 0.3628
49310.7 0.3795
49310.7 0.3812
49310.7 0.3590
49318.7 0.3946
49318.7 0.3960
49318.7 0.3870
49324.7 0.3321
49324.7 0.3594
49324.7 0.3386
49325.6 0.3763
49325.6 0.3588
49325.6 0.3641
49327.6 0.3600
49327.6 0.3537
49327.6 0.3572
49329.6 0.3217
49329.6 0.3207
49329.6 0.3260
49331.6 0.3289
49331.6 0.3363
49331.6 0.3325
49332.6 0.3555
49332.6 0.3483
49332.6 0.3453
49344.6 0.2807
49344.6 0.2899
49344.6 0.2773
49581.9 0.3413
49581.9 0.3619
49581.9 0.3591
49582.9 0.3369
49582.9 0.3261
49582.9 0.3437
49583.9 0.3363
49583.9 0.3127
49583.9 0.3099
49584.9 0.3244
49584.9 0.3473
49584.9 0.3499
49586.9 0.3721
49586.9 0.3633
49586.9 0.3683
49588.9 0.3698
49588.9 0.3457
49588.9 0.3384
49589.9 0.3590
49589.9 0.3620
49589.9 0.3486
49598.9 0.3347
49598.9 0.3349
49598.9 0.3399
49599.9 0.3313
49599.9 0.3153
49599.9 0.3242
49601.9 0.3337
49601.9 0.3252
49601.9 0.3218
49603.9 0.3536
49603.9 0.3510
49603.9 0.3647
49606.9 0.3344
49606.9 0.3397
49606.9 0.3256
49609.9 0.3778
49609.9 0.3654
49609.9 0.3698
49610.8 0.3553
49610.8 0.3626
49610.8 0.3557
49614.9 0.3258
49614.9 0.3384
49614.9 0.3146
49615.8 0.3328
49615.8 0.3436
49615.8 0.3374
49617.8 0.3695
49617.8 0.3535
49617.8 0.3639
49620.8 0.3588
49620.8 0.3413
49620.8 0.3596
49621.8 0.3415
49621.8 0.3307
49621.8 0.3307
49625.8 0.3675
49625.8 0.3524
49625.8 0.3685
49626.8 0.3694
49626.8 0.3696
49626.8 0.3843
49628.8 0.3535
49628.8 0.3577
49628.8 0.3545
49632.8 0.3516
49632.8 0.3538
49632.8 0.3626
49633.8 0.3518
49633.8 0.3366
49633.8 0.3595
49635.8 0.3524
49635.8 0.3609
49635.9 0.3674
49636.8 0.3399
49636.8 0.3499
49636.8 0.3472
49637.8 0.3144
49637.8 0.3251
49637.8 0.3289
49641.8 0.3600
49641.8 0.3373
49641.8 0.3568
49642.8 0.3664
49642.8 0.3607
49642.8 0.3579
49644.8 0.3146
49644.8 0.3209
49644.8 0.3071
49646.8 0.3159
49646.8 0.3410
49646.8 0.3330
49648.8 0.3539
49648.8 0.3716
49648.8 0.3578
49650.8 0.3766
49650.8 0.3769
49650.8 0.3817
49651.8 0.3229
49651.8 0.3099
49651.8 0.3522
49653.8 0.3212
49653.8 0.3287
49653.8 0.3303
49654.7 0.3384
49654.7 0.3384
49654.7 0.3461
49655.7 0.3404
49655.7 0.3372
49655.8 0.3346
49656.7 0.3495
49656.7 0.3464
49656.7 0.3415
49661.8 0.3362
49661.8 0.3246
49661.8 0.3218
49662.7 0.3523
49662.7 0.3558
49662.7 0.3529
49668.7 0.3104
49668.7 0.3172
49668.7 0.3315
49670.7 0.3272
49670.7 0.3216
49670.7 0.3324
49671.7 0.3509
49671.7 0.3547
49671.7 0.3678
49676.7 0.3222
49676.7 0.3384
49676.7 0.3133
49678.7 0.3351
49678.7 0.3544
49678.7 0.3422
49680.7 0.3822
49680.7 0.3653
49680.7 0.3815
49684.7 0.3271
49684.7 0.3267
49684.7 0.3180
49685.7 0.3239
49685.7 0.3376
49685.7 0.3363
49686.7 0.3540
49686.7 0.3398
49686.7 0.3438
49688.7 0.3552
49688.7 0.3546
49688.7 0.3589
49689.7 0.3615
49689.7 0.3604
49689.7 0.3571
49690.7 0.3339
49690.7 0.3434
49690.7 0.3538
49694.7 0.3226
49694.7 0.3507
49694.7 0.3341
49695.7 0.3529
49695.7 0.3520
49695.7 0.3478
49702.6 0.3549
49702.6 0.3638
49702.6 0.3531
49703.7 0.3368
49703.7 0.3413
49703.7 0.3252
49706.7 0.3095
49706.7 0.3186
49706.7 0.3376
49707.7 0.3095
49707.7 0.3180
49707.7 0.3308
49713.6 0.3547
49713.6 0.3344
49713.6 0.3253
49717.6 0.3615
49717.6 0.3322
49717.6 0.3505
49736.6 0.3349
49736.6 0.3404
49736.6 0.3209
