39787.8 0.1594
39789.8 0.1601
39817.8 0.1639
39832.8 0.1394
39834.8 0.1448
40105.8 0.1605
40106.8 0.1562
40140.8 0.1493
40167.8 0.1541
40168.8 0.1637
40169.8 0.1626
40201.8 0.1610
40223.8 0.1554
40224.8 0.1583
40225.8 0.1562
40252.8 0.1699
40253.8 0.1670
40254.8 0.1616
40255.8 0.1588
40495.8 0.1550
40497.8 0.1622
40498.8 0.1653
40499.8 0.1602
40519.8 0.1535
40520.8 0.1565
40558.8 0.1614
40572.8 0.1557
40573.8 0.1616
40610.8 0.1563
40611.8 0.1616
40612.8 0.1690
40613.8 0.1560
40843.8 0.1642
40844.8 0.1629
40845.8 0.1613
40881.8 0.1597
40910.8 0.1587
40911.8 0.1613
40912.8 0.1607
40935.8 0.1596
40960.8 0.1553
40961.8 0.1581
40962.8 0.1606
41200.8 0.1563
41201.8 0.1652
41250.8 0.1550
41262.8 0.1601
41263.8 0.1577
41264.8 0.1530
41285.8 0.1540
41314.8 0.1597
41349.8 0.1623
41589.8 0.1614
41590.8 0.1561
41615.8 0.1567
41618.8 0.1578
41641.8 0.1634
41642.8 0.1586
41643.8 0.1622
41644.8 0.1625
41671.8 0.1593
41702.8 0.1606
41703.8 0.1569
41704.8 0.1579
41942.8 0.1646
41943.8 0.1625
41944.8 0.1596
41945.8 0.1575
41959.8 0.1545
41960.8 0.1626
41961.8 0.1575
42015.8 0.1611
42016.8 0.1600
42046.8 0.1590
42061.8 0.1498
42085.8 0.1534
42086.8 0.1646
42087.8 0.1623
42282.8 0.1592
42283.8 0.1626
42284.8 0.1640
42285.8 0.1582
42329.8 0.1635
42330.8 0.1662
42331.8 0.1601
42349.8 0.1608
42380.8 0.1620
42382.8 0.1614
42432.8 0.1589
42438.8 0.1509
42440.8 0.1591
42646.8 0.1626
42647.8 0.1668
42675.8 0.1648
42676.8 0.1614
42678.8 0.1618
42702.8 0.1584
42703.8 0.1660
42731.8 0.1600
42732.8 0.1580
42763.8 0.1652
42764.8 0.1580
42765.8 0.1647
42792.8 0.1578
42793.8 0.1473
42794.8 0.1588
43060.8 0.1583
43061.8 0.1572
43062.8 0.1633
43063.8 0.1574
43110.8 0.1641
43111.8 0.1627
43112.8 0.1590
43113.8 0.1590
43146.8 0.1632
43172.8 0.1537
43173.8 0.1544
43174.8 0.1549
43175.8 0.1535
43176.8 0.1517
43476.8 0.1397
43477.8 0.1345
43542.8 0.1399
43780.8 0.1368
43824.8 0.1408
43892.8 0.1361
44172.8 0.1408
44200.8 0.1353
44206.8 0.1409
44224.8 0.1375
44449 0.1333
44449 0.1410
44449 0.1362
44450 0.1374
44450 0.1384
44450 0.1353
44452 0.1369
44452 0.1392
44452 0.1357
44453 0.1397
44453 0.1369
44453 0.1409
44454 0.1392
44454 0.1367
44454 0.1323
44459 0.1348
44459 0.1422
44459 0.1367
44461 0.1314
44461 0.1328
44461 0.1370
44462 0.1400
44462 0.1414
44462 0.1343
44463 0.1350
44463 0.1338
44463 0.1413
44464 0.1348
44464 0.1344
44464 0.1363
44468 0.1401
44468 0.1369
44468 0.1364
44469 0.1374
44469 0.1305
44469 0.1344
44469.9 0.1368
44469.9 0.1366
44473 0.1342
44473 0.1373
44473 0.1307
44474 0.1318
44474 0.1392
44474 0.1371
44474.9 0.1432
44474.9 0.1395
44474.9 0.1342
44476 0.1352
44476 0.1355
44476 0.1359
44479 0.1364
44479 0.1366
44479 0.1327
44480 0.1351
44480 0.1365
44480 0.1309
44481 0.1304
44481 0.1353
44481 0.1346
44482 0.1328
44482 0.1321
44482 0.1375
44483 0.1349
44483 0.1332
44483 0.1374
44484.9 0.1369
44484.9 0.1310
44484.9 0.1383
44485.9 0.1359
44485.9 0.1415
44485.9 0.1307
44486.9 0.1326
44486.9 0.1338
44486.9 0.1353
44487.9 0.1335
44487.9 0.1354
44487.9 0.1384
44489.9 0.1350
44489.9 0.1331
44489.9 0.1350
44491 0.1333
44491 0.1350
44491 0.1325
44492.9 0.1403
44492.9 0.1337
44492.9 0.1310
44493.9 0.1355
44493.9 0.1339
44493.9 0.1339
44494.9 0.1376
44494.9 0.1369
44494.9 0.1339
44495.9 0.1337
44495.9 0.1359
44495.9 0.1344
44497 0.1362
44497 0.1379
44497 0.1374
44506 0.1336
44506 0.1348
44506 0.1370
44507 0.1352
44507 0.1362
44507 0.1380
44507.9 0.1357
44507.9 0.1376
44507.9 0.1357
44508.9 0.1351
44508.9 0.1363
44508.9 0.1331
44510 0.1376
44510 0.1359
44510 0.1359
44510.9 0.1383
44510.9 0.1346
44510.9 0.1348
44512 0.1363
44512 0.1359
44512 0.1416
44512.9 0.1423
44512.9 0.1408
44512.9 0.1410
44514 0.1373
44514 0.1389
44514 0.1378
44515 0.1340
44515 0.1372
44515 0.1365
44516 0.1385
44516 0.1391
44516 0.1353
44517 0.1383
44517 0.1341
44517 0.1390
44518 0.1372
44518 0.1327
44518 0.1379
44524.9 0.1350
44524.9 0.1437
44524.9 0.1377
44526 0.1386
44526 0.1371
44526 0.1394
44547.9 0.1432
44547.9 0.1415
44547.9 0.1361
44566.8 0.1349
44566.8 0.1364
44566.8 0.1388
44869 0.1365
44869 0.1336
44869 0.1349
44871 0.1358
44871 0.1360
44871 0.1353
44874.9 0.1356
44874.9 0.1359
44874.9 0.1344
44901 0.1454
44901 0.1474
44901 0.1464
44976.7 0.1377
44976.7 0.1344
44976.8 0.1370
45024.6 0.1429
45024.6 0.1421
45024.6 0.1383
45212 0.1377
45212 0.1325
45212 0.1323
45218 0.1330
45218 0.1297
45218 0.1340
45224 0.1359
45224 0.1321
45224 0.1333
45226 0.1314
45226 0.1388
45226 0.1374
45240.9 0.1341
45240.9 0.1317
45240.9 0.1348
45247.9 0.1390
45247.9 0.1390
45247.9 0.1341
45248.9 0.1374
45248.9 0.1359
45248.9 0.1334
45250 0.1377
45250 0.1357
45250 0.1352
45251 0.1323
45251 0.1349
45251 0.1356
45251.9 0.1367
45251.9 0.1328
45251.9 0.1349
45252.9 0.1368
45252.9 0.1439
45252.9 0.1354
45254 0.1359
45254 0.1368
45254 0.1381
45254.9 0.1339
45254.9 0.1347
45254.9 0.1296
45272.9 0.1382
45272.9 0.1367
45272.9 0.1390
45312.8 0.1341
45312.8 0.1374
45312.8 0.1401
45317.7 0.1387
45317.7 0.1404
45317.7 0.1402
45321.7 0.1454
45321.7 0.1413
45321.7 0.1438
45349.7 0.1457
45349.7 0.1414
45349.7 0.1414
45383.7 0.1440
45383.7 0.1384
45383.7 0.1408
45559 0.1332
45559 0.1324
45559 0.1355
45581.9 0.1359
45581.9 0.1314
45581.9 0.1346
45584.9 0.1344
45584.9 0.1317
45584.9 0.1337
45591.9 0.1362
45591.9 0.1355
45591.9 0.1341
45658.8 0.1373
45658.8 0.1381
45658.8 0.1387
45660.8 0.1369
45660.8 0.1377
45660.8 0.1402
45684.7 0.1378
45684.7 0.1369
45684.7 0.1347
45686.8 0.1387
45686.8 0.1390
45686.8 0.1373
45687.8 0.1369
45687.8 0.1358
45687.8 0.1356
45688.8 0.1357
45688.8 0.1339
45688.8 0.1368
45696.8 0.1360
45696.8 0.1322
45696.8 0.1307
45705.8 0.1322
45705.8 0.1352
45705.8 0.1376
45706.7 0.1359
45706.7 0.1364
45706.7 0.1385
45707.7 0.1368
45707.7 0.1350
45707.7 0.1365
45708.7 0.1382
45708.7 0.1376
45708.7 0.1373
45710.7 0.1405
45710.7 0.1324
45710.7 0.1371
45711.7 0.1356
45711.7 0.1386
45711.7 0.1368
45714.7 0.1374
45714.7 0.1370
45714.7 0.1362
45716.7 0.1414
45716.7 0.1358
45716.7 0.1401
45723.7 0.1312
45723.7 0.1315
45723.7 0.1378
45724.7 0.1339
45724.7 0.1329
45724.7 0.1348
45728.7 0.1326
45728.7 0.1298
45728.7 0.1348
45919 0.1342
45919 0.1363
45919 0.1360
45920 0.1318
45920 0.1369
45920 0.1333
45934 0.1336
45934 0.1295
45934 0.1303
45936 0.1316
45936 0.1441
45936 0.1388
45942 0.1311
45942 0.1301
45942 0.1284
45951 0.1345
45951 0.1350
45951 0.1391
45958 0.1359
45958 0.1380
45958 0.1397
45960 0.1396
45960 0.1347
45960 0.1336
45965 0.1380
45965 0.1374
45965 0.1355
45966 0.1367
45966 0.1312
45966 0.1342
45971 0.1374
45971 0.1356
45971 0.1365
45971 0.1317
45971 0.1341
45971 0.1294
45983 0.1361
45983 0.1255
45983 0.1292
45983 0.1368
45983 0.1352
45983 0.1330
45995.9 0.1327
45995.9 0.1327
45995.9 0.1325
45999.9 0.1370
45999.9 0.1310
45999.9 0.1314
46002.9 0.1337
46002.9 0.1356
46002.9 0.1314
46007.9 0.1354
46007.9 0.1368
46007.9 0.1291
46009.9 0.1370
46009.9 0.1359
46009.9 0.1356
46015.8 0.1370
46015.8 0.1374
46015.8 0.1435
46019.8 0.1349
46019.8 0.1353
46019.8 0.1356
46023.9 0.1323
46023.9 0.1334
46023.9 0.1349
46028.8 0.1341
46028.8 0.1330
46028.8 0.1311
46036.8 0.1343
46036.8 0.1321
46036.8 0.1334
46049.8 0.1319
46049.8 0.1323
46049.8 0.1340
46068.7 0.1346
46068.7 0.1333
46068.7 0.1329
46070.8 0.1365
46070.8 0.1344
46070.8 0.1342
46086.7 0.1335
46086.7 0.1394
46086.7 0.1332
46090.7 0.1393
46090.7 0.1363
46090.8 0.1372
46111.6 0.1378
46111.6 0.1359
46111.6 0.1349
46113.6 0.1370
46113.6 0.1380
46113.6 0.1387
46122.6 0.1301
46122.6 0.1328
46122.6 0.1321
46322 0.1386
46322 0.1350
46322 0.1321
46329 0.1330
46329 0.1338
46329 0.1352
46339 0.1365
46339 0.1379
46339 0.1387
46340.9 0.1359
46340.9 0.1362
46340.9 0.1369
46349.9 0.1382
46349.9 0.1374
46349.9 0.1342
46358.9 0.1331
46358.9 0.1328
46358.9 0.1308
46363.9 0.1393
46363.9 0.1297
46363.9 0.1349
46365.9 0.1354
46365.9 0.1373
46365.9 0.1393
46367.9 0.1349
46367.9 0.1389
46368 0.1398
46370 0.1355
46370 0.1325
46370 0.1371
46373 0.1340
46373 0.1370
46373 0.1355
46374.8 0.1361
46374.8 0.1360
46374.8 0.1369
46376.9 0.1367
46376.9 0.1405
46376.9 0.1402
46383.9 0.1384
46383.9 0.1365
46383.9 0.1371
46387.9 0.1353
46387.9 0.1379
46387.9 0.1388
46389.9 0.1359
46389.9 0.1311
46389.9 0.1357
46392.9 0.1357
46392.9 0.1382
46392.9 0.1378
46409.8 0.1355
46409.8 0.1334
46409.8 0.1386
46415.8 0.1359
46415.8 0.1355
46415.8 0.1357
46417.8 0.1361
46417.8 0.1375
46417.8 0.1367
46419.8 0.1275
46419.8 0.1322
46419.8 0.1370
46421.8 0.1369
46421.8 0.1307
46421.8 0.1363
46427.8 0.1387
46427.8 0.1362
46427.8 0.1374
46437.7 0.1331
46437.7 0.1312
46437.7 0.1317
46439.8 0.1347
46439.8 0.1343
46439.8 0.1352
46441.8 0.1346
46441.8 0.1352
46441.8 0.1376
46444.7 0.1381
46444.7 0.1340
46444.7 0.1376
46448.7 0.1328
46448.7 0.1361
46448.7 0.1344
46450.7 0.1351
46450.7 0.1314
46450.8 0.1414
46452.7 0.1357
46452.7 0.1379
46452.7 0.1363
46456.7 0.1343
46456.7 0.1330
46456.7 0.1326
46459.7 0.1408
46459.7 0.1387
46459.7 0.1401
46467.7 0.1356
46467.7 0.1324
46467.7 0.1350
46470.7 0.1368
46470.7 0.1349
46470.7 0.1342
46472.7 0.1342
46472.7 0.1365
46472.7 0.1346
46485.6 0.1327
46485.6 0.1358
46485.6 0.1398
46488.6 0.1404
46488.6 0.1346
46488.6 0.1397
46680 0.1338
46680 0.1351
46680 0.1344
46686 0.1350
46686 0.1387
46686 0.1358
46688 0.1361
46688 0.1361
46688 0.1348
46691 0.1404
46691 0.1396
46691 0.1392
46703 0.1370
46703 0.1426
46703 0.1355
46707 0.1371
46707 0.1337
46707 0.1382
46710 0.1354
46710 0.1346
46710 0.1349
46712 0.1327
46712 0.1341
46712 0.1359
46717 0.1329
46717 0.1328
46717 0.1316
46721 0.1357
46721 0.1312
46721 0.1344
46722.9 0.1343
46722.9 0.1339
46722.9 0.1369
46724.9 0.1341
46724.9 0.1361
46724.9 0.1377
46726.9 0.1408
46726.9 0.1345
46726.9 0.1358
46728.9 0.1315
46728.9 0.1273
46728.9 0.1311
46731.9 0.1367
46731.9 0.1340
46731.9 0.1398
46733.9 0.1325
46733.9 0.1314
46733.9 0.1313
46736.9 0.1289
46736.9 0.1319
46736.9 0.1370
46740.9 0.1286
46740.9 0.1317
46740.9 0.1324
46743.9 0.1333
46743.9 0.1326
46743.9 0.1301
46746.9 0.1333
46746.9 0.1358
46746.9 0.1356
46748.9 0.1282
46748.9 0.1327
46748.9 0.1354
46755.9 0.1345
46755.9 0.1341
46755.9 0.1343
46766.8 0.1354
46766.8 0.1309
46766.8 0.1321
46769.8 0.1401
46769.8 0.1386
46769.8 0.1409
46772.8 0.1349
46772.8 0.1369
46772.8 0.1358
46774.8 0.1321
46774.8 0.1324
46774.8 0.1345
46776.8 0.1352
46776.8 0.1288
46776.8 0.1342
46791.7 0.1350
46791.7 0.1313
46791.7 0.1337
46795.7 0.1400
46795.7 0.1419
46795.7 0.1382
46798.7 0.1318
46798.7 0.1301
46798.7 0.1325
46803.7 0.1353
46803.7 0.1353
46803.7 0.1283
46805.7 0.1292
46805.7 0.1328
46805.7 0.1326
46810.7 0.1277
46810.7 0.1357
46810.7 0.1371
46812.7 0.1332
46812.7 0.1358
46812.7 0.1354
46814.7 0.1383
46814.7 0.1347
46814.7 0.1335
46816.7 0.1322
46816.7 0.1352
46816.7 0.1375
46828.7 0.1360
46828.7 0.1411
46828.7 0.1399
46831.7 0.1324
46831.7 0.1369
46831.7 0.1302
46834.7 0.1322
46834.7 0.1371
46834.7 0.1452
46843.7 0.1340
46843.7 0.1372
46843.7 0.1369
46847.6 0.1320
46847.6 0.1363
46847.6 0.1345
47025 0.1323
47025 0.1372
47025 0.1340
47032 0.1309
47032 0.1292
47032 0.1291
47037 0.1325
47037 0.1330
47037 0.1344
47039 0.1361
47039 0.1352
47039 0.1348
47047 0.1315
47047 0.1325
47047 0.1307
47055 0.1330
47055 0.1321
47055 0.1327
47071.9 0.1383
47071.9 0.1373
47071.9 0.1390
47076 0.1376
47076 0.1409
47076 0.1383
47078 0.1367
47078 0.1369
47078 0.1382
47083 0.1418
47083 0.1402
47083 0.1463
47086 0.1414
47086 0.1404
47086 0.1447
47088 0.1390
47088 0.1450
47088 0.1409
47090 0.1320
47090 0.1330
47090 0.1339
47107 0.1328
47107 0.1263
47107 0.1325
47108.9 0.1365
47108.9 0.1337
47108.9 0.1323
47110.9 0.1311
47110.9 0.1338
47110.9 0.1334
47115.9 0.1311
47115.9 0.1310
47115.9 0.1336
47118.9 0.1277
47118.9 0.1294
47118.9 0.1290
47122.9 0.1325
47122.9 0.1325
47122.9 0.1346
47125.9 0.1309
47125.9 0.1349
47125.9 0.1336
47128.9 0.1295
47128.9 0.1343
47128.9 0.1317
47130.9 0.1376
47130.9 0.1322
47130.9 0.1311
47139.9 0.1328
47139.9 0.1352
47139.9 0.1322
47141.9 0.1382
47141.9 0.1320
47141.9 0.1340
47150.8 0.1361
47150.8 0.1341
47150.8 0.1311
47167.7 0.1332
47167.7 0.1304
47167.7 0.1379
47171.8 0.1255
47171.8 0.1297
47171.8 0.1340
47174.8 0.1316
47174.8 0.1338
47174.8 0.1333
47180.7 0.1341
47180.7 0.1332
47180.7 0.1301
47184.7 0.1332
47184.7 0.1255
47184.7 0.1279
47194.7 0.1317
47194.7 0.1349
47194.8 0.1358
47197.7 0.1341
47197.7 0.1337
47197.7 0.1333
47202.7 0.1339
47202.7 0.1320
47202.7 0.1339
47204.7 0.1320
47204.7 0.1298
47204.7 0.1270
47208.6 0.1330
47208.7 0.1362
47208.7 0.1344
47214.6 0.1326
47214.6 0.1341
47214.6 0.1376
47216.6 0.1368
47216.6 0.1369
47216.6 0.1365
47435 0.1334
47435 0.1295
47435 0.1310
47445.9 0.1324
47445.9 0.1372
47445.9 0.1358
47447.9 0.1329
47447.9 0.1325
47447.9 0.1345
47452 0.1345
47452 0.1361
47452 0.1347
47457.9 0.1374
47457.9 0.1361
47457.9 0.1341
47462 0.1364
47462 0.1353
47462 0.1377
47465.9 0.1374
47465.9 0.1386
47465.9 0.1360
47471.8 0.1375
47471.8 0.1387
47471.9 0.1404
47472.8 0.1325
47472.8 0.1350
47472.8 0.1350
47475.8 0.1359
47475.8 0.1359
47475.8 0.1359
47478.8 0.1321
47478.8 0.1315
47478.8 0.1349
47482.8 0.1354
47482.9 0.1353
47482.9 0.1340
47486.9 0.1354
47486.9 0.1358
47486.9 0.1358
47492.9 0.1337
47492.9 0.1325
47492.9 0.1329
47495.8 0.1307
47495.8 0.1342
47495.8 0.1345
47498.8 0.1347
47498.8 0.1346
47498.8 0.1349
47500.8 0.1338
47500.8 0.1369
47500.8 0.1348
47502.8 0.1332
47502.8 0.1324
47502.8 0.1285
47508.8 0.1303
47508.8 0.1301
47508.8 0.1317
47522.7 0.1330
47522.7 0.1308
47522.7 0.1375
47528.8 0.1353
47528.8 0.1334
47528.8 0.1334
47538.6 0.1328
47538.6 0.1336
47538.6 0.1351
47542.7 0.1320
47542.7 0.1349
47542.7 0.1330
47544.7 0.1336
47544.7 0.1326
47544.7 0.1340
47555.7 0.1357
47555.7 0.1299
47555.7 0.1325
47805 0.1359
47805 0.1359
47805 0.1393
47808 0.1433
47808 0.1397
47808 0.1397
47810 0.1383
47810 0.1335
47810 0.1356
47817.9 0.1359
47817.9 0.1351
47817.9 0.1332
47833.9 0.1394
47833.9 0.1350
47833.9 0.1297
47838.9 0.1342
47838.9 0.1382
47838.9 0.1397
47847.9 0.1385
47847.9 0.1373
47847.9 0.1384
47862.8 0.1351
47862.8 0.1368
47862.8 0.1308
47867.8 0.1333
47867.8 0.1397
47867.8 0.1383
47872.8 0.1369
47872.8 0.1333
47872.8 0.1349
47877.8 0.1350
47877.8 0.1340
47877.8 0.1380
47895.7 0.1355
47895.7 0.1379
47895.7 0.1376
47899.7 0.1356
47899.7 0.1357
47899.7 0.1336
47902.7 0.1381
47902.7 0.1367
47902.7 0.1375
47912.7 0.1376
47912.7 0.1380
47912.7 0.1373
47928.7 0.1380
47928.7 0.1362
47928.7 0.1394
47933.6 0.1423
47933.6 0.1371
47933.6 0.1404
48104 0.1364
48104 0.1356
48104 0.1365
48104 0.1376
48104 0.1374
48104 0.1385
48186.9 0.1372
48186.9 0.1385
48186.9 0.1393
48193.9 0.1356
48193.9 0.1338
48208.8 0.1408
48208.9 0.1400
48208.9 0.1382
48220.9 0.1383
48220.9 0.1364
48220.9 0.1361
48225.8 0.1351
48225.8 0.1375
48225.8 0.1384
48244.7 0.1375
48244.8 0.1360
48244.8 0.1383
48269.7 0.1426
48269.7 0.1407
48269.7 0.1408
48273.7 0.1356
48273.7 0.1418
48273.7 0.1404
48278.7 0.1392
48278.7 0.1400
48278.7 0.1401
48280.7 0.1393
48280.7 0.1378
48280.7 0.1365
48283.7 0.1383
48283.7 0.1408
48283.7 0.1385
48298.7 0.1416
48298.7 0.1399
48298.7 0.1413
48307.6 0.1406
48307.6 0.1424
48307.6 0.1400
48312.6 0.1374
48312.6 0.1366
48312.6 0.1378
48642.7 0.1393
48642.7 0.1391
48642.7 0.1402
48646.7 0.1398
48646.7 0.1383
48646.7 0.1411
48652.7 0.1415
48652.7 0.1403
48652.7 0.1392
48904.9 0.1392
48904.9 0.1417
48904.9 0.1401
48915 0.1384
48915 0.1388
48915 0.1394
48928.9 0.1366
48928.9 0.1377
48928.9 0.1385
48933.9 0.1347
48933.9 0.1347
48933.9 0.1387
48938.9 0.1327
48938.9 0.1369
48938.9 0.1371
48941.8 0.1393
48941.8 0.1363
48941.8 0.1363
48945.9 0.1376
48945.9 0.1390
48945.9 0.1369
48949.9 0.1350
48949.9 0.1371
48949.9 0.1368
48957.8 0.1405
48957.8 0.1380
48957.8 0.1381
48967.8 0.1389
48967.8 0.1364
48967.8 0.1380
48971.8 0.1380
48971.8 0.1377
48971.8 0.1383
48975.8 0.1364
48975.8 0.1395
48975.8 0.1386
49011.7 0.1350
49011.7 0.1373
49011.7 0.1395
49020.7 0.1379
49020.7 0.1359
49020.7 0.1387
49265.9 0.1378
49265.9 0.1359
49265.9 0.1380
49280.9 0.1307
49280.9 0.1322
49280.9 0.1342
49286 0.1302
49286 0.1344
49286 0.1331
49294.9 0.1326
49294.9 0.1358
49294.9 0.1341
49296.9 0.1350
49296.9 0.1321
49296.9 0.1359
49298.9 0.1329
49298.9 0.1341
49298.9 0.1329
49304.9 0.1352
49304.9 0.1344
49304.9 0.1363
49310.8 0.1344
49310.8 0.1371
49310.8 0.1357
49312.8 0.1353
49312.8 0.1349
49312.8 0.1369
49318.8 0.1351
49318.8 0.1351
49318.8 0.1335
49326.8 0.1352
49326.8 0.1375
49326.8 0.1408
49328.8 0.1342
49328.8 0.1356
49328.8 0.1333
49331.8 0.1345
49331.8 0.1336
49331.8 0.1349
49332.8 0.1310
49332.8 0.1309
49332.8 0.1374
49337.8 0.1371
49337.8 0.1355
49337.8 0.1356
49342.7 0.1334
49342.7 0.1342
49342.7 0.1353
49344.7 0.1369
49344.7 0.1358
49344.7 0.1332
49350.7 0.1364
49350.7 0.1356
49350.7 0.1333
49355.7 0.1381
49355.7 0.1361
49355.7 0.1358
49359.7 0.1359
49359.7 0.1355
49359.7 0.1348
49361.7 0.1332
49361.7 0.1376
49361.7 0.1332
49365.7 0.1356
49365.7 0.1364
49365.7 0.1347
49368.7 0.1363
49368.7 0.1361
49368.7 0.1349
49396.6 0.1364
49396.6 0.1384
49396.7 0.1388
49627 0.1337
49627 0.1360
49627 0.1380
49633.9 0.1384
49633.9 0.1414
49633.9 0.1369
49635.9 0.1353
49635.9 0.1374
49635.9 0.1346
49643.9 0.1396
49643.9 0.1408
49643.9 0.1408
49645.9 0.1372
49645.9 0.1361
49645.9 0.1361
49647.8 0.1380
49647.8 0.1373
49647.8 0.1367
49651.9 0.1384
49651.9 0.1363
49651.9 0.1361
49654.9 0.1397
49654.9 0.1378
49654.9 0.1391
49656.9 0.1377
49656.9 0.1363
49656.9 0.1348
49658.9 0.1370
49658.9 0.1364
49658.9 0.1370
49660.8 0.1318
49660.8 0.1385
49660.8 0.1400
49668.9 0.1361
49668.9 0.1365
49668.9 0.1353
49670.9 0.1401
49670.9 0.1369
49670.9 0.1360
49676.8 0.1363
49676.8 0.1378
49676.8 0.1349
49680.8 0.1343
49680.8 0.1322
49680.8 0.1338
49689.8 0.1329
49689.8 0.1332
49689.8 0.1337
49694.8 0.1328
49694.8 0.1332
49694.8 0.1355
49696.8 0.1335
49696.8 0.1359
49696.8 0.1343
49702.8 0.1358
49702.8 0.1371
49702.8 0.1377
49704.8 0.1362
49704.8 0.1370
49704.8 0.1370
49707.8 0.1380
49707.8 0.1377
49707.8 0.1375
49713.8 0.1341
49713.8 0.1374
49713.8 0.1375
49717.7 0.1347
49717.7 0.1346
49717.7 0.1332
49719.7 0.1360
49719.7 0.1366
49719.7 0.1364
49730.7 0.1383
49730.7 0.1402
49730.7 0.1367
49735.7 0.1396
49735.7 0.1343
49735.7 0.1309
49750.7 0.1382
49750.7 0.1362
49750.7 0.1384
49752.7 0.1377
49752.7 0.1370
49752.7 0.1366
49755.7 0.1327
49755.7 0.1320
49755.7 0.1351
49758.7 0.1384
49758.7 0.1397
49758.7 0.1419
49766.6 0.1393
49766.6 0.1389
49766.7 0.1395
49768.7 0.1374
49768.7 0.1334
49768.7 0.1335
49771.6 0.1405
49771.6 0.1370
49771.6 0.1404
