46288 0.1368
46288 0.1408
46288 0.1397
46291.9 0.1502
46291.9 0.1455
46291.9 0.1499
48870.9 0.1436
48870.9 0.1402
48870.9 0.1500
48876.9 0.1510
48876.9 0.1454
48876.9 0.1471
48879.9 0.1476
48879.9 0.1521
48879.9 0.1466
48886.9 0.1446
48886.9 0.1481
48886.9 0.1459
48894.9 0.1483
48894.9 0.1454
48894.9 0.1455
48902.9 0.1536
48902.9 0.1520
48902.9 0.1467
48905.8 0.1552
48905.9 0.1512
48905.9 0.1554
48910.9 0.1480
48910.9 0.1505
48910.9 0.1459
48915.8 0.1483
48915.8 0.1519
48915.8 0.1503
48928.8 0.1432
48928.8 0.1448
48928.8 0.1410
48933.8 0.1407
48933.8 0.1452
48933.8 0.1462
48938.8 0.1498
48938.8 0.1547
48938.8 0.1462
48941.7 0.1420
48941.7 0.1444
48941.7 0.1443
48945.7 0.1574
48945.8 0.1566
48945.8 0.1543
48948.7 0.1548
48948.7 0.1523
48948.8 0.1579
48956.7 0.1489
48956.7 0.1503
48956.7 0.1449
48967.7 0.1452
48967.7 0.1485
48967.7 0.1490
48973.7 0.1532
48973.7 0.1546
48973.7 0.1564
48976.7 0.1498
48976.7 0.1557
48976.7 0.1547
48980.7 0.1443
48980.7 0.1413
48980.7 0.1429
49249 0.1457
49249 0.1420
49249 0.1436
49257.9 0.1383
49257.9 0.1354
49257.9 0.1333
49261.9 0.1383
49261.9 0.1401
49261.9 0.1414
49265.8 0.1489
49265.8 0.1476
49265.8 0.1454
49268.9 0.1485
49268.9 0.1491
49268.9 0.1475
49283.8 0.1432
49283.8 0.1502
49283.8 0.1415
49297.8 0.1473
49297.8 0.1454
49297.8 0.1469
49300.7 0.1484
49300.7 0.1396
49300.7 0.1434
49307.7 0.1524
49307.7 0.1418
49307.7 0.1477
49310.7 0.1420
49310.7 0.1395
49310.7 0.1411
49327.6 0.1452
49327.6 0.1436
49327.6 0.1406
49331.6 0.1485
49331.7 0.1460
49331.7 0.1471
49337.7 0.1444
49337.7 0.1406
49337.7 0.1486
49342.6 0.1464
49342.6 0.1455
49342.6 0.1526
49360.6 0.1494
49360.6 0.1476
49360.6 0.1502
49363.6 0.1486
49363.6 0.1441
49363.6 0.1517
49582.9 0.1384
49582.9 0.1445
49582.9 0.1347
49588.9 0.1434
49588.9 0.1436
49588.9 0.1457
49599.9 0.1457
49599.9 0.1549
49599.9 0.1459
49602.9 0.1487
49602.9 0.1542
49602.9 0.1445
49609.9 0.1376
49609.9 0.1527
49609.9 0.1472
49614.9 0.1449
49614.9 0.1507
49614.9 0.1491
49616.9 0.1505
49616.9 0.1455
49616.9 0.1398
49621.8 0.1457
49621.8 0.1377
49621.8 0.1447
49633.8 0.1349
49633.8 0.1363
49633.8 0.1416
49638.8 0.1434
49638.8 0.1515
49638.8 0.1503
49641.8 0.1524
49641.8 0.1543
49641.8 0.1513
49645.8 0.1423
49645.8 0.1418
49645.8 0.1452
49648.8 0.1472
49648.8 0.1358
49648.8 0.1405
49651.8 0.1453
49651.8 0.1390
49651.8 0.1476
49654.7 0.1421
49654.7 0.1437
49654.7 0.1421
49661.8 0.1509
49661.8 0.1422
49661.8 0.1526
49668.7 0.1453
49668.7 0.1497
49668.7 0.1387
49676.7 0.1536
49676.7 0.1482
49676.7 0.1465
49686.7 0.1462
49686.7 0.1421
49686.7 0.1485
49690.7 0.1430
49690.7 0.1434
49690.7 0.1481
49694.7 0.1421
49694.7 0.1454
49694.7 0.1457
49703.7 0.1476
49703.7 0.1487
49703.7 0.1418
49706.7 0.1449
49706.7 0.1565
49706.7 0.1457
49714.6 0.1449
49714.6 0.1493
49714.6 0.1402
49731.6 0.1560
49731.6 0.1534
49731.6 0.1541
49736.6 0.1484
49736.6 0.1454
49736.6 0.1525
