2445000.00000 2.22951
2445090.55785 3.01629
2445452.78926 2.58206
2445543.34711 3.81289
2445815.02066 0.27759
2445905.57851 1.10779
2446177.25207 -0.23840
2446267.80992 -1.65138
2446539.48347 -0.08654
2446630.04132 -1.84357
2446901.71488 -1.42323
2446992.27273 -0.93247
2447263.94628 -3.33675
2447354.50413 -1.39636
2447626.17769 -2.36570
2447716.73554 -2.03409
2447988.40909 0.69050
2448078.96694 -0.28486
2448350.64050 2.80782
2448441.19835 2.12269
2448712.87190 1.87567
2448803.42975 3.74998
2449075.10331 0.76955
2449165.66116 1.17985
2449437.33471 0.81239
2449527.89256 -0.64177
2449799.56612 0.76864
2449890.12397 -0.69390
2450161.79752 -1.21701
2450252.35537 -0.63048
2450524.02893 -2.97175
2450614.58678 -1.69203
2450886.26033 -2.91019
2450976.81818 -2.55601
2451248.49174 0.12679
2451339.04959 -0.87846
2451610.72314 1.79595
2451701.28099 1.91664
2451972.95455 1.38138
2452063.51240 3.01348
2452335.18595 0.84582
2452425.74380 1.38132
2452697.41736 1.64179
2452787.97521 0.21455
2453059.64876 1.57866
2453150.20661 0.39637
2453421.88017 -0.83863
2453512.43802 -0.14938
2453784.11157 -3.28340
2453874.66942 -2.27377
2454146.34298 -2.66148
2454236.90083 -3.09270
2454508.57438 -0.25491
2454599.13223 -1.23537
2454870.80579 0.79668
2454961.36364 1.46592
2455233.03719 0.58096
2455323.59504 2.43294
2455595.26860 1.12460
2455685.82645 1.13819
2455957.50000 2.30046
