2445000.00000 -8.93372
2445090.55785 -11.77367
2445452.78926 -12.38425
2445543.34711 -17.10705
2445815.02066 -14.10832
2445905.57851 -9.19403
2446177.25207 -9.59233
2446267.80992 -10.04866
2446539.48347 6.10909
2446630.04132 8.24388
2446901.71488 6.82183
2446992.27273 10.99425
2447263.94628 18.99314
2447354.50413 16.38478
2447626.17769 9.54387
2447716.73554 12.37518
2447988.40909 2.68535
2448078.96694 -2.53782
2448350.64050 -2.65081
2448441.19835 -4.35817
2448712.87190 -19.54117
2448803.42975 -14.49011
2449075.10331 -11.63438
2449165.66116 -15.13942
2449437.33471 -10.58837
2449527.89256 -4.86317
2449799.56612 0.27347
2449890.12397 -0.34509
2450161.79752 11.53646
2450252.35537 15.73995
2450524.02893 12.85837
2450614.58678 10.47136
2450886.26033 16.75599
2450976.81818 11.92298
2451248.49174 2.62894
2451339.04959 3.48160
2451610.72314 -3.83045
2451701.28099 -7.65103
2451972.95455 -10.57214
2452063.51240 -10.69674
2452335.18595 -19.15456
2452425.74380 -17.23338
2452697.41736 -6.12693
2452787.97521 -4.83246
2453059.64876 -4.33747
2453150.20661 1.43494
2453421.88017 9.17980
2453512.43802 8.09300
2453784.11157 15.34920
2453874.66942 18.74486
2454146.34298 9.86546
2454236.90083 6.22138
2454508.57438 10.09236
2454599.13223 6.62013
2454870.80579 -7.56105
2454961.36364 -6.66472
2455233.03719 -7.20099
2455323.59504 -13.16880
2455595.26860 -14.07215
2455685.82645 -12.84572
2455957.50000 -12.53189
