2445000.00000 94.38454
2445090.55785 177.23403
2445452.78926 197.52095
2445543.34711 102.45902
2445815.02066 90.30309
2445905.57851 61.99113
2446177.25207 29.59927
2446267.80992 47.08022
2446539.48347 22.12092
2446630.04132 89.98624
2446901.71488 64.21681
2446992.27273 132.15651
2447263.94628 124.48412
2447354.50413 156.64109
2447626.17769 104.73951
2447716.73554 79.27341
2447988.40909 60.19473
2448078.96694 16.37754
2448350.64050 67.17310
2448441.19835 6.19180
2448712.87190 101.96549
2448803.42975 57.55345
2449075.10331 97.97950
2449165.66116 135.18582
2449437.33471 130.34179
2449527.89256 145.02816
2449799.56612 44.41424
2449890.12397 103.47034
2450161.79752 10.60213
2450252.35537 54.21269
2450524.02893 32.18047
2450614.58678 60.84156
2450886.26033 108.89740
2450976.81818 79.10590
2451248.49174 135.46286
2451339.04959 120.51741
2451610.72314 120.54938
2451701.28099 82.27479
2451972.95455 79.60268
2452063.51240 32.79080
2452335.18595 33.60331
2452425.74380 43.74784
2452697.41736 43.29627
2452787.97521 104.10397
2453059.64876 86.58731
2453150.20661 157.44301
2453421.88017 107.53797
2453512.43802 153.17501
2453784.11157 92.96627
2453874.66942 63.63410
2454146.34298 54.03754
2454236.90083 15.83227
2454508.57438 75.46649
2454599.13223 27.09385
2454870.80579 110.06021
2454961.36364 89.98356
2455233.03719 127.13570
2455323.59504 136.30826
2455595.26860 100.88371
2455685.82645 101.95778
2455957.50000 43.92560
