2445000.00000 12.63962
2445090.55785 16.71637
2445452.78926 10.09754
2445543.34711 5.86363
2445815.02066 12.57760
2445905.57851 8.05398
2446177.25207 22.93983
2446267.80992 17.03347
2446539.48347 35.30519
2446630.04132 29.97850
2446901.71488 39.07928
2446992.27273 38.53625
2447263.94628 38.11725
2447354.50413 40.29303
2447626.17769 22.09477
2447716.73554 25.94181
2447988.40909 12.65453
2448078.96694 16.74991
2448350.64050 5.19923
2448441.19835 10.79783
2448712.87190 5.70451
2448803.42975 14.84135
2449075.10331 16.35159
2449165.66116 18.54259
2449437.33471 34.19199
2449527.89256 35.78410
2449799.56612 45.11281
2449890.12397 44.81980
2450161.79752 41.83154
2450252.35537 36.26163
2450524.02893 41.55652
2450614.58678 23.69444
2450886.26033 19.87818
2450976.81818 12.10849
2451248.49174 8.06794
2451339.04959 5.85400
2451610.72314 2.85608
2451701.28099 8.86831
2451972.95455 9.25810
2452063.51240 15.89464
2452335.18595 20.19456
2452425.74380 32.51787
2452697.41736 33.24091
2452787.97521 45.90403
2453059.64876 40.59495
2453150.20661 49.70400
2453421.88017 33.87271
2453512.43802 32.26145
2453784.11157 29.72916
2453874.66942 21.65621
2454146.34298 16.00538
2454236.90083 7.16900
2454508.57438 10.93623
2454599.13223 4.82933
2454870.80579 11.70404
2454961.36364 11.19168
2455233.03719 23.61465
2455323.59504 22.54907
2455595.26860 29.93729
2455685.82645 27.73039
2455957.50000 32.70420
