2445000.00000 1.01192
2445090.55785 -0.83849
2445452.78926 3.24689
2445543.34711 0.75130
2445815.02066 0.79487
2445905.57851 0.08429
2446177.25207 -3.24732
2446267.80992 0.07744
2446539.48347 -0.47886
2446630.04132 -0.26280
2446901.71488 2.94780
2446992.27273 -0.75905
2447263.94628 0.19278
2447354.50413 0.43052
2447626.17769 -2.56847
2447716.73554 1.33827
2447988.40909 -0.00006
2448078.96694 -0.87717
2448350.64050 2.02655
2448441.19835 -1.83703
2448712.87190 -0.11758
2448803.42975 1.15451
2449075.10331 -1.74054
2449165.66116 2.03028
2449437.33471 0.12496
2449527.89256 -1.62394
2449799.56612 0.83898
2449890.12397 -2.72403
2450161.79752 -0.03295
2450252.35537 1.93520
2450524.02893 -0.24911
2450614.58678 2.18647
2450886.26033 -0.24684
2450976.81818 -2.68622
2451248.49174 -0.58022
2451339.04959 -2.03899
2451610.72314 0.64947
2451701.28099 2.11155
2451972.95455 1.04856
2452063.51240 1.61242
2452335.18595 -0.96879
2452425.74380 -2.46118
2452697.41736 -1.70451
2452787.97521 -1.72362
2453059.64876 1.42196
2453150.20661 1.76804
2453421.88017 2.07499
2453512.43802 1.03834
2453784.11157 -2.07631
2453874.66942 -1.15683
2454146.34298 -2.03945
2454236.90083 -0.69562
2454508.57438 2.53803
2454599.13223 0.52035
2454870.80579 2.87312
2454961.36364 0.27634
2455233.03719 -2.72991
2455323.59504 0.20377
2455595.26860 -2.44969
2455685.82645 -0.00185
2455957.50000 2.65142
