2445000.00000 -0.23999
2445090.55785 -1.45956
2445452.78926 -5.56574
2445543.34711 -4.15395
2445815.02066 -1.56821
2445905.57851 0.20273
2446177.25207 6.07018
2446267.80992 7.66950
2446539.48347 5.67163
2446630.04132 4.22075
2446901.71488 -1.91202
2446992.27273 -4.20211
2447263.94628 -7.28263
2447354.50413 -8.46911
2447626.17769 -3.55610
2447716.73554 -1.49070
2447988.40909 5.20734
2448078.96694 7.18124
2448350.64050 7.13336
2448441.19835 5.93426
2448712.87190 -0.07035
2448803.42975 -1.88905
2449075.10331 -5.43582
2449165.66116 -6.46516
2449437.33471 -2.64144
2449527.89256 -1.45299
2449799.56612 2.28573
2449890.12397 2.54787
2450161.79752 1.91006
2450252.35537 1.08114
2450524.02893 -0.64054
2450614.58678 -0.85608
2450886.26033 0.30263
2450976.81818 1.02349
2451248.49174 2.87570
2451339.04959 2.77225
2451610.72314 0.55494
2451701.28099 -0.85193
2451972.95455 -4.99026
2452063.51240 -5.91617
2452335.18595 -4.53274
2452425.74380 -3.01837
2452697.41736 2.74519
2452787.97521 5.55676
2453059.64876 6.30029
2453150.20661 5.84378
2453421.88017 2.38177
2453512.43802 -0.18340
2453784.11157 -7.05790
2453874.66942 -7.51646
2454146.34298 -8.61014
2454236.90083 -5.93880
2454508.57438 1.89412
2454599.13223 4.24426
2454870.80579 8.31604
2454961.36364 7.92455
2455233.03719 3.53845
2455323.59504 1.41006
2455595.26860 -3.17603
2455685.82645 -3.79628
2455957.50000 -4.07750
