2445000.00000 -13.81129
2445090.55785 -12.40982
2445452.78926 -3.97206
2445543.34711 -0.97810
2445815.02066 7.07832
2445905.57851 9.85143
2446177.25207 17.35585
2446267.80992 20.39514
2446539.48347 18.16518
2446630.04132 18.04478
2446901.71488 11.15834
2446992.27273 9.94795
2447263.94628 0.15348
2447354.50413 -2.79332
2447626.17769 -14.49378
2447716.73554 -17.15296
2447988.40909 -20.85381
2448078.96694 -23.40057
2448350.64050 -18.47812
2448441.19835 -16.26467
2448712.87190 -9.64425
2448803.42975 -7.50103
2449075.10331 4.37972
2449165.66116 8.50177
2449437.33471 14.85936
2449527.89256 16.69813
2449799.56612 21.42349
2449890.12397 22.11579
2450161.79752 20.87635
2450252.35537 17.76967
2450524.02893 5.79552
2450614.58678 1.89450
2450886.26033 -7.71210
2450976.81818 -11.46433
2451248.49174 -21.44553
2451339.04959 -22.86305
2451610.72314 -20.86786
2451701.28099 -19.64316
2451972.95455 -15.04981
2452063.51240 -12.26216
2452335.18595 -0.81543
2452425.74380 2.83794
2452697.41736 13.76743
2452787.97521 16.60897
2453059.64876 22.10034
2453150.20661 16.34044
2453421.88017 16.69326
2453512.43802 14.50180
2453784.11157 9.25328
2453874.66942 6.92241
2454146.34298 -3.21348
2454236.90083 -6.24466
2454508.57438 -15.15794
2454599.13223 -16.58060
2454870.80579 -16.48457
2454961.36364 -19.38232
2455233.03719 -11.53752
2455323.59504 -14.06153
2455595.26860 -4.63035
2455685.82645 -1.76038
2455957.50000 5.72513
