2445000.00000 17.25987
2445090.55785 28.88044
2445452.78926 68.24360
2445543.34711 29.02597
2445815.02066 -45.60458
2445905.57851 -56.22584
2446177.25207 -29.83033
2446267.80992 -39.68737
2446539.48347 -33.14528
2446630.04132 1.48734
2446901.71488 69.00998
2446992.27273 66.71831
2447263.94628 8.31294
2447354.50413 7.13169
2447626.17769 -1.77249
2447716.73554 -28.24369
2447988.40909 -70.63583
2448078.96694 -70.01305
2448350.64050 23.85544
2448441.19835 28.08366
2448712.87190 17.62093
2448803.42975 37.52152
2449075.10331 52.98000
2449165.66116 37.49098
2449437.33471 -52.35261
2449527.89256 -59.89252
2449799.56612 -24.90757
2449890.12397 -24.47292
2450161.79752 -27.04967
2450252.35537 -8.67931
2450524.02893 50.29253
2450614.58678 86.59857
2450886.26033 8.04667
2450976.81818 -1.48697
2451248.49174 -1.07734
2451339.04959 -15.46789
2451610.72314 -85.09178
2451701.28099 -70.48694
2451972.95455 19.10025
2452063.51240 33.89146
2452335.18595 20.90024
2452425.74380 26.67656
2452697.41736 54.29943
2452787.97521 45.31558
2453059.64876 -42.23882
2453150.20661 -63.14094
2453421.88017 -30.95717
2453512.43802 -18.48203
2453784.11157 -29.12373
2453874.66942 -15.28760
2454146.34298 58.49342
2454236.90083 71.00430
2454508.57438 16.82784
2454599.13223 -4.34727
2454870.80579 -5.73426
2454961.36364 -10.71504
2455233.03719 -71.18126
2455323.59504 -82.30447
2455595.26860 12.20345
2455685.82645 41.51335
2455957.50000 33.87031
