2445000.00000 -2.14773
2445090.55785 -7.26764
2445452.78926 -5.19115
2445543.34711 -4.90065
2445815.02066 -4.55272
2445905.57851 -10.13041
2446177.25207 -26.02878
2446267.80992 -27.42628
2446539.48347 -18.93189
2446630.04132 -8.48246
2446901.71488 27.83457
2446992.27273 36.57441
2447263.94628 51.33971
2447354.50413 39.23306
2447626.17769 0.53778
2447716.73554 -12.91215
2447988.40909 -39.09611
2448078.96694 -41.61105
2448350.64050 -26.49001
2448441.19835 -11.75719
2448712.87190 11.11554
2448803.42975 15.15302
2449075.10331 11.42020
2449165.66116 8.32520
2449437.33471 5.69337
2449527.89256 8.96707
2449799.56612 25.71882
2449890.12397 25.75281
2450161.79752 15.79066
2450252.35537 6.58598
2450524.02893 -31.02912
2450614.58678 -40.12431
2450886.26033 -49.21861
2450976.81818 -41.65849
2451248.49174 1.27119
2451339.04959 16.03138
2451610.72314 48.63175
2451701.28099 45.70819
2451972.95455 24.66442
2452063.51240 16.25439
2452335.18595 -16.28359
2452425.74380 -17.03935
2452697.41736 -17.67557
2452787.97521 -12.52042
2453059.64876 -5.81120
2453150.20661 -6.09593
2453421.88017 -16.48558
2453512.43802 -20.12120
2453784.11157 -14.21362
2453874.66942 -4.61317
2454146.34298 33.05946
2454236.90083 38.45947
2454508.57438 52.56733
2454599.13223 44.08857
2454870.80579 -2.86909
2454961.36364 -17.85599
2455233.03719 -46.39771
2455323.59504 -46.80989
2455595.26860 -23.93437
2455685.82645 -12.79503
2455957.50000 20.59431
