2445000.00000 29.87598
2445090.55785 152.05038
2445452.78926 94.05388
2445543.34711 125.12438
2445815.02066 114.69133
2445905.57851 58.12448
2446177.25207 72.10741
2446267.80992 167.79967
2446539.48347 141.06258
2446630.04132 18.14190
2446901.71488 60.55442
2446992.27273 186.78381
2447263.94628 164.57618
2447354.50413 45.56915
2447626.17769 44.67287
2447716.73554 146.89075
2447988.40909 169.97139
2448078.96694 97.47432
2448350.64050 62.84273
2448441.19835 112.39150
2448712.87190 133.85066
2448803.42975 88.92901
2449075.10331 159.75490
2449165.66116 101.45453
2449437.33471 32.79704
2449527.89256 103.56718
2449799.56612 224.28164
2449890.12397 112.33308
2450161.79752 14.35209
2450252.35537 110.58002
2450524.02893 207.08458
2450614.58678 99.58197
2450886.26033 57.63229
2450976.81818 147.70203
2451248.49174 138.05110
2451339.04959 47.44519
2451610.72314 123.46889
2451701.28099 171.32729
2451972.95455 95.61209
2452063.51240 10.45636
2452335.18595 132.94560
2452425.74380 192.38901
2452697.41736 110.30280
2452787.97521 42.42612
2453059.64876 116.81980
2453150.20661 127.24734
2453421.88017 115.78592
2453512.43802 150.81136
2453784.11157 118.10305
2453874.66942 58.12853
2454146.34298 84.81266
2454236.90083 199.33501
2454508.57438 130.53478
2454599.13223 36.61792
2454870.80579 28.08005
2454961.36364 132.57717
2455233.03719 219.43267
2455323.59504 72.89943
2455595.26860 16.04992
2455685.82645 121.35217
2455957.50000 173.39783
