2445000.00000 18.02088
2445090.55785 3.72382
2445452.78926 8.89067
2445543.34711 20.32949
2445815.02066 3.56920
2445905.57851 24.73529
2446177.25207 -8.14674
2446267.80992 9.09904
2446539.48347 -22.60076
2446630.04132 -2.81316
2446901.71488 -24.94107
2446992.27273 -10.44978
2447263.94628 -24.07584
2447354.50413 -6.83669
2447626.17769 -11.20171
2447716.73554 2.46738
2447988.40909 4.09882
2448078.96694 12.30450
2448350.64050 13.05625
2448441.19835 17.23752
2448712.87190 18.08399
2448803.42975 13.61041
2449075.10331 13.44432
2449165.66116 1.10485
2449437.33471 3.17221
2449527.89256 -13.91574
2449799.56612 -6.40446
2449890.12397 -26.77781
2450161.79752 -7.78900
2450252.35537 -29.35351
2450524.02893 -1.43357
2450614.58678 -20.46140
2450886.26033 10.58518
2450976.81818 -6.73641
2451248.49174 23.82526
2451339.04959 4.79532
2451610.72314 28.98409
2451701.28099 9.05191
2451972.95455 27.27762
2452063.51240 5.48722
2452335.18595 8.71679
2452425.74380 -5.79764
2452697.41736 -6.88734
2452787.97521 -14.33331
2453059.64876 -18.48837
2453150.20661 -16.96360
2453421.88017 -19.90848
2453512.43802 -12.38329
2453784.11157 -9.96499
2453874.66942 2.75573
2454146.34298 0.13241
2454236.90083 16.83506
2454508.57438 7.21467
2454599.13223 28.53666
2454870.80579 8.20471
2454961.36364 27.76217
2455233.03719 -1.28176
2455323.59504 19.18538
2455595.26860 -12.91981
2455685.82645 3.00088
2455957.50000 -25.63601
