2445000.00000 2.40183
2445090.55785 -0.67173
2445452.78926 -8.25471
2445543.34711 -6.37177
2445815.02066 -16.08660
2445905.57851 -12.96758
2446177.25207 -14.18809
2446267.80992 -9.04599
2446539.48347 -5.33357
2446630.04132 0.26362
2446901.71488 4.40828
2446992.27273 5.74767
2447263.94628 7.86168
2447354.50413 7.06970
2447626.17769 4.97503
2447716.73554 -1.14691
2447988.40909 -4.34885
2448078.96694 -10.95162
2448350.64050 -9.92456
2448441.19835 -15.96016
2448712.87190 -9.18617
2448803.42975 -15.74398
2449075.10331 0.17347
2449165.66116 -3.71714
2449437.33471 12.60820
2449527.89256 6.20557
2449799.56612 19.06058
2449890.12397 11.33913
2450161.79752 16.05331
2450252.35537 4.90895
2450524.02893 5.14072
2450614.58678 -3.73566
2450886.26033 -4.84355
2450976.81818 -11.28385
2451248.49174 -7.99901
2451339.04959 -7.63821
2451610.72314 -1.49411
2451701.28099 1.14684
2451972.95455 9.25180
2452063.51240 12.24238
2452335.18595 16.26295
2452425.74380 19.40914
2452697.41736 12.07272
2452787.97521 15.46258
2453059.64876 0.96871
2453150.20661 6.26163
2453421.88017 -14.62638
2453512.43802 -5.50587
2453784.11157 -18.11895
2453874.66942 -9.61161
2454146.34298 -13.96137
2454236.90083 -2.73566
2454508.57438 -3.30119
2454599.13223 6.29637
2454870.80579 5.28485
2454961.36364 13.24798
2455233.03719 6.90924
2455323.59504 8.57645
2455595.26860 -0.66976
2455685.82645 -0.18155
2455957.50000 -11.83536
