2445000.00000 5.26708
2445090.55785 6.78005
2445452.78926 12.61208
2445543.34711 13.56786
2445815.02066 18.60208
2445905.57851 17.77539
2446177.25207 18.67911
2446267.80992 12.81758
2446539.48347 19.15961
2446630.04132 14.02199
2446901.71488 13.97603
2446992.27273 9.47487
2447263.94628 5.96461
2447354.50413 5.66944
2447626.17769 3.74259
2447716.73554 3.64702
2447988.40909 3.35149
2448078.96694 3.42913
2448350.64050 4.52173
2448441.19835 3.88408
2448712.87190 7.30650
2448803.42975 7.51064
2449075.10331 9.09153
2449165.66116 9.58828
2449437.33471 8.97296
2449527.89256 10.19643
2449799.56612 9.98250
2449890.12397 9.49369
2450161.79752 8.01673
2450252.35537 9.28379
2450524.02893 8.10823
2450614.58678 6.87278
2450886.26033 7.99054
2450976.81818 9.17548
2451248.49174 10.49574
2451339.04959 8.78092
2451610.72314 10.20443
2451701.28099 10.72382
2451972.95455 11.61206
2452063.51240 13.74431
2452335.18595 13.00914
2452425.74380 12.22491
2452697.41736 10.29334
2452787.97521 10.52709
2453059.64876 6.78734
2453150.20661 6.43428
2453421.88017 4.59226
2453512.43802 3.99587
2453784.11157 2.24404
2453874.66942 1.87868
2454146.34298 2.24739
2454236.90083 2.11115
2454508.57438 4.27246
2454599.13223 4.48471
2454870.80579 8.83279
2454961.36364 9.23410
2455233.03719 14.60923
2455323.59504 15.07518
2455595.26860 18.30282
2455685.82645 16.56661
2455957.50000 16.68525
