2445000.00000 2.75399
2445090.55785 8.96722
2445452.78926 7.44761
2445543.34711 3.59461
2445815.02066 8.87686
2445905.57851 16.53598
2446177.25207 15.88866
2446267.80992 9.33590
2446539.48347 4.37061
2446630.04132 3.14379
2446901.71488 3.63132
2446992.27273 11.12460
2447263.94628 14.36693
2447354.50413 7.14950
2447626.17769 8.00058
2447716.73554 9.93068
2447988.40909 8.96410
2448078.96694 10.75783
2448350.64050 9.15638
2448441.19835 0.82268
2448712.87190 3.45276
2448803.42975 11.45358
2449075.10331 17.46521
2449165.66116 19.61028
2449437.33471 12.61849
2449527.89256 3.64721
2449799.56612 0.38626
2449890.12397 8.03872
2450161.79752 9.15739
2450252.35537 10.09819
2450524.02893 14.84115
2450614.58678 10.13174
2450886.26033 5.95962
2450976.81818 12.78259
2451248.49174 9.76373
2451339.04959 5.08918
2451610.72314 4.37622
2451701.28099 5.13556
2451972.95455 8.62660
2452063.51240 17.51575
2452335.18595 17.92021
2452425.74380 7.05177
2452697.41736 4.35501
2452787.97521 5.53429
2453059.64876 5.47404
2453150.20661 11.02881
2453421.88017 12.57843
2453512.43802 8.18516
2453784.11157 7.32445
2453874.66942 13.87509
2454146.34298 10.08510
2454236.90083 10.33313
2454508.57438 7.48592
2454599.13223 2.39294
2454870.80579 4.49588
2454961.36364 12.90462
2455233.03719 16.66646
2455323.59504 15.54441
2455595.26860 8.58861
2455685.82645 5.13169
2455957.50000 2.57115
