2445000.00000 18.39345
2445090.55785 23.94785
2445452.78926 31.84714
2445543.34711 37.19914
2445815.02066 44.25355
2445905.57851 42.65987
2446177.25207 45.37798
2446267.80992 30.91268
2446539.48347 20.56253
2446630.04132 33.01569
2446901.71488 19.56097
2446992.27273 5.30759
2447263.94628 15.65102
2447354.50413 17.36589
2447626.17769 20.11344
2447716.73554 40.35602
2447988.40909 44.38149
2448078.96694 37.07275
2448350.64050 60.00527
2448441.19835 45.28151
2448712.87190 25.08629
2448803.42975 47.40860
2449075.10331 25.39739
2449165.66116 13.21262
2449437.33471 15.34818
2449527.89256 8.30833
2449799.56612 7.51313
2449890.12397 24.21820
2450161.79752 32.84808
2450252.35537 22.63629
2450524.02893 48.84691
2450614.58678 48.31578
2450886.26033 36.27693
2450976.81818 58.18056
2451248.49174 32.22379
2451339.04959 27.20282
2451610.72314 24.19723
2451701.28099 8.92743
2451972.95455 4.18407
2452063.51240 18.02124
2452335.18595 13.34596
2452425.74380 21.70915
2452697.41736 37.73131
2452787.97521 34.18578
2453059.64876 45.11601
2453150.20661 59.30083
2453421.88017 41.59982
2453512.43802 41.64974
2453784.11157 31.95960
2453874.66942 16.07474
2454146.34298 12.41394
2454236.90083 16.89357
2454508.57438 1.49355
2454599.13223 17.22333
2454870.80579 29.71572
2454961.36364 15.09434
2455233.03719 42.69652
2455323.59504 43.82536
2455595.26860 38.61353
2455685.82645 54.82894
2455957.50000 55.24392
