2445000.00000 -5.95669
2445090.55785 -5.53066
2445452.78926 -4.96964
2445543.34711 0.91513
2445815.02066 -2.82231
2445905.57851 4.19679
2446177.25207 -1.00264
2446267.80992 5.04468
2446539.48347 -3.60501
2446630.04132 0.23227
2446901.71488 -7.14273
2446992.27273 -5.01097
2447263.94628 -8.22989
2447354.50413 -5.74779
2447626.17769 -3.15859
2447716.73554 -1.96477
2447988.40909 1.29150
2448078.96694 -0.67016
2448350.64050 0.11710
2448441.19835 -4.33394
2448712.87190 -3.55879
2448803.42975 -8.81639
2449075.10331 -1.84050
2449165.66116 -5.47996
2449437.33471 3.24377
2449527.89256 -2.10510
2449799.56612 7.18355
2449890.12397 0.30912
2450161.79752 4.92913
2450252.35537 -1.85485
2450524.02893 2.38158
2450614.58678 -3.53063
2450886.26033 1.43335
2450976.81818 -2.72130
2451248.49174 5.16082
2451339.04959 3.49882
2451610.72314 6.72612
2451701.28099 6.77533
2451972.95455 5.25677
2452063.51240 4.36464
2452335.18595 0.01481
2452425.74380 0.83443
2452697.41736 -1.73836
2452787.97521 2.28139
2453059.64876 0.75538
2453150.20661 6.39055
2453421.88017 2.25693
2453512.43802 8.56512
2453784.11157 -0.46463
2453874.66942 5.38168
2454146.34298 -4.69574
2454236.90083 0.11051
2454508.57438 -7.52862
2454599.13223 -0.32749
2454870.80579 -4.21587
2454961.36364 2.61451
2455233.03719 -0.86280
2455323.59504 3.76773
2455595.26860 -2.92812
2455685.82645 -0.42290
2455957.50000 -5.79365
