2445000.00000 12.53853
2445090.55785 11.41658
2445452.78926 12.26631
2445543.34711 -3.30305
2445815.02066 8.10246
2445905.57851 -5.23967
2446177.25207 -4.19717
2446267.80992 -10.37087
2446539.48347 -16.08777
2446630.04132 -18.57486
2446901.71488 -19.29749
2446992.27273 -11.63136
2447263.94628 -14.66967
2447354.50413 -3.92565
2447626.17769 -8.67243
2447716.73554 6.62028
2447988.40909 -1.17874
2448078.96694 12.68844
2448350.64050 1.29966
2448441.19835 16.32024
2448712.87190 -0.40087
2448803.42975 10.68795
2449075.10331 -3.43829
2449165.66116 4.46665
2449437.33471 -3.32525
2449527.89256 1.01074
2449799.56612 1.70069
2449890.12397 1.92719
2450161.79752 7.62924
2450252.35537 4.66347
2450524.02893 14.12195
2450614.58678 6.01919
2450886.26033 13.97912
2450976.81818 2.83191
2451248.49174 8.82459
2451339.04959 -4.35885
2451610.72314 2.19742
2451701.28099 -12.55161
2451972.95455 -3.09745
2452063.51240 -16.02631
2452335.18595 -5.05339
2452425.74380 -10.22949
2452697.41736 -3.53100
2452787.97521 -6.74392
2453059.64876 -0.94251
2453150.20661 0.12736
2453421.88017 -1.09372
2453512.43802 2.89665
2453784.11157 -4.88987
2453874.66942 1.88298
2454146.34298 -11.27593
2454236.90083 -0.73975
2454508.57438 -14.73109
2454599.13223 -1.14868
2454870.80579 -13.37769
2454961.36364 2.68327
2455233.03719 -4.25958
2455323.59504 11.81385
2455595.26860 4.85227
2455685.82645 17.37711
2455957.50000 11.64595
