2445000.00000 12.50577
2445090.55785 7.17839
2445452.78926 12.31326
2445543.34711 10.75561
2445815.02066 4.98104
2445905.57851 7.06079
2446177.25207 8.15182
2446267.80992 5.02441
2446539.48347 7.28950
2446630.04132 10.09677
2446901.71488 3.18253
2446992.27273 2.73005
2447263.94628 11.89679
2447354.50413 9.82378
2447626.17769 6.29321
2447716.73554 8.43580
2447988.40909 10.25594
2448078.96694 9.21006
2448350.64050 15.57471
2448441.19835 11.07638
2448712.87190 6.91269
2448803.42975 7.09253
2449075.10331 11.14875
2449165.66116 9.48152
2449437.33471 4.76377
2449527.89256 6.66631
2449799.56612 4.81899
2449890.12397 1.78013
2450161.79752 7.08291
2450252.35537 8.44211
2450524.02893 2.62256
2450614.58678 4.45682
2450886.26033 8.33191
2450976.81818 10.11490
2451248.49174 8.20150
2451339.04959 12.93320
2451610.72314 8.03824
2451701.28099 7.26598
2451972.95455 13.27770
2452063.51240 12.30941
2452335.18595 4.95878
2452425.74380 5.07001
2452697.41736 9.64731
2452787.97521 5.40720
2453059.64876 3.75440
2453150.20661 7.22888
2453421.88017 2.35290
2453512.43802 0.15990
2453784.11157 9.86901
2453874.66942 10.11333
2454146.34298 3.15286
2454236.90083 6.27592
2454508.57438 14.86364
2454599.13223 8.80262
2454870.80579 11.80780
2454961.36364 14.91883
2455233.03719 9.05183
2455323.59504 6.67540
2455595.26860 13.46542
2455685.82645 12.82124
2455957.50000 2.93962
