2445000.00000 -2.97504
2445090.55785 -2.90658
2445452.78926 -0.56212
2445543.34711 -0.55554
2445815.02066 -2.41422
2445905.57851 -2.50262
2446177.25207 -0.09400
2446267.80992 1.50926
2446539.48347 4.07878
2446630.04132 4.09046
2446901.71488 1.02911
2446992.27273 -0.18735
2447263.94628 -0.84522
2447354.50413 -0.35637
2447626.17769 -0.02684
2447716.73554 -0.78931
2447988.40909 -3.65242
2448078.96694 -4.68311
2448350.64050 -1.73430
2448441.19835 -0.05638
2448712.87190 3.68165
2448803.42975 3.71338
2449075.10331 1.24532
2449165.66116 0.68282
2449437.33471 1.16008
2449527.89256 1.57045
2449799.56612 1.57356
2449890.12397 0.43345
2450161.79752 -4.03165
2450252.35537 -4.54233
2450524.02893 -3.04362
2450614.58678 -1.82134
2450886.26033 1.56011
2450976.81818 1.70217
2451248.49174 0.25288
2451339.04959 0.12945
2451610.72314 2.57238
2451701.28099 3.31917
2451972.95455 3.04191
2452063.51240 1.93786
2452335.18595 -2.93565
2452425.74380 -3.68759
2452697.41736 -3.00521
2452787.97521 -1.75531
2453059.64876 -0.21369
2453150.20661 -0.48732
2453421.88017 -2.13818
2453512.43802 -1.69183
2453784.11157 2.42032
2453874.66942 4.53606
2454146.34298 5.55556
2454236.90083 3.85765
2454508.57438 -1.05141
2454599.13223 -2.22690
2454870.80579 -1.74939
2454961.36364 -1.06886
2455233.03719 -0.96723
2455323.59504 -2.25006
2455595.26860 -3.79299
2455685.82645 -4.49052
2455957.50000 0.96226
