2445000.00000 6.12303
2445090.55785 6.64525
2445452.78926 5.35334
2445543.34711 5.48671
2445815.02066 7.49264
2445905.57851 8.06233
2446177.25207 10.76969
2446267.80992 8.71635
2446539.48347 12.52526
2446630.04132 10.42880
2446901.71488 8.21601
2446992.27273 7.06467
2447263.94628 4.55999
2447354.50413 3.74565
2447626.17769 2.59395
2447716.73554 3.08090
2447988.40909 5.10673
2448078.96694 5.89006
2448350.64050 11.04649
2448441.19835 11.60519
2448712.87190 16.22937
2448803.42975 16.06919
2449075.10331 19.83831
2449165.66116 22.24981
2449437.33471 18.55578
2449527.89256 17.21733
2449799.56612 10.83777
2449890.12397 11.73509
2450161.79752 8.25350
2450252.35537 7.60068
2450524.02893 5.21362
2450614.58678 6.34887
2450886.26033 6.20066
2450976.81818 8.36668
2451248.49174 9.56476
2451339.04959 9.89255
2451610.72314 9.79640
2451701.28099 10.47715
2451972.95455 8.82465
2452063.51240 8.65739
2452335.18595 7.46359
2452425.74380 4.85210
2452697.41736 2.84587
2452787.97521 2.54252
2453059.64876 2.79521
2453150.20661 3.91822
2453421.88017 6.06585
2453512.43802 6.84804
2453784.11157 10.83701
2453874.66942 13.41081
2454146.34298 15.47149
2454236.90083 19.47600
2454508.57438 19.38093
2454599.13223 18.82174
2454870.80579 16.32393
2454961.36364 18.37393
2455233.03719 10.60290
2455323.59504 10.51281
2455595.26860 7.80890
2455685.82645 6.74536
2455957.50000 6.14156
