2445000.00000 3.55284
2445090.55785 1.38512
2445452.78926 -2.35080
2445543.34711 -1.34817
2445815.02066 1.55661
2445905.57851 1.67075
2446177.25207 0.80338
2446267.80992 0.28296
2446539.48347 -2.27735
2446630.04132 -2.91989
2446901.71488 2.25170
2446992.27273 3.83221
2447263.94628 0.82623
2447354.50413 -2.02833
2447626.17769 -4.22823
2447716.73554 -1.23751
2447988.40909 7.18135
2448078.96694 4.65344
2448350.64050 -6.23216
2448441.19835 -5.89481
2448712.87190 3.01825
2448803.42975 6.65238
2449075.10331 1.17675
2449165.66116 -3.46460
2449437.33471 -5.28502
2449527.89256 -1.20868
2449799.56612 5.95591
2449890.12397 4.07879
2450161.79752 -5.53637
2450252.35537 -5.38163
2450524.02893 2.31193
2450614.58678 3.43845
2450886.26033 0.89605
2450976.81818 -1.43521
2451248.49174 -2.33695
2451339.04959 -0.84231
2451610.72314 2.35237
2451701.28099 1.69243
2451972.95455 -0.76193
2452063.51240 -1.18475
2452335.18595 -0.79896
2452425.74380 -0.46580
2452697.41736 1.17685
2452787.97521 1.60496
2453059.64876 -0.01692
2453150.20661 -1.35162
2453421.88017 -1.94778
2453512.43802 -0.33581
2453784.11157 3.97416
2453874.66942 3.14114
2454146.34298 -3.77155
2454236.90083 -4.26767
2454508.57438 2.56085
2454599.13223 4.30479
2454870.80579 0.84416
2454961.36364 -2.50308
2455233.03719 -4.20093
2455323.59504 -0.89516
2455595.26860 6.48716
2455685.82645 4.46462
2455957.50000 -5.65980
