2445000.00000 35.47487
2445090.55785 23.77097
2445452.78926 50.75469
2445543.34711 42.81736
2445815.02066 44.24262
2445905.57851 21.29589
2446177.25207 18.35813
2446267.80992 25.93776
2446539.48347 21.90818
2446630.04132 27.58920
2446901.71488 29.26816
2446992.27273 8.50502
2447263.94628 12.52683
2447354.50413 14.85597
2447626.17769 15.61308
2447716.73554 34.12562
2447988.40909 45.14463
2448078.96694 29.12183
2448350.64050 41.36069
2448441.19835 27.90812
2448712.87190 32.49978
2448803.42975 42.81038
2449075.10331 45.09138
2449165.66116 41.43406
2449437.33471 34.30867
2449527.89256 10.68255
2449799.56612 4.54119
2449890.12397 21.96791
2450161.79752 18.66992
2450252.35537 20.64602
2450524.02893 28.36859
2450614.58678 7.99806
2450886.26033 14.84944
2450976.81818 31.02607
2451248.49174 38.93402
2451339.04959 45.53283
2451610.72314 44.66299
2451701.28099 31.51029
2451972.95455 35.29121
2452063.51240 33.56976
2452335.18595 19.62929
2452425.74380 40.99465
2452697.41736 34.66159
2452787.97521 20.23116
2453059.64876 17.90514
2453150.20661 1.51383
2453421.88017 0.72546
2453512.43802 22.64073
2453784.11157 28.01329
2453874.66942 26.66051
2454146.34298 32.89261
2454236.90083 20.41130
2454508.57438 23.07129
2454599.13223 37.88507
2454870.80579 45.95992
2454961.36364 47.61744
2455233.03719 48.70636
2455323.59504 25.83429
2455595.26860 18.87942
2455685.82645 21.57661
2455957.50000 15.67627
