2445000.00000 140.81237
2445090.55785 66.71998
2445452.78926 219.60037
2445543.34711 149.44281
2445815.02066 174.78205
2445905.57851 193.71574
2446177.25207 86.49121
2446267.80992 133.97476
2446539.48347 15.99070
2446630.04132 27.40556
2446901.71488 40.27287
2446992.27273 11.54751
2447263.94628 156.79971
2447354.50413 90.11579
2447626.17769 175.48168
2447716.73554 201.30110
2447988.40909 140.46570
2448078.96694 213.66026
2448350.64050 108.85432
2448441.19835 109.25436
2448712.87190 74.06582
2448803.42975 29.69102
2449075.10331 84.40368
2449165.66116 58.32273
2449437.33471 89.70324
2449527.89256 135.99754
2449799.56612 103.81273
2449890.12397 143.52301
2450161.79752 165.80446
2450252.35537 155.41225
2450524.02893 136.37027
2450614.58678 92.90156
2450886.26033 134.94180
2450976.81818 101.80674
2451248.49174 52.07269
2451339.04959 87.97689
2451610.72314 32.83006
2451701.28099 74.73300
2451972.95455 78.44165
2452063.51240 114.20958
2452335.18595 177.52031
2452425.74380 150.80908
2452697.41736 190.57023
2452787.97521 161.94619
2453059.64876 106.62099
2453150.20661 120.27855
2453421.88017 26.50551
2453512.43802 44.65806
2453784.11157 54.72829
2453874.66942 44.70572
2454146.34298 134.75682
2454236.90083 115.60865
2454508.57438 200.65007
2454599.13223 198.33173
2454870.80579 135.14852
2454961.36364 183.84467
2455233.03719 78.14565
2455323.59504 68.55605
2455595.26860 77.63984
2455685.82645 28.05178
2455957.50000 90.22252
