2445000.00000 7.18225
2445090.55785 14.30023
2445452.78926 49.75619
2445543.34711 75.25144
2445815.02066 36.75250
2445905.57851 14.66027
2446177.25207 4.56591
2446267.80992 18.72897
2446539.48347 61.34874
2446630.04132 58.33289
2446901.71488 29.87385
2446992.27273 20.47476
2447263.94628 5.68727
2447354.50413 23.56118
2447626.17769 47.55036
2447716.73554 42.24271
2447988.40909 33.45544
2448078.96694 31.50229
2448350.64050 15.55157
2448441.19835 13.93346
2448712.87190 38.99576
2448803.42975 48.72093
2449075.10331 50.06044
2449165.66116 39.13203
2449437.33471 11.72655
2449527.89256 5.83169
2449799.56612 33.48489
2449890.12397 47.31159
2450161.79752 39.56931
2450252.35537 23.77027
2450524.02893 4.75370
2450614.58678 13.03906
2450886.26033 38.51404
2450976.81818 47.05495
2451248.49174 42.87119
2451339.04959 29.35822
2451610.72314 10.62666
2451701.28099 15.05605
2451972.95455 43.49460
2452063.51240 36.67246
2452335.18595 43.31804
2452425.74380 49.31347
2452697.41736 20.41707
2452787.97521 7.56414
2453059.64876 24.33679
2453150.20661 40.23076
2453421.88017 46.46474
2453512.43802 49.63536
2453784.11157 16.81934
2453874.66942 5.12552
2454146.34298 29.41060
2454236.90083 42.23662
2454508.57438 62.43493
2454599.13223 35.40540
2454870.80579 11.96375
2454961.36364 13.59102
2455233.03719 27.17396
2455323.59504 36.90808
2455595.26860 58.82775
2455685.82645 49.01398
2455957.50000 21.04349
