2445000.00000 7.85680
2445090.55785 2.33590
2445452.78926 17.99309
2445543.34711 11.89704
2445815.02066 18.30047
2445905.57851 12.22034
2446177.25207 0.11061
2446267.80992 5.46807
2446539.48347 -13.11322
2446630.04132 -9.32165
2446901.71488 -15.05259
2446992.27273 -22.03880
2447263.94628 -8.62182
2447354.50413 -12.78230
2447626.17769 -2.25836
2447716.73554 12.07441
2447988.40909 11.67024
2448078.96694 18.95131
2448350.64050 22.65893
2448441.19835 10.07904
2448712.87190 13.02417
2448803.42975 2.26456
2449075.10331 -9.68208
2449165.66116 -5.93461
2449437.33471 -21.95969
2449527.89256 -16.38532
2449799.56612 -13.08849
2449890.12397 -17.30879
2450161.79752 1.33459
2450252.35537 -3.03625
2450524.02893 6.70535
2450614.58678 17.26377
2450886.26033 15.25082
2450976.81818 24.42369
2451248.49174 16.96686
2451339.04959 6.50110
2451610.72314 3.74178
2451701.28099 -8.72119
2451972.95455 -17.38814
2452063.51240 -13.52941
2452335.18595 -23.52203
2452425.74380 -12.87797
2452697.41736 -6.86216
2452787.97521 -8.92045
2453059.64876 13.68459
2453150.20661 6.22075
2453421.88017 14.50828
2453512.43802 24.02623
2453784.11157 11.98214
2453874.66942 17.54883
2454146.34298 6.84746
2454236.90083 -4.85160
2454508.57438 -7.01809
2454599.13223 -18.44303
2454870.80579 -19.66801
2454961.36364 -14.47474
2455233.03719 -21.51107
2455323.59504 -5.86770
2455595.26860 3.32049
2455685.82645 1.49693
2455957.50000 18.85880
