2445000.00000 93.08924
2445090.55785 88.24428
2445452.78926 30.04522
2445543.34711 57.54307
2445815.02066 96.42878
2445905.57851 49.02671
2446177.25207 68.19318
2446267.80992 82.15837
2446539.48347 45.93068
2446630.04132 47.18362
2446901.71488 93.37891
2446992.27273 111.05089
2447263.94628 34.37757
2447354.50413 49.28121
2447626.17769 104.91922
2447716.73554 59.90101
2447988.40909 63.11101
2448078.96694 84.68936
2448350.64050 53.63923
2448441.19835 66.35619
2448712.87190 66.26514
2448803.42975 135.37088
2449075.10331 40.16533
2449165.66116 28.65360
2449437.33471 111.03500
2449527.89256 69.42692
2449799.56612 42.15715
2449890.12397 82.02011
2450161.79752 68.19108
2450252.35537 69.57013
2450524.02893 70.31767
2450614.58678 76.29199
2450886.26033 61.30599
2450976.81818 15.77091
2451248.49174 100.01979
2451339.04959 92.65573
2451610.72314 22.65610
2451701.28099 55.74278
2451972.95455 79.80008
2452063.51240 75.52306
2452335.18595 64.20052
2452425.74380 68.74613
2452697.41736 83.28173
2452787.97521 8.86062
2453059.64876 94.46383
2453150.20661 124.38469
2453421.88017 8.18369
2453512.43802 57.08866
2453784.11157 99.15404
2453874.66942 103.54295
2454146.34298 58.38855
2454236.90083 56.45589
2454508.57438 109.51303
2454599.13223 14.90866
2454870.80579 94.64115
2454961.36364 103.73790
2455233.03719 7.13228
2455323.59504 54.63398
2455595.26860 104.46755
2455685.82645 92.23679
2455957.50000 49.08631
