2445000.00000 -8.11080
2445090.55785 -6.42181
2445452.78926 -9.95221
2445543.34711 -1.29555
2445815.02066 -4.08665
2445905.57851 5.34281
2446177.25207 5.38841
2446267.80992 7.43827
2446539.48347 12.71208
2446630.04132 3.51661
2446901.71488 8.25808
2446992.27273 -3.09920
2447263.94628 -3.79131
2447354.50413 -6.71156
2447626.17769 -11.89440
2447716.73554 -3.77808
2447988.40909 -8.09868
2448078.96694 0.02190
2448350.64050 1.01534
2448441.19835 3.25959
2448712.87190 10.82226
2448803.42975 3.62067
2449075.10331 13.60633
2449165.66116 2.30783
2449437.33471 2.14709
2449527.89256 -0.68520
2449799.56612 -11.11715
2449890.12397 -2.93713
2450161.79752 -9.73086
2450252.35537 -3.71765
2450524.02893 -5.50680
2450614.58678 -1.67352
2450886.26033 9.20317
2450976.81818 1.30743
2451248.49174 12.15252
2451339.04959 5.02142
2451610.72314 7.98964
2451701.28099 5.03658
2451972.95455 -4.55614
2452063.51240 1.10877
2452335.18595 -13.33193
2452425.74380 -4.58166
2452697.41736 -9.35422
2452787.97521 -7.25901
2453059.64876 1.72311
2453150.20661 -4.21007
2453421.88017 9.50154
2453512.43802 3.26777
2453784.11157 9.48578
2453874.66942 9.25968
2454146.34298 0.65049
2454236.90083 6.99086
2454508.57438 -8.39443
2454599.13223 -0.89163
2454870.80579 -10.29076
2454961.36364 -8.24374
2455233.03719 -2.87307
2455323.59504 -8.33256
2455595.26860 4.42525
2455685.82645 -1.70470
2455957.50000 8.72371
