2445000.00000 10.08535
2445090.55785 3.41390
2445452.78926 -14.50893
2445543.34711 -17.78115
2445815.02066 -6.10164
2445905.57851 -2.37809
2446177.25207 2.21752
2446267.80992 0.82126
2446539.48347 -5.90072
2446630.04132 -4.70755
2446901.71488 3.64044
2446992.27273 10.96920
2447263.94628 17.16678
2447354.50413 15.19247
2447626.17769 1.17488
2447716.73554 -4.38838
2447988.40909 -10.98394
2448078.96694 -10.88088
2448350.64050 -1.43723
2448441.19835 0.36357
2448712.87190 -3.45523
2448803.42975 -6.46623
2449075.10331 -10.84629
2449165.66116 -7.32226
2449437.33471 9.32170
2449527.89256 14.08574
2449799.56612 16.66012
2449890.12397 14.17990
2450161.79752 -0.84096
2450252.35537 -4.49002
2450524.02893 -6.06076
2450614.58678 -3.09050
2450886.26033 2.07143
2450976.81818 1.06678
2451248.49174 -12.23007
2451339.04959 -15.21002
2451610.72314 -18.57565
2451701.28099 -9.71803
2451972.95455 9.91431
2452063.51240 18.16521
2452335.18595 14.94061
2452425.74380 13.62336
2452697.41736 -2.08358
2452787.97521 -2.95996
2453059.64876 4.02630
2453150.20661 8.31305
2453421.88017 5.21647
2453512.43802 -0.49683
2453784.11157 -16.70840
2453874.66942 -25.16592
2454146.34298 -17.27521
2454236.90083 -9.71190
2454508.57438 11.82177
2454599.13223 17.13232
2454870.80579 9.58198
2454961.36364 3.90529
2455233.03719 -0.12525
2455323.59504 2.78523
2455595.26860 17.78478
2455685.82645 19.41620
2455957.50000 4.12957
