2445000.00000 85.71738
2445090.55785 78.56809
2445452.78926 29.03223
2445543.34711 19.49000
2445815.02066 26.23691
2445905.57851 33.66868
2446177.25207 37.27258
2446267.80992 46.24492
2446539.48347 40.42741
2446630.04132 27.00249
2446901.71488 9.96476
2446992.27273 6.58488
2447263.94628 13.14234
2447354.50413 19.73101
2447626.17769 55.09526
2447716.73554 64.99707
2447988.40909 82.16950
2448078.96694 73.54663
2448350.64050 57.77651
2448441.19835 41.45222
2448712.87190 40.87475
2448803.42975 36.59287
2449075.10331 53.19556
2449165.66116 61.93605
2449437.33471 66.35654
2449527.89256 58.73328
2449799.56612 37.46176
2449890.12397 34.92600
2450161.79752 8.62866
2450252.35537 4.16737
2450524.02893 11.47854
2450614.58678 16.90744
2450886.26033 40.88820
2450976.81818 48.82166
2451248.49174 44.45867
2451339.04959 52.15506
2451610.72314 33.42740
2451701.28099 29.80465
2451972.95455 36.49918
2452063.51240 41.84782
2452335.18595 72.29524
2452425.74380 82.38134
2452697.41736 82.44474
2452787.97521 67.92658
2453059.64876 43.36883
2453150.20661 42.49966
2453421.88017 23.11245
2453512.43802 24.29980
2453784.11157 26.99240
2453874.66942 37.12177
2454146.34298 50.35153
2454236.90083 50.40875
2454508.57438 29.40164
2454599.13223 24.81393
2454870.80579 7.72818
2454961.36364 6.25800
2455233.03719 23.91943
2455323.59504 28.72377
2455595.26860 70.32406
2455685.82645 87.48494
2455957.50000 67.64343
