2445000.00000 -2.59323
2445090.55785 -1.88325
2445452.78926 9.56067
2445543.34711 15.77293
2445815.02066 12.65112
2445905.57851 7.34479
2446177.25207 4.80300
2446267.80992 5.99082
2446539.48347 -8.38008
2446630.04132 -14.73487
2446901.71488 -14.79860
2446992.27273 -9.11415
2447263.94628 -8.37448
2447354.50413 -10.46298
2447626.17769 5.07108
2447716.73554 11.78388
2447988.40909 14.84972
2448078.96694 10.41553
2448350.64050 13.00169
2448441.19835 14.63535
2448712.87190 0.63694
2448803.42975 -5.41589
2449075.10331 -11.88978
2449165.66116 -8.66615
2449437.33471 -14.80369
2449527.89256 -15.80425
2449799.56612 -6.08541
2449890.12397 1.28384
2450161.79752 10.42789
2450252.35537 7.37974
2450524.02893 14.16992
2450614.58678 17.52907
2450886.26033 9.96323
2450976.81818 3.87329
2451248.49174 -6.62346
2451339.04959 -4.72026
2451610.72314 -13.23232
2451701.28099 -16.16329
2451972.95455 -17.28294
2452063.51240 -8.59386
2452335.18595 1.32589
2452425.74380 1.87359
2452697.41736 10.56602
2452787.97521 16.12393
2453059.64876 15.98755
2453150.20661 10.11648
2453421.88017 2.32814
2453512.43802 2.51620
2453784.11157 -6.18869
2453874.66942 -11.41109
2454146.34298 -17.02348
2454236.90083 -11.61898
2454508.57438 -5.39129
2454599.13223 -7.40094
2454870.80579 1.91568
2454961.36364 9.71975
2455233.03719 20.76325
2455323.59504 17.64674
2455595.26860 10.33556
2455685.82645 9.88051
2455957.50000 3.38546
