2445000.00000 48.50310
2445090.55785 39.86827
2445452.78926 60.23297
2445543.34711 37.38560
2445815.02066 48.09127
2445905.57851 54.11602
2446177.25207 26.53346
2446267.80992 32.92140
2446539.48347 6.90779
2446630.04132 19.37964
2446901.71488 0.80472
2446992.27273 9.38087
2447263.94628 9.96208
2447354.50413 13.56352
2447626.17769 31.50483
2447716.73554 25.10458
2447988.40909 52.09683
2448078.96694 36.84781
2448350.64050 47.35424
2448441.19835 43.77101
2448712.87190 45.34416
2448803.42975 42.13580
2449075.10331 28.04417
2449165.66116 32.51530
2449437.33471 11.02872
2449527.89256 21.10612
2449799.56612 1.93676
2449890.12397 15.00910
2450161.79752 11.92217
2450252.35537 18.35114
2450524.02893 29.78839
2450614.58678 28.06009
2450886.26033 45.30838
2450976.81818 37.13340
2451248.49174 56.52134
2451339.04959 37.54733
2451610.72314 48.53590
2451701.28099 33.35598
2451972.95455 35.09155
2452063.51240 29.61603
2452335.18595 12.25752
2452425.74380 19.53892
2452697.41736 6.28447
2452787.97521 22.50030
2453059.64876 13.30683
2453150.20661 28.32773
2453421.88017 28.15295
2453512.43802 30.89601
2453784.11157 49.07706
2453874.66942 43.28569
2454146.34298 50.10777
2454236.90083 33.33869
2454508.57438 38.31770
2454599.13223 30.36386
2454870.80579 30.09058
2454961.36364 24.31334
2455233.03719 14.48410
2455323.59504 25.21309
2455595.26860 13.21403
2455685.82645 22.42199
2455957.50000 17.99882
