2445000.00000 -1.08953
2445090.55785 -2.73742
2445452.78926 -0.78894
2445543.34711 3.09122
2445815.02066 6.72290
2445905.57851 3.80401
2446177.25207 -2.26860
2446267.80992 -1.95845
2446539.48347 -0.65834
2446630.04132 -2.35692
2446901.71488 -3.91238
2446992.27273 -1.93092
2447263.94628 6.55628
2447354.50413 5.98383
2447626.17769 -0.68620
2447716.73554 -1.64131
2447988.40909 0.07410
2448078.96694 -0.32636
2448350.64050 -4.92922
2448441.19835 -4.54977
2448712.87190 3.71305
2448803.42975 5.60910
2449075.10331 2.14733
2449165.66116 -0.05640
2449437.33471 -0.36381
2449527.89256 0.37721
2449799.56612 -2.90013
2449890.12397 -5.37602
2450161.79752 -0.85475
2450252.35537 2.51869
2450524.02893 4.62239
2450614.58678 2.91872
2450886.26033 -1.01874
2450976.81818 -0.16706
2451248.49174 -0.76535
2451339.04959 -2.57369
2451610.72314 -4.06961
2451701.28099 -2.15229
2451972.95455 5.43601
2452063.51240 4.70647
2452335.18595 -0.27709
2452425.74380 -0.64543
2452697.41736 0.87836
2452787.97521 -0.07161
2453059.64876 -5.19865
2453150.20661 -5.03136
2453421.88017 2.82863
2453512.43802 5.75110
2453784.11157 1.60445
2453874.66942 0.18935
2454146.34298 1.06047
2454236.90083 1.73042
2454508.57438 -3.86956
2454599.13223 -4.54872
2454870.80579 -1.26602
2454961.36364 2.02885
2455233.03719 4.44656
2455323.59504 2.27371
2455595.26860 0.34551
2455685.82645 1.59784
2455957.50000 -0.69539
