2445000.00000 5.87314
2445090.55785 5.87285
2445452.78926 5.03942
2445543.34711 6.93179
2445815.02066 5.70227
2445905.57851 6.29613
2446177.25207 5.84202
2446267.80992 2.59625
2446539.48347 1.71644
2446630.04132 3.09336
2446901.71488 2.32605
2446992.27273 2.86807
2447263.94628 2.10629
2447354.50413 0.03514
2447626.17769 0.25561
2447716.73554 2.21683
2447988.40909 2.84294
2448078.96694 4.50183
2448350.64050 4.86904
2448441.19835 2.36370
2448712.87190 3.61732
2448803.42975 6.60900
2449075.10331 6.88245
2449165.66116 6.16274
2449437.33471 6.77711
2449527.89256 4.23700
2449799.56612 4.13744
2449890.12397 5.41777
2450161.79752 4.50889
2450252.35537 4.57295
2450524.02893 3.93971
2450614.58678 1.45708
2450886.26033 0.50723
2450976.81818 2.37615
2451248.49174 1.44962
2451339.04959 2.21105
2451610.72314 2.57372
2451701.28099 0.67656
2451972.95455 1.58908
2452063.51240 3.89052
2452335.18595 4.12228
2452425.74380 5.27201
2452697.41736 5.66220
2452787.97521 4.30083
2453059.64876 4.70087
2453150.20661 6.71779
2453421.88017 6.66548
2453512.43802 5.75026
2453784.11157 5.62143
2453874.66942 3.40777
2454146.34298 2.61446
2454236.90083 4.42872
2454508.57438 3.84228
2454599.13223 3.25053
2454870.80579 2.19006
2454961.36364 0.26621
2455233.03719 0.16289
2455323.59504 2.34294
2455595.26860 2.79869
2455685.82645 2.57628
2455957.50000 3.28397
