2445000.00000 31.42068
2445090.55785 34.32758
2445452.78926 43.66570
2445543.34711 50.62176
2445815.02066 45.06015
2445905.57851 39.90237
2446177.25207 28.91135
2446267.80992 26.80671
2446539.48347 13.87942
2446630.04132 12.25990
2446901.71488 2.66745
2446992.27273 1.62730
2447263.94628 4.20055
2447354.50413 5.96366
2447626.17769 18.28300
2447716.73554 23.93333
2447988.40909 45.47798
2448078.96694 41.22886
2448350.64050 62.79040
2448441.19835 46.07843
2448712.87190 50.15655
2448803.42975 53.04516
2449075.10331 33.00068
2449165.66116 33.55595
2449437.33471 24.50174
2449527.89256 17.40875
2449799.56612 13.79907
2449890.12397 12.41762
2450161.79752 14.09622
2450252.35537 14.40000
2450524.02893 24.23400
2450614.58678 34.08636
2450886.26033 42.32400
2450976.81818 45.95578
2451248.49174 51.62740
2451339.04959 64.60384
2451610.72314 65.72459
2451701.28099 59.01811
2451972.95455 50.28120
2452063.51240 37.33622
2452335.18595 34.55853
2452425.74380 34.38649
2452697.41736 22.96865
2452787.97521 22.52937
2453059.64876 25.52106
2453150.20661 22.63712
2453421.88017 32.29882
2453512.43802 31.57057
2453784.11157 46.36871
2453874.66942 51.01471
2454146.34298 61.96613
2454236.90083 61.04515
2454508.57438 68.77807
2454599.13223 64.25865
2454870.80579 59.08652
2454961.36364 53.17900
2455233.03719 37.78699
2455323.59504 37.13907
2455595.26860 22.56081
2455685.82645 23.89719
2455957.50000 19.28668
