2445000.00000 7.03386
2445090.55785 13.63452
2445452.78926 47.13949
2445543.34711 40.78780
2445815.02066 43.05108
2445905.57851 58.79261
2446177.25207 67.75506
2446267.80992 61.26301
2446539.48347 56.62578
2446630.04132 35.65113
2446901.71488 14.01701
2446992.27273 5.06522
2447263.94628 -27.71935
2447354.50413 -36.29852
2447626.17769 -60.65639
2447716.73554 -60.66627
2447988.40909 -77.40943
2448078.96694 -59.08701
2448350.64050 -47.26748
2448441.19835 -55.36212
2448712.87190 -30.82003
2448803.42975 -25.53264
2449075.10331 -6.24897
2449165.66116 0.83532
2449437.33471 16.40241
2449527.89256 18.47816
2449799.56612 23.81197
2449890.12397 23.28414
2450161.79752 21.65859
2450252.35537 21.09990
2450524.02893 20.91872
2450614.58678 21.78595
2450886.26033 17.65438
2450976.81818 19.67462
2451248.49174 20.35263
2451339.04959 32.86952
2451610.72314 31.65359
2451701.28099 35.90857
2451972.95455 37.66974
2452063.51240 33.80327
2452335.18595 27.13780
2452425.74380 22.52769
2452697.41736 1.02024
2452787.97521 -6.70199
2453059.64876 -31.22870
2453150.20661 -39.71835
2453421.88017 -55.70274
2453512.43802 -70.62638
2453784.11157 -71.72392
2453874.66942 -74.70675
2454146.34298 -58.75139
2454236.90083 -54.45114
2454508.57438 -28.05913
2454599.13223 -21.66883
2454870.80579 8.13811
2454961.36364 18.72827
2455233.03719 36.60591
2455323.59504 44.89950
2455595.26860 57.01288
2455685.82645 65.70192
2455957.50000 57.36286
