2445000.00000 26.03179
2445090.55785 11.32423
2445452.78926 3.87936
2445543.34711 6.13269
2445815.02066 6.90819
2445905.57851 16.95753
2446177.25207 15.09858
2446267.80992 33.82453
2446539.48347 14.60049
2446630.04132 24.26951
2446901.71488 7.28814
2446992.27273 17.93693
2447263.94628 12.82632
2447354.50413 24.67036
2447626.17769 31.22067
2447716.73554 34.00470
2447988.40909 32.70270
2448078.96694 32.41816
2448350.64050 23.74436
2448441.19835 15.15253
2448712.87190 18.87814
2448803.42975 6.86372
2449075.10331 23.69888
2449165.66116 14.00737
2449437.33471 33.28552
2449527.89256 15.71289
2449799.56612 23.36054
2449890.12397 9.65298
2450161.79752 9.06668
2450252.35537 2.33419
2450524.02893 3.59027
2450614.58678 10.57857
2450886.26033 12.70596
2450976.81818 24.82673
2451248.49174 14.14617
2451339.04959 21.04305
2451610.72314 8.69713
2451701.28099 17.17812
2451972.95455 5.71472
2452063.51240 18.15505
2452335.18595 18.99140
2452425.74380 28.01997
2452697.41736 30.03007
2452787.97521 33.05788
2453059.64876 28.80282
2453150.20661 24.94486
2453421.88017 19.56885
2453512.43802 10.85483
2453784.11157 20.39606
2453874.66942 8.74180
2454146.34298 29.75982
2454236.90083 19.61153
2454508.57438 33.21460
2454599.13223 16.64729
2454870.80579 16.56368
2454961.36364 4.75093
2455233.03719 5.73450
2455323.59504 2.05335
2455595.26860 11.71908
2455685.82645 14.70197
2455957.50000 17.39599
