2445000.00000 33.77894
2445090.55785 35.44988
2445452.78926 30.93458
2445543.34711 13.25724
2445815.02066 18.23515
2445905.57851 7.34638
2446177.25207 7.57667
2446267.80992 8.61887
2446539.48347 4.15227
2446630.04132 20.96297
2446901.71488 9.55095
2446992.27273 29.76081
2447263.94628 25.95663
2447354.50413 29.47431
2447626.17769 32.70047
2447716.73554 34.31422
2447988.40909 40.01327
2448078.96694 24.33496
2448350.64050 30.37570
2448441.19835 22.16853
2448712.87190 11.77744
2448803.42975 16.81796
2449075.10331 1.84147
2449165.66116 13.83621
2449437.33471 4.94399
2449527.89256 17.69440
2449799.56612 19.63555
2449890.12397 17.28411
2450161.79752 36.37796
2450252.35537 23.58467
2450524.02893 38.35635
2450614.58678 30.14395
2450886.26033 37.91797
2450976.81818 32.01665
2451248.49174 19.00168
2451339.04959 28.05281
2451610.72314 7.80152
2451701.28099 18.42793
2451972.95455 3.28185
2452063.51240 12.20718
2452335.18595 10.94257
2452425.74380 8.27683
2452697.41736 21.59872
2452787.97521 15.56270
2453059.64876 34.39362
2453150.20661 23.17957
2453421.88017 40.63663
2453512.43802 31.74373
2453784.11157 28.07926
2453874.66942 33.81960
2454146.34298 16.01511
2454236.90083 24.67564
2454508.57438 8.86106
2454599.13223 14.13223
2454870.80579 10.10738
2454961.36364 3.76236
2455233.03719 15.62677
2455323.59504 3.89177
2455595.26860 19.72694
2455685.82645 15.77763
2455957.50000 29.96028
