2445000.00000 -3.36679
2445090.55785 -0.47202
2445452.78926 4.18576
2445543.34711 -0.63967
2445815.02066 8.70214
2445905.57851 0.89525
2446177.25207 10.09742
2446267.80992 0.80280
2446539.48347 11.17024
2446630.04132 -0.10511
2446901.71488 7.99630
2446992.27273 -2.55933
2447263.94628 2.24556
2447354.50413 -4.89314
2447626.17769 -1.49713
2447716.73554 -5.58234
2447988.40909 -4.08751
2448078.96694 -5.66066
2448350.64050 -5.76258
2448441.19835 -4.61363
2448712.87190 -4.89458
2448803.42975 0.02292
2449075.10331 -3.17258
2449165.66116 4.10152
2449437.33471 -0.97883
2449527.89256 7.47464
2449799.56612 0.67326
2449890.12397 9.09506
2450161.79752 0.85449
2450252.35537 9.56630
2450524.02893 -0.10149
2450614.58678 5.46610
2450886.26033 -1.88227
2450976.81818 2.48686
2451248.49174 -3.02417
2451339.04959 -2.06193
2451610.72314 -4.67333
2451701.28099 -5.28524
2451972.95455 -3.87205
2452063.51240 -5.86324
2452335.18595 -1.25256
2452425.74380 -6.11216
2452697.41736 1.89913
2452787.97521 -4.12057
2453059.64876 4.43326
2453150.20661 -1.83263
2453421.88017 7.32420
2453512.43802 0.41857
2453784.11157 8.13336
2453874.66942 1.30694
2454146.34298 8.39848
2454236.90083 0.98003
2454508.57438 3.87602
2454599.13223 -0.37526
2454870.80579 -0.37762
2454961.36364 -1.93086
2455233.03719 -3.57937
2455323.59504 -2.61820
2455595.26860 -5.76479
2455685.82645 -2.57836
2455957.50000 -7.26843
