44204.80000 0.1991
45195.97302 0.1747
45195.97400 0.1801
45195.97498 0.1785
45552.94500 0.3801
45552.94600 0.3754
45552.94600 0.3846
45558.94400 0.3650
45558.94500 0.3719
45558.94600 0.3692
45573.98800 0.3586
45573.98900 0.3620
45573.99000 0.3566
45581.81000 0.3550
45581.81000 0.3463
45581.81100 0.3495
45584.91100 0.3594
45584.91200 0.3450
45584.91200 0.3475
45591.83300 0.3551
45591.83400 0.3401
45591.83500 0.3484
45620.91900 0.3691
45620.91900 0.3718
45620.92000 0.3592
45634.74500 0.3995
45634.74600 0.4064
45634.74700 0.3894
45636.76300 0.4013
45636.76400 0.3921
45636.76500 0.3954
45657.70200 0.3964
45657.70300 0.3899
45657.70400 0.3794
45664.79200 0.3913
45664.79300 0.3782
45664.79400 0.3896
45686.69300 0.3477
45686.69400 0.3610
45686.69500 0.3633
45696.69400 0.3532
45696.69500 0.3582
45696.69700 0.3509
45708.67700 0.3481
45708.67800 0.3481
45708.67900 0.3422
45724.65000 0.3797
45724.65100 0.3740
45724.65200 0.3750
45870.97046 0.3853
45870.97119 0.3777
45870.97192 0.3714
45887.97083 0.3778
45887.97180 0.3648
45887.97253 0.3770
45892.98584 0.3699
45892.98669 0.3706
45892.98755 0.3699
45915.98718 0.3560
45915.98828 0.3596
45915.98950 0.3778
45923.97705 0.3564
45923.97766 0.3585
45923.97827 0.3573
45932.96851 0.3466
45932.96924 0.3712
45932.96997 0.3563
45937.93665 0.3744
45937.93738 0.3799
45937.93823 0.3815
45947.96741 0.4411
45947.96838 0.4398
45947.96924 0.4458
45958.90735 0.3708
45958.90930 0.3703
45958.91113 0.3692
45964.02454 0.3638
45964.02673 0.3704
45964.02905 0.3667
45986.91992 0.3660
45986.92175 0.3552
45986.92358 0.3576
46006.83789 0.4023
46006.83875 0.3947
46006.83960 0.4126
46015.76465 0.4350
46015.76538 0.4396
46015.76611 0.4323
46022.80701 0.4246
46022.80774 0.4235
46022.80847 0.4249
46030.78320 0.4307
46030.78455 0.4308
46030.78589 0.4410
46036.73755 0.4364
46036.73840 0.4327
46036.73938 0.4212
46041.71448 0.4286
46041.71912 0.4201
46049.66553 0.4017
46049.66772 0.4022
46049.66992 0.4083
46057.71802 0.4026
46057.71924 0.4074
46057.72070 0.4063
46064.68018 0.3892
46064.68115 0.3944
46064.68237 0.3910
46084.81128 0.3861
46084.82227 0.3844
46084.83252 0.3881
46096.83057 0.3766
46096.84204 0.3770
46096.85449 0.3809
46108.63599 0.3707
46108.63770 0.3740
46108.63940 0.3758
46282.99316 0.4196
46282.99390 0.4293
46282.99463 0.4217
46287.93921 0.4079
46287.93994 0.4124
46287.94092 0.4139
46292.00098 0.4037
46292.00171 0.4013
46292.00244 0.4017
46304.94165 0.3823
46304.94263 0.3824
46304.94336 0.3728
46323.94116 0.3660
46323.94238 0.3703
46323.94336 0.3649
46328.91675 0.3671
46328.91724 0.3583
46328.91772 0.3614
46337.85596 0.3651
46337.85645 0.3756
46337.85718 0.3718
46362.89355 0.3822
46362.89429 0.3856
46362.89502 0.3919
46368.74170 0.3942
46368.74243 0.4006
46368.74316 0.3950
46375.75903 0.4051
46375.75977 0.3938
46375.76074 0.4064
46385.77759 0.3959
46385.77832 0.3985
46385.77905 0.3995
46392.70630 0.3984
46392.70703 0.3931
46392.70776 0.3912
46403.79346 0.3907
46403.79443 0.3956
46403.79517 0.3888
46416.69897 0.3785
46416.69995 0.3813
46416.70068 0.3746
46423.71216 0.3752
46423.71313 0.3770
46423.71411 0.3789
46430.74268 0.3723
46430.74390 0.3745
46430.74487 0.3703
46437.66992 0.3685
46437.67065 0.3630
46437.67114 0.3648
46443.67212 0.3685
46443.67285 0.3713
46443.67383 0.3647
46449.62793 0.3663
46449.62866 0.3702
46449.62939 0.3667
46456.61646 0.3584
46456.61719 0.3640
46456.61792 0.3629
46666.92627 0.3623
46666.92700 0.3652
46666.92773 0.3762
46666.92847 0.3667
46674.94922 0.3717
46674.94995 0.3653
46674.95117 0.3611
46681.95679 0.3663
46681.95776 0.3670
46681.95874 0.3637
46688.95532 0.3669
46688.95605 0.3814
46688.95703 0.3596
46703.93091 0.3551
46703.93188 0.3728
46703.93286 0.3739
46710.88599 0.3750
46710.88696 0.3772
46710.88770 0.3757
46718.89160 0.3722
46718.89233 0.3771
46718.89331 0.3658
46725.80591 0.3713
46725.80713 0.3711
46725.80835 0.3736
46731.82837 0.3726
46731.82935 0.3763
46731.83081 0.3745
46738.78369 0.3783
46738.78467 0.3832
46738.78540 0.3845
46745.79565 0.3774
46745.79663 0.3787
46745.79761 0.3810
46751.73877 0.3858
46751.73975 0.3801
46751.74072 0.3684
46765.76929 0.3605
46765.77026 0.3688
46765.77148 0.3587
46773.71216 0.3635
46773.71289 0.3565
46773.71387 0.3600
46782.69434 0.3649
46782.69531 0.3678
46782.69629 0.3807
46804.63721 0.3662
46804.63916 0.3489
46804.64087 0.3734
46812.65405 0.3747
46812.65625 0.3606
46812.65869 0.3722
47024.94336 0.4075
47024.94434 0.4106
47024.94556 0.4239
47034.00806 0.4141
47034.00854 0.4200
47034.00928 0.4132
47042.00488 0.3963
47042.00562 0.3965
47042.00659 0.3892
47048.94287 0.3925
47048.94385 0.3926
47048.94458 0.3969
47054.91309 0.3736
47054.91406 0.3697
47054.91504 0.3712
47060.90210 0.3633
47060.90332 0.3583
47060.90430 0.3596
47067.98560 0.3667
47067.98657 0.3612
47067.98755 0.3641
47073.88550 0.3760
47073.88672 0.3704
47073.88794 0.3660
47085.87598 0.3817
47085.87695 0.3804
47085.87793 0.3797
47088.81543 0.3827
47088.81616 0.3833
47088.81689 0.3845
47108.74609 0.3784
47108.74683 0.3727
47108.74780 0.3729
47121.75391 0.3943
47121.75488 0.3983
47121.75610 0.3971
47128.81445 0.4095
47128.81543 0.4067
47128.81641 0.4075
47138.81592 0.4389
47138.81714 0.4356
47138.81812 0.4370
47150.72046 0.4473
47150.72168 0.4513
47150.72266 0.4480
47162.72192 0.4235
47162.72266 0.4243
47162.72363 0.4236
47171.63770 0.3984
47171.63892 0.4027
47171.63989 0.3975
47183.66504 0.3813
47183.66602 0.3744
47183.66699 0.3716
47197.62817 0.3741
47197.62915 0.3760
47197.63208 0.3753
47197.63330 0.3793
47197.63501 0.3726
47205.62061 0.3811
47205.62158 0.3812
47205.62256 0.3828
47421.93408 0.3974
47421.93530 0.3943
47421.93677 0.3959
47432.94531 0.3700
47432.94653 0.3714
47432.94751 0.3730
47450.87988 0.3813
47450.88086 0.3718
47450.88184 0.3746
47458.86499 0.3699
47458.86597 0.3689
47458.86694 0.3727
47478.77979 0.3897
47478.78101 0.3990
47478.78198 0.4004
47485.77148 0.3949
47485.77246 0.3988
47485.77368 0.3974
47498.71118 0.4069
47498.71265 0.4115
47498.71387 0.4070
47509.65430 0.4074
47509.65527 0.4045
47509.65649 0.4022
47528.64624 0.3984
47528.64771 0.3964
47528.64893 0.3934
47536.71021 0.3989
47536.71143 0.3965
47536.71216 0.3918
47544.61548 0.3928
47544.61816 0.3973
47544.61938 0.3968
47558.62720 0.4002
47558.62866 0.4036
47558.63013 0.4050
47762.00073 0.4441
47762.00146 0.4508
47762.00244 0.4432
47765.94873 0.4539
47765.94971 0.4541
47765.95068 0.4624
47774.95923 0.4724
47774.96045 0.4700
47774.96143 0.4783
47805.89136 0.4399
47805.89233 0.4434
47805.89331 0.4447
47815.89624 0.4392
47815.89722 0.4359
47815.89819 0.4352
47836.79077 0.4413
47836.79150 0.4453
47836.79248 0.4360
47849.75562 0.4343
47849.75684 0.4388
47849.75806 0.4425
47864.72632 0.4312
47864.72754 0.4256
47864.72852 0.4237
47898.63452 0.4573
47898.63550 0.4562
47898.63647 0.4553
48150.94287 0.4660
48150.94434 0.4610
48150.94580 0.4610
48164.93018 0.4589
48164.93164 0.4674
48164.93262 0.4538
48473.00244 0.4288
48473.00391 0.4113
48473.00488 0.4125
48877.88770 0.4306
48877.88867 0.4326
48877.88965 0.4377
48887.93359 0.4105
48887.93506 0.4153
48887.93652 0.4173
48901.87500 0.4014
48901.87598 0.4075
48901.87744 0.4029
48933.81641 0.4108
48933.81787 0.4099
48933.81885 0.4136
48941.76123 0.4306
48941.76221 0.4237
48941.76367 0.4357
48971.71826 0.4425
48971.71973 0.4342
48971.72119 0.4323
48979.70166 0.4217
48979.70264 0.4223
48979.70459 0.4269
49268.88477 0.3854
49268.88623 0.3847
49268.88721 0.3910
49300.76855 0.3814
49300.77051 0.3824
49300.77197 0.3861
49310.71533 0.3863
49310.71680 0.3867
49310.71826 0.3888
49328.65967 0.3757
49328.66113 0.3789
49328.66211 0.3738
49365.60742 0.4002
49365.60889 0.3985
49365.60986 0.3979
49611.86914 0.4003
49611.87012 0.4024
49611.87109 0.3934
49616.89258 0.4147
49616.89404 0.4123
49616.89502 0.4042
49635.81934 0.4420
49635.82031 0.4333
49635.82129 0.4312
49643.76660 0.4439
49643.76807 0.4482
49643.76904 0.4408
49661.80469 0.4329
49661.80566 0.4316
49661.80713 0.4303
49677.73535 0.4124
49677.73633 0.4056
49677.73779 0.4057
49695.73877 0.3579
49695.73975 0.3559
49695.74072 0.3478
49704.71729 0.3574
49704.71826 0.3579
49704.71973 0.3534
