2443778.80000 0.3173
2445555.00600 0.2832
2445555.00700 0.2813
2445555.00800 0.2874
2445573.99400 0.2773
2445573.99500 0.2756
2445573.99600 0.2908
2445574.93600 0.2807
2445574.93700 0.2844
2445574.93800 0.2851
2445576.02500 0.2858
2445576.02600 0.2948
2445576.02600 0.2761
2445578.94800 0.2819
2445578.94900 0.2806
2445578.95000 0.2948
2445580.00700 0.2981
2445580.00800 0.2897
2445580.00800 0.2962
2445581.79800 0.2748
2445581.79900 0.2672
2445581.80000 0.2828
2445582.96400 0.2861
2445582.96500 0.2851
2445582.96600 0.2892
2445585.91100 0.2772
2445585.91200 0.2823
2445585.91300 0.2809
2445588.97800 0.2825
2445588.97900 0.2844
2445588.97900 0.2774
2445590.93400 0.2711
2445590.93500 0.2690
2445590.93600 0.2806
2445592.89800 0.2873
2445592.89800 0.2874
2445592.89900 0.2939
2445593.82500 0.2887
2445593.82600 0.2848
2445593.82700 0.2819
2445594.81600 0.2913
2445594.81700 0.2821
2445594.81800 0.2931
2445595.83400 0.2941
2445595.83500 0.3014
2445595.83600 0.2788
2445597.88900 0.2972
2445597.89000 0.2946
2445597.89100 0.2851
2445615.81600 0.3072
2445615.81600 0.2996
2445615.81700 0.3052
2445617.77900 0.3089
2445617.78000 0.2977
2445617.78100 0.2939
2445618.74300 0.2983
2445618.74400 0.3103
2445618.74500 0.3139
2445619.79800 0.3084
2445619.79900 0.3041
2445619.80000 0.3022
2445621.93200 0.3009
2445621.93300 0.3091
2445621.93400 0.3041
2445625.90300 0.2928
2445625.90400 0.2860
2445625.90500 0.2786
2445724.63500 0.2730
2445724.63700 0.2776
2445724.63900 0.2804
2445725.68100 0.2754
2445725.68200 0.2844
2445725.68300 0.2745
2445727.65100 0.2640
2445727.65400 0.2734
2445727.65600 0.2621
2445728.60900 0.2593
2445728.61000 0.2571
2445728.61100 0.2517
2445729.60400 0.2499
2445729.60500 0.2594
2445729.60600 0.2616
2445735.62900 0.2631
2445735.63000 0.2690
2445735.63100 0.2556
2445736.65600 0.2742
2445736.65700 0.2703
2445736.65800 0.2689
2445737.62700 0.2740
2445737.62900 0.2703
2445737.63000 0.2716
2445738.61600 0.2751
2445738.61700 0.2728
2445738.61800 0.2604
2445741.61100 0.2687
2445741.61200 0.2790
2445741.61300 0.2716
2445743.62300 0.2785
2445743.62400 0.2785
2445743.62500 0.2748
2445885.99927 0.2654
2445886.00061 0.2903
2445886.00171 0.2757
2445905.99609 0.2500
2445905.99683 0.2630
2445905.99731 0.2699
2445912.95837 0.2730
2445912.95972 0.2769
2445912.96069 0.2991
2445915.99792 0.2671
2445915.99878 0.2710
2445915.99963 0.2681
2445917.98743 0.2764
2445917.98804 0.2716
2445917.98865 0.2827
2445918.93323 0.2681
2445918.93396 0.2870
2445918.93469 0.2839
2445919.92175 0.2879
2445919.92236 0.2815
2445919.92310 0.2766
2445923.98108 0.2773
2445923.98169 0.2845
2445923.98218 0.2808
2445932.97339 0.2583
2445932.97437 0.2604
2445932.97534 0.2464
2445935.92053 0.2839
2445935.92139 0.2880
2445935.92200 0.2893
2445936.90356 0.2852
2445936.90442 0.2822
2445936.90527 0.2804
2445938.95728 0.2722
2445938.95813 0.2709
2445938.95898 0.2717
2445939.94934 0.2735
2445939.95007 0.2724
2445939.95081 0.2831
2445941.00159 0.2679
2445941.00232 0.2843
2445941.00293 0.2705
2445941.93164 0.2686
2445941.93237 0.2764
2445941.93298 0.2820
2445943.00574 0.2793
2445943.00659 0.2808
2445943.00745 0.2732
2445944.01501 0.3200
2445944.01587 0.2731
2445944.01685 0.2531
2445944.01770 0.2723
2445944.01843 0.2835
2445945.01746 0.2615
2445945.01892 0.2568
2445945.02051 0.2692
2445947.96191 0.2967
2445947.96277 0.2944
2445947.96350 0.3017
2445948.98743 0.2936
2445948.98828 0.3071
2445948.98901 0.3141
2445949.96375 0.2883
2445949.96472 0.2780
2445949.96558 0.2807
2445951.95959 0.2643
2445951.96094 0.2784
2445951.96228 0.2820
2445957.96680 0.2725
2445957.96887 0.2780
2445957.97131 0.2737
2445958.91357 0.2866
2445958.91455 0.2763
2445958.91541 0.2845
2445962.94446 0.2872
2445962.94629 0.3038
2445962.94836 0.2908
2445964.00317 0.2875
2445964.00464 0.2834
2445964.00598 0.2832
2445969.92004 0.2862
2445969.92114 0.2786
2445969.92224 0.2862
2445970.89209 0.2896
2445970.89307 0.2761
2445970.89417 0.2805
2445971.90344 0.2722
2445971.90417 0.2748
2445971.90479 0.2816
2445972.98181 0.2797
2445972.98254 0.2765
2445972.98340 0.2870
2445976.88086 0.2798
2445976.88196 0.2779
2445976.88281 0.2726
2445983.96118 0.2723
2445983.96252 0.2818
2445983.96375 0.2859
2445987.94141 0.2909
2445987.94360 0.2844
2445987.94531 0.2801
2445996.82092 0.2767
2445996.82227 0.2806
2445996.82349 0.2806
2445999.79980 0.2785
2445999.80103 0.2779
2445999.80212 0.2734
2446006.83350 0.2948
2446006.83459 0.2943
2446006.83569 0.2908
2446022.79321 0.2897
2446022.79443 0.2930
2446022.79578 0.2868
2446023.75208 0.2908
2446023.75403 0.2894
2446023.75647 0.2913
2446028.74329 0.2983
2446028.74500 0.2942
2446028.74658 0.2994
2446033.78162 0.3020
2446033.78418 0.2971
2446033.78687 0.3061
2446036.74292 0.3051
2446036.74463 0.3092
2446036.74634 0.3014
2446051.71167 0.2907
2446051.71411 0.2917
2446051.71655 0.2859
2446057.69653 0.2876
2446057.70020 0.2803
2446057.70410 0.2831
2446069.66650 0.2878
2446069.66895 0.2777
2446069.67139 0.2817
2446070.69067 0.2824
2446070.69165 0.2742
2446070.69263 0.2806
2446087.22632 0.2740
2446087.23462 0.2780
2446087.24316 0.2755
2446287.95972 0.2635
2446287.96094 0.2684
2446287.96191 0.2662
2446288.99927 0.2734
2446289.00000 0.2687
2446289.00073 0.2611
2446292.00513 0.2712
2446292.00586 0.2739
2446292.00635 0.2771
2446292.98511 0.2761
2446292.98584 0.2728
2446292.98682 0.2761
2446303.94702 0.2569
2446303.94775 0.2597
2446303.94873 0.2559
2446304.94702 0.2617
2446304.94800 0.2628
2446304.94897 0.2616
2446311.00000 0.2707
2446311.00073 0.2671
2446311.00146 0.2625
2446322.94556 0.2601
2446322.94629 0.2598
2446322.94702 0.2600
2446323.94775 0.2577
2446323.94873 0.2631
2446323.94971 0.2570
2446324.93530 0.2653
2446324.93628 0.2635
2446324.93726 0.2642
2446325.94727 0.2667
2446325.94800 0.2692
2446325.94897 0.2700
2446328.89673 0.2593
2446328.89746 0.2606
2446328.89819 0.2681
2446329.92188 0.2685
2446329.92285 0.2614
2446329.92383 0.2570
2446330.94824 0.2718
2446330.94922 0.2682
2446330.94995 0.2687
2446331.93359 0.2728
2446331.93457 0.2752
2446331.93555 0.2693
2446332.94336 0.2763
2446332.94434 0.2768
2446332.94531 0.2780
2446337.86963 0.2672
2446337.87036 0.2677
2446337.87109 0.2729
2446338.91309 0.2625
2446338.91382 0.2639
2446338.91479 0.2604
2446339.81470 0.2572
2446339.81543 0.2672
2446339.81616 0.2586
2446340.79468 0.2584
2446340.79541 0.2493
2446340.79614 0.2615
2446341.90259 0.2598
2446341.90356 0.2590
2446341.90430 0.2576
2446354.89380 0.2633
2446354.89453 0.2725
2446354.89551 0.2729
2446356.92090 0.2764
2446356.92212 0.2757
2446356.92310 0.2685
2446357.88232 0.2718
2446357.88330 0.2767
2446357.88428 0.2690
2446362.92310 0.2686
2446362.92407 0.2661
2446362.92480 0.2710
2446363.88550 0.2684
2446363.88623 0.2714
2446363.88696 0.2658
2446365.81177 0.2743
2446365.81250 0.2761
2446365.81348 0.2701
2446367.83667 0.2755
2446367.83716 0.2758
2446367.83789 0.2709
2446368.75781 0.2741
2446368.75854 0.2735
2446368.75928 0.2732
2446370.90479 0.2772
2446370.90552 0.2727
2446370.90625 0.2774
2446372.73779 0.2753
2446372.73853 0.2778
2446372.73950 0.2759
2446374.75098 0.2798
2446374.75171 0.2802
2446374.75244 0.2784
2446375.76343 0.2710
2446375.76440 0.2774
2446375.76489 0.2783
2446376.77246 0.2841
2446376.77344 0.2849
2446376.77417 0.2844
2446384.78418 0.2751
2446384.78491 0.2701
2446384.78564 0.2761
2446388.74951 0.2737
2446388.75049 0.2715
2446388.75146 0.2768
2446389.73193 0.2710
2446389.73291 0.2763
2446389.73364 0.2733
2446390.72095 0.2648
2446390.72192 0.2710
2446390.72290 0.2707
2446391.79370 0.2793
2446391.79468 0.2717
2446391.79565 0.2759
2446392.71484 0.2829
2446392.71582 0.2649
2446392.71680 0.2694
2446405.76929 0.2751
2446405.76978 0.2745
2446405.77051 0.2660
2446406.79102 0.2729
2446406.79199 0.2798
2446406.79321 0.2757
2446407.74438 0.2720
2446407.74536 0.2709
2446407.74658 0.2764
2446414.77759 0.2693
2446414.77832 0.2649
2446414.77881 0.2733
2446417.76611 0.2670
2446417.76733 0.2736
2446417.76807 0.2710
2446418.76245 0.2748
2446418.76343 0.2753
2446418.76440 0.2733
2446419.76709 0.2816
2446419.76782 0.2778
2446419.76855 0.2788
2446420.76099 0.2768
2446420.76172 0.2760
2446420.76245 0.2746
2446421.74072 0.2717
2446421.74146 0.2761
2446421.74219 0.2775
2446423.72510 0.2673
2446423.72607 0.2775
2446423.72705 0.2694
2446426.69604 0.2607
2446426.69678 0.2598
2446426.69775 0.2611
2446427.76611 0.2566
2446427.76685 0.2541
2446427.76758 0.2554
2446432.76416 0.2642
2446432.76636 0.2687
2446432.76880 0.2572
2446437.68921 0.2665
2446437.69043 0.2723
2446437.69165 0.2713
2446441.65234 0.2650
2446441.65308 0.2644
2446441.65381 0.2769
2446443.72412 0.2639
2446443.72510 0.2642
2446443.72607 0.2542
2446444.66626 0.2652
2446444.66943 0.2670
2446444.67139 0.2585
2446447.64038 0.2498
2446447.64111 0.2567
2446447.64209 0.2442
2446448.66309 0.2544
2446448.66382 0.2621
2446448.66479 0.2463
2446450.63354 0.2648
2446450.63428 0.2636
2446450.63525 0.2557
2446451.61743 0.2702
2446451.61816 0.2558
2446451.61914 0.2696
2446452.64282 0.2569
2446452.64380 0.2592
2446452.64453 0.2606
2446456.64111 0.2710
2446456.64185 0.2783
2446456.64282 0.2710
2446666.91992 0.2441
2446666.92163 0.2392
2446666.92334 0.2388
2446673.85498 0.4048
2446673.86182 0.4230
2446673.86646 0.4178
2446676.98901 0.2481
2446676.99023 0.2517
2446676.99146 0.2529
2446681.96362 0.2521
2446681.96509 0.2498
2446681.96655 0.2484
2446684.97437 0.2646
2446684.97559 0.2568
2446684.97705 0.2546
2446688.96191 0.2387
2446688.96338 0.2417
2446688.96484 0.2513
2446691.93140 0.2467
2446691.93237 0.2496
2446691.93359 0.2533
2446703.89307 0.2536
2446703.89575 0.2574
2446703.89819 0.2519
2446709.92944 0.2452
2446709.93091 0.2422
2446709.93213 0.2495
2446712.91089 0.2446
2446712.91211 0.2437
2446712.91357 0.2436
2446716.86475 0.2421
2446716.86621 0.2470
2446716.86816 0.2413
2446721.89380 0.2499
2446721.89575 0.2531
2446721.89795 0.2494
2446724.89868 0.2703
2446724.89990 0.2603
2446724.90137 0.2566
2446727.81030 0.2604
2446727.81152 0.2539
2446727.81323 0.2504
2446738.77539 0.2349
2446738.77686 0.2278
2446738.77832 0.2392
2446743.80469 0.2431
2446743.80615 0.2479
2446743.80786 0.2393
2446746.78003 0.2474
2446746.78174 0.2499
2446746.78320 0.2568
2446754.73999 0.2491
2446754.74194 0.2429
2446754.74365 0.2450
2446765.78003 0.2439
2446765.78296 0.2446
2446765.78516 0.2378
2446768.71045 0.2504
2446768.71265 0.2556
2446768.71533 0.2518
2446773.72803 0.2447
2446773.72949 0.2508
2446773.73071 0.2448
2446777.71704 0.2367
2446777.71851 0.2383
2446777.71997 0.2574
2446782.71045 0.2520
2446782.71216 0.2458
2446782.71362 0.2532
2446793.64502 0.2475
2446793.64746 0.2471
2446793.64990 0.2496
2446807.64600 0.2488
2446807.64771 0.2451
2446807.64917 0.2462
2446815.61255 0.2385
2446815.61646 0.2380
2446815.62036 0.2485
2447024.94922 0.2343
2447024.95044 0.2370
2447024.95166 0.2386
2447033.99609 0.2380
2447033.99707 0.2402
2447033.99805 0.2401
2447038.87598 0.2490
2447038.87671 0.2398
2447038.87769 0.2437
2447041.99927 0.2449
2447042.00000 0.2473
2447042.00098 0.2393
2447044.94019 0.2315
2447044.94116 0.2212
2447044.94214 0.2251
2447048.95605 0.2384
2447048.95703 0.2385
2447048.95776 0.2369
2447054.90845 0.2389
2447054.90942 0.2557
2447054.91040 0.2439
2447057.96948 0.2361
2447057.97046 0.2395
2447057.97168 0.2373
2447067.99756 0.2331
2447067.99829 0.2361
2447067.99902 0.2369
2447069.78076 0.2343
2447069.78223 0.2356
2447069.78394 0.2418
2447073.89233 0.2391
2447073.89307 0.2422
2447073.89380 0.2391
2447076.88916 0.2392
2447076.88989 0.2434
2447076.89087 0.2439
2447083.89282 0.2472
2447083.89380 0.2386
2447083.89478 0.2415
2447087.83301 0.2379
2447087.83374 0.2419
2447087.83472 0.2412
2447108.76465 0.2423
2447108.76538 0.2454
2447108.76636 0.2447
2447118.77295 0.2325
2447118.77417 0.2319
2447118.77490 0.2365
2447122.75854 0.2409
2447122.75952 0.2356
2447122.76050 0.2364
2447127.81982 0.2341
2447127.82104 0.2397
2447127.82178 0.2393
2447130.80347 0.2355
2447130.80444 0.2375
2447130.80542 0.2331
2447138.80957 0.2322
2447138.81079 0.2316
2447138.81152 0.2300
2447141.70337 0.2360
2447141.70459 0.2351
2447141.70557 0.2303
2447150.70557 0.2373
2447150.70630 0.2369
2447150.70703 0.2323
2447162.72998 0.2365
2447162.73096 0.2451
2447162.73193 0.2372
2447171.64575 0.2557
2447171.64673 0.2477
2447171.64746 0.2502
2447184.62988 0.2415
2447184.63086 0.2435
2447184.63184 0.2435
2447199.66797 0.2387
2447199.66895 0.2336
2447199.67017 0.2402
2447205.62769 0.2439
2447205.62866 0.2450
2447205.62988 0.2468
2447421.94604 0.2361
2447421.94775 0.2383
2447421.94922 0.2334
2447429.95410 0.2378
2447429.95532 0.2368
2447429.95654 0.2338
2447433.95654 0.2300
2447433.95801 0.2334
2447433.95947 0.2293
2447446.85889 0.2352
2447446.86011 0.2407
2447446.86133 0.2389
2447450.84790 0.2375
2447450.84888 0.2363
2447450.84985 0.2305
2447458.87305 0.2354
2447458.87427 0.2300
2447458.87524 0.2323
2447464.87549 0.2347
2447464.87671 0.2359
2447464.87793 0.2347
2447472.78711 0.2450
2447472.78809 0.2402
2447472.78931 0.2362
2447478.71558 0.2334
2447478.71704 0.2287
2447478.71875 0.2277
2447482.75220 0.2369
2447482.75317 0.2365
2447482.75415 0.2303
2447485.78735 0.2328
2447485.78882 0.2333
2447485.79004 0.2314
2447493.76709 0.2415
2447493.76831 0.2421
2447493.76978 0.2381
2447497.74756 0.2317
2447497.74878 0.2333
2447497.75024 0.2372
2447501.69458 0.2293
2447501.69629 0.2320
2447501.69775 0.2295
2447519.67456 0.2337
2447519.67603 0.2369
2447519.67725 0.2391
2447528.65747 0.2392
2447528.65845 0.2421
2447528.65967 0.2451
2447536.70068 0.2272
2447536.70190 0.2340
2447536.70313 0.2366
2447541.65405 0.2387
2447541.65527 0.2376
2447541.65625 0.2348
2447558.61621 0.2355
2447558.61768 0.2392
2447558.61938 0.2310
2447761.99292 0.2796
2447761.99438 0.2757
2447761.99536 0.2735
2447765.96069 0.2761
2447765.96167 0.2797
2447765.96289 0.2749
2447773.97388 0.2797
2447773.97485 0.2798
2447773.97583 0.2848
2447777.97021 0.3020
2447777.97119 0.2966
2447777.97266 0.2962
2447782.99561 0.2926
2447782.99658 0.2954
2447782.99780 0.2884
2447790.94434 0.2863
2447790.94556 0.2862
2447790.94678 0.2926
2447804.90332 0.2978
2447804.90430 0.2983
2447804.90527 0.2947
2447808.91064 0.3029
2447808.91187 0.3017
2447808.91284 0.2927
2447834.77222 0.3038
2447834.77319 0.3013
2447834.77441 0.3090
2447839.79541 0.3164
2447839.79614 0.3187
2447839.79712 0.3159
2447844.80493 0.3208
2447844.80591 0.3224
2447844.80713 0.3219
2447850.77588 0.3124
2447850.77710 0.3229
2447850.77808 0.3154
2447863.74805 0.3344
2447863.74927 0.3271
2447863.75024 0.3305
2447867.71899 0.3273
2447867.72021 0.3197
2447867.72144 0.3273
2447873.73608 0.3288
2447873.73730 0.3337
2447873.73853 0.3307
2447881.72510 0.3482
2447881.72607 0.3429
2447881.72754 0.3379
2447896.66357 0.3324
2447896.66504 0.3314
2447896.66626 0.3369
2447901.63184 0.3409
2447901.63306 0.3449
2447901.63428 0.3377
2448150.95313 0.3457
2448150.95459 0.3396
2448150.95605 0.3439
2448160.92676 0.3449
2448160.92822 0.3412
2448160.93018 0.3391
2448164.94189 0.3354
2448164.94336 0.3335
2448164.94482 0.3421
2448186.85840 0.3431
2448186.85938 0.3363
2448186.86084 0.3469
2448213.76025 0.3421
2448213.76221 0.3302
2448213.76318 0.3456
2448219.77783 0.3273
2448219.77979 0.3241
2448219.78174 0.3177
2448224.74756 0.3329
2448224.74902 0.3285
2448224.75049 0.3303
2448226.74805 0.3404
2448226.75000 0.3288
2448226.75146 0.3271
2448244.68457 0.3304
2448244.68604 0.3236
2448244.68750 0.3190
2448477.00391 0.2776
2448477.00537 0.2800
2448477.00635 0.2851
2448597.70850 0.2782
2448597.70996 0.2680
2448597.71094 0.2812
2448597.71191 0.2623
2448597.71289 0.2752
2448597.71387 0.2676
2448605.80908 0.2712
2448605.81006 0.2841
2448605.81152 0.2884
2448605.81348 0.2785
2448605.81494 0.2843
2448605.81641 0.2780
2448617.68213 0.2750
2448617.68311 0.2803
2448617.68408 0.2862
2448677.64404 0.2839
2448677.64600 0.2811
2448677.64795 0.2846
2448873.85449 0.3051
2448873.85596 0.2986
2448873.85791 0.2951
2448877.81543 0.3152
2448877.81689 0.3136
2448877.81836 0.3139
2448880.87695 0.3128
2448880.87842 0.3140
2448880.87939 0.3223
2448884.93848 0.3070
2448884.93994 0.3063
2448884.94141 0.3148
2448886.91162 0.3063
2448886.91309 0.3063
2448886.91455 0.3102
2448888.91406 0.3106
2448888.91553 0.3138
2448888.91699 0.3092
2448901.89600 0.3382
2448901.89746 0.3244
2448901.89844 0.3242
2448904.85938 0.3265
2448904.86035 0.3247
2448904.86182 0.3233
2448908.88672 0.3361
2448908.88770 0.3294
2448908.88916 0.3336
2448915.87061 0.3200
2448915.87207 0.3166
2448915.87354 0.3215
2448933.82910 0.3264
2448933.83057 0.3283
2448933.83203 0.3284
2448938.71924 0.3340
2448938.72021 0.3282
2448938.72168 0.3324
2448948.80469 0.3619
2448948.80615 0.3616
2448948.80762 0.3511
2448967.74561 0.3456
2448967.74707 0.3426
2448967.74805 0.3423
2448971.72998 0.3366
2448971.73096 0.3351
2448971.73242 0.3485
2448977.75244 0.3262
2448977.75391 0.3381
2448977.75537 0.3296
2448980.71338 0.3303
2448980.71484 0.3277
2448980.71582 0.3324
2449008.61475 0.3652
2449008.61621 0.3710
2449008.61719 0.3572
2449009.59717 0.3594
2449009.59961 0.3817
2449009.60205 0.3720
2449010.62158 0.3619
2449010.62256 0.3666
2449010.62402 0.3605
2449011.61816 0.3526
2449011.61914 0.3505
2449011.62109 0.3486
2449267.88086 0.3368
2449267.88232 0.3243
2449267.88330 0.3400
2449300.79297 0.3191
2449300.79443 0.3224
2449300.79590 0.3214
2449310.72998 0.3107
2449310.73145 0.3159
2449310.73291 0.3182
2449325.71045 0.3106
2449325.71143 0.3182
2449325.71240 0.3145
2449328.67627 0.3018
2449328.67773 0.3029
2449328.67920 0.3008
2449332.70605 0.3096
2449332.70752 0.3129
2449332.70850 0.3140
2449361.60156 0.3058
2449361.60254 0.3088
2449361.60400 0.3067
2449365.62012 0.2976
2449365.62158 0.2950
2449365.62305 0.3035
2449611.89111 0.2895
2449611.89258 0.2847
2449611.89355 0.2880
2449635.83887 0.2765
2449635.83984 0.2717
2449635.84131 0.2617
2449643.79443 0.2305
2449643.79541 0.2394
2449643.79688 0.2501
2449646.83594 0.2653
2449646.83740 0.2744
2449646.83838 0.2665
2449651.82080 0.2649
2449651.82178 0.2724
2449651.82275 0.2693
2449653.80615 0.2703
2449653.80713 0.2640
2449653.80859 0.2693
2449656.79883 0.2700
2449656.80029 0.2714
2449656.80127 0.2668
2449661.82275 0.2702
2449661.82373 0.2765
2449661.82471 0.2737
2449677.76221 0.2440
2449677.76367 0.2613
2449677.76514 0.2545
2449684.71777 0.2646
2449684.71875 0.2601
2449684.72021 0.2604
2449687.70459 0.2518
2449687.70605 0.2594
2449687.70703 0.2565
2449690.73779 0.2513
2449690.73926 0.2565
2449690.74023 0.2429
2449695.75293 0.2496
2449695.75439 0.2499
2449695.75537 0.2496
2449704.73633 0.2667
2449704.73779 0.2523
2449704.73877 0.2561
2449707.71484 0.2507
2449707.71582 0.2596
2449707.71729 0.2578
