2443752.80000 0.1279
2444192.80000 0.1442
2444201.80000 0.1404
2448878.91650 0.1447
2448878.91846 0.1429
2448878.91992 0.1391
2448890.92871 0.1469
2448890.93066 0.1498
2448890.93213 0.1458
2448903.88086 0.1439
2448903.88232 0.1479
2448903.88379 0.1500
2448911.86963 0.1488
2448911.87109 0.1486
2448911.87256 0.1434
2448928.80957 0.1477
2448928.81104 0.1537
2448928.81299 0.1511
2448939.78125 0.1473
2448939.78271 0.1472
2448939.78369 0.1482
2448951.76660 0.1514
2448951.76855 0.1478
2448951.77051 0.1473
2448958.76416 0.1620
2448972.73535 0.1541
2448972.73730 0.1500
2448972.73975 0.1487
2448979.73096 0.1569
2448979.73242 0.1495
2448979.73438 0.1538
2449251.94043 0.1521
2449251.94385 0.1507
2449251.94824 0.1499
2449256.96094 0.1489
2449256.96436 0.1552
2449256.96826 0.1534
2449261.95312 0.1499
2449261.95605 0.1519
2449261.95898 0.1490
2449270.87451 0.1454
2449270.87793 0.1434
2449270.88135 0.1542
2449280.88623 0.1467
2449280.88867 0.1401
2449280.89111 0.1403
2449298.76855 0.1468
2449298.77002 0.1494
2449298.77100 0.1502
2449307.73633 0.1518
2449307.73730 0.1566
2449307.73877 0.1510
2449312.73389 0.1491
2449312.73535 0.1546
2449312.73682 0.1519
2449329.69385 0.1467
2449329.69531 0.1407
2449329.69629 0.1408
2449350.62256 0.1484
2449350.62451 0.1491
2449350.62598 0.1450
2449360.64014 0.1454
2449360.64160 0.1513
2449360.64258 0.1493
2449603.90723 0.1404
2449603.90820 0.1468
2449603.90918 0.1449
2449610.90430 0.1571
2449610.90576 0.1636
2449610.90771 0.1435
2449617.83740 0.1518
2449617.83838 0.1514
2449617.83984 0.1505
2449634.84766 0.1423
2449634.84961 0.1546
2449634.85107 0.1587
2449643.84570 0.1495
2449643.84717 0.1490
2449643.84912 0.1490
2449647.77490 0.1476
2449647.77637 0.1483
2449647.77783 0.1439
2449654.78662 0.1516
2449654.78809 0.1455
2449654.78906 0.1470
2449662.80322 0.1491
2449662.80420 0.1529
2449662.80566 0.1557
2449670.77979 0.1502
2449670.78076 0.1524
2449670.78174 0.1424
2449679.76074 0.1442
2449679.76172 0.1416
2449679.76318 0.1442
2449688.74463 0.1456
2449688.74707 0.1452
2449688.74951 0.1406
2449702.68359 0.1488
2449702.68604 0.1479
2449702.68799 0.1554
2449714.66406 0.1549
2449714.66650 0.1511
2449714.66895 0.1531
2449736.64600 0.1479
2449736.64746 0.1447
2449736.64893 0.1439
2449754.61914 0.1511
2449754.62061 0.1535
2449754.62158 0.1524
