2439897.80000 0.1779
2439964.80000 0.1838
2439978.80000 0.1717
2439981.80000 0.1841
2440010.80000 0.1983
2440223.80000 0.1852
2440225.80000 0.1882
2440226.80000 0.1873
2440252.80000 0.1942
2440253.80000 0.1912
2440254.80000 0.1915
2440255.80000 0.1964
2440284.80000 0.2163
2440285.80000 0.1980
2440286.80000 0.2063
2440312.80000 0.1960
2440339.80000 0.1899
2440340.80000 0.1957
2440341.80000 0.1945
2440343.80000 0.1920
2440571.80000 0.2076
2440573.80000 0.2067
2440574.80000 0.2082
2440611.80000 0.2065
2440612.80000 0.2074
2440661.80000 0.2014
2440663.80000 0.2084
2440664.80000 0.2050
2440665.80000 0.2060
2440685.80000 0.2034
2440686.80000 0.2013
2440687.80000 0.1998
2440688.80000 0.2000
2440725.80000 0.2086
2440726.80000 0.2056
2440727.80000 0.2065
2440728.80000 0.2148
2440729.80000 0.2036
2440910.80000 0.2112
2440911.80000 0.2154
2440912.80000 0.2153
2440934.80000 0.2074
2440960.80000 0.2018
2440961.80000 0.2081
2441012.80000 0.1984
2441013.80000 0.2005
2441026.80000 0.2091
2441027.80000 0.2095
2441028.80000 0.2088
2441050.80000 0.2022
2441051.80000 0.2026
2441052.80000 0.2048
2441053.80000 0.2044
2441083.80000 0.2054
2441084.80000 0.2038
2441085.80000 0.2036
2441114.80000 0.2025
2441313.80000 0.1910
2441314.80000 0.1991
2441349.80000 0.1911
2441398.80000 0.1885
2441399.80000 0.1913
2441400.80000 0.2047
2441401.80000 0.1808
2441428.80000 0.1878
2441429.80000 0.1879
2441430.80000 0.1891
2441459.80000 0.1823
2441460.80000 0.1878
2441461.80000 0.1895
2441641.80000 0.2018
2441642.80000 0.2065
2441643.80000 0.2036
2441644.80000 0.2064
2441668.80000 0.1914
2441669.80000 0.1960
2441670.80000 0.1994
2441671.80000 0.1959
2441702.80000 0.1899
2441703.80000 0.1913
2441704.80000 0.1909
2441726.80000 0.1883
2441763.80000 0.1818
2441764.80000 0.1887
2441765.80000 0.1867
2441786.80000 0.1756
2441787.80000 0.1880
2441788.80000 0.1810
2441819.80000 0.1883
2441820.80000 0.1863
2441821.80000 0.1864
2441822.80000 0.1888
2441835.80000 0.1848
2441836.80000 0.1888
2442014.80000 0.1816
2442015.80000 0.1926
2442045.80000 0.1714
2442046.80000 0.1763
2442060.80000 0.1778
2442061.80000 0.1775
2442085.80000 0.1835
2442086.80000 0.1828
2442087.80000 0.1819
2442109.80000 0.1794
2442110.80000 0.1743
2442147.80000 0.1754
2442148.80000 0.1754
2442166.80000 0.1708
2442167.80000 0.1784
2442168.80000 0.1797
2442169.80000 0.1806
2442208.80000 0.1795
2442209.80000 0.1799
2442210.80000 0.1822
2442218.80000 0.1777
2442219.80000 0.1744
2442220.80000 0.1759
2442382.80000 0.1823
2442431.80000 0.1753
2442432.80000 0.1772
2442438.80000 0.1740
2442440.80000 0.1678
2442467.80000 0.1727
2442468.80000 0.1785
2442469.80000 0.1777
2442470.80000 0.1797
2442495.80000 0.1795
2442497.80000 0.1764
2442525.80000 0.1759
2442557.80000 0.1741
2442558.80000 0.1779
2442559.80000 0.1820
2442560.80000 0.1803
2442731.80000 0.2061
2442732.80000 0.1972
2442763.80000 0.1922
2442764.80000 0.1902
2442765.80000 0.1959
2442792.80000 0.1961
2442793.80000 0.1844
2442794.80000 0.2028
2442819.80000 0.1869
2442820.80000 0.1869
2442848.80000 0.1861
2442849.80000 0.1859
2442850.80000 0.1878
2442851.80000 0.1875
2442885.80000 0.1987
2442910.80000 0.1860
2442911.80000 0.1859
2442912.80000 0.1921
2442913.80000 0.1946
2443111.80000 0.2166
2443112.80000 0.2153
2443113.80000 0.2096
2443146.80000 0.2107
2443172.80000 0.2100
2443173.80000 0.2030
2443175.80000 0.2110
2443176.80000 0.2072
2443203.80000 0.1980
2443204.80000 0.2062
2443205.80000 0.2016
2443206.80000 0.2043
2443236.80000 0.2089
2443236.80000 0.2098
2443237.80000 0.2010
2443237.80000 0.2036
2443238.80000 0.1965
2443238.80000 0.2083
2443239.80000 0.1943
2443239.80000 0.2001
2443254.80000 0.2113
2443255.80000 0.2120
2443256.80000 0.2080
2443257.80000 0.2108
2443257.80000 0.2110
2443273.80000 0.1934
2443294.80000 0.2368
2443478.80000 0.2281
2443541.80000 0.2127
2443631.80000 0.1947
2443631.80000 0.1918
2443891.80000 0.1953
2443898.80000 0.1946
2443983.80000 0.1720
2443998.80000 0.1884
2444003.80000 0.1935
2444004.80000 0.1896
2444005.80000 0.1954
2444224.80000 0.1854
2444260.80000 0.1882
2444277.80000 0.1775
2444565.02301 0.1798
2444565.02600 0.1789
2444565.02899 0.1787
2444567.03601 0.1756
2444567.03900 0.1774
2444567.04199 0.1840
2444606.00598 0.1713
2444606.01001 0.1742
2444606.01300 0.1760
2444606.96698 0.1787
2444606.96899 0.1799
2444606.97198 0.1762
2444630.91199 0.1745
2444630.91498 0.1760
2444630.91699 0.1780
2444638.94800 0.1798
2444638.95001 0.1823
2444638.95203 0.1780
2444640.98602 0.1799
2444640.98798 0.1772
2444640.98999 0.1804
2444643.02600 0.1852
2444643.02899 0.1770
2444643.03101 0.1772
2444655.94702 0.1769
2444655.94897 0.1880
2444655.95203 0.1801
2444657.90802 0.1745
2444657.90997 0.1724
2444657.91199 0.1747
2444658.90698 0.1657
2444658.90900 0.1793
2444658.91101 0.1750
2444659.90100 0.1729
2444659.90399 0.1729
2444659.90802 0.1697
2444672.81097 0.1730
2444672.81403 0.1792
2444672.81598 0.1826
2444673.77197 0.1923
2444673.77502 0.1848
2444673.77698 0.1742
2444678.82501 0.1800
2444678.82703 0.1852
2444678.83002 0.1777
2444681.81403 0.1793
2444681.81702 0.1706
2444681.82001 0.1837
2444685.85901 0.1773
2444685.86200 0.1837
2444685.86603 0.1765
2444685.94299 0.1767
2444685.94501 0.1824
2444685.94800 0.1792
2444691.77197 0.1729
2444691.77502 0.1759
2444691.77899 0.1764
2444692.75598 0.1730
2444692.76001 0.1723
2444692.76398 0.1742
2444698.77002 0.1779
2444698.77399 0.1814
2444698.77802 0.1706
2444700.73901 0.1758
2444700.74200 0.1724
2444700.74500 0.1762
2444701.79602 0.1705
2444701.79901 0.1763
2444701.80298 0.1760
2444703.76099 0.1860
2444703.76398 0.1743
2444703.76703 0.1821
2444705.77698 0.1726
2444705.78003 0.1792
2444705.78400 0.1754
2444707.72400 0.1700
2444707.72803 0.1687
2444707.73102 0.1698
2444708.73297 0.1913
2444708.73499 0.1806
2444708.73700 0.1732
2444709.75800 0.1725
2444709.76001 0.1770
2444709.76300 0.1705
2444717.68103 0.1748
2444717.68298 0.1709
2444717.68500 0.1788
2444718.72803 0.1720
2444718.73102 0.1779
2444718.73499 0.1735
2444719.73199 0.1815
2444719.73499 0.1681
2444719.73798 0.1668
2444722.74200 0.1773
2444722.74500 0.1741
2444722.74799 0.1766
2444732.72699 0.1720
2444732.72998 0.1706
2444732.73297 0.1708
2444733.69501 0.1734
2444733.69800 0.1703
2444733.70099 0.1796
2444734.69501 0.1819
2444734.69702 0.1860
2444734.70099 0.1744
2444735.69299 0.1732
2444735.69598 0.1711
2444735.69897 0.1711
2444736.70300 0.1663
2444736.70599 0.1734
2444736.70898 0.1638
2444737.70300 0.1771
2444737.70697 0.1766
2444737.71100 0.1791
2444738.69501 0.1774
2444738.69897 0.1795
2444738.70203 0.1704
2444741.69299 0.1763
2444741.69598 0.1714
2444741.70001 0.1680
2444742.69098 0.1746
2444742.69397 0.1798
2444742.69702 0.1766
2444743.71002 0.1793
2444743.71399 0.1870
2444743.71802 0.1840
2444747.70599 0.1813
2444747.70898 0.1799
2444747.71301 0.1751
2444748.70898 0.1781
2444748.71301 0.1801
2444748.71600 0.1683
2444753.70801 0.1703
2444753.71198 0.1826
2444753.71600 0.1767
2444754.70898 0.1788
2444754.71198 0.1823
2444754.71600 0.1795
2444755.72400 0.1749
2444755.72699 0.1758
2444755.73102 0.1788
2444756.71198 0.1821
2444756.71600 0.1796
2444756.71899 0.1801
2444757.71301 0.1750
2444757.71600 0.1777
2444757.71997 0.1727
2444759.71002 0.1637
2444759.71399 0.1682
2444759.71698 0.1782
2444760.70398 0.1798
2444760.70697 0.1815
2444760.71100 0.1745
2444761.70697 0.1713
2444761.71002 0.1668
2444761.71301 0.1674
2444762.71100 0.1827
2444762.71399 0.1793
2444762.71698 0.1809
2444763.70398 0.1838
2444763.70697 0.1725
2444763.71002 0.1741
2444765.68402 0.1599
2444765.68701 0.1692
2444765.68903 0.1732
2444771.73401 0.1725
2444771.73798 0.1712
2444771.74200 0.1767
2444773.73297 0.1842
2444773.73602 0.1804
2444773.73901 0.1819
2444774.71301 0.1637
2444774.71503 0.1652
2444774.71698 0.1694
2444775.71899 0.1726
2444775.72101 0.1754
2444775.72400 0.1794
2444992.96899 0.1689
2444992.97198 0.1696
2444992.97498 0.1744
2444993.94098 0.1704
2444993.94501 0.1635
2444993.94897 0.1635
2444994.93201 0.1847
2444994.93701 0.1736
2444994.94000 0.1743
2444995.97302 0.1742
2444995.97601 0.1759
2444995.97900 0.1727
2444997.96600 0.1797
2444997.96997 0.1918
2444997.97498 0.2028
2444999.94800 0.1804
2444999.95001 0.1761
2444999.95300 0.1720
2445000.92999 0.1809
2445000.93201 0.1867
2445000.93597 0.1756
2445001.91699 0.1832
2445001.92102 0.1767
2445001.92499 0.1717
2445002.93298 0.1834
2445002.93701 0.1743
2445002.94098 0.1803
2445003.91901 0.1709
2445003.92200 0.1808
2445003.92499 0.1752
2445020.87701 0.1728
2445020.88000 0.1685
2445020.88397 0.1637
2445021.88202 0.1772
2445021.88501 0.1726
2445021.88898 0.1661
2445022.86401 0.1730
2445022.86700 0.1746
2445022.87097 0.1768
2445026.79895 0.1675
2445026.80200 0.1658
2445026.80396 0.1663
2445028.89600 0.1789
2445028.89905 0.1856
2445028.90198 0.1784
2445032.78699 0.1690
2445032.79199 0.1709
2445032.79797 0.1765
2445049.80505 0.1789
2445049.80896 0.1806
2445049.81299 0.1839
2445052.77002 0.1780
2445052.77405 0.1809
2445052.77905 0.1773
2445053.77197 0.1751
2445053.77698 0.1775
2445053.78101 0.1794
2445072.82397 0.1698
2445072.82703 0.1676
2445072.82996 0.1882
2445073.72400 0.1759
2445073.72803 0.1684
2445073.73096 0.1806
2445076.71802 0.1758
2445076.72095 0.1818
2445076.72400 0.1736
2445077.70203 0.1709
2445077.70605 0.1795
2445077.70996 0.1735
2445078.75000 0.1750
2445078.75403 0.1741
2445078.75696 0.1590
2445079.75305 0.1760
2445079.75598 0.1808
2445079.75903 0.1691
2445080.74097 0.1685
2445080.74402 0.1819
2445080.74597 0.1894
2445081.73096 0.1626
2445081.73401 0.1686
2445081.73706 0.1725
2445082.74097 0.1693
2445082.74402 0.1813
2445082.74695 0.1859
2445083.70996 0.1757
2445083.71301 0.1719
2445083.71594 0.1834
2445087.68896 0.1792
2445087.69397 0.1681
2445087.69897 0.1782
2445088.68994 0.1873
2445088.69397 0.1878
2445088.69702 0.1882
2445089.68896 0.1518
2445089.69202 0.1641
2445089.69495 0.1636
2445092.68994 0.1714
2445092.69299 0.1724
2445092.69604 0.1700
2445093.69604 0.1695
2445093.69995 0.1559
2445093.70300 0.1597
2445095.69104 0.1608
2445095.69397 0.1759
2445095.69702 0.1653
2445096.67505 0.1811
2445096.67700 0.1828
2445096.68005 0.1857
2445097.66797 0.1632
2445097.67004 0.1762
2445097.67297 0.1646
2445103.64404 0.1842
2445103.64697 0.1854
2445103.65002 0.1665
2445107.67200 0.1959
2445107.67700 0.1866
2445107.68103 0.1784
2445109.68005 0.1873
2445109.68396 0.1815
2445109.68701 0.1895
2445110.67896 0.1727
2445110.68103 0.1731
2445110.68396 0.1880
2445112.69800 0.1853
2445112.70105 0.2035
2445112.70300 0.1920
2445118.68103 0.1796
2445118.68298 0.1753
2445118.68604 0.1791
2445120.68005 0.1741
2445120.68201 0.1829
2445120.68396 0.1715
2445124.67102 0.1805
2445124.67200 0.1693
2445124.67395 0.1798
2445134.68201 0.1749
2445134.68396 0.1812
2445134.68604 0.1780
2445135.68396 0.1663
2445135.68701 0.1780
2445135.68896 0.1732
2445140.68298 0.1787
2445140.68506 0.1844
2445140.68701 0.1723
2445346.98499 0.1839
2445346.98804 0.1831
2445346.98999 0.1802
2445347.99805 0.1800
2445348.00000 0.1897
2445348.00098 0.1863
2445348.99597 0.1872
2445348.99695 0.1829
2445348.99805 0.1883
2445349.97595 0.1895
2445349.97803 0.1858
2445349.97900 0.1868
2445351.96497 0.1813
2445351.96704 0.1891
2445351.96899 0.1862
2445352.98999 0.1847
2445352.99097 0.1846
2445352.99194 0.1899
2445359.96802 0.1910
2445359.96899 0.1792
2445359.97205 0.1850
2445366.99194 0.1856
2445366.99500 0.1779
2445366.99695 0.1828
2445375.91699 0.1902
2445375.92004 0.1956
2445375.92395 0.1873
2445381.91504 0.1865
2445381.91699 0.1877
2445381.92102 0.1833
2445382.90796 0.1893
2445382.91003 0.1886
2445382.91101 0.1924
2445384.79700 0.1823
2445384.80005 0.1982
2445384.80396 0.1859
2445385.91101 0.1936
2445385.91394 0.1871
2445385.91699 0.1773
2445401.80603 0.1951
2445401.80896 0.1921
2445401.81104 0.1916
2445402.79504 0.2171
2445402.79700 0.1995
2445402.80005 0.1911
2445403.80396 0.1841
2445403.80798 0.1789
2445403.81104 0.1888
2445409.80896 0.1925
2445409.81104 0.1896
2445409.81299 0.1895
2445422.78003 0.1845
2445422.78406 0.1799
2445422.78796 0.1874
2445423.74902 0.1874
2445423.75195 0.1915
2445423.75403 0.1915
2445424.76196 0.1802
2445424.76501 0.1859
2445424.76794 0.1819
2445426.76794 0.1830
2445426.77002 0.1826
2445426.77197 0.1824
2445429.75806 0.1895
2445429.76099 0.1841
2445429.76404 0.1823
2445431.77405 0.1858
2445431.77698 0.1807
2445431.78003 0.1853
2445432.77002 0.1867
2445432.77197 0.1914
2445432.77502 0.1885
2445433.77405 0.1845
2445433.77698 0.1865
2445433.78003 0.1914
2445437.76196 0.1882
2445437.76501 0.1886
2445437.76794 0.1959
2445438.76794 0.1958
2445438.77100 0.1921
2445438.77295 0.1910
2445439.74304 0.1876
2445439.74500 0.1954
2445439.74805 0.1850
2445440.72900 0.1869
2445440.73206 0.1905
2445440.73401 0.1862
2445447.71399 0.1828
2445447.71704 0.1912
2445447.71997 0.1901
2445449.75000 0.1909
2445449.75195 0.1933
2445449.75500 0.1891
2445671.07400 0.1892
2445671.07700 0.1930
2445671.08000 0.1891
2445704.03200 0.1851
2445704.03800 0.1892
2445704.04400 0.1891
2445714.97900 0.1952
2445714.98300 0.1979
2445714.98600 0.2004
2445725.00000 0.1918
2445725.00200 0.1874
2445725.00400 0.1943
2445738.00600 0.1875
2445738.00800 0.1789
2445738.01000 0.1813
2445749.93900 0.1911
2445749.94200 0.1877
2445749.94500 0.1852
2445758.82400 0.1869
2445758.82600 0.1851
2445758.82800 0.1803
2445765.81500 0.1900
2445765.81800 0.1843
2445765.82100 0.1838
2445780.77400 0.1881
2445780.77600 0.1868
2445780.77800 0.1915
2445787.91663 0.1853
2445787.91907 0.1939
2445787.92163 0.1865
2445794.91284 0.1865
2445794.91516 0.1850
2445794.91724 0.1864
2445803.82200 0.1829
2445803.82400 0.1837
2445803.82700 0.1905
2445813.79600 0.1914
2445813.80000 0.1901
2445813.80400 0.1924
2445827.74600 0.1929
2445827.74800 0.1855
2445827.75000 0.1821
2445837.73303 0.1915
2445837.73499 0.1915
2445837.73706 0.1946
2445843.73938 0.1907
2445843.74146 0.1869
2445843.74341 0.1945
2445848.74585 0.1878
2445848.74780 0.1903
2445848.74976 0.1914
2445861.71082 0.1879
2445861.71277 0.1867
2445861.71472 0.1834
2445868.70117 0.1867
2445868.70349 0.1888
2445868.70557 0.1992
2445874.69324 0.1885
2445874.69556 0.1918
2445874.69836 0.1852
2446085.73828 0.2041
2446085.76074 0.1959
2446085.78149 0.2008
2446112.99170 0.1998
2446112.99707 0.2029
2446113.00244 0.2024
2446122.99487 0.1860
2446122.99951 0.1889
2446123.00439 0.1788
2446125.97852 0.1889
2446125.98340 0.1869
2446125.98828 0.1875
2446139.87573 0.2020
2446139.88110 0.1969
2446139.88647 0.1992
2446142.86865 0.1984
2446142.87451 0.1934
2446142.87988 0.2053
2446144.93701 0.1985
2446144.94238 0.1976
2446144.94727 0.1974
2446147.80420 0.2017
2446147.81006 0.2028
2446147.81641 0.1963
2446149.78174 0.1899
2446149.78979 0.1874
2446149.79761 0.2004
2446157.82031 0.1939
2446157.82642 0.1926
2446157.83228 0.1934
2446159.80713 0.1905
2446159.81372 0.1955
2446159.81982 0.1964
2446160.83032 0.1982
2446160.83667 0.1932
2446160.84253 0.1941
2446162.84180 0.2011
2446162.84888 0.1995
2446162.85596 0.1989
2446164.80322 0.1979
2446164.80981 0.2005
2446164.81665 0.1985
2446166.79346 0.2040
2446166.80078 0.2008
2446166.80786 0.1949
2446169.81323 0.2015
2446169.81812 0.2075
2446169.82324 0.2061
2446175.79688 0.2084
2446175.80566 0.2001
2446175.80957 0.2044
2446183.78320 0.1966
2446183.78906 0.1952
2446183.79468 0.1960
2446199.75830 0.1972
2446199.76440 0.1929
2446199.77026 0.1994
2446203.71118 0.2071
2446203.71631 0.2071
2446203.72144 0.2001
2446210.77710 0.1952
2446210.78247 0.1988
2446210.78784 0.1910
2446214.72559 0.1910
2446214.72949 0.1909
2446214.73340 0.1894
2446221.75415 0.1899
2446221.76196 0.1927
2446221.77100 0.1895
2446224.69800 0.1976
2446224.70435 0.1947
2446224.71069 0.1997
2446238.70386 0.2020
2446238.70605 0.2009
2446238.70825 0.1967
2446240.67725 0.1915
2446240.67896 0.1952
2446240.68140 0.1863
2446242.68286 0.1994
2446242.68481 0.2025
2446242.68701 0.2009
2446244.68726 0.2041
2446244.69043 0.2071
2446244.69360 0.2039
2446443.95679 0.1901
2446443.95898 0.1941
2446443.96118 0.1923
2446449.02319 0.1875
2446449.02466 0.1793
2446449.02588 0.1801
2446450.98071 0.1861
2446450.98242 0.1915
2446450.98413 0.1840
2446453.03516 0.1910
2446453.03662 0.1898
2446453.03809 0.1939
2446456.96313 0.1938
2446456.96436 0.1864
2446456.96558 0.1887
2446458.96387 0.1925
2446458.96509 0.2012
2446458.96631 0.1984
2446466.99023 0.1978
2446466.99219 0.2009
2446466.99414 0.1970
2446470.99268 0.1892
2446470.99487 0.1967
2446470.99756 0.1908
2446472.95923 0.1918
2446472.96045 0.1849
2446472.96191 0.1915
2446484.98486 0.1865
2446484.98633 0.1919
2446484.98804 0.1873
2446487.98486 0.1912
2446487.98657 0.1910
2446487.98804 0.1939
2446491.85352 0.1931
2446491.85547 0.1900
2446491.85742 0.1941
2446493.93213 0.1855
2446493.93555 0.1933
2446493.93750 0.1939
2446495.86401 0.1852
2446495.86597 0.1901
2446495.86841 0.1887
2446508.90283 0.1886
2446508.90552 0.1887
2446508.90869 0.1881
2446510.92358 0.1955
2446510.92529 0.1932
2446510.92725 0.1923
2446513.87207 0.1935
2446513.87402 0.1897
2446513.87598 0.1946
2446515.87842 0.1932
2446515.88062 0.1954
2446515.88306 0.1986
2446519.89380 0.1882
2446519.89746 0.1871
2446519.90161 0.1819
2446521.87158 0.1992
2446521.87476 0.1972
2446521.87817 0.1965
2446524.84985 0.1914
2446524.85205 0.1926
2446524.85425 0.1935
2446531.81299 0.1852
2446531.81543 0.1868
2446531.81787 0.1846
2446538.79810 0.1895
2446538.80078 0.1898
2446538.80347 0.1899
2446540.79761 0.1893
2446540.79956 0.1925
2446540.80176 0.1889
2446542.78223 0.1983
2446542.78418 0.1974
2446542.78638 0.1938
2446542.78979 0.1991
2446547.78564 0.1954
2446547.78784 0.1852
2446547.79053 0.1895
2446549.76001 0.1930
2446549.76196 0.2009
2446549.76392 0.1955
2446552.79346 0.1903
2446552.79517 0.1864
2446552.79663 0.1928
2446555.74512 0.1821
2446555.74731 0.1812
2446555.74976 0.1864
2446559.78882 0.1898
2446559.79102 0.1817
2446559.79321 0.1937
2446565.76270 0.1954
2446565.76611 0.1965
2446565.76953 0.1939
2446568.74756 0.1984
2446568.74951 0.1896
2446568.75122 0.1877
2446570.74463 0.1905
2446570.74683 0.1903
2446570.74878 0.1939
2446573.76563 0.1908
2446573.76855 0.1874
2446573.77173 0.1986
2446576.71021 0.1853
2446576.71240 0.1911
2446576.71484 0.1785
2446579.70313 0.1852
2446579.70581 0.1849
2446579.70850 0.1769
2446583.69800 0.1963
2446583.70068 0.1899
2446583.70337 0.1848
2446585.71777 0.1954
2446585.71973 0.1972
2446585.72192 0.1879
2446588.71167 0.1897
2446588.71387 0.1925
2446588.71606 0.1890
2446591.69897 0.1919
2446591.70093 0.1947
2446591.70288 0.1918
2446593.70117 0.1934
2446593.70313 0.1935
2446593.70557 0.1992
2446595.69653 0.1894
2446595.69922 0.1840
2446595.70190 0.1862
2446598.69971 0.1820
2446598.70288 0.1841
2446598.70630 0.1835
2446600.68433 0.1893
2446600.68677 0.1919
2446600.68921 0.2025
2446603.69531 0.1909
2446603.69751 0.1868
2446603.69971 0.1922
2446605.69067 0.1916
2446605.69336 0.1934
2446605.69580 0.1965
2446807.06055 0.1797
2446807.06396 0.1852
2446807.06738 0.1776
2446815.04834 0.1803
2446815.05200 0.1749
2446815.05542 0.1852
2446818.03369 0.1738
2446818.03711 0.1810
2446818.04053 0.1817
2446831.99194 0.1777
2446831.99561 0.1752
2446831.99927 0.1731
2446847.98193 0.1946
2446847.98608 0.1877
2446847.98999 0.1872
2446865.93286 0.1843
2446865.93726 0.1880
2446865.94141 0.1806
2446867.92065 0.1903
2446867.92383 0.1876
2446867.92725 0.1813
2446872.92651 0.1814
2446872.93042 0.1839
2446872.93408 0.1826
2446877.89600 0.1691
2446877.89990 0.1663
2446877.90356 0.1821
2446892.87207 0.1755
2446892.87622 0.1783
2446892.88037 0.1814
2446894.80835 0.1798
2446894.81201 0.1790
2446894.81567 0.1781
2446898.86670 0.1848
2446898.87061 0.1871
2446898.87500 0.1713
2446902.77808 0.1854
2446902.78198 0.1775
2446902.78589 0.1782
2446907.78882 0.1756
2446907.79248 0.1854
2446907.79614 0.1781
2446919.78979 0.1646
2446919.79346 0.1730
2446919.79712 0.1654
2446931.76050 0.1798
2446931.76416 0.1803
2446931.76758 0.1801
2446934.73438 0.1827
2446934.73999 0.1858
2446948.69653 0.1760
2446948.70044 0.1743
2446948.70410 0.1870
2446951.69189 0.1857
2446951.69604 0.1907
2446951.70044 0.1939
2447167.99536 0.1744
2447167.99683 0.1798
2447167.99854 0.1804
2447170.00537 0.1737
2447170.00635 0.1807
2447170.00732 0.1751
2447175.07129 0.1668
2447175.07202 0.1747
2447175.07275 0.1710
2447181.02368 0.1748
2447181.02515 0.1703
2447181.02661 0.1728
2447183.01611 0.1733
2447183.02075 0.1716
2447183.02563 0.1706
2447185.01636 0.1768
2447185.01733 0.1771
2447185.01855 0.1734
2447196.00732 0.1754
2447196.00952 0.1736
2447196.01196 0.1795
2447198.02051 0.1714
2447198.02173 0.1739
2447198.02295 0.1857
2447198.02466 0.1736
2447198.02612 0.1756
2447201.98877 0.1711
2447201.99023 0.1699
2447201.99170 0.1763
2447203.90869 0.1752
2447203.91016 0.1716
2447203.91162 0.1759
2447205.92358 0.1707
2447205.92456 0.1726
2447205.92529 0.1674
2447212.98901 0.1752
2447212.99097 0.1712
2447212.99292 0.1699
2447215.99146 0.1771
2447215.99292 0.1765
2447215.99414 0.1768
2447224.92285 0.1768
2447224.92407 0.1700
2447224.92529 0.1716
2447227.93677 0.1732
2447227.93774 0.1698
2447227.93872 0.1779
2447234.97510 0.1718
2447234.97656 0.1673
2447234.97778 0.1697
2447238.99756 0.1706
2447238.99902 0.1720
2447239.00024 0.1776
2447240.87207 0.1675
2447240.87329 0.1703
2447240.87451 0.1722
2447251.87671 0.1684
2447251.87939 0.1727
2447251.88135 0.1689
2447253.80859 0.1722
2447253.81006 0.1747
2447253.81128 0.1732
2447254.84033 0.1703
2447254.84155 0.1750
2447254.84277 0.1673
2447256.93750 0.1715
2447256.93896 0.1738
2447256.94043 0.1733
2447276.79077 0.1688
2447276.79224 0.1698
2447276.79346 0.1677
2447280.76904 0.1665
2447280.77026 0.1732
2447280.77222 0.1734
2447284.74927 0.1771
2447284.75049 0.1693
2447284.75195 0.1648
2447291.86426 0.1698
2447291.86597 0.1746
2447291.86792 0.1679
2447296.73096 0.1750
2447296.73242 0.1753
2447296.73413 0.1710
2447298.75586 0.1667
2447298.75708 0.1684
2447298.75854 0.1684
2447300.74438 0.1723
2447300.74561 0.1736
2447300.74658 0.1730
2447306.73950 0.1691
2447306.74072 0.1631
2447306.74170 0.1681
2447308.74512 0.1728
2447308.74609 0.1680
2447308.74731 0.1679
2447314.71655 0.1747
2447314.71826 0.1722
2447314.71973 0.1713
2447319.74048 0.1708
2447319.74341 0.1705
2447319.74634 0.1673
2447321.73608 0.1679
2447321.73804 0.1747
2447321.73975 0.1755
2447324.72754 0.1752
2447324.72998 0.1695
2447324.73315 0.1741
2447329.70093 0.1714
2447329.70264 0.1714
2447329.70435 0.1730
2447334.67261 0.1662
2447334.67358 0.1668
2447334.67480 0.1696
2447347.70801 0.1795
2447347.70996 0.1739
2447347.71167 0.1739
2447509.02539 0.1672
2447509.02734 0.1676
2447509.02930 0.1701
2447543.97705 0.1708
2447543.97925 0.1698
2447543.98145 0.1724
2447557.01685 0.1731
2447557.01978 0.1753
2447557.02344 0.1782
2447569.89575 0.1725
2447569.90063 0.1669
2447569.90479 0.1750
2447573.85181 0.1717
2447573.85474 0.1650
2447573.85767 0.1709
2447575.84277 0.1725
2447575.84497 0.1671
2447575.84717 0.1733
2447578.96362 0.1721
2447578.96704 0.1772
2447578.97021 0.1800
2447580.88452 0.1765
2447580.88672 0.1637
2447580.88867 0.1650
2447584.97485 0.1693
2447584.97705 0.1661
2447584.97949 0.1695
2447590.94897 0.1711
2447590.95190 0.1643
2447590.95508 0.1684
2447598.85645 0.1696
2447598.86353 0.1699
2447598.87158 0.1728
2447599.82739 0.1710
2447599.83130 0.1624
2447599.83423 0.1626
2447616.88013 0.1676
2447616.88257 0.1716
2447616.88501 0.1617
2447622.86987 0.1683
2447622.87231 0.1727
2447622.87476 0.1650
2447625.79980 0.1689
2447625.80225 0.1655
2447625.80444 0.1679
2447631.76733 0.1753
2447631.77026 0.1799
2447631.77319 0.1731
2447634.77002 0.1671
2447634.77222 0.1736
2447634.77808 0.1660
2447639.79321 0.1757
2447639.79761 0.1720
2447639.80249 0.1649
2447644.73389 0.1699
2447644.73779 0.1709
2447644.74146 0.1700
2447647.75171 0.1706
2447647.75562 0.1684
2447647.75952 0.1742
2447649.74756 0.1676
2447649.75098 0.1638
2447649.75464 0.1663
2447655.75586 0.1723
2447655.75830 0.1688
2447655.76074 0.1677
2447666.69482 0.1687
2447666.69800 0.1687
2447666.70093 0.1714
2447925.99902 0.1950
2447926.00049 0.1905
2447926.00195 0.1926
2447928.99023 0.1937
2447928.99170 0.1887
2447928.99292 0.1854
2447931.98096 0.1905
2447931.98218 0.1915
2447931.98364 0.1912
2447934.01294 0.1921
2447934.01465 0.1823
2447934.01587 0.1900
2447938.97583 0.1928
2447938.97827 0.1861
2447938.97998 0.1975
2447942.97241 0.1882
2447942.97510 0.1852
2447942.97803 0.1840
2447957.91333 0.1876
2447957.91455 0.1893
2447957.91602 0.1845
2447974.86792 0.1898
2447974.86938 0.1870
2447974.87061 0.1845
2447977.88354 0.1916
2447977.88525 0.1868
2447977.88672 0.1911
2448282.01660 0.1917
2448282.01855 0.1941
2448282.02100 0.1876
2448346.91113 0.1903
2448346.91309 0.1923
2448346.91602 0.1870
2448362.78906 0.2020
2448362.79150 0.1991
2448362.79346 0.2025
2448375.75293 0.1921
2448375.75586 0.1956
2448375.75781 0.1956
2448391.73242 0.1945
2448391.73486 0.1926
2448391.73682 0.1963
2448393.71094 0.1959
2448393.71338 0.1950
2448393.71533 0.1986
2448396.72461 0.2012
2448396.72656 0.1990
2448396.72852 0.1990
2448399.72705 0.2008
2448399.72998 0.1967
2448399.73242 0.1991
2448402.70752 0.1942
2448402.70996 0.1928
2448402.71240 0.1984
2448405.70850 0.1905
2448405.71094 0.1865
2448405.71338 0.1941
2448408.69434 0.1892
2448408.69678 0.1906
2448408.69922 0.1942
2448655.90283 0.2216
2448655.90869 0.2181
2448655.91650 0.2064
2448693.83447 0.1927
2448693.83789 0.1973
2448693.84082 0.1967
2448695.89063 0.1975
2448695.89502 0.2019
2448695.89941 0.1917
2448697.88086 0.2027
2448697.88525 0.2079
2448697.88965 0.2119
2448726.81445 0.1949
2448726.81592 0.1919
2448726.81689 0.1919
2448729.81689 0.1899
2448729.81836 0.2016
2448729.81982 0.1947
2448731.75781 0.1941
2448731.76025 0.2001
2448731.76270 0.1967
2448739.78662 0.1905
2448739.78857 0.1876
2448739.79053 0.1916
2448744.76709 0.1934
2448744.76855 0.1935
2448744.77051 0.1940
2448755.77588 0.1915
2448755.77734 0.1904
2448755.77832 0.1967
2448756.74756 0.1910
2448756.74854 0.1885
2448756.75000 0.1986
2448758.73730 0.1915
2448758.73926 0.1951
2448758.74121 0.1932
2448760.76855 0.1906
2448760.76953 0.1945
2448760.77100 0.1872
2448771.72656 0.1855
2448771.72803 0.1918
2448771.72949 0.1851
2448777.69971 0.1956
2448777.70117 0.1934
2448777.70313 0.1928
2448779.74463 0.1833
2448779.74707 0.1897
2448779.74902 0.1962
2448781.68896 0.1910
2448781.68994 0.1929
2448781.69141 0.1984
2448783.71826 0.1896
2448783.71973 0.1890
2448783.72070 0.1955
2448786.69043 0.1954
2448786.69189 0.1929
2448786.69336 0.1923
2448788.69141 0.1846
2448788.69336 0.1907
2448788.69482 0.1929
2448790.70654 0.1940
2448790.70801 0.1926
2448790.70947 0.1889
2448793.71484 0.1919
2448793.71631 0.1963
2448793.71729 0.1934
2448795.69482 0.1892
2448795.69629 0.1922
2448795.69775 0.1878
2448797.69824 0.1913
2448797.69971 0.1852
2448797.70068 0.1909
2449067.88232 0.1900
2449067.88477 0.1926
2449067.88770 0.1928
2449098.80322 0.1937
2449098.80664 0.1899
2449098.80957 0.1913
2449103.76562 0.1880
2449103.76904 0.1918
2449103.77295 0.1865
2449118.74609 0.1928
2449118.74902 0.1975
2449118.75195 0.1906
2449136.68408 0.1946
2449136.68604 0.1863
2449136.68848 0.1923
2449360.97412 0.1910
2449360.97559 0.1828
2449360.97705 0.1854
2449411.85498 0.1636
2449411.85742 0.1705
2449411.85986 0.1651
2449420.89160 0.1733
2449420.89258 0.1754
2449420.89404 0.1752
2449422.88135 0.1766
2449422.88232 0.1689
2449422.88379 0.1810
2449425.88574 0.1911
2449425.88721 0.1795
2449425.88818 0.1832
2449427.81152 0.1830
2449427.81299 0.1867
2449427.81396 0.1842
2449439.79346 0.1770
2449439.79443 0.1768
2449439.79590 0.1768
2449444.78857 0.1785
2449444.79004 0.1757
2449444.79102 0.1698
2449449.83203 0.1699
2449449.83301 0.1713
2449449.83398 0.1684
2449453.76709 0.1763
2449453.76807 0.1782
2449453.76904 0.1816
2449455.78418 0.1854
2449455.78516 0.1853
2449455.78662 0.1856
2449458.77832 0.1808
2449458.77930 0.1836
2449458.78076 0.1844
2449461.79297 0.1792
2449461.79395 0.1730
2449461.79492 0.1743
2449463.78613 0.1750
2449463.78711 0.1707
2449463.78857 0.1766
2449467.79004 0.1805
2449467.79150 0.1765
2449467.79346 0.1863
2449474.70654 0.1772
2449474.70898 0.1823
2449474.71143 0.1766
2449482.75049 0.1800
2449482.75195 0.1753
2449482.75293 0.1913
2449484.74756 0.1823
2449484.74902 0.1764
2449484.75049 0.1709
2449493.71045 0.1774
2449493.71143 0.1748
2449493.71289 0.1830
2449495.71680 0.1783
2449495.71777 0.1816
2449495.71924 0.1732
2449498.72510 0.1743
2449498.72656 0.1882
2449498.72754 0.1889
2449507.71875 0.1807
2449507.72021 0.1824
2449507.72119 0.1835
2449511.71582 0.1742
2449511.71680 0.1746
2449511.71777 0.1787
2449513.74365 0.1807
2449513.74463 0.1866
2449513.74609 0.1794
2449516.75781 0.1810
2449516.75879 0.1774
2449516.76025 0.1755
2449518.75635 0.1825
2449518.75781 0.1728
2449518.75977 0.1793
2449521.73779 0.1694
2449521.73877 0.1783
2449521.74023 0.1774
2449524.69922 0.1879
2449524.70068 0.1845
2449524.70166 0.1851
2449526.69092 0.1930
2449526.69189 0.1879
2449526.69287 0.1828
2449528.68652 0.1867
2449528.68750 0.1795
2449528.68896 0.1862
2449753.94971 0.1748
2449753.95068 0.1804
2449753.95215 0.1793
2449771.94629 0.1787
2449771.94775 0.1799
2449771.94922 0.1768
2449794.84473 0.1719
2449794.84814 0.1723
2449794.85205 0.1713
2449818.80176 0.1928
2449818.80371 0.1947
2449818.80615 0.1893
2449856.72510 0.1757
2449856.72754 0.1742
2449856.72852 0.1833
2449873.68896 0.1843
2449873.69092 0.1842
2449873.69287 0.1814
2449881.68066 0.1829
2449881.68213 0.1728
2449881.68311 0.1800
