39719.80000 0.1607
39721.80000 0.1567
39722.80000 0.1669
39788.80000 0.1718
39817.80000 0.1763
40077.80000 0.1741
40139.80000 0.1683
40454.80000 0.1793
40455.80000 0.1711
40495.80000 0.1731
40498.80000 0.1752
40499.80000 0.1784
40519.80000 0.1648
40558.80000 0.1686
40570.80000 0.1742
40572.80000 0.1654
40809.80000 0.1768
40810.80000 0.1742
40843.80000 0.1788
40844.80000 0.1658
40845.80000 0.1781
40881.80000 0.1726
40910.80000 0.1692
40911.80000 0.1804
40935.80000 0.1737
40960.80000 0.1655
40961.80000 0.1735
40962.80000 0.1683
41199.80000 0.1722
41200.80000 0.1777
41201.80000 0.1700
41249.80000 0.1770
41250.80000 0.1715
41262.80000 0.1762
41263.80000 0.1718
41264.80000 0.1709
41285.80000 0.1695
41286.80000 0.1686
41554.80000 0.1753
41589.80000 0.1807
41590.80000 0.1728
41591.80000 0.1731
41614.80000 0.1759
41615.80000 0.1688
41617.80000 0.1718
41618.80000 0.1774
41641.80000 0.1730
41644.80000 0.1724
41669.80000 0.1712
41670.80000 0.1697
41671.80000 0.1645
41909.80000 0.1737
41910.80000 0.1714
41911.80000 0.1781
41942.80000 0.1776
41944.80000 0.1720
41945.80000 0.1661
41959.80000 0.1742
41960.80000 0.1716
41961.80000 0.1711
42015.80000 0.1775
42016.80000 0.1672
42045.80000 0.1667
42046.80000 0.1683
42061.80000 0.1664
42260.80000 0.1758
42282.80000 0.1754
42283.80000 0.1758
42284.80000 0.1713
42285.80000 0.1706
42329.80000 0.1688
42330.80000 0.1654
42331.80000 0.1645
42380.80000 0.1679
42382.80000 0.1704
42431.80000 0.1708
42432.80000 0.1675
42438.80000 0.1614
42440.80000 0.1721
42645.80000 0.1739
42646.80000 0.1745
42647.80000 0.1664
42675.80000 0.1764
42676.80000 0.1688
42678.80000 0.1736
42702.80000 0.1680
42703.80000 0.1734
42731.80000 0.1675
42732.80000 0.1611
42763.80000 0.1752
42764.80000 0.1688
42765.80000 0.1723
42792.80000 0.1716
42793.80000 0.1725
42794.80000 0.1707
43024.80000 0.1657
43025.80000 0.1661
43060.80000 0.1694
43061.80000 0.1718
43062.80000 0.1696
43063.80000 0.1688
43110.80000 0.1659
43111.80000 0.1715
43112.80000 0.1717
43113.80000 0.1676
43146.80000 0.1683
43347.80000 0.1724
43349.80000 0.1718
43350.80000 0.1753
43351.80000 0.1684
43414.80000 0.1816
43478.80000 0.1719
43482.80000 0.1627
43742.80000 0.1700
43777.80000 0.1754
43805.80000 0.1739
43824.80000 0.1772
43892.80000 0.1703
44172.80000 0.1761
44190.80000 0.1753
44200.80000 0.1706
44225.80000 0.1845
44423.97900 0.1678
44423.98001 0.1699
44424.99799 0.1687
44424.99899 0.1711
44425.00000 0.1714
44425.00000 0.1706
44425.00101 0.1740
44426.98801 0.1699
44426.98801 0.1762
44429.97101 0.1644
44429.97101 0.1706
44429.97198 0.1682
44429.97198 0.1666
44429.97198 0.1706
44430.96301 0.1666
44430.96301 0.1670
44430.96399 0.1702
44432.98901 0.1654
44432.98901 0.1687
44432.98901 0.1625
44441.95700 0.1722
44441.95801 0.1674
44441.95801 0.1645
44442.99701 0.1675
44442.99701 0.1668
44442.99799 0.1696
44444.00000 0.1692
44444.00000 0.1747
44444.00101 0.1694
44444.95499 0.1620
44444.95599 0.1711
44444.95599 0.1689
44444.95700 0.1682
44444.95700 0.1718
44445.97900 0.1702
44445.98001 0.1690
44445.98001 0.1683
44446.96301 0.1697
44446.96399 0.1713
44446.96500 0.1716
44447.96701 0.1757
44447.96701 0.1714
44447.96701 0.1690
44448.95200 0.1703
44448.95300 0.1698
44448.95300 0.1718
44449.96500 0.1706
44449.96500 0.1706
44449.96600 0.1701
44451.95700 0.1720
44451.95801 0.1681
44451.95801 0.1676
44452.95401 0.1737
44452.95499 0.1702
44452.95599 0.1693
44453.95401 0.1751
44453.95401 0.1734
44453.95499 0.1748
44454.95801 0.1684
44454.95901 0.1700
44454.95999 0.1762
44458.95300 0.1726
44458.95401 0.1713
44458.95401 0.1749
44460.93701 0.1715
44460.93799 0.1701
44460.93799 0.1726
44461.98599 0.1745
44461.98599 0.1714
44461.98599 0.1693
44462.97601 0.1755
44462.97601 0.1729
44462.97601 0.1706
44463.97699 0.1701
44463.97800 0.1752
44463.97800 0.1683
44464.97101 0.1725
44464.97101 0.1772
44464.97198 0.1732
44465.98099 0.1649
44465.98099 0.1686
44465.98199 0.1724
44467.93100 0.1743
44467.93100 0.1666
44467.93201 0.1694
44468.96500 0.1742
44468.96500 0.1703
44468.96600 0.1709
44469.92300 0.1725
44469.92401 0.1709
44469.92401 0.1707
44472.95401 0.1650
44472.95499 0.1684
44472.95499 0.1713
44473.97400 0.1692
44473.97400 0.1729
44473.97501 0.1709
44474.92700 0.1721
44474.92700 0.1752
44474.92700 0.1678
44475.95801 0.1713
44475.95901 0.1676
44475.95901 0.1732
44478.92099 0.1698
44478.92099 0.1698
44478.92200 0.1683
44479.95099 0.1709
44479.95200 0.1705
44479.95200 0.1731
44480.94800 0.1714
44480.94901 0.1746
44480.94901 0.1702
44481.92599 0.1714
44481.92599 0.1712
44481.92700 0.1697
44482.94000 0.1714
44482.94101 0.1696
44482.94101 0.1689
44484.91901 0.1726
44484.92001 0.1689
44484.92001 0.1696
44485.90900 0.1688
44485.90900 0.1738
44485.91000 0.1690
44486.91199 0.1704
44486.91299 0.1674
44486.91299 0.1751
44487.91101 0.1679
44487.91199 0.1711
44487.91199 0.1692
44489.92599 0.1731
44489.92700 0.1706
44489.92801 0.1729
44490.92801 0.1719
44490.92899 0.1758
44490.92899 0.1716
44492.92200 0.1674
44492.92200 0.1664
44492.92300 0.1713
44493.90900 0.1693
44493.91000 0.1712
44493.91000 0.1730
44494.92001 0.1678
44494.92001 0.1661
44494.92099 0.1705
44495.89499 0.1680
44495.89600 0.1687
44495.89600 0.1715
44496.95599 0.1758
44496.95599 0.1726
44496.95700 0.1732
44505.88800 0.1699
44505.88800 0.1769
44505.88800 0.1706
44506.90799 0.1725
44506.90799 0.1681
44506.90900 0.1704
44507.88101 0.1678
44507.88101 0.1703
44507.88199 0.1695
44508.87601 0.1722
44508.87701 0.1717
44508.87701 0.1709
44509.81400 0.1718
44509.81500 0.1685
44509.81601 0.1681
44510.87399 0.1751
44510.87500 0.1709
44510.87500 0.1714
44511.80499 0.1694
44511.80600 0.1701
44511.80600 0.1733
44512.89001 0.1752
44512.89099 0.1789
44512.89203 0.1771
44513.95599 0.1753
44513.95599 0.1714
44513.95697 0.1758
44514.96198 0.1730
44514.96301 0.1713
44514.96399 0.1698
44515.78601 0.1796
44515.78699 0.1785
44515.78802 0.1805
44516.94299 0.1701
44516.94397 0.1676
44516.94397 0.1720
44517.80603 0.1736
44517.80701 0.1793
44524.77100 0.1742
44524.77502 0.1773
44524.77899 0.1827
44525.89899 0.1744
44525.90002 0.1772
44525.90002 0.1779
44545.84497 0.1728
44545.84601 0.1706
44545.84601 0.1687
44546.79700 0.1738
44546.79797 0.1713
44546.79797 0.1727
44547.78198 0.1740
44547.78302 0.1708
44547.78400 0.1749
44548.77002 0.1726
44548.77100 0.1684
44548.77100 0.1728
44549.76599 0.1713
44549.76599 0.1770
44549.76703 0.1713
44550.75598 0.1715
44550.75702 0.1749
44550.75702 0.1749
44562.76801 0.1702
44562.76898 0.1724
44562.77002 0.1692
44564.72803 0.1726
44564.72998 0.1715
44564.73199 0.1684
44566.73901 0.1695
44566.73999 0.1700
44566.74200 0.1716
44606.63202 0.1700
44606.63300 0.1755
44606.63397 0.1725
44608.63800 0.1706
44608.64001 0.1731
44608.64099 0.1713
44829.00500 0.1794
44829.00598 0.1693
44829.00598 0.1703
44859.91302 0.1704
44859.91498 0.1677
44859.91602 0.1707
44860.91803 0.1731
44860.91998 0.1742
44860.92102 0.1739
44861.90399 0.1724
44861.90601 0.1717
44861.90698 0.1717
44862.91199 0.1702
44862.91302 0.1687
44862.91498 0.1672
44863.91302 0.1708
44863.91498 0.1715
44863.91699 0.1703
44864.89600 0.1715
44864.89801 0.1748
44864.90100 0.1702
44865.90503 0.1746
44865.90698 0.1724
44865.90997 0.1726
44868.92700 0.1724
44868.92902 0.1705
44868.93103 0.1712
44870.89697 0.1721
44870.89801 0.1705
44870.90002 0.1711
44872.94202 0.1722
44872.94397 0.1704
44872.94598 0.1696
44874.86200 0.1751
44874.86401 0.1721
44874.86499 0.1708
44883.83002 0.1739
44883.83099 0.1699
44883.83301 0.1717
44886.82397 0.1705
44886.82501 0.1753
44886.82703 0.1703
44887.82300 0.1747
44887.82501 0.1745
44887.82599 0.1732
44892.81799 0.1703
44892.82098 0.1716
44892.82397 0.1703
44893.79199 0.1723
44893.79498 0.1733
44893.79700 0.1728
44894.79102 0.1718
44894.79401 0.1716
44894.79700 0.1689
44895.82202 0.1690
44895.82501 0.1698
44895.82800 0.1714
44896.80298 0.1711
44896.80499 0.1706
44896.80701 0.1731
44898.82098 0.1717
44898.82202 0.1722
44898.82300 0.1688
44899.82599 0.1761
44899.82800 0.1735
44899.83002 0.1743
44900.84100 0.1784
44900.84302 0.1771
44900.84497 0.1735
45185.97095 0.1714
45185.97205 0.1698
45185.97302 0.1657
45197.98096 0.1739
45197.98096 0.1725
45197.98206 0.1672
45198.97803 0.1710
45198.97900 0.1715
45198.97998 0.1647
45208.96899 0.1723
45208.96997 0.1663
45208.97095 0.1670
45210.96301 0.1659
45210.96301 0.1657
45210.96399 0.1693
45214.94397 0.1700
45214.94495 0.1671
45214.94495 0.1659
45215.92297 0.1749
45215.92395 0.1765
45215.92603 0.1770
45217.92102 0.1708
45217.92200 0.1637
45217.92200 0.1722
45218.98096 0.1688
45218.98206 0.1686
45218.98303 0.1700
45219.94604 0.1703
45219.94702 0.1669
45219.94800 0.1683
45223.93506 0.1771
45223.93604 0.1692
45223.93701 0.1709
45224.96594 0.1708
45224.96594 0.1706
45224.96704 0.1720
45225.93799 0.1700
45225.93896 0.1659
45225.93994 0.1678
45240.81799 0.1683
45240.81799 0.1668
45240.81897 0.1683
45243.79504 0.1713
45243.79504 0.1654
45243.79602 0.1684
45247.82397 0.1711
45247.82495 0.1713
45247.82495 0.1687
45248.86902 0.1710
45248.87000 0.1730
45248.87097 0.1708
45250.89099 0.1687
45250.89197 0.1726
45250.89294 0.1670
45251.80505 0.1714
45251.80603 0.1724
45251.80701 0.1719
45252.84705 0.1665
45252.84900 0.1718
45252.84998 0.1682
45253.80798 0.1670
45253.80896 0.1721
45253.81006 0.1731
45254.81995 0.1674
45254.81995 0.1698
45254.82104 0.1700
45256.80603 0.1683
45256.80701 0.1714
45256.80798 0.1740
45260.81494 0.1729
45260.81702 0.1770
45260.81702 0.1721
45275.75696 0.1705
45275.75806 0.1722
45275.75903 0.1784
45277.78699 0.1703
45277.78796 0.1714
45277.78894 0.1688
45317.65698 0.1760
45317.65906 0.1777
45317.66003 0.1752
45319.64600 0.1710
45319.64795 0.1751
45319.65002 0.1710
45323.65601 0.1669
45323.65698 0.1726
45323.65796 0.1695
45542.99500 0.1761
45542.99600 0.1714
45542.99700 0.1664
45554.95200 0.1731
45554.95300 0.1682
45554.95400 0.1698
45557.99200 0.1732
45557.99400 0.1749
45557.99400 0.1683
45568.99200 0.1725
45568.99300 0.1709
45568.99300 0.1676
45572.93800 0.1669
45572.93900 0.1665
45572.94000 0.1701
45574.99500 0.1837
45574.99500 0.1789
45574.99600 0.1684
45575.96100 0.1679
45575.96100 0.1681
45575.96200 0.1680
45579.94900 0.1744
45579.95000 0.1710
45579.95000 0.1683
45582.94500 0.1724
45582.94600 0.1754
45582.94600 0.1725
45585.95400 0.1772
45585.95500 0.1737
45585.95500 0.1707
45588.92600 0.1676
45588.92700 0.1686
45588.92700 0.1730
45590.91400 0.1685
45590.91400 0.1700
45590.91500 0.1676
45592.96800 0.1749
45592.96800 0.1748
45592.96900 0.1719
45626.77700 0.1774
45626.77700 0.1710
45626.77800 0.1709
45633.79200 0.1712
45633.79300 0.1734
45633.79300 0.1722
45641.75000 0.1697
45641.75000 0.1754
45641.75100 0.1762
45642.72200 0.1672
45642.72300 0.1710
45642.72400 0.1706
45643.74400 0.1720
45643.74500 0.1679
45643.74500 0.1680
45658.78800 0.1668
45658.78900 0.1709
45658.78900 0.1698
45664.71300 0.1736
45664.71400 0.1707
45664.71600 0.1695
45666.72700 0.1686
45666.72800 0.1722
45666.72900 0.1662
45673.73900 0.1787
45673.74200 0.1690
45673.74400 0.1715
45683.65400 0.1735
45683.65500 0.1824
45683.65600 0.1752
45684.67000 0.1679
45684.67100 0.1695
45684.67200 0.1686
45687.66700 0.1686
45687.66700 0.1690
45687.66800 0.1717
45688.71400 0.1726
45688.71400 0.1731
45688.71500 0.1719
45705.69000 0.1685
45705.69100 0.1711
45705.69200 0.1729
45706.61200 0.1649
45706.61300 0.1698
45706.61400 0.1649
45707.64800 0.1759
45707.64900 0.1764
45707.65000 0.1713
45708.66500 0.1730
45708.66600 0.1636
45708.66700 0.1676
45710.62600 0.1759
45710.62700 0.1778
45710.62800 0.1775
45717.63100 0.1748
45717.63200 0.1787
45717.63300 0.1798
45724.60400 0.1677
45724.60500 0.1648
45724.60600 0.1761
45725.62000 0.1685
45725.62100 0.1647
45725.62200 0.1692
45749.60500 0.1717
45749.60600 0.1684
45749.60800 0.1723
45753.60700 0.1645
45753.60800 0.1660
45753.61000 0.1698
45913.98633 0.1719
45913.98694 0.1737
45913.98755 0.1718
45918.00208 0.1706
45918.00281 0.1640
45918.00366 0.1634
45918.97864 0.1747
45918.97949 0.1682
45918.98035 0.1645
45919.96204 0.1630
45919.96301 0.1675
45919.96375 0.1645
45928.97949 0.1621
45928.98035 0.1615
45928.98108 0.1652
45932.99512 0.1623
45932.99573 0.1679
45932.99646 0.1655
45933.99829 0.1698
45933.99915 0.1635
45934.00012 0.1708
45934.97632 0.1742
45934.97693 0.1719
45934.97766 0.1598
45935.96497 0.1698
45935.96570 0.1673
45935.96631 0.1708
45936.94702 0.1744
45936.94763 0.1676
45936.94824 0.1768
45937.94592 0.1783
45937.94678 0.1695
45937.94775 0.1779
45938.96851 0.1723
45938.96912 0.1654
45938.96973 0.1701
45939.97156 0.1674
45939.97229 0.1633
45939.97302 0.1705
45940.96912 0.1715
45940.97021 0.1694
45940.97131 0.1685
45942.96216 0.1724
45942.96313 0.1672
45942.96472 0.1737
45943.96179 0.1643
45943.96252 0.1601
45943.96338 0.1637
45944.96899 0.1675
45944.97009 0.1647
45944.97131 0.1581
45947.98193 0.2041
45947.98303 0.1999
45947.98401 0.2007
45948.96472 0.1870
45948.96558 0.1935
45948.96643 0.1828
45950.92920 0.1685
45950.93054 0.1716
45950.93152 0.1690
45951.93628 0.1715
45951.93750 0.1723
45951.93884 0.1695
45957.95874 0.1622
45957.95959 0.1683
45957.96045 0.1718
45965.95081 0.1698
45965.95300 0.1703
45965.95544 0.1713
45969.88623 0.1627
45969.88745 0.1664
45969.88843 0.1676
45971.89465 0.1633
45971.89539 0.1693
45971.89600 0.1685
45972.92676 0.1804
45972.92773 0.1797
45972.92871 0.1785
45976.89026 0.1749
45976.89136 0.1713
45976.89258 0.1759
45982.90906 0.1703
45982.91052 0.1678
45982.91223 0.1707
45987.83606 0.1691
45987.83704 0.1716
45987.83813 0.1689
45996.80493 0.1684
45996.80603 0.1647
45996.80725 0.1686
45998.80835 0.1635
45998.80920 0.1651
45998.80994 0.1652
46000.80225 0.1682
46000.80408 0.1741
46000.80591 0.1700
46009.80261 0.1714
46009.80371 0.1729
46009.80518 0.1736
46010.80017 0.1688
46010.80139 0.1672
46010.80273 0.1710
46016.81433 0.1762
46016.81494 0.1716
46016.81567 0.1742
46020.76672 0.1678
46020.76758 0.1688
46020.76831 0.1684
46023.77966 0.1683
46023.78040 0.1648
46023.78101 0.1688
46024.74475 0.1696
46024.74548 0.1722
46024.74622 0.1688
46027.76758 0.1727
46027.77002 0.1656
46027.77380 0.1650
46031.71655 0.1668
46031.71729 0.1653
46031.71802 0.1680
46058.64258 0.1650
46058.64380 0.1698
46058.64478 0.1715
46068.68262 0.1726
46068.68311 0.1681
46068.68384 0.1724
46069.65039 0.1712
46069.65186 0.1661
46069.65332 0.1692
46086.37036 0.1702
46086.37842 0.1682
46086.38721 0.1732
46283.99976 0.1736
46284.00024 0.1777
46284.00073 0.1744
46286.00464 0.1655
46286.00562 0.1683
46286.00635 0.1698
46288.97534 0.1664
46288.97656 0.1704
46288.97803 0.1643
46291.96777 0.1756
46291.96875 0.1713
46291.96948 0.1695
46301.96313 0.1731
46301.96411 0.1711
46301.96509 0.1672
46303.96729 0.1675
46303.96826 0.1694
46303.96924 0.1675
46321.94604 0.1754
46321.94678 0.1705
46321.94727 0.1744
46322.92285 0.1693
46322.92383 0.1708
46322.92456 0.1683
46328.93066 0.1691
46328.93140 0.1734
46328.93213 0.1715
46329.92773 0.1702
46329.92822 0.1732
46329.92896 0.1727
46331.94629 0.1727
46331.94702 0.1715
46331.94800 0.1707
46334.93481 0.1731
46334.93555 0.1744
46334.93628 0.1722
46337.96924 0.1690
46337.96997 0.1738
46337.97095 0.1742
46339.84277 0.1790
46339.84326 0.1740
46339.84399 0.1757
46340.87012 0.1718
46340.87085 0.1713
46340.87134 0.1718
46349.89551 0.1756
46349.89624 0.1765
46349.89722 0.1764
46361.88037 0.1713
46361.88159 0.1703
46361.88257 0.1678
46362.79907 0.1651
46362.79980 0.1662
46362.80054 0.1675
46365.82373 0.1716
46365.82422 0.1693
46365.82495 0.1677
46368.79248 0.1723
46368.79321 0.1701
46368.79395 0.1670
46371.81372 0.3740
46371.81445 0.3791
46371.81519 0.3757
46372.78101 0.1793
46372.78198 0.1694
46372.78296 0.1664
46374.77417 0.1708
46374.77539 0.1760
46374.77637 0.1741
46375.78223 0.1687
46375.78296 0.1705
46375.78394 0.1700
46382.79272 0.1692
46382.79370 0.1698
46382.79443 0.1693
46384.79224 0.1644
46384.79297 0.1667
46384.79395 0.1644
46387.77832 0.1678
46387.77905 0.1758
46387.78003 0.1720
46388.77832 0.1714
46388.77905 0.1714
46388.78003 0.1708
46389.74609 0.1667
46389.74683 0.1689
46389.74780 0.1692
46392.72949 0.1762
46392.73047 0.1711
46392.73145 0.1703
46396.79614 0.1685
46396.79712 0.1743
46396.79785 0.1637
46405.67651 0.1716
46405.67773 0.1682
46405.67871 0.1728
46407.75244 0.1720
46407.75317 0.1746
46407.75439 0.1715
46409.73755 0.1691
46409.73877 0.1704
46409.73999 0.1695
46411.71558 0.1714
46411.71631 0.1706
46411.71704 0.1725
46414.72266 0.1655
46414.72314 0.1712
46414.72388 0.1679
46417.69141 0.1696
46417.69214 0.1730
46417.69312 0.1697
46419.71045 0.1616
46419.71094 0.1598
46419.71167 0.1689
46421.69751 0.1718
46421.69824 0.1666
46421.69922 0.1653
46427.70703 0.1797
46427.70776 0.1806
46427.70850 0.1737
46439.68384 0.1703
46439.68457 0.1738
46439.68579 0.1749
46442.69629 0.1674
46442.69727 0.1725
46442.69849 0.1683
46443.70728 0.1709
46443.70825 0.1717
46443.70898 0.1737
46449.66772 0.1643
46449.66870 0.1639
46449.66943 0.1643
46450.64844 0.1669
46450.64917 0.1678
46450.65015 0.1693
46451.63599 0.1705
46451.63696 0.1703
46451.63770 0.1679
46455.62817 0.1731
46455.62891 0.1662
46455.62988 0.1687
46672.99414 0.1793
46672.99463 0.1697
46672.99536 0.1758
46673.92310 0.1710
46673.92407 0.1699
46673.92480 0.1684
46677.95654 0.1733
46677.95728 0.1695
46677.95825 0.1689
46679.97607 0.1682
46679.97681 0.1708
46679.97778 0.1648
46681.97192 0.1720
46681.97266 0.1745
46681.97314 0.1711
46682.97705 0.1743
46682.97778 0.1720
46682.97852 0.1718
46685.92358 0.1747
46685.92456 0.1690
46685.92578 0.1694
46687.92114 0.1699
46687.92212 0.1671
46687.92285 0.1682
46688.94897 0.1788
46688.94971 0.1767
46688.95093 0.1805
46690.94604 0.1754
46690.94727 0.1712
46690.94971 0.1713
46692.94873 0.1744
46692.94971 0.1689
46692.95020 0.1723
46695.92212 0.1715
46695.92285 0.1692
46695.92358 0.1688
46704.88794 0.1668
46704.88892 0.1729
46704.88989 0.1692
46706.91968 0.1671
46706.92041 0.1697
46706.92139 0.1722
46707.90503 0.1808
46707.90576 0.1743
46707.90649 0.1770
46709.92114 0.1765
46709.92212 0.1722
46709.92310 0.1731
46711.89673 0.1709
46711.89746 0.1625
46711.89844 0.1647
46715.86694 0.1700
46715.86792 0.1719
46715.86914 0.1704
46716.89404 0.1679
46716.89502 0.1690
46716.89551 0.1693
46720.89307 0.1689
46720.89429 0.1669
46720.89526 0.1696
46722.87988 0.1677
46722.88086 0.1712
46722.88159 0.1715
46723.86279 0.1671
46723.86377 0.1710
46723.86499 0.1739
46727.83667 0.1743
46727.83740 0.1685
46727.83813 0.1689
46728.83813 0.1724
46728.83887 0.1663
46728.83960 0.1694
46733.82495 0.1690
46733.82617 0.1637
46733.82715 0.1636
46738.80591 0.1669
46738.80688 0.1653
46738.80762 0.1654
46740.78247 0.1740
46740.78320 0.1723
46740.78394 0.1707
46743.77832 0.1744
46743.77905 0.1705
46743.77979 0.1702
46744.78101 0.1684
46744.78174 0.1733
46744.78247 0.1679
46746.76416 0.1714
46746.76489 0.1687
46746.76587 0.1722
46748.78931 0.1693
46748.79028 0.1671
46748.79102 0.1698
46754.74902 0.1706
46754.74976 0.1710
46754.75024 0.1732
46755.76245 0.1687
46755.76318 0.1669
46755.76416 0.1674
46766.74902 0.1749
46766.74976 0.1703
46766.75024 0.1706
46768.72095 0.1658
46768.72192 0.1660
46768.72290 0.1680
46772.70654 0.1677
46772.70728 0.1684
46772.70801 0.1698
46775.72925 0.1725
46775.73022 0.1676
46775.73120 0.1660
46777.70142 0.1684
46777.70239 0.1685
46777.70337 0.1656
46779.70386 0.1682
46779.70483 0.1683
46779.70654 0.1623
46791.65381 0.1724
46791.65454 0.1672
46791.65527 0.1732
46795.64722 0.1715
46795.64941 0.1672
46795.65112 0.1731
46798.65674 0.1723
46798.65796 0.1747
46798.65869 0.1721
46805.64795 0.1712
46805.64917 0.1713
46805.65063 0.1688
46807.63770 0.1726
46807.63867 0.1697
46807.63940 0.1724
46810.64233 0.1692
46810.64307 0.1695
46810.64355 0.1728
46813.63745 0.1646
46813.63867 0.1736
46813.63989 0.1660
46817.62402 0.1654
46817.62476 0.1676
46817.62549 0.1680
46828.59961 0.1674
46828.60059 0.1706
46828.60132 0.1665
47008.95996 0.1747
47008.96094 0.1697
47008.96216 0.1686
47027.95679 0.1680
47027.95850 0.1718
47027.95947 0.1753
47031.94507 0.1656
47031.94604 0.1710
47031.94727 0.1661
47038.95117 0.1678
47038.95215 0.1627
47038.95288 0.1627
47040.99634 0.1753
47040.99707 0.1761
47040.99805 0.1764
47042.95703 0.1695
47042.95825 0.1644
47042.95947 0.1634
47043.97290 0.1671
47043.97388 0.1668
47043.97534 0.1701
47045.93091 0.1661
47045.93188 0.1628
47045.93262 0.1670
47047.94531 0.1640
47047.94604 0.1649
47047.94727 0.1626
47049.93945 0.1689
47049.94067 0.1670
47049.94189 0.1645
47050.96338 0.1703
47050.96436 0.1719
47050.96533 0.1734
47053.90771 0.1668
47053.90869 0.1673
47053.90942 0.1690
47055.93555 0.1682
47055.93628 0.1669
47055.93726 0.1653
47057.94409 0.1636
47057.94531 0.1661
47057.94604 0.1636
47058.93530 0.1689
47058.93604 0.1660
47058.93701 0.1659
47060.93115 0.1676
47060.93213 0.1702
47060.93286 0.1667
47064.89404 0.1549
47064.89502 0.1592
47064.89600 0.1566
47067.94653 0.1694
47067.94702 0.1746
47067.94775 0.1771
47072.88403 0.1695
47072.88525 0.1679
47072.88647 0.1698
47076.87402 0.1668
47076.87500 0.1690
47076.87598 0.1656
47077.88086 0.1723
47077.88184 0.1700
47077.88281 0.1688
47079.86719 0.1713
47079.86792 0.1703
47079.86890 0.1693
47082.86743 0.1852
47082.86865 0.1761
47082.86963 0.1785
47084.86646 0.1695
47084.86719 0.1704
47084.86816 0.1748
47087.84619 0.1766
47087.84692 0.1727
47087.84766 0.1686
47089.91528 0.1647
47089.91626 0.1656
47089.91699 0.1754
47107.82544 0.1749
47107.82593 0.1714
47107.82715 0.1735
47108.79468 0.1690
47108.79565 0.1686
47108.79663 0.1665
47110.83105 0.1670
47110.83179 0.1696
47110.83276 0.1659
47115.76440 0.1696
47115.76538 0.1649
47115.76611 0.1672
47119.78857 0.1643
47119.78931 0.1637
47119.79028 0.1678
47121.73828 0.1678
47121.73926 0.1693
47121.74023 0.1679
47124.74976 0.1656
47124.75073 0.1684
47124.75171 0.1679
47128.82104 0.1665
47128.82202 0.1673
47128.82275 0.1652
47131.71143 0.1652
47131.71265 0.1665
47131.71387 0.1619
47140.71680 0.1662
47140.71777 0.1704
47140.71875 0.1637
47149.71094 0.1662
47149.71167 0.1689
47149.71265 0.1699
47153.62012 0.1712
47153.62109 0.1672
47153.62207 0.1694
47162.70825 0.1709
47162.70923 0.1694
47162.71045 0.1702
47168.65845 0.1724
47168.65991 0.1693
47168.66089 0.1757
47172.68384 0.1660
47172.68481 0.1668
47172.68579 0.1678
47175.63452 0.1691
47175.63574 0.1655
47175.63721 0.1658
47182.59619 0.1665
47182.59741 0.1667
47182.59888 0.1669
47184.60010 0.1656
47184.60132 0.1680
47184.60229 0.1657
47191.65698 0.1667
47191.65796 0.1683
47191.65894 0.1694
47420.93213 0.1686
47420.93311 0.1696
47420.93408 0.1738
47426.94629 0.1660
47426.94751 0.1639
47426.94873 0.1645
47429.94507 0.1684
47429.94653 0.1676
47429.94751 0.1654
47431.92310 0.1770
47431.92432 0.1799
47431.92554 0.1807
47434.92822 0.1760
47434.92920 0.1725
47434.93042 0.1762
47447.88477 0.1687
47447.88574 0.1680
47447.88696 0.1685
47450.85693 0.1705
47450.85767 0.1693
47450.85889 0.1690
47457.82178 0.1756
47457.82275 0.1754
47457.82373 0.1766
47459.80298 0.1743
47459.80371 0.1742
47459.80493 0.1776
47465.84741 0.1713
47465.84863 0.1705
47465.85010 0.1721
47466.81982 0.1758
47466.82104 0.1670
47466.82202 0.1697
47470.78296 0.1734
47470.78418 0.1730
47470.78540 0.1713
47478.73438 0.1686
47478.73560 0.1685
47478.73682 0.1663
47482.76489 0.1714
47482.76563 0.1709
47482.76709 0.1692
47482.76807 0.1712
47482.76953 0.1701
47482.77124 0.1703
47484.73877 0.1686
47484.73975 0.1701
47484.74097 0.1727
47486.75830 0.1748
47486.75928 0.1715
47486.76001 0.1725
47492.76025 0.1685
47492.76123 0.1679
47492.76245 0.1706
47495.70874 0.1707
47495.70972 0.1677
47495.71069 0.1691
47496.70166 0.1690
47496.70264 0.1668
47496.70386 0.1682
47498.71997 0.1713
47498.72095 0.1732
47498.72192 0.1732
47500.70679 0.1695
47500.70776 0.1692
47500.70923 0.1672
47501.68628 0.1648
47501.68774 0.1708
47501.68872 0.1688
47507.66455 0.1681
47507.66553 0.1692
47507.66675 0.1717
47508.66406 0.1700
47508.66528 0.1699
47508.66626 0.1758
47509.68726 0.1670
47509.68872 0.1642
47509.68970 0.1649
47517.66089 0.1685
47517.66211 0.1716
47517.66309 0.1731
47526.67505 0.1694
47526.67651 0.1723
47526.67798 0.1697
47529.67554 0.1716
47529.67700 0.1687
47529.67847 0.1692
47536.61328 0.1672
47536.61401 0.1663
47536.61450 0.1726
47538.59814 0.1713
47538.59912 0.1689
47538.60059 0.1692
47540.59888 0.1704
47540.59961 0.1697
47540.60083 0.1727
47541.65967 0.1739
47541.66089 0.1737
47541.66187 0.1695
47555.60205 0.1667
47555.60303 0.1680
47555.60400 0.1665
47761.97266 0.1727
47761.97363 0.1742
47761.97705 0.1737
47762.96777 0.1738
47762.96875 0.1749
47762.96948 0.1720
47765.97681 0.1726
47765.97729 0.1770
47765.97803 0.1776
47766.98901 0.1780
47766.98999 0.1757
47766.99072 0.1782
47771.97241 0.1711
47771.97388 0.1711
47771.97510 0.1695
47776.97095 0.1668
47776.97217 0.1698
47776.97363 0.1690
47779.96094 0.1705
47779.96167 0.1718
47779.96265 0.1702
47781.96362 0.1680
47781.96460 0.1741
47781.96606 0.1685
47783.95410 0.1734
47783.95557 0.1711
47783.95679 0.1706
47789.96191 0.1712
47789.96289 0.1676
47789.96411 0.1726
47803.92554 0.1725
47803.92676 0.1691
47803.92798 0.1738
47806.92236 0.1725
47806.92358 0.1661
47806.92432 0.1727
47807.89136 0.1683
47807.89233 0.1656
47807.89355 0.1663
47809.91846 0.1637
47809.91968 0.1677
47809.92065 0.1680
47816.88379 0.1685
47816.88477 0.1721
47816.88599 0.1753
47833.79248 0.1697
47833.79419 0.1689
47833.79565 0.1686
47838.78882 0.1701
47838.78979 0.1710
47838.79102 0.1709
47844.79321 0.1716
47844.79443 0.1788
47844.79590 0.1756
47849.77930 0.1709
47849.78027 0.1728
47849.78125 0.1680
47863.73633 0.1696
47863.73730 0.1705
47863.73853 0.1712
47866.73071 0.1677
47866.73169 0.1731
47866.73267 0.1725
47868.71875 0.1721
47868.72021 0.1734
47868.72168 0.1743
47870.71411 0.1743
47870.71533 0.1716
47870.71606 0.1672
47873.72363 0.1737
47873.72461 0.1718
47873.72583 0.1728
47877.70313 0.1724
47877.70435 0.1718
47877.70581 0.1738
47891.65161 0.1683
47891.65283 0.1732
47891.65381 0.1720
47892.67383 0.1742
47892.67480 0.1714
47892.67578 0.1771
47900.60986 0.1692
47900.61133 0.1684
47900.61255 0.1675
47902.62012 0.1755
47902.62134 0.1737
47902.62280 0.1723
48149.95068 0.1754
48149.95166 0.1779
48149.95313 0.1718
48152.93018 0.1732
48152.93164 0.1707
48152.93311 0.1760
48160.91504 0.1735
48160.91650 0.1761
48160.91748 0.1766
48167.90869 0.1720
48167.91016 0.1693
48167.91162 0.1754
48175.85205 0.1738
48175.85303 0.1732
48175.85352 0.1724
48178.84814 0.1735
48178.84961 0.1766
48178.85059 0.1752
48186.84717 0.1734
48186.84814 0.1712
48186.84912 0.1714
48187.80859 0.1788
48187.81006 0.1773
48187.81201 0.1753
48191.84814 0.1776
48191.84912 0.1797
48191.85059 0.1810
48212.77100 0.1794
48212.77246 0.1759
48212.77441 0.1752
48219.76172 0.1774
48219.76318 0.1759
48219.76465 0.1763
48222.73828 0.1779
48222.73926 0.1720
48222.74072 0.1749
48225.74463 0.1773
48225.74561 0.1755
48225.74707 0.1783
48228.72363 0.1785
48228.72510 0.1809
48228.72656 0.1767
48243.69092 0.1771
48243.69287 0.1757
48243.69434 0.1754
48478.01709 0.1728
48478.01855 0.1710
48478.02002 0.1716
48479.01514 0.1728
48479.01611 0.1726
48479.01709 0.1718
48647.59570 0.1758
48647.59814 0.1771
48647.60107 0.1731
48881.91602 0.1723
48881.91748 0.1706
48881.91895 0.1696
48885.92334 0.1726
48885.92432 0.1701
48885.92578 0.1733
48889.93262 0.1744
48889.93408 0.1744
48889.93555 0.1748
48892.92334 0.1738
48892.92480 0.1724
48892.92578 0.1693
48896.92627 0.1753
48896.92871 0.1704
48896.93066 0.1725
48902.88037 0.1721
48902.88184 0.1767
48902.88330 0.1757
48903.85498 0.1742
48903.85645 0.1745
48903.85742 0.1739
48905.88867 0.1751
48905.88965 0.1747
48905.89111 0.1738
48911.85986 0.1715
48911.86133 0.1755
48911.86279 0.1780
48914.88818 0.1757
48914.88965 0.1737
48914.89160 0.1745
48918.85938 0.1707
48918.86084 0.1737
48918.86230 0.1723
48927.83398 0.1758
48927.83545 0.1746
48927.83691 0.1757
48933.76758 0.1731
48933.76953 0.1740
48933.77051 0.1722
48938.79102 0.1740
48938.79248 0.1747
48938.79346 0.1724
48941.79102 0.1746
48941.79248 0.1751
48941.79395 0.1771
48945.80127 0.1752
48945.80273 0.1768
48945.80371 0.1734
48951.74756 0.1746
48951.74854 0.1729
48951.75000 0.1735
48954.77881 0.1752
48954.78027 0.1713
48954.78174 0.1725
48957.74609 0.1684
48957.74707 0.1725
48957.74854 0.1741
48959.72217 0.1734
48959.72412 0.1737
48959.72559 0.1725
48967.73340 0.1741
48967.73486 0.1723
48967.73633 0.1726
48972.72900 0.1755
48972.73047 0.1743
48972.73145 0.1751
48973.72998 0.1745
48973.73145 0.1746
48973.73291 0.1765
48977.72266 0.1695
48977.72461 0.1705
48977.72656 0.1734
48978.74756 0.1755
48978.74951 0.1745
48978.75146 0.1736
48980.69287 0.1749
48980.69482 0.1738
48980.69629 0.1740
49250.90479 0.1620
49250.90576 0.1638
49250.90723 0.1638
49255.92871 0.1705
49255.92969 0.1664
49255.93115 0.1671
49257.95557 0.1686
49257.95703 0.1680
49257.95801 0.1688
49258.93213 0.1673
49258.93359 0.1712
49258.93506 0.1692
49260.91992 0.1677
49260.92139 0.1649
49260.92285 0.1714
49262.92822 0.1691
49262.92969 0.1677
49262.93115 0.1697
49264.89844 0.1689
49264.89990 0.1657
49264.90137 0.1678
49265.86963 0.1650
49265.87061 0.1675
49265.87207 0.1654
49267.87012 0.1679
49267.87158 0.1694
49267.87305 0.1694
49269.86572 0.1665
49269.86719 0.1673
49269.86865 0.1668
49273.83545 0.1662
49273.83691 0.1668
49273.83789 0.1653
49280.87354 0.1691
49280.87500 0.1679
49280.87646 0.1706
49284.84619 0.1690
49284.84766 0.1647
49284.84863 0.1677
49285.84766 0.1653
49285.84912 0.1705
49285.85107 0.1688
49294.80322 0.1678
49294.80518 0.1715
49294.80664 0.1697
49296.80371 0.1698
49296.80469 0.1725
49296.80615 0.1690
49297.80762 0.1668
49297.80859 0.1659
49297.81006 0.1688
49299.77686 0.1745
49299.77832 0.1758
49299.78027 0.1754
49307.72852 0.1702
49307.72998 0.1702
49307.73145 0.1676
49309.73535 0.1745
49309.73633 0.1740
49309.73730 0.1742
49311.71924 0.1708
49311.72070 0.1683
49311.72168 0.1691
49312.72900 0.1804
49312.72998 0.1810
49312.73096 0.1812
49318.72559 0.1684
49318.72656 0.1692
49318.72803 0.1706
49325.64648 0.1718
49325.64746 0.1732
49325.64795 0.1703
49327.66895 0.1704
49327.67041 0.1709
49327.67236 0.1697
49328.69482 0.1714
49328.69629 0.1701
49328.69727 0.1719
49331.68848 0.1697
49331.68994 0.1718
49331.69141 0.1724
49335.67969 0.1688
49335.68066 0.1689
49335.68213 0.1707
49337.69092 0.1693
49337.69238 0.1718
49337.69385 0.1722
49342.66016 0.1717
49342.66211 0.1730
49342.66357 0.1729
49344.67090 0.1663
49344.67236 0.1687
49344.67383 0.1691
49349.64307 0.1739
49349.64355 0.1724
49349.64502 0.1770
49351.63135 0.1766
49351.63330 0.1747
49351.63477 0.1747
49353.63867 0.1763
49353.64014 0.1756
49353.64111 0.1760
49355.63232 0.1790
49355.63379 0.1776
49355.63525 0.1797
49360.63428 0.1726
49360.63574 0.1748
49360.63721 0.1743
49361.63477 0.1703
49361.63623 0.1701
49361.63770 0.1708
49363.63281 0.1728
49363.63428 0.1713
49363.63574 0.1709
49365.64404 0.1710
49365.64551 0.1696
49365.64697 0.1691
49373.61768 0.1736
49373.61914 0.1732
49373.62012 0.1734
49581.94873 0.1692
49581.94971 0.1727
49581.95068 0.1693
49582.92041 0.1726
49582.92139 0.1715
49582.92285 0.1671
49583.94336 0.1744
49583.94482 0.1732
49583.94580 0.1702
49584.93896 0.1673
49584.93994 0.1689
49584.94092 0.1776
49585.95117 0.1792
49585.95215 0.1808
49585.95361 0.1804
49588.95117 0.1764
49588.95215 0.1738
49588.95312 0.1730
49600.92676 0.1725
49600.92773 0.1759
49600.92920 0.1737
49602.91016 0.1705
49602.91113 0.1726
49602.91260 0.1726
49603.90137 0.1726
49603.90234 0.1736
49603.90381 0.1742
49610.89844 0.1700
49610.89941 0.1658
49610.90039 0.1679
49614.89990 0.1710
49614.90137 0.1705
49614.90234 0.1703
49615.82617 0.1706
49615.82764 0.1736
49615.82861 0.1719
49617.83105 0.1717
49617.83252 0.1744
49617.83350 0.1715
49621.88281 0.1690
49621.88379 0.1706
49621.88477 0.1707
49625.88184 0.1716
49625.88330 0.1713
49625.88428 0.1722
49628.86768 0.1678
49628.86914 0.1699
49628.87012 0.1697
49632.86084 0.1786
49632.86230 0.1750
49632.86328 0.1755
49633.84766 0.1732
49633.84863 0.1724
49633.85010 0.1693
49635.86377 0.1686
49635.86475 0.1682
49635.86621 0.1695
49636.85596 0.1714
49636.85693 0.1705
49636.85840 0.1718
49641.85205 0.1690
49641.85352 0.1708
49641.85449 0.1711
49642.83887 0.1698
49642.83984 0.1698
49642.84082 0.1705
49644.82764 0.1694
49644.82910 0.1723
49644.83008 0.1708
49645.83838 0.1674
49645.83936 0.1690
49645.84082 0.1684
49647.76855 0.1750
49647.76953 0.1710
49647.77051 0.1680
49650.85840 0.1710
49650.85938 0.1736
49650.86084 0.1714
49651.81104 0.1756
49651.81250 0.1758
49651.81348 0.1730
49653.79395 0.1690
49653.79492 0.1708
49653.79639 0.1696
49655.79102 0.1739
49655.79248 0.1731
49655.79346 0.1727
49657.78760 0.1661
49657.78857 0.1658
49657.79004 0.1692
49660.76562 0.1687
49660.76709 0.1721
49660.76807 0.1705
49661.84473 0.1690
49661.84570 0.1688
49661.84668 0.1744
49663.79004 0.1693
49663.79102 0.1679
49663.79248 0.1694
49668.77881 0.1702
49668.78027 0.1742
49668.78125 0.1735
49670.76953 0.1690
49670.77051 0.1684
49670.77197 0.1690
49675.74854 0.1751
49675.74951 0.1766
49675.75098 0.1729
49676.73730 0.1705
49676.73828 0.1702
49676.73926 0.1707
49677.79834 0.1670
49677.79932 0.1669
49677.80029 0.1703
49679.74805 0.1738
49679.74951 0.1778
49679.75049 0.1761
49685.74414 0.1701
49685.74512 0.1693
49685.74658 0.1700
49686.73730 0.1718
49686.73828 0.1729
49686.73975 0.1726
49688.73242 0.1723
49688.73389 0.1701
49688.73486 0.1695
49689.71387 0.1749
49689.71484 0.1732
49689.71631 0.1726
49694.73291 0.1713
49694.73438 0.1749
49694.73535 0.1699
49695.71631 0.1731
49695.71729 0.1696
49695.71875 0.1718
49697.75977 0.1744
49697.76074 0.1660
49697.76221 0.1665
49701.74805 0.1706
49701.74902 0.1689
49701.75049 0.1722
49703.68799 0.1708
49703.68896 0.1717
49703.69043 0.1676
49704.68604 0.1695
49704.68701 0.1716
49704.68799 0.1691
49706.72607 0.1728
49706.72754 0.1724
49706.72852 0.1700
49713.67334 0.1646
49713.67432 0.1696
49713.67578 0.1687
49716.66992 0.1664
49716.67090 0.1719
49716.67236 0.1702
49717.64941 0.1676
49717.65088 0.1691
49717.65186 0.1707
49730.63574 0.1735
49730.63672 0.1766
49730.63818 0.1739
49731.65674 0.1746
49731.65820 0.1707
49731.65918 0.1713
49735.62793 0.1707
49735.62939 0.1722
49735.63037 0.1764
49736.64062 0.1702
49736.64160 0.1679
49736.64258 0.1706
49753.61182 0.1734
49753.61328 0.1756
49753.61426 0.1726
49754.61328 0.1736
49754.61426 0.1728
49754.61572 0.1737
49756.61670 0.1699
49756.61768 0.1721
49756.61865 0.1713
