2445785.83000 0.2530
2445785.89200 0.2491
2445785.89300 0.2475
2446113.97485 0.2475
2446113.97583 0.2389
2446113.97705 0.2400
2446145.82446 0.2315
2446145.82544 0.2411
2446145.82642 0.2371
2446178.81860 0.2390
2446178.82080 0.2396
2446178.82324 0.2385
2446442.99170 0.2393
2446442.99243 0.2331
2446442.99341 0.2307
2446483.90796 0.2366
2446483.90918 0.2271
2446483.91040 0.2451
2446488.01318 0.2361
2446488.01392 0.2353
2446488.01489 0.2311
2446517.93457 0.2351
2446517.93555 0.2489
2446517.93652 0.2477
