45169.99597 0.2384
45169.99805 0.2360
45170.00000 0.2571
46664.93774 0.4468
46664.93921 0.4670
46664.94067 0.4527
46684.89185 0.4935
46684.89331 0.4705
46684.89478 0.4715
46719.79419 0.4792
46719.79590 0.4861
46719.79785 0.4827
46741.73389 0.4986
46741.73730 0.4705
46741.74121 0.4603
46774.68237 0.4353
46774.68579 0.4500
46774.68945 0.4348
46810.61011 0.4562
46810.61230 0.4356
46810.61475 0.4522
47040.94604 0.4297
47040.94702 0.4270
47040.94800 0.4278
47112.78442 0.4452
47112.78516 0.4532
47112.78589 0.4444
47173.60352 0.4354
47173.60449 0.4266
47173.60547 0.4316
47427.86182 0.5068
47427.86304 0.5001
47427.86450 0.5127
47481.72095 0.4941
47481.72192 0.4731
47481.72314 0.4796
47546.62573 0.4786
47546.62695 0.4830
47546.62817 0.4660
47784.88306 0.5081
47784.88428 0.5239
47784.88525 0.5070
48874.89600 0.5086
48874.89746 0.4985
48874.89893 0.4950
48910.78955 0.5030
48910.79102 0.5035
48910.79248 0.4988
48934.77148 0.5242
48934.77246 0.5301
48934.77344 0.5250
48972.66797 0.5227
48972.66992 0.5450
48972.67090 0.5371
49273.77441 0.5055
49273.77588 0.4947
49273.77734 0.4924
49300.69385 0.4970
49300.69531 0.4918
49300.69629 0.4931
49328.61670 0.4931
49328.61816 0.4966
49328.61963 0.4965
49584.86865 0.5398
49584.86963 0.5478
49584.87109 0.5090
49602.86230 0.4879
49602.86328 0.4897
49602.86475 0.5174
49632.78613 0.5595
49632.78711 0.5421
49632.78809 0.5507
49651.73926 0.5169
49651.74072 0.5279
49651.74170 0.5157
49657.71582 0.5309
49657.71680 0.5396
49657.71826 0.5268
49695.67139 0.5299
49695.67285 0.5242
49695.67383 0.5330
