43631.80000 0.1774
48227.01611 0.1679
48227.01758 0.1657
48227.01904 0.1642
48227.02002 0.1623
48227.02148 0.1665
48227.02295 0.1616
48797.70605 0.1603
48797.70703 0.1604
48797.70850 0.1586
48813.67676 0.1592
48813.67822 0.1618
48813.67920 0.1625
48820.67969 0.1635
48820.68066 0.1607
48820.68213 0.1623
49057.86914 0.1642
49057.87061 0.1632
49057.87158 0.1587
49089.83838 0.1603
49089.83984 0.1608
49089.84082 0.1614
49094.82373 0.1574
49094.82520 0.1642
49094.82617 0.1641
49099.81543 0.1595
49099.81641 0.1563
49099.81836 0.1602
49121.79102 0.1570
49121.79248 0.1626
49121.79395 0.1594
49124.76904 0.1597
49124.77051 0.1615
49124.77197 0.1576
49130.75439 0.1609
49130.75537 0.1625
49130.75684 0.1608
49138.71387 0.1606
49138.71533 0.1607
49138.71680 0.1610
49147.73682 0.1648
49147.73828 0.1586
49147.74023 0.1607
49150.68652 0.1593
49150.68799 0.1596
49150.68896 0.1560
49156.69531 0.1572
49156.69629 0.1665
49156.69775 0.1603
49159.69482 0.1607
49159.69580 0.1630
49159.69727 0.1588
49163.70020 0.1589
49163.70166 0.1580
49163.70361 0.1561
49361.95459 0.1699
49361.95605 0.1701
49361.95752 0.1733
49425.89795 0.1586
49425.89893 0.1580
49425.90039 0.1601
49455.79785 0.1598
49455.79932 0.1615
49455.80029 0.1572
49458.79395 0.1580
49458.79492 0.1575
49458.79639 0.1579
49467.76025 0.1582
49467.76172 0.1589
49467.76270 0.1601
49484.71533 0.1636
49484.71680 0.1596
49484.71777 0.1608
49494.74512 0.1615
49494.74658 0.1598
49494.74756 0.1599
49497.74609 0.1578
49497.74707 0.1584
49497.74805 0.1594
49507.73047 0.1632
49507.73145 0.1580
49507.73291 0.1595
49510.71191 0.1587
49510.71289 0.1587
49510.71387 0.1590
49514.75439 0.1606
49514.75537 0.1608
49514.75635 0.1629
49518.77002 0.1586
49518.77100 0.1602
49518.77197 0.1620
49521.75146 0.1607
49521.75293 0.1593
49521.75391 0.1601
49525.70947 0.1584
49525.71094 0.1558
49525.71191 0.1615
49528.69580 0.1604
49528.69727 0.1602
49528.69824 0.1583
49540.69434 0.1554
49540.69531 0.1558
49540.69678 0.1560
49771.95215 0.1629
49771.95312 0.1568
49771.95410 0.1611
49791.90479 0.1585
49791.90625 0.1580
49791.90723 0.1594
49791.91211 0.1597
49791.91309 0.1552
49791.91406 0.1554
49818.82812 0.1630
49818.82910 0.1650
49818.83057 0.1663
49855.72607 0.1640
49855.72852 0.1586
49855.73047 0.1597
49856.74805 0.1682
49856.74902 0.1658
49856.75049 0.1667
49873.71484 0.1653
49873.71582 0.1659
49873.71680 0.1663
49880.70557 0.1626
49880.70654 0.1613
49880.70801 0.1630
