2445711.05400 0.2746
2445711.05500 0.2756
2445711.05600 0.2764
2445728.97500 0.2635
2445728.97600 0.2612
2445728.97700 0.2586
2446084.92798 0.2688
2446084.93945 0.2711
2446084.95068 0.2709
2446098.47559 0.2665
2446098.48364 0.2699
2446098.49023 0.2682
2446109.94189 0.2625
2446109.94482 0.2650
2446109.94653 0.2623
2446115.92358 0.2720
2446115.92505 0.2738
2446115.92651 0.2666
2446122.93433 0.2671
2446122.93481 0.2662
2446122.94092 0.2646
2446133.91968 0.2591
2446133.92212 0.2592
2446133.92505 0.2578
2446140.88940 0.2612
2446140.89136 0.2615
2446140.89331 0.2577
2446148.85400 0.2639
2446148.85474 0.2680
2446148.85547 0.2631
2446155.83325 0.2656
2446155.83374 0.2639
2446155.83447 0.2637
2446163.78003 0.2687
2446163.78052 0.2659
2446163.78125 0.2642
2446169.78296 0.2693
2446169.78345 0.2728
2446169.78418 0.2654
2446178.76392 0.2637
2446178.76465 0.2679
2446178.76587 0.2613
2446178.76709 0.2657
2446178.76807 0.2657
2446178.76904 0.2692
2446185.78003 0.2596
2446185.78101 0.2663
2446185.78223 0.2693
2446199.70850 0.2626
2446199.70947 0.2625
2446199.71021 0.2643
2446206.74072 0.2683
2446206.74194 0.2643
2446206.74292 0.2659
2446214.68604 0.2598
2446214.68774 0.2656
2446214.68921 0.2662
2446222.65576 0.2638
2446222.65649 0.2622
2446222.65723 0.2639
2446230.65454 0.2667
2446230.65625 0.2600
2446230.65771 0.2686
2446443.02197 0.2603
2446443.02295 0.2631
2446443.02368 0.2603
2446456.99023 0.2643
2446456.99121 0.2673
2446456.99194 0.2553
2446467.94922 0.2538
2446467.94995 0.2581
2446467.95068 0.2645
2446472.93408 0.2622
2446472.93530 0.2563
2446472.93628 0.2575
2446481.94336 0.2641
2446481.94434 0.2625
2446481.94531 0.2616
2446488.91357 0.2599
2446488.91455 0.2707
2446488.91577 0.2660
2446498.90625 0.2740
2446498.90723 0.2684
2446498.90820 0.2698
2446509.88525 0.2641
2446509.88599 0.2662
2446509.88672 0.2620
2446514.86646 0.2544
2446514.86719 0.2615
2446514.86792 0.2688
2446525.84692 0.2558
2446525.84766 0.2551
2446525.84839 0.2549
2446535.78198 0.2654
2446535.78271 0.2687
2446535.78369 0.2684
2446541.79492 0.2710
2446541.79565 0.2600
2446541.79663 0.2664
