2439341.80000 0.2642
2439342.80000 0.2626
2439368.80000 0.2389
2439370.80000 0.2427
2439390.80000 0.2293
2439391.80000 0.2346
2439719.80000 0.2121
2439720.80000 0.2162
2439721.80000 0.1993
2439722.80000 0.2068
2439787.80000 0.2206
2439788.80000 0.2170
2440077.80000 0.2088
2440105.80000 0.1957
2440106.80000 0.1968
2440139.80000 0.1900
2440167.80000 0.1975
2440168.80000 0.1974
2440169.80000 0.1941
2440199.80000 0.1941
2440454.80000 0.1960
2440455.80000 0.1863
2440456.80000 0.1866
2440495.80000 0.1861
2440496.80000 0.1834
2440498.80000 0.1862
2440499.80000 0.1899
2440517.80000 0.2053
2440519.80000 0.1970
2440557.80000 0.2001
2440570.80000 0.1882
2440572.80000 0.1800
2440809.80000 0.1859
2440810.80000 0.1790
2440812.80000 0.1793
2440843.80000 0.1896
2440844.80000 0.1855
2440845.80000 0.1841
2440881.80000 0.1797
2440910.80000 0.1788
2440911.80000 0.1809
2440912.80000 0.1827
2440935.80000 0.1873
2440960.80000 0.1790
2440961.80000 0.1848
2440962.80000 0.1831
2441169.80000 0.1846
2441170.80000 0.1819
2441199.80000 0.1849
2441200.80000 0.1872
2441201.80000 0.1842
2441202.80000 0.1834
2441249.80000 0.1894
2441250.80000 0.1809
2441262.80000 0.1836
2441263.80000 0.1781
2441264.80000 0.1756
2441285.80000 0.1817
2441286.80000 0.1570
2441314.80000 0.1874
2441554.80000 0.1852
2441589.80000 0.1923
2441590.80000 0.1906
2441591.80000 0.1902
2441614.80000 0.1896
2441615.80000 0.1906
2441617.80000 0.1889
2441618.80000 0.1924
2441641.80000 0.1827
2441642.80000 0.1901
2441644.80000 0.1872
2441669.80000 0.1893
2441670.80000 0.1876
2441671.80000 0.1857
2441909.80000 0.2094
2441910.80000 0.2075
2441911.80000 0.2103
2441942.80000 0.2036
2441943.80000 0.1792
2441944.80000 0.2062
2441945.80000 0.2107
2441959.80000 0.2114
2441960.80000 0.2121
2441961.80000 0.2134
2442015.80000 0.2049
2442016.80000 0.2124
2442045.80000 0.1978
2442046.80000 0.1934
2442061.80000 0.2088
2442260.80000 0.2210
2442282.80000 0.2112
2442283.80000 0.2059
2442284.80000 0.2063
2442285.80000 0.2079
2442329.80000 0.2237
2442330.80000 0.2229
2442331.80000 0.2232
2442380.80000 0.2107
2442382.80000 0.2168
2442431.80000 0.2360
2442432.80000 0.2136
2442438.80000 0.2090
2442440.80000 0.2252
2442644.80000 0.2383
2442645.80000 0.2280
2442646.80000 0.2278
2442647.80000 0.2310
2442675.80000 0.2459
2442676.80000 0.2416
2442677.80000 0.2390
2442678.80000 0.2434
2442702.80000 0.2256
2442703.80000 0.2386
2442704.80000 0.2346
2442731.80000 0.2076
2442732.80000 0.2050
2442763.80000 0.2113
2442764.80000 0.2117
2442765.80000 0.2114
2442792.80000 0.2348
2442793.80000 0.2283
2442794.80000 0.2351
2442975.80000 0.2291
2443024.80000 0.2101
2443025.80000 0.2009
2443060.80000 0.2007
2443061.80000 0.2083
2443062.80000 0.2064
2443063.80000 0.2056
2443110.80000 0.2199
2443111.80000 0.2133
2443112.80000 0.2100
2443113.80000 0.2029
2443146.80000 0.2165
2443347.80000 0.2003
2443347.80000 0.2087
2443349.80000 0.2076
2443349.80000 0.2070
2443350.80000 0.2007
2443350.80000 0.2032
2443351.80000 0.2020
2443351.80000 0.2058
2443414.80000 0.2157
2443477.80000 0.2281
2443478.80000 0.2092
2443479.80000 0.1983
2443481.80000 0.1990
2443742.80000 0.1961
2443743.80000 0.1977
2443752.80000 0.1648
2443777.80000 0.1979
2443778.80000 0.1939
2443805.80000 0.1974
2443824.80000 0.1937
2443892.80000 0.1975
2444172.80000 0.1804
2444190.80000 0.1838
2444200.80000 0.1823
2444225.80000 0.1898
2444226.80000 0.1842
2444411.99600 0.1651
2444411.99799 0.1693
2444423.95401 0.1704
2444423.95599 0.1738
2444424.99500 0.1774
2444424.99600 0.1752
2444426.96301 0.1742
2444426.96399 0.1733
2444429.92599 0.1658
2444429.92700 0.1644
2444429.92801 0.1649
2444430.94000 0.1646
2444430.94000 0.1697
2444430.94101 0.1651
2444432.96600 0.1723
2444432.96701 0.1735
2444432.96799 0.1675
2444441.92200 0.1752
2444441.92300 0.1745
2444441.92401 0.1739
2444442.96701 0.1828
2444442.96799 0.1742
2444442.96899 0.1742
2444443.94101 0.1778
2444443.94199 0.1742
2444443.94299 0.1723
2444444.90302 0.1708
2444444.90399 0.1725
2444444.90500 0.1749
2444445.94299 0.1697
2444445.94400 0.1726
2444445.94501 0.1676
2444446.93600 0.1747
2444446.93701 0.1752
2444446.93900 0.1725
2444447.94000 0.1723
2444447.94101 0.1726
2444447.94199 0.1743
2444448.91299 0.1698
2444448.91400 0.1764
2444448.91501 0.1768
2444449.96899 0.1755
2444449.97000 0.1723
2444449.97000 0.1759
2444451.93201 0.1740
2444451.93301 0.1781
2444451.93399 0.1767
2444452.92700 0.1754
2444452.92801 0.1781
2444452.92899 0.1737
2444453.93201 0.1795
2444453.93301 0.1744
2444453.93399 0.1785
2444454.95401 0.1745
2444454.95499 0.1811
2444454.95599 0.1858
2444458.93201 0.1780
2444458.93301 0.1743
2444458.93399 0.1754
2444460.91101 0.1691
2444460.91199 0.1721
2444460.91299 0.1799
2444461.96500 0.1724
2444461.96600 0.1748
2444461.96701 0.1726
2444462.95200 0.1689
2444462.95300 0.1729
2444462.95401 0.1704
2444463.94101 0.1745
2444463.94299 0.1784
2444463.94501 0.1708
2444464.94699 0.1785
2444464.94800 0.1785
2444464.94901 0.1813
2444467.90799 0.1747
2444467.90900 0.1725
2444467.91101 0.1801
2444468.96100 0.1757
2444468.96201 0.1819
2444468.96301 0.1700
2444469.89700 0.1722
2444469.89801 0.1720
2444469.89899 0.1709
2444472.92899 0.1718
2444472.92999 0.1720
2444472.92999 0.1740
2444473.95001 0.1781
2444473.95099 0.1769
2444473.95099 0.1801
2444474.90302 0.1726
2444474.90399 0.1773
2444474.90500 0.1768
2444475.92801 0.1783
2444475.92899 0.1774
2444475.93100 0.1811
2444478.89600 0.1789
2444478.89600 0.1806
2444478.89700 0.1759
2444479.92001 0.1798
2444479.92099 0.1775
2444479.92200 0.1763
2444480.90500 0.1769
2444480.90601 0.1769
2444480.90701 0.1734
2444481.89801 0.1788
2444481.89899 0.1823
2444481.89999 0.1770
2444482.91299 0.1781
2444482.91400 0.1793
2444482.91501 0.1860
2444484.89600 0.1782
2444484.89700 0.1731
2444484.89801 0.1834
2444485.88501 0.1757
2444485.88501 0.1720
2444485.88599 0.1757
2444486.89001 0.1783
2444486.89099 0.1732
2444486.89200 0.1832
2444487.88901 0.1748
2444487.89001 0.1746
2444487.89099 0.1716
2444489.90100 0.1696
2444489.90201 0.1726
2444489.90302 0.1775
2444490.90201 0.1738
2444490.90399 0.1723
2444490.90500 0.1795
2444492.89700 0.1736
2444492.89801 0.1734
2444492.89899 0.1780
2444493.88800 0.1693
2444493.88800 0.1793
2444493.88901 0.1705
2444494.88300 0.1693
2444494.88400 0.1644
2444494.88400 0.1688
2444495.87500 0.1705
2444495.87601 0.1680
2444495.87701 0.1729
2444496.92599 0.1707
2444496.92700 0.1695
2444496.92899 0.1684
2444505.93301 0.1757
2444505.93399 0.1730
2444505.93500 0.1730
2444506.91299 0.1768
2444506.91400 0.1768
2444506.91501 0.1757
2444507.88400 0.1700
2444507.88501 0.1770
2444507.88599 0.1730
2444508.88800 0.1754
2444508.88901 0.1824
2444508.89001 0.1722
2444509.80200 0.1834
2444509.80399 0.1800
2444509.80499 0.1826
2444510.86899 0.1801
2444510.87000 0.1746
2444510.87000 0.1806
2444511.79800 0.1772
2444511.79901 0.1722
2444511.80099 0.1743
2444513.80499 0.1845
2444513.80603 0.1795
2444513.80701 0.1806
2444514.95502 0.1745
2444514.95599 0.1883
2444514.95599 0.1728
2444514.95801 0.1829
2444514.95898 0.1738
2444515.78101 0.1810
2444515.78198 0.1842
2444515.78302 0.1803
2444516.77502 0.1752
2444516.77600 0.1798
2444516.77698 0.1745
2444517.79999 0.1772
2444517.80200 0.1747
2444517.80298 0.1736
2444524.74402 0.1827
2444524.74799 0.1860
2444524.75299 0.1810
2444525.89398 0.1830
2444525.89502 0.1873
2444525.89600 0.1824
2444566.75800 0.1749
2444566.76001 0.1737
2444566.76099 0.1704
2444828.01300 0.1803
2444828.01501 0.1740
2444828.01599 0.1778
2444828.99500 0.1739
2444828.99701 0.1718
2444828.99902 0.1689
2444851.92902 0.1691
2444851.92999 0.1722
2444851.93201 0.1709
2444868.91302 0.1742
2444868.91498 0.1744
2444868.91602 0.1737
2444870.93298 0.1716
2444870.93500 0.1748
2444870.93701 0.1768
2444871.94000 0.1660
2444871.94202 0.1682
2444871.94397 0.1714
2444872.85400 0.1787
2444872.85602 0.1738
2444872.85797 0.1754
2444874.85101 0.1798
2444874.85199 0.1778
2444874.85303 0.1796
2444899.90399 0.1687
2444899.90503 0.1676
2444899.90698 0.1694
2444900.90997 0.1796
2444900.91101 0.1712
2444900.91302 0.1667
2445197.96704 0.1746
2445197.96899 0.1793
2445197.96997 0.1718
2445198.98303 0.1703
2445198.98401 0.1691
2445198.98596 0.1691
2445207.96997 0.1749
2445207.97205 0.1718
2445207.97400 0.1721
2445209.89294 0.1710
2445209.89600 0.1683
2445209.89795 0.1760
2445210.95605 0.1707
2445210.95801 0.1727
2445210.95898 0.1705
2445211.93201 0.1717
2445211.93396 0.1755
2445211.93506 0.1717
2445214.93201 0.1772
2445214.93396 0.1707
2445214.93506 0.1671
2445215.90698 0.1683
2445215.90796 0.1737
2445215.91003 0.1717
2445217.88403 0.1770
2445217.88599 0.1794
2445217.88794 0.1673
2445218.97705 0.1743
2445218.97803 0.1746
2445218.97900 0.1727
2445219.92700 0.1802
2445219.92798 0.1797
2445219.93005 0.1797
2445223.95898 0.1747
2445223.96106 0.1823
2445223.96301 0.1774
2445224.93994 0.1790
2445224.94202 0.1810
2445224.94397 0.1782
2445225.91101 0.1743
2445225.91296 0.1757
2445225.91602 0.1733
2445235.81702 0.1742
2445235.81897 0.1762
2445235.82104 0.1734
2445240.80896 0.1707
2445240.81104 0.1680
2445240.81299 0.1683
2445243.78601 0.1787
2445243.78699 0.1667
2445243.78894 0.1679
2445245.77502 0.1698
2445245.77698 0.1759
2445245.77905 0.1799
2445247.81396 0.1750
2445247.81702 0.1786
2445247.81897 0.1670
2445250.80103 0.1801
2445250.80396 0.1767
2445250.80603 0.1731
2445252.83496 0.1748
2445252.83899 0.1781
2445252.84302 0.1840
2445253.77795 0.1785
2445253.78101 0.1752
2445253.78296 0.1738
2445254.74695 0.1723
2445254.75000 0.1905
2445254.75195 0.1995
2445256.78003 0.1743
2445256.78101 0.1809
2445256.78406 0.1821
2445258.80701 0.1753
2445258.80896 0.1829
2445258.81104 0.1777
2445260.80701 0.1822
2445260.80896 0.1834
2445260.81104 0.1799
2445275.70898 0.1808
2445275.71106 0.1805
2445275.71301 0.1783
2445277.76599 0.1781
2445277.76697 0.1813
2445277.76794 0.1841
2445279.72803 0.1783
2445279.72998 0.1748
2445279.73206 0.1844
2445301.67102 0.1778
2445301.67200 0.1796
2445301.67395 0.1815
2445312.71802 0.1767
2445312.72095 0.1843
2445312.72400 0.1859
2445317.63904 0.1820
2445317.64099 0.1824
2445317.64294 0.1796
2445319.63599 0.1819
2445319.63904 0.1822
2445319.64099 0.1761
2445321.64795 0.1791
2445321.65002 0.1805
2445321.65198 0.1810
2445323.64795 0.1768
2445323.65002 0.1770
2445323.65198 0.1739
2445345.66199 0.1664
2445345.66699 0.1809
2445345.67200 0.1859
2445544.96500 0.1930
2445544.96600 0.2016
2445544.96700 0.2011
2445555.00100 0.1853
2445555.00200 0.1898
2445555.00300 0.1891
2445572.92800 0.1891
2445572.92800 0.1914
2445572.92900 0.1855
2445574.99000 0.1938
2445574.99000 0.1906
2445574.99100 0.1940
2445576.00500 0.2027
2445576.00600 0.2004
2445576.00600 0.2051
2445579.91800 0.1940
2445579.91900 0.1923
2445579.92000 0.1954
2445582.94800 0.1964
2445582.94900 0.1964
2445582.95000 0.1964
2445585.94800 0.2015
2445585.94900 0.2015
2445585.95000 0.1961
2445588.96700 0.2007
2445588.96800 0.1955
2445588.96800 0.2065
2445590.92300 0.1975
2445590.92400 0.1986
2445590.92400 0.1976
2445592.96200 0.1974
2445592.96300 0.1934
2445592.96300 0.1976
2445594.93100 0.2016
2445594.93200 0.1943
2445594.93300 0.2028
2445621.89400 0.1884
2445621.89600 0.1950
2445621.89700 0.1812
2445626.79700 0.1958
2445626.79800 0.1865
2445626.80000 0.1897
2445633.78100 0.1886
2445633.78300 0.1920
2445633.78400 0.1904
2445635.81100 0.1942
2445635.81200 0.1874
2445635.81400 0.1858
2445641.76700 0.1980
2445641.76900 0.1902
2445641.77100 0.1923
2445642.73500 0.1959
2445642.73600 0.1969
2445642.73700 0.1969
2445643.75900 0.1950
2445643.76000 0.1864
2445643.76100 0.1942
2445647.80300 0.1987
2445647.80400 0.1985
2445647.80600 0.1957
2445652.74700 0.1946
2445652.74900 0.1968
2445652.75100 0.1938
2445654.74200 0.1955
2445654.74300 0.1887
2445654.74400 0.1969
2445658.79300 0.1924
2445658.79500 0.1947
2445658.79700 0.1896
2445664.70100 0.1914
2445664.70400 0.1933
2445664.70900 0.1996
2445666.72100 0.1962
2445666.72300 0.1917
2445666.72400 0.1958
2445673.75400 0.2028
2445673.76000 0.1971
2445673.76600 0.2014
2445674.65400 0.2034
2445674.65600 0.1958
2445674.65800 0.1972
2445683.64000 0.2068
2445683.64200 0.2063
2445683.64400 0.2033
2445687.71800 0.1966
2445687.72000 0.2022
2445687.72100 0.2034
2445688.71800 0.2042
2445688.72000 0.2045
2445688.72100 0.2074
2445696.70700 0.1924
2445696.71000 0.1986
2445696.71200 0.1991
2445705.67700 0.1917
2445705.67900 0.1972
2445705.68100 0.1961
2445706.60600 0.1973
2445706.60800 0.1942
2445706.61000 0.1973
2445707.65400 0.2009
2445707.65500 0.1928
2445707.65700 0.1991
2445708.65900 0.1976
2445708.66100 0.2002
2445708.66200 0.1944
2445711.66300 0.2078
2445711.66500 0.2013
2445711.66700 0.2032
2445714.67500 0.2071
2445714.67700 0.2027
2445714.67900 0.2070
2445716.68800 0.2092
2445716.69000 0.2045
2445716.69200 0.2076
2445717.64900 0.2010
2445717.65000 0.2116
2445717.65000 0.2154
2445724.62700 0.1993
2445724.62900 0.1979
2445724.63100 0.2031
2445725.68800 0.1965
2445725.68900 0.2025
2445725.69000 0.2063
2445735.61300 0.2004
2445735.61300 0.2017
2445735.61400 0.2012
2445736.68000 0.1992
2445736.68100 0.1961
2445736.68200 0.1956
2445737.63400 0.2002
2445737.63500 0.2044
2445737.63700 0.2062
2445741.61800 0.1997
2445741.62000 0.1964
2445741.62100 0.1947
2445743.61500 0.2057
2445743.61700 0.2016
2445743.61800 0.2107
2445883.98755 0.2105
2445883.98840 0.2141
2445883.98950 0.2192
2445887.97534 0.2205
2445887.97632 0.2184
2445887.97742 0.2197
2445914.99561 0.2096
2445914.99622 0.2040
2445914.99683 0.2159
2445917.99182 0.2084
2445917.99255 0.2152
2445917.99329 0.2081
2445919.92554 0.2138
2445919.92627 0.2149
2445919.92688 0.2118
2445923.98645 0.2087
2445923.98767 0.1941
2445923.98865 0.1979
2445932.99817 0.2252
2445932.99878 0.2119
2445932.99939 0.2168
2445935.96021 0.2263
2445935.96094 0.2331
2445935.96155 0.2269
2445941.92322 0.2085
2445941.92407 0.2137
2445941.92480 0.2060
2445943.96521 0.2070
2445943.96606 0.2109
2445943.96680 0.2070
2445947.97559 0.2431
2445947.97644 0.2388
2445947.97729 0.2436
2445972.93835 0.2127
2445972.93909 0.2163
2445972.93982 0.2164
2445977.90662 0.2154
2445977.90747 0.2214
2445977.90845 0.2168
2446016.83228 0.2049
2446016.83337 0.2004
2446016.83447 0.2069
2446024.73596 0.2125
2446024.73743 0.2071
2446024.73889 0.2098
2446028.75195 0.2064
2446028.75354 0.2113
2446028.75513 0.2110
2446068.72363 0.2329
2446068.72510 0.2264
2446068.72705 0.2225
2446070.68506 0.2345
2446070.68628 0.2320
2446070.68774 0.2269
2446285.99805 0.2220
2446285.99902 0.2176
2446285.99976 0.2152
2446293.99805 0.2266
2446293.99854 0.2253
2446293.99927 0.2278
2446303.95752 0.2155
2446303.95850 0.2194
2446303.95923 0.2213
2446321.93481 0.2235
2446321.93555 0.2178
2446321.93652 0.2218
2446324.92358 0.2187
2446324.92432 0.2185
2446324.92529 0.2227
2446328.92188 0.2203
2446328.92261 0.2227
2446328.92334 0.2185
2446332.94800 0.2202
2446332.94897 0.2151
2446332.94971 0.2128
2446334.92700 0.2129
2446334.92773 0.2119
2446334.92822 0.2163
2446337.88696 0.2079
2446337.88770 0.2125
2446337.88843 0.2103
2446339.85254 0.2130
2446339.85327 0.2126
2446339.85400 0.2090
2446341.90674 0.2106
2446341.90723 0.2117
2446341.90796 0.2085
2446357.88794 0.2214
2446357.88892 0.2128
2446357.88989 0.2194
2446361.88623 0.2068
2446361.88696 0.2054
2446361.88770 0.2015
2446364.89673 0.2034
2446364.89746 0.2040
2446364.89819 0.2070
2446367.81592 0.2027
2446367.81665 0.2032
2446367.81738 0.2000
2446370.90869 0.2048
2446370.90991 0.1996
2446370.91089 0.2006
2446371.82251 0.1974
2446371.82324 0.1960
2446371.82397 0.1948
2446374.78735 0.2022
2446374.78809 0.1989
2446374.78857 0.2009
2446376.77734 0.2062
2446376.77808 0.2104
2446376.77905 0.2060
2446384.77026 0.2118
2446384.77100 0.2136
2446384.77173 0.2142
2446388.75659 0.2160
2446388.75781 0.2104
2446388.75879 0.2071
2446390.76416 0.2079
2446390.76538 0.2126
2446390.76636 0.2080
2446392.76147 0.2150
2446392.76221 0.2109
2446392.76318 0.2081
2446403.79736 0.1954
2446403.79834 0.2050
2446403.79907 0.1977
2446405.72266 0.1959
2446405.72339 0.1966
2446405.72437 0.1975
2446407.76880 0.1971
2446407.76978 0.1979
2446407.77051 0.2025
2446418.71973 0.2138
2446418.72046 0.2087
2446418.72119 0.2074
2446420.73413 0.2072
2446420.73511 0.2095
2446420.73608 0.2113
2446423.72974 0.2089
2446423.73096 0.2160
2446423.73218 0.2013
2446426.70435 0.2082
2446426.70532 0.2070
2446426.70630 0.2112
2446437.69531 0.1980
2446437.69653 0.2014
2446437.69775 0.1993
2446442.70508 0.2082
2446442.70581 0.2109
2446442.70654 0.2091
2446444.64819 0.2064
2446444.64893 0.2120
2446444.64990 0.2125
2446447.64648 0.2069
2446447.64722 0.2152
2446447.64795 0.2077
2446450.66870 0.2116
2446450.66943 0.2078
2446450.67041 0.2153
2446452.65967 0.2152
2446452.66187 0.2060
2446452.66333 0.2159
2446456.61230 0.2153
2446456.61304 0.2228
2446456.61377 0.2178
2446470.63184 0.2030
2446470.63281 0.2117
2446470.63403 0.2049
2446672.98975 0.2133
2446672.99097 0.2207
2446672.99194 0.2233
2446674.96558 0.2209
2446674.96655 0.2241
2446674.96753 0.2163
2446677.96313 0.2251
2446677.96411 0.2268
2446677.96509 0.2216
2446679.96948 0.2280
2446679.97046 0.2269
2446679.97144 0.2294
2446682.97070 0.2110
2446682.97192 0.2237
2446682.97339 0.2194
2446685.92993 0.2231
2446685.93115 0.2253
2446685.93213 0.2284
2446687.93604 0.2231
2446687.93701 0.2306
2446687.93823 0.2240
2446689.94067 0.2215
2446689.94165 0.2139
2446689.94263 0.2246
2446692.93896 0.2090
2446692.94141 0.2077
2446692.94360 0.2077
2446704.90845 0.2223
2446704.90942 0.2163
2446704.91089 0.2118
2446708.90942 0.2187
2446708.91113 0.2164
2446708.91260 0.2180
2446710.91162 0.2194
2446710.91284 0.2178
2446710.91406 0.2125
2446712.89526 0.2140
2446712.89648 0.2140
2446712.89746 0.2163
2446716.88599 0.2122
2446716.88745 0.2160
2446716.88892 0.2188
2446721.90796 0.2153
2446721.91064 0.2243
2446721.91309 0.2171
2446723.80737 0.2183
2446723.80835 0.2151
2446723.80957 0.2170
2446727.84106 0.2162
2446727.84204 0.2113
2446727.84326 0.2088
2446731.84937 0.2096
2446731.85059 0.1874
2446731.85205 0.1960
2446733.83203 0.1949
2446733.83325 0.2018
2446733.83447 0.1960
2446739.79224 0.2045
2446739.79346 0.2033
2446739.79492 0.2012
2446743.79639 0.2082
2446743.79785 0.2071
2446743.79907 0.2071
2446747.79712 0.2258
2446747.79834 0.2205
2446747.79932 0.2142
2446749.78101 0.2210
2446749.78271 0.2270
2446749.78467 0.2240
2446767.74023 0.1964
2446767.74146 0.1953
2446767.74268 0.2086
2446773.74902 0.2022
2446773.75073 0.1978
2446773.75220 0.1994
2446777.72534 0.2093
2446777.72656 0.2139
2446777.72803 0.2048
2446779.73193 0.2103
2446779.73364 0.2154
2446779.73608 0.2103
2446806.65747 0.1980
2446806.65918 0.1909
2446806.66138 0.1870
2446808.68530 0.1903
2446808.68726 0.1969
2446808.68970 0.1927
2446814.63086 0.2074
2446814.63281 0.2067
2446814.63452 0.2048
2446817.61670 0.2174
2446817.61792 0.2074
2446817.61963 0.2071
2447024.93286 0.1944
2447024.93408 0.1909
2447024.93530 0.1913
2447033.01953 0.1984
2447033.02026 0.2110
2447033.02124 0.2042
2447038.93994 0.1971
2447038.94067 0.1986
2447038.94141 0.1957
2447040.98999 0.1925
2447040.99097 0.1924
2447040.99194 0.1907
2447043.96655 0.1918
2447043.96729 0.1876
2447043.96802 0.1929
2447045.93896 0.1907
2447045.93994 0.1918
2447045.94092 0.1869
2447047.93848 0.1909
2447047.93921 0.1843
2447047.94019 0.1875
2447050.95190 0.1990
2447050.95264 0.2024
2447050.95337 0.2002
2447053.93872 0.2051
2447053.93945 0.2055
2447053.94019 0.2039
2447055.92676 0.2052
2447055.92749 0.1984
2447055.92847 0.1986
2447058.97559 0.1981
2447058.97656 0.1920
2447058.97729 0.1968
2447060.90820 0.1949
2447060.90918 0.1963
2447060.90991 0.1940
2447064.88452 0.1942
2447064.88550 0.1938
2447064.88647 0.1906
2447067.98096 0.1924
2447067.98169 0.1989
2447067.98242 0.2004
2447071.87134 0.2022
2447071.87207 0.2053
2447071.87305 0.2049
2447077.89624 0.1916
2447077.89722 0.1901
2447077.89844 0.1958
2447079.89795 0.1907
2447079.89893 0.1906
2447079.89990 0.1905
2447082.88672 0.2015
2447082.88770 0.2015
2447082.88867 0.2014
2447087.85742 0.2043
2447087.85840 0.2026
2447087.85938 0.1990
2447089.81567 0.2039
2447089.81714 0.1998
2447089.81787 0.2038
2447107.81421 0.1974
2447107.81519 0.2023
2447107.81616 0.1987
2447109.78931 0.1979
2447109.79028 0.2005
2447109.79126 0.2024
2447114.80200 0.1927
2447114.80322 0.1929
2447114.80444 0.1863
2447119.79565 0.1911
2447119.79663 0.1860
2447119.79761 0.1903
2447122.76685 0.2030
2447122.76782 0.1988
2447122.76880 0.1916
2447124.76782 0.1978
2447124.76880 0.1959
2447124.77002 0.1980
2447127.79883 0.1909
2447127.80029 0.2008
2447127.80127 0.1945
2447129.81812 0.1938
2447129.81909 0.1926
2447129.82007 0.1931
2447138.82227 0.1917
2447138.82324 0.1955
2447138.82471 0.1942
2447148.64868 0.1977
2447148.64941 0.1881
2447148.65039 0.1856
2447157.75830 0.1892
2447157.75903 0.1935
2447157.76001 0.1875
2447162.74731 0.1967
2447162.74854 0.1936
2447162.74976 0.1989
2447168.65039 0.2000
2447168.65137 0.1928
2447168.65234 0.1960
2447171.67700 0.1902
2447171.67773 0.1931
2447171.67871 0.1928
2447174.69019 0.1898
2447174.69141 0.1851
2447174.69238 0.1889
2447184.65894 0.1875
2447184.65991 0.1875
2447184.66138 0.1831
2447198.64746 0.1969
2447198.64868 0.1967
2447198.64990 0.1956
2447405.99585 0.1878
2447405.99707 0.1829
2447405.99829 0.1859
2447420.92505 0.1828
2447420.92627 0.1818
2447420.92725 0.1849
2447426.93384 0.1847
2447426.93579 0.1878
2447426.93799 0.1870
2447429.93457 0.1790
2447429.93579 0.1837
2447429.93726 0.1818
2447433.94727 0.1809
2447433.94849 0.1802
2447433.94971 0.1812
2447435.93921 0.1780
2447435.94067 0.1774
2447435.94189 0.1802
2447450.85303 0.1768
2447450.85400 0.1755
2447450.85474 0.1848
2447460.86792 0.1823
2447460.86938 0.1806
2447460.87061 0.1873
2447464.86768 0.1813
2447464.86865 0.1789
2447464.86987 0.1803
2447466.82715 0.1816
2447466.82837 0.1767
2447466.82983 0.1770
2447470.77563 0.1737
2447470.77686 0.1789
2447470.77783 0.1758
2447478.72852 0.1841
2447478.72949 0.1725
2447478.73047 0.1787
2447482.75854 0.1814
2447482.75977 0.1811
2447482.76123 0.1786
2447484.74731 0.1811
2447484.74878 0.1752
2447484.75024 0.1782
2447492.76880 0.1760
2447492.77051 0.1768
2447492.77173 0.1778
2447495.70166 0.1805
2447495.70264 0.1798
2447495.70361 0.1781
2447497.74023 0.1759
2447497.74170 0.1803
2447497.74341 0.1791
2447501.67944 0.1764
2447501.68091 0.1736
2447501.68262 0.1790
2447508.65942 0.1745
2447508.66064 0.1765
2447508.66162 0.1714
2447517.65356 0.1841
2447517.65454 0.1894
2447517.65552 0.1859
2447526.70215 0.1794
2447526.70386 0.1796
2447526.70532 0.1790
2447529.68384 0.1870
2447529.68530 0.1856
2447529.68652 0.1835
2447540.59253 0.1741
2447540.59424 0.1772
2447540.59570 0.1789
2447543.64673 0.1820
2447543.64771 0.1769
2447543.64868 0.1828
2447555.62695 0.1784
2447555.62842 0.1764
2447555.62988 0.1839
2447559.61768 0.1866
2447559.61938 0.1842
2447559.62134 0.1870
2447765.99609 0.1840
2447765.99707 0.1802
2447765.99805 0.1791
2447771.96387 0.1926
2447771.96460 0.1900
2447771.96582 0.1871
2447775.98560 0.1997
2447775.98657 0.1953
2447775.98755 0.2005
2447777.96143 0.1972
2447777.96240 0.1982
2447777.96362 0.2001
2447779.97241 0.2058
2447779.97388 0.2021
2447779.97510 0.1996
2447782.98633 0.2011
2447782.98730 0.2019
2447782.98853 0.1978
2447789.95166 0.1876
2447789.95288 0.1840
2447789.95410 0.1791
2447803.93823 0.1786
2447803.93945 0.1757
2447803.94067 0.1757
2447806.91113 0.1837
2447806.91235 0.1842
2447806.91333 0.1820
2447808.90088 0.1912
2447808.90210 0.1859
2447808.90332 0.1857
2447810.88916 0.1892
2447810.89038 0.1851
2447810.89160 0.1911
2447818.87256 0.1898
2447818.87378 0.1919
2447818.87500 0.1934
2447832.79858 0.1730
2447832.79956 0.1725
2447832.80078 0.1691
2447838.77808 0.1740
2447838.77930 0.1757
2447838.78052 0.1755
2447844.78198 0.1836
2447844.78320 0.1862
2447844.78442 0.1819
2447849.76782 0.1947
2447849.76904 0.1942
2447849.77002 0.1947
2447862.68164 0.1794
2447862.68311 0.1773
2447862.68408 0.1749
2447866.71924 0.1709
2447866.72021 0.1703
2447866.72119 0.1668
2447869.73242 0.1696
2447869.73340 0.1683
2447869.73438 0.1705
2447871.73682 0.1715
2447871.73779 0.1710
2447871.73901 0.1710
2447878.73389 0.1737
2447878.73511 0.1767
2447878.73657 0.1782
2447895.61523 0.1813
2447895.61646 0.1796
2447895.61768 0.1783
2447899.61377 0.1800
2447899.61572 0.1773
2447899.61792 0.1795
2447902.60962 0.1761
2447902.61084 0.1750
2447902.61206 0.1773
2447912.61133 0.1759
2447912.61279 0.1737
2447912.61426 0.1766
2448122.98242 0.1690
2448122.98438 0.1641
2448122.98633 0.1694
2448127.98486 0.1725
2448127.98633 0.1723
2448127.98779 0.1669
2448134.98682 0.1674
2448134.98828 0.1666
2448134.98926 0.1709
2448136.98730 0.1665
2448136.98877 0.1707
2448136.99023 0.1688
2448148.93164 0.1763
2448148.93262 0.1762
2448148.93408 0.1808
2448151.93555 0.1739
2448151.93701 0.1769
2448151.93848 0.1728
2448154.94385 0.1735
2448154.94531 0.1735
2448154.94727 0.1718
2448159.93213 0.1759
2448159.93359 0.1726
2448159.93555 0.1727
2448162.93018 0.1716
2448162.93213 0.1752
2448162.93408 0.1661
2448166.91797 0.1738
2448166.91943 0.1663
2448166.92041 0.1710
2448186.83740 0.1751
2448186.83887 0.1755
2448186.83984 0.1770
2448193.82861 0.1749
2448193.83008 0.1689
2448193.83154 0.1744
2448209.81445 0.1732
2448209.81543 0.1725
2448209.81689 0.1699
2448214.74902 0.1802
2448214.75049 0.1783
2448214.75195 0.1735
2448219.75146 0.1824
2448219.75293 0.1812
2448219.75439 0.1854
2448223.75195 0.1857
2448223.75293 0.1841
2448223.75391 0.1824
2448227.74707 0.1796
2448227.74902 0.1800
2448227.75098 0.1819
2448240.70068 0.1772
2448240.70215 0.1741
2448240.70313 0.1771
2448256.66113 0.1791
2448256.66260 0.1784
2448256.66357 0.1788
2448597.69580 0.1744
2448597.69678 0.1767
2448597.69824 0.1776
2448605.83398 0.1761
2448605.83643 0.1720
2448605.83936 0.1639
2448605.84180 0.1714
2448605.84424 0.1710
2448605.84717 0.1687
2448617.77393 0.1763
2448617.77539 0.1768
2448617.77734 0.1775
2448637.66211 0.1830
2448637.66406 0.1791
2448637.66602 0.1744
2448638.61768 0.1718
2448638.61914 0.1758
2448638.62012 0.1739
2448639.63477 0.1752
2448639.63623 0.1686
2448639.63721 0.1745
2448641.61768 0.1796
2448641.61963 0.1788
2448641.62109 0.1746
2448642.63721 0.1755
2448642.63867 0.1775
2448642.64014 0.1737
2448643.62207 0.1725
2448643.62354 0.1725
2448643.62500 0.1739
2448645.60693 0.1714
2448645.60840 0.1729
2448645.61035 0.1675
2448646.62061 0.1768
2448646.62256 0.1855
2448646.62402 0.1778
2448649.62012 0.1776
2448649.62158 0.1822
2448649.62305 0.1841
2448677.62256 0.1691
2448677.62500 0.1763
2448677.62744 0.1674
2448873.88281 0.1732
2448873.88428 0.1687
2448873.88574 0.1748
2448876.92871 0.1717
2448876.93018 0.1689
2448876.93115 0.1726
2448879.92529 0.1728
2448879.92676 0.1677
2448879.92822 0.1684
2448885.91260 0.1679
2448885.91406 0.1672
2448885.91553 0.1670
2448888.90137 0.1676
2448888.90283 0.1696
2448888.90479 0.1707
2448891.92041 0.1740
2448891.92188 0.1734
2448891.92334 0.1753
2448895.93652 0.1792
2448895.93799 0.1768
2448895.93945 0.1814
2448903.87549 0.1805
2448903.87695 0.1791
2448903.87842 0.1821
2448905.88330 0.1782
2448905.88428 0.1825
2448905.88574 0.1801
2448910.89404 0.1785
2448910.89551 0.1780
2448910.89697 0.1812
2448912.87891 0.1812
2448912.88037 0.1757
2448912.88184 0.1753
2448916.88867 0.1804
2448916.89014 0.1743
2448916.89209 0.1763
2448927.82422 0.1728
2448927.82568 0.1755
2448927.82715 0.1738
2448938.78516 0.1832
2448938.78662 0.1775
2448938.78809 0.1764
2448940.78857 0.1781
2448940.79004 0.1799
2448940.79150 0.1749
2448951.73730 0.1764
2448951.73877 0.1744
2448951.74023 0.1770
2448956.72021 0.1743
2448956.72168 0.1735
2448956.72363 0.1766
2448967.75244 0.1757
2448967.75342 0.1730
2448967.75488 0.1719
2448971.73682 0.1833
2448971.73828 0.1751
2448971.73926 0.1808
2448973.73730 0.1715
2448973.73877 0.1740
2448973.74023 0.1741
2448976.74463 0.1731
2448976.74609 0.1706
2448976.74756 0.1703
2448978.75488 0.1767
2448978.75635 0.1785
2448978.75830 0.1761
2448983.72559 0.1765
2448983.72705 0.1749
2448983.72852 0.1788
2448999.67041 0.1708
2448999.67188 0.1709
2448999.67334 0.1723
2449010.65674 0.1765
2449010.65869 0.1875
2449010.66064 0.1767
2449015.61670 0.1832
2449015.61816 0.1781
2449015.61963 0.1856
2449251.92627 0.1741
2449251.92822 0.1675
2449251.93018 0.1726
2449256.94629 0.1680
2449256.94824 0.1675
2449256.95020 0.1670
2449259.92969 0.1765
2449259.93115 0.1707
2449259.93311 0.1709
2449261.93945 0.1740
2449261.94092 0.1743
2449261.94238 0.1756
2449263.91602 0.1801
2449263.91748 0.1724
2449263.91895 0.1738
2449266.89697 0.1687
2449266.89844 0.1752
2449266.90039 0.1741
2449268.90088 0.1753
2449268.90283 0.1757
2449268.90479 0.1752
2449273.82812 0.1730
2449273.82959 0.1732
2449273.83105 0.1704
2449279.86768 0.1792
2449279.86963 0.1767
2449279.87158 0.1826
2449283.86963 0.1757
2449283.87158 0.1789
2449283.87354 0.1799
2449285.83350 0.1719
2449285.83545 0.1709
2449285.83691 0.1720
2449293.80762 0.1707
2449293.80908 0.1765
2449293.81055 0.1792
2449296.79736 0.1750
2449296.79883 0.1754
2449296.80029 0.1810
2449298.76318 0.1790
2449298.76465 0.1744
2449298.76611 0.1776
2449299.77051 0.1769
2449299.77197 0.1756
2449299.77344 0.1763
2449307.72314 0.1759
2449307.72461 0.1748
2449307.72559 0.1787
2449309.72754 0.1772
2449309.72900 0.1785
2449309.72998 0.1711
2449311.71191 0.1780
2449311.71289 0.1733
2449311.71436 0.1749
2449318.71582 0.1835
2449318.71680 0.1802
2449318.71826 0.1774
2449325.65137 0.1725
2449325.65234 0.1722
2449325.65332 0.1803
2449327.67773 0.1735
2449327.67920 0.1746
2449327.68018 0.1728
2449331.68213 0.1733
2449331.68359 0.1749
2449331.68506 0.1736
2449335.67139 0.1738
2449335.67285 0.1788
2449335.67383 0.1730
2449337.68506 0.1750
2449337.68652 0.1762
2449337.68799 0.1755
2449342.65381 0.1745
2449342.65527 0.1737
2449342.65674 0.1782
2449344.66357 0.1770
2449344.66504 0.1764
2449344.66650 0.1770
2449349.63135 0.1765
2449349.63330 0.1777
2449349.63525 0.1730
2449351.62061 0.1794
2449351.62207 0.1789
2449351.62354 0.1760
2449353.62793 0.1759
2449353.62939 0.1766
2449353.63086 0.1778
2449359.64746 0.1777
2449359.64893 0.1787
2449359.65039 0.1747
2449361.62842 0.1783
2449361.62988 0.1757
2449361.63135 0.1780
2449363.62646 0.1774
2449363.62793 0.1761
2449363.62988 0.1770
2449368.63037 0.1784
2449368.63135 0.1845
2449368.63330 0.1784
2449581.94189 0.1800
2449581.94287 0.1852
2449581.94434 0.1849
2449582.91357 0.1882
2449582.91455 0.1874
2449582.91602 0.1907
2449583.93408 0.1843
2449583.93555 0.1858
2449583.93652 0.1838
2449584.92773 0.1914
2449584.92871 0.1870
2449584.92969 0.1808
2449585.93896 0.1851
2449585.93994 0.1885
2449585.94141 0.1838
2449588.94043 0.1910
2449588.94189 0.1848
2449588.94287 0.1782
2449602.90479 0.1830
2449602.90576 0.1788
2449602.90723 0.1825
2449610.89160 0.1798
2449610.89258 0.1809
2449610.89404 0.1774
2449614.89355 0.1848
2449614.89502 0.1818
2449614.89600 0.1825
2449617.82568 0.1806
2449617.82666 0.1841
2449617.82764 0.1777
2449620.89307 0.1787
2449620.89502 0.1815
2449620.89746 0.1870
2449626.87988 0.1733
2449626.88086 0.1731
2449626.88232 0.1852
2449632.85498 0.1803
2449632.85645 0.1766
2449632.85742 0.1758
2449634.84277 0.1802
2449634.84375 0.1821
2449634.84521 0.1733
2449636.84961 0.1863
2449636.85059 0.1822
2449636.85205 0.1778
2449641.84668 0.1783
2449641.84814 0.1892
2449641.84912 0.1892
2449643.83936 0.1869
2449643.84082 0.1795
2449643.84180 0.1847
2449645.82568 0.1812
2449645.82666 0.1864
2449645.82812 0.1881
2449648.81445 0.1814
2449648.81592 0.1845
2449648.81689 0.1839
2449651.80322 0.1809
2449651.80420 0.1808
2449651.80566 0.1819
2449653.78760 0.1814
2449653.78906 0.1805
2449653.79004 0.1787
2449657.77979 0.1798
2449657.78125 0.1805
2449657.78223 0.1757
2449660.77197 0.1862
2449660.77344 0.1899
2449660.77490 0.1879
2449662.78809 0.1787
2449662.78906 0.1832
2449662.79053 0.1795
2449668.78418 0.1747
2449668.78516 0.1794
2449668.78662 0.1814
2449670.77490 0.1800
2449670.77588 0.1787
2449670.77734 0.1773
2449675.75488 0.1848
2449675.75635 0.1787
2449675.75732 0.1889
2449677.78564 0.1843
2449677.78662 0.1848
2449677.78809 0.1878
2449679.73975 0.1901
2449679.74072 0.1859
2449679.74219 0.1847
2449685.73389 0.1840
2449685.73486 0.1892
2449685.73633 0.1865
2449688.72266 0.1843
2449688.72363 0.1852
2449688.72510 0.1859
2449694.73828 0.1907
2449694.73975 0.1883
2449694.74072 0.1906
2449696.71484 0.1848
2449696.71582 0.1852
2449696.71729 0.1902
2449701.75830 0.1820
2449701.75928 0.1838
2449701.76074 0.1821
2449703.70068 0.1809
2449703.70215 0.1796
2449703.70312 0.1779
2449706.73145 0.1794
2449706.73242 0.1811
2449706.73340 0.1794
2449708.75000 0.1856
2449708.75146 0.1824
2449708.75244 0.1764
2449713.66211 0.1863
2449713.66309 0.1816
2449713.66455 0.1946
2449716.65283 0.1911
2449716.65381 0.1926
2449716.65527 0.1911
2449719.65869 0.1953
2449719.65967 0.1887
2449719.66113 0.1935
2449730.64111 0.1925
2449730.64209 0.1955
2449730.64355 0.2006
2449735.63330 0.1907
2449735.63477 0.2003
2449735.63574 0.2001
2449753.61719 0.1932
2449753.61816 0.1926
2449753.61914 0.1938
2449755.61426 0.1840
2449755.61572 0.1853
2449755.61670 0.1934
