39193.80000 0.2083
39194.80000 0.2035
39272.80000 0.2041
39274.80000 0.2085
39549.80000 0.2068
39550.80000 0.2119
39596.80000 0.2104
39597.80000 0.2059
39666.80000 0.2145
39667.80000 0.2162
39694.80000 0.2040
39897.80000 0.1993
39964.80000 0.1940
39978.80000 0.2019
39981.80000 0.1987
40010.80000 0.2043
40011.80000 0.1947
40047.80000 0.2031
40252.80000 0.2130
40253.80000 0.2026
40254.80000 0.1986
40255.80000 0.2034
40285.80000 0.2100
40286.80000 0.2094
40312.80000 0.2073
40339.80000 0.1956
40340.80000 0.2007
40341.80000 0.2093
40342.80000 0.2134
40611.80000 0.1905
40612.80000 0.1896
40613.80000 0.1897
40661.80000 0.2035
40662.80000 0.1978
40663.80000 0.2034
40664.80000 0.2001
40665.80000 0.1984
40685.80000 0.1927
40686.80000 0.1959
40687.80000 0.1925
40688.80000 0.1958
40725.80000 0.1991
40726.80000 0.1968
40727.80000 0.1937
40728.80000 0.1989
40729.80000 0.1919
40760.80000 0.1972
40761.80000 0.2030
40762.80000 0.2036
40961.80000 0.1940
41027.80000 0.1982
41028.80000 0.2005
41050.80000 0.1948
41051.80000 0.1981
41052.80000 0.1992
41053.80000 0.1975
41083.80000 0.1958
41084.80000 0.1947
41085.80000 0.1922
41113.80000 0.2010
41114.80000 0.1949
41349.80000 0.1946
41398.80000 0.1997
41399.80000 0.2019
41400.80000 0.2067
41401.80000 0.1956
41428.80000 0.1970
41429.80000 0.1980
41430.80000 0.1976
41459.80000 0.1950
41460.80000 0.1984
41461.80000 0.2021
41487.80000 0.2042
41503.80000 0.1955
41726.80000 0.1950
41763.80000 0.1996
41764.80000 0.2042
41765.80000 0.2027
41786.80000 0.1894
41787.80000 0.1944
41788.80000 0.1911
41819.80000 0.1974
41820.80000 0.1948
41821.80000 0.1930
41822.80000 0.1929
41835.80000 0.1888
41836.80000 0.1945
42085.80000 0.2042
42086.80000 0.1969
42087.80000 0.1994
42109.80000 0.2036
42110.80000 0.2063
42147.80000 0.2042
42148.80000 0.1997
42166.80000 0.2067
42167.80000 0.2049
42168.80000 0.2132
42169.80000 0.2121
42208.80000 0.1966
42210.80000 0.2115
42431.80000 0.2071
42432.80000 0.2130
42438.80000 0.2000
42440.80000 0.2018
42467.80000 0.2050
42468.80000 0.2136
42469.80000 0.2131
42470.80000 0.2123
42495.80000 0.2034
42497.80000 0.1973
42498.80000 0.2014
42525.80000 0.2035
42557.80000 0.1957
42558.80000 0.1991
42559.80000 0.2018
42560.80000 0.2021
42792.80000 0.2008
42793.80000 0.1925
42794.80000 0.1973
42819.80000 0.2005
42820.80000 0.1951
42848.80000 0.2002
42849.80000 0.2085
42850.80000 0.1990
42851.80000 0.1929
42885.80000 0.2057
42910.80000 0.1919
42911.80000 0.1916
42912.80000 0.1946
42913.80000 0.1956
42940.80000 0.1855
43172.80000 0.2029
43173.80000 0.2028
43175.80000 0.2056
43176.80000 0.1995
43203.80000 0.1998
43204.80000 0.1990
43205.80000 0.1984
43206.80000 0.1986
43235.80000 0.2029
43236.80000 0.2101
43236.80000 0.2023
43237.80000 0.1983
43237.80000 0.2007
43238.80000 0.1944
43238.80000 0.2062
43239.80000 0.1897
43254.80000 0.1968
43255.80000 0.1944
43256.80000 0.1995
43256.80000 0.1912
43257.80000 0.1904
43257.80000 0.1963
43273.80000 0.1887
43294.80000 0.1896
43295.80000 0.2001
43296.80000 0.1853
43297.80000 0.1935
43631.80000 0.2125
43663.80000 0.1881
43664.80000 0.1887
43673.80000 0.1998
43891.80000 0.2051
43892.80000 0.1982
43892.80000 0.1984
43898.80000 0.2017
43983.80000 0.1889
43983.80000 0.2217
43984.80000 0.1946
43998.80000 0.1885
44003.80000 0.1982
44004.80000 0.2022
44260.80000 0.2058
44277.80000 0.1841
44641.04901 0.2276
44641.04999 0.2293
44641.05103 0.2281
44658.93903 0.2190
44658.94000 0.2186
44658.94000 0.2183
44659.93103 0.2155
44659.93201 0.2217
44659.93402 0.2128
44671.91400 0.2121
44671.91498 0.2150
44671.91498 0.2156
44673.79102 0.2290
44673.79199 0.2290
44673.79303 0.2275
44678.90302 0.2093
44678.90503 0.2103
44678.90601 0.2098
44681.87500 0.2212
44681.87598 0.2159
44681.87701 0.2197
44687.84399 0.2126
44687.84497 0.2178
44687.84601 0.2113
44697.83698 0.2196
44697.83801 0.2193
44697.84003 0.2173
44699.79602 0.2116
44699.79797 0.2131
44699.79999 0.2114
44700.79602 0.2079
44700.79797 0.2104
44700.79999 0.2089
44701.81097 0.2040
44701.81299 0.2061
44701.81500 0.2031
44703.79401 0.2135
44703.79498 0.2142
44703.79498 0.2112
44705.82001 0.2200
44705.82098 0.2253
44705.82202 0.2276
44707.77698 0.2227
44707.77802 0.2192
44707.77899 0.2215
44708.80603 0.2165
44708.80701 0.2220
44708.80798 0.2181
44709.79199 0.2222
44709.79303 0.2199
44709.79303 0.2195
44715.79901 0.2073
44715.79999 0.2130
44715.80200 0.2108
44716.78101 0.2109
44716.78198 0.2147
44716.78302 0.2167
44717.73901 0.2096
44717.73999 0.2143
44717.74103 0.2141
44718.77100 0.2134
44718.77197 0.2146
44718.77301 0.2139
44719.77100 0.2215
44719.77197 0.2165
44719.77301 0.2168
44722.77399 0.2098
44722.77600 0.2158
44722.77802 0.2205
44732.75800 0.2159
44732.75897 0.2132
44732.76001 0.2152
44733.74103 0.2170
44733.74200 0.2195
44733.74298 0.2175
44734.74103 0.2207
44734.74200 0.2190
44734.74200 0.2197
44735.73901 0.2189
44735.73999 0.2159
44735.74103 0.2178
44736.76501 0.2130
44736.76599 0.2145
44736.76599 0.2128
44737.74701 0.2102
44737.74799 0.2105
44737.74902 0.2075
44738.73602 0.2086
44738.73700 0.2114
44738.73798 0.2077
44741.74701 0.2064
44741.74799 0.2131
44741.75000 0.2087
44742.72699 0.2100
44742.72803 0.2123
44742.72900 0.2076
44746.74402 0.2187
44746.74500 0.2130
44746.74701 0.2174
44747.72900 0.2203
44747.72998 0.2154
44747.73102 0.2182
44753.72699 0.2129
44753.72803 0.2109
44753.72900 0.2123
44755.73700 0.2108
44755.73798 0.2099
44755.73901 0.2112
44756.72699 0.2152
44756.72803 0.2107
44756.72900 0.2164
44757.72699 0.2193
44757.72803 0.2168
44757.72900 0.2188
44758.71997 0.2236
44758.72198 0.2251
44758.72400 0.2203
44759.72400 0.2223
44759.72498 0.2270
44759.72601 0.2202
44760.71698 0.2195
44760.71802 0.2170
44760.71899 0.2155
44761.71997 0.2153
44761.72101 0.2131
44761.72198 0.2138
44762.72498 0.2117
44762.72601 0.2124
44762.72699 0.2131
44763.72101 0.2100
44763.72101 0.2158
44763.72198 0.2200
44773.75000 0.2111
44773.75201 0.2138
44773.75299 0.2136
44774.73199 0.2074
44774.73401 0.2074
44774.73499 0.2085
44775.74103 0.2026
44775.74200 0.2036
44775.74402 0.2014
44776.68298 0.2045
44776.68402 0.2036
44776.68500 0.2011
44777.69000 0.1999
44777.69098 0.2018
44777.69202 0.2018
44778.67902 0.2029
44778.67999 0.2034
44778.68103 0.2052
44779.69800 0.2060
44779.69897 0.2042
44779.70001 0.2039
44992.98499 0.1981
44992.98700 0.1981
44992.98798 0.1963
44993.95801 0.2016
44993.95898 0.2016
44993.96100 0.1985
44994.96198 0.2005
44994.96399 0.2005
44994.96503 0.2013
44995.99597 0.2014
44995.99799 0.2016
44995.99902 0.2026
44997.97900 0.2168
44997.97998 0.2094
44997.98102 0.2130
44999.96899 0.2116
44999.97198 0.2116
44999.97400 0.2111
45000.95398 0.2105
45000.95599 0.2062
45000.95697 0.2103
45002.96301 0.2013
45002.96503 0.2072
45002.96600 0.2027
45003.94397 0.2010
45003.94501 0.1989
45003.94598 0.2071
45019.90900 0.2048
45019.91101 0.2039
45019.91302 0.2068
45020.90698 0.2101
45020.90802 0.2051
45020.90900 0.2092
45021.90997 0.2087
45021.91199 0.2092
45021.91302 0.2070
45024.93604 0.2102
45024.93701 0.2075
45024.93896 0.2128
45026.93201 0.2107
45026.93396 0.2114
45026.93604 0.2136
45028.91699 0.2110
45028.91797 0.2165
45028.92004 0.2113
45048.82996 0.2121
45048.84204 0.2112
45048.84399 0.2126
45050.90198 0.2081
45050.90295 0.2084
45050.90503 0.2024
45052.80701 0.2156
45052.80798 0.2091
45052.81006 0.2101
45053.80896 0.2093
45053.81396 0.2095
45053.81799 0.2097
45059.86804 0.2123
45059.87000 0.2135
45059.87195 0.2099
45061.80103 0.2070
45061.80396 0.2089
45061.80603 0.2113
45072.78601 0.2120
45072.78796 0.2148
45072.78894 0.2112
45073.79395 0.2035
45073.79602 0.2030
45073.79797 0.2054
45074.79797 0.2077
45074.80103 0.2005
45074.80396 0.2043
45076.76196 0.2071
45076.76404 0.2071
45076.76599 0.2040
45077.76599 0.2204
45077.76697 0.2176
45077.76904 0.2202
45078.77795 0.2100
45078.78003 0.2064
45078.78198 0.2107
45079.80798 0.2072
45079.81006 0.2082
45079.81104 0.2091
45080.75000 0.2162
45080.75305 0.2167
45080.75500 0.2195
45081.74194 0.2158
45081.74402 0.2129
45081.74500 0.2196
45082.75696 0.2188
45082.75903 0.2205
45082.76001 0.2190
45083.73096 0.2116
45083.73303 0.2123
45083.73401 0.2090
45084.87305 0.2016
45084.87402 0.2080
45084.87500 0.2083
45087.72998 0.2082
45087.73206 0.2063
45087.73303 0.2082
45088.75000 0.2124
45088.75098 0.2088
45088.75305 0.2054
45089.70801 0.2101
45089.70996 0.2089
45089.71106 0.2087
45091.75598 0.2122
45091.75806 0.2129
45091.76001 0.2110
45092.69897 0.2087
45092.70105 0.2107
45092.70203 0.2109
45093.70801 0.2198
45093.70996 0.2148
45093.71106 0.2184
45094.77600 0.2110
45094.77795 0.2136
45094.78003 0.2138
45095.72400 0.2119
45095.72595 0.2096
45095.72803 0.2075
45096.69299 0.2017
45096.69397 0.2062
45096.69495 0.2019
45097.69995 0.2018
45097.70300 0.1932
45097.70496 0.2047
45102.67798 0.2097
45102.68103 0.2071
45102.68396 0.2047
45103.67200 0.2086
45103.67505 0.2038
45103.67700 0.2076
45105.69104 0.2126
45105.69299 0.2095
45105.69495 0.2083
45106.70105 0.2127
45106.70300 0.2124
45106.70496 0.2136
45107.70203 0.2063
45107.70300 0.2075
45107.70496 0.2094
45108.71899 0.2088
45108.72095 0.2028
45108.72302 0.2038
45109.69397 0.1986
45109.69800 0.2007
45109.70105 0.1998
45110.69495 0.2017
45110.69702 0.2022
45110.69995 0.2015
45111.79297 0.1999
45111.79395 0.1978
45111.79602 0.1994
45112.71594 0.1982
45112.71899 0.1987
45112.72205 0.1966
45113.73804 0.1986
45113.73999 0.2010
45113.74194 0.1981
45114.67395 0.1991
45114.67603 0.2015
45114.67798 0.2007
45118.70605 0.2069
45118.70898 0.2041
45118.71106 0.2025
45120.71899 0.2020
45120.72095 0.2024
45120.72205 0.2032
45121.72803 0.2016
45121.72998 0.2012
45121.73096 0.2019
45123.69604 0.1977
45123.69800 0.1964
45123.69995 0.1972
45124.68799 0.1986
45124.68896 0.1967
45124.69104 0.1995
45125.70996 0.2007
45125.71106 0.2003
45125.71204 0.2012
45126.69202 0.2031
45126.69397 0.1993
45126.69495 0.2015
45128.67798 0.2053
45128.68005 0.2073
45128.68103 0.2058
45131.66602 0.2021
45131.66797 0.2016
45131.66895 0.2036
45132.67395 0.2029
45132.67603 0.2068
45132.67798 0.2051
45133.71704 0.2051
45133.71802 0.2025
45133.71997 0.2014
45134.69702 0.2013
45134.69800 0.2020
45134.69897 0.2015
45135.70105 0.2061
45135.70300 0.1971
45135.70398 0.1932
45136.69495 0.1978
45136.69702 0.1964
45136.69800 0.1949
45137.69397 0.1947
45137.69495 0.1947
45137.69702 0.1956
45139.72595 0.2041
45139.72803 0.2058
45139.72998 0.2024
45140.73401 0.2039
45140.73499 0.2063
45140.73596 0.2063
45141.73401 0.2074
45141.73499 0.2083
45141.73706 0.2076
45142.73401 0.2048
45142.73596 0.2057
45142.73706 0.2026
45151.67505 0.2026
45151.67603 0.1997
45151.67700 0.1997
45345.87500 0.2153
45345.87805 0.2108
45345.88098 0.2116
45347.02600 0.2104
45347.02600 0.2100
45347.02698 0.2094
45348.04199 0.2078
45348.04297 0.2063
45348.04395 0.2051
45349.02002 0.2084
45349.02100 0.2062
45349.02100 0.2057
45350.01001 0.2017
45350.01099 0.1977
45350.01196 0.2029
45352.01501 0.2006
45352.01501 0.2037
45352.01697 0.2020
45353.04602 0.2009
45353.04895 0.2018
45353.05103 0.2043
45360.04004 0.2052
45360.04004 0.2071
45360.04102 0.2045
45362.97595 0.2024
45362.97803 0.2036
45362.97998 0.2076
45365.93396 0.2128
45365.93506 0.2125
45365.93506 0.2130
45367.02502 0.2185
45367.02600 0.2153
45367.02698 0.2164
45369.89099 0.2151
45369.89099 0.2191
45369.89197 0.2192
45375.97205 0.2014
45375.97302 0.2081
45375.97400 0.2052
45380.00305 0.2117
45380.00500 0.2121
45380.00598 0.2163
45380.98999 0.2167
45380.99097 0.2180
45380.99097 0.2203
45381.94995 0.2109
45381.95105 0.2141
45381.95300 0.2115
45382.95703 0.2078
45382.95801 0.2069
45382.95898 0.2095
45384.90698 0.2017
45384.90796 0.2067
45384.90906 0.2053
45385.97803 0.1987
45385.97900 0.1999
45385.97998 0.2029
45386.90002 0.2052
45386.90100 0.2039
45386.90198 0.2030
45387.94202 0.2072
45387.94299 0.2016
45387.94397 0.2026
45398.93701 0.2036
45398.93799 0.2004
45398.93896 0.2040
45401.83899 0.2139
45401.83997 0.2130
45401.84094 0.2161
45402.81897 0.2097
45402.81995 0.2131
45402.82104 0.2093
45406.93994 0.2155
45406.94104 0.2164
45406.94202 0.2163
45408.94897 0.1985
45408.95105 0.2023
45408.95300 0.1971
45409.93994 0.2045
45409.94202 0.2023
45409.94299 0.2011
45415.82300 0.2181
45415.82397 0.2214
45415.82495 0.2149
45419.80896 0.2154
45419.81006 0.2137
45419.81104 0.2161
45420.71997 0.2071
45420.72095 0.2141
45420.72205 0.2119
45423.79102 0.2108
45423.79199 0.2108
45423.79297 0.2134
45424.78601 0.2084
45424.78699 0.2096
45424.78796 0.2100
45425.89905 0.2150
45425.90002 0.2144
45425.90100 0.2164
45426.78503 0.2127
45426.78601 0.2142
45426.78699 0.2161
45429.81201 0.2164
45429.81299 0.2153
45429.81396 0.2149
45430.85095 0.2176
45430.85205 0.2143
45430.85303 0.2135
45431.80005 0.2095
45431.80103 0.2140
45431.80200 0.2153
45432.81006 0.2061
45432.81104 0.2108
45432.81104 0.2069
45433.81104 0.2096
45433.81201 0.2080
45433.81299 0.2119
45437.83398 0.2058
45437.83606 0.2130
45437.83704 0.2127
45438.78601 0.2094
45438.78601 0.2103
45438.78699 0.2103
45439.78296 0.2090
45439.78406 0.2119
45439.78503 0.2115
45440.76697 0.2136
45440.76794 0.2118
45440.76904 0.2090
45447.75305 0.2085
45447.75403 0.2131
45447.75500 0.2138
45449.78406 0.2127
45449.78503 0.2113
45449.78601 0.2089
45451.81006 0.2072
45451.81104 0.2081
45451.81201 0.2085
45457.72400 0.2076
45457.72400 0.2057
45457.72498 0.2039
45476.69800 0.1998
45476.69897 0.2029
45476.69995 0.2063
45477.69604 0.2002
45477.69604 0.2018
45477.69702 0.1989
45478.68005 0.1978
45478.68103 0.1986
45478.68201 0.1950
45479.71899 0.2019
45479.71997 0.2049
45479.72095 0.2019
45480.68396 0.2043
45480.68506 0.2051
45480.68604 0.2067
45481.67798 0.2087
45481.67896 0.2099
45481.68005 0.2079
45482.68103 0.2124
45482.68201 0.2124
45482.68298 0.2123
45484.70996 0.2163
45484.71106 0.2163
45484.71204 0.2137
45485.68896 0.2139
45485.68994 0.2132
45485.69202 0.2169
45697.06000 0.2115
45697.06200 0.2127
45697.06300 0.2126
45698.06100 0.2103
45698.06200 0.2141
45698.06300 0.2120
45699.07100 0.2127
45699.07200 0.2135
45699.07300 0.2131
45699.07300 0.2126
45699.07400 0.2188
45699.07500 0.2146
45701.07800 0.2245
45701.07900 0.2172
45701.08100 0.2173
45706.04100 0.2106
45706.04200 0.2098
45706.04300 0.2134
45720.03500 0.2117
45720.03600 0.2117
45720.03700 0.2153
45726.00900 0.2207
45726.01000 0.2200
45726.01100 0.2183
45738.98800 0.2243
45738.98800 0.2211
45738.98900 0.2244
45753.97400 0.2151
45753.97400 0.2154
45753.97500 0.2130
45758.86800 0.2152
45758.86800 0.2129
45758.86900 0.2120
45765.93700 0.2192
45765.93800 0.2196
45765.93900 0.2127
45779.97000 0.2117
45779.97100 0.2089
45779.97100 0.2103
45786.91800 0.2205
45786.91900 0.2148
45786.91900 0.2129
45794.92859 0.2164
45794.92908 0.2215
45794.92969 0.2189
45802.89783 0.2089
45802.89856 0.2060
45802.89905 0.2103
45808.88513 0.2140
45808.88586 0.2160
45808.88660 0.2199
45815.81616 0.2057
45815.81714 0.2148
45815.81824 0.2093
45827.79100 0.2134
45827.79200 0.2141
45827.79300 0.2188
45837.75342 0.2219
45837.75415 0.2231
45837.75476 0.2188
45843.75598 0.2115
45843.75671 0.2137
45843.75757 0.2083
45849.76990 0.2279
45849.77063 0.2187
45849.77136 0.2200
45861.75903 0.2279
45861.75989 0.2213
45861.76062 0.2257
45869.70850 0.2181
45869.70923 0.2212
45869.70984 0.2243
45876.71729 0.2243
45876.71814 0.2206
45876.71899 0.2242
45884.71179 0.2220
45884.71252 0.2262
45884.71338 0.2200
45887.68835 0.2180
45887.68896 0.2152
45887.68945 0.2193
45888.70654 0.2196
45888.70728 0.2204
45888.70789 0.2189
45889.68323 0.2156
45889.68396 0.2158
45889.68469 0.2139
45890.69434 0.2126
45890.69495 0.2192
45890.69556 0.2162
45891.68677 0.2191
45891.68750 0.2206
45891.68835 0.2155
45892.68933 0.2232
45892.68994 0.2256
45892.69080 0.2198
45893.70044 0.2253
45893.70105 0.2306
45893.70178 0.2278
45899.70447 0.2150
45899.70679 0.2224
45899.70776 0.2195
45914.68274 0.2111
45914.68359 0.2180
45914.68445 0.2161
45916.69995 0.2180
45916.70093 0.2189
45916.70178 0.2170
45917.66736 0.2056
45917.66785 0.2222
45917.66846 0.2107
45918.67883 0.2157
45918.67944 0.2133
45918.68018 0.2127
45919.66626 0.2163
45919.66687 0.2238
45919.66760 0.2207
45922.66467 0.1963
45922.66553 0.1943
45922.66638 0.1926
46086.62061 0.2088
46086.62915 0.2126
46086.63867 0.2134
46110.97095 0.2119
46110.97241 0.2081
46110.97388 0.2090
46111.99976 0.2095
46112.00122 0.2067
46112.00244 0.2080
46113.01074 0.2083
46113.01147 0.2103
46113.01221 0.2078
46115.95679 0.2153
46115.95752 0.2125
46115.95825 0.2124
46121.92993 0.1978
46121.93091 0.2048
46121.93213 0.2057
46123.01904 0.2084
46123.01978 0.2084
46123.02051 0.2078
46123.98486 0.2103
46123.98560 0.2072
46123.98633 0.2078
46138.95923 0.2033
46138.95996 0.2019
46138.96069 0.1962
46139.95874 0.2014
46139.95947 0.2048
46139.96021 0.2043
46141.99268 0.2030
46141.99341 0.2041
46141.99414 0.2036
46145.86719 0.1990
46145.86816 0.2007
46145.86914 0.1985
46147.95679 0.2030
46147.95752 0.2103
46147.95825 0.1996
46148.86890 0.2021
46148.86963 0.1996
46148.87061 0.1978
46149.87622 0.2035
46149.87720 0.1990
46149.87793 0.1989
46150.88501 0.1977
46150.88599 0.2079
46150.88672 0.2027
46157.90649 0.2055
46157.90723 0.2054
46157.90820 0.2102
46158.80591 0.2021
46158.80664 0.2054
46158.80737 0.2000
46160.85278 0.2085
46160.85352 0.2070
46160.85425 0.2016
46161.83228 0.2029
46161.83301 0.2008
46161.83374 0.2076
46163.80420 0.2014
46163.80469 0.2026
46163.80542 0.1998
46164.87378 0.2060
46164.87451 0.2013
46164.87524 0.2017
46165.81616 0.2081
46165.81689 0.2070
46165.81763 0.2016
46166.85327 0.2021
46166.85376 0.2029
46166.85449 0.2088
46167.85010 0.1984
46167.85083 0.2003
46167.85156 0.2022
46168.82153 0.1985
46168.82251 0.1970
46168.82324 0.2015
46170.85596 0.2051
46170.85669 0.2053
46170.85742 0.1968
46171.87769 0.1995
46171.87842 0.1992
46171.87891 0.2114
46175.86914 0.2043
46175.87036 0.1974
46175.87158 0.1997
46182.88867 0.1991
46182.88989 0.1963
46182.89136 0.2042
46183.83057 0.1990
46183.83130 0.2011
46183.83179 0.1970
46184.89185 0.2023
46184.89258 0.1995
46184.89355 0.2015
46186.79688 0.1994
46186.79761 0.2018
46186.79858 0.1999
46187.81274 0.2018
46187.81348 0.1984
46187.81396 0.2009
46189.84106 0.1993
46189.84180 0.2031
46189.84229 0.2002
46190.83667 0.1963
46190.83740 0.1962
46190.83813 0.1959
46191.83081 0.1958
46191.83154 0.2040
46191.83228 0.2023
46192.76978 0.2054
46192.77051 0.2041
46192.77124 0.2104
46198.79150 0.1983
46198.79248 0.1977
46198.79346 0.1982
46199.80908 0.1975
46199.81006 0.1979
46199.81079 0.1985
46200.64771 0.1983
46200.64893 0.1981
46200.64990 0.1952
46201.66895 0.1949
46201.67017 0.1928
46201.67163 0.1937
46202.64502 0.1907
46202.64575 0.1935
46202.64673 0.1884
46203.77539 0.1955
46203.77588 0.1959
46203.77661 0.1963
46204.64819 0.1979
46204.64893 0.1980
46204.64966 0.2019
46205.80859 0.2046
46205.80957 0.2029
46205.81079 0.2034
46206.78906 0.2086
46206.79028 0.2045
46206.79150 0.2073
46207.80273 0.2005
46207.80371 0.1989
46207.80493 0.2043
46208.72949 0.2042
46208.73047 0.2000
46208.73120 0.2023
46209.81958 0.2030
46209.82056 0.2031
46209.82129 0.2027
46210.85156 0.2023
46210.85254 0.2049
46210.85352 0.2057
46212.80542 0.2000
46212.80615 0.2020
46212.80688 0.1962
46213.74976 0.1974
46213.75049 0.2021
46213.75122 0.2006
46214.73950 0.2002
46214.73999 0.2018
46214.74072 0.1958
46215.80200 0.2112
46215.80322 0.2122
46215.80444 0.2140
46216.79370 0.2072
46216.79492 0.2059
46216.79614 0.2115
46218.70142 0.1989
46218.70239 0.2020
46218.70313 0.2008
46220.65601 0.2018
46220.65698 0.1971
46220.65820 0.1991
46221.68408 0.2057
46221.68506 0.1989
46221.68604 0.2004
46223.67798 0.2038
46223.67896 0.2012
46223.67969 0.2028
46224.65430 0.1980
46224.65503 0.1976
46224.65576 0.2010
46225.67456 0.2029
46225.67554 0.1988
46225.67651 0.2070
46226.66040 0.2090
46226.66162 0.2099
46226.66260 0.2107
46227.66772 0.2067
46227.66895 0.2048
46227.66992 0.2081
46230.69995 0.1970
46230.70142 0.2017
46230.70264 0.1972
46231.66113 0.1979
46231.66235 0.2046
46231.66357 0.2013
46233.66211 0.2104
46233.66284 0.2108
46233.66382 0.2104
46234.65967 0.2071
46234.66064 0.2084
46234.66138 0.2075
46235.65894 0.2026
46235.65991 0.2018
46235.66089 0.2061
46237.66382 0.2069
46237.66455 0.2069
46237.66504 0.2065
46238.66211 0.2110
46238.66260 0.2112
46238.66309 0.2120
46239.66968 0.2099
46239.67041 0.2105
46239.67090 0.2136
46240.66626 0.2075
46240.66675 0.2102
46240.66748 0.2059
46241.72192 0.2024
46241.72290 0.2003
46241.72339 0.2039
46243.67310 0.2089
46243.67383 0.2084
46243.67456 0.2102
46244.65723 0.2173
46244.65820 0.2173
46244.65918 0.2152
46245.65723 0.2250
46245.65820 0.2245
46245.65918 0.2241
46246.67334 0.2205
46246.67407 0.2190
46246.67480 0.2228
46247.66333 0.2164
46247.66431 0.2155
46247.66504 0.2156
46250.66479 0.2100
46250.66553 0.2134
46250.66650 0.2131
46457.97949 0.1985
46457.98022 0.2031
46457.98096 0.2012
46458.97974 0.1981
46458.98071 0.2029
46458.98145 0.2024
46467.99561 0.2061
46467.99658 0.2054
46467.99756 0.2032
46472.00415 0.2019
46472.00488 0.2025
46472.00562 0.2019
46472.97949 0.2018
46472.98047 0.2015
46472.98145 0.2052
46483.97021 0.1940
46483.97119 0.1952
46483.97217 0.1967
46485.00806 0.1968
46485.00903 0.1947
46485.01001 0.1973
46485.93555 0.1986
46485.93652 0.2002
46485.93726 0.2040
46488.99219 0.2105
46488.99292 0.2020
46488.99365 0.2104
46491.95557 0.2002
46491.95654 0.1947
46491.95752 0.1910
46493.97681 0.1986
46493.97778 0.1942
46493.97876 0.1952
46494.91724 0.2014
46494.91821 0.1903
46494.91943 0.1925
46495.96851 0.1981
46495.96924 0.1994
46495.96997 0.2003
46498.94507 0.2089
46498.94629 0.2050
46498.94727 0.2045
46508.94775 0.2093
46508.94849 0.2111
46508.94946 0.2111
46509.90967 0.2052
46509.91064 0.2045
46509.91138 0.2032
46511.90161 0.2024
46511.90259 0.1998
46511.90356 0.2043
46512.88623 0.2094
46512.88721 0.2055
46512.88843 0.2054
46513.90820 0.2097
46513.90918 0.2031
46513.90991 0.2045
46515.92236 0.2017
46515.92310 0.1975
46515.92383 0.1993
46516.93091 0.1978
46516.93188 0.2003
46516.93311 0.1985
46519.93848 0.2103
46519.93945 0.2095
46519.94019 0.2114
46521.89453 0.2053
46521.89551 0.2054
46521.89648 0.2043
46523.87427 0.2137
46523.87500 0.2112
46523.87598 0.2115
46525.86938 0.2108
46525.87329 0.2122
46525.87427 0.2122
46529.88159 0.2058
46529.88232 0.2078
46529.88306 0.2099
46530.89282 0.2064
46530.89355 0.1988
46530.89453 0.2071
46530.90625 0.2119
46530.90771 0.2022
46530.90894 0.2105
46532.87915 0.2053
46532.87988 0.2112
46532.88086 0.2100
46535.88403 0.2032
46535.88477 0.2050
46535.88550 0.2065
46538.90088 0.2037
46538.90186 0.2023
46538.90283 0.2029
46539.80933 0.1967
46539.81006 0.2050
46539.81079 0.2046
46540.87695 0.2023
46540.87769 0.2023
46540.87842 0.2034
46542.88770 0.2062
46542.88867 0.2038
46542.88940 0.2050
46543.80908 0.2094
46543.80981 0.2105
46543.81030 0.2136
46545.75684 0.2060
46545.75757 0.2039
46545.75830 0.2065
46548.81079 0.2021
46548.81152 0.2035
46548.81226 0.2026
46549.79321 0.2004
46549.79395 0.1996
46549.79492 0.2008
46550.80127 0.2005
46550.80225 0.2009
46550.80322 0.2011
46552.80566 0.2057
46552.80640 0.2078
46552.80737 0.2031
46553.82349 0.2087
46553.82422 0.2054
46553.82495 0.2082
46555.77637 0.2103
46555.77710 0.2068
46555.77783 0.2062
46557.79175 0.2000
46557.79272 0.1894
46557.79370 0.1978
46558.78223 0.2042
46558.78320 0.2007
46558.78467 0.1975
46560.74219 0.1948
46560.74292 0.1962
46560.74365 0.1961
46565.78735 0.1959
46565.78833 0.1948
46565.78906 0.1980
46569.76904 0.2059
46569.76978 0.2052
46569.77075 0.2035
46570.76782 0.2062
46570.76880 0.2041
46570.76953 0.2029
46572.78003 0.1910
46572.78101 0.1958
46572.78174 0.1929
46573.78955 0.1889
46573.79053 0.1899
46573.79126 0.1906
46575.76904 0.1910
46575.76978 0.1947
46575.77075 0.1923
46576.73218 0.1972
46576.73315 0.1901
46576.73389 0.1942
46577.72974 0.1951
46577.73071 0.1982
46577.73145 0.1990
46579.72510 0.2078
46579.72583 0.2087
46579.72681 0.2100
46580.74854 0.2167
46580.74951 0.2106
46580.75024 0.2168
46583.74170 0.2059
46583.74243 0.2043
46583.74341 0.2050
46584.74463 0.2037
46584.74536 0.1983
46584.74634 0.2022
46586.73364 0.1919
46586.73511 0.1905
46586.73608 0.1892
46587.73535 0.1894
46587.73608 0.1856
46587.73682 0.1911
46588.73999 0.1949
46588.74072 0.1907
46588.74170 0.1986
46590.75293 0.2112
46590.75366 0.2121
46590.75439 0.2071
46591.73364 0.2094
46591.73438 0.2098
46591.73486 0.2076
46593.71802 0.2072
46593.71875 0.2119
46593.71948 0.2126
46594.70435 0.2115
46594.70483 0.2102
46594.70557 0.2131
46595.74023 0.2099
46595.74097 0.2091
46595.74194 0.2112
46597.72607 0.1995
46597.72681 0.1948
46597.72754 0.1974
46598.72607 0.1981
46598.72681 0.1989
46598.72754 0.1959
46600.70630 0.1966
46600.70703 0.1990
46600.70801 0.1948
46601.70410 0.2019
46601.70508 0.2008
46601.70581 0.2040
46603.71899 0.2108
46603.71948 0.2093
46603.72021 0.2107
46604.70093 0.2082
46604.70166 0.2089
46604.70264 0.2081
46605.71411 0.2099
46605.71509 0.2145
46605.71582 0.2108
46610.71533 0.1993
46610.71631 0.2005
46610.71729 0.2027
46611.70239 0.1993
46611.70313 0.2017
46611.70410 0.2001
46618.67969 0.2025
46618.68042 0.2012
46618.68140 0.2017
46619.68579 0.2065
46619.68652 0.2050
46619.68750 0.2003
46621.66260 0.2019
46621.66357 0.2015
46621.66431 0.2049
46623.67773 0.1976
46623.67871 0.1996
46623.67944 0.1924
46624.67310 0.1977
46624.67383 0.2033
46624.67480 0.2020
46827.99512 0.1903
46827.99658 0.1879
46827.99756 0.1968
46829.06470 0.1971
46829.06567 0.1967
46829.06689 0.1909
46830.03149 0.1977
46830.03247 0.1965
46830.03418 0.1973
46832.05396 0.1939
46832.05469 0.1966
46832.05566 0.1866
46833.05298 0.1857
46833.05371 0.1918
46833.05444 0.1931
46834.98730 0.1903
46834.98877 0.1944
46834.99194 0.1906
46844.05151 0.1893
46844.05225 0.1911
46844.05322 0.1922
46845.05640 0.1941
46845.05737 0.1899
46845.05811 0.1861
46848.04102 0.1981
46848.04175 0.1930
46848.04272 0.1963
46866.93994 0.1822
46866.94067 0.1894
46866.94141 0.1834
46867.95386 0.1780
46867.95459 0.1872
46867.95532 0.1850
46872.96094 0.2018
46872.96191 0.1954
46872.96313 0.1992
46874.94702 0.2056
46874.94800 0.2085
46874.94897 0.2022
46877.92847 0.1836
46877.92944 0.1850
46877.93066 0.1844
46880.85156 0.1949
46880.85254 0.1905
46880.85327 0.1889
46892.90088 0.1941
46892.90186 0.1954
46892.90259 0.1905
46894.90527 0.2039
46894.90820 0.1990
46894.91064 0.1981
46895.87427 0.1974
46895.87524 0.1965
46895.87622 0.1965
46897.80688 0.1948
46897.80811 0.1951
46897.80908 0.1896
46900.87158 0.1777
46900.87256 0.1723
46900.87378 0.1748
46903.87891 0.1842
46903.87988 0.1881
46903.88062 0.1858
46905.87744 0.2003
46905.87842 0.1965
46905.87939 0.1971
46920.78491 0.1951
46920.78564 0.2005
46920.78662 0.1900
46921.79980 0.1879
46921.80054 0.1904
46921.80127 0.1882
46928.77344 0.1928
46928.77441 0.1964
46928.77637 0.1992
46933.75659 0.1849
46933.75732 0.1937
46933.75806 0.1888
46938.74805 0.1796
46938.74927 0.1833
46938.75098 0.1776
46948.73486 0.1840
46948.73584 0.1868
46948.73706 0.1846
46950.70923 0.1847
46950.71045 0.1833
46950.71143 0.1828
46951.71045 0.1891
46951.71143 0.1883
46951.71240 0.1881
46954.70166 0.1995
46954.70239 0.2003
46954.70313 0.1993
46956.69653 0.1974
46956.69727 0.1939
46956.69800 0.1975
46957.70313 0.1994
46957.70386 0.1924
46957.70459 0.1933
46959.71338 0.1912
46959.71436 0.1869
46959.71558 0.1841
46960.68555 0.1817
46960.68628 0.1859
46960.68701 0.1906
46962.70947 0.1805
46962.71045 0.1861
46962.71143 0.1803
46964.69189 0.1915
46964.69287 0.1971
46964.69360 0.1901
46965.69702 0.1939
46965.69800 0.1929
46965.69873 0.1940
46967.70044 0.1914
46967.70142 0.1915
46967.70239 0.1957
46970.70703 0.1957
46970.70801 0.1885
46970.70898 0.1901
47181.06812 0.2001
47181.06934 0.2013
47181.07031 0.1905
47185.05249 0.1941
47185.05347 0.1973
47185.05469 0.1929
47185.99390 0.1947
47185.99487 0.1960
47185.99585 0.1956
47191.06104 0.1852
47191.06201 0.1913
47191.06323 0.1889
47195.06250 0.2025
47195.06372 0.1997
47195.06494 0.2069
47198.04443 0.1950
47198.04541 0.1913
47198.04639 0.1908
47199.02563 0.1897
47199.02661 0.1943
47199.02759 0.1948
47202.03101 0.1859
47202.03198 0.1885
47202.03296 0.1875
47203.95850 0.1923
47203.95972 0.1888
47203.96094 0.1903
47205.01563 0.1913
47205.01660 0.1954
47205.01758 0.1964
47205.96484 0.1980
47205.96582 0.1943
47205.96655 0.1978
47207.96851 0.1981
47207.96997 0.1991
47207.97095 0.1990
47212.02661 0.1881
47212.02734 0.1864
47212.02832 0.1915
47213.01538 0.1860
47213.01611 0.1862
47213.01709 0.1828
47214.95703 0.1863
47214.95825 0.1913
47214.95923 0.1909
47216.02783 0.1946
47216.02905 0.1933
47216.03027 0.1976
47216.96362 0.1960
47216.96460 0.1940
47216.96558 0.1932
47223.98291 0.1890
47223.98364 0.1840
47223.98438 0.1852
47225.94775 0.1830
47225.94897 0.1807
47225.94995 0.1821
47235.98853 0.1838
47235.98999 0.1857
47235.99146 0.1860
47239.01904 0.1886
47239.02026 0.1849
47239.02148 0.1882
47239.91016 0.1918
47239.91138 0.1884
47239.91235 0.1925
47241.87329 0.2013
47241.87476 0.2012
47241.87598 0.2007
47252.85791 0.1934
47252.85913 0.1951
47252.86011 0.1932
47253.81616 0.1924
47253.81738 0.1944
47253.81860 0.1931
47254.88330 0.1935
47254.88477 0.1930
47254.88599 0.1904
47255.82373 0.1878
47255.82495 0.1892
47255.82617 0.1919
47256.96265 0.1923
47256.96362 0.1863
47256.96460 0.1894
47257.88354 0.1842
47257.88501 0.1891
47257.89160 0.1811
47276.80640 0.1878
47276.80762 0.1860
47276.80884 0.1924
47281.77979 0.1881
47281.78101 0.1923
47281.78223 0.1897
47283.81030 0.1908
47283.81128 0.1874
47283.81226 0.1909
47284.77808 0.1860
47284.77905 0.1825
47284.78027 0.1851
47290.83423 0.1916
47290.83521 0.1891
47290.83618 0.1854
47292.86011 0.1920
47292.86133 0.1920
47292.86279 0.1908
47294.78882 0.1967
47294.79004 0.1927
47294.79126 0.2000
47296.76221 0.1915
47296.76343 0.1905
47296.76440 0.1918
47297.77686 0.1902
47297.77783 0.1908
47297.77905 0.1910
47299.80029 0.1867
47299.80176 0.1863
47299.80322 0.1872
47300.77417 0.1931
47300.77515 0.1919
47300.77637 0.1914
47305.78638 0.1927
47305.78735 0.1914
47305.78833 0.1900
47306.77686 0.1940
47306.77783 0.1990
47306.77881 0.1933
47307.76636 0.1965
47307.76733 0.1951
47307.76855 0.2031
47312.74365 0.1903
47312.74463 0.1948
47312.74585 0.1935
47315.72583 0.1934
47315.72681 0.1862
47315.72778 0.1902
47316.76685 0.1880
47316.76782 0.1872
47316.76904 0.1878
47319.77515 0.2003
47319.77637 0.1971
47319.77759 0.2004
47320.78320 0.1955
47320.78394 0.1967
47320.78467 0.1966
47321.79907 0.1978
47321.80005 0.1978
47321.80103 0.1955
47322.75684 0.1890
47322.75781 0.1909
47322.75879 0.1919
47327.71484 0.1896
47327.71582 0.1909
47327.71704 0.1822
47329.72314 0.1921
47329.72437 0.1929
47329.72559 0.1927
47332.70020 0.1915
47332.70142 0.1951
47332.70264 0.1959
47335.69727 0.1903
47335.69849 0.1987
47335.69971 0.1917
47337.69995 0.1937
47337.70093 0.1856
47337.70215 0.1867
47338.69702 0.1898
47338.69800 0.1823
47338.69897 0.1873
47341.69702 0.1923
47341.69800 0.1918
47341.69922 0.1901
47342.69067 0.1961
47342.69189 0.1930
47342.69287 0.1892
47343.69775 0.1968
47343.69922 0.1919
47343.70020 0.1924
47345.69580 0.1928
47345.69678 0.1885
47345.69800 0.1954
47346.70239 0.1921
47346.70337 0.1972
47346.70435 0.1942
47347.73267 0.1955
47347.73389 0.1884
47347.73511 0.1985
47349.72974 0.1859
47349.73071 0.1875
47349.73193 0.1912
47350.72827 0.1886
47350.72925 0.1875
47350.73022 0.1865
47351.74731 0.1857
47351.74829 0.1891
47351.74927 0.1908
47543.99146 0.1920
47543.99268 0.1873
47543.99365 0.1887
47545.02515 0.1874
47545.02637 0.1911
47545.02734 0.1890
47546.00000 0.2058
47546.00122 0.2062
47546.00269 0.2010
47558.04883 0.1909
47558.05029 0.1912
47558.05151 0.1885
47573.91650 0.1838
47573.91797 0.1841
47573.91919 0.1845
47574.96436 0.1874
47574.96558 0.1867
47574.96704 0.1869
47577.95166 0.1934
47577.95264 0.1912
47577.95361 0.1940
47579.95410 0.1876
47579.95557 0.1899
47579.95703 0.1871
47580.89941 0.1849
47580.90088 0.1865
47580.90210 0.1845
47585.01660 0.1841
47585.01831 0.1866
47585.01953 0.1816
47585.98315 0.1874
47585.98413 0.1868
47585.98535 0.1865
47589.94019 0.1863
47589.94141 0.1955
47589.94263 0.1904
47591.96680 0.1941
47591.96826 0.1902
47591.96973 0.1921
47596.91479 0.1899
47596.91602 0.1898
47596.91724 0.1870
47599.85352 0.1871
47599.85498 0.1861
47599.85620 0.1888
47600.90161 0.1937
47600.90308 0.1899
47600.90454 0.1928
47607.89258 0.1866
47607.89404 0.1849
47607.89551 0.1834
47608.88916 0.1871
47608.89014 0.1840
47608.89136 0.1864
47616.92139 0.1924
47616.92285 0.1922
47616.92432 0.1933
47617.90967 0.1909
47617.91089 0.1900
47617.91260 0.1894
47620.90845 0.1873
47620.90991 0.1875
47620.91113 0.1897
47623.88916 0.1870
47623.89063 0.1885
47623.89209 0.1866
47625.87402 0.1905
47625.87549 0.1902
47625.87671 0.1937
47626.88916 0.1919
47626.89063 0.1919
47626.89209 0.1919
47629.91113 0.1939
47629.91235 0.1954
47629.91357 0.1950
47631.80151 0.1885
47631.80273 0.1876
47631.80396 0.1849
47634.81055 0.1910
47634.81201 0.1937
47634.81323 0.1929
47637.81592 0.1935
47637.81689 0.1942
47637.81787 0.1965
47638.80347 0.1961
47638.80469 0.1963
47638.80566 0.1960
47639.82080 0.1986
47639.82202 0.1983
47639.82349 0.2039
47647.77661 0.1980
47647.77783 0.2027
47647.77905 0.2001
47648.74463 0.2012
47648.74609 0.2002
47648.74731 0.1976
47649.80688 0.1971
47649.80884 0.1929
47649.81079 0.1921
47663.74316 0.1978
47663.74438 0.2033
47663.74561 0.1927
47666.73267 0.1931
47666.73413 0.1927
47666.73560 0.1922
47668.73438 0.1852
47668.73535 0.1873
47668.73657 0.1864
47671.72363 0.1967
47671.72461 0.1920
47671.72583 0.1966
47675.69092 0.1834
47675.69189 0.1913
47675.69312 0.1873
47676.70581 0.1868
47676.70679 0.1852
47676.70776 0.1887
47687.67969 0.1955
47687.68091 0.1962
47687.68237 0.1946
47917.01563 0.2037
47917.01636 0.2029
47917.01709 0.2008
47919.01855 0.1963
47919.01978 0.1950
47919.02075 0.1937
47920.97314 0.1962
47920.97412 0.1949
47920.97559 0.1915
47926.03613 0.2025
47926.03711 0.2010
47926.03809 0.1988
47933.01587 0.1998
47933.01709 0.1968
47933.01831 0.1977
47939.03516 0.1944
47939.03662 0.1944
47939.03809 0.1940
47950.97095 0.1922
47950.97168 0.1931
47950.97241 0.1908
47951.86353 0.1979
47951.86450 0.1947
47951.86548 0.1961
47956.92041 0.2056
47956.92188 0.2040
47956.92334 0.2061
47975.93335 0.1881
47975.93457 0.1878
47975.93579 0.1913
47977.91748 0.1880
47977.91846 0.1868
47977.91968 0.1910
48071.70386 0.1958
48071.70483 0.1984
48071.70605 0.1959
48244.01172 0.1921
48244.01318 0.1915
48244.01416 0.1894
48244.01611 0.1896
48244.01709 0.1896
48244.01855 0.1885
48290.00049 0.1958
48290.00195 0.1936
48290.00293 0.1968
48327.95947 0.1932
48327.96094 0.1955
48327.96191 0.1940
48345.93506 0.2004
48345.93604 0.2024
48345.93750 0.2019
48362.88770 0.1921
48362.88916 0.1954
48362.89014 0.1915
48376.79199 0.1905
48376.79346 0.1882
48376.79443 0.1901
48392.73779 0.2141
48392.73926 0.2084
48392.74121 0.2094
48394.78564 0.2060
48394.78711 0.2098
48394.78857 0.2084
48395.74365 0.2032
48395.74463 0.2062
48395.74609 0.2015
48397.73584 0.1942
48397.73730 0.1996
48397.73877 0.1979
48400.72168 0.1954
48400.72314 0.1917
48400.72461 0.1966
48402.73486 0.2108
48402.73633 0.2094
48402.73730 0.2089
48404.73193 0.2180
48404.73340 0.2180
48404.73438 0.2178
48406.72754 0.2118
48406.72949 0.2110
48406.73096 0.2136
48408.72021 0.2062
48408.72119 0.2074
48408.72266 0.2022
48598.07666 0.1930
48598.07764 0.1966
48598.07910 0.1945
48613.09180 0.1951
48613.09277 0.1972
48613.09375 0.1983
48618.07813 0.1957
48618.07959 0.1984
48618.08154 0.1994
48654.99365 0.2043
48654.99512 0.1968
48654.99658 0.1979
48655.95117 0.2043
48655.95264 0.2020
48655.95410 0.2031
48656.94531 0.2044
48656.94727 0.1989
48656.94873 0.2016
48671.88818 0.2006
48671.89014 0.1945
48671.89160 0.1954
48677.88623 0.2019
48677.88770 0.2013
48677.88965 0.2033
48678.97607 0.2070
48678.97705 0.2010
48678.97852 0.2025
48680.04102 0.2048
48680.04199 0.2042
48680.04346 0.1963
48680.04492 0.2003
48680.04590 0.1999
48680.04736 0.1992
48692.88330 0.1982
48692.88477 0.2003
48692.88574 0.1971
48693.88086 0.1974
48693.88184 0.2002
48693.88330 0.1969
48694.88867 0.1986
48694.89014 0.1923
48694.89160 0.1956
48696.90186 0.1934
48696.90332 0.1860
48696.90479 0.1876
48697.90137 0.1944
48697.90283 0.1848
48697.90430 0.1975
48716.89697 0.2004
48716.89893 0.1996
48716.90039 0.2004
48719.84570 0.1953
48719.84668 0.1942
48719.84814 0.1911
48720.78223 0.2008
48720.78369 0.1932
48720.78516 0.1996
48722.80029 0.1897
48722.80176 0.1949
48722.80322 0.1928
48729.82471 0.1982
48729.82617 0.1994
48729.82764 0.1983
48731.81445 0.1946
48731.81592 0.1895
48731.81738 0.1927
48732.78418 0.1938
48732.78564 0.1929
48732.78711 0.1935
48739.87354 0.1970
48739.87451 0.1982
48739.87598 0.1996
48740.79932 0.1962
48740.80078 0.1968
48740.80225 0.1952
48744.81006 0.1962
48744.81104 0.1988
48744.81250 0.1975
48745.77930 0.1959
48745.78076 0.1982
48745.78223 0.1957
48750.70801 0.1984
48750.70947 0.2014
48750.71045 0.1987
48751.68457 0.2043
48751.68604 0.2033
48751.68750 0.2036
48752.70215 0.1981
48752.70361 0.1988
48752.70508 0.2020
48755.83398 0.1985
48755.83545 0.1961
48755.83691 0.1976
48756.76025 0.1996
48756.76172 0.2008
48756.76318 0.1969
48757.73828 0.2005
48757.73975 0.1976
48757.74072 0.1939
48759.75293 0.1997
48759.75488 0.1961
48759.75635 0.1995
48760.78027 0.1984
48760.78223 0.1953
48760.78369 0.1963
48761.73584 0.1997
48761.73730 0.1967
48761.73926 0.1988
48771.78125 0.1912
48771.78271 0.1963
48771.78369 0.1920
48772.73340 0.1929
48772.73486 0.1930
48772.73584 0.1927
48774.72217 0.1900
48774.72363 0.1893
48774.72510 0.1927
48776.73682 0.1901
48776.73877 0.1935
48776.74023 0.1919
48778.74268 0.1953
48778.74463 0.1959
48778.74609 0.1956
48779.75195 0.1984
48779.75342 0.1994
48779.75439 0.1976
48781.73389 0.1971
48781.73535 0.1964
48781.73682 0.1946
48782.72314 0.1941
48782.72461 0.1918
48782.72559 0.1970
48783.77686 0.1977
48783.77832 0.1948
48783.77930 0.1937
48785.68311 0.1960
48785.68408 0.1983
48785.68555 0.1992
48786.72461 0.1948
48786.72607 0.1969
48786.72705 0.1946
48787.74414 0.1920
48787.74561 0.1903
48787.74707 0.1922
48789.71338 0.1927
48789.71484 0.1953
48789.71582 0.1944
48790.72510 0.1969
48790.72656 0.1999
48790.72803 0.1967
48791.71338 0.2003
48791.71484 0.2003
48791.71631 0.1988
48793.72852 0.1948
48793.72998 0.1956
48793.73096 0.1961
48794.70654 0.1964
48794.70752 0.1964
48794.70898 0.1937
48797.71680 0.1893
48797.71826 0.1882
48797.71924 0.1881
48813.69873 0.1901
48813.70020 0.1890
48813.70166 0.1896
48820.69434 0.1881
48820.69580 0.1871
48820.69727 0.1867
48821.68262 0.1843
48821.68359 0.1840
48821.68506 0.1863
48827.67285 0.1904
48827.67432 0.1914
48827.67529 0.1893
49048.91748 0.1899
49048.91943 0.1898
49048.92188 0.1897
49049.93604 0.1886
49049.93750 0.1901
49049.93896 0.1945
49050.88818 0.1932
49050.89014 0.1919
49050.89209 0.1923
49052.91309 0.1867
49052.91455 0.1884
49052.91650 0.1862
49057.87793 0.1901
49057.87939 0.1913
49057.88086 0.1911
49058.89746 0.1917
49058.89893 0.1933
49058.89990 0.1927
49059.88477 0.1959
49059.88623 0.1932
49059.88770 0.1956
49065.91016 0.1779
49065.91113 0.1798
49065.91260 0.1810
49068.89893 0.1879
49068.90088 0.1892
49068.90234 0.1873
49069.89404 0.1894
49069.89600 0.1866
49069.89746 0.1901
49086.86816 0.1862
49086.86963 0.1896
49086.87061 0.1848
49088.81885 0.1837
49088.81982 0.1900
49088.82080 0.1865
49089.86133 0.1894
49089.86279 0.1853
49089.86426 0.1838
49090.83887 0.1817
49090.84033 0.1817
49090.84180 0.1839
49094.83057 0.1886
49094.83203 0.1884
49094.83350 0.1891
49098.86523 0.1906
49098.86719 0.1896
49098.86914 0.1905
49099.83350 0.1864
49099.83496 0.1869
49099.83643 0.1864
49102.84277 0.1857
49102.84473 0.1840
49102.84717 0.1844
49103.80811 0.1837
49103.80908 0.1831
49103.81055 0.1809
49107.79736 0.1976
49107.79883 0.1938
49107.80078 0.1934
49116.76416 0.1807
49116.76611 0.1817
49116.76758 0.1806
49117.78955 0.1883
49117.79053 0.1870
49117.79199 0.1859
49118.79736 0.1904
49118.79883 0.1900
49118.80029 0.1875
49121.81543 0.1935
49121.81689 0.1931
49121.81836 0.1924
49124.78223 0.1824
49124.78320 0.1843
49124.78467 0.1819
49126.76660 0.1837
49126.76758 0.1849
49126.76855 0.1833
49130.77881 0.1887
49130.78027 0.1912
49130.78174 0.1887
49131.77246 0.1966
49131.77393 0.1977
49131.77539 0.1969
49136.73389 0.1850
49136.73535 0.1827
49136.73730 0.1863
49147.76953 0.1883
49147.77148 0.1863
49147.77295 0.1884
49149.71338 0.1854
49149.71436 0.1837
49149.71582 0.1838
49150.70898 0.1849
49150.71045 0.1830
49150.71191 0.1790
49151.70801 0.1869
49151.70947 0.1867
49151.71045 0.1830
49153.69971 0.1861
49153.70117 0.1868
49153.70215 0.1864
49156.70752 0.1967
49156.70898 0.1965
49156.71045 0.1934
49159.71582 0.1875
49159.71680 0.1832
49159.71826 0.1818
49160.71045 0.1848
49160.71191 0.1827
49160.71338 0.1832
49163.73096 0.1852
49163.73242 0.1791
49163.73389 0.1869
49408.80615 0.2323
49408.80713 0.2370
49408.80859 0.2339
49415.91162 0.1875
49415.91260 0.1870
49415.91357 0.1862
49416.91016 0.1929
49416.91113 0.1923
49416.91211 0.1917
49420.92773 0.1910
49420.92920 0.1914
49420.93018 0.1929
49421.90088 0.1875
49421.90186 0.1893
49421.90332 0.1904
49425.91504 0.1876
49425.91602 0.1870
49425.91748 0.1876
49426.87305 0.1859
49426.87451 0.1869
49426.87549 0.1863
49433.86475 0.1867
49433.86621 0.1865
49433.86719 0.1873
49434.83203 0.1873
49434.83350 0.1875
49434.83447 0.1885
49438.89746 0.1874
49438.89893 0.1845
49438.89990 0.1879
49439.87305 0.1872
49439.87451 0.1866
49439.87549 0.1866
49442.87109 0.1898
49442.87256 0.1910
49442.87354 0.1912
49444.86816 0.1894
49444.86914 0.1881
49444.87012 0.1882
49447.86328 0.1893
49447.86426 0.1887
49447.86572 0.1867
49449.85400 0.1849
49449.85498 0.1857
49449.85645 0.1831
49453.78467 0.1973
49453.78516 0.1929
49453.78516 0.1902
49454.81592 0.1952
49454.81738 0.1936
49454.81836 0.1885
49455.81201 0.1879
49455.81299 0.1913
49455.81445 0.1879
49457.81055 0.1868
49457.81201 0.1872
49457.81299 0.1854
49458.80615 0.1883
49458.80713 0.1866
49458.80811 0.1865
49460.76562 0.1886
49460.76660 0.1913
49460.76758 0.1888
49461.83740 0.1907
49461.83838 0.1897
49461.83936 0.1913
49462.82715 0.1943
49462.82812 0.1935
49462.82959 0.1917
49463.83105 0.1926
49463.83203 0.1930
49463.83350 0.1952
49471.77490 0.1880
49471.77637 0.1860
49471.77734 0.1841
49472.75635 0.1864
49472.75732 0.1855
49472.75879 0.1848
49474.75488 0.1890
49474.75586 0.1866
49474.75732 0.1860
49475.74658 0.1925
49475.74756 0.1908
49475.74902 0.1923
49476.75586 0.1931
49476.75684 0.1947
49476.75781 0.1959
49477.75684 0.1944
49477.75781 0.1962
49477.75928 0.1971
49482.77734 0.1907
49482.77832 0.1876
49482.77930 0.1904
49484.77539 0.1859
49484.77637 0.1885
49484.77783 0.1880
49485.77002 0.1900
49485.77148 0.1856
49485.77246 0.1912
49486.75293 0.1893
49486.75391 0.1897
49486.75488 0.1888
49493.73389 0.1941
49493.73535 0.1943
49493.73633 0.1949
49494.76367 0.1905
49494.76514 0.1911
49494.76611 0.1891
49495.73779 0.1872
49495.73926 0.1889
49495.74023 0.1863
49497.75830 0.1872
49497.75928 0.1855
49497.76025 0.1857
49498.74756 0.1842
49498.74854 0.1830
49498.75000 0.1841
49499.73975 0.1830
49499.74072 0.1820
49499.74219 0.1834
49500.71875 0.1816
49500.71973 0.1836
49500.72119 0.1848
49502.73242 0.1913
49502.73389 0.1913
49502.73486 0.1898
49504.70996 0.1959
49504.71094 0.1980
49504.71240 0.1957
49506.69727 0.1899
49506.69824 0.1913
49506.69922 0.1932
49507.74756 0.1856
49507.74854 0.1868
49507.74951 0.1881
49509.68311 0.1846
49509.68408 0.1850
49509.68555 0.1851
49510.73047 0.1797
49510.73145 0.1810
49510.73242 0.1830
49511.74512 0.1811
49511.74658 0.1798
49511.74756 0.1799
49513.77588 0.1836
49513.77734 0.1828
49513.77832 0.1806
49514.77100 0.1827
49514.77197 0.1839
49514.77344 0.1860
49516.77344 0.1908
49516.77441 0.1894
49516.77588 0.1873
49517.77686 0.1891
49517.77832 0.1891
49517.77930 0.1893
49518.78467 0.1882
49518.78613 0.1925
49518.78711 0.1913
49520.76758 0.1869
49520.76855 0.1848
49520.77002 0.1893
49521.76807 0.1867
49521.76904 0.1866
49521.77051 0.1836
49523.68848 0.1828
49523.68945 0.1835
49523.69092 0.1828
49524.72363 0.1839
49524.72510 0.1850
49524.72607 0.1808
49525.72900 0.1823
49525.72998 0.1853
49525.73145 0.1860
49526.70850 0.1888
49526.70947 0.1872
49526.71094 0.1893
49527.69678 0.1852
49527.69824 0.1860
49527.69922 0.1842
49529.69922 0.1940
49529.70068 0.1939
49529.70166 0.1907
49540.70410 0.1853
49540.70508 0.1860
49540.70605 0.1836
49541.69336 0.1903
49541.69434 0.1902
49541.69580 0.1895
49542.69873 0.1977
49542.70020 0.1969
49542.70117 0.1960
49548.69775 0.1843
49548.69922 0.1879
49548.70020 0.1869
49549.68896 0.1854
49549.68994 0.1819
49549.69141 0.1853
49764.96729 0.1986
49764.96826 0.1962
49764.96973 0.1995
49766.99170 0.1947
49766.99268 0.1936
49766.99365 0.1937
49767.97559 0.1987
49767.97656 0.1962
49767.97803 0.1950
49768.95605 0.1967
49768.95752 0.1980
49768.95850 0.1941
49772.90186 0.1898
49772.90283 0.1915
49772.90430 0.1895
49774.94971 0.1938
49774.95117 0.1942
49774.95215 0.1906
49791.93408 0.1921
49791.93555 0.1921
49791.93652 0.1926
49791.94043 0.1943
49791.94189 0.1972
49791.94287 0.1913
49792.91211 0.1945
49792.91309 0.1937
49792.91406 0.1956
49794.90723 0.1921
49794.90820 0.1917
49794.90967 0.1914
49802.89893 0.2032
49802.89990 0.2022
49802.90088 0.1994
49818.86182 0.2081
49818.86328 0.2034
49818.86426 0.2013
49819.85400 0.1872
49819.85498 0.1837
49819.85596 0.1851
49827.81982 0.2118
49827.82080 0.2131
49827.82178 0.2167
49855.74805 0.1997
49855.74902 0.1984
49855.75000 0.2016
49856.77441 0.2034
49856.77539 0.2034
49856.77686 0.2037
49857.75146 0.2088
49857.75244 0.2086
49857.75391 0.2082
49865.72998 0.2106
49865.73145 0.2107
49865.73242 0.2133
49867.71143 0.2065
49867.71289 0.2089
49867.71387 0.2085
49869.72168 0.2147
49869.72266 0.2141
49869.72412 0.2137
49871.69531 0.2139
49871.69678 0.2136
49871.69775 0.2118
49873.73535 0.2145
49873.73633 0.2115
49873.73779 0.2200
49880.73145 0.2110
49880.73242 0.2101
49880.73389 0.2062
49881.71094 0.2079
49881.71191 0.2066
49881.71338 0.2059
49882.69531 0.2081
49882.69678 0.2109
49882.69775 0.2122
49886.70166 0.2262
49886.70264 0.2281
49886.70410 0.2283
