47309.69922 0.1630
47309.70215 0.1539
47309.70508 0.1606
47596.88257 0.1532
47596.88770 0.1482
47596.89258 0.1565
47598.87891 0.1550
47598.88379 0.1541
47598.88916 0.1519
47599.86157 0.2620
47599.86499 0.2754
47599.86816 0.2616
47601.91870 0.1544
47601.92505 0.1503
47601.93164 0.1536
47607.90527 0.1599
47607.90845 0.1608
47607.91187 0.1580
47608.90063 0.1505
47608.90552 0.1547
47608.91064 0.1538
47609.88062 0.1554
47609.88599 0.1532
47609.89063 0.1544
47612.93774 0.1633
47612.94507 0.1512
47612.95215 0.1626
47613.89429 0.1515
47613.90186 0.1530
47613.90845 0.1573
47614.89160 0.1515
47614.89746 0.1498
47614.90332 0.1589
47615.90234 0.1519
47615.90649 0.1533
47615.91138 0.1552
47616.93286 0.1530
47616.93677 0.1572
47616.94043 0.1588
47617.92529 0.1468
47617.92944 0.1477
47617.93359 0.1493
47620.92188 0.1600
47620.92603 0.1607
47620.93018 0.1550
47621.91968 0.1535
47621.92432 0.1552
47621.92847 0.1544
47622.90601 0.1475
47622.90942 0.1547
47622.91309 0.1442
47623.90210 0.1536
47623.90601 0.1642
47623.90991 0.1646
47624.88867 0.1572
47624.89233 0.1560
47624.89624 0.1538
47625.88672 0.1479
47625.89038 0.1500
47625.89453 0.1455
47626.90039 0.1599
47626.90430 0.1616
47626.90820 0.1579
47628.90356 0.1509
47628.90723 0.1613
47628.91113 0.1492
47631.81152 0.1576
47631.81714 0.1578
47631.82349 0.1544
47634.81812 0.1630
47634.82178 0.1680
47634.82520 0.1588
47637.82568 0.1545
47637.83081 0.1613
47637.83618 0.1538
47638.81421 0.1472
47638.82178 0.1374
47638.82959 0.1374
47644.77417 0.1533
47644.77979 0.1537
47644.78516 0.1509
47645.90454 0.1544
47645.90991 0.1461
47645.91479 0.1558
47647.80200 0.1629
47647.80957 0.1484
47647.81714 0.1646
47649.78833 0.1638
47649.79443 0.1682
47649.80005 0.1755
47654.79224 0.1460
47654.79639 0.1505
47654.80054 0.1475
47663.75415 0.1584
47663.75928 0.1603
47663.76465 0.1592
47665.70166 0.1532
47665.70605 0.1553
47665.71069 0.1505
47667.72583 0.1726
47667.73145 0.1618
47667.73657 0.1637
47675.70288 0.1505
47675.71021 0.1640
47675.71753 0.1565
47676.71826 0.1562
47676.72705 0.1538
47676.73438 0.1557
47687.69336 0.1606
47687.69873 0.1641
47687.70459 0.1711
48373.80371 0.1533
48373.81006 0.1554
48373.81689 0.1632
48375.80420 0.1519
48375.80664 0.1570
48375.80908 0.1531
48376.78027 0.1509
48376.78320 0.1511
48376.78564 0.1565
48391.77002 0.1524
48391.77295 0.1517
48391.77637 0.1549
48392.75195 0.1624
48392.75537 0.1643
48392.75928 0.1567
48393.74219 0.1524
48393.74561 0.1546
48393.74854 0.1590
48396.76514 0.1578
48396.76904 0.1581
48396.77246 0.1528
48397.74951 0.1607
48397.75293 0.1618
48397.75635 0.1612
48398.75830 0.1544
48398.76172 0.1544
48398.76514 0.1558
48399.77197 0.1596
48399.77539 0.1614
48399.77979 0.1634
48400.73682 0.1556
48400.73975 0.1583
48400.74316 0.1541
48401.74658 0.1570
48401.75000 0.1576
48401.75342 0.1588
48402.74902 0.1630
48402.75244 0.1580
48402.75586 0.1534
48403.74951 0.1557
48403.75293 0.1557
48403.75635 0.1607
48404.74512 0.1552
48404.74902 0.1599
48404.75195 0.1572
48405.75049 0.1519
48405.75293 0.1541
48405.75586 0.1564
48406.74316 0.1602
48406.74707 0.1535
48406.75146 0.1613
48408.74121 0.1563
48408.74463 0.1610
48408.74854 0.1592
48410.69922 0.1574
48410.70166 0.1557
48410.70410 0.1485
48410.70703 0.1511
48413.71973 0.1534
48413.72266 0.1594
48413.72510 0.1544
48413.73193 0.1640
48413.73486 0.1634
48413.73828 0.1533
48414.69629 0.1529
48414.69873 0.1485
48414.70117 0.1574
48415.70996 0.1553
48415.71240 0.1490
48415.71484 0.1533
48419.69922 0.1558
48419.70313 0.1601
48419.70605 0.1555
48420.69971 0.1547
48420.70264 0.1570
48420.70605 0.1565
48421.71289 0.1509
48421.71680 0.1535
48421.72070 0.1535
48422.70410 0.1605
48422.70801 0.1528
48422.71094 0.1638
48423.71143 0.1607
48423.71436 0.1580
48423.71826 0.1526
48424.70654 0.1518
48424.70947 0.1610
48424.71240 0.1555
48425.70020 0.1522
48425.70410 0.1512
48425.70801 0.1537
48426.69238 0.1534
48426.69629 0.1612
48426.70020 0.1675
48427.68506 0.1613
48427.68848 0.1492
48427.69189 0.1505
48428.68701 0.1576
48428.68994 0.1565
48428.69287 0.1652
48429.69141 0.1616
48429.69531 0.1561
48429.69873 0.1650
48430.70264 0.1562
48430.70654 0.1480
48430.71045 0.1557
48431.68701 0.1559
48431.69043 0.1590
48431.69336 0.1543
48432.68848 0.1552
48432.69189 0.1581
48432.69531 0.1565
48433.68701 0.1564
48433.69043 0.1487
48433.69385 0.1599
48671.93115 0.1552
48671.93799 0.1532
48671.94434 0.1532
48696.88574 0.1492
48696.89600 0.1397
48739.88623 0.1562
48739.88867 0.1588
48739.89111 0.1588
48742.77246 0.1534
48742.77441 0.1576
48742.77637 0.1515
48756.77197 0.1552
48756.77393 0.1544
48756.77539 0.1560
48757.75000 0.1577
48757.75195 0.1548
48757.75391 0.1537
48758.78955 0.1582
48758.79248 0.1605
48758.79492 0.1608
48759.77002 0.1594
48759.77197 0.1527
48759.77441 0.1620
48760.79785 0.1548
48760.80029 0.1593
48760.80225 0.1544
48761.75098 0.1542
48761.75293 0.1571
48761.75488 0.1551
48771.79785 0.1557
48771.79980 0.1545
48771.80176 0.1530
48773.72217 0.1542
48773.72461 0.1569
48773.72656 0.1548
48775.73584 0.1531
48775.73779 0.1542
48775.74023 0.1517
48777.73193 0.1504
48777.73438 0.1509
48777.73682 0.1531
48779.76709 0.1537
48779.77051 0.1627
48779.77393 0.1661
48781.74609 0.1561
48781.74805 0.1554
48781.75000 0.1606
48782.73682 0.1537
48782.73877 0.1567
48782.74072 0.1550
48783.76318 0.1563
48783.76514 0.1572
48783.76758 0.1598
48784.72852 0.1571
48784.73047 0.1532
48784.73193 0.1519
48785.71582 0.1533
48785.71777 0.1527
48785.72021 0.1585
48787.75830 0.1470
48787.76074 0.1538
48787.76318 0.1518
48788.74805 0.1544
48788.75000 0.1651
48788.75244 0.1612
48789.72607 0.1511
48789.72852 0.1543
48789.73145 0.1542
48790.73438 0.1572
48790.73584 0.1564
48790.73779 0.1567
48791.72656 0.1528
48791.72852 0.1585
48791.73047 0.1603
48792.71143 0.1542
48792.71338 0.1575
48792.71533 0.1560
48793.74023 0.1570
48793.74219 0.1557
48793.74414 0.1561
48795.73926 0.1487
48795.74121 0.1641
48795.74316 0.1567
