43673.80000 0.1339
43983.80000 0.1620
44004.80000 0.1411
44778.72101 0.1496
44778.72302 0.1439
44778.72498 0.1466
48253.99463 0.1446
48253.99609 0.1474
48253.99756 0.1415
48253.99854 0.1447
48253.99951 0.1460
48254.00098 0.1467
48820.72168 0.1423
48820.72266 0.1422
48820.72412 0.1453
49057.90576 0.1453
49057.90723 0.1460
49057.90918 0.1395
49065.92236 0.1399
49065.92334 0.1392
49065.92480 0.1419
49088.83496 0.1409
49088.83643 0.1428
49088.83789 0.1447
49099.85938 0.1411
49099.86084 0.1393
49099.86279 0.1401
49117.81641 0.1499
49117.81787 0.1453
49117.81982 0.1461
49126.79541 0.1413
49126.79688 0.1402
49126.79785 0.1374
49138.75439 0.1421
49138.75635 0.1429
49138.75781 0.1427
49151.72705 0.1468
49151.72900 0.1430
49151.73047 0.1408
49160.71777 0.1399
49160.71924 0.1424
49160.72070 0.1423
49408.85254 0.1543
49408.85400 0.1515
49408.85498 0.1529
49421.91846 0.1415
49421.91943 0.1407
49421.92090 0.1383
49433.89014 0.1418
49433.89111 0.1398
49433.89258 0.1427
49440.87646 0.1390
49440.87793 0.1410
49440.87891 0.1422
49445.87549 0.1449
49445.87646 0.1394
49445.87744 0.1397
49455.82324 0.1496
49455.82520 0.1404
49455.82666 0.1403
49455.82764 0.1445
49463.84229 0.1376
49463.84375 0.1395
49463.84473 0.1406
49472.77783 0.1398
49472.77930 0.1411
49472.78027 0.1398
49485.78027 0.1395
49485.78125 0.1404
49485.78271 0.1445
49494.77393 0.1362
49494.77539 0.1436
49494.77637 0.1421
49504.73340 0.1382
49504.73486 0.1403
49504.73584 0.1447
49511.75488 0.1411
49511.75586 0.1403
49511.75732 0.1410
49518.79492 0.1403
49518.79590 0.1352
49518.79688 0.1383
49526.71777 0.1387
49526.71875 0.1407
49526.72021 0.1402
49774.98779 0.1408
49774.98926 0.1422
49774.99023 0.1391
49791.94678 0.1437
49791.94775 0.1432
49791.94922 0.1407
49791.95312 0.1402
49791.95508 0.1384
49791.95654 0.1346
49818.87695 0.1431
49818.87842 0.1438
49818.87939 0.1433
49856.78857 0.1449
49856.79004 0.1396
49856.79102 0.1435
49886.71191 0.1436
49886.71338 0.1440
49886.71436 0.1445
