43629.80000 0.1690
43663.80000 0.1633
43664.80000 0.1598
43892.80000 0.1694
43898.80000 0.1612
43898.80000 0.1612
43982.80000 0.1526
43983.80000 0.1602
43984.80000 0.1759
43998.80000 0.1568
44002.80000 0.1629
44003.80000 0.1597
44004.80000 0.1626
44024.80000 0.1832
44050.80000 0.1594
44051.80000 0.1599
44277.80000 0.1580
44673.92603 0.1657
44673.92700 0.1680
44673.92902 0.1645
44678.91302 0.1599
44678.91498 0.1674
44678.91699 0.1616
44687.85400 0.1598
44687.85602 0.1635
44687.85699 0.1576
44691.88202 0.1617
44691.88300 0.1583
44691.88501 0.1580
44698.86401 0.1612
44698.86603 0.1640
44698.86798 0.1654
44700.81403 0.1666
44700.81500 0.1654
44700.81598 0.1613
44703.82898 0.1646
44703.83002 0.1696
44703.83099 0.1658
44708.84003 0.1676
44708.84100 0.1654
44708.84302 0.1621
44709.82300 0.1658
44709.82397 0.1608
44709.82501 0.1637
44716.77002 0.1624
44716.77100 0.1612
44716.77301 0.1622
44717.76599 0.1636
44717.76801 0.1616
44717.77100 0.1554
44718.79901 0.1615
44718.79999 0.1680
44718.80200 0.1605
44719.79700 0.1608
44719.79901 0.1675
44719.79999 0.1615
44732.74500 0.1621
44732.74701 0.1671
44732.74799 0.1623
44733.75598 0.1621
44733.75702 0.1591
44733.75897 0.1571
44734.75702 0.1636
44734.75800 0.1598
44734.75897 0.1621
44735.75299 0.1612
44735.75500 0.1647
44735.75598 0.1620
44736.78198 0.1585
44736.78302 0.1594
44736.78400 0.1594
44737.77197 0.1625
44737.77301 0.1579
44737.77502 0.1645
44738.75598 0.1608
44738.75800 0.1618
44738.75897 0.1660
44741.78003 0.1596
44741.78198 0.1562
44741.78497 0.1631
44742.74799 0.1673
44742.74902 0.1611
44742.75098 0.1627
45024.96802 0.1714
45024.97095 0.1616
45024.97705 0.1388
45026.96204 0.1723
45026.96497 0.1728
45026.96802 0.1713
45072.81299 0.1734
45072.81494 0.1674
45072.81702 0.1765
45074.82605 0.1775
45074.82898 0.1734
45074.83203 0.1676
45078.81897 0.1590
45078.81995 0.1618
45078.82202 0.1597
45079.83801 0.1699
45079.83997 0.1636
45079.84094 0.1655
45081.81201 0.1621
45081.81494 0.1612
45081.81799 0.1655
45082.81104 0.1590
45082.81299 0.1561
45082.81494 0.1576
45083.81006 0.1599
45083.81201 0.1570
45083.81396 0.1642
45089.78699 0.1698
45089.78894 0.1614
45089.79102 0.1549
45091.79602 0.1564
45091.79797 0.1609
45091.80005 0.1609
45092.75696 0.1556
45092.75806 0.1515
45092.76001 0.1560
45093.73499 0.1671
45093.73804 0.1585
45093.73999 0.1614
45094.82605 0.1484
45094.82800 0.1572
45094.82996 0.1601
45095.78406 0.1615
45095.78601 0.1579
45095.78796 0.1550
45096.74500 0.1739
45096.74597 0.1615
45096.74805 0.1648
45097.76196 0.1642
45097.76404 0.1613
45097.76599 0.1531
45103.75806 0.1667
45103.76001 0.1665
45103.76196 0.1650
45105.74194 0.1629
45105.74500 0.1665
45105.74695 0.1754
45106.75403 0.1646
45106.75598 0.1682
45106.75806 0.1626
45109.73804 0.1676
45109.73999 0.1599
45109.74194 0.1563
45110.72705 0.1712
45110.72900 0.1669
45110.73096 0.1647
45111.81299 0.1627
45111.81494 0.1651
45111.81702 0.1738
45112.74194 0.1591
45112.74402 0.1589
45112.74597 0.1646
45113.75903 0.1623
45113.76099 0.1585
45113.76196 0.1583
45118.75305 0.1559
45118.75500 0.1592
45118.75696 0.1619
45120.73596 0.1637
45120.73804 0.1700
45120.73999 0.1731
45121.75305 0.1656
45121.75598 0.1589
45121.75806 0.1604
45123.71899 0.1653
45123.72095 0.1629
45123.72302 0.1711
45124.71399 0.1653
45124.71497 0.1582
45124.71704 0.1669
45125.75403 0.1617
45125.75598 0.1638
45125.75806 0.1696
45126.72900 0.1669
45126.72998 0.1596
45126.73096 0.1587
45128.73096 0.1687
45128.73303 0.1737
45128.73596 0.1713
45131.69897 0.1676
45131.69995 0.1645
45131.70105 0.1652
45132.70703 0.1655
45132.70898 0.1699
45132.70996 0.1660
45136.71802 0.1684
45136.71899 0.1611
45136.72095 0.1639
45347.04895 0.1617
45347.05005 0.1619
45347.05103 0.1616
45348.05603 0.1632
45348.05798 0.1643
45348.05798 0.1618
45349.03198 0.1585
45349.03198 0.1689
45349.03296 0.1651
45350.02405 0.1748
45350.02502 0.1571
45350.02600 0.1544
45360.07104 0.1574
45360.07202 0.1510
45360.07300 0.1583
45362.98804 0.1643
45362.98999 0.1583
45362.99097 0.1589
45365.94702 0.1613
45365.94800 0.1673
45365.94897 0.1655
45367.03003 0.1635
45367.03101 0.1626
45367.03198 0.1596
45376.01099 0.1632
45376.01501 0.1659
45376.01697 0.1610
45379.99500 0.1565
45379.99695 0.1604
45379.99805 0.1588
45380.99304 0.1709
45380.99500 0.1735
45380.99597 0.1639
45381.97095 0.1613
45381.97205 0.1605
45381.97302 0.1688
45382.97400 0.1609
45382.97498 0.1596
45382.97595 0.1610
45384.93005 0.1604
45384.93298 0.1638
45384.93506 0.1535
45385.94604 0.1642
45385.94800 0.1646
45385.94897 0.1719
45386.94702 0.1625
45386.94800 0.1630
45386.94897 0.1648
45398.94299 0.1618
45398.94397 0.1594
45398.94495 0.1607
45401.93701 0.1619
45401.93799 0.1637
45401.93994 0.1612
45402.85999 0.1614
45402.86096 0.1588
45402.86206 0.1589
45406.94604 0.1651
45406.94702 0.1663
45406.94800 0.1590
45409.92505 0.1686
45409.92603 0.1670
45409.92700 0.1651
45419.81702 0.1592
45419.81897 0.1582
45419.81995 0.1593
45422.90100 0.1598
45422.90295 0.1556
45422.90405 0.1587
45423.81702 0.1622
45423.81799 0.1573
45423.81897 0.1645
45424.92200 0.1641
45424.92297 0.1616
45424.92395 0.1618
45426.83496 0.1688
45426.83606 0.1683
45426.83704 0.1642
45429.83606 0.1599
45429.83801 0.1635
45429.83899 0.1674
45430.87402 0.1625
45430.87500 0.1627
45430.87805 0.1645
45431.82996 0.1604
45431.83203 0.1633
45431.83301 0.1621
45432.82996 0.1624
45432.83105 0.1529
45432.83203 0.1577
45433.82996 0.1593
45433.83105 0.1749
45433.83203 0.1666
45439.80200 0.1597
45439.80298 0.1582
45439.80396 0.1502
45440.78601 0.1612
45440.78699 0.1622
45440.78796 0.1591
45447.78796 0.1595
45447.78796 0.1593
45447.78894 0.1591
45449.80896 0.1590
45449.81006 0.1592
45449.81104 0.1589
45451.80505 0.1659
45451.80603 0.1627
45451.80798 0.1638
45457.74402 0.1591
45457.74500 0.1633
45457.74695 0.1629
45476.71594 0.1641
45476.71802 0.1565
45476.71899 0.1590
45477.71497 0.1601
45477.71497 0.1674
45477.71594 0.1588
45478.69897 0.1714
45478.69995 0.1721
45478.70105 0.1567
45479.73401 0.1665
45479.73499 0.1574
45479.73499 0.1631
45480.70203 0.1678
45480.70300 0.1618
45480.70300 0.1650
45481.69604 0.1568
45481.69702 0.1585
45481.69800 0.1635
45482.69995 0.1647
45482.70105 0.1593
45482.70203 0.1629
45484.73096 0.1583
45484.73096 0.1636
45484.73206 0.1657
45485.71704 0.1640
45485.71802 0.1613
45485.71899 0.1604
45490.71900 0.1596
45490.71900 0.1610
45490.72000 0.1615
45491.70700 0.1610
45491.70800 0.1678
45491.70900 0.1606
45492.69400 0.1569
45492.69500 0.1572
45492.69600 0.1598
45496.69800 0.1617
45496.70000 0.1721
45496.70100 0.1586
45497.68900 0.1687
45497.69000 0.1733
45497.69200 0.1606
45498.67700 0.1673
45498.67700 0.1694
45498.67800 0.1647
45499.69700 0.1678
45499.69800 0.1664
45499.69900 0.1656
45501.67700 0.1637
45501.67900 0.1582
45501.68100 0.1606
45699.08700 0.1632
45699.08800 0.1598
45699.08900 0.1626
45705.03700 0.1608
45705.03800 0.1599
45705.04000 0.1564
45706.08200 0.1671
45706.08300 0.1601
45706.08500 0.1657
45709.06800 0.1591
45709.06900 0.1615
45709.07100 0.1629
45710.06600 0.1658
45710.06700 0.1624
45710.06800 0.1621
45711.07900 0.1652
45711.08100 0.1606
45711.08200 0.1751
45715.05400 0.1577
45715.05500 0.1624
45715.05700 0.1583
45717.06500 0.1591
45717.06600 0.1634
45717.06700 0.1658
45718.03500 0.1644
45718.03600 0.1644
45718.03700 0.1641
45722.00900 0.1591
45722.01000 0.1543
45722.01100 0.1625
45723.05100 0.1562
45723.05300 0.1578
45723.05500 0.1542
45725.06900 0.1526
45725.07000 0.1626
45725.07100 0.1668
45726.02700 0.1560
45726.02800 0.1610
45726.02900 0.1574
45728.02400 0.1611
45728.02600 0.1644
45728.02700 0.1646
45729.01500 0.1647
45729.01600 0.1622
45729.01700 0.1604
45735.98100 0.1662
45735.98200 0.1643
45735.98300 0.1675
45737.00900 0.1531
45737.01000 0.1531
45737.01000 0.1597
45738.04600 0.1589
45738.04700 0.1616
45738.04800 0.1677
45738.99700 0.1553
45738.99800 0.1599
45738.99900 0.1610
45739.97400 0.1696
45739.97500 0.1651
45739.97600 0.1599
45741.99000 0.1612
45741.99100 0.1583
45741.99200 0.1595
45743.00800 0.1522
45743.00900 0.1591
45743.01000 0.1584
45743.96300 0.1572
45743.96400 0.1657
45743.96500 0.1615
45751.04700 0.1586
45751.04900 0.1616
45751.05100 0.1552
45753.98300 0.1583
45753.98400 0.1525
45753.98400 0.1477
45754.97200 0.1628
45754.97300 0.1618
45754.97400 0.1587
45755.95700 0.1597
45755.96100 0.1565
45755.96400 0.1574
45756.96400 0.1555
45756.96500 0.1529
45756.96600 0.1573
45757.95600 0.1622
45757.95800 0.1617
45757.95900 0.1578
45758.93700 0.1596
45758.93800 0.1637
45758.93900 0.1604
45759.94900 0.1608
45759.95000 0.1596
45759.95100 0.1561
45760.94700 0.1558
45760.94800 0.1569
45760.94900 0.1614
45761.95600 0.1551
45761.95700 0.1515
45761.95800 0.1565
45762.92800 0.1646
45762.92900 0.1621
45762.93000 0.1642
45763.97700 0.1630
45763.97900 0.1588
45763.98000 0.1556
45765.95000 0.1611
45765.95100 0.1565
45765.95300 0.1627
45766.89800 0.1636
45766.90000 0.1612
45766.90200 0.1502
45767.99400 0.1644
45767.99500 0.1643
45767.99600 0.1613
45772.91968 0.1565
45772.92078 0.1655
45772.92175 0.1497
45779.94200 0.1610
45779.94300 0.1513
45779.94400 0.1609
45780.80400 0.1628
45780.80500 0.1585
45780.80600 0.1572
45781.92700 0.1579
45781.92900 0.1603
45781.93100 0.1627
45782.90000 0.1635
45782.90100 0.1628
45782.90200 0.1564
45783.89868 0.1596
45783.89954 0.1603
45783.90039 0.1583
45786.90800 0.1633
45786.91100 0.1552
45786.91400 0.1559
45788.86963 0.1582
45788.87073 0.1570
45788.87170 0.1603
45790.93555 0.1640
45790.93726 0.1610
45790.93884 0.1604
45792.92224 0.1588
45792.92407 0.1582
45792.92627 0.1591
45793.90300 0.1581
45793.90400 0.1648
45793.90500 0.1653
45797.89100 0.1520
45797.89200 0.1594
45797.89400 0.1554
45799.84705 0.1562
45799.85181 0.1604
45799.85754 0.1537
45802.90161 0.1572
45802.90259 0.1603
45802.90356 0.1616
45803.83300 0.1591
45803.83400 0.1627
45803.83500 0.1537
45804.81600 0.1584
45804.81700 0.1609
45804.81800 0.1620
45805.81700 0.1568
45805.81800 0.1619
45805.81800 0.1571
45806.79800 0.1568
45806.79900 0.1642
45806.80000 0.1569
45807.78479 0.1664
45807.78625 0.1601
45807.78735 0.1631
45808.82373 0.1633
45808.82507 0.1593
45808.82666 0.1649
45812.79700 0.1598
45812.79900 0.1690
45812.80100 0.1655
45814.79700 0.1676
45814.79800 0.1677
45814.79900 0.1618
45815.78345 0.1660
45815.78625 0.1684
45815.78882 0.1720
45818.82800 0.1626
45818.83000 0.1610
45818.83200 0.1545
45819.81100 0.1653
45819.81200 0.1699
45819.81300 0.1695
45822.83700 0.1669
45822.84100 0.1656
45822.84400 0.1628
45824.83200 0.1641
45824.83400 0.1592
45824.83500 0.1630
45827.76000 0.1583
45827.76100 0.1567
45827.76100 0.1537
45828.72300 0.1630
45828.72400 0.1596
45828.72500 0.1586
45830.73800 0.1716
45830.73900 0.1654
45830.74000 0.1679
45831.75900 0.1702
45831.76000 0.1708
45831.76200 0.1653
45832.72571 0.1599
45832.72656 0.1631
45832.72778 0.1579
45836.77100 0.1547
45836.77307 0.1582
45836.77539 0.1585
45837.69543 0.1592
45837.69617 0.1580
45837.69702 0.1591
45838.74268 0.1569
45838.74402 0.1610
45838.74548 0.1559
45839.70544 0.1538
45839.70642 0.1607
45839.70789 0.1645
45840.72070 0.1631
45840.72144 0.1605
45840.72217 0.1616
45841.70679 0.1565
45841.70789 0.1627
45841.70874 0.1592
45842.72913 0.1614
45842.73010 0.1589
45842.73108 0.1573
45843.72571 0.1575
45843.72644 0.1528
45843.72717 0.1530
45844.72095 0.1619
45844.72192 0.1660
45844.72290 0.1631
45845.75671 0.1597
45845.75793 0.1594
45845.75916 0.1569
45846.73682 0.1608
45846.73792 0.1636
45846.73889 0.1590
45847.72974 0.1576
45847.73047 0.1634
45847.73120 0.1638
45848.73291 0.1655
45848.73389 0.1608
45848.73486 0.1596
45849.73413 0.1656
45849.73486 0.1728
45849.73547 0.1698
45851.71680 0.1716
45851.71777 0.1651
45851.71875 0.1645
45853.72852 0.1623
45853.72949 0.1634
45853.73059 0.1660
45860.67944 0.1595
45860.68054 0.1672
45860.68176 0.1657
45862.68958 0.1635
45862.69080 0.1603
45862.69238 0.1615
45863.69312 0.1657
45863.69421 0.1736
45863.69495 0.1591
45864.71814 0.1693
45864.71912 0.1660
45864.72034 0.1718
45865.67761 0.1630
45865.67871 0.1646
45865.67969 0.1581
45866.71802 0.1586
45866.71948 0.1509
45866.72095 0.1591
45867.68970 0.1674
45867.69080 0.1602
45867.69177 0.1654
45868.66589 0.1626
45868.66687 0.1660
45868.66785 0.1639
45869.66833 0.1614
45869.66919 0.1659
45869.67004 0.1651
45870.70313 0.1593
45870.70398 0.1562
45870.70483 0.1595
45871.67334 0.1650
45871.67419 0.1592
45871.67505 0.1630
45872.68530 0.1705
45872.68604 0.1693
45872.68689 0.1709
45873.66821 0.1686
45873.66895 0.1701
45873.66968 0.1651
45874.66479 0.1615
45874.66553 0.1682
45874.66626 0.1611
45875.69568 0.1597
45875.69641 0.1631
45875.69714 0.1573
45876.68103 0.1671
45876.68164 0.1742
45876.68237 0.1719
45877.68066 0.1674
45877.68164 0.1665
45877.68262 0.1689
45878.67944 0.1651
45878.68030 0.1588
45878.68115 0.1593
45879.68201 0.1620
45879.68323 0.1663
45879.68457 0.1679
45887.67078 0.1667
45887.67175 0.1660
45887.67261 0.1582
45889.67383 0.1635
45889.67542 0.1613
45889.67700 0.1669
45891.67615 0.1672
45891.67725 0.1629
45891.67871 0.1661
46113.98291 0.1621
46113.98413 0.1624
46113.98535 0.1597
46121.94849 0.1607
46121.94971 0.1580
46121.95142 0.1639
46123.99170 0.1627
46123.99316 0.1595
46123.99438 0.1686
46137.93652 0.1609
46137.93750 0.1577
46137.93872 0.1609
46139.90747 0.1578
46139.90894 0.1570
46139.91016 0.1576
46142.89673 0.1533
46142.89819 0.1556
46142.89941 0.1578
46148.88477 0.1546
46148.88574 0.1494
46148.88696 0.1581
46157.90015 0.1569
46157.90161 0.1646
46157.90308 0.1616
46159.88550 0.1553
46159.88696 0.1586
46159.88843 0.1563
46161.84692 0.1669
46161.84839 0.1611
46161.84985 0.1618
46163.81738 0.1529
46163.81812 0.1570
46163.81909 0.1657
46165.79761 0.1595
46165.79883 0.1621
46165.80029 0.1609
46167.84497 0.1596
46167.84644 0.1598
46167.84790 0.1610
46170.81104 0.1646
46170.81226 0.1618
46170.81348 0.1609
46179.80029 0.1526
46179.80322 0.1564
46179.80664 0.1539
46183.80591 0.1623
46183.80713 0.1549
46183.80835 0.1665
46185.79346 0.1585
46185.79517 0.1573
46185.79712 0.1638
46187.81714 0.1610
46187.81836 0.1576
46187.81958 0.1573
46189.77637 0.1648
46189.77856 0.1626
46189.78052 0.1602
46191.75317 0.1595
46191.75464 0.1574
46191.75635 0.1554
46199.71875 0.1597
46199.72119 0.1573
46199.72363 0.1552
46201.69165 0.1574
46201.69385 0.1599
46201.69604 0.1652
46203.75317 0.1627
46203.75537 0.1661
46203.75781 0.1646
46206.75513 0.1560
46206.75830 0.1573
46206.76123 0.1583
46211.75635 0.1620
46211.75903 0.1524
46211.76196 0.1590
46216.74780 0.1667
46216.75073 0.1657
46216.75366 0.1607
46220.68921 0.1622
46220.69287 0.1630
46220.69629 0.1624
46223.69971 0.1617
46223.70093 0.1613
46223.70337 0.1665
46223.70459 0.1651
46225.69775 0.1634
46225.70044 0.1620
46225.70337 0.1595
46227.66016 0.1578
46227.66235 0.1656
46227.66431 0.1553
46231.68213 0.1649
46231.68433 0.1667
46231.68677 0.1617
46233.68213 0.1630
46233.68359 0.1671
46233.68530 0.1762
46235.70776 0.1659
46235.70947 0.1676
46235.71118 0.1675
46237.70361 0.1580
46237.70435 0.1601
46237.70532 0.1582
46239.70142 0.1687
46239.70239 0.1614
46239.70337 0.1741
46241.66602 0.1616
46241.66724 0.1632
46241.66846 0.1612
46458.00732 0.1578
46458.00854 0.1639
46458.00952 0.1589
46472.00781 0.1611
46472.00854 0.1615
46472.00928 0.1601
46482.99756 0.1608
46483.00000 0.1596
46483.00244 0.1677
46485.00073 0.1587
46485.00171 0.1634
46485.00269 0.1588
46489.92480 0.1552
46489.92578 0.1702
46489.92676 0.1576
46491.96118 0.1600
46491.96216 0.1681
46491.96313 0.1596
46493.95654 0.1626
46493.95728 0.1628
46493.95825 0.1697
46498.93799 0.1622
46498.93945 0.1646
46498.94067 0.1680
46509.89307 0.1609
46509.89380 0.1596
46509.89453 0.1642
46514.88721 0.1643
46514.88818 0.1594
46514.88892 0.1558
46516.93994 0.1614
46516.94092 0.1639
46516.94189 0.1656
46524.88257 0.1646
46524.88354 0.1572
46524.88428 0.1652
46531.88647 0.1587
46531.88770 0.1583
46531.88867 0.1590
46535.85913 0.1552
46535.85986 0.1544
46535.86084 0.1597
46539.80200 0.1592
46539.80298 0.1623
46539.80396 0.1551
46541.80151 0.1608
46541.80225 0.1563
46541.80273 0.1671
46544.80420 0.1600
46544.80518 0.1649
46544.80615 0.1661
46549.78564 0.1573
46549.78638 0.1544
46549.78711 0.1583
46559.73999 0.1661
46559.74121 0.1656
46559.74219 0.1671
46562.75488 0.1632
46562.75586 0.1704
46562.75708 0.1665
46566.78711 0.1577
46566.78833 0.1654
46566.79004 0.1610
46568.78784 0.1612
46568.78906 0.1664
46568.79077 0.1699
46571.72705 0.1665
46571.72827 0.1616
46571.72974 0.1624
46573.74219 0.1658
46573.74316 0.1634
46573.74438 0.1621
46576.77319 0.1636
46576.77393 0.1579
46576.77515 0.1553
46578.76367 0.1680
46578.76489 0.1621
46578.76611 0.1603
46584.71582 0.1647
46584.71704 0.1596
46584.71802 0.1639
46586.74316 0.1604
46586.74585 0.1570
46586.74780 0.1613
46588.75244 0.1701
46588.75366 0.1635
46588.75464 0.1647
46591.72290 0.1528
46591.72363 0.1591
46591.72437 0.1575
46593.72363 0.1608
46593.72461 0.1581
46593.72559 0.1575
46595.71436 0.1729
46595.71533 0.1788
46595.71631 0.1635
46598.69141 0.1593
46598.69238 0.1682
46598.69336 0.1608
46600.66431 0.1610
46600.66504 0.1567
46600.66602 0.1576
46603.67358 0.1661
46603.67456 0.1642
46603.67529 0.1558
46605.68262 0.1675
46605.68359 0.1674
46605.68433 0.1628
46617.68237 0.1706
46617.68384 0.1586
46617.68530 0.1676
46620.67529 0.1653
46620.67627 0.1621
46620.67725 0.1617
46623.66357 0.1715
46623.66455 0.1595
46623.66553 0.1710
46625.66333 0.1631
46625.66406 0.1639
46625.66504 0.1710
46627.66431 0.1644
46627.66577 0.1640
46627.66724 0.1675
46832.02417 0.1639
46832.02612 0.1538
46832.02905 0.1579
46844.01978 0.1631
46844.02466 0.1639
46844.02832 0.1636
46847.96118 0.1685
46847.96338 0.1677
46847.96484 0.1603
46854.96655 0.1675
46854.96826 0.1692
46854.96997 0.1703
46858.97583 0.1564
46858.97778 0.1601
46858.97998 0.1634
46864.91406 0.1618
46864.91577 0.1667
46864.91748 0.1579
46866.94727 0.1780
46866.94897 0.1602
46866.95020 0.1614
46871.94189 0.1601
46871.94409 0.1654
46871.94604 0.1633
46874.90479 0.1565
46874.90894 0.1693
46874.91431 0.1600
46880.85864 0.1659
46880.86035 0.1617
46880.86230 0.1628
46891.86938 0.1539
46891.87134 0.1548
46891.87305 0.1556
46893.87402 0.1615
46893.87549 0.1530
46893.87720 0.1489
46897.89111 0.1633
46897.89453 0.1652
46897.89795 0.1720
46901.87012 0.1515
46901.87280 0.1571
46901.87549 0.1515
46906.86792 0.1584
46906.87085 0.1623
46906.87402 0.1613
46912.78687 0.1621
46912.78882 0.1654
46912.79077 0.1607
46918.80273 0.1640
46918.80444 0.1583
46918.80615 0.1557
46921.76465 0.1629
46921.76636 0.1729
46921.76807 0.1653
46928.79370 0.1555
46928.79639 0.1610
46928.79858 0.1607
46932.73730 0.1626
46932.74023 0.1620
46932.74292 0.1590
46949.69751 0.1594
46949.69946 0.1633
46949.70166 0.1658
46951.71802 0.1672
46951.72021 0.1666
46951.72241 0.1656
46955.66577 0.1723
46955.66895 0.1678
46955.67188 0.1611
46957.68921 0.1607
46957.69165 0.1667
46957.69434 0.1619
46959.68188 0.1633
46959.68408 0.1611
46959.68604 0.1653
46962.66479 0.1728
46962.66626 0.1664
46962.66797 0.1652
46964.67822 0.1645
46964.67993 0.1669
46964.68140 0.1734
46966.66846 0.1640
46966.67041 0.1603
46966.67212 0.1614
47186.04395 0.1586
47186.04517 0.1559
47186.04614 0.1568
47196.03979 0.1593
47196.04077 0.1576
47196.04199 0.1593
47199.03711 0.1563
47199.03833 0.1591
47199.03931 0.1597
47203.98462 0.1563
47203.98560 0.1575
47203.98657 0.1586
47205.98926 0.1579
47205.99023 0.1588
47205.99146 0.1569
47207.99341 0.1562
47207.99414 0.1626
47207.99512 0.1595
47212.95215 0.1662
47212.95313 0.1611
47212.95435 0.1641
47214.97534 0.1540
47214.97754 0.1594
47214.97827 0.1533
47223.99976 0.1609
47224.00098 0.1633
47224.00220 0.1632
47225.95728 0.1629
47225.95850 0.1600
47225.95947 0.1623
47239.89819 0.1598
47239.89917 0.1602
47239.90039 0.1560
47241.88745 0.1689
47241.88843 0.1672
47241.88940 0.1658
47250.90234 0.1632
47250.90356 0.1635
47250.90503 0.1630
47253.83936 0.1654
47253.84009 0.1694
47253.84106 0.1690
47255.84839 0.1642
47255.84937 0.1648
47255.85010 0.1676
47277.80225 0.1677
47277.80322 0.1692
47277.80420 0.1575
47281.80396 0.1569
47281.80493 0.1589
47281.80615 0.1595
47284.76367 0.1616
47284.76465 0.1634
47284.76587 0.1636
47294.80347 0.1600
47294.80493 0.1616
47294.80640 0.1592
47296.78418 0.1640
47296.78540 0.1642
47296.78662 0.1647
47298.78076 0.1542
47298.78223 0.1574
47298.78394 0.1628
47301.76733 0.1579
47301.76855 0.1612
47301.76978 0.1588
47306.79102 0.1635
47306.79224 0.1643
47306.79346 0.1648
47308.76147 0.1643
47308.76221 0.1611
47308.76343 0.1652
47313.73828 0.1530
47313.73950 0.1560
47313.74097 0.1617
47316.74316 0.1641
47316.74463 0.1661
47316.74585 0.1658
47320.76611 0.1612
47320.76733 0.1584
47320.76855 0.1586
47322.76782 0.1638
47322.76880 0.1592
47322.76978 0.1575
47326.72241 0.1658
47326.72339 0.1598
47326.72437 0.1619
47329.73877 0.1581
47329.73975 0.1601
47329.74097 0.1600
47334.68921 0.1611
47334.69067 0.1626
47334.69214 0.1707
47337.68286 0.1596
47337.68384 0.1562
47337.68481 0.1573
47340.69238 0.1575
47340.69336 0.1637
47340.69434 0.1641
47342.69946 0.1624
47342.70044 0.1651
47342.70142 0.1653
47344.69409 0.1573
47344.69531 0.1565
47344.69629 0.1625
47348.70239 0.1710
47348.70337 0.1645
47348.70459 0.1692
47573.93457 0.1568
47573.93579 0.1569
47573.93677 0.1570
47575.95508 0.1618
47575.95605 0.1664
47575.95703 0.1597
47579.96069 0.1558
47579.96216 0.1597
47579.96362 0.1637
47586.96655 0.1582
47586.96777 0.1572
47586.96899 0.1594
47589.96460 0.1565
47589.96777 0.1544
47589.97046 0.1538
47591.97778 0.1592
47591.97949 0.1589
47591.98120 0.1593
47599.89624 0.1531
47599.89868 0.1543
47599.90039 0.1618
47614.87622 0.1660
47614.87744 0.1654
47614.87891 0.1545
47621.88721 0.1628
47621.88916 0.1672
47621.89087 0.1651
47624.90503 0.1611
47624.90649 0.1610
47624.90796 0.1605
47628.87354 0.1633
47628.87451 0.1562
47628.87549 0.1587
47631.83838 0.1586
47631.84033 0.1559
47631.84131 0.1582
47634.84473 0.1535
47634.84619 0.1595
47634.84717 0.1671
47644.79858 0.1575
47644.80029 0.1573
47644.80151 0.1602
47647.83911 0.1583
47647.84253 0.1581
47647.84521 0.1656
47649.82764 0.1641
47649.82886 0.1549
47649.83032 0.1589
47666.74536 0.1666
47666.74683 0.1626
47666.74805 0.1656
47669.72192 0.1552
47669.72412 0.1606
47669.72632 0.1611
47688.71582 0.1658
47688.71729 0.1632
47688.71899 0.1697
47932.03101 0.1705
47932.03247 0.1665
47932.03369 0.1662
47943.03638 0.1615
47943.03784 0.1616
47943.03931 0.1617
47957.98804 0.1617
47957.98950 0.1647
47957.99121 0.1668
47974.91089 0.1563
47974.91211 0.1595
47974.91333 0.1603
47975.94678 0.1665
47975.94800 0.1648
47975.94946 0.1688
48072.68726 0.1617
48072.68848 0.1678
48072.68994 0.1670
48362.86963 0.1622
48362.87109 0.1691
48362.87256 0.1692
48392.76807 0.1604
48392.77002 0.1635
48392.77197 0.1622
48398.72852 0.1610
48398.73096 0.1606
48398.73291 0.1631
48403.72021 0.1651
48403.72168 0.1701
48403.72363 0.1631
48656.99707 0.1627
48656.99854 0.1640
48657.00000 0.1664
48692.89941 0.1665
48692.90186 0.1625
48692.90430 0.1626
48694.90430 0.1650
48694.90674 0.1665
48694.90869 0.1613
48697.92627 0.1595
48697.92822 0.1669
48697.93018 0.1665
48719.87061 0.1670
48719.87549 0.1638
48719.87988 0.1716
48721.86865 0.1639
48721.87305 0.1669
48721.87695 0.1628
48731.79492 0.1644
48731.79639 0.1633
48731.79785 0.1646
48751.71973 0.1657
48751.72266 0.1702
48751.72461 0.1638
48755.79785 0.1609
48755.79932 0.1682
48755.80127 0.1660
48756.72803 0.1691
48756.72949 0.1682
48756.73047 0.1708
48758.76709 0.1706
48758.76904 0.1657
48758.77051 0.1688
48760.74463 0.1683
48760.74561 0.1697
48760.74707 0.1692
48771.75928 0.1676
48771.76123 0.1664
48771.76221 0.1692
48779.70996 0.1608
48779.71143 0.1623
48779.71289 0.1641
48781.71289 0.1673
48781.71436 0.1685
48781.71582 0.1652
48783.74463 0.1665
48783.74609 0.1652
48783.74707 0.1656
48786.75098 0.1595
48786.75244 0.1673
48786.75342 0.1653
48788.72266 0.1703
48788.72412 0.1709
48788.72559 0.1699
48791.69385 0.1643
48791.69531 0.1646
48791.69678 0.1627
48793.70166 0.1697
48793.70313 0.1662
48793.70459 0.1665
48795.71875 0.1644
48795.72021 0.1649
48795.72168 0.1689
49059.89844 0.1664
49059.89941 0.1616
49059.90088 0.1616
49067.92334 0.1630
49067.92529 0.1600
49067.92676 0.1607
49090.85400 0.1690
49090.85547 0.1618
49090.85693 0.1685
49138.74268 0.1659
49138.74463 0.1594
49138.74609 0.1642
49152.71582 0.1686
49152.71777 0.1718
49152.71924 0.1725
49408.84229 0.1748
49408.84375 0.1748
49408.84473 0.1761
49416.92480 0.1616
49416.92578 0.1566
49416.92725 0.1633
49420.93994 0.1632
49420.94092 0.1617
49420.94238 0.1657
49425.93213 0.1535
49425.93359 0.1624
49425.93457 0.1589
49433.87842 0.1570
49433.87939 0.1593
49433.88086 0.1612
49439.89404 0.1560
49439.89502 0.1581
49439.89648 0.1596
49442.88330 0.1572
49442.88428 0.1611
49442.88525 0.1555
49445.86475 0.1629
49445.86572 0.1591
49445.86719 0.1625
49449.85986 0.1587
49449.86084 0.1648
49449.86230 0.1649
49454.82812 0.1580
49454.82910 0.1629
49454.83057 0.1621
49456.85498 0.1602
49456.85645 0.1599
49456.85742 0.1631
49460.78369 0.1526
49460.78467 0.1579
49460.78613 0.1519
49462.84912 0.1566
49462.85010 0.1618
49462.85156 0.1644
49472.76660 0.1539
49472.76758 0.1588
49472.76904 0.1559
49475.75781 0.1536
49475.75879 0.1573
49475.75977 0.1564
49477.76807 0.1580
49477.76904 0.1561
49477.77002 0.1556
49482.78223 0.1565
49482.78369 0.1588
49482.78467 0.1606
49484.78662 0.1608
49484.78760 0.1588
49484.78857 0.1566
49493.75488 0.1597
49493.75635 0.1595
49493.75732 0.1588
49495.74951 0.1636
49495.75049 0.1651
49495.75195 0.1676
49498.75732 0.1599
49498.75830 0.1635
49498.75977 0.1621
49499.74902 0.1573
49499.75049 0.1626
49499.75146 0.1623
49505.71582 0.1523
49505.71729 0.1561
49505.71826 0.1598
49510.73584 0.1583
49510.73682 0.1689
49510.73779 0.1612
49512.74268 0.1554
49512.74414 0.1586
49512.74512 0.1589
49515.77246 0.1556
49515.77344 0.1584
49515.77490 0.1604
49517.78271 0.1575
49517.78369 0.1640
49517.78516 0.1614
49521.72705 0.1622
49521.72852 0.1657
49521.72949 0.1638
49764.99512 0.1587
49764.99658 0.1587
49764.99756 0.1598
49768.97021 0.1625
49768.97168 0.1577
49768.97266 0.1648
49774.97656 0.1630
49774.97754 0.1625
49774.97900 0.1690
49792.92627 0.1642
49792.92773 0.1724
49792.92920 0.1635
49819.86621 0.1450
49819.86719 0.1541
49819.86865 0.1489
49827.83154 0.1619
49827.83301 0.1606
49827.83398 0.1587
49856.78125 0.1560
49856.78369 0.1557
49856.78516 0.1605
49873.74756 0.1588
49873.74854 0.1572
49873.75000 0.1566
49880.74365 0.1557
49880.74512 0.1609
49880.74609 0.1584
