2445186.99695 0.2308
2445186.99902 0.2332
2445187.00098 0.2276
2445569.95300 0.2236
2445569.95600 0.2367
2445569.95800 0.2377
2445570.94200 0.2330
2445570.94400 0.2296
2445570.94600 0.2252
2445572.98400 0.2304
2445572.98700 0.2258
2445572.98900 0.2325
2445576.01000 0.2435
2445576.01200 0.2337
2445576.01400 0.2437
2445580.98300 0.2314
2445580.98500 0.2270
2445580.98700 0.2258
2445583.98500 0.2478
2445583.98700 0.2328
2445583.98900 0.2573
2445589.90100 0.2358
2445589.90300 0.2291
2445589.90500 0.2183
