39193.80000 0.2602
39194.80000 0.2564
39272.80000 0.2725
39274.80000 0.2751
39516.80000 0.2427
39549.80000 0.2637
39550.80000 0.2628
39596.80000 0.2646
39597.80000 0.2636
39666.80000 0.2709
39667.80000 0.2612
39897.80000 0.2403
39964.80000 0.2508
39978.80000 0.2536
39979.80000 0.2554
40010.80000 0.2458
40046.80000 0.2554
40252.80000 0.2550
40253.80000 0.2477
40254.80000 0.2392
40255.80000 0.2449
40284.80000 0.2444
40285.80000 0.2439
40286.80000 0.2388
40312.80000 0.2477
40339.80000 0.2504
40340.80000 0.2581
40341.80000 0.2711
40342.80000 0.2623
40611.80000 0.2683
40612.80000 0.2719
40613.80000 0.2658
40661.80000 0.2540
40662.80000 0.2598
40663.80000 0.2687
40664.80000 0.2629
40665.80000 0.2535
40685.80000 0.2668
40686.80000 0.2616
40687.80000 0.2591
40688.80000 0.2514
40725.80000 0.2580
40726.80000 0.2429
40727.80000 0.2463
40728.80000 0.2563
40729.80000 0.2460
40961.80000 0.2454
41027.80000 0.2461
41028.80000 0.2453
41050.80000 0.2474
41051.80000 0.2432
41052.80000 0.2465
41053.80000 0.2460
41083.80000 0.2428
41084.80000 0.2450
41085.80000 0.2472
41113.80000 0.2465
41114.80000 0.2390
41349.80000 0.2451
41398.80000 0.2395
41399.80000 0.2450
41400.80000 0.2484
41401.80000 0.2419
41428.80000 0.2434
41429.80000 0.2441
41430.80000 0.2404
41459.80000 0.2487
41460.80000 0.2610
41461.80000 0.2450
41503.80000 0.2589
41702.80000 0.2431
41703.80000 0.2442
41726.80000 0.2515
41763.80000 0.2484
41764.80000 0.2450
41765.80000 0.2408
41786.80000 0.2343
41787.80000 0.2436
41788.80000 0.2421
41819.80000 0.2423
41820.80000 0.2482
41821.80000 0.2445
41822.80000 0.2374
41835.80000 0.2365
41836.80000 0.2381
42085.80000 0.2431
42086.80000 0.2386
42087.80000 0.2364
42109.80000 0.2396
42110.80000 0.2457
42147.80000 0.2433
42148.80000 0.2358
42166.80000 0.2370
42167.80000 0.2302
42168.80000 0.2325
42169.80000 0.2366
42208.80000 0.2317
42210.80000 0.2439
42431.80000 0.2402
42432.80000 0.2438
42438.80000 0.2348
42440.80000 0.2290
42467.80000 0.2360
42468.80000 0.2439
42469.80000 0.2413
42470.80000 0.2430
42495.80000 0.2341
42497.80000 0.2271
42498.80000 0.2421
42525.80000 0.2462
42557.80000 0.2417
42558.80000 0.2372
42559.80000 0.2412
42560.80000 0.2533
42792.80000 0.2477
42793.80000 0.2296
42794.80000 0.2410
42819.80000 0.2435
42820.80000 0.2358
42848.80000 0.2342
42849.80000 0.2361
42850.80000 0.2298
42851.80000 0.2344
42885.80000 0.2329
42910.80000 0.2347
42911.80000 0.2361
42912.80000 0.2444
42913.80000 0.2452
42940.80000 0.2445
43172.80000 0.2442
43173.80000 0.2427
43175.80000 0.2408
43176.80000 0.2426
43203.80000 0.2473
43204.80000 0.2414
43205.80000 0.2432
43206.80000 0.2454
43235.80000 0.2414
43236.80000 0.2330
43236.80000 0.2441
43237.80000 0.2409
43237.80000 0.2381
43238.80000 0.2392
43238.80000 0.2445
43239.80000 0.2395
43239.80000 0.2323
43254.80000 0.2380
43255.80000 0.2382
43256.80000 0.2349
43256.80000 0.2434
43257.80000 0.2293
43257.80000 0.2362
43273.80000 0.2320
43294.80000 0.2220
43295.80000 0.2547
43297.80000 0.2443
43631.80000 0.2520
43663.80000 0.2398
43664.80000 0.2430
43891.80000 0.2543
43892.80000 0.2392
43898.80000 0.2402
43982.80000 0.1873
43983.80000 0.2619
43984.80000 0.2365
43998.80000 0.2409
44003.80000 0.2411
44004.80000 0.2428
44260.80000 0.2421
44277.80000 0.2355
44641.02802 0.2483
44641.02899 0.2492
44641.03003 0.2511
44658.94897 0.2522
44658.95001 0.2455
44658.95099 0.2462
44672.88702 0.2513
44672.88800 0.2499
44672.88898 0.2499
44673.87701 0.2498
44673.87903 0.2468
44673.88000 0.2483
44681.88000 0.2492
44681.88098 0.2435
44681.88202 0.2473
44692.81000 0.2461
44692.81097 0.2466
44692.81201 0.2504
44699.80603 0.2384
44699.80701 0.2417
44699.80902 0.2421
44700.80499 0.2452
44700.80603 0.2429
44700.80701 0.2457
44702.80200 0.2431
44702.80499 0.2414
44702.80798 0.2411
44703.79797 0.2452
44703.79797 0.2484
44703.79901 0.2465
44707.79102 0.2504
44707.79303 0.2502
44707.79401 0.2461
44708.82898 0.2439
44708.83002 0.2432
44708.83099 0.2452
44709.81201 0.2466
44709.81299 0.2457
44709.81500 0.2489
44715.80902 0.2427
44715.81097 0.2471
44715.81299 0.2409
44717.73199 0.2373
44717.73297 0.2375
44717.73401 0.2425
44718.76300 0.2428
44718.76501 0.2401
44718.76703 0.2384
44719.76501 0.2463
44719.76599 0.2443
44719.76801 0.2451
44720.74701 0.2460
44720.75403 0.2340
44732.75201 0.2421
44732.75403 0.2429
44732.75500 0.2411
44733.73602 0.2494
44733.73798 0.2450
44733.73901 0.2444
44734.73602 0.2464
44734.73700 0.2459
44734.73901 0.2447
44735.73499 0.2365
44735.73700 0.2388
44735.73798 0.2378
44736.76801 0.2444
44736.76898 0.2457
44736.77100 0.2449
44737.75299 0.2440
44737.75500 0.2423
44737.75598 0.2463
44738.73999 0.2435
44738.74103 0.2412
44738.74103 0.2432
44741.75299 0.2428
44741.75598 0.2392
44741.75897 0.2395
44742.73102 0.2428
44742.73199 0.2403
44742.73297 0.2443
44747.71899 0.2412
44747.72101 0.2385
44747.72302 0.2375
44763.71698 0.2470
44763.71698 0.2433
44763.71802 0.2385
44773.74402 0.2388
44773.74597 0.2431
44773.74701 0.2418
44774.75403 0.2447
44774.75598 0.2447
44774.75800 0.2451
44775.76398 0.2404
44775.76599 0.2401
44775.76801 0.2419
45024.95801 0.2339
45024.95996 0.2358
45024.96204 0.2351
45026.94702 0.2352
45026.94800 0.2364
45026.94995 0.2383
45028.92297 0.2442
45028.92603 0.2423
45028.92896 0.2397
45050.88696 0.2508
45050.88904 0.2436
45050.89099 0.2460
45059.87805 0.2447
45059.88000 0.2461
45059.88098 0.2425
45064.79797 0.2402
45064.80103 0.2414
45064.80396 0.2421
45072.78198 0.2422
45072.78296 0.2415
45072.78406 0.2446
45073.80298 0.2364
45073.80505 0.2381
45073.80798 0.2352
45074.81104 0.2420
45074.81396 0.2401
45074.81702 0.2413
45076.77002 0.2358
45076.77197 0.2343
45076.77502 0.2353
45077.77405 0.2412
45077.77698 0.2394
45077.78003 0.2401
45078.78699 0.2413
45078.78894 0.2418
45078.79199 0.2447
45079.81799 0.2366
45079.81995 0.2371
45079.82202 0.2357
45080.76697 0.2480
45080.76904 0.2475
45080.77100 0.2432
45081.74902 0.2477
45081.75098 0.2403
45081.75305 0.2439
45082.81897 0.2387
45082.81995 0.2401
45082.82202 0.2377
45083.73706 0.2356
45083.73804 0.2385
45083.73999 0.2399
45088.73999 0.2388
45088.74304 0.2366
45088.74597 0.2376
45089.71497 0.2433
45089.71704 0.2457
45089.71899 0.2447
45091.76404 0.2420
45091.76599 0.2420
45091.76904 0.2410
45092.73303 0.2464
45092.73499 0.2443
45092.73804 0.2462
45093.71802 0.2443
45093.72095 0.2388
45093.72302 0.2417
45094.78198 0.2368
45094.78503 0.2361
45094.78699 0.2383
45095.75098 0.2430
45095.75403 0.2426
45095.75598 0.2423
45096.69897 0.2389
45096.70105 0.2389
45096.70300 0.2420
45097.71106 0.2427
45097.71399 0.2406
45097.71704 0.2408
45103.68005 0.2359
45103.68201 0.2406
45103.68506 0.2391
45105.69897 0.2415
45105.70105 0.2425
45105.70300 0.2413
45106.70898 0.2413
45106.71106 0.2382
45106.71399 0.2480
45109.72900 0.2375
45109.73096 0.2375
45109.73303 0.2391
45110.70398 0.2348
45110.70496 0.2372
45110.70605 0.2466
45111.78699 0.2374
45111.78894 0.2381
45111.79004 0.2402
45112.70801 0.2429
45112.70898 0.2431
45112.71106 0.2434
45118.71399 0.2414
45118.71594 0.2442
45118.71802 0.2433
45120.71497 0.2416
45120.71704 0.2340
45120.71802 0.2387
45121.73401 0.2365
45121.73499 0.2400
45121.73596 0.2356
45123.70300 0.2342
45123.70496 0.2342
45123.70703 0.2353
45124.69299 0.2404
45124.69397 0.2358
45124.69495 0.2370
45125.71497 0.2416
45125.71704 0.2430
45125.71802 0.2414
45126.69995 0.2329
45126.70105 0.2367
45126.70203 0.2343
45128.68396 0.2432
45128.68604 0.2401
45128.68701 0.2384
45131.67505 0.2369
45131.67603 0.2400
45131.67700 0.2350
45132.66699 0.2371
45132.66895 0.2376
45132.67102 0.2403
45135.70703 0.2374
45135.70801 0.2376
45135.70996 0.2378
45139.71497 0.2336
45139.71802 0.2322
45139.71997 0.2324
45140.71399 0.2396
45140.71594 0.2403
45140.71704 0.2383
45141.72595 0.2428
45141.72803 0.2419
45141.72900 0.2474
45345.88501 0.2564
45345.88696 0.2474
45345.89001 0.2497
45347.02295 0.2479
45347.02405 0.2479
45347.02405 0.2467
45348.03601 0.2377
45348.03699 0.2369
45348.03796 0.2356
45349.01697 0.2448
45349.01697 0.2501
45349.01794 0.2477
45350.00598 0.2511
45350.00696 0.2485
45350.00806 0.2479
45352.00903 0.2481
45352.01001 0.2442
45352.01099 0.2462
45353.03894 0.2466
45353.04004 0.2483
45353.04102 0.2448
45360.04395 0.2353
45360.04395 0.2343
45360.04504 0.2359
45362.97205 0.2369
45362.97302 0.2407
45362.97400 0.2369
45365.93005 0.2434
45365.93103 0.2422
45365.93103 0.2437
45367.01196 0.2376
45367.01196 0.2350
45367.01294 0.2425
45375.97595 0.2359
45375.97803 0.2349
45375.97900 0.2425
45379.97998 0.2372
45379.98206 0.2391
45379.98303 0.2416
45380.97498 0.2390
45380.97498 0.2469
45380.97595 0.2478
45381.95605 0.2337
45381.95703 0.2352
45381.95801 0.2404
45382.96204 0.2350
45382.96204 0.2341
45382.96301 0.2359
45384.91199 0.2381
45384.91199 0.2432
45384.91296 0.2407
45385.96301 0.2325
45385.96399 0.2388
45385.96497 0.2394
45386.89404 0.2385
45386.89502 0.2372
45386.89600 0.2377
45387.95203 0.2333
45387.95300 0.2407
45387.95300 0.2400
45398.92102 0.2335
45398.92200 0.2339
45398.92297 0.2362
45401.84302 0.2356
45401.84399 0.2385
45401.84497 0.2357
45402.83203 0.2354
45402.83301 0.2373
45402.83301 0.2368
45406.92505 0.2370
45406.92603 0.2382
45406.92798 0.2403
45408.95496 0.2368
45408.95605 0.2412
45408.95801 0.2389
45409.92004 0.2452
45409.92102 0.2429
45409.92200 0.2384
45415.80603 0.2379
45415.80701 0.2390
45415.80798 0.2399
45419.80603 0.2389
45419.80603 0.2466
45419.80701 0.2403
45420.71497 0.2363
45420.71594 0.2415
45420.71704 0.2438
45422.91797 0.2356
45422.91895 0.2413
45422.92004 0.2397
45423.79700 0.2404
45423.79895 0.2387
45423.79895 0.2405
45424.79102 0.2373
45424.79199 0.2370
45424.79395 0.2355
45425.90198 0.2374
45425.90295 0.2403
45425.90405 0.2386
45426.78894 0.2442
45426.79004 0.2448
45426.79004 0.2431
45429.81494 0.2440
45429.81604 0.2443
45429.81702 0.2425
45430.85498 0.2380
45430.85596 0.2359
45430.85706 0.2367
45431.80505 0.2392
45431.80603 0.2359
45431.80701 0.2368
45432.81299 0.2389
45432.81396 0.2409
45432.81494 0.2434
45433.81396 0.2362
45433.81494 0.2370
45433.81604 0.2380
45437.83899 0.2367
45437.83997 0.2347
45437.84094 0.2360
45438.78894 0.2425
45438.79004 0.2401
45438.79102 0.2427
45439.78796 0.2321
45439.78894 0.2345
45439.78894 0.2343
45440.77100 0.2400
45440.77197 0.2387
45440.77295 0.2372
45447.75000 0.2420
45447.75000 0.2405
45447.75098 0.2381
45449.79199 0.2334
45449.79297 0.2344
45449.79395 0.2334
45457.72998 0.2410
45457.73096 0.2374
45457.73096 0.2419
45476.70300 0.2371
45476.70300 0.2348
45476.70398 0.2395
45477.69995 0.2341
45477.70105 0.2398
45477.70105 0.2358
45478.68604 0.2394
45478.68701 0.2416
45478.68701 0.2403
45479.72302 0.2340
45479.72400 0.2404
45479.72498 0.2381
45480.68799 0.2352
45480.68799 0.2343
45480.68896 0.2401
45481.68396 0.2359
45481.68506 0.2373
45481.68506 0.2380
45482.68396 0.2355
45482.68506 0.2409
45482.68604 0.2367
45484.71594 0.2419
45484.71704 0.2397
45484.71704 0.2422
45485.69397 0.2345
45485.69495 0.2337
45485.69604 0.2352
45697.06600 0.2514
45697.06700 0.2492
45697.06900 0.2479
45708.03500 0.2465
45708.03600 0.2421
45708.03800 0.2500
45726.01300 0.2361
45726.01400 0.2395
45726.01400 0.2379
45735.96700 0.2321
45735.96800 0.2362
45735.96800 0.2363
45738.98500 0.2374
45738.98500 0.2351
45738.98600 0.2339
45749.99900 0.2342
45750.00000 0.2312
45750.00100 0.2378
45753.97000 0.2361
45753.97000 0.2400
45753.97100 0.2373
45758.86400 0.2325
45758.86500 0.2305
45758.86500 0.2332
45765.99100 0.2342
45765.99200 0.2342
45765.99300 0.2338
45779.97400 0.2419
45779.97400 0.2458
45779.97500 0.2463
45786.91500 0.2367
45786.91600 0.2382
45786.91700 0.2435
45794.92517 0.2340
45794.92578 0.2383
45794.92639 0.2333
45803.82900 0.2422
45803.83000 0.2428
45803.83000 0.2378
45812.78800 0.2416
45812.78900 0.2355
45812.79000 0.2412
45827.78800 0.2329
45827.78900 0.2315
45827.78900 0.2432
45837.75684 0.2342
45837.75745 0.2357
45837.75806 0.2317
45843.75110 0.2340
45843.75183 0.2371
45843.75256 0.2351
45848.77148 0.2343
45848.77234 0.2457
45848.77307 0.2436
45853.75989 0.2358
45853.76111 0.2326
45853.76233 0.2387
45861.76245 0.2410
45861.76306 0.2431
45861.76379 0.2376
45868.71936 0.2357
45868.71997 0.2335
45868.72058 0.2393
45874.71375 0.2344
45874.71436 0.2375
45874.71509 0.2373
45879.69470 0.2424
45879.69568 0.2411
45879.69666 0.2325
45884.69373 0.2391
45884.69446 0.2416
45887.68140 0.2328
45887.68213 0.2337
45887.68286 0.2368
45888.70947 0.2430
45888.71021 0.2425
45888.71094 0.2417
45889.67981 0.2407
45889.68054 0.2385
45889.68127 0.2353
45890.68677 0.2346
45890.68799 0.2354
45890.68872 0.2359
45891.68372 0.2416
45891.68433 0.2440
45891.68506 0.2391
45892.68286 0.2357
45892.68347 0.2337
45892.68420 0.2339
45893.68701 0.2412
45893.68762 0.2360
45893.68823 0.2393
45914.67810 0.2327
45914.67932 0.2466
45914.67993 0.2339
45917.65710 0.2312
45917.65771 0.2357
45917.65845 0.2340
45918.67285 0.2308
45918.67419 0.2329
45918.67542 0.2288
45919.66321 0.2302
45919.66382 0.2321
45919.66443 0.2361
45922.66138 0.2140
45922.66199 0.2172
45922.66272 0.2192
46085.18799 0.2379
46085.19458 0.2383
46085.20117 0.2477
46085.84106 0.2458
46085.85034 0.2432
46085.85913 0.2445
46110.97632 0.2437
46110.97754 0.2405
46110.97900 0.2412
46112.00610 0.2341
46112.00732 0.2389
46112.00854 0.2341
46113.00708 0.2402
46113.00781 0.2390
46113.00854 0.2388
46113.99536 0.2397
46113.99609 0.2436
46113.99683 0.2389
46115.95190 0.2343
46115.95264 0.2426
46115.95337 0.2405
46121.92383 0.2365
46121.92456 0.2371
46121.92554 0.2258
46123.01416 0.2405
46123.01514 0.2373
46123.01563 0.2306
46123.91235 0.2308
46123.91284 0.2369
46123.91357 0.2335
46124.91650 0.2313
46124.91724 0.2327
46124.91821 0.2309
46138.96265 0.2277
46138.96313 0.2305
46138.96387 0.2226
46138.96436 0.2286
46139.96240 0.2344
46139.96313 0.2330
46139.96387 0.2331
46141.99585 0.2324
46141.99658 0.2312
46141.99707 0.2249
46145.85889 0.2295
46145.85986 0.2307
46145.86084 0.2319
46147.95190 0.2392
46147.95264 0.2347
46147.95361 0.2394
46148.86401 0.2286
46148.86475 0.2273
46148.86572 0.2304
46149.87231 0.2280
46149.87305 0.2308
46149.87378 0.2271
46150.88086 0.2409
46150.88135 0.2360
46150.88208 0.2429
46157.88184 0.2386
46157.88281 0.2373
46157.88354 0.2389
46158.81006 0.2411
46158.81079 0.2327
46158.81152 0.2353
46159.95386 0.2367
46159.95459 0.2386
46159.95581 0.2358
46160.84961 0.2427
46160.85034 0.2415
46160.85083 0.2346
46161.82739 0.2327
46161.82813 0.2376
46161.82861 0.2371
46163.79492 0.2381
46163.79541 0.2378
46163.79614 0.2380
46164.86377 0.2415
46164.86450 0.2404
46164.86523 0.2388
46165.80225 0.2405
46165.80298 0.2444
46165.80347 0.2405
46166.85034 0.2373
46166.85083 0.2386
46166.85156 0.2423
46167.85620 0.2428
46167.85693 0.2391
46167.85742 0.2403
46168.81836 0.2455
46168.81885 0.2355
46168.81958 0.2397
46169.84082 0.2355
46169.84155 0.2285
46169.84204 0.2350
46170.85913 0.2380
46170.85986 0.2406
46170.86060 0.2434
46171.88062 0.2407
46171.88159 0.2382
46171.88232 0.2428
46175.86279 0.2391
46175.86377 0.2411
46175.86475 0.2437
46182.89844 0.2359
46182.89941 0.2288
46182.90039 0.2314
46183.86182 0.2409
46183.86255 0.2414
46183.86328 0.2423
46183.86401 0.2409
46184.87085 0.2410
46184.87134 0.2417
46184.87207 0.2470
46186.81494 0.2436
46186.81567 0.2370
46186.81641 0.2374
46187.79492 0.2389
46187.79565 0.2437
46187.79663 0.2391
46190.83936 0.2386
46190.84009 0.2442
46190.84131 0.2393
46191.83398 0.2381
46191.83447 0.2424
46191.83521 0.2382
46192.76611 0.2419
46192.76685 0.2444
46192.76758 0.2429
46198.81445 0.2408
46198.81616 0.2388
46198.81787 0.2406
46199.81738 0.2437
46199.81885 0.2440
46199.82007 0.2463
46200.65820 0.2338
46200.65991 0.2381
46200.66138 0.2384
46201.67456 0.2390
46201.67554 0.2432
46201.67676 0.2374
46202.65308 0.2520
46202.65381 0.2417
46202.65454 0.2447
46203.76001 0.2431
46203.76074 0.2385
46203.76147 0.2446
46204.65283 0.2467
46204.65356 0.2421
46204.65430 0.2414
46205.79541 0.2448
46205.79639 0.2443
46205.79736 0.2406
46206.78564 0.2341
46206.78613 0.2388
46206.78662 0.2419
46207.80786 0.2428
46207.80859 0.2401
46207.80908 0.2376
46208.77881 0.2466
46208.77954 0.2448
46208.78027 0.2427
46209.82397 0.2424
46209.82471 0.2358
46209.82520 0.2463
46210.81958 0.2395
46210.82056 0.2367
46210.82104 0.2420
46211.76709 0.2445
46211.76782 0.2457
46211.76855 0.2443
46212.76099 0.2468
46212.76147 0.2503
46212.76221 0.2402
46213.75366 0.2358
46213.75415 0.2349
46213.75488 0.2376
46214.75024 0.2362
46214.75098 0.2373
46214.75171 0.2394
46215.76880 0.2415
46215.76978 0.2472
46215.77124 0.2404
46216.78955 0.2421
46216.79028 0.2400
46216.79126 0.2353
46218.70605 0.2437
46218.70679 0.2398
46218.70752 0.2378
46220.65039 0.2387
46220.65137 0.2385
46220.65234 0.2361
46221.68994 0.2409
46221.69067 0.2460
46221.69165 0.2354
46223.68188 0.2389
46223.68262 0.2408
46223.68335 0.2421
46224.64990 0.2426
46224.65063 0.2411
46224.65137 0.2463
46225.68701 0.2397
46225.68750 0.2376
46225.68823 0.2320
46226.66895 0.2350
46226.66992 0.2359
46226.67114 0.2358
46227.65430 0.2437
46227.65503 0.2412
46227.65576 0.2427
46230.68823 0.2471
46230.68945 0.2486
46230.69067 0.2475
46231.65503 0.2387
46231.65625 0.2399
46231.65747 0.2356
46233.65771 0.2406
46233.65845 0.2373
46233.65918 0.2397
46234.65527 0.2423
46234.65601 0.2340
46234.65674 0.2450
46235.66431 0.2394
46235.66504 0.2407
46235.66577 0.2374
46237.66895 0.2444
46237.66968 0.2394
46237.67017 0.2384
46238.66675 0.2369
46238.66724 0.2404
46238.66772 0.2392
46239.68091 0.2371
46239.68164 0.2426
46239.68262 0.2367
46240.69507 0.2382
46240.69604 0.2327
46240.69702 0.2370
46241.67212 0.2422
46241.67334 0.2391
46241.67456 0.2367
46243.67993 0.2451
46243.68066 0.2432
46243.68140 0.2440
46244.66235 0.2424
46244.66309 0.2452
46244.66382 0.2428
46245.66260 0.2430
46245.66333 0.2424
46245.66406 0.2454
46246.69775 0.2469
46246.69873 0.2459
46246.69971 0.2471
46247.66992 0.2394
46247.67114 0.2395
46247.67261 0.2393
46250.66992 0.2418
46250.67065 0.2436
46250.67139 0.2402
46444.02832 0.2454
46444.02930 0.2455
46444.03027 0.2419
46457.98486 0.2385
46457.98584 0.2389
46457.98657 0.2360
46458.98535 0.2399
46458.98657 0.2395
46458.98730 0.2442
46467.01831 0.2437
46467.01929 0.2400
46467.02002 0.2410
46467.99121 0.2491
46467.99219 0.2427
46467.99316 0.2371
46471.99976 0.2451
46472.00073 0.2435
46472.00171 0.2484
46472.97363 0.2395
46472.97437 0.2377
46472.97534 0.2429
46482.98901 0.2479
46482.98975 0.2404
46482.99097 0.2398
46483.96313 0.2343
46483.96411 0.2339
46483.96509 0.2304
46485.94019 0.2449
46485.94116 0.2461
46485.94189 0.2459
46486.99902 0.2380
46486.99976 0.2378
46487.00098 0.2392
46488.98145 0.2361
46488.98218 0.2424
46488.98291 0.2444
46489.86890 0.2373
46489.86963 0.2440
46489.87061 0.2400
46491.95068 0.2516
46491.95142 0.2461
46491.95215 0.2494
46492.95825 0.2394
46492.95898 0.2428
46492.95947 0.2446
46493.97266 0.2381
46493.97339 0.2329
46493.97388 0.2370
46495.97388 0.2388
46495.97461 0.2419
46495.97534 0.2356
46498.95142 0.2479
46498.95215 0.2467
46498.95288 0.2454
46508.94141 0.2412
46508.94238 0.2439
46508.94312 0.2418
46509.91626 0.2407
46509.91699 0.2382
46509.91797 0.2437
46510.96558 0.2433
46510.96655 0.2412
46510.96729 0.2435
46512.87988 0.2385
46512.88062 0.2372
46512.88159 0.2373
46513.91943 0.2421
46513.92017 0.2438
46513.92090 0.2437
46513.92163 0.2389
46514.90039 0.2357
46514.90112 0.2340
46514.90186 0.2381
46516.92651 0.2404
46516.92725 0.2306
46516.92822 0.2320
46517.95801 0.2399
46517.95898 0.2402
46517.95996 0.2330
46519.92261 0.2380
46519.92358 0.2396
46519.92432 0.2429
46521.89868 0.2426
46521.89941 0.2380
46521.90039 0.2390
46524.90234 0.2416
46524.90308 0.2424
46524.90405 0.2445
46529.87622 0.2422
46529.87695 0.2420
46529.87769 0.2414
46530.88574 0.2435
46530.88672 0.2412
46530.88794 0.2391
46531.91040 0.2421
46531.91113 0.2397
46531.91187 0.2428
46535.87085 0.2399
46535.87134 0.2377
46535.87207 0.2361
46538.89575 0.2448
46538.89648 0.2383
46538.89722 0.2385
46539.87378 0.2423
46539.87451 0.2377
46539.87524 0.2418
46540.89673 0.2450
46540.89746 0.2431
46540.89819 0.2440
46542.81006 0.2404
46542.81104 0.2386
46542.81226 0.2334
46543.80420 0.2461
46543.80493 0.2464
46543.80542 0.2447
46544.78931 0.2398
46544.79004 0.2444
46544.79077 0.2430
46545.75220 0.2336
46545.75293 0.2409
46545.75366 0.2403
46548.81421 0.2452
46548.81519 0.2394
46548.81592 0.2423
46549.78931 0.2448
46549.79004 0.2428
46549.79102 0.2431
46550.79614 0.2455
46550.79688 0.2447
46550.79761 0.2422
46552.80981 0.2507
46552.81079 0.2478
46552.81152 0.2450
46553.82690 0.2434
46553.82764 0.2460
46553.82861 0.2494
46555.78003 0.2427
46555.78101 0.2448
46555.78198 0.2411
46557.79785 0.2402
46557.79883 0.2369
46557.79980 0.2368
46558.78882 0.2432
46558.78955 0.2376
46558.79053 0.2452
46559.79761 0.2445
46559.79858 0.2464
46559.79956 0.2475
46562.77661 0.2457
46562.77759 0.2425
46562.77832 0.2444
46566.77026 0.2464
46566.77100 0.2476
46566.77173 0.2447
46568.76685 0.2446
46568.76733 0.2412
46568.76807 0.2389
46569.77515 0.2491
46569.77588 0.2472
46569.77686 0.2462
46570.76196 0.2425
46570.76294 0.2473
46570.76367 0.2463
46572.77466 0.2465
46572.77539 0.2497
46572.77637 0.2498
46573.79492 0.2463
46573.79565 0.2427
46573.79639 0.2452
46575.76343 0.2491
46575.76440 0.2467
46575.76514 0.2487
46576.75391 0.2454
46576.75464 0.2518
46576.75537 0.2409
46577.72632 0.2487
46577.72705 0.2447
46577.72803 0.2438
46579.72852 0.2531
46579.72925 0.2552
46579.72998 0.2519
46580.74512 0.2471
46580.74609 0.2454
46580.74683 0.2438
46583.73853 0.2446
46583.73926 0.2462
46583.73999 0.2446
46584.74097 0.2482
46584.74194 0.2523
46584.74292 0.2510
46585.74658 0.2448
46585.74731 0.2535
46585.74829 0.2491
46587.73071 0.2476
46587.73169 0.2509
46587.73242 0.2479
46588.73511 0.2484
46588.73608 0.2459
46588.73682 0.2488
46590.71558 0.2499
46590.71631 0.2497
46590.71704 0.2518
46591.72803 0.2487
46591.72900 0.2455
46591.72974 0.2433
46592.71851 0.2508
46592.71948 0.2521
46592.72021 0.2503
46594.70923 0.2448
46594.70996 0.2463
46594.71069 0.2469
46595.73486 0.2508
46595.73560 0.2482
46595.73633 0.2494
46596.71143 0.2456
46596.71216 0.2447
46596.71289 0.2478
46598.72119 0.2511
46598.72192 0.2538
46598.72266 0.2527
46599.70654 0.2441
46599.70728 0.2447
46599.70801 0.2447
46600.70142 0.2408
46600.70239 0.2449
46600.70313 0.2445
46603.71362 0.2463
46603.71436 0.2463
46603.71509 0.2444
46604.70605 0.2433
46604.70679 0.2488
46604.70752 0.2431
46605.70874 0.2499
46605.70947 0.2485
46605.71045 0.2489
46609.69482 0.2340
46609.69580 0.2360
46609.69678 0.2376
46618.67480 0.2394
46618.67554 0.2336
46618.67627 0.2417
46619.68042 0.2410
46619.68115 0.2436
46619.68188 0.2406
46620.68115 0.2397
46620.68213 0.2454
46620.68311 0.2439
46818.07227 0.2406
46818.07300 0.2435
46818.07373 0.2379
46828.00098 0.2407
46828.00171 0.2401
46828.00244 0.2533
46829.03638 0.2385
46829.04297 0.2354
46829.05298 0.2358
46830.03857 0.2506
46830.04004 0.2461
46830.04199 0.2370
46832.04712 0.2436
46832.04810 0.2475
46832.04907 0.2381
46833.04565 0.2414
46833.04639 0.2405
46833.04712 0.2406
46844.04492 0.2474
46844.04541 0.2427
46844.04614 0.2461
46845.04834 0.2365
46845.04883 0.2450
46845.05054 0.2386
46848.03442 0.2439
46848.03516 0.2479
46848.03589 0.2461
46866.93335 0.2462
46866.93408 0.2381
46866.93506 0.2418
46867.94751 0.2395
46867.94873 0.2422
46867.94971 0.2494
46872.95508 0.2450
46872.95581 0.2397
46872.95679 0.2351
46874.94116 0.2345
46874.94214 0.2379
46874.94287 0.2442
46877.92285 0.2364
46877.92358 0.2363
46877.92432 0.2387
46880.84521 0.2412
46880.84619 0.2337
46880.84717 0.2369
46892.89404 0.2315
46892.89478 0.2302
46892.89551 0.2377
46894.91553 0.2281
46894.91650 0.2323
46894.91724 0.2356
46895.86890 0.2294
46895.86987 0.2232
46895.87085 0.2253
46896.87500 0.2312
46896.87598 0.2390
46896.87695 0.2296
46900.86548 0.2247
46900.86646 0.2316
46900.86768 0.2408
46903.87378 0.2309
46903.87427 0.2435
46903.87500 0.2468
46905.87085 0.2319
46905.87183 0.2283
46905.87280 0.2243
46920.79102 0.2268
46920.79175 0.2316
46920.79272 0.2265
46921.79492 0.2304
46921.79565 0.2369
46921.79639 0.2348
46928.76685 0.2364
46928.76758 0.2305
46928.76855 0.2324
46932.76514 0.2299
46932.76636 0.2338
46932.76733 0.2337
46948.72339 0.2386
46948.72412 0.2391
46948.72510 0.2411
46950.70337 0.2350
46950.70410 0.2283
46950.70483 0.2306
46951.70483 0.2442
46951.70581 0.2487
46951.70679 0.2419
46954.69556 0.2390
46954.69653 0.2458
46954.69751 0.2453
46956.69092 0.2414
46956.69165 0.2421
46956.69263 0.2360
46957.69800 0.2455
46957.69922 0.2419
46957.70020 0.2463
46959.70776 0.2372
46959.70850 0.2374
46959.70923 0.2371
46960.67896 0.2463
46960.67969 0.2448
46960.68066 0.2336
46962.70410 0.2403
46962.70508 0.2367
46962.70605 0.2471
46964.68677 0.2449
46964.68750 0.2394
46964.68823 0.2430
46965.69189 0.2395
46965.69287 0.2300
46965.69360 0.2379
46967.69580 0.2369
46967.69653 0.2405
46967.69751 0.2402
46970.69800 0.2362
46970.69897 0.2457
46970.70020 0.2357
47170.06689 0.2236
47170.06787 0.2267
47170.06885 0.2271
47181.05933 0.2296
47181.06030 0.2284
47181.06104 0.2312
47184.05664 0.2246
47184.05786 0.2235
47184.05884 0.2331
47185.04419 0.2286
47185.04517 0.2296
47185.04614 0.2249
47186.00146 0.2275
47186.00220 0.2306
47186.00317 0.2289
47191.05444 0.2289
47191.05591 0.2274
47191.05713 0.2253
47195.05664 0.2298
47195.05762 0.2276
47195.05859 0.2285
47196.03149 0.2312
47196.03271 0.2268
47196.03442 0.2321
47198.03760 0.2306
47198.03857 0.2294
47198.03979 0.2294
47199.01978 0.2303
47199.02075 0.2318
47199.02197 0.2294
47202.02441 0.2299
47202.02563 0.2243
47202.02661 0.2291
47203.95166 0.2305
47203.95239 0.2297
47203.95337 0.2312
47205.00854 0.2290
47205.00952 0.2262
47205.01050 0.2306
47205.95825 0.2319
47205.95923 0.2326
47205.95996 0.2293
47206.93335 0.2343
47206.93433 0.2318
47206.93555 0.2275
47212.01855 0.2375
47212.01953 0.2320
47212.02051 0.2387
47213.00757 0.2331
47213.00854 0.2335
47213.00952 0.2370
47213.98755 0.2354
47213.98853 0.2355
47213.98950 0.2386
47216.01416 0.2315
47216.01538 0.2381
47216.01660 0.2329
47216.95557 0.2380
47216.95654 0.2362
47216.95728 0.2372
47223.97412 0.2310
47223.97510 0.2292
47223.97607 0.2374
47224.93945 0.2307
47224.94043 0.2314
47224.94165 0.2394
47225.94043 0.2416
47225.94141 0.2392
47225.94238 0.2362
47229.96729 0.2337
47229.96851 0.2353
47229.96948 0.2350
47235.97876 0.2310
47235.97998 0.2402
47235.98120 0.2375
47235.98242 0.2353
47239.01294 0.2392
47239.01416 0.2423
47239.01538 0.2414
47239.88574 0.2322
47239.88696 0.2312
47239.88818 0.2320
47240.88257 0.2422
47240.88379 0.2359
47240.88477 0.2380
47241.86743 0.2361
47241.86865 0.2409
47241.86963 0.2427
47251.91431 0.2279
47251.91504 0.2372
47251.91602 0.2360
47253.82300 0.2331
47253.82422 0.2372
47253.82520 0.2311
47254.87646 0.2259
47254.87769 0.2358
47254.87842 0.2334
47255.81836 0.2416
47255.81909 0.2390
47255.82007 0.2446
47256.95728 0.2335
47256.95850 0.2309
47256.95972 0.2343
47257.89502 0.2343
47257.89600 0.2340
47257.89722 0.2347
47276.79932 0.2364
47276.80054 0.2349
47276.80151 0.2379
47281.76782 0.2341
47281.76904 0.2330
47281.77148 0.2279
47283.80371 0.2361
47283.80493 0.2364
47283.80591 0.2374
47284.77173 0.2297
47284.77271 0.2306
47284.77368 0.2315
47290.82910 0.2340
47290.83032 0.2286
47290.83154 0.2330
47292.85425 0.2348
47292.85547 0.2297
47292.85669 0.2285
47296.75537 0.2306
47296.75659 0.2316
47296.75757 0.2281
47297.76880 0.2340
47297.77002 0.2322
47297.77124 0.2333
47299.79126 0.2283
47299.79272 0.2365
47299.79443 0.2347
47300.76563 0.2283
47300.76685 0.2305
47300.76807 0.2327
47305.77930 0.2302
47305.78052 0.2298
47305.78174 0.2276
47306.76880 0.2316
47306.76978 0.2315
47306.77075 0.2302
47307.75903 0.2281
47307.76001 0.2302
47307.76147 0.2317
47309.69067 0.2327
47309.69189 0.2305
47309.69336 0.2302
47312.73608 0.2317
47312.73730 0.2347
47312.73877 0.2290
47314.73291 0.2292
47314.73413 0.2321
47314.73486 0.2319
47316.78076 0.2316
47316.78174 0.2350
47316.78296 0.2288
47319.76953 0.2384
47319.77051 0.2360
47319.77148 0.2372
47320.77881 0.2316
47320.77954 0.2276
47320.78003 0.2300
47321.80371 0.2288
47321.80444 0.2298
47321.80518 0.2310
47322.75098 0.2285
47322.75220 0.2306
47322.75342 0.2311
47326.71509 0.2314
47326.71631 0.2323
47326.71753 0.2340
47328.71265 0.2355
47328.71362 0.2432
47328.71484 0.2387
47332.69312 0.2279
47332.69434 0.2310
47332.69556 0.2348
47335.68604 0.2398
47335.68799 0.2356
47335.69019 0.2411
47337.69189 0.2324
47337.69287 0.2338
47337.69409 0.2352
47338.69043 0.2322
47338.69141 0.2316
47338.69238 0.2361
47339.68188 0.2287
47339.68311 0.2260
47339.68433 0.2273
47341.68945 0.2412
47341.69043 0.2427
47341.69141 0.2438
47342.68164 0.2315
47342.68262 0.2298
47342.68384 0.2343
47343.69043 0.2420
47343.69165 0.2400
47343.69263 0.2367
47345.68896 0.2345
47345.69019 0.2314
47345.69116 0.2313
47346.71045 0.2425
47346.71143 0.2352
47346.71265 0.2351
47347.72754 0.2347
47347.72827 0.2351
47347.72925 0.2364
47349.72192 0.2295
47349.72339 0.2273
47349.72461 0.2390
47350.71021 0.2378
47350.71118 0.2397
47350.71265 0.2283
47542.03540 0.2306
47542.03662 0.2225
47542.03784 0.2321
47543.99829 0.2415
47543.99927 0.2397
47544.00049 0.2417
47545.01367 0.2320
47545.01514 0.2330
47545.01636 0.2364
47557.04712 0.2355
47557.04883 0.2360
47557.05029 0.2361
47573.90869 0.2345
47573.90991 0.2360
47573.91113 0.2334
47574.95947 0.2313
47574.96045 0.2325
47574.96167 0.2324
47577.95850 0.2362
47577.95947 0.2394
47577.96045 0.2409
47579.94531 0.2334
47579.94653 0.2338
47579.94800 0.2328
47580.91016 0.2353
47580.91138 0.2370
47580.91260 0.2369
47583.98633 0.2384
47583.98755 0.2402
47583.99023 0.2444
47585.00830 0.2308
47585.00977 0.2341
47585.01147 0.2347
47585.97437 0.2363
47585.97583 0.2376
47585.97729 0.2392
47589.93091 0.2295
47589.93262 0.2300
47589.93384 0.2298
47591.95728 0.2390
47591.95874 0.2375
47591.95996 0.2352
47596.90576 0.2329
47596.90698 0.2321
47596.91040 0.2384
47599.84644 0.2315
47599.84839 0.2303
47599.84961 0.2305
47601.89722 0.2375
47601.89844 0.2377
47601.89966 0.2380
47616.91113 0.2360
47616.91235 0.2346
47616.91357 0.2388
47617.90063 0.2366
47617.90210 0.2339
47617.90356 0.2333
47622.89526 0.2417
47622.89648 0.2384
47622.89771 0.2375
47624.87671 0.2402
47624.87793 0.2354
47624.87915 0.2396
47626.88062 0.2326
47626.88184 0.2359
47626.88306 0.2380
47628.89355 0.2389
47628.89478 0.2384
47628.89575 0.2396
47631.79419 0.2398
47631.79565 0.2367
47631.79712 0.2387
47634.80518 0.2486
47634.80615 0.2419
47634.80713 0.2425
47637.79907 0.2337
47637.80054 0.2339
47637.80176 0.2336
47638.79858 0.2378
47638.79956 0.2346
47638.80078 0.2354
47639.81567 0.2383
47639.81689 0.2343
47639.81787 0.2391
47644.76392 0.2279
47644.76514 0.2263
47644.76611 0.2316
47648.77271 0.2373
47648.77368 0.2368
47648.77466 0.2365
47649.77881 0.2489
47649.78003 0.2484
47649.78149 0.2463
47663.73853 0.2375
47663.73950 0.2403
47663.74072 0.2419
47666.72168 0.2473
47666.72290 0.2458
47666.72412 0.2443
47668.72827 0.2364
47668.72974 0.2348
47668.73120 0.2379
47669.71411 0.2376
47669.71582 0.2363
47669.71729 0.2338
47671.71021 0.2368
47671.71143 0.2321
47671.71265 0.2347
47675.68530 0.2377
47675.68677 0.2372
47675.68823 0.2369
47676.69946 0.2321
47676.70093 0.2363
47676.70239 0.2358
47688.68970 0.2494
47688.69067 0.2448
47688.69141 0.2496
47926.02515 0.2526
47926.02637 0.2522
47926.02759 0.2506
47933.00244 0.2447
47933.00391 0.2474
47933.00562 0.2454
47939.01929 0.2475
47939.02075 0.2435
47939.02222 0.2432
47957.94824 0.2408
47957.94946 0.2399
47957.95068 0.2401
47975.92285 0.2455
47975.92383 0.2501
47975.92480 0.2466
47977.90698 0.2500
47977.90796 0.2508
47977.90918 0.2516
48071.68530 0.2463
48071.68652 0.2478
48071.68774 0.2410
48290.00928 0.2418
48290.01074 0.2452
48290.01172 0.2455
48327.94824 0.2488
48327.94971 0.2498
48327.95068 0.2509
48345.92432 0.2467
48345.92529 0.2446
48345.92676 0.2421
48362.87891 0.2520
48362.87988 0.2520
48362.88086 0.2492
48375.79248 0.2521
48375.79395 0.2527
48375.79541 0.2564
48391.75732 0.2541
48391.75830 0.2456
48391.75928 0.2482
48392.72363 0.2462
48392.72559 0.2519
48392.72705 0.2499
48394.77393 0.2448
48394.77539 0.2441
48394.77686 0.2436
48396.75195 0.2424
48396.75342 0.2447
48396.75488 0.2471
48399.75732 0.2438
48399.75879 0.2485
48399.75977 0.2461
48401.73145 0.2453
48401.73291 0.2432
48401.73389 0.2431
48403.73438 0.2456
48403.73584 0.2503
48403.73779 0.2461
48405.73730 0.2451
48405.73877 0.2468
48405.74023 0.2460
48598.08545 0.2508
48598.08691 0.2460
48598.08789 0.2482
48618.08838 0.2434
48618.08936 0.2413
48618.09082 0.2421
48655.00049 0.2482
48655.00195 0.2451
48655.00391 0.2477
48655.94434 0.2494
48655.94580 0.2529
48655.94727 0.2488
48656.95313 0.2464
48656.95459 0.2426
48656.95557 0.2427
48671.89746 0.2471
48671.89893 0.2550
48671.90039 0.2506
48677.89307 0.2439
48677.89404 0.2466
48677.89551 0.2504
48678.96338 0.2557
48678.96436 0.2534
48678.96533 0.2543
48680.02539 0.2470
48680.02686 0.2473
48680.02832 0.2493
48680.03076 0.2507
48680.03223 0.2499
48680.03369 0.2512
48692.87646 0.2454
48692.87793 0.2467
48692.87939 0.2485
48693.87451 0.2520
48693.87598 0.2482
48693.87744 0.2543
48694.88184 0.2527
48694.88330 0.2545
48694.88477 0.2515
48695.92139 0.2466
48695.92285 0.2452
48695.92432 0.2466
48696.87158 0.2528
48696.87305 0.2504
48696.87500 0.2459
48697.89355 0.2554
48697.89502 0.2544
48697.89648 0.2557
48698.86084 0.2448
48698.86230 0.2447
48698.86377 0.2479
48716.88623 0.2470
48716.88867 0.2438
48716.89063 0.2476
48719.85400 0.2490
48719.85645 0.2449
48719.85840 0.2469
48720.77686 0.2461
48720.77832 0.2441
48720.77979 0.2428
48721.88379 0.2406
48721.88477 0.2472
48721.88623 0.2471
48722.80615 0.2437
48722.80762 0.2433
48722.80908 0.2415
48729.83057 0.2464
48729.83203 0.2489
48729.83350 0.2459
48731.82080 0.2448
48731.82227 0.2410
48731.82373 0.2450
48732.77686 0.2449
48732.77832 0.2434
48732.77979 0.2464
48739.86377 0.2446
48739.86475 0.2406
48739.86621 0.2435
48740.78906 0.2414
48740.79053 0.2470
48740.79199 0.2435
48744.79932 0.2367
48744.80127 0.2367
48744.80273 0.2399
48745.76953 0.2391
48745.77100 0.2368
48745.77246 0.2344
48750.71387 0.2389
48750.71533 0.2368
48750.71631 0.2378
48751.69092 0.2297
48751.69189 0.2361
48751.69385 0.2316
48752.69482 0.2379
48752.69629 0.2393
48752.69727 0.2393
48753.69043 0.2430
48753.69189 0.2412
48753.69385 0.2415
48755.82813 0.2369
48755.82959 0.2398
48755.83105 0.2362
48756.76611 0.2385
48756.76758 0.2407
48756.76904 0.2367
48757.74365 0.2361
48757.74512 0.2372
48757.74658 0.2347
48758.78125 0.2374
48758.78271 0.2375
48758.78418 0.2395
48759.76270 0.2398
48759.76416 0.2400
48759.76563 0.2397
48760.78857 0.2385
48760.79004 0.2348
48760.79150 0.2346
48761.74219 0.2349
48761.74365 0.2313
48761.74512 0.2319
48771.78662 0.2319
48771.78809 0.2339
48771.78955 0.2320
48772.72314 0.2323
48772.72461 0.2345
48772.72607 0.2271
48774.71240 0.2319
48774.71387 0.2379
48774.71533 0.2348
48776.72607 0.2397
48776.72754 0.2406
48776.72900 0.2370
48778.73193 0.2317
48778.73291 0.2375
48778.73438 0.2308
48779.75781 0.2385
48779.75928 0.2374
48779.76074 0.2374
48781.73926 0.2347
48781.74072 0.2331
48781.74219 0.2367
48782.72852 0.2381
48782.72998 0.2355
48782.73145 0.2332
48783.78223 0.2350
48783.78369 0.2353
48783.78516 0.2372
48784.72314 0.2367
48784.72461 0.2371
48784.72559 0.2362
48785.70947 0.2405
48785.71094 0.2399
48785.71240 0.2403
48786.73389 0.2418
48786.73535 0.2419
48786.73682 0.2409
48787.75000 0.2295
48787.75098 0.2319
48787.75244 0.2345
48788.74170 0.2397
48788.74316 0.2396
48788.74414 0.2404
48789.71875 0.2370
48789.72021 0.2357
48789.72168 0.2354
48791.71875 0.2384
48791.72021 0.2369
48791.72168 0.2376
48792.70508 0.2430
48792.70654 0.2419
48792.70752 0.2433
48793.73389 0.2392
48793.73535 0.2382
48793.73682 0.2377
48794.71191 0.2425
48794.71338 0.2416
48794.71533 0.2403
48795.73340 0.2406
48795.73486 0.2417
48795.73584 0.2405
48797.72363 0.2386
48797.72510 0.2438
48797.72656 0.2412
48813.69287 0.2430
48813.69434 0.2426
48813.69580 0.2438
48820.70313 0.2463
48820.70459 0.2466
48820.70654 0.2451
48821.69727 0.2482
48821.69824 0.2470
48821.69971 0.2468
48822.69775 0.2423
48822.69922 0.2468
48822.70068 0.2443
49057.88330 0.2471
49057.88477 0.2434
49057.88623 0.2456
49058.89160 0.2459
49058.89307 0.2425
49058.89453 0.2446
49059.87646 0.2438
49059.87793 0.2438
49059.87939 0.2442
49065.90479 0.2452
49065.90625 0.2458
49065.90723 0.2458
49067.91113 0.2456
49067.91309 0.2466
49067.91455 0.2471
49069.88379 0.2521
49069.88477 0.2516
49069.88574 0.2516
49081.89697 0.2573
49081.89893 0.2504
49081.89990 0.2527
49086.86279 0.2502
49086.86426 0.2497
49086.86523 0.2471
49088.82324 0.2545
49088.82471 0.2515
49088.82617 0.2533
49089.85498 0.2488
49089.85645 0.2497
49089.85791 0.2523
49090.83252 0.2537
49090.83398 0.2518
49090.83545 0.2528
49094.83643 0.2592
49094.83789 0.2540
49094.83887 0.2605
49098.85498 0.2526
49098.85645 0.2509
49098.85791 0.2511
49099.83887 0.2493
49099.84131 0.2528
49099.84277 0.2514
49102.83203 0.2567
49102.83350 0.2549
49102.83496 0.2552
49103.79883 0.2497
49103.79980 0.2510
49103.80127 0.2540
49107.78662 0.2484
49107.78760 0.2468
49107.78906 0.2419
49109.76709 0.2504
49109.76855 0.2459
49109.77002 0.2470
49116.75928 0.2453
49116.76074 0.2410
49116.76172 0.2437
49117.78174 0.2476
49117.78320 0.2509
49117.78467 0.2422
49118.78857 0.2457
49118.79004 0.2476
49118.79150 0.2509
49121.82080 0.2454
49121.82227 0.2423
49121.82324 0.2457
49124.77588 0.2418
49124.77734 0.2420
49124.77881 0.2431
49126.76172 0.2458
49126.76270 0.2453
49126.76416 0.2449
49130.77344 0.2420
49130.77490 0.2401
49130.77637 0.2413
49131.76611 0.2440
49131.76758 0.2376
49131.76904 0.2384
49136.71973 0.2417
49136.72119 0.2447
49136.72266 0.2447
49147.76221 0.2486
49147.76367 0.2464
49147.76514 0.2504
49149.70654 0.2385
49149.70752 0.2343
49149.70947 0.2375
49150.70215 0.2429
49150.70361 0.2397
49150.70459 0.2396
49151.70215 0.2451
49151.70361 0.2449
49151.70508 0.2466
49153.69385 0.2395
49153.69531 0.2463
49153.69678 0.2399
49156.70117 0.2502
49156.70264 0.2493
49156.70410 0.2541
49159.72119 0.2403
49159.72266 0.2392
49159.72412 0.2353
49160.70117 0.2391
49160.70264 0.2445
49160.70459 0.2380
49163.72510 0.2377
49163.72656 0.2396
49163.72803 0.2395
49406.97754 0.2394
49406.97900 0.2445
49406.97998 0.2400
49408.79541 0.3082
49408.79639 0.2935
49408.79785 0.3083
49415.90088 0.2360
49415.90234 0.2385
49415.90332 0.2360
49416.89795 0.2324
49416.89893 0.2326
49416.90039 0.2285
49420.92285 0.2380
49420.92383 0.2367
49420.92529 0.2380
49421.89551 0.2350
49421.89648 0.2344
49421.89746 0.2312
49425.92090 0.2340
49425.92188 0.2325
49426.86572 0.2333
49426.86719 0.2365
49426.86816 0.2365
49433.86035 0.2322
49433.86133 0.2340
49433.86279 0.2345
49434.82568 0.2306
49434.82666 0.2291
49434.82764 0.2292
49438.88770 0.2322
49438.88867 0.2344
49438.89014 0.2334
49439.86377 0.2357
49439.86475 0.2374
49439.86621 0.2348
49440.86572 0.2290
49440.86719 0.2359
49440.86816 0.2302
49442.86182 0.2344
49442.86279 0.2388
49442.86426 0.2368
49444.81006 0.2370
49444.81152 0.2348
49444.81250 0.2374
49446.80518 0.2304
49446.80664 0.2299
49446.80762 0.2318
49448.80273 0.2412
49448.80420 0.2399
49448.80518 0.2395
49449.84766 0.2344
49449.84912 0.2278
49449.85010 0.2314
49453.78271 0.2482
49453.78320 0.2295
49453.78320 0.2359
49454.81055 0.2363
49454.81201 0.2367
49454.81299 0.2386
49455.80615 0.2338
49455.80762 0.2360
49455.80859 0.2347
49456.84863 0.2424
49456.84961 0.2430
49456.85107 0.2400
49457.80615 0.2366
49457.80713 0.2369
49457.80859 0.2382
49458.79932 0.2375
49458.80078 0.2351
49458.80176 0.2379
49460.75684 0.2430
49460.75830 0.2420
49460.75928 0.2402
49461.82764 0.2360
49461.82861 0.2384
49461.82959 0.2386
49462.81592 0.2448
49462.81689 0.2449
49462.81836 0.2432
49463.82031 0.2396
49463.82129 0.2432
49463.82275 0.2415
49467.81689 0.2356
49467.81836 0.2336
49467.81934 0.2335
49471.76221 0.2464
49471.76318 0.2484
49471.76465 0.2455
49472.74707 0.2421
49472.74805 0.2429
49472.74902 0.2443
49473.80518 0.2380
49473.80664 0.2372
49473.80762 0.2382
49475.73682 0.2441
49475.73779 0.2480
49475.73926 0.2458
49476.74609 0.2449
49476.74756 0.2467
49476.74854 0.2422
49477.74609 0.2426
49477.74756 0.2429
49477.74854 0.2443
49482.77246 0.2418
49482.77344 0.2410
49482.77490 0.2412
49484.77051 0.2456
49484.77197 0.2447
49484.77295 0.2415
49485.76514 0.2447
49485.76611 0.2443
49485.76709 0.2476
49486.74805 0.2465
49486.74951 0.2497
49486.75049 0.2476
49488.75195 0.2448
49488.75293 0.2484
49488.75439 0.2433
49493.72949 0.2451
49493.73047 0.2446
49493.73193 0.2453
49494.75879 0.2474
49494.75977 0.2441
49494.76123 0.2456
49495.73340 0.2474
49495.73438 0.2521
49495.73584 0.2465
49496.74023 0.2467
49496.74121 0.2387
49496.74219 0.2464
49497.75098 0.2439
49497.75244 0.2439
49497.75342 0.2456
49498.74268 0.2504
49498.74414 0.2489
49498.74512 0.2496
49499.73486 0.2484
49499.73633 0.2472
49499.73730 0.2535
49500.70215 0.2471
49500.70361 0.2493
49500.70459 0.2501
49502.70703 0.2494
49502.70850 0.2507
49502.70947 0.2499
49504.69385 0.2544
49504.69531 0.2579
49504.69629 0.2542
49505.69482 0.2504
49505.69580 0.2505
49505.69727 0.2513
49507.74219 0.2483
49507.74365 0.2499
49507.74463 0.2495
49508.70215 0.2467
49508.70312 0.2447
49508.70459 0.2447
49510.72314 0.2471
49510.72412 0.2510
49510.72559 0.2502
49511.73926 0.2546
49511.74023 0.2507
49511.74170 0.2484
49512.73291 0.2479
49512.73438 0.2492
49512.73535 0.2497
49513.76953 0.2473
49513.77051 0.2484
49513.77197 0.2472
49514.76416 0.2489
49514.76562 0.2520
49514.76660 0.2550
49515.76709 0.2487
49515.76855 0.2461
49515.76953 0.2453
49516.76855 0.2492
49516.76953 0.2494
49516.77051 0.2456
49517.77051 0.2517
49517.77197 0.2489
49517.77295 0.2461
49518.77979 0.2518
49518.78125 0.2480
49518.78223 0.2502
49519.76807 0.2462
49519.76953 0.2456
49519.77051 0.2459
49520.76318 0.2494
49520.76416 0.2472
49520.76514 0.2487
49521.76172 0.2541
49521.76270 0.2515
49521.76416 0.2541
49522.69287 0.2527
49522.69434 0.2535
49522.69531 0.2523
49524.71924 0.2495
49524.72021 0.2508
49524.72168 0.2471
49525.72314 0.2484
49525.72412 0.2458
49525.72559 0.2439
49526.70361 0.2482
49526.70459 0.2495
49526.70605 0.2492
49527.69189 0.2513
49527.69287 0.2529
49527.69385 0.2522
49528.71045 0.2514
49528.71143 0.2534
49528.71289 0.2503
49529.69482 0.2532
49529.69580 0.2508
49529.69727 0.2512
49540.69922 0.2507
49540.70020 0.2474
49540.70166 0.2464
49541.68799 0.2455
49541.68896 0.2462
49541.69043 0.2467
49542.69238 0.2463
49542.69385 0.2477
49542.69482 0.2458
49548.69287 0.2456
49548.69385 0.2515
49548.69531 0.2491
49549.68311 0.2440
49549.68408 0.2442
49549.68555 0.2456
49764.95654 0.2466
49764.95801 0.2460
49764.95898 0.2437
49766.98145 0.2408
49766.98242 0.2443
49766.98389 0.2428
49767.96436 0.2474
49767.96533 0.2454
49767.96680 0.2476
49768.94629 0.2459
49768.94727 0.2468
49768.94873 0.2472
49772.89697 0.2431
49772.89795 0.2397
49772.89893 0.2387
49774.93896 0.2392
49774.93994 0.2448
49774.94141 0.2432
49791.91895 0.2362
49791.91992 0.2340
49791.92139 0.2288
49791.92773 0.2353
49791.92920 0.2353
49791.93018 0.2368
49792.90527 0.2413
49792.90625 0.2403
49792.90723 0.2364
49794.89697 0.2300
49794.89844 0.2288
49794.89941 0.2340
49802.88916 0.2555
49802.89014 0.2565
49802.89160 0.2539
49818.85645 0.2527
49818.85742 0.2516
49818.85889 0.2547
49819.84717 0.2290
49819.84814 0.2296
49819.84961 0.2324
49827.81396 0.2548
49827.81543 0.2510
49827.81641 0.2528
49855.74219 0.2489
49855.74316 0.2454
49855.74463 0.2511
49856.76758 0.2511
49856.76904 0.2501
49856.77002 0.2511
49857.74512 0.2588
49857.74609 0.2575
49857.74756 0.2553
49858.71436 0.2535
49858.71533 0.2533
49858.71680 0.2539
49859.71289 0.2472
49859.71436 0.2461
49859.71533 0.2490
49864.71143 0.2617
49864.71289 0.2597
49864.71387 0.2639
49866.74170 0.2546
49866.74316 0.2575
49866.74414 0.2548
49868.70459 0.2597
49868.70605 0.2581
49868.70703 0.2613
49870.70020 0.2520
49870.70117 0.2554
49870.70264 0.2574
49873.72998 0.2537
49873.73145 0.2608
49873.73242 0.2532
49880.72607 0.2589
49880.72754 0.2534
49880.72852 0.2472
49881.70557 0.2538
49881.70703 0.2574
49881.70801 0.2566
49882.69043 0.2655
49882.69141 0.2612
49882.69238 0.2629
49886.69678 0.2644
49886.69775 0.2618
49886.69922 0.2601
