2443630.80000 0.3353
2443665.80000 0.2977
2445497.71600 0.3643
2445497.71800 0.3723
2445497.72000 0.3635
2445501.68800 0.3483
2445501.69000 0.3527
2445501.69200 0.3707
2445503.67900 0.3545
2445503.68000 0.3514
2445503.68200 0.3585
2445706.05100 0.3387
2445706.05600 0.3375
2445706.06000 0.3242
2445708.02700 0.3382
2445708.03000 0.3530
2445708.03200 0.3547
2445710.05400 0.3235
2445710.05600 0.3410
2445710.05800 0.3426
2445717.04300 0.3673
2445717.04400 0.3535
2445717.04600 0.3585
2445721.96000 0.3118
2445721.96200 0.3063
2445721.96400 0.3233
2445725.05100 0.3384
2445725.05200 0.3353
2445725.05300 0.3174
2445728.99500 0.3314
2445728.99700 0.3272
2445728.99900 0.3248
2445735.96000 0.3309
2445735.96200 0.3272
2445735.96400 0.3440
2445737.02000 0.3289
2445737.02100 0.3452
2445737.02200 0.3376
2445738.97700 0.3169
2445738.97800 0.3396
2445738.97900 0.3256
2445742.02300 0.3309
2445742.02500 0.3277
2445742.02700 0.3400
2445743.95200 0.3236
2445743.95300 0.3226
2445743.95400 0.3292
2445748.95200 0.3192
2445748.95400 0.3280
2445748.95700 0.3264
2445753.99500 0.3052
2445753.99700 0.3250
2445753.99800 0.3248
2445756.98100 0.3139
2445756.98300 0.3127
2445756.98500 0.3109
2445759.98100 0.3295
2445759.98300 0.3389
2445759.98400 0.3521
2445761.97000 0.3287
2445761.97100 0.3218
2445761.97300 0.3257
2445763.92700 0.3176
2445763.92800 0.3203
2445763.93000 0.3155
2445765.96600 0.3470
2445765.96800 0.3390
2445765.97000 0.3429
2445777.93500 0.3235
2445777.94100 0.3358
2445777.94600 0.3327
2445779.95400 0.3248
2445779.95500 0.3297
2445779.95700 0.3321
2445781.94400 0.3294
2445781.94700 0.3266
2445781.95100 0.3354
2445784.93445 0.3172
2445784.93665 0.3243
2445784.93860 0.3295
2445787.94495 0.3383
2445787.94653 0.3290
2445787.94836 0.3222
2445790.96045 0.3268
2445790.96265 0.3105
2445790.96497 0.3269
2445793.89000 0.3282
2445793.89200 0.3290
2445793.89400 0.3251
2445800.91101 0.3098
2445800.91394 0.3069
2445800.91687 0.3195
2445803.91200 0.3344
2445803.91500 0.3269
2445803.91800 0.3408
2445805.90100 0.3212
2445805.90300 0.3112
2445805.90400 0.3244
2445808.89795 0.3372
2445808.90051 0.3308
2445808.90308 0.3260
2445812.86800 0.3212
2445812.87000 0.3388
2445812.87300 0.3333
2445814.76200 0.3160
2445814.76400 0.3261
2445814.76500 0.3076
2445819.80200 0.3266
2445819.80400 0.3241
2445819.80600 0.3272
2445821.91000 0.3054
2445821.91200 0.3220
2445821.91600 0.3191
2445824.79100 0.3449
2445824.79300 0.3456
2445824.79400 0.3473
2445826.86900 0.3130
2445826.87100 0.3031
2445826.87400 0.3142
2445828.78900 0.3089
2445828.79000 0.3079
2445828.79200 0.2964
2445830.77200 0.3518
2445830.77400 0.3535
2445830.77500 0.3373
2445832.75574 0.3194
2445832.75732 0.3132
2445832.75891 0.3163
2445836.80872 0.3283
2445836.81067 0.3375
2445836.81299 0.3333
2445838.76538 0.3189
2445838.76685 0.3158
2445838.76855 0.3164
2445840.75171 0.3132
2445840.75330 0.3167
2445840.75476 0.3113
2445842.76416 0.3208
2445842.76563 0.3338
2445842.76697 0.3248
2445844.73755 0.3233
2445844.73889 0.3197
2445844.74023 0.3233
2445845.76465 0.3291
2445845.76624 0.3171
2445845.76819 0.3175
2445847.76904 0.3231
2445847.77039 0.3177
2445847.77161 0.3306
2445849.74817 0.3092
2445849.74951 0.3141
2445849.75073 0.3198
2445852.74133 0.3106
2445852.74329 0.3076
2445852.74524 0.3086
2445855.76611 0.3092
2445855.76831 0.3530
2445855.77075 0.3166
2445859.76831 0.3010
2445859.77014 0.3250
2445859.77222 0.3154
2445861.74329 0.3140
2445861.74475 0.3128
2445861.74622 0.3315
2445863.71155 0.3074
2445863.71289 0.3086
2445863.71436 0.3205
2445865.73145 0.3293
2445865.73499 0.3179
2445865.73877 0.3193
2445867.73523 0.3202
2445867.73730 0.3127
2445867.73999 0.3026
2445869.71912 0.3323
2445869.72046 0.3267
2445869.72180 0.3288
2445871.71790 0.3240
2445871.71960 0.3275
2445871.72119 0.3166
2445873.69543 0.3082
2445873.69775 0.3106
2445873.69983 0.3078
2445876.70178 0.3245
2445876.70313 0.3239
2445876.70459 0.3219
2445882.73303 0.3323
2445882.73438 0.3345
2445882.73572 0.3420
2445888.69128 0.3156
2445888.69312 0.3225
2445888.69482 0.3209
2445890.70642 0.3264
2445890.70813 0.3195
2445890.70959 0.3271
2445892.69751 0.3124
2445892.69885 0.3253
2445892.70020 0.3292
2446112.04370 0.3171
2446112.04565 0.3165
2446112.04785 0.3215
2446114.02100 0.3197
2446114.02319 0.3300
2446114.02637 0.3294
2446125.99609 0.3264
2446125.99854 0.3123
2446126.00073 0.3122
2446137.99146 0.3201
2446137.99365 0.3232
2446137.99609 0.3045
2446139.94019 0.3038
2446139.94214 0.3120
2446139.94434 0.3199
2446141.97559 0.3006
2446141.97778 0.3067
2446141.97974 0.3134
2446144.96240 0.3069
2446144.96460 0.3121
2446144.96704 0.3222
2446148.78418 0.2849
2446148.78662 0.3182
2446148.78906 0.3139
2446148.79199 0.3349
2446148.79712 0.3124
2446158.78174 0.3343
2446158.78491 0.3184
2446158.78760 0.3357
2446160.91992 0.3151
2446160.92212 0.3099
2446160.92407 0.3203
2446162.87598 0.3119
2446162.87866 0.3188
2446162.88135 0.3060
2446164.96118 0.3200
2446164.96338 0.3081
2446164.96606 0.3041
2446166.86206 0.3218
2446166.86426 0.3137
2446166.86646 0.3247
2446168.91553 0.3093
2446168.91846 0.3061
2446168.92139 0.3086
2446171.84399 0.3202
2446171.84790 0.3159
2446171.85254 0.3244
2446183.84229 0.2970
2446183.84473 0.2959
2446183.84692 0.2978
2446187.84448 0.3216
2446187.84668 0.3171
2446187.84912 0.3196
2446189.81519 0.3142
2446189.81860 0.3059
2446189.82178 0.3067
2446191.80005 0.3104
2446191.80420 0.3214
2446191.80884 0.3098
2446199.78540 0.3085
2446199.78857 0.3080
2446199.79175 0.2966
2446202.80688 0.3297
2446202.81201 0.3093
2446202.81714 0.3168
2446204.77979 0.3222
2446204.78345 0.3191
2446204.78687 0.3206
2446222.70288 0.3364
2446222.70532 0.3404
2446222.70752 0.3294
2446224.71558 0.3187
2446224.71899 0.3246
2446224.72266 0.3127
2446229.70972 0.3407
2446229.71313 0.3072
2446229.71606 0.3262
2446233.72681 0.3300
2446233.72974 0.3325
2446233.73267 0.3177
2446235.72778 0.3298
2446235.72998 0.3402
2446235.73218 0.3396
2446237.69019 0.3115
2446237.69116 0.3033
2446237.69238 0.3053
2446239.77759 0.3239
2446239.77832 0.3214
2446239.77905 0.3186
2446241.71191 0.3300
2446241.71313 0.3201
2446241.71436 0.3180
2446244.69897 0.3376
2446244.70068 0.3354
2446244.70215 0.3342
2446443.97998 0.3010
2446443.98145 0.2988
2446443.98364 0.3000
2446457.01270 0.3196
2446457.01367 0.3117
2446457.01440 0.3125
2446459.01343 0.3274
2446459.01440 0.3278
2446459.01514 0.3328
2446467.00537 0.3046
2446467.00708 0.3019
2446467.00879 0.2987
2446485.01636 0.3103
2446485.01758 0.3144
2446485.01880 0.3117
2446488.94116 0.3284
2446488.94238 0.3093
2446488.94360 0.3220
2446491.93652 0.3233
2446491.93774 0.3156
2446491.93921 0.3212
2446493.98242 0.3255
2446493.98389 0.3173
2446493.98511 0.3134
2446508.92139 0.3067
2446508.92358 0.2944
2446508.92578 0.3098
2446510.95825 0.3482
2446510.95947 0.3487
2446510.96069 0.3330
2446513.93555 0.2924
2446513.93750 0.2862
2446513.93896 0.3025
2446515.93433 0.3406
2446515.93579 0.3304
2446515.93774 0.3284
2446519.94482 0.2929
2446519.94849 0.2843
2446519.95435 0.2876
2446531.92554 0.2874
2446531.92773 0.2898
2446531.92969 0.2933
2446538.87378 0.2970
2446538.87622 0.3016
2446538.87817 0.2949
2446540.88843 0.3283
2446540.88965 0.3294
2446540.89111 0.3241
2446543.81519 0.2853
2446543.81714 0.2924
2446543.81909 0.2967
2446547.80786 0.3272
2446547.80957 0.3216
2446547.81128 0.3253
2446549.79907 0.3185
2446549.80029 0.3077
2446549.80176 0.2981
2446553.81738 0.3291
2446553.81909 0.3367
2446553.82104 0.3249
2446560.78101 0.3058
2446560.78247 0.3198
2446560.78418 0.3116
2446562.78467 0.2948
2446562.78638 0.3158
2446562.78833 0.3111
2446567.77368 0.2986
2446567.77563 0.3000
2446567.77734 0.2991
2446569.76099 0.3120
2446569.76245 0.3079
2446569.76392 0.3157
2446571.80713 0.3090
2446571.80957 0.3031
2446571.81177 0.3074
2446576.73706 0.3057
2446576.73877 0.3119
2446576.74048 0.2977
2446578.74878 0.3001
2446578.75024 0.3107
2446578.75195 0.3028
2446583.75073 0.3137
2446583.75293 0.3124
2446583.75513 0.3125
2446585.76611 0.3117
2446585.76758 0.3102
2446585.76904 0.2989
2446587.71655 0.3160
2446587.71924 0.3046
2446587.72119 0.3067
2446590.74463 0.2943
2446590.74707 0.2917
2446590.74951 0.2927
2446592.71143 0.2965
2446592.71313 0.2955
2446592.71484 0.2974
2446594.69751 0.3143
2446594.69873 0.3190
2446594.69995 0.3159
2446597.71802 0.3041
2446597.71997 0.2949
2446597.72168 0.3008
2446599.69873 0.2978
2446599.70020 0.2964
2446599.70215 0.2850
2446601.69678 0.3151
2446601.69849 0.2991
2446601.69995 0.3254
2446604.69385 0.3011
2446604.69556 0.3051
2446604.69727 0.3082
2446615.71875 0.3229
2446615.72144 0.3058
2446615.72412 0.3050
2446619.69800 0.2943
2446619.69995 0.3002
2446619.70215 0.2982
2446621.67554 0.3250
2446621.67749 0.3115
2446621.67944 0.3120
2446832.99976 0.3369
2446833.00244 0.3379
2446833.00513 0.3323
2446854.93921 0.3382
2446854.94189 0.3123
2446854.94482 0.3068
2446859.00415 0.3483
2446859.00854 0.3493
2446859.01318 0.3436
2446865.97241 0.3273
2446865.97534 0.3389
2446865.97852 0.3283
2446872.96997 0.3180
2446872.97314 0.3291
2446872.97632 0.3233
2446875.93823 0.3084
2446875.94165 0.3199
2446875.94531 0.3074
2446892.91040 0.3541
2446892.91333 0.3407
2446892.91626 0.3650
2446894.89282 0.3438
2446894.89624 0.3355
2446894.89966 0.3466
2446898.90063 0.3400
2446898.90356 0.3436
2446898.90674 0.3254
2446903.88867 0.3504
2446903.89209 0.3488
2446903.89551 0.3336
2446907.87939 0.3259
2446907.88208 0.3407
2446907.88477 0.3404
2446913.79639 0.3373
2446913.80029 0.3218
2446913.80420 0.3318
2446920.77368 0.3575
2446920.77661 0.3482
2446920.77954 0.3394
2446932.77539 0.3329
2446932.77881 0.3248
2446932.78198 0.3285
2446949.67065 0.3471
2446949.67432 0.3512
2446949.67822 0.3401
2446953.70728 0.3202
2446953.71118 0.3402
2446953.71533 0.3203
2446955.71997 0.3608
2446955.72388 0.3345
2446955.72754 0.3468
2446958.70386 0.3195
2446958.70703 0.3049
2446958.71045 0.3193
2446961.69727 0.3509
2446961.70166 0.3275
2446961.70557 0.3492
2446963.71509 0.3299
2446963.71851 0.3427
2446963.72168 0.3460
2446966.70239 0.3400
2446966.70581 0.3444
2446966.70923 0.3437
2447186.05908 0.3038
2447186.06006 0.3068
2447186.06104 0.2917
2447198.05078 0.3039
2447198.05176 0.3069
2447198.05298 0.3061
2447203.96777 0.3053
2447203.96851 0.3119
2447203.96948 0.3030
2447205.97290 0.3203
2447205.97388 0.3199
2447205.97461 0.3139
2447207.97754 0.3125
2447207.97827 0.3112
2447207.97925 0.3066
2447213.02539 0.3097
2447213.02637 0.3170
2447213.02734 0.3154
2447214.96582 0.2983
2447214.96680 0.3042
2447214.96753 0.3099
2447216.97290 0.3195
2447216.97363 0.3183
2447216.97461 0.3164
2447224.96387 0.3226
2447224.96509 0.3113
2447224.96631 0.3207
2447227.94604 0.3127
2447227.94702 0.3181
2447227.94800 0.3298
2447235.99585 0.3216
2447235.99731 0.3273
2447235.99878 0.3289
2447239.91821 0.3242
2447239.91992 0.3202
2447239.92139 0.3205
2447241.90210 0.3342
2447241.90332 0.3318
2447241.90454 0.3334
2447252.86353 0.3084
2447252.86450 0.3066
2447252.86572 0.3117
2447254.89380 0.3060
2447254.89502 0.2980
2447254.89624 0.2956
2447257.90771 0.3096
2447257.90894 0.3123
2447257.91016 0.3249
2447257.91138 0.3174
2447277.78198 0.2989
2447277.78296 0.2996
2447277.78394 0.3089
2447281.78833 0.3062
2447281.78955 0.2927
2447281.79053 0.3049
2447284.78564 0.2881
2447284.78662 0.3039
2447284.78760 0.2881
2447292.86816 0.3015
2447292.86938 0.3150
2447292.87061 0.3124
2447296.77002 0.2938
2447296.77124 0.2921
2447296.77222 0.2974
2447300.78149 0.3058
2447300.78247 0.2960
2447300.78369 0.3094
2447305.79297 0.2931
2447305.79443 0.2912
2447305.79541 0.3004
2447307.77661 0.2870
2447307.77783 0.2898
2447307.77881 0.2888
2447309.73242 0.3089
2447309.73413 0.2960
2447309.73584 0.3022
2447315.73462 0.3224
2447315.73560 0.3229
2447315.73657 0.3219
2447321.76245 0.3049
2447321.76367 0.2978
2447321.76514 0.3028
2447323.74170 0.3084
2447323.74268 0.2999
2447323.74390 0.3090
2447327.72266 0.3160
2447327.72388 0.3214
2447327.72485 0.3104
2447333.68652 0.3147
2447333.68774 0.3136
2447333.68896 0.3173
2447336.69702 0.2810
2447336.69824 0.2902
2447336.69946 0.2897
2447339.69141 0.3024
2447339.69287 0.3021
2447339.69434 0.3065
2447341.70581 0.3164
2447341.70703 0.3231
2447341.70825 0.3043
2447344.68359 0.2984
2447344.68481 0.3066
2447344.68628 0.3046
2447347.73877 0.3037
2447347.74023 0.3014
2447347.74194 0.3099
2447349.73584 0.3078
2447349.73706 0.3041
2447349.73828 0.2992
2447536.07617 0.3122
2447536.07837 0.2944
2447536.08057 0.3020
2447573.86450 0.3333
2447573.86646 0.3249
2447573.86841 0.3123
2447578.97559 0.2964
2447578.97852 0.2912
2447578.98145 0.2948
2447580.91968 0.3089
2447580.92114 0.3116
2447580.92285 0.2943
2447585.99097 0.3222
2447585.99243 0.3110
2447585.99414 0.3051
2447590.97949 0.2952
2447590.98145 0.3105
2447590.98462 0.3055
2447596.92456 0.2986
2447596.92627 0.3136
2447596.92822 0.3026
2447598.90503 0.3145
2447598.90747 0.3087
2447598.90967 0.3140
2447599.87549 0.3037
2447599.87915 0.2957
2447599.88330 0.3092
2447616.94800 0.3177
2447616.94971 0.3119
2447616.95142 0.3214
2447622.92065 0.3118
2447622.92212 0.3162
2447622.92358 0.3150
2447625.90186 0.2951
2447625.90332 0.3046
2447625.90479 0.2982
2447627.89648 0.3220
2447627.89868 0.3131
2447627.90137 0.3097
2447637.84180 0.2876
2447637.84619 0.2837
2447637.84985 0.2835
2447639.82983 0.3251
2447639.83374 0.3040
2447639.83716 0.2994
2447644.83862 0.3170
2447644.84058 0.3121
2447644.84253 0.3140
2447647.82324 0.2998
2447647.82764 0.2993
2447647.83203 0.3087
2447649.81616 0.2828
2447649.81909 0.2997
2447649.82202 0.2805
2447664.72388 0.3108
2447664.72705 0.3015
2447664.73047 0.3019
2447667.74805 0.2965
2447667.75269 0.2808
2447667.75635 0.2869
2447671.73242 0.3094
2447671.73657 0.3067
2447671.74023 0.3005
2447678.72314 0.5733
2447678.72461 0.5748
2447678.72607 0.5911
2447688.69824 0.3267
2447688.69946 0.3193
2447688.70068 0.3343
2447892.08057 0.3296
2447892.08203 0.3158
2447892.08350 0.3145
2447918.03931 0.3183
2447918.04053 0.3102
2447918.04150 0.3150
2447932.00415 0.3571
2447932.00537 0.3490
2447932.00684 0.3375
2447943.00098 0.3240
2447943.00244 0.3299
2447943.00391 0.3316
2447957.96240 0.3400
2447957.96338 0.3410
2447957.96460 0.3380
2447974.88867 0.3390
2447974.88989 0.3322
2447974.89111 0.3508
2447981.89697 0.3480
2447981.89795 0.3322
2447981.89917 0.3492
2448071.71216 0.3512
2448071.71387 0.3486
2448071.71558 0.3321
2448221.03711 0.3598
2448221.03857 0.3638
2448221.04053 0.3416
2448346.94189 0.3223
2448346.94336 0.3470
2448346.94531 0.3275
2448361.88574 0.3317
2448361.88770 0.3434
2448361.88916 0.3330
2448393.75732 0.3387
2448393.75879 0.3289
2448393.76074 0.3340
2448397.77393 0.3401
2448397.77637 0.3343
2448397.77832 0.3352
2448400.75244 0.3161
2448400.75439 0.3306
2448400.75635 0.3246
2448403.76611 0.3254
2448403.76855 0.3339
2448403.77051 0.3409
2448406.76025 0.3388
2448406.76270 0.3264
2448406.76563 0.3311
2448427.70947 0.3240
2448427.71143 0.3215
2448427.71338 0.3270
2448433.72754 0.3263
2448433.72949 0.3231
2448433.73145 0.3206
2448656.96143 0.3507
2448656.96387 0.3551
2448656.96631 0.3715
2448731.80420 0.3336
2448731.80566 0.3312
2448731.80713 0.3326
2448742.78516 0.3372
2448742.78760 0.3426
2448742.78955 0.3467
2448756.78076 0.3521
2448756.78223 0.3339
2448756.78320 0.3465
2448758.72119 0.3446
2448758.72266 0.3428
2448758.72412 0.3467
2448772.74561 0.3261
2448772.74756 0.3356
2448772.74902 0.3301
2448774.73389 0.3396
2448774.73535 0.3398
2448774.73682 0.3397
2448779.68213 0.3624
2448779.68359 0.3466
2448779.68506 0.3424
2448782.67529 0.3484
2448782.67676 0.3510
2448782.67773 0.3497
2448784.67725 0.3503
2448784.67871 0.3586
2448784.68018 0.3572
2448787.77441 0.3452
2448787.77539 0.3459
2448787.77686 0.3489
2448790.77295 0.3433
2448790.77393 0.3451
2448790.77539 0.3519
2448792.71826 0.3472
2448792.71973 0.3433
2448792.72070 0.3459
2448795.77734 0.3620
2448795.77881 0.3584
2448795.77979 0.3684
2448798.68750 0.3461
2448798.68896 0.3451
2448798.68994 0.3447
2448813.68408 0.3524
2448813.68555 0.3526
2448813.68701 0.3599
2448820.68848 0.3638
2448820.68945 0.3544
2448820.69092 0.3623
2448822.68848 0.3593
2448822.68994 0.3407
2448822.69141 0.3328
2449069.91016 0.2961
2449069.91211 0.3074
2449069.91406 0.2966
2449098.87793 0.2893
2449098.87939 0.3012
2449098.88135 0.3123
2449103.82080 0.2961
2449103.82227 0.3153
2449103.82373 0.3185
2449110.78516 0.3010
2449110.78711 0.2994
2449110.78906 0.2969
2449117.79883 0.3223
2449117.80029 0.3182
2449117.80176 0.3138
2449121.79688 0.3226
2449121.79932 0.3191
2449121.80127 0.3200
2449126.77246 0.3059
2449126.77441 0.3064
2449126.77588 0.3133
2449130.78955 0.3137
2449130.79150 0.3296
2449130.79395 0.3244
2449137.72656 0.3088
2449137.72852 0.3070
2449137.73047 0.3098
2449150.71533 0.3258
2449150.71631 0.3237
2449150.71777 0.3190
2449152.69873 0.3168
2449152.70020 0.3156
2449152.70215 0.3224
2449159.70020 0.3279
2449159.70166 0.3232
2449159.70361 0.3382
2449163.70703 0.3013
2449163.70850 0.3085
2449163.70996 0.3171
2449425.90967 0.3001
2449425.91113 0.3122
2449425.91211 0.3215
2449456.82471 0.3351
2449456.82617 0.3260
2449456.82715 0.3289
2449458.81348 0.3266
2449458.81494 0.3330
2449458.81592 0.3207
2449467.76709 0.3303
2449467.76807 0.3360
2449467.76953 0.3200
2449484.79395 0.3169
2449484.79492 0.3063
2449484.79639 0.3030
2449486.76416 0.3263
2449486.76562 0.3385
2449486.76660 0.3353
2449495.77246 0.3132
2449495.77344 0.3177
2449495.77490 0.3142
2449497.76318 0.3415
2449497.76416 0.3335
2449497.76562 0.3500
2449500.73047 0.3101
2449500.73291 0.3087
2449500.73486 0.3019
2449507.76416 0.3046
2449507.76562 0.3081
2449507.76660 0.3121
2449510.75879 0.3369
2449510.76025 0.3310
2449510.76123 0.3380
2449512.77734 0.2978
2449512.77832 0.3083
2449512.77979 0.3026
2449515.80322 0.3325
2449515.80469 0.3297
2449515.80566 0.3398
2449517.81689 0.3205
2449517.81787 0.3220
2449517.81934 0.3302
2449520.79053 0.3311
2449520.79150 0.3134
2449520.79297 0.3170
2449525.73438 0.3048
2449525.73535 0.3008
2449525.73682 0.3103
2449527.70557 0.3344
2449527.70703 0.3336
2449527.70801 0.3242
2449541.69824 0.3160
2449541.69922 0.3274
2449541.70068 0.3150
2449547.68604 0.3255
2449547.68750 0.3085
2449547.68848 0.3180
2449549.69482 0.3262
2449549.69629 0.3287
2449549.69727 0.3031
2449807.82422 0.3552
2449807.82520 0.3562
2449807.82666 0.3518
2449857.75732 0.3556
2449857.75879 0.3531
2449857.75977 0.3512
2449881.71826 0.3563
2449881.72070 0.3697
2449881.72217 0.3473
