2446558.81470 0.5348
2446558.81763 0.5488
2446558.82031 0.5549
2446617.67310 0.5571
2446617.67529 0.5477
2446617.67749 0.5385
2446828.02881 0.5330
2446828.03125 0.5146
2446828.03320 0.5286
2446868.97266 0.5092
2446868.97583 0.5266
2446868.97949 0.5137
2446900.89185 0.5221
2446900.89697 0.5156
2446900.90210 0.5546
2446929.76489 0.5281
2446929.76782 0.5423
2446929.77051 0.5476
2446938.75977 0.5239
2446938.76367 0.4927
2446938.76758 0.5098
2446955.68530 0.5083
2446955.68896 0.5103
2446955.69238 0.5140
2447182.05273 0.5213
2447182.05396 0.5229
2447182.05518 0.5179
2447239.83740 0.5545
2447239.83862 0.5475
2447239.83984 0.5404
2447301.73706 0.5253
2447301.73828 0.5386
2447301.73926 0.5396
2447578.89355 0.5169
2447578.89478 0.5352
2447578.89624 0.5398
2447645.83862 0.5009
2447645.84033 0.5194
2447645.84204 0.4978
2447721.67554 0.5592
2447721.67676 0.5590
2447721.67798 0.5449
2447919.02808 0.5603
2447919.02905 0.5682
2447919.03003 0.5798
