45489.75300 0.2385
45489.75400 0.2429
45489.75400 0.2427
45494.73800 0.2315
45494.73900 0.2278
45494.73900 0.2317
45499.71300 0.2354
45499.71300 0.2329
45499.71500 0.2351
45501.72800 0.2318
45501.72900 0.2375
45501.73000 0.2321
45504.72000 0.2329
45504.72000 0.2370
45504.72100 0.2452
45506.71500 0.2425
45506.71700 0.2384
45506.71800 0.2442
45509.69300 0.2397
45509.69400 0.2383
45509.69800 0.2402
45511.71700 0.2390
45511.71800 0.2426
45511.71800 0.2356
45513.66900 0.2356
45513.67000 0.2404
45513.67100 0.2406
45519.67300 0.2359
45519.67400 0.2445
45519.67500 0.2434
45710.07700 0.2473
45710.07800 0.2470
45710.07900 0.2418
45715.07500 0.2467
45715.07600 0.2517
45715.07700 0.2504
45722.03100 0.2397
45722.03200 0.2339
45722.03300 0.2328
45725.07700 0.2324
45725.07700 0.2305
45725.07800 0.2331
45728.00600 0.2436
45728.00700 0.2333
45728.00800 0.2333
45735.99100 0.2289
45735.99200 0.2308
45735.99400 0.2371
45737.00400 0.2439
45737.00500 0.2369
45737.00500 0.2345
45739.02700 0.2428
45739.02800 0.2449
45739.02900 0.2399
45742.04800 0.2535
45742.04800 0.2560
45742.04900 0.2597
45744.01400 0.2406
45744.01500 0.2392
45744.01600 0.2357
45750.01400 0.2383
45750.01400 0.2334
45750.01500 0.2347
45751.99100 0.2320
45751.99200 0.2330
45751.99200 0.2365
45754.01900 0.2234
45754.02000 0.2313
45754.02100 0.2313
45757.02000 0.2328
45757.02000 0.2303
45757.02100 0.2290
45758.95100 0.2200
45758.95200 0.2244
45758.95300 0.2182
45761.98400 0.2277
45761.98500 0.2293
45761.98600 0.2258
45762.97500 0.2388
45762.97600 0.2373
45762.97700 0.2280
45766.00200 0.2342
45766.00200 0.2263
45766.00300 0.2316
45772.96729 0.2361
45772.96777 0.2334
45772.96851 0.2428
45777.97300 0.2267
45777.97400 0.2328
45777.97600 0.2442
45779.99500 0.2475
45779.99600 0.2272
45779.99700 0.2356
45781.98900 0.2357
45781.99100 0.2433
45781.99300 0.2349
45783.91858 0.2519
45783.91931 0.2384
45783.92004 0.2425
45785.91700 0.2405
45785.92300 0.2379
45785.93100 0.2450
45788.89575 0.2445
45788.89661 0.2395
45788.89722 0.2390
45790.99475 0.2525
45790.99548 0.2463
45790.99634 0.2430
45793.90900 0.2541
45793.91000 0.2474
45793.91000 0.2516
45797.94000 0.2446
45797.94000 0.2530
45797.94100 0.2540
45800.95178 0.2382
45800.95264 0.2405
45800.95337 0.2486
45803.89900 0.2366
45803.90000 0.2507
45803.90100 0.2404
45805.92100 0.2408
45805.92100 0.2421
45805.92200 0.2429
45807.88245 0.2339
45807.88354 0.2333
45807.88452 0.2430
45812.84000 0.2376
45812.84100 0.2321
45812.84200 0.2289
45814.82100 0.2433
45814.82200 0.2484
45814.82200 0.2441
45819.92600 0.2429
45819.92700 0.2385
45819.92700 0.2423
45824.91400 0.2313
45824.91500 0.2350
45824.91500 0.2320
45826.90800 0.2319
45826.90900 0.2426
45826.91000 0.2326
45828.82100 0.2355
45828.82200 0.2392
45828.82200 0.2279
45830.80000 0.2409
45830.80100 0.2351
45830.80200 0.2396
45832.78125 0.2320
45832.78198 0.2359
45832.78271 0.2288
45836.85339 0.2370
45836.85425 0.2318
45836.85522 0.2280
45838.75549 0.2358
45838.75623 0.2341
45838.75696 0.2437
45840.73730 0.2350
45840.73816 0.2326
45840.73901 0.2334
45842.81238 0.2356
45842.81323 0.2372
45842.81396 0.2331
45844.77393 0.2440
45844.77502 0.2385
45844.77625 0.2466
45846.75574 0.2422
45846.75720 0.2294
45846.75867 0.2317
45848.79688 0.2432
45848.79749 0.2386
45848.79968 0.2353
45851.77991 0.2376
45851.78040 0.2365
45851.78162 0.2481
45857.79761 0.2322
45857.79956 0.2417
45857.80151 0.2468
45860.72925 0.2418
45860.73010 0.2390
45860.73096 0.2365
45863.73364 0.2356
45863.73425 0.2356
45863.73486 0.2377
45865.77234 0.2411
45865.77307 0.2476
45865.77380 0.2449
45867.78052 0.2342
45867.78113 0.2295
45867.78186 0.2404
45869.73364 0.2339
45869.73425 0.2389
45869.73486 0.2393
45871.74500 0.2462
45871.74597 0.2434
45871.74707 0.2408
45873.71716 0.2279
45873.71777 0.2414
45873.71851 0.2483
45877.71692 0.2449
45877.71753 0.2416
45877.71814 0.2451
45882.77344 0.2520
45882.77454 0.2474
45882.77576 0.2481
45886.71680 0.2328
45886.71741 0.2425
45886.71814 0.2454
45888.73730 0.2344
45888.73792 0.2346
45888.73889 0.2387
45890.68286 0.2418
45890.68347 0.2501
45890.68420 0.2513
45892.74011 0.2515
45892.74084 0.2360
45892.74158 0.2369
45912.69189 0.2315
45912.69348 0.2325
45912.69531 0.2426
45917.68115 0.2341
45917.68188 0.2262
45917.68262 0.2301
45919.68213 0.2474
45919.68274 0.2358
45919.68323 0.2411
45921.71436 0.2274
45921.71509 0.2192
45921.71570 0.2252
45923.68091 0.2528
45923.68152 0.2433
45923.68225 0.2302
45929.67566 0.2269
45929.67664 0.2347
45929.67773 0.2311
45933.65833 0.2349
45933.65894 0.2298
45933.65991 0.2265
45935.66846 0.2393
45935.66907 0.2432
45935.66968 0.2423
45938.65002 0.2343
45938.65076 0.2319
45938.65161 0.2343
46119.02246 0.2367
46119.02417 0.2312
46119.02588 0.2368
46120.02710 0.2367
46120.02808 0.2338
46120.02905 0.2295
46123.02930 0.2431
46123.03003 0.2406
46123.03052 0.2405
46124.96191 0.2422
46124.96240 0.2530
46124.96313 0.2435
46129.03516 0.2287
46129.03613 0.2394
46129.03711 0.2338
46138.98145 0.2332
46138.98242 0.2295
46138.98340 0.2285
46142.03882 0.2279
46142.03955 0.2266
46142.04053 0.2372
46145.97778 0.2270
46145.97900 0.2368
46145.98022 0.2290
46148.03394 0.2342
46148.03467 0.2440
46148.03540 0.2302
46150.00220 0.2294
46150.00317 0.2322
46150.00415 0.2334
46157.97656 0.2217
46157.97754 0.2201
46157.97852 0.2251
46159.99316 0.2411
46159.99414 0.2397
46159.99512 0.2376
46161.89868 0.2331
46161.89966 0.2314
46161.90039 0.2260
46163.85303 0.2325
46163.85352 0.2329
46163.85400 0.2308
46165.85742 0.2427
46165.85815 0.2495
46165.85913 0.2409
46167.96924 0.2367
46167.96997 0.2362
46167.97070 0.2370
46169.85864 0.2335
46169.85938 0.2276
46169.85986 0.2379
46171.90503 0.2360
46171.90625 0.2302
46171.90771 0.2306
46179.85474 0.2323
46179.85571 0.2402
46179.85645 0.2286
46187.82568 0.2303
46187.82642 0.2323
46187.82715 0.2367
46190.89648 0.2400
46190.89746 0.2414
46190.89819 0.2517
46192.80151 0.2362
46192.80273 0.2326
46192.80396 0.2400
46199.85327 0.2425
46199.85449 0.2408
46199.85571 0.2415
46203.79248 0.2430
46203.79370 0.2356
46203.79492 0.2431
46205.85303 0.2392
46205.85522 0.2391
46205.85742 0.2417
46208.77246 0.2418
46208.77393 0.2345
46208.77539 0.2286
46210.87354 0.2421
46210.87451 0.2417
46210.87549 0.2358
46212.78296 0.2436
46212.78418 0.2432
46212.78516 0.2366
46216.77808 0.2484
46216.77930 0.2547
46216.78052 0.2515
46218.80640 0.2444
46218.80859 0.2416
46218.81104 0.2440
46221.72852 0.2379
46221.72998 0.2364
46221.73193 0.2427
46223.74194 0.2402
46223.74316 0.2408
46223.74463 0.2392
46225.74390 0.2368
46225.74561 0.2459
46225.74731 0.2474
46233.71509 0.2328
46233.71606 0.2377
46233.71704 0.2511
46235.70264 0.2377
46235.70337 0.2389
46235.70410 0.2374
46237.75513 0.2340
46237.75562 0.2371
46237.75610 0.2373
46239.70972 0.2387
46239.71021 0.2397
46239.71094 0.2435
46241.84033 0.2397
46241.84131 0.2385
46241.84229 0.2379
46243.71753 0.2478
46243.71826 0.2456
46243.71899 0.2460
46246.73877 0.2431
46246.73950 0.2408
46246.74023 0.2477
46249.71899 0.2466
46249.71997 0.2449
46249.72119 0.2415
46267.67432 0.2323
46267.67505 0.2294
46267.67578 0.2310
46269.67358 0.2347
46269.67456 0.2413
46269.67554 0.2350
46284.65771 0.2462
46284.65869 0.2446
46284.65942 0.2448
46286.68335 0.2365
46286.68408 0.2420
46286.68457 0.2374
46484.00513 0.2298
46484.00586 0.2318
46484.00659 0.2298
46485.97583 0.2298
46485.97681 0.2286
46485.97754 0.2256
46489.01221 0.2300
46489.01294 0.2307
46489.01392 0.2295
46491.00488 0.2308
46491.00586 0.2359
46491.00659 0.2289
46492.98413 0.2245
46492.98511 0.2281
46492.98584 0.2282
46496.02148 0.2264
46496.02246 0.2293
46496.02319 0.2223
46498.98267 0.2256
46498.98364 0.2284
46498.98462 0.2223
46508.98828 0.2341
46508.98926 0.2311
46508.99048 0.2341
46511.00220 0.2319
46511.00293 0.2364
46511.00391 0.2347
46512.94336 0.2314
46512.94458 0.2227
46512.94580 0.2268
46515.95654 0.2396
46515.95728 0.2298
46515.95825 0.2334
46517.99512 0.2314
46517.99609 0.2326
46517.99707 0.2330
46519.99927 0.2271
46520.00049 0.2296
46520.00146 0.2329
46523.90356 0.2340
46523.90454 0.2263
46523.90552 0.2266
46529.91602 0.2374
46529.91675 0.2241
46529.91772 0.2262
46532.90771 0.2217
46532.90869 0.2352
46532.90942 0.2217
46538.94849 0.2251
46538.94971 0.2258
46538.95068 0.2241
46540.91504 0.2300
46540.91577 0.2313
46540.91675 0.2272
46542.93750 0.2168
46542.93848 0.2226
46542.93945 0.2207
