39549.80000 0.1948
39550.80000 0.1918
39594.80000 0.1965
39666.80000 0.2026
39667.80000 0.2027
39979.80000 0.1979
40010.80000 0.1980
40011.80000 0.1914
40045.80000 0.2005
40047.80000 0.1906
40252.80000 0.2083
40253.80000 0.1960
40254.80000 0.1895
40255.80000 0.1965
40284.80000 0.1923
40285.80000 0.1921
40286.80000 0.1905
40312.80000 0.1862
40340.80000 0.2068
40342.80000 0.2020
40343.80000 0.2026
40661.80000 0.2095
40662.80000 0.1987
40663.80000 0.2044
40664.80000 0.2020
40665.80000 0.1941
40685.80000 0.2036
40686.80000 0.2006
40687.80000 0.1905
40688.80000 0.1974
40725.80000 0.2069
40726.80000 0.1998
40727.80000 0.1998
40728.80000 0.2050
40729.80000 0.1943
40760.80000 0.1973
40761.80000 0.2002
40762.80000 0.1936
41027.80000 0.1941
41028.80000 0.1952
41051.80000 0.1894
41052.80000 0.1974
41053.80000 0.1969
41083.80000 0.1943
41084.80000 0.1999
41085.80000 0.1988
41113.80000 0.1918
41114.80000 0.1872
41398.80000 0.1913
41399.80000 0.1946
41400.80000 0.1929
41401.80000 0.1970
41428.80000 0.1877
41429.80000 0.1863
41430.80000 0.1922
41459.80000 0.1835
41460.80000 0.1879
41461.80000 0.1917
41487.80000 0.1853
41763.80000 0.1902
41764.80000 0.1951
41765.80000 0.1890
41786.80000 0.1911
41787.80000 0.1934
41788.80000 0.1902
41819.80000 0.1919
41820.80000 0.1903
41821.80000 0.1923
41822.80000 0.1868
41835.80000 0.1918
41836.80000 0.1853
42085.80000 0.1950
42087.80000 0.1877
42109.80000 0.2001
42110.80000 0.1934
42147.80000 0.1996
42148.80000 0.1933
42166.80000 0.1895
42167.80000 0.1822
42168.80000 0.1874
42169.80000 0.1851
42208.80000 0.1834
42210.80000 0.1925
42431.80000 0.1855
42432.80000 0.1931
42438.80000 0.1893
42440.80000 0.1836
42467.80000 0.1892
42468.80000 0.1959
42469.80000 0.1966
42470.80000 0.1953
42495.80000 0.1911
42497.80000 0.1851
42498.80000 0.1967
42525.80000 0.1874
42557.80000 0.1900
42558.80000 0.1926
42559.80000 0.1954
42560.80000 0.1961
42590.80000 0.1962
42591.80000 0.1980
42592.80000 0.2007
42792.80000 0.2023
42793.80000 0.1900
42819.80000 0.1958
42820.80000 0.1902
42848.80000 0.1893
42849.80000 0.1902
42850.80000 0.1905
42851.80000 0.1900
42885.80000 0.1886
42910.80000 0.1844
42911.80000 0.1907
42912.80000 0.1935
42913.80000 0.1992
42940.80000 0.1909
43173.80000 0.1863
43175.80000 0.1885
43176.80000 0.1877
43203.80000 0.1908
43204.80000 0.1845
43205.80000 0.1908
43206.80000 0.1837
43235.80000 0.1893
43236.80000 0.1927
43236.80000 0.2051
43237.80000 0.1910
43237.80000 0.1929
43238.80000 0.1932
43238.80000 0.1842
43239.80000 0.1887
43239.80000 0.1832
43254.80000 0.1990
43255.80000 0.1914
43256.80000 0.1886
43256.80000 0.1933
43257.80000 0.1954
43257.80000 0.1911
43294.80000 0.1740
43295.80000 0.1877
43296.80000 0.1826
43297.80000 0.1844
43629.80000 0.1966
43631.80000 0.1924
43663.80000 0.1994
43664.80000 0.1864
43676.80000 0.2236
43892.80000 0.1921
43898.80000 0.1912
43899.80000 0.1949
43982.80000 0.1880
43983.80000 0.2054
43984.80000 0.1726
43998.80000 0.1766
44002.80000 0.1907
44003.80000 0.1852
44004.80000 0.1866
44024.80000 0.1922
44050.80000 0.1938
44260.80000 0.1966
44277.80000 0.1949
44655.97803 0.1979
44655.97900 0.1952
44655.97998 0.1959
44657.96301 0.1994
44657.96399 0.1994
44657.96503 0.1994
44658.95801 0.1951
44658.96002 0.1946
44658.96100 0.1971
44671.93500 0.1893
44671.93597 0.1898
44671.93701 0.1885
44672.90900 0.1893
44672.90997 0.1962
44672.91101 0.1891
44673.89801 0.1930
44673.90002 0.1935
44673.90100 0.1923
44678.92102 0.1917
44678.92200 0.1931
44678.92297 0.1972
44685.95697 0.1904
44685.95801 0.1927
44685.96002 0.1929
44691.90503 0.1940
44691.90698 0.1943
44691.90802 0.1915
44692.82800 0.1902
44692.82898 0.1877
44692.83099 0.1904
44698.89697 0.1910
44698.89899 0.1926
44698.90002 0.1953
44700.87000 0.1883
44700.87097 0.1950
44700.87201 0.1851
44702.83002 0.1908
44702.83197 0.1905
44702.83398 0.1893
44703.83301 0.1855
44703.83502 0.1908
44703.83600 0.1930
44708.84698 0.1919
44708.84802 0.1841
44708.84900 0.1869
44709.82898 0.1883
44709.83002 0.1899
44709.83099 0.1924
44715.82202 0.1892
44715.82300 0.1858
44715.82501 0.1903
44717.77802 0.1923
44717.78003 0.1946
44717.78101 0.1923
44718.80499 0.1936
44718.80701 0.1890
44718.80798 0.1897
44719.80402 0.1898
44719.80499 0.1898
44719.80603 0.1918
44732.77698 0.1932
44732.77802 0.1945
44732.78003 0.1955
44733.76099 0.1946
44733.76202 0.1938
44733.76300 0.1943
44734.76099 0.1906
44734.76300 0.1871
44734.76398 0.1876
44735.75800 0.1924
44735.75897 0.1939
44735.76001 0.1914
44736.78601 0.1888
44736.78699 0.1882
44736.78802 0.1863
44737.77698 0.1884
44737.77899 0.1897
44737.78003 0.1882
44738.76202 0.1892
44738.76398 0.1867
44738.76501 0.1912
44741.78900 0.1877
44741.78998 0.1895
44741.79199 0.1862
44742.75403 0.2000
44742.75500 0.1993
44742.75598 0.2002
44747.76099 0.1899
44747.76300 0.1890
44747.76398 0.1936
44771.75800 0.2030
44771.76001 0.2019
44771.76099 0.2005
44774.76202 0.1955
44774.76300 0.1985
44774.76501 0.1969
44775.77002 0.1919
44775.77100 0.1959
44775.77301 0.1947
44802.70001 0.1887
44802.70203 0.1872
44802.70398 0.1900
44805.68402 0.1936
44805.68597 0.1943
44805.68701 0.1916
44807.68402 0.1904
44807.68597 0.1901
44807.68799 0.1929
44987.03101 0.1923
44987.03198 0.1921
44987.03400 0.1984
45000.02100 0.1904
45000.02197 0.1956
45000.02399 0.1882
45024.98206 0.1893
45024.98499 0.1886
45024.98706 0.1868
45026.96899 0.1886
45026.97095 0.1838
45026.97205 0.1843
45028.94800 0.1894
45028.94995 0.1933
45028.95203 0.1925
45050.93604 0.1829
45050.93799 0.1884
45050.93994 0.1784
45073.83704 0.1887
45073.83899 0.1854
45073.84094 0.1866
45077.81604 0.1877
45077.81799 0.1884
45077.81995 0.1889
45078.82703 0.1901
45078.82898 0.1896
45078.83105 0.1891
45079.85498 0.1863
45079.85706 0.1866
45079.85901 0.1952
45080.75903 0.1920
45080.76099 0.1891
45080.76404 0.1920
45081.80603 0.1899
45081.80701 0.1904
45081.80896 0.1892
45082.82495 0.1861
45082.82703 0.1823
45082.82800 0.1849
45083.81702 0.1846
45083.81897 0.1841
45083.82202 0.1841
45084.88599 0.1948
45084.88696 0.1888
45084.88904 0.1924
45088.78101 0.1846
45088.78296 0.1834
45088.78503 0.1892
45089.79504 0.1866
45089.79700 0.1907
45089.79797 0.1883
45091.78101 0.1866
45091.78296 0.1864
45091.78503 0.1895
45092.71594 0.1808
45092.71802 0.1820
45092.71997 0.1869
45093.75500 0.1844
45093.75696 0.1832
45093.75903 0.1856
45094.79895 0.1889
45094.80103 0.1889
45094.80298 0.1822
45095.73206 0.1835
45095.73499 0.1796
45095.73706 0.1820
45096.71594 0.1823
45096.71899 0.1811
45096.71997 0.1826
45097.72205 0.1874
45097.72498 0.1858
45097.72803 0.1896
45102.69702 0.1824
45102.69995 0.1840
45102.70398 0.1860
45103.69800 0.1840
45103.70105 0.1890
45103.70300 0.1898
45105.73206 0.1836
45105.73499 0.1826
45105.73804 0.1908
45106.74597 0.1812
45106.74805 0.1843
45106.75000 0.1795
45107.74194 0.1830
45107.74402 0.1818
45107.74597 0.1835
45108.74402 0.1958
45108.74695 0.1946
45108.75000 0.1910
45109.71399 0.1897
45109.71594 0.1907
45109.71802 0.1885
45110.73596 0.1899
45110.73804 0.1851
45110.73999 0.1856
45111.82104 0.1865
45111.82300 0.1855
45111.82397 0.1855
45112.75000 0.1874
45112.75098 0.1930
45112.75403 0.1884
45113.76599 0.1803
45113.76794 0.1904
45113.76904 0.1789
45114.70703 0.1825
45114.70801 0.1820
45114.70996 0.1892
45118.76099 0.1881
45118.76196 0.1887
45118.76404 0.1901
45119.77905 0.1873
45119.78003 0.1824
45119.78101 0.1836
45120.74194 0.1895
45120.74402 0.1863
45120.74500 0.1875
45121.76404 0.1830
45121.76501 0.1852
45121.76599 0.1835
45123.71106 0.1863
45123.71301 0.1856
45123.71497 0.1880
45124.70801 0.1874
45124.70996 0.1877
45124.71106 0.1907
45125.73596 0.1841
45125.73804 0.1848
45125.73999 0.1853
45126.72205 0.1853
45126.72302 0.1867
45126.72400 0.1843
45128.70898 0.1853
45128.70996 0.1856
45128.71106 0.1887
45130.68701 0.1837
45130.68896 0.1822
45130.68994 0.1815
45131.69202 0.1845
45131.69397 0.1835
45131.69495 0.1855
45132.69897 0.1892
45132.69995 0.1832
45132.70105 0.1892
45133.73999 0.1816
45133.74097 0.1860
45133.74304 0.1812
45134.72095 0.1872
45134.72205 0.1870
45134.72595 0.1851
45135.73096 0.1817
45135.73206 0.1856
45135.73401 0.1836
45136.72498 0.1860
45136.72595 0.1820
45136.72705 0.1875
45137.72205 0.1932
45137.72498 0.1940
45137.72705 0.1845
45139.75195 0.1874
45139.75305 0.1862
45139.75500 0.1872
45140.73901 0.1814
45140.74097 0.1822
45140.74194 0.1790
45141.76697 0.1861
45141.77002 0.1890
45141.77295 0.1835
45142.75500 0.1831
45142.75696 0.1789
45142.75903 0.1840
45143.69397 0.1837
45143.69495 0.1842
45143.69604 0.1840
45144.68896 0.1847
45144.68994 0.1896
45144.69104 0.1859
45145.68201 0.1841
45145.68396 0.1870
45145.68506 0.1889
45151.69800 0.1783
45151.69995 0.1823
45151.70105 0.1811
45153.70898 0.1824
45153.70996 0.1832
45153.71106 0.1809
45154.66699 0.1820
45154.66797 0.1794
45154.66895 0.1820
45157.69299 0.1852
45157.69397 0.1809
45157.69495 0.1835
45158.68201 0.1801
45158.68298 0.1794
45158.68396 0.1834
45160.69397 0.1820
45160.69397 0.1849
45160.69495 0.1885
45161.68103 0.1829
45161.68201 0.1814
45161.68201 0.1805
45163.66895 0.1853
45163.67004 0.1858
45163.67102 0.1846
45164.66003 0.1794
45164.66101 0.1789
45164.66199 0.1822
45345.93994 0.1918
45345.94397 0.1880
45345.94800 0.1871
45347.04395 0.1926
45347.04602 0.1914
45347.04700 0.1895
45348.06201 0.1909
45348.06299 0.1921
45348.06299 0.1888
45349.03601 0.1897
45349.03699 0.1847
45349.03796 0.1871
45350.03406 0.1874
45350.03503 0.1825
45350.03601 0.1848
45360.06799 0.1836
45360.06897 0.1903
45360.06897 0.1866
45362.99402 0.1852
45362.99500 0.1842
45362.99695 0.1898
45365.95105 0.1854
45365.95203 0.1894
45365.95300 0.1852
45367.03406 0.1896
45367.03503 0.1870
45367.03601 0.1917
45376.02100 0.1859
45376.02100 0.1843
45376.02295 0.1872
45380.01599 0.1838
45380.01794 0.1877
45380.01904 0.1887
45381.00000 0.1812
45381.00098 0.1799
45381.00305 0.1807
45381.97595 0.1785
45381.97705 0.1889
45381.98096 0.1820
45382.97900 0.1847
45382.97998 0.1880
45382.98096 0.1847
45384.93799 0.1852
45384.93896 0.1823
45384.93994 0.1821
45385.98206 0.1852
45385.98303 0.1855
45385.98401 0.1860
45386.92505 0.1838
45386.92603 0.1803
45386.92700 0.1823
45398.94800 0.1807
45398.94897 0.1811
45398.94995 0.1865
45401.94104 0.1868
45401.94202 0.1825
45401.94299 0.1806
45402.84595 0.1777
45402.84705 0.1798
45402.84705 0.1831
45406.95105 0.1827
45406.95203 0.1777
45406.95300 0.1739
45408.96997 0.1926
45408.97205 0.1917
45408.97400 0.1913
45409.94604 0.1817
45409.94800 0.1823
45409.94897 0.1821
45419.78796 0.1820
45419.78894 0.1859
45419.78894 0.1855
45420.72900 0.1917
45420.72998 0.1892
45420.73206 0.1916
45422.92200 0.1806
45422.92297 0.1849
45422.92297 0.1810
45423.82397 0.1918
45423.82495 0.1876
45423.82605 0.1884
45424.81799 0.1822
45424.81897 0.1879
45424.81897 0.1868
45425.91699 0.1883
45425.91895 0.1887
45425.92004 0.1858
45426.81104 0.1940
45426.81201 0.1900
45426.81299 0.1849
45429.83203 0.1872
45429.83301 0.1864
45429.83301 0.1873
45430.88098 0.1895
45430.88196 0.1860
45430.88306 0.1869
45431.83606 0.1896
45431.83704 0.1878
45431.83801 0.1904
45432.83704 0.1927
45432.83801 0.1919
45432.83899 0.1913
45433.90698 0.1858
45433.90906 0.1841
45433.91003 0.1858
45437.91797 0.1849
45437.92004 0.1845
45437.92102 0.1835
45438.80505 0.1920
45438.80603 0.1961
45438.80701 0.1903
45439.80798 0.1921
45439.80798 0.1872
45439.80896 0.1909
45440.79004 0.1865
45440.79102 0.1882
45440.79199 0.1836
45447.76794 0.1864
45447.76904 0.1911
45447.77002 0.1866
45449.81396 0.1913
45449.81494 0.1946
45449.81604 0.1912
45457.75000 0.1900
45457.75098 0.1902
45457.75195 0.1925
45476.72095 0.1964
45476.72205 0.1985
45476.72302 0.1974
45477.72998 0.1929
45477.73096 0.1960
45477.73096 0.1928
45478.70398 0.1947
45478.70496 0.1881
45478.70496 0.1922
45479.73901 0.1896
45479.73999 0.1908
45479.74097 0.1963
45480.70703 0.1997
45480.70703 0.1989
45480.70801 0.1949
45481.70203 0.1920
45481.70300 0.1913
45481.70300 0.1962
45482.70398 0.1952
45482.70496 0.1924
45482.70605 0.1903
45484.74097 0.1920
45484.74194 0.1910
45484.74304 0.1872
45485.72302 0.2004
45485.72400 0.1980
45485.72498 0.2034
45489.73600 0.1887
45489.73700 0.1899
45489.73800 0.1898
45490.72500 0.1873
45490.72500 0.1904
45490.72600 0.1894
45491.72000 0.1913
45491.72100 0.1922
45491.72200 0.1889
45492.70000 0.1950
45492.70100 0.1877
45492.70100 0.1887
45493.74500 0.1899
45493.74700 0.1909
45493.74800 0.1888
45494.72800 0.1921
45494.72800 0.1901
45494.72900 0.1901
45496.70500 0.1935
45496.70600 0.1935
45496.70700 0.1874
45497.69500 0.1951
45497.69600 0.1869
45497.69600 0.1914
45498.68300 0.1922
45498.68300 0.1943
45498.68400 0.1894
45499.70200 0.1900
45499.70200 0.1921
45499.70300 0.1908
45501.72000 0.1911
45501.72100 0.1947
45501.72100 0.1963
45505.67400 0.1907
45505.67500 0.1867
45505.67600 0.1852
45705.04300 0.1968
45705.04400 0.1935
45705.04500 0.1892
45706.08800 0.1913
45706.08800 0.1949
45706.08900 0.1968
45708.04100 0.1927
45708.04100 0.1928
45708.04200 0.1810
45709.07300 0.1982
45709.07400 0.1997
45709.07500 0.1998
45710.06100 0.2002
45710.06200 0.1973
45710.06300 0.1982
45711.08400 0.2040
45711.08500 0.1892
45711.08600 0.1954
45715.04800 0.1857
45715.04900 0.1881
45715.05000 0.1906
45717.07300 0.1961
45717.07400 0.1960
45717.07400 0.2010
45718.01800 0.1938
45718.02000 0.1912
45718.02000 0.1913
45720.05000 0.1932
45720.05100 0.2028
45720.05200 0.1987
45722.01600 0.1895
45722.01700 0.1917
45722.01800 0.1889
45723.05800 0.1927
45723.05900 0.1916
45723.06000 0.1887
45725.07300 0.1877
45725.07400 0.1875
45725.07500 0.1861
45726.06100 0.1823
45726.06100 0.1906
45726.06200 0.1882
45727.99500 0.1871
45727.99600 0.1901
45727.99600 0.1893
45729.01000 0.1887
45729.01000 0.1904
45729.01100 0.1868
45731.95900 0.1914
45731.96000 0.1894
45731.96100 0.1892
45735.97000 0.1880
45735.97100 0.1878
45735.97100 0.1860
45736.99600 0.1859
45736.99700 0.1803
45736.99800 0.1819
45738.07400 0.1914
45738.07500 0.1872
45738.07600 0.1905
45739.01800 0.1977
45739.01900 0.1947
45739.02000 0.1986
45739.98000 0.1778
45739.98100 0.1811
45739.98100 0.1763
45742.03500 0.1931
45742.03600 0.1897
45742.03700 0.1873
45743.01200 0.1814
45743.01300 0.1836
45743.01400 0.1793
45743.95800 0.1870
45743.95900 0.1843
45743.96000 0.1853
45750.00900 0.1831
45750.01000 0.1818
45750.01200 0.1837
45751.05500 0.1824
45751.05600 0.1808
45751.05700 0.1892
45751.95400 0.1839
45751.95500 0.1807
45751.95600 0.1821
45754.01100 0.1834
45754.01100 0.1810
45754.01200 0.1831
45754.96800 0.1816
45754.96900 0.1791
45754.97000 0.1791
45755.93800 0.1888
45755.94000 0.1843
45755.94100 0.1888
45757.00900 0.1820
45757.01000 0.1863
45757.01100 0.1826
45757.96200 0.1829
45757.96300 0.1829
45757.96500 0.1829
45758.94200 0.1794
45758.94300 0.1789
45758.94300 0.1782
45759.96100 0.1836
45759.96200 0.1818
45759.96300 0.1852
45760.99500 0.1829
45760.99600 0.1834
45760.99700 0.1799
45761.96100 0.1765
45761.96200 0.1772
45761.96300 0.1733
45762.94300 0.1857
45762.94300 0.1865
45762.94400 0.1814
45763.94300 0.1880
45763.94400 0.1878
45763.94500 0.1904
45765.95700 0.1887
45765.95900 0.1862
45765.96000 0.1820
45766.92500 0.1833
45766.92600 0.1872
45766.92800 0.1890
45768.00600 0.1815
45768.00800 0.1838
45768.00900 0.1832
45772.95190 0.1870
45772.95300 0.1879
45772.95410 0.1855
45777.97900 0.1888
45777.97900 0.1921
45777.98000 0.1926
45779.98500 0.1887
45779.98600 0.1850
45779.98700 0.1863
45780.81000 0.1862
45780.81000 0.1817
45780.81100 0.1931
45781.98300 0.1924
45781.98400 0.1935
45781.98500 0.1956
45782.91700 0.1855
45782.91800 0.1852
45782.91900 0.1843
45783.90320 0.1880
45783.90369 0.1838
45783.90442 0.1912
45784.94739 0.1914
45784.94800 0.1938
45784.94861 0.1865
45786.93700 0.1914
45786.93800 0.1959
45786.93800 0.1962
45787.97607 0.1898
45787.97681 0.1894
45787.97729 0.1845
45789.93900 0.1971
45789.94000 0.1906
45789.94100 0.1920
45790.99146 0.1919
45790.99207 0.1928
45790.99255 0.1892
45792.92773 0.1925
45792.92834 0.1961
45792.92908 0.1942
45793.90700 0.1863
45793.90700 0.1808
45793.90800 0.1869
45794.94592 0.1898
45794.94666 0.1907
45794.94727 0.1935
45797.93700 0.1865
45797.93800 0.1823
45797.93800 0.1878
45799.90515 0.1927
45799.90686 0.1908
45799.90833 0.1927
45800.94189 0.1941
45800.94238 0.1943
45800.94299 0.1929
45802.92310 0.1909
45802.92383 0.1897
45802.92444 0.1847
45803.90600 0.1863
45803.90700 0.1913
45803.90800 0.1886
45804.82200 0.1928
45804.82400 0.2013
45804.82400 0.2007
45805.82700 0.1850
45805.82700 0.1865
45805.82800 0.1900
45806.80400 0.1918
45806.80400 0.1919
45806.80500 0.1928
45807.81567 0.1917
45807.81641 0.1912
45807.81689 0.1992
45808.92883 0.1895
45808.92944 0.1858
45808.93018 0.1871
45812.81100 0.1873
45812.81200 0.1901
45812.81200 0.1942
45813.88300 0.1896
45813.88400 0.1918
45813.88500 0.1938
45814.81900 0.1889
45814.81900 0.1898
45814.82000 0.1933
45815.82227 0.1953
45815.82385 0.1888
45815.82532 0.1973
45819.82900 0.1950
45819.83000 0.1952
45819.83100 0.1935
45821.89100 0.1926
45821.89200 0.1931
45821.89300 0.1983
45822.81800 0.1914
45822.81900 0.1860
45822.82000 0.1889
45824.83800 0.1910
45824.83900 0.1926
45824.84000 0.1891
45825.86000 0.1940
45825.86100 0.1928
45825.86300 0.1951
45826.88800 0.1849
45826.88900 0.1896
45826.89000 0.1875
45827.79500 0.1919
45827.79600 0.1876
45827.79700 0.1903
45828.80600 0.1864
45828.80700 0.1896
45828.80700 0.1909
45830.80500 0.1905
45830.80500 0.1886
45830.80600 0.1894
45831.77600 0.1950
45831.77700 0.1943
45831.77800 0.1925
45832.77820 0.1863
45832.77881 0.1882
45832.77942 0.1887
45836.82886 0.1920
45836.82971 0.1878
45836.83032 0.1862
45837.77014 0.1918
45837.77075 0.1913
45837.77148 0.1934
45838.74841 0.1912
45838.74915 0.1888
45838.74988 0.1905
45839.75037 0.1862
45839.75098 0.1882
45839.75171 0.1867
45840.74133 0.1918
45840.74194 0.1851
45840.74268 0.1859
45841.76392 0.1854
45841.76453 0.1815
45841.76526 0.1845
45842.79126 0.1873
45842.79236 0.1876
45842.79297 0.1880
45843.76721 0.1830
45843.76782 0.1842
45843.76855 0.1849
45844.77014 0.1915
45844.77087 0.1885
45844.77148 0.1866
45845.78125 0.1887
45845.78284 0.1891
45845.78394 0.1945
45846.74390 0.1898
45846.74500 0.1859
45846.74585 0.1932
45847.78430 0.1874
45847.78528 0.1934
45847.78625 0.1782
45848.78577 0.1881
45848.78687 0.1936
45848.78809 0.1955
45849.78284 0.1882
45849.78369 0.1857
45849.78455 0.1928
45851.75842 0.1895
45851.76013 0.1898
45851.76160 0.1874
45852.76807 0.1935
45852.76904 0.1894
45852.76990 0.1905
45853.76501 0.1932
45853.76648 0.1890
45853.76831 0.1920
45857.80554 0.1894
45857.80701 0.1913
45857.80957 0.1905
45859.75366 0.1879
45859.75452 0.1898
45859.75525 0.1874
45860.71960 0.1852
45860.72021 0.1819
45860.72083 0.1779
45861.76575 0.1860
45861.76660 0.1870
45861.76746 0.1921
45862.71313 0.1820
45862.71399 0.1904
45862.71497 0.1843
45863.72571 0.1815
45863.72632 0.1813
45863.72693 0.1797
45864.72375 0.1893
45864.72437 0.1900
45864.72510 0.1898
45865.75330 0.1895
45865.75415 0.1950
45865.75488 0.1907
45866.75769 0.1886
45866.75842 0.1886
45866.75916 0.1903
45867.76990 0.1885
45867.77039 0.1918
45867.77100 0.1895
45868.73169 0.1860
45868.73230 0.1841
45868.73303 0.1871
45871.74182 0.1891
45871.74243 0.1867
45871.74316 0.1817
45872.70605 0.1881
45872.70667 0.1918
45872.70740 0.1887
45873.71387 0.1913
45873.71472 0.1874
45873.71545 0.1891
45874.72437 0.1845
45874.72510 0.1850
45874.72583 0.1906
45875.73682 0.1892
45875.73779 0.1884
45875.73889 0.2005
45876.72437 0.1935
45876.72534 0.1836
45876.72632 0.1839
45877.69348 0.1797
45877.69470 0.1814
45877.69556 0.1814
45878.68542 0.1951
45878.68652 0.1892
45878.68774 0.1875
45879.70337 0.1916
45879.70410 0.1847
45879.70471 0.1879
45882.71619 0.1876
45882.71704 0.1874
45882.71802 0.1867
45883.74475 0.1922
45883.74585 0.1880
45883.74707 0.1893
45884.71667 0.1998
45884.71765 0.1986
45884.71863 0.2006
45886.70447 0.1929
45886.70557 0.1937
45886.70642 0.1912
45887.68542 0.1898
45887.68616 0.1906
45887.68689 0.1826
45888.72510 0.1947
45888.72583 0.1964
45888.72656 0.2003
45889.69690 0.1974
45889.69763 0.1964
45889.69824 0.1984
45890.69043 0.1936
45890.69116 0.1954
45890.69177 0.1948
45891.69995 0.1860
45891.70068 0.1906
45891.70154 0.1934
45892.68591 0.1875
45892.68677 0.1884
45892.68762 0.1864
45893.69617 0.1892
45893.69690 0.1861
45893.69751 0.1890
45914.70264 0.1917
45914.70398 0.1905
45914.70544 0.1927
45915.68213 0.2015
45915.68359 0.1956
45915.68530 0.1811
45916.70520 0.1876
45916.70618 0.1906
45916.70715 0.1884
45917.67041 0.1919
45917.67102 0.1931
45917.67175 0.1923
45918.68762 0.1993
45918.68835 0.1823
45918.68909 0.2016
45919.66931 0.1836
45919.67004 0.1893
45919.67090 0.1886
45922.68481 0.1742
45922.68567 0.1803
45922.68665 0.1785
46089.26270 0.1841
46089.26831 0.1850
46089.27295 0.1855
46110.98120 0.1821
46110.98218 0.1808
46110.98340 0.1807
46112.01904 0.1808
46112.01978 0.1850
46112.02075 0.1812
46113.01440 0.1838
46113.01514 0.1784
46113.01587 0.1822
46116.99585 0.1831
46116.99707 0.1795
46116.99805 0.1918
46121.96167 0.1816
46121.96289 0.1819
46121.96387 0.1754
46123.02368 0.1799
46123.02466 0.1848
46123.02539 0.1829
46123.99731 0.1852
46123.99854 0.1830
46123.99951 0.1800
46124.93066 0.1832
46124.93140 0.1805
46124.93213 0.1824
46137.97070 0.1852
46137.97144 0.1848
46137.97217 0.1814
46138.96655 0.1901
46138.96753 0.1902
46138.96851 0.1910
46139.97900 0.1844
46139.97974 0.1856
46139.98047 0.1835
46142.01245 0.1849
46142.01318 0.1916
46142.01367 0.1836
46145.96851 0.1813
46145.96948 0.1841
46145.97021 0.1873
46147.97388 0.1896
46147.97485 0.1843
46147.97559 0.1910
46148.93652 0.1802
46148.93701 0.1867
46148.93774 0.1788
46149.89233 0.1858
46149.89331 0.1915
46149.89429 0.1865
46150.88965 0.1908
46150.89087 0.1868
46150.89185 0.1894
46157.89478 0.1853
46157.89575 0.1863
46157.89673 0.1838
46158.81494 0.1897
46158.81592 0.1926
46158.81665 0.1925
46159.96777 0.1834
46159.96851 0.1802
46159.96924 0.1842
46160.85669 0.1876
46160.85742 0.1956
46160.85815 0.1935
46161.85474 0.1970
46161.85547 0.1946
46161.85620 0.1930
46162.96094 0.1840
46162.96143 0.1911
46162.96216 0.1853
46163.80664 0.1750
46163.80737 0.1800
46163.80811 0.1815
46164.86841 0.1940
46164.86938 0.1900
46164.87036 0.1883
46165.81299 0.1924
46165.81372 0.1902
46165.81445 0.1877
46166.88037 0.1894
46166.88110 0.1864
46166.88184 0.1844
46167.86938 0.1931
46167.87012 0.1872
46167.87109 0.1905
46168.82666 0.1909
46168.82813 0.1938
46168.82935 0.1925
46169.84375 0.1806
46169.84448 0.1852
46169.84521 0.1786
46170.87305 0.1874
46170.87354 0.1882
46170.87427 0.1831
46171.88403 0.1870
46171.88477 0.1843
46171.88550 0.1839
46175.89722 0.1872
46175.89795 0.1831
46175.89844 0.1810
46182.91699 0.1794
46182.91797 0.1747
46182.91895 0.1770
46183.86694 0.1829
46183.86768 0.1826
46183.86841 0.1829
46184.89575 0.1886
46184.89624 0.1839
46184.89697 0.1867
46184.89771 0.1847
46186.82617 0.1790
46186.82715 0.1813
46186.82788 0.1755
46187.82153 0.1848
46187.82251 0.1781
46187.82324 0.1843
46190.85620 0.1838
46190.85693 0.1778
46190.85742 0.1798
46191.83667 0.1764
46191.83740 0.1748
46191.83838 0.1772
46192.77490 0.1843
46192.77563 0.1829
46192.77637 0.1741
46198.83301 0.1825
46198.83472 0.1758
46198.83643 0.1762
46199.82300 0.1810
46199.82422 0.1792
46199.82520 0.1783
46200.74487 0.1822
46200.74585 0.1795
46200.74683 0.1867
46201.68018 0.1762
46201.68213 0.1769
46201.68384 0.1802
46202.66724 0.1831
46202.66846 0.1850
46202.66968 0.1802
46203.77856 0.1786
46203.77954 0.1763
46203.78052 0.1775
46204.65967 0.1770
46204.66064 0.1797
46204.66187 0.1760
46205.82373 0.1793
46205.82593 0.1748
46205.82837 0.1756
46207.81372 0.1812
46207.81494 0.1840
46207.81665 0.1829
46208.79663 0.1759
46208.79858 0.1777
46208.80005 0.1745
46209.82837 0.1762
46209.82959 0.1764
46209.83081 0.1787
46210.84644 0.1804
46210.84741 0.1801
46210.84863 0.1789
46211.77100 0.1820
46211.77197 0.1815
46211.77295 0.1831
46212.76465 0.1835
46212.76514 0.1795
46212.76611 0.1792
46213.75684 0.1822
46213.75757 0.1835
46213.75830 0.1850
46215.79199 0.1813
46215.79346 0.1799
46215.79517 0.1813
46216.79932 0.1837
46216.80078 0.1872
46216.80225 0.1927
46218.72314 0.1805
46218.72437 0.1804
46218.72559 0.1772
46220.66333 0.1824
46220.66504 0.1864
46220.66724 0.1857
46221.70752 0.1832
46221.70850 0.1808
46221.70996 0.1776
46223.69360 0.1838
46223.69458 0.1778
46223.69531 0.1848
46224.65894 0.1881
46224.65991 0.1855
46224.66089 0.1817
46225.69067 0.1864
46225.69189 0.1852
46225.69287 0.1859
46226.67749 0.1832
46226.67847 0.1827
46226.67920 0.1859
46227.67407 0.1902
46227.67554 0.1816
46227.67676 0.1879
46230.70557 0.1872
46230.70752 0.1866
46230.70923 0.1852
46231.66724 0.1868
46231.66895 0.1896
46231.67041 0.1868
46233.66699 0.1818
46233.66797 0.1917
46233.66895 0.1861
46234.66455 0.1862
46234.66577 0.1838
46234.66675 0.1894
46235.67944 0.1873
46235.68042 0.1875
46235.68115 0.1871
46237.71143 0.1905
46237.71191 0.1900
46237.71265 0.1918
46238.71973 0.1858
46238.72046 0.1857
46238.72144 0.1857
46239.69263 0.1874
46239.69336 0.1912
46239.69434 0.1876
46240.73071 0.1908
46240.73145 0.1927
46240.73218 0.1923
46241.67798 0.1899
46241.67847 0.1905
46241.67920 0.1894
46243.69775 0.1919
46243.69873 0.1909
46243.69946 0.1917
46244.66699 0.1884
46244.66797 0.1916
46244.66895 0.1930
46245.66797 0.1887
46245.66895 0.1861
46245.66968 0.1886
46246.72974 0.1923
46246.73096 0.1901
46246.73193 0.1918
46247.69678 0.1903
46247.69775 0.1889
46247.69873 0.1919
46250.68408 0.1945
46250.68530 0.1891
46250.68652 0.1922
46453.93994 0.1788
46453.94067 0.1806
46453.94141 0.1818
46453.94238 0.1738
46453.94312 0.1777
46453.94385 0.1773
46453.94458 0.1750
46453.94531 0.1761
46453.94629 0.1832
46453.94702 0.1826
46453.94775 0.1815
46453.94849 0.1808
46453.94922 0.1775
46453.95020 0.1799
46453.95093 0.1794
46453.95166 0.1800
46453.95239 0.1761
46453.95313 0.1786
46453.95410 0.1790
46453.95483 0.1811
46453.95557 0.1821
46453.95630 0.1791
46453.95703 0.1804
46453.95801 0.1795
46453.95874 0.1837
46453.95947 0.1812
46453.96021 0.1800
46453.96094 0.1838
46453.96167 0.1796
46453.96265 0.1824
46453.96338 0.1787
46453.96411 0.1810
46453.96484 0.1799
46453.96558 0.1795
46453.96655 0.1777
46453.96729 0.1762
46453.96802 0.1806
46453.96875 0.1788
46453.96948 0.1799
46453.97046 0.1777
46453.97119 0.1786
46453.97192 0.1832
46453.97266 0.1788
46453.97339 0.1783
46453.97437 0.1791
46453.97510 0.1786
46453.97583 0.1810
46453.97656 0.1787
46453.97729 0.1785
46453.97827 0.1787
46453.97900 0.1807
46453.97974 0.1774
46453.98047 0.1798
46453.98120 0.1798
46453.98193 0.1795
46453.98291 0.1818
46453.98364 0.1767
46453.98438 0.1777
46453.98511 0.1796
46453.98584 0.1799
46453.98682 0.1777
46453.98755 0.1798
46453.98828 0.1794
46453.98901 0.1792
46453.98975 0.1790
46453.99072 0.1808
46453.99146 0.1786
46453.99219 0.1802
46453.99292 0.1783
46453.99365 0.1782
46453.99463 0.1786
46453.99536 0.1802
46453.99609 0.1795
46453.99683 0.1783
46453.99756 0.1802
46453.99854 0.1825
46453.99927 0.1848
46454.00000 0.1812
46454.00073 0.1806
46454.00146 0.1812
46454.00220 0.1778
46454.00317 0.1799
46454.00391 0.1767
46454.00464 0.1783
46454.00537 0.1771
46454.00610 0.1791
46454.00708 0.1786
46454.00781 0.1787
46454.00854 0.1808
46454.00928 0.1773
46454.01001 0.1765
46454.01099 0.1775
46454.01172 0.1788
46454.01245 0.1792
46454.01318 0.1771
46454.01392 0.1799
46454.01489 0.1815
46454.01563 0.1786
46454.01636 0.1785
46454.01709 0.1759
46454.01782 0.1792
46454.01880 0.1803
46454.01953 0.1785
46454.02026 0.1811
46454.02100 0.1825
46454.02173 0.1783
46454.02246 0.1785
46454.02344 0.1811
46454.02417 0.1814
46454.02490 0.1782
46454.02563 0.1799
46454.02637 0.1788
46454.02734 0.1800
46454.02808 0.1804
46454.02881 0.1791
46454.02954 0.1765
46454.03027 0.1787
46454.03125 0.1782
46454.03198 0.1765
46454.03271 0.1763
46454.90894 0.1824
46454.90991 0.1795
46454.91064 0.1789
46454.91138 0.1846
46454.91211 0.1839
46454.91284 0.1838
46454.91382 0.1794
46454.91455 0.1832
46454.91528 0.1790
46454.91602 0.1851
46454.91675 0.1817
46454.91772 0.1814
46454.91846 0.1830
46454.91919 0.1832
46454.91992 0.1828
46454.92065 0.1793
46454.92139 0.1789
46454.92236 0.1797
46454.92310 0.1793
46454.92383 0.1805
46454.92456 0.1855
46454.92529 0.1805
46454.92627 0.1844
46454.92700 0.1827
46454.92773 0.1817
46454.92847 0.1805
46454.92920 0.1836
46454.93018 0.1813
46454.93091 0.1820
46454.93164 0.1806
46454.93237 0.1817
46454.93311 0.1834
46454.93408 0.1807
46454.93481 0.1791
46454.93555 0.1823
46454.93628 0.1836
46454.93701 0.1781
46454.93799 0.1822
46454.93872 0.1814
46454.93945 0.1806
46454.94019 0.1815
46454.94092 0.1839
46454.94165 0.1827
46454.94263 0.1824
46454.94336 0.1811
46454.94409 0.1832
46454.94482 0.1814
46454.94556 0.1831
46454.94653 0.1803
46454.94727 0.1824
46454.94800 0.1818
46454.94873 0.1817
46454.94946 0.1824
46454.95044 0.1848
46454.95117 0.1768
46454.95190 0.1795
46454.95264 0.1810
46454.95337 0.1783
46454.95435 0.1861
46454.95508 0.1824
46454.95581 0.1830
46454.95654 0.1813
46454.95728 0.1836
46454.95825 0.1834
46454.95898 0.1827
46454.95972 0.1772
46454.96045 0.1805
46454.96118 0.1810
46454.96216 0.1835
46454.96289 0.1814
46454.96362 0.1819
46454.96436 0.1806
46454.96509 0.1819
46454.96582 0.1830
46454.96680 0.1834
46454.96753 0.1818
46454.96826 0.1827
46454.96899 0.1815
46454.96973 0.1834
46454.97070 0.1790
46454.97144 0.1822
46454.97217 0.1856
46454.97290 0.1830
46454.97363 0.1799
46454.97461 0.1789
46454.97534 0.1811
46454.97607 0.1799
46454.97681 0.1834
46454.97754 0.1805
46454.97852 0.1806
46454.97925 0.1793
46454.97998 0.1799
46454.98071 0.1818
46454.98145 0.1811
46454.98242 0.1793
46454.98315 0.1791
46454.98389 0.1814
46454.98462 0.1839
46454.98535 0.1814
46454.98608 0.1813
46454.98706 0.1814
46454.98779 0.1811
46454.98853 0.1802
46454.98926 0.1823
46454.98999 0.1834
46454.99097 0.1818
46454.99170 0.1810
46454.99243 0.1793
46454.99316 0.1802
46454.99390 0.1811
46454.99487 0.1793
46454.99561 0.1793
46454.99634 0.1801
46454.99707 0.1814
46454.99780 0.1814
46454.99878 0.1824
46454.99951 0.1822
46455.00024 0.1811
46455.00098 0.1795
46455.00171 0.1803
46458.99487 0.1746
46458.99561 0.1786
46458.99658 0.1755
46472.01709 0.1882
46472.01782 0.1843
46472.01880 0.1784
46483.00757 0.1864
46483.00854 0.1858
46483.00952 0.1884
46483.98511 0.1857
46483.98608 0.1821
46483.98682 0.1783
46485.95020 0.1852
46485.95117 0.1874
46485.95190 0.1896
46487.00366 0.1843
46487.00464 0.1827
46487.00562 0.1833
46488.97021 0.1938
46488.97095 0.1946
46488.97168 0.1881
46489.87329 0.1836
46489.87427 0.1860
46489.87500 0.1863
46490.99048 0.1881
46490.99146 0.1839
46490.99243 0.1906
46491.96606 0.1826
46491.96729 0.1836
46491.96826 0.1898
46493.96191 0.1849
46493.96289 0.1832
46493.96362 0.1918
46494.92334 0.1897
46494.92407 0.1866
46494.92480 0.1880
46495.98633 0.1861
46495.98706 0.1870
46495.98779 0.1899
46498.95728 0.1949
46498.95801 0.1937
46498.95874 0.1890
46508.96777 0.1847
46508.96851 0.1860
46508.96948 0.1855
46509.92212 0.1839
46509.92310 0.1834
46509.92407 0.1861
46510.99536 0.1874
46510.99609 0.1906
46510.99707 0.1908
46512.90771 0.1847
46512.90869 0.1859
46512.90942 0.1843
46513.94629 0.1810
46513.94727 0.1867
46513.94824 0.1746
46514.90649 0.1826
46514.90723 0.1856
46514.90820 0.1859
46516.94507 0.1792
46516.94604 0.1742
46516.94702 0.1826
46517.97510 0.1853
46517.97607 0.1866
46517.97681 0.1876
46519.96802 0.1837
46519.96924 0.1814
46519.97046 0.1879
46521.91162 0.1841
46521.91260 0.1870
46521.91333 0.1877
46523.88184 0.1864
46523.88257 0.1915
46523.88354 0.1852
46524.91187 0.1890
46524.91284 0.1862
46524.91382 0.1888
46529.89575 0.1861
46529.89648 0.1858
46529.89722 0.1814
46530.91382 0.1750
46530.91626 0.1713
46530.91870 0.1777
46532.88501 0.1820
46532.88599 0.1859
46532.88672 0.1836
46535.89160 0.1829
46535.89233 0.1833
46535.89307 0.1868
46538.90723 0.1843
46538.90820 0.1817
46538.90894 0.1825
46539.88794 0.1796
46539.88892 0.1767
46539.88989 0.1832
46540.90186 0.1793
46540.90259 0.1761
46540.90332 0.1784
46542.89331 0.1736
46542.89429 0.1716
46542.89526 0.1733
46544.80957 0.1839
46544.81030 0.1808
46544.81079 0.1816
46545.76978 0.1810
46545.77075 0.1812
46545.77197 0.1796
46547.81787 0.1861
46547.81860 0.1819
46547.81934 0.1785
46549.87695 0.1788
46549.87769 0.1783
46549.87842 0.1796
46550.82202 0.1819
46550.82275 0.1838
46550.82373 0.1823
46552.81958 0.1748
46552.82031 0.1746
46552.82104 0.1717
46553.83032 0.1800
46553.83130 0.1785
46553.83203 0.1762
46555.79199 0.1747
46555.79272 0.1730
46555.79346 0.1755
46557.80469 0.1809
46557.80591 0.1814
46557.80762 0.1814
46558.79468 0.1757
46558.79565 0.1777
46558.79688 0.1744
46559.89526 0.1788
46559.89600 0.1855
46559.89697 0.1826
46562.76172 0.1786
46562.76245 0.1785
46562.76318 0.1770
46566.79419 0.1814
46566.79517 0.1808
46566.79590 0.1822
46568.79517 0.1782
46568.79639 0.1784
46568.79736 0.1834
46569.78833 0.1733
46569.78906 0.1770
46569.78979 0.1782
46570.77539 0.1832
46570.77612 0.1803
46570.77710 0.1792
46572.78564 0.1800
46572.78662 0.1815
46572.78760 0.1806
46573.80029 0.1861
46573.80127 0.1795
46573.80200 0.1819
46575.77612 0.1831
46575.77710 0.1813
46575.77783 0.1835
46576.74316 0.1822
46576.74390 0.1804
46576.74463 0.1853
46577.76123 0.1910
46577.76221 0.1861
46577.76294 0.1858
46579.74902 0.1894
46579.74976 0.1844
46579.75073 0.1815
46580.77515 0.1848
46580.77612 0.1881
46580.77734 0.1875
46583.77246 0.1902
46583.77319 0.1843
46583.77417 0.1868
46584.74927 0.1954
46584.75000 0.1903
46584.75098 0.1879
46585.77661 0.1845
46585.77734 0.1881
46585.77832 0.1871
46587.73950 0.1876
46587.74023 0.1874
46587.74121 0.1950
46590.76587 0.1834
46590.76660 0.1886
46590.76758 0.1883
46591.73901 0.1872
46591.73975 0.1877
46591.74072 0.1876
46592.73657 0.1877
46592.73730 0.1898
46592.73828 0.1915
46594.71509 0.1885
46594.71606 0.1926
46594.71704 0.1859
46595.75317 0.1854
46595.75391 0.1858
46595.75488 0.1830
46596.71631 0.1866
46596.71704 0.1899
46596.71802 0.1896
46598.73682 0.1897
46598.73779 0.1884
46598.73853 0.1910
46599.71875 0.1868
46599.71948 0.1868
46599.72046 0.1870
46600.71191 0.1931
46600.71265 0.1902
46600.71362 0.1899
46602.73438 0.1868
46602.73511 0.1888
46602.73608 0.1915
46603.72437 0.1943
46603.72534 0.1961
46603.72607 0.1921
46604.71826 0.1887
46604.71924 0.1880
46604.71997 0.1846
46609.70239 0.1894
46609.70337 0.1897
46609.70459 0.1890
46611.72803 0.1927
46611.72925 0.1922
46611.73047 0.1943
46617.68921 0.1966
46617.68994 0.1938
46617.69067 0.1936
46618.69312 0.1868
46618.69385 0.1873
46618.69458 0.1862
46619.70581 0.1957
46619.70654 0.1956
46619.70728 0.1947
46621.68335 0.1903
46621.68408 0.1850
46621.68481 0.1858
46623.68384 0.1948
46623.68457 0.1904
46623.68530 0.1947
46624.67847 0.1882
46624.67944 0.1916
46624.68042 0.1923
46625.68237 0.1858
46625.68311 0.1872
46625.68384 0.1842
46627.67969 0.1930
46627.68042 0.1877
46627.68091 0.1908
46629.66846 0.1888
46629.66919 0.1854
46629.67017 0.1837
46630.66870 0.1870
46630.66943 0.1846
46630.67017 0.1891
46631.66064 0.1890
46631.66138 0.1909
46631.66211 0.1881
46831.06665 0.1735
46831.06812 0.1846
46831.06934 0.1806
46833.06006 0.1871
46833.06079 0.1905
46833.06152 0.1844
46844.06030 0.1863
46844.06177 0.1907
46844.06396 0.1883
46845.06250 0.1861
46845.06348 0.1841
46845.06445 0.1910
46859.01807 0.1807
46859.01904 0.1821
46859.01978 0.1862
46866.95459 0.1868
46866.95532 0.1827
46866.95605 0.1862
46867.97510 0.1859
46867.97632 0.1939
46867.97754 0.1898
46868.98584 0.1867
46868.98730 0.1884
46868.98877 0.1934
46872.99683 0.1826
46872.99780 0.1787
46872.99902 0.1842
46874.96411 0.1956
46874.96558 0.1874
46874.96655 0.1993
46875.96582 0.1855
46875.96680 0.1836
46875.96753 0.1806
46877.95020 0.1866
46877.95093 0.1939
46877.95166 0.1979
46882.89331 0.1878
46882.89429 0.1889
46882.89551 0.1824
46891.90259 0.1786
46891.90356 0.1775
46891.90454 0.1788
46893.91357 0.1856
46893.91455 0.1831
46893.91528 0.1843
46894.92188 0.1731
46894.92334 0.1851
46894.92480 0.1782
46897.90381 0.1857
46897.90503 0.1833
46897.90649 0.1849
46899.90601 0.1838
46899.90674 0.1838
46899.90771 0.1840
46903.91626 0.1780
46903.91724 0.1828
46903.91797 0.1800
46906.87891 0.1885
46906.87988 0.1822
46906.88086 0.1830
46913.81104 0.1814
46913.81201 0.1803
46913.81274 0.1817
46920.81128 0.1836
46920.81226 0.1854
46920.81323 0.1832
46921.80640 0.1785
46921.80737 0.1778
46921.80811 0.1846
46922.77612 0.1802
46922.78149 0.1810
46922.78320 0.1924
46929.77612 0.1839
46929.77710 0.1816
46929.77832 0.1820
46933.78589 0.1829
46933.78662 0.1865
46933.78760 0.1832
46937.77051 0.1820
46937.77124 0.1865
46937.77222 0.1831
46938.77197 0.1850
46938.77344 0.1871
46938.77515 0.1812
46948.75562 0.1781
46948.75635 0.1869
46948.75732 0.1872
46950.73438 0.1883
46950.73535 0.1817
46950.73608 0.1806
46951.73340 0.1858
46951.73413 0.1934
46951.73486 0.1853
46953.71924 0.1883
46953.72021 0.1779
46953.72144 0.1855
46954.72070 0.1874
46954.72144 0.1780
46954.72241 0.1825
46955.73657 0.1818
46955.73730 0.1857
46955.73853 0.1857
46957.70801 0.1840
46957.70898 0.1835
46957.70972 0.1781
46958.72754 0.1873
46958.72827 0.1916
46958.72900 0.1909
46959.71875 0.1881
46959.71973 0.1783
46959.72046 0.1854
46961.72632 0.1983
46961.72778 0.1879
46961.72925 0.1906
46962.71484 0.1897
46962.71606 0.1850
46962.71704 0.1882
46964.69727 0.1911
46964.69824 0.1881
46964.69922 0.1890
46965.71631 0.1865
46965.71729 0.1864
46965.71802 0.1938
46966.71338 0.1899
46966.71436 0.1831
46966.71558 0.1894
46970.73682 0.1870
46970.73755 0.1870
46970.73828 0.1864
46985.67896 0.1862
46985.67993 0.1817
46985.68115 0.1911
46988.66406 0.1876
46988.66504 0.1903
46988.66577 0.1856
47006.67065 0.1895
47006.67188 0.1897
47006.67334 0.1886
47186.02100 0.1849
47186.02197 0.1861
47186.02271 0.1882
47191.06665 0.1899
47191.06787 0.1897
47191.06885 0.1939
47195.07886 0.1920
47195.08008 0.1936
47195.08130 0.1904
47196.05444 0.1910
47196.05615 0.1885
47196.05786 0.1907
47199.04346 0.1870
47199.04468 0.1862
47199.04565 0.1831
47203.99146 0.1820
47203.99268 0.1872
47203.99365 0.1870
47205.02124 0.1869
47205.02222 0.1933
47205.02319 0.1899
47205.99609 0.1881
47205.99707 0.1889
47205.99780 0.1900
47206.94312 0.1903
47206.94409 0.1926
47206.94482 0.1904
47212.04150 0.1946
47212.04248 0.1927
47212.04395 0.1973
47213.03394 0.1933
47213.03540 0.1889
47213.03735 0.1941
47214.00488 0.1931
47214.00586 0.1925
47214.00659 0.1923
47216.99048 0.1862
47216.99170 0.1834
47216.99268 0.1867
47224.00708 0.1883
47224.00806 0.1925
47224.00903 0.1916
47225.96582 0.1915
47225.96680 0.1936
47225.96802 0.1896
47236.01196 0.1943
47236.01318 0.1915
47236.01440 0.1965
47239.04663 0.1914
47239.04761 0.1887
47239.04883 0.1966
47239.93848 0.1939
47239.93970 0.1983
47239.94067 0.1962
47240.89917 0.2001
47240.90015 0.1974
47240.90137 0.1989
47241.89453 0.1917
47241.89551 0.1902
47241.89648 0.1913
47252.89282 0.1872
47252.89404 0.1885
47252.89526 0.1928
47253.84473 0.1926
47253.84570 0.1902
47253.84692 0.1939
47254.90039 0.1852
47254.90137 0.1887
47254.90234 0.1867
47255.83936 0.1904
47255.84058 0.1892
47255.84180 0.1927
47256.96851 0.1875
47256.96948 0.1935
47256.97046 0.1900
47257.92603 0.1933
47257.92725 0.1888
47257.92847 0.1921
47278.86353 0.1846
47278.86450 0.1868
47278.86548 0.1905
47281.79541 0.1842
47281.79639 0.1838
47281.79736 0.1851
47283.87451 0.1822
47283.87524 0.1792
47283.87646 0.1800
47284.80786 0.1834
47284.80908 0.1811
47284.81006 0.1844
47285.80786 0.1870
47285.80908 0.1832
47285.81030 0.1817
47290.84766 0.1888
47290.84888 0.1917
47290.85034 0.1918
47290.86475 0.1890
47290.86597 0.1837
47290.86694 0.1856
47291.88745 0.1860
47291.88867 0.1885
47291.88989 0.1856
47292.87524 0.1868
47292.87622 0.1822
47292.87769 0.1814
47294.81128 0.1889
47294.81250 0.1929
47294.81348 0.1921
47295.78101 0.1914
47295.78223 0.1916
47295.78320 0.1892
47297.78394 0.1889
47297.78516 0.1912
47297.78638 0.1869
47298.80591 0.1920
47298.80737 0.1921
47298.80884 0.1862
47299.80957 0.1882
47299.81104 0.1843
47299.81226 0.1838
47305.80713 0.1928
47305.80835 0.1910
47305.80933 0.1872
47306.79858 0.1912
47306.79980 0.1860
47306.80103 0.1872
47307.79248 0.1890
47307.79346 0.1875
47307.79443 0.1847
47313.74707 0.1901
47313.74854 0.1876
47313.75000 0.1883
47316.80933 0.1896
47316.81055 0.1918
47316.81152 0.1882
47321.81494 0.1883
47321.81616 0.1842
47321.81714 0.1827
47322.77490 0.1902
47322.77612 0.1836
47322.77734 0.1869
47326.73755 0.1858
47326.73853 0.1920
47326.73975 0.1892
47328.73657 0.1847
47328.73804 0.1850
47328.73926 0.1870
47332.70728 0.1906
47332.70825 0.1914
47332.70947 0.1909
47336.71851 0.1850
47336.71997 0.1870
47336.72144 0.1882
47338.71167 0.1928
47338.71289 0.1853
47338.71387 0.1915
47339.69946 0.1838
47339.70068 0.1894
47339.70215 0.1856
47340.70630 0.1907
47340.70728 0.1944
47340.70825 0.1895
47342.70605 0.1898
47342.70728 0.1828
47342.70825 0.1874
47343.71191 0.1848
47343.71289 0.1861
47343.71387 0.1932
47345.70264 0.1895
47345.70386 0.1885
47345.70508 0.1925
47346.72974 0.1892
47346.73071 0.1876
47346.73169 0.1892
47347.75464 0.1892
47347.75586 0.1881
47347.75708 0.1923
47348.71387 0.1909
47348.71484 0.1836
47348.71631 0.1833
47350.73657 0.1966
47350.73755 0.1908
47350.73877 0.1874
47351.75635 0.1888
47351.75757 0.1920
47351.75879 0.1918
47357.67139 0.1926
47357.67261 0.1933
47357.67383 0.1959
47545.01953 0.1912
47545.02075 0.1859
47545.02222 0.1866
47573.94580 0.1863
47573.94751 0.1857
47573.94873 0.1870
47574.97290 0.1941
47574.97388 0.1904
47574.97485 0.1890
47575.96021 0.1850
47575.96094 0.1845
47575.96191 0.1858
47577.94653 0.1916
47577.94751 0.1936
47577.94849 0.1959
47579.96851 0.1881
47579.97070 0.1899
47579.97241 0.1855
47580.93335 0.1904
47580.93481 0.1906
47580.93628 0.1928
47586.01123 0.1908
47586.01270 0.1913
47586.01416 0.1952
47589.97803 0.1898
47589.97925 0.1923
47589.98096 0.1915
47591.02124 0.1858
47591.02295 0.1931
47591.02466 0.1891
47596.96509 0.1889
47596.96631 0.1927
47596.96753 0.1898
47600.90869 0.1960
47600.91016 0.1923
47600.91211 0.1924
47615.93359 0.1807
47615.93506 0.1839
47615.93677 0.1831
47617.94067 0.1842
47617.94214 0.1843
47617.94360 0.1865
47623.92651 0.1873
47623.92773 0.1880
47623.92920 0.1897
47625.91260 0.1879
47625.91406 0.1870
47625.91577 0.1884
47626.92578 0.1846
47626.92773 0.1909
47626.92920 0.1881
47628.91846 0.1896
47628.91968 0.1829
47628.92090 0.1880
47631.84375 0.1880
47631.84473 0.1817
47631.84570 0.1876
47634.84985 0.1816
47634.85107 0.1813
47634.85254 0.1809
47644.80615 0.1844
47644.80786 0.1805
47644.80908 0.1830
47647.84863 0.2003
47647.85010 0.1919
47647.85107 0.1898
47648.78296 0.1899
47648.78394 0.1972
47648.78516 0.1916
47649.83521 0.1875
47649.83667 0.1851
47649.83862 0.1780
47663.76709 0.1874
47663.76782 0.1837
47663.76880 0.1920
47666.76392 0.1869
47666.76514 0.1900
47666.76636 0.1899
47667.76074 0.1946
47667.76221 0.1878
47667.76343 0.1892
47669.72974 0.1880
47669.73145 0.1894
47669.73364 0.1855
47675.72241 0.1863
47675.72388 0.1830
47675.72534 0.1854
47676.73706 0.1852
47676.73804 0.1858
47676.73950 0.1801
47687.71948 0.1969
47687.72046 0.1956
47687.72168 0.1912
47736.68237 0.1868
47736.68311 0.1885
47736.68384 0.1917
47738.69580 0.1837
47933.03955 0.1873
47933.04053 0.1871
47933.04175 0.1841
47956.94287 0.1913
47956.94385 0.1897
47956.94531 0.1883
47975.95776 0.1906
47975.95898 0.1893
47975.96045 0.1895
47977.94336 0.1860
47977.94458 0.1834
47977.94556 0.1861
47981.91968 0.1856
47981.92090 0.1886
47981.92212 0.1874
48071.72192 0.1883
48071.72339 0.1902
48071.72461 0.1918
48256.00293 0.2009
48256.00439 0.2031
48256.00586 0.2002
48256.00684 0.1986
48256.00830 0.1976
48256.00977 0.2038
48290.03564 0.1985
48290.03760 0.1972
48290.03906 0.1965
48327.99951 0.1902
48328.00195 0.1880
48328.00342 0.1866
48345.95801 0.1907
48345.95898 0.1907
48345.96045 0.1926
48360.87891 0.1904
48360.87988 0.1887
48360.88135 0.1885
48392.78076 0.1944
48392.78174 0.1937
48392.78320 0.1925
48395.75928 0.1939
48395.76074 0.1929
48395.76270 0.1946
48397.78955 0.1910
48397.79150 0.1924
48397.79297 0.1917
48400.76514 0.1924
48400.76660 0.1904
48400.76807 0.1912
48402.76465 0.1918
48402.76660 0.1939
48402.76807 0.1960
48404.77686 0.1884
48404.77832 0.1903
48404.77930 0.1889
48406.77539 0.1909
48406.77734 0.1909
48406.77881 0.1899
48428.72266 0.1845
48428.72412 0.1842
48428.72559 0.1850
48431.71924 0.1832
48431.72070 0.1849
48431.72217 0.1828
48655.00781 0.1886
48655.00977 0.1882
48655.01123 0.1891
48655.96631 0.1875
48655.96777 0.1891
48655.96924 0.1891
48656.98242 0.1833
48656.98389 0.1873
48656.98486 0.1835
48671.95752 0.1942
48671.95898 0.1903
48671.96045 0.1822
48677.90527 0.1862
48677.90674 0.1865
48677.90820 0.1861
48692.90771 0.1888
48692.90918 0.1861
48692.91064 0.1892
48693.90527 0.1877
48693.90674 0.1900
48693.90820 0.1891
48694.89746 0.1900
48694.89893 0.1854
48694.90039 0.1826
48695.94189 0.1872
48695.94336 0.1860
48695.94434 0.1876
48696.92676 0.1871
48696.92773 0.1950
48696.92920 0.1886
48697.93506 0.1926
48697.93652 0.1891
48697.93848 0.1892
48698.86719 0.1891
48698.86865 0.1908
48698.87012 0.1943
48719.88428 0.1840
48719.88574 0.1847
48719.88721 0.1895
48720.82080 0.1931
48720.82227 0.1918
48720.82373 0.1936
48721.89063 0.1895
48721.89209 0.1876
48721.89355 0.1828
48722.81445 0.1911
48722.81592 0.1877
48722.81689 0.1872
48729.85059 0.1957
48729.85156 0.1938
48729.85303 0.1915
48731.83496 0.1904
48731.83643 0.1914
48731.83789 0.1896
48732.82275 0.1940
48732.82422 0.1898
48732.82568 0.1911
48740.86230 0.1952
48740.86377 0.1867
48740.86523 0.1946
48750.73438 0.1906
48750.73584 0.1918
48750.73730 0.1899
48751.72998 0.1898
48751.73145 0.1874
48751.73242 0.1947
48752.72168 0.3261
48752.72314 0.3243
48752.72461 0.3266
48755.84766 0.1861
48755.84912 0.1866
48755.85059 0.1864
48756.80566 0.1884
48756.80713 0.1904
48756.80859 0.1902
48757.78076 0.1903
48757.78223 0.1888
48757.78320 0.1881
48758.80078 0.1894
48758.80225 0.1844
48758.80322 0.1869
48759.78711 0.1859
48759.78809 0.1868
48759.78906 0.1878
48761.75830 0.1866
48761.75977 0.1889
48761.76123 0.1934
48771.81152 0.1787
48771.81299 0.1781
48771.81445 0.1784
48772.75830 0.1872
48772.75928 0.1888
48772.76074 0.1875
48777.75391 0.1836
48777.75488 0.1829
48777.75635 0.1810
48779.78320 0.1849
48779.78467 0.1845
48779.78613 0.1880
48781.75977 0.1878
48781.76123 0.1855
48781.76221 0.1851
48782.74414 0.1857
48782.74561 0.1841
48782.74707 0.1848
48783.78955 0.1872
48783.79102 0.1853
48783.79199 0.1891
48784.74268 0.1941
48784.74365 0.1957
48784.74512 0.1946
48785.72266 0.1857
48785.72412 0.1862
48785.72559 0.1886
48786.75781 0.1933
48786.75928 0.1951
48786.76074 0.1948
48788.77100 0.1868
48788.77246 0.1905
48788.77393 0.1893
48789.74170 0.1883
48789.74316 0.1901
48789.74463 0.1879
48790.75977 0.1895
48790.76123 0.1910
48790.76270 0.1907
48791.73877 0.1885
48791.74023 0.1869
48791.74121 0.1884
48792.73145 0.1896
48792.73291 0.1876
48792.73438 0.1872
48793.75635 0.1862
48793.75732 0.1879
48793.75879 0.1908
48794.72363 0.1913
48794.72510 0.1944
48794.72656 0.1888
48797.74316 0.1858
48797.74463 0.1857
48797.74609 0.1862
48800.68799 0.1888
48800.68945 0.1907
48800.69043 0.1937
48813.71045 0.1874
48813.71191 0.1877
48813.71338 0.1841
48820.71631 0.1865
48820.71777 0.1852
48820.71875 0.1870
48821.70410 0.1873
48821.70557 0.1858
48821.70703 0.1821
48822.71045 0.1862
48822.71191 0.1846
48822.71289 0.1878
49057.91309 0.1845
49057.91406 0.1849
49057.91553 0.1825
49058.91895 0.1790
49058.91992 0.1819
49058.92139 0.1759
49059.91162 0.1858
49059.91260 0.1895
49059.91406 0.1893
49065.92871 0.1855
49065.93066 0.1872
49065.93213 0.1866
49068.92627 0.1847
49068.92773 0.1835
49068.92920 0.1840
49069.92285 0.1854
49069.92480 0.1822
49069.92725 0.1835
49076.95166 0.1875
49076.95312 0.1882
49076.95459 0.1890
49081.91943 0.1823
49081.92139 0.1829
49081.92334 0.1804
49086.88770 0.1830
49086.88916 0.1856
49086.89014 0.1874
49088.86230 0.1841
49088.86377 0.1830
49088.86475 0.1872
49089.86816 0.1865
49089.86963 0.1897
49089.87061 0.1829
49090.86572 0.1870
49090.86719 0.1897
49090.86816 0.1851
49094.85840 0.1841
49094.85986 0.1792
49094.86084 0.1835
49098.88916 0.1919
49098.89062 0.1884
49098.89209 0.1869
49099.88086 0.1851
49099.88232 0.1840
49099.88330 0.1855
49102.87305 0.1905
49102.87451 0.1844
49102.87549 0.1877
49103.84570 0.1842
49103.84717 0.1855
49103.84863 0.1824
49116.79736 0.1809
49116.79883 0.1777
49116.79980 0.1789
49117.82227 0.1815
49117.82324 0.1783
49117.82471 0.1765
49118.82031 0.1821
49118.82178 0.1823
49118.82324 0.1837
49121.83545 0.1824
49121.83643 0.1860
49121.83789 0.1856
49124.80420 0.1808
49124.80566 0.1825
49124.80664 0.1847
49126.80908 0.1790
49126.81055 0.1763
49126.81152 0.1797
49136.76709 0.1792
49136.76855 0.1836
49136.77051 0.1815
49137.75098 0.1865
49137.75195 0.1864
49137.75342 0.1842
49147.77881 0.1877
49147.77979 0.1931
49147.78076 0.1843
49149.73242 0.1809
49149.73389 0.1796
49149.73486 0.1822
49150.72705 0.1848
49150.72803 0.1875
49150.72949 0.1862
49151.73389 0.1891
49151.73535 0.1921
49151.73633 0.1884
49152.73975 0.1809
49152.74072 0.1839
49152.74219 0.1852
49153.71729 0.1878
49153.71826 0.1911
49153.71973 0.1899
49156.73730 0.1817
49156.73828 0.1837
49156.73975 0.1887
49159.74414 0.1857
49159.74561 0.1883
49159.74707 0.1906
49160.72363 0.1887
49160.72461 0.1896
49160.72656 0.1818
49163.73730 0.1881
49163.73828 0.1807
49163.74023 0.1842
49408.87354 0.2626
49408.87451 0.2667
49408.87549 0.2609
49420.95312 0.1870
49420.95459 0.1878
49420.95557 0.1849
49421.92383 0.1810
49421.92529 0.1892
49421.92627 0.1814
49425.94189 0.1905
49425.94336 0.1878
49425.94434 0.1879
49426.87842 0.1917
49426.87939 0.1897
49426.88086 0.1925
49434.85889 0.1890
49434.85986 0.1889
49434.86084 0.1927
49438.91748 0.1904
49438.91895 0.1908
49438.91992 0.1908
49439.90430 0.1878
49439.90527 0.1900
49439.90625 0.1895
49440.88770 0.1880
49440.88867 0.1905
49440.88965 0.1899
49442.90283 0.1867
49442.90381 0.1880
49442.90479 0.1889
49444.88184 0.1868
49444.88281 0.1863
49444.88379 0.1844
49445.88721 0.1889
49445.88818 0.1880
49445.88916 0.1885
49447.88867 0.1851
49447.89014 0.1846
49447.89111 0.1892
49448.87061 0.1866
49448.87158 0.1862
49448.87305 0.1858
49449.87061 0.1883
49449.87158 0.1911
49449.87305 0.1881
49453.79492 0.1825
49453.79590 0.1843
49453.79736 0.1837
49454.84082 0.1870
49454.84229 0.1875
49454.84326 0.1936
49455.83154 0.1919
49455.83301 0.1904
49455.83398 0.1910
49456.86523 0.1869
49456.86670 0.1861
49456.86768 0.1865
49457.82080 0.1873
49457.82178 0.1888
49457.82324 0.1903
49458.83594 0.1916
49458.83740 0.1890
49458.83838 0.1871
49461.86377 0.1905
49461.86523 0.1892
49461.86621 0.1894
49462.86133 0.1824
49462.86279 0.1835
49462.86377 0.1818
49463.85352 0.1866
49463.85449 0.1850
49463.85547 0.1868
49464.84570 0.1893
49464.84668 0.1893
49464.84766 0.1895
49467.83545 0.1851
49467.83643 0.1875
49467.83789 0.1859
49472.78809 0.1804
49472.78955 0.1868
49472.79053 0.1854
49475.76807 0.1805
49475.76904 0.1818
49475.77002 0.1800
49476.78076 0.1838
49476.78174 0.1838
49476.78320 0.1872
49477.79443 0.1856
49477.79541 0.1853
49477.79639 0.1856
49481.83154 0.1838
49481.83252 0.1850
49481.83398 0.1860
49482.79785 0.1810
49482.79883 0.1810
49482.80029 0.1818
49484.83984 0.1849
49484.84082 0.1866
49484.84229 0.1839
49485.78516 0.1869
49485.78613 0.1890
49485.78711 0.1880
49486.80127 0.1845
49486.80225 0.1838
49486.80371 0.1844
49488.78223 0.1901
49488.78320 0.1891
49488.78467 0.1904
49493.77051 0.1839
49493.77148 0.1835
49493.77295 0.1811
49494.77881 0.1880
49494.78027 0.1830
49494.78125 0.1823
49495.75439 0.1894
49495.75586 0.1847
49495.75684 0.1879
49496.75000 0.1912
49496.75098 0.1876
49496.75244 0.1835
49498.76367 0.1893
49498.76514 0.1869
49498.76611 0.1905
49499.76367 0.1886
49499.76514 0.1888
49499.76611 0.1872
49500.74463 0.1853
49500.74561 0.1860
49500.74658 0.1846
49502.75830 0.1900
49502.75928 0.1863
49502.76074 0.1863
49504.74463 0.1905
49504.74561 0.1876
49504.74707 0.1890
49506.72754 0.1877
49506.72852 0.1849
49506.72998 0.1860
49507.75928 0.1861
49507.76025 0.1866
49507.76172 0.1860
49509.71973 0.1849
49509.72070 0.1865
49509.72217 0.1877
49510.74219 0.1866
49510.74316 0.1923
49510.74463 0.1901
49511.76025 0.1903
49511.76172 0.1887
49511.76270 0.1896
49512.75635 0.1897
49512.75684 0.1823
49512.75684 0.1939
49513.78125 0.1847
49513.78271 0.1869
49513.78369 0.1869
49514.78076 0.1903
49514.78223 0.1893
49514.78320 0.1922
49515.77881 0.1890
49515.77979 0.1858
49515.78125 0.1833
49516.78955 0.1874
49516.79102 0.1867
49516.79199 0.1877
49517.78760 0.1908
49517.78906 0.1878
49517.79004 0.1851
49518.80029 0.1905
49518.80127 0.1902
49518.80273 0.1882
49519.79004 0.1880
49519.79102 0.1876
49519.79248 0.1890
49520.77393 0.1958
49520.77490 0.1928
49520.77588 0.1925
49521.77783 0.1935
49521.77930 0.1948
49521.78027 0.1975
49522.71045 0.1884
49522.71143 0.1918
49522.71289 0.1915
49523.70752 0.1922
49523.70850 0.1947
49523.70996 0.1956
49524.73926 0.1918
49524.74023 0.1922
49524.74121 0.1931
49525.75000 0.1900
49525.75146 0.1898
49525.75244 0.1925
49526.72266 0.1919
49526.72363 0.1924
49526.72461 0.1903
49528.71533 0.1928
49528.71631 0.1930
49528.71777 0.1929
49529.71387 0.1896
49529.71484 0.1901
49529.71631 0.1908
49530.69971 0.1901
49530.70117 0.1901
49530.70215 0.1926
49531.67773 0.1900
49531.67871 0.1952
49531.67969 0.1963
49532.67822 0.1948
49532.67920 0.1969
49532.68066 0.1922
49533.67822 0.1940
49533.67969 0.1922
49533.68066 0.1904
49536.67725 0.1977
49536.67822 0.1964
49536.67920 0.1920
49537.67969 0.1951
49537.68066 0.1952
49537.68213 0.1927
49538.69287 0.1965
49538.69434 0.1947
49538.69531 0.1947
49540.71777 0.1937
49540.71924 0.1931
49540.72021 0.1899
49541.72900 0.1919
49541.73047 0.1925
49541.73145 0.1903
49542.71680 0.1968
49542.71826 0.1959
49542.71924 0.1959
49547.69531 0.1916
49547.69629 0.1943
49547.69727 0.1934
49548.71484 0.1975
49548.71582 0.1989
49548.71729 0.2005
49768.99512 0.1925
49768.99609 0.1924
49768.99756 0.1977
49772.91162 0.1956
49772.91309 0.1968
49772.91406 0.1945
49792.93408 0.1882
49792.93506 0.1943
49792.93652 0.1912
49793.93262 0.1852
49793.93359 0.1857
49793.93506 0.1857
49818.88232 0.1898
49818.88379 0.1898
49818.88477 0.1921
49819.88135 0.1700
49819.88281 0.1707
49819.88379 0.1687
49827.84619 0.1866
49827.84766 0.1871
49827.84863 0.1942
49855.79883 0.1943
49855.80029 0.1922
49855.80127 0.1955
49856.80273 0.1887
49856.80371 0.1884
49856.80469 0.1906
49857.77588 0.1979
49857.77686 0.1960
49857.77832 0.1983
49858.73242 0.1971
49858.73389 0.1971
49858.73486 0.2011
49866.75000 0.1979
49866.75098 0.1987
49866.75244 0.1989
49867.72070 0.1981
49867.72168 0.1944
49867.72266 0.1960
49873.75928 0.1983
49873.76074 0.1967
49873.76172 0.1995
49880.75586 0.2010
49880.75684 0.1967
49880.75830 0.2023
49881.73291 0.2115
49881.73438 0.2126
49881.73535 0.2120
49882.70947 0.1983
49882.71045 0.1983
49882.71191 0.2000
49886.71680 0.2028
49886.71826 0.2041
49886.71924 0.2051
49889.69629 0.2001
49889.69727 0.1953
49889.69873 0.2009
