2445918.93860 0.2791
2445918.93945 0.2727
2445918.94031 0.2710
2448873.82520 0.2741
2448873.82617 0.2777
2448873.82764 0.2676
2448875.82910 0.2756
2448875.83008 0.2777
2448875.83154 0.2671
2448877.82129 0.2599
2448877.82275 0.2632
2448877.82422 0.2607
2448880.83398 0.2610
2448880.83545 0.2642
2448880.83691 0.2614
2448887.92090 0.2634
2448887.92236 0.2617
2448887.92383 0.2696
2448901.84277 0.2810
2448901.84375 0.2896
2448901.84521 0.2823
2448903.79443 0.2643
2448903.79590 0.2776
2448903.79736 0.2735
2448906.79785 0.2626
2448906.79932 0.2659
2448906.80078 0.2677
2448908.81641 0.2591
2448908.81738 0.2734
2448908.81885 0.2614
2448912.78857 0.2677
2448912.79004 0.2661
2448912.79199 0.2689
2448916.77734 0.2608
2448916.77881 0.2657
2448916.78027 0.2643
2448928.69629 0.2815
2448928.69775 0.2792
2448928.69971 0.2718
2448933.78467 0.2753
2448933.78613 0.2700
2448933.78711 0.2789
2448938.70020 0.2820
2448938.70166 0.2869
2448938.70264 0.2878
2448940.72119 0.2715
2448940.72266 0.2735
2448940.72412 0.2728
2448945.68750 0.2812
2448945.68945 0.2794
2448945.69092 0.2840
2448949.74414 0.2776
2448949.74609 0.2769
2448949.74805 0.2782
2448971.65479 0.2715
2448971.65576 0.2779
2448971.65723 0.2824
2448976.63379 0.2870
2448976.63525 0.2876
2448976.63721 0.2847
2448979.60938 0.2852
2448979.61084 0.2868
2448979.61182 0.2834
2449008.60693 0.2800
2449008.60840 0.2900
2449008.60986 0.2980
2449010.61328 0.2717
2449010.61475 0.2982
2449010.61572 0.2795
2449236.90137 0.2698
2449236.90283 0.2777
2449236.90430 0.2737
2449254.85059 0.2722
2449254.85156 0.2654
2449254.85303 0.2706
2449265.79883 0.2900
2449265.80029 0.2726
2449265.80225 0.2734
2449267.82031 0.2708
2449267.82178 0.2660
2449267.82275 0.2742
2449270.77148 0.2694
2449270.77295 0.2638
2449270.77441 0.2779
2449273.75537 0.2809
2449273.75635 0.2788
2449273.75781 0.2801
2449280.77539 0.2770
2449280.77686 0.2764
2449280.77881 0.2697
2449284.75928 0.2826
2449284.76074 0.2771
2449284.76221 0.2807
2449297.70801 0.2838
2449297.70947 0.2690
2449297.71143 0.2784
2449309.64648 0.2643
2449309.64795 0.2781
2449309.64941 0.2709
2449311.62646 0.2831
2449311.62793 0.2873
2449311.62939 0.2840
2449328.60791 0.2599
2449328.60938 0.2651
2449328.61035 0.2676
2449331.60449 0.2822
2449331.60596 0.2822
2449331.60693 0.2885
2449342.60596 0.2622
2449342.60791 0.2528
2449342.60938 0.2527
2449359.60791 0.2584
2449359.60889 0.2628
2449359.61035 0.2558
2449361.59131 0.2662
2449361.59277 0.2637
2449361.59375 0.2719
2449365.60107 0.2840
2449365.60254 0.2833
2449365.60352 0.2813
2449580.91357 0.2747
2449580.91455 0.2768
2449580.91602 0.2957
2449582.86523 0.2734
2449582.86621 0.2838
2449582.86768 0.2756
2449583.86328 0.2593
2449583.86475 0.2737
2449583.86572 0.2586
2449585.90576 0.2982
2449585.90723 0.2813
2449585.90820 0.2853
2449588.88379 0.2673
2449588.88525 0.2831
2449588.88623 0.2802
2449600.86475 0.2908
2449600.86621 0.2467
2449600.86719 0.2799
2449602.82812 0.2823
2449602.82959 0.2702
2449602.83057 0.2898
2449606.82959 0.2830
2449606.83057 0.2976
2449606.83203 0.2955
2449609.78955 0.2864
2449609.79053 0.2922
2449609.79199 0.2802
2449611.84619 0.2996
2449611.84717 0.3035
2449611.84863 0.2925
2449614.78027 0.2931
2449614.78174 0.2895
2449614.78271 0.2993
2449616.83643 0.2771
2449616.83740 0.2793
2449616.83887 0.2635
2449621.75488 0.2677
2449621.75635 0.2767
2449621.75732 0.2585
2449625.76514 0.2714
2449625.76611 0.2911
2449625.76758 0.2718
2449628.78613 0.2912
2449628.78760 0.2853
2449628.78857 0.2902
2449633.77539 0.3097
2449633.77686 0.2759
2449633.77881 0.2802
2449635.79297 0.2899
2449635.79443 0.2828
2449635.79541 0.2925
2449637.74854 0.2613
2449637.74951 0.2687
2449637.75098 0.2615
2449639.78320 0.2651
2449639.78467 0.2575
2449639.78564 0.2702
2449643.74365 0.2852
2449643.74512 0.2999
2449643.74609 0.2926
2449646.76514 0.2641
2449646.76660 0.2817
2449646.76758 0.2552
2449648.72559 0.2718
2449648.72705 0.2849
2449648.72803 0.2843
2449651.73096 0.2720
2449651.73193 0.2875
2449651.73340 0.3149
2449653.73535 0.2684
2449653.73633 0.2738
2449653.73779 0.2737
2449656.71729 0.2731
2449656.71875 0.2763
2449656.71973 0.2768
2449661.70410 0.2904
2449661.70557 0.2794
2449661.70654 0.2720
2449663.71436 0.2772
2449663.71533 0.2708
2449663.71680 0.2726
2449670.70557 0.2904
2449670.70703 0.3033
2449670.70801 0.3073
2449677.71289 0.2876
2449677.71387 0.2999
2449677.71484 0.2912
2449680.66748 0.2734
2449680.66846 0.2764
2449680.66943 0.2718
2449687.64990 0.2819
2449687.65088 0.2892
2449687.65234 0.2946
2449689.65234 0.2683
2449689.65332 0.2501
2449689.65479 0.2710
2449694.60254 0.2823
2449694.60352 0.2813
2449694.60449 0.2771
2449696.59180 0.3002
2449696.59277 0.2879
2449696.59375 0.2783
2449704.61719 0.2875
2449704.61816 0.2905
2449704.61963 0.2793
