2443676.80000 0.1971
2444005.80000 0.2051
2444778.72900 0.1799
2444778.73102 0.1757
2444778.73297 0.1662
2448800.69824 0.1731
2448800.70020 0.1746
2448800.70166 0.1722
2448820.72900 0.1780
2448820.73047 0.1758
2448820.73193 0.1737
2449058.92725 0.1741
2449058.93115 0.1736
2449058.93506 0.1765
2449068.94043 0.1819
2449068.94336 0.1753
2449068.94580 0.1738
2449090.88281 0.1714
2449090.88623 0.1687
2449090.88965 0.1687
2449102.88623 0.1708
2449102.89014 0.1695
2449102.89355 0.1831
2449137.76074 0.1732
2449137.76221 0.1785
2449137.76416 0.1758
2449150.73438 0.1791
2449150.73584 0.1836
2449150.73730 0.1848
2449160.73096 0.1770
2449160.73389 0.1796
2449160.73633 0.1762
2449421.93555 0.1732
2449421.93652 0.1744
2449421.93799 0.1665
2449434.87305 0.1666
2449434.87402 0.1718
2449434.87549 0.1710
2449440.90088 0.1690
2449440.90186 0.1690
2449440.90332 0.1718
2449443.90088 0.1740
2449443.90186 0.1715
2449443.90332 0.1733
2449455.83643 0.1753
2449455.83740 0.1712
2449455.83887 0.1606
2449463.86621 0.1737
2449463.86719 0.1660
2449463.86816 0.1626
2449472.80029 0.1622
2449472.80273 0.1658
2449472.80469 0.1683
2449475.77979 0.1668
2449475.78125 0.1701
2449475.78223 0.1649
2449485.79102 0.1753
2449485.79248 0.1782
2449485.79395 0.1696
2449494.78564 0.1716
2449494.78711 0.1772
2449494.78809 0.1736
2449504.75781 0.1690
2449504.75879 0.1728
2449504.75977 0.1734
2449511.76660 0.1673
2449511.76758 0.1680
2449511.76855 0.1718
2449518.80762 0.1754
2449518.80957 0.1732
2449518.81104 0.1740
2449525.75586 0.1729
2449525.75732 0.1776
2449525.75830 0.1785
2449819.88867 0.1582
2449819.89014 0.1602
2449819.89209 0.1577
2449882.71973 0.1790
2449882.72119 0.1758
2449882.72217 0.1793
