45536.99000 0.4720
45536.99100 0.4910
45536.99200 0.4921
46666.98853 0.4838
46666.98975 0.4808
46666.99097 0.5010
46736.81055 0.4884
46736.81323 0.4732
46736.81543 0.4990
46803.61426 0.5039
46803.61694 0.5002
46803.61963 0.4908
47034.96094 0.4790
47034.96191 0.4701
47034.96265 0.4809
47053.91675 0.4761
47053.91772 0.4879
47053.91870 0.4833
47084.88013 0.4602
47084.88110 0.4652
47084.88184 0.4579
47118.79932 0.4439
47118.80029 0.4413
47118.80103 0.4514
47149.69556 0.4710
47149.69653 0.4663
47149.69751 0.4526
47191.66528 0.4857
47191.66724 0.4784
47191.66919 0.4702
47191.67188 0.4732
47456.87305 0.4839
47456.87427 0.4788
47456.87549 0.4768
47508.72534 0.4770
47508.72656 0.5124
47508.72778 0.4836
47783.93140 0.4988
47783.93286 0.5029
47783.93408 0.5013
47845.75269 0.4644
47845.75391 0.4750
47845.75488 0.4758
48906.83008 0.5753
48906.83154 0.5759
48906.83350 0.5722
49269.87158 0.5426
49269.87305 0.5368
49269.87451 0.5375
49298.77539 0.4981
49298.77686 0.5100
49298.77832 0.4956
49329.70312 0.4929
49329.70459 0.4982
49329.70605 0.4859
49363.63965 0.4955
49363.64062 0.5010
49363.64209 0.4940
49615.83496 0.5390
49615.83594 0.5357
49615.83691 0.5358
49635.86963 0.5677
49635.87061 0.5511
49635.87207 0.5859
49696.72021 0.5457
49696.72119 0.5428
49696.72266 0.5365
