2439195.80000 0.1666
2439197.80000 0.1790
2439596.80000 0.1587
2439666.80000 0.1650
2439667.80000 0.1704
2439979.80000 0.1665
2440045.80000 0.1617
2440046.80000 0.1591
2440047.80000 0.1574
2440048.80000 0.1649
2440284.80000 0.1799
2440285.80000 0.1713
2440312.80000 0.1680
2440340.80000 0.1598
2440404.80000 0.1597
2440405.80000 0.1620
2440407.80000 0.1655
2440661.80000 0.1715
2440662.80000 0.1648
2440663.80000 0.1690
2440664.80000 0.1646
2440665.80000 0.1636
2440685.80000 0.1648
2440686.80000 0.1649
2440687.80000 0.1620
2440688.80000 0.1656
2440725.80000 0.1645
2440726.80000 0.1617
2440727.80000 0.1562
2440728.80000 0.1633
2440729.80000 0.1628
2440760.80000 0.1597
2440761.80000 0.1651
2440762.80000 0.1711
2441026.80000 0.1618
2441027.80000 0.1694
2441050.80000 0.1611
2441051.80000 0.1695
2441052.80000 0.1638
2441053.80000 0.1576
2441083.80000 0.1616
2441084.80000 0.1690
2441085.80000 0.1602
2441113.80000 0.1658
2441114.80000 0.1583
2441398.80000 0.1602
2441399.80000 0.1630
2441400.80000 0.1658
2441401.80000 0.1640
2441428.80000 0.1573
2441429.80000 0.1586
2441430.80000 0.1560
2441459.80000 0.1588
2441460.80000 0.1605
2441461.80000 0.1600
2441487.80000 0.1614
2441502.80000 0.1645
2441503.80000 0.1614
2441763.80000 0.1626
2441764.80000 0.1681
2441765.80000 0.1641
2441787.80000 0.1681
2441788.80000 0.1609
2441819.80000 0.1621
2441820.80000 0.1612
2441821.80000 0.1635
2441822.80000 0.1622
2441835.80000 0.1563
2441836.80000 0.1661
2441886.80000 0.1634
2442087.80000 0.1605
2442109.80000 0.1624
2442110.80000 0.1681
2442147.80000 0.1632
2442148.80000 0.1594
2442166.80000 0.1630
2442167.80000 0.1587
2442168.80000 0.1616
2442169.80000 0.1576
2442208.80000 0.1534
2442210.80000 0.1597
2442218.80000 0.1565
2442219.80000 0.1597
2442220.80000 0.1719
2442467.80000 0.1587
2442468.80000 0.1637
2442469.80000 0.1589
2442470.80000 0.1632
2442557.80000 0.1617
2442558.80000 0.1623
2442559.80000 0.1689
2442560.80000 0.1610
2442590.80000 0.1575
2442591.80000 0.1652
2442592.80000 0.1601
2442819.80000 0.1639
2442820.80000 0.1605
2442849.80000 0.1617
2442885.80000 0.1644
2442910.80000 0.1621
2442911.80000 0.1581
2442912.80000 0.1568
2442913.80000 0.1660
2442940.80000 0.1625
2442973.80000 0.1607
2442974.80000 0.1632
2442975.80000 0.1611
2443204.80000 0.1628
2443205.80000 0.1641
2443206.80000 0.1611
2443236.80000 0.1602
2443236.80000 0.1645
2443237.80000 0.1625
2443237.80000 0.1635
2443238.80000 0.1565
2443238.80000 0.1663
2443239.80000 0.1548
2443254.80000 0.1654
2443255.80000 0.1559
2443256.80000 0.1694
2443256.80000 0.1613
2443257.80000 0.1899
2443257.80000 0.1643
2443294.80000 0.1566
2443295.80000 0.1610
2443296.80000 0.1564
2443297.80000 0.1660
2443629.80000 0.1585
2443663.80000 0.1595
2443664.80000 0.1608
2443676.80000 0.1734
2443703.80000 0.1634
2443704.80000 0.1598
2443898.80000 0.1674
2443982.80000 0.1639
2443983.80000 0.1807
2443984.80000 0.1700
2443998.80000 0.1430
2444003.80000 0.1657
2444004.80000 0.1665
2444024.80000 0.1649
2444050.80000 0.1623
2444278.80000 0.1664
2444657.98499 0.1697
2444657.98700 0.1665
2444657.98901 0.1591
2444671.96997 0.1643
2444671.97302 0.1641
2444671.97498 0.1592
2444672.93500 0.1667
2444672.93903 0.1618
2444672.94202 0.1660
2444673.93298 0.1669
2444673.93500 0.1618
2444673.93701 0.1615
2444678.95502 0.1606
2444678.95697 0.1636
2444678.95801 0.1663
2444692.90698 0.1639
2444692.90997 0.1626
2444692.91400 0.1673
2444699.88898 0.1699
2444699.89203 0.1689
2444699.89600 0.1697
2444700.89801 0.1671
2444700.90100 0.1699
2444700.90399 0.1712
2444702.84601 0.1696
2444702.85199 0.1679
2444702.85797 0.1719
2444703.85699 0.1700
2444703.85901 0.1750
2444703.86102 0.1643
2444705.92102 0.1899
2444705.92297 0.1691
2444705.92499 0.1625
2444707.90002 0.1675
2444707.90302 0.1621
2444707.90601 0.1615
2444708.88898 0.1691
2444708.89099 0.1723
2444708.89301 0.1639
2444709.85101 0.1758
2444709.85199 0.1610
2444709.85400 0.1621
2444717.80902 0.1654
2444717.81097 0.1676
2444717.81299 0.1609
2444718.83099 0.1633
2444718.83301 0.1683
2444718.83502 0.1655
2444719.82800 0.1690
2444719.82898 0.1656
2444719.83099 0.1652
2444732.79797 0.1728
2444732.79999 0.1695
2444732.80200 0.1701
2444733.77899 0.1753
2444733.78003 0.1686
2444733.78198 0.1659
2444734.78003 0.1721
2444734.78198 0.1684
2444734.78400 0.1666
2444735.77502 0.1674
2444735.77698 0.1640
2444735.77899 0.1640
2444736.80103 0.1623
2444736.80298 0.1594
2444736.80402 0.1712
2444737.79602 0.1665
2444737.79700 0.1685
2444737.79901 0.1674
2444738.78101 0.1647
2444738.78198 0.1614
2444738.78400 0.1552
2444741.81598 0.1619
2444741.81897 0.1744
2444741.82202 0.1710
2444742.77002 0.1576
2444742.77100 0.1748
2444742.77301 0.1677
2444746.79102 0.1648
2444746.79303 0.1652
2444746.79498 0.1673
2444747.79797 0.1677
2444747.79999 0.1707
2444747.80298 0.1612
2444753.76099 0.1708
2444753.76300 0.1773
2444753.76501 0.1635
2444754.76300 0.1705
2444754.76599 0.1678
2444754.76703 0.1680
2444755.77197 0.1808
2444755.77399 0.1665
2444755.77698 0.1651
2444756.76398 0.1651
2444756.76599 0.1621
2444756.76801 0.1612
2444757.76801 0.1640
2444757.77002 0.1675
2444757.77197 0.1598
2444759.76703 0.1682
2444759.76898 0.1682
2444759.77100 0.1655
2444760.75800 0.1705
2444760.76001 0.1718
2444760.76202 0.1657
2444761.75897 0.1633
2444761.76099 0.1626
2444761.76300 0.1536
2444762.76703 0.1696
2444762.76801 0.1648
2444762.77002 0.1689
2444781.69000 0.1632
2444781.69202 0.1582
2444781.69299 0.1527
2444782.70599 0.1774
2444782.70801 0.1744
2444782.71002 0.1739
2444784.70203 0.1711
2444784.70398 0.1643
2444784.70502 0.1655
2444785.70697 0.1782
2444785.70898 0.1629
2444785.71002 0.1625
2444793.71100 0.1614
2444793.71301 0.1566
2444793.71503 0.1564
2444794.71503 0.1712
2444794.71698 0.1678
2444794.71899 0.1678
2444795.69702 0.1610
2444795.69800 0.1660
2444795.70001 0.1677
2444796.69299 0.1510
2444796.69598 0.1586
2444796.69800 0.1631
2444797.70203 0.1669
2444797.70398 0.1601
2444797.70599 0.1588
2444798.68701 0.1599
2444798.68799 0.1644
2444798.69000 0.1569
2444802.70801 0.1612
2444802.71100 0.1654
2444802.71301 0.1705
2444803.74500 0.1627
2444803.74799 0.1581
2444803.75098 0.1609
2444804.70099 0.1681
2444804.70398 0.1668
2444804.70697 0.1707
2444805.69000 0.1696
2444805.69202 0.1661
2444805.69397 0.1643
2444806.71399 0.1775
2444806.71600 0.1640
2444806.71899 0.1882
2444807.69098 0.1613
2444807.69397 0.1562
2444807.69598 0.1569
2444808.71100 0.1625
2444808.71301 0.1720
2444808.71600 0.1683
2444987.04999 0.1662
2444987.05200 0.1693
2444987.05499 0.1657
2444994.01099 0.1707
2444994.01300 0.1801
2444994.01599 0.1782
2444996.02301 0.1737
2444996.02698 0.1735
2444996.03003 0.1727
2445000.01099 0.1669
2445000.01398 0.1530
2445000.01703 0.1594
2445001.00000 0.1587
2445001.00201 0.1626
2445001.00403 0.1580
2445003.01300 0.1678
2445003.01501 0.1490
2445003.01703 0.1620
2445003.99701 0.1552
2445003.99902 0.1683
2445004.00098 0.1677
2445019.97803 0.1606
2445019.98102 0.1733
2445019.98401 0.1656
2445020.96002 0.1707
2445020.96198 0.1659
2445020.96399 0.1719
2445021.97302 0.1640
2445021.97498 0.1628
2445021.97699 0.1681
2445026.99304 0.1723
2445026.99500 0.1732
2445026.99695 0.1812
2445028.97095 0.1741
2445028.97400 0.1743
2445028.97595 0.1611
2445048.93396 0.1673
2445048.93701 0.1551
2445048.94104 0.1591
2445049.93604 0.1688
2445049.93799 0.1727
2445049.94104 0.1650
2445050.96106 0.1661
2445050.96399 0.1649
2445050.96704 0.1607
2445052.91699 0.1600
2445052.92004 0.1639
2445052.92200 0.1560
2445059.95801 0.1635
2445059.96106 0.1707
2445059.96497 0.1662
2445077.85303 0.1675
2445077.85596 0.1671
2445077.85999 0.1759
2445078.84094 0.1717
2445078.84399 0.1702
2445078.84802 0.1755
2445079.87097 0.1593
2445079.87402 0.1665
2445079.87598 0.1610
2445081.82898 0.1648
2445081.83203 0.1614
2445081.83398 0.1715
2445082.77795 0.1725
2445082.78003 0.1643
2445082.78296 0.1576
2445083.84302 0.1702
2445083.84595 0.1640
2445083.84900 0.1685
2445084.89294 0.1862
2445084.89600 0.1766
2445084.89905 0.1725
2445087.79395 0.1619
2445087.79700 0.1660
2445087.80005 0.1597
2445088.81995 0.1604
2445088.82397 0.1597
2445088.82703 0.1585
2445089.81897 0.1677
2445089.82202 0.1667
2445089.82397 0.1655
2445091.82898 0.1641
2445091.83203 0.1705
2445091.83398 0.1691
2445092.77295 0.1515
2445092.77502 0.1680
2445092.77698 0.1589
2445093.79797 0.1531
2445093.80005 0.1519
2445093.80200 0.1585
2445095.83496 0.1723
2445095.83704 0.1649
2445095.83899 0.1634
2445096.75403 0.1586
2445096.75696 0.1653
2445096.75903 0.1708
2445097.78296 0.1555
2445097.78699 0.1541
2445097.79004 0.1682
2445103.74402 0.1720
2445103.74695 0.1670
2445103.74902 0.1588
2445105.76404 0.1620
2445105.76697 0.1656
2445105.77002 0.1684
2445106.78601 0.1670
2445106.78796 0.1679
2445106.79102 0.1574
2445107.76599 0.1691
2445107.76904 0.1686
2445107.77197 0.1818
2445109.75806 0.1686
2445109.76099 0.1650
2445109.76404 0.1686
2445110.76196 0.1657
2445110.76404 0.1722
2445110.76599 0.1655
2445111.84302 0.1560
2445111.84595 0.1644
2445111.84802 0.1565
2445112.77002 0.1678
2445112.77295 0.1574
2445112.77600 0.1610
2445113.78796 0.1691
2445113.79004 0.1645
2445113.79199 0.1791
2445114.73499 0.1683
2445114.73804 0.1643
2445114.74097 0.1679
2445118.78003 0.1665
2445118.78198 0.1677
2445118.78503 0.1743
2445120.75696 0.1717
2445120.75806 0.1651
2445120.76001 0.1656
2445121.78406 0.1628
2445121.78601 0.1626
2445121.78796 0.1658
2445122.75098 0.1769
2445122.75195 0.1670
2445122.75305 0.1672
2445124.73706 0.1572
2445124.73901 0.1633
2445124.73999 0.1621
2445125.77405 0.1570
2445125.77600 0.1548
2445125.77905 0.1580
2445126.75195 0.1650
2445126.75403 0.1665
2445126.75696 0.1628
2445128.74805 0.1756
2445128.75098 0.1780
2445128.75403 0.1672
2445129.75000 0.1660
2445129.75195 0.1611
2445129.75500 0.1658
2445130.71204 0.1657
2445130.71497 0.1637
2445130.71802 0.1611
2445131.71204 0.1659
2445131.71399 0.1628
2445131.71594 0.1642
2445132.72595 0.1658
2445132.72803 0.1665
2445133.75696 0.1717
2445133.75903 0.1671
2445133.76196 0.1667
2445134.73901 0.1771
2445134.74194 0.1527
2445134.74402 0.1815
2445135.75403 0.1648
2445135.75598 0.1602
2445135.75806 0.1696
2445136.73804 0.1699
2445136.73999 0.1725
2445136.74304 0.1699
2445137.74304 0.1720
2445137.74500 0.1621
2445137.74695 0.1773
2445139.77502 0.1688
2445139.77698 0.1748
2445139.77905 0.1622
2445140.75903 0.1629
2445140.76099 0.1634
2445140.76196 0.1744
2445141.77600 0.1709
2445141.77795 0.1668
2445141.78003 0.1786
2445142.77100 0.1654
2445142.77295 0.1695
2445142.77502 0.1741
2445143.71106 0.1628
2445143.71301 0.1690
2445143.71497 0.1671
2445145.69995 0.1560
2445145.70105 0.1739
2445145.70300 0.1696
2445152.71106 0.1686
2445152.71301 0.1628
2445152.71497 0.1751
2445154.68201 0.1690
2445154.68506 0.1714
2445154.68701 0.1668
2445156.71704 0.1726
2445156.71899 0.1714
2445156.72095 0.1771
2445157.70203 0.1625
2445157.70300 0.1572
2445157.70496 0.1683
2445158.68896 0.1703
2445158.69104 0.1632
2445158.69299 0.1722
2445160.70496 0.1680
2445160.70801 0.1663
2445160.71106 0.1710
2445161.70605 0.1732
2445161.70801 0.1693
2445161.70996 0.1691
2445163.69299 0.1765
2445163.69604 0.1721
2445163.69800 0.1792
2445165.66602 0.1728
2445165.66699 0.1712
2445165.66895 0.1648
2445167.67102 0.1680
2445167.67200 0.1657
2445167.67395 0.1626
2445168.68298 0.1698
2445168.68506 0.1706
2445168.68604 0.1589
2445170.66602 0.1665
2445170.66797 0.1670
2445170.66895 0.1695
2445171.67603 0.1678
2445171.67700 0.1661
2445171.67896 0.1728
2445173.67297 0.1704
2445173.67505 0.1586
2445173.67700 0.1733
2445174.65906 0.1591
2445174.66101 0.1647
2445174.66199 0.1654
2445176.66101 0.1675
2445176.66296 0.1626
2445176.66504 0.1658
2445347.03894 0.1633
2445347.04004 0.1616
2445347.04199 0.1695
2445349.05505 0.1705
2445349.05603 0.1673
2445349.05798 0.1680
2445350.04797 0.1673
2445350.05005 0.1659
2445350.05103 0.1597
2445367.05005 0.1627
2445367.05103 0.1650
2445367.05298 0.1666
2445380.04004 0.1612
2445380.04199 0.1647
2445380.04504 0.1706
2445381.01794 0.1760
2445381.02002 0.1681
2445381.02197 0.1701
2445382.00000 0.1705
2445382.00403 0.1675
2445382.00696 0.1638
2445382.98901 0.1589
2445382.98999 0.1635
2445382.99194 0.1637
2445385.99902 0.1652
2445386.00098 0.1677
2445386.00403 0.1656
2445386.93506 0.1661
2445386.93701 0.1587
2445386.93896 0.1656
2445398.96399 0.1719
2445398.96594 0.1698
2445398.96802 0.1660
2445401.95703 0.1674
2445401.95996 0.1705
2445401.96399 0.1747
2445402.86902 0.1598
2445402.87097 0.1647
2445402.87305 0.1618
2445406.96899 0.1672
2445406.97095 0.1663
2445406.97400 0.1642
2445409.96106 0.1712
2445409.96301 0.1834
2445409.96594 0.1674
2445419.82898 0.1643
2445419.83203 0.1662
2445419.83398 0.1628
2445422.93896 0.1625
2445422.94299 0.1602
2445422.94604 0.1684
2445423.93201 0.1664
2445423.93506 0.1597
2445423.93701 0.1592
2445424.90601 0.1664
2445424.90796 0.1671
2445424.91003 0.1613
2445425.93701 0.1697
2445425.93994 0.1654
2445425.94299 0.1727
2445426.82800 0.1661
2445426.82996 0.1658
2445426.83203 0.1638
2445429.90796 0.1666
2445429.91199 0.1669
2445429.91602 0.1580
2445430.95300 0.1696
2445430.95703 0.1707
2445430.95996 0.1766
2445431.85205 0.1629
2445431.85596 0.1721
2445431.85901 0.1702
2445432.92395 0.1653
2445432.92700 0.1619
2445432.93005 0.1657
2445433.92700 0.1668
2445433.92896 0.1645
2445433.93201 0.1698
2445437.93994 0.1613
2445437.94299 0.1624
2445437.94604 0.1626
2445438.82605 0.1642
2445438.82800 0.1629
2445438.82996 0.1637
2445439.82202 0.1674
2445439.82397 0.1697
2445439.82703 0.1679
2445440.80603 0.1622
2445440.80896 0.1639
2445440.81104 0.1697
2445447.79504 0.1651
2445447.79700 0.1591
2445447.79895 0.1644
2445449.92896 0.1685
2445449.93298 0.1685
2445449.93701 0.1660
2445457.76599 0.1640
2445457.76794 0.1663
2445457.77100 0.1646
2445476.74194 0.1716
2445476.74402 0.1600
2445476.74597 0.1626
2445477.74500 0.1605
2445477.74597 0.1733
2445477.74805 0.1671
2445478.71802 0.1701
2445478.71899 0.1725
2445478.71997 0.1629
2445479.75195 0.1700
2445479.75305 0.1723
2445479.75500 0.1690
2445480.72095 0.1662
2445480.72302 0.1723
2445480.72400 0.1619
2445481.77795 0.1639
2445481.78003 0.1668
2445481.78101 0.1636
2445482.71899 0.1652
2445482.71997 0.1694
2445482.72498 0.1652
2445484.75500 0.1574
2445484.75696 0.1636
2445484.75806 0.1599
2445485.74402 0.1638
2445485.74597 0.1637
2445485.74902 0.1679
2445489.74500 0.1691
2445489.74700 0.1665
2445489.74900 0.1705
2445491.74200 0.1576
2445491.74400 0.1682
2445491.74500 0.1658
2445492.71100 0.1688
2445492.71200 0.1654
2445492.71400 0.1699
2445493.75700 0.1675
2445493.75800 0.1624
2445493.76000 0.1774
2445494.74200 0.1652
2445494.74400 0.1631
2445494.74500 0.1668
2445496.71800 0.1838
2445496.72100 0.1682
2445496.72400 0.1813
2445498.68800 0.1726
2445498.69000 0.1679
2445498.69200 0.1718
2445499.71900 0.1624
2445499.72100 0.1741
2445499.72300 0.1646
2445501.73200 0.1656
2445501.73400 0.1616
2445501.73500 0.1611
2445503.73400 0.1676
2445503.73500 0.1720
2445503.73600 0.1785
2445504.73000 0.1740
2445504.73200 0.1712
2445504.73300 0.1706
2445505.68300 0.1688
2445505.68500 0.1681
2445505.68600 0.1694
2445506.72200 0.1659
2445506.72400 0.1718
2445506.72600 0.1754
2445508.73600 0.1689
2445508.73800 0.1747
2445508.74000 0.1658
2445510.70800 0.1702
2445510.70900 0.1682
2445510.71000 0.1705
2445511.72200 0.1668
2445511.72300 0.1644
2445511.72400 0.1730
2445514.67300 0.1623
2445514.67500 0.1701
2445514.67600 0.1649
2445517.67700 0.1654
2445517.67900 0.1673
2445517.68200 0.1690
2445518.67600 0.1605
2445518.67800 0.1577
2445518.67900 0.1674
2445519.67700 0.1652
2445519.67900 0.1666
2445519.68000 0.1694
2445520.74900 0.1730
2445520.75100 0.1663
2445520.75300 0.1591
2445544.68900 0.1645
2445544.69100 0.1681
2445544.69300 0.1737
2445553.68300 0.1790
2445553.68600 0.1811
2445553.68800 0.1802
2445728.01400 0.1648
2445728.01700 0.1675
2445728.02000 0.1646
2445739.03300 0.1742
2445739.03600 0.1645
2445739.03900 0.1728
2445757.97600 0.1664
2445757.97800 0.1644
2445757.98000 0.1652
2445766.00600 0.1594
2445766.00800 0.1645
2445766.01000 0.1607
2445769.05300 0.1633
2445769.05700 0.1608
2445769.06200 0.1652
2445782.92900 0.1660
2445782.93100 0.1636
2445782.93300 0.1617
2445788.90271 0.1667
2445788.90613 0.1668
2445788.90967 0.1600
2445794.95984 0.1548
2445794.96204 0.1647
2445794.96399 0.1648
2445802.93616 0.1554
2445802.93909 0.1598
2445802.94250 0.1579
2445812.84900 0.1610
2445812.85200 0.1619
2445812.85500 0.1618
2445827.80200 0.1663
2445827.80400 0.1636
2445827.80600 0.1656
2445837.77917 0.1608
2445837.78113 0.1667
2445837.78308 0.1639
2445843.77832 0.1586
2445843.78040 0.1579
2445843.78247 0.1626
2445849.79041 0.1624
2445849.79211 0.1611
2445849.79382 0.1675
2445861.78650 0.1655
2445861.78931 0.1717
2445861.79138 0.1655
2445867.78650 0.1706
2445867.78979 0.1666
2445867.79272 0.1720
2445872.71863 0.1604
2445872.72034 0.1699
2445872.72229 0.1650
2445877.72388 0.1705
2445877.72607 0.1686
2445877.72803 0.1668
2445884.73645 0.1655
2445884.73840 0.1726
2445884.74072 0.1829
2445887.70508 0.1691
2445887.70691 0.1652
2445887.70886 0.1648
2445889.71790 0.1661
2445889.72168 0.1543
2445889.72546 0.1577
2445891.71118 0.1698
2445891.71338 0.1648
2445891.71570 0.1735
2445893.75562 0.1830
2445893.75854 0.1742
2445893.76111 0.1649
2445912.70117 0.1709
2445912.70288 0.1676
2445912.70447 0.1731
2446124.96753 0.1707
2446124.96997 0.1710
2446124.97290 0.1719
2446145.99121 0.1648
2446145.99365 0.1660
2446145.99634 0.1723
2446179.86353 0.1642
2446179.86792 0.1612
2446179.87109 0.1622
2446272.67212 0.1616
2446272.67310 0.1666
2446272.67407 0.1764
2446484.01294 0.1632
2446484.01440 0.1643
2446484.01636 0.1656
2446489.01807 0.1667
2446489.01978 0.1631
2446489.02124 0.1688
2446529.92236 0.1614
2446529.92432 0.1575
2446529.92603 0.1592
2446565.87646 0.1789
2446565.88135 0.1641
2446565.88623 0.1808
2446594.73828 0.1715
2446594.74243 0.1675
2446594.74463 0.1628
2446628.69873 0.1691
2446628.70117 0.1660
2446628.70361 0.1678
2446855.04883 0.1666
2446855.05200 0.1588
2446855.05566 0.1621
2446859.04932 0.1818
2446859.05542 0.1706
2446859.05957 0.1651
2446865.04810 0.1687
2446865.05176 0.1719
2446865.05591 0.1671
2446872.01587 0.1658
2446872.02026 0.1622
2446872.02441 0.1623
2446877.99438 0.1820
2446877.99927 0.1740
2446878.00366 0.1738
2446882.91309 0.1650
2446882.91992 0.1640
2446882.92676 0.1720
2446891.92920 0.1624
2446891.93262 0.1588
2446891.93604 0.1670
2446895.92041 0.1595
2446895.92407 0.1672
2446895.92749 0.1604
2446898.93188 0.1616
2446898.93530 0.1660
2446898.93872 0.1644
2446902.88086 0.1713
2446902.88428 0.1633
2446902.88745 0.1564
2446906.90381 0.1714
2446906.90747 0.1732
2446906.91162 0.1626
2446920.87329 0.1665
2446920.87671 0.1676
2446920.88037 0.1694
2446932.80225 0.1702
2446932.80566 0.1721
2446932.80957 0.1733
2446948.79932 0.1740
2446948.80396 0.1745
2446948.80884 0.1633
2446951.77222 0.1532
2446951.77612 0.1529
2446951.78003 0.1514
2446956.75122 0.1613
2446956.75562 0.1622
2446956.75977 0.1629
2446959.75122 0.1723
2446959.75488 0.1713
2446959.75854 0.1763
2446964.72729 0.1693
2446964.73071 0.1617
2446964.73413 0.1755
2446967.74658 0.1721
2446967.75098 0.1668
2446967.75513 0.1717
2446987.69946 0.1614
2446987.70386 0.1667
2446987.70825 0.1659
2446996.69141 0.1626
2446996.69604 0.1750
2447006.70923 0.1742
2447006.71265 0.1666
2447006.71631 0.1700
2447200.00342 0.1621
2447200.00464 0.1692
2447200.00586 0.1644
2447235.00562 0.1675
2447235.00732 0.1637
2447235.00903 0.1621
2447275.88086 0.1642
2447275.88257 0.1641
2447275.88452 0.1664
2447297.80518 0.1586
2447297.80615 0.1680
2447297.80713 0.1713
2447327.74536 0.1636
2447327.74658 0.1743
2447327.74756 0.1682
2447357.70337 0.1654
2447357.70435 0.1642
2447357.70532 0.1654
2447573.97168 0.1656
2447573.97363 0.1587
2447573.97583 0.1602
2447598.92505 0.1701
2447598.92773 0.1666
2447598.93091 0.1703
2447634.86670 0.1587
2447634.86914 0.1671
2447634.87134 0.1603
2447644.82642 0.1697
2447644.82983 0.1718
2447644.83252 0.1623
2447664.84570 0.1739
2447664.84912 0.1727
2447664.85327 0.1627
2447671.78223 0.1689
2447671.78589 0.1764
2447671.79028 0.1749
2447676.75854 0.1636
2447676.76270 0.1669
2447676.76685 0.1622
2447688.73804 0.1686
2447688.73999 0.1681
2447688.74170 0.1732
2447715.68188 0.1701
2447715.68311 0.1661
2447715.68433 0.1676
2447974.93286 0.1629
2447974.93408 0.1653
2447974.93530 0.1719
2448273.97314 0.1851
2448273.97949 0.1828
2448273.98877 0.1855
2448346.98828 0.1705
2448346.99023 0.1667
2448346.99219 0.1704
2448375.87842 0.1707
2448375.87988 0.1682
2448375.88184 0.1710
2448393.78418 0.1675
2448393.78662 0.1674
2448393.78906 0.1725
2448395.78662 0.1698
2448395.78857 0.1709
2448395.79004 0.1662
2448399.80225 0.1710
2448399.80469 0.1734
2448399.80713 0.1733
2448401.79785 0.1680
2448401.79980 0.1679
2448401.80127 0.1746
2448404.80127 0.1680
2448404.80371 0.1752
2448404.80566 0.1733
2448406.80078 0.1756
2448406.80371 0.1796
2448406.80713 0.1769
2448427.73486 0.1656
2448427.73730 0.1694
2448427.73926 0.1697
2448430.74268 0.1692
2448430.74512 0.1710
2448430.74707 0.1682
2448449.68213 0.1715
2448449.68408 0.1772
2448449.68604 0.1735
2448451.68604 0.1819
2448451.68750 0.1745
2448451.68896 0.1741
2448693.92725 0.1658
2448693.93066 0.1743
2448693.93359 0.1653
2448695.97217 0.1667
2448695.97754 0.1613
2448695.98242 0.1643
2448697.96387 0.1644
2448697.96973 0.1598
2448697.97559 0.1702
2448720.85059 0.1759
2448720.85645 0.1726
2448720.86182 0.1786
2448722.85840 0.1735
2448722.86523 0.1614
2448722.87061 0.1731
2448729.87158 0.1728
2448729.87305 0.1686
2448729.87451 0.1697
2448731.86816 0.1698
2448731.87012 0.1693
2448731.87158 0.1722
2448740.88428 0.1714
2448740.88574 0.1757
2448740.88770 0.1743
2448743.87451 0.1676
2448743.87646 0.1707
2448743.87842 0.1703
2448750.75244 0.1684
2448750.75439 0.1691
2448750.75586 0.1738
2448755.86230 0.1657
2448755.86426 0.1684
2448755.86621 0.1650
2448757.79297 0.1724
2448757.79443 0.1751
2448757.79590 0.1683
2448759.81494 0.1668
2448759.81641 0.1720
2448759.81885 0.1722
2448761.77344 0.1727
2448761.77490 0.1690
2448761.77686 0.1658
2448771.83057 0.1663
2448771.83203 0.1632
2448771.83350 0.1642
2448775.76660 0.1712
2448775.76807 0.1748
2448775.76953 0.1710
2448781.77783 0.1699
2448781.77930 0.1724
2448781.78027 0.1697
2448783.80371 0.1729
2448783.80518 0.1699
2448783.80664 0.1705
2448786.77637 0.1763
2448786.77783 0.1771
2448786.77930 0.1779
2448788.78467 0.1731
2448788.78613 0.1680
2448788.78760 0.1734
2448791.75146 0.1671
2448791.75244 0.1713
2448791.75391 0.1673
2448794.74219 0.1724
2448794.74365 0.1713
2448794.74512 0.1740
2448800.72510 0.1668
2448800.72705 0.1681
2448800.72900 0.1683
2448820.74121 0.1695
2448820.74219 0.1716
2448820.74365 0.1731
2448831.68359 0.1668
2448831.68457 0.1639
2448831.68604 0.1690
2449057.93604 0.1713
2449057.93896 0.1749
2449057.94238 0.1712
2449068.96924 0.1627
2449068.97168 0.1601
2449068.97461 0.1660
2449090.90381 0.1650
2449090.90723 0.1697
2449090.91162 0.1712
2449097.91162 0.1730
2449097.91406 0.1645
2449097.91650 0.1702
2449106.87549 0.1727
2449106.87744 0.1665
2449106.87939 0.1711
2449126.84961 0.1649
2449126.85205 0.1678
2449126.85449 0.1750
2449138.78320 0.1697
2449138.78516 0.1757
2449138.78760 0.1670
2449151.75732 0.1790
2449151.75928 0.1757
2449151.76123 0.1839
2449180.71143 0.1767
2449180.71436 0.1740
2449180.71680 0.1656
2449415.96582 0.1635
2449415.96729 0.1654
2449415.96826 0.1690
2449426.91553 0.1649
2449426.91650 0.1665
2449426.91748 0.1633
2449434.90088 0.1685
2449434.90186 0.1688
2449434.90332 0.1777
2449440.92334 0.1722
2449440.92480 0.1641
2449440.92578 0.1668
2449444.91602 0.1647
2449444.91699 0.1690
2449444.91846 0.1656
2449455.85303 0.1639
2449455.85400 0.1597
2449455.85547 0.1624
2449463.89111 0.1663
2449463.89209 0.1629
2449463.89355 0.1623
2449474.80762 0.1708
2449474.80908 0.1720
2449474.81006 0.1700
2449485.80811 0.1640
2449485.80957 0.1657
2449485.81055 0.1637
2449496.77441 0.1686
2449496.77539 0.1683
2449496.77686 0.1682
2449504.79150 0.1642
2449504.79248 0.1669
2449504.79346 0.1613
2449511.77734 0.1668
2449511.77881 0.1643
2449511.77979 0.1748
2449519.80566 0.1679
2449519.80664 0.1657
2449519.80811 0.1702
2449526.73828 0.1660
2449526.73975 0.1671
2449526.74072 0.1633
2449552.69043 0.1666
2449552.69189 0.1806
2449552.69287 0.1640
2449559.69287 0.1677
2449559.69385 0.1651
2449559.69482 0.1702
2449807.90381 0.1644
2449807.90576 0.1663
2449807.90820 0.1664
2449858.75000 0.1676
2449858.75146 0.1646
2449858.75244 0.1632
2449881.75146 0.1719
2449881.75293 0.1641
2449881.75391 0.1687
