46107.07373 0.1313
46107.07788 0.1346
46107.08203 0.1393
46107.95068 0.1409
46107.95386 0.1414
46107.95703 0.1361
46108.93872 0.1371
46108.94165 0.1366
46108.94482 0.1309
48797.75000 0.1367
48797.75146 0.1400
48797.75244 0.1387
48821.71143 0.1432
48821.71289 0.1411
48821.71484 0.1398
49058.90723 0.1389
49058.91113 0.1379
49058.91504 0.1345
49067.93604 0.1393
49067.93945 0.1389
49067.94336 0.1387
49088.85352 0.1470
49088.85693 0.1444
49088.85938 0.1398
49099.87109 0.1420
49099.87451 0.1337
49099.87842 0.1419
49103.83398 0.1337
49103.83594 0.1399
49103.83789 0.1362
49116.78223 0.1406
49116.78662 0.1455
49116.79150 0.1507
49126.80225 0.1365
49126.80469 0.1396
49126.80664 0.1370
49136.75537 0.1401
49136.75781 0.1424
49136.76025 0.1381
49152.73047 0.1522
49152.73340 0.1393
49152.73584 0.1352
49156.72607 0.1395
49156.72803 0.1305
49156.72998 0.1382
49159.73584 0.1436
49159.73779 0.1355
49159.74023 0.1329
49408.86230 0.1305
49408.86377 0.1294
49408.86475 0.1270
49415.93311 0.1385
49415.93457 0.1414
49415.93555 0.1406
49420.94482 0.1427
49420.94629 0.1362
49420.94727 0.1375
49425.93750 0.1324
49425.93848 0.1351
49425.93945 0.1374
49434.85254 0.1409
49434.85400 0.1357
49434.85498 0.1380
49438.90771 0.1377
49438.90918 0.1370
49438.91016 0.1351
49442.89258 0.1331
49442.89355 0.1366
49442.89502 0.1368
49443.89062 0.1364
49443.89160 0.1438
49443.89307 0.1360
49447.87695 0.1361
49447.87939 0.1413
49447.88184 0.1426
49454.83447 0.1383
49454.83643 0.1347
49454.83838 0.1414
49457.81592 0.1366
49457.81689 0.1330
49457.81836 0.1333
49461.84766 0.1410
49461.84863 0.1346
49461.85010 0.1341
49464.83105 0.1353
49464.83398 0.1335
49464.83740 0.1378
49474.77686 0.1458
49474.77783 0.1325
49474.77930 0.1383
49477.78174 0.1372
49477.78320 0.1403
49477.78418 0.1376
49481.82520 0.1435
49481.82666 0.1376
49481.82764 0.1368
49484.83350 0.1381
49484.83496 0.1341
49484.83691 0.1378
49488.77100 0.1345
49488.77344 0.1335
49488.77588 0.1381
49493.76562 0.1373
49493.76709 0.1411
49493.76807 0.1415
49496.74512 0.1377
49496.74658 0.1329
49496.74854 0.1398
49499.75781 0.1425
49499.75928 0.1382
49499.76074 0.1455
49502.74365 0.1371
49502.74609 0.1372
49502.74854 0.1338
49505.72510 0.1380
49505.72607 0.1324
49505.72705 0.1360
49509.70947 0.1356
49509.71045 0.1396
49509.71143 0.1332
49512.75244 0.1370
49512.75342 0.1338
49512.75488 0.1344
49516.78418 0.1429
49516.78564 0.1367
49516.78662 0.1322
49519.78564 0.1384
49519.78662 0.1414
49519.78760 0.1396
49524.73438 0.1404
49524.73584 0.1367
49524.73682 0.1391
49527.73291 0.1362
49527.73438 0.1413
49527.73535 0.1410
49530.69043 0.1402
49530.69141 0.1405
49530.69238 0.1333
49541.72266 0.1409
49541.72363 0.1353
49541.72510 0.1392
49547.70557 0.1297
49547.70703 0.1371
49547.70801 0.1406
49768.98291 0.1333
49768.98535 0.1339
49768.98779 0.1306
49774.99902 0.1406
49775.00146 0.1449
49775.00391 0.1363
49804.92432 0.1352
49804.92676 0.1352
49804.92871 0.1330
49819.87305 0.1206
49819.87549 0.1238
49819.87842 0.1190
49855.79248 0.1352
49855.79395 0.1333
49855.79590 0.1317
49864.72168 0.1339
49864.72412 0.1365
49864.72656 0.1370
49871.70654 0.1308
49871.70996 0.1336
49871.71338 0.1377
49873.75342 0.1359
49873.75488 0.1344
49873.75635 0.1314
49880.74951 0.1361
49880.75098 0.1382
49880.75195 0.1351
