2439369.80000 0.1611
2439371.80000 0.1584
2439390.80000 0.1554
2439391.80000 0.1605
2439424.80000 0.1752
2439786.80000 0.1663
2439787.80000 0.1596
2439835.80000 0.1593
2440105.80000 0.1612
2440106.80000 0.1576
2440107.80000 0.1513
2440137.80000 0.1505
2440139.80000 0.1617
2440140.80000 0.1559
2440168.80000 0.1547
2440169.80000 0.1554
2440454.80000 0.1644
2440455.80000 0.1594
2440456.80000 0.1635
2440457.80000 0.1583
2440495.80000 0.1593
2440499.80000 0.1583
2440519.80000 0.1542
2440557.80000 0.1628
2440558.80000 0.1612
2440572.80000 0.1652
2440809.80000 0.1587
2440843.80000 0.1542
2440844.80000 0.1523
2440845.80000 0.1541
2440910.80000 0.1586
2440911.80000 0.1591
2440912.80000 0.1588
2440960.80000 0.1534
2440961.80000 0.1575
2440962.80000 0.1594
2441199.80000 0.1611
2441200.80000 0.1622
2441201.80000 0.1666
2441202.80000 0.1631
2441250.80000 0.1582
2441262.80000 0.1599
2441263.80000 0.1549
2441264.80000 0.1527
2441554.80000 0.1691
2441589.80000 0.1592
2441590.80000 0.1563
2441591.80000 0.1630
2441614.80000 0.1614
2441615.80000 0.1622
2441617.80000 0.1583
2441618.80000 0.1635
2441641.80000 0.1610
2441644.80000 0.1606
2441669.80000 0.1595
2441670.80000 0.1597
2441671.80000 0.1576
2441909.80000 0.1615
2441942.80000 0.1642
2441943.80000 0.1641
2441944.80000 0.1626
2441945.80000 0.1649
2441959.80000 0.1554
2441960.80000 0.1632
2441961.80000 0.1594
2442045.80000 0.1655
2442046.80000 0.1611
2442282.80000 0.1735
2442283.80000 0.1703
2442284.80000 0.1684
2442285.80000 0.1739
2442329.80000 0.1751
2442330.80000 0.1685
2442380.80000 0.1547
2442382.80000 0.1612
2442431.80000 0.1694
2442432.80000 0.1558
2442438.80000 0.1580
2442645.80000 0.1674
2442646.80000 0.1666
2442647.80000 0.1622
2442675.80000 0.1718
2442676.80000 0.1597
2442677.80000 0.1636
2442678.80000 0.1669
2442702.80000 0.1599
2442703.80000 0.1674
2442704.80000 0.1691
2442731.80000 0.1609
2442732.80000 0.1586
2442763.80000 0.1626
2442764.80000 0.1630
2442792.80000 0.1687
2443024.80000 0.1644
2443025.80000 0.1592
2443060.80000 0.1609
2443061.80000 0.1620
2443062.80000 0.1701
2443063.80000 0.1564
2443111.80000 0.1609
2443112.80000 0.1617
2443113.80000 0.1545
2443146.80000 0.1589
2443347.80000 0.1590
2443350.80000 0.1626
2443350.80000 0.1594
2443351.80000 0.1600
2443351.80000 0.1565
2443414.80000 0.1702
2443477.80000 0.1513
2443478.80000 0.1622
2443479.80000 0.1495
2443481.80000 0.1613
2443742.80000 0.1634
2443777.80000 0.1692
2443824.80000 0.1628
2443892.80000 0.1639
2444172.80000 0.1590
2444191.80000 0.1532
2444200.80000 0.1631
2444225.80000 0.1651
2444423.96100 0.1615
2444423.96500 0.1584
2444426.96899 0.1565
2444426.97000 0.1589
2444429.95599 0.1603
2444429.95700 0.1541
2444429.95801 0.1596
2444430.95801 0.1488
2444430.95999 0.1567
2444430.96100 0.1596
2444432.97198 0.1558
2444432.97299 0.1534
2444432.97400 0.1526
2444441.96500 0.1554
2444441.96600 0.1640
2444441.96701 0.1549
2444441.98700 0.1585
2444441.98801 0.1621
2444441.98901 0.1556
2444442.98599 0.1564
2444442.98700 0.1562
2444442.98901 0.1557
2444443.97800 0.1557
2444443.97900 0.1617
2444443.98099 0.1598
2444444.95099 0.1624
2444444.95200 0.1653
2444444.95300 0.1579
2444444.99899 0.1581
2444445.00101 0.1579
2444445.00201 0.1586
2444445.96799 0.1642
2444445.96899 0.1597
2444445.97101 0.1604
2444446.95801 0.1662
2444446.95901 0.1640
2444446.96100 0.1579
2444447.96100 0.1629
2444447.96301 0.1655
2444447.96500 0.1648
2444448.94699 0.1640
2444448.94901 0.1623
2444448.95001 0.1640
2444449.95001 0.1655
2444449.95099 0.1635
2444449.95300 0.1625
2444451.95200 0.1627
2444451.95300 0.1618
2444451.95499 0.1578
2444452.94901 0.1668
2444452.95001 0.1650
2444452.95200 0.1656
2444453.94699 0.1653
2444453.94800 0.1658
2444453.95001 0.1695
2444454.96301 0.1711
2444454.96399 0.1686
2444454.96500 0.1691
2444458.95599 0.1618
2444458.95700 0.1652
2444458.95901 0.1647
2444460.93201 0.1655
2444460.93301 0.1653
2444460.93399 0.1623
2444461.98199 0.1636
2444461.98300 0.1641
2444461.98401 0.1636
2444462.97000 0.1616
2444462.97101 0.1577
2444462.97101 0.1636
2444463.96701 0.1650
2444463.96899 0.1645
2444463.97000 0.1683
2444464.96600 0.1651
2444464.96701 0.1702
2444464.96799 0.1646
2444467.92700 0.1647
2444467.92801 0.1630
2444467.92899 0.1628
2444468.96799 0.1630
2444468.96899 0.1615
2444468.97000 0.1672
2444469.91800 0.1627
2444469.91901 0.1693
2444469.92099 0.1671
2444472.94901 0.1585
2444472.95001 0.1652
2444472.95099 0.1654
2444473.96799 0.1702
2444473.97000 0.1688
2444473.97101 0.1704
2444474.92200 0.1721
2444474.92401 0.1641
2444474.92499 0.1708
2444475.95300 0.1665
2444475.95401 0.1639
2444475.95599 0.1665
2444478.91101 0.1659
2444478.91199 0.1624
2444478.91299 0.1620
2444479.94699 0.1619
2444479.94800 0.1657
2444479.94901 0.1606
2444480.94400 0.1602
2444480.94501 0.1681
2444480.94601 0.1668
2444481.92001 0.1619
2444481.92099 0.1653
2444481.92200 0.1641
2444482.93201 0.1638
2444482.93399 0.1640
2444482.93500 0.1687
2444484.91299 0.1677
2444484.91400 0.1598
2444484.91501 0.1709
2444485.90302 0.1599
2444485.90399 0.1622
2444485.90500 0.1669
2444486.90701 0.1660
2444486.90799 0.1722
2444486.90900 0.1643
2444487.90701 0.1662
2444487.90799 0.1635
2444487.90900 0.1627
2444489.92200 0.1674
2444489.92300 0.1679
2444489.92499 0.1706
2444490.92200 0.1679
2444490.92401 0.1679
2444490.92499 0.1652
2444492.91699 0.1676
2444492.91800 0.1672
2444492.91901 0.1642
2444493.90399 0.1625
2444493.90500 0.1649
2444493.90601 0.1637
2444494.91599 0.1612
2444494.91699 0.1626
2444494.91800 0.1568
2444495.89001 0.1629
2444495.89099 0.1633
2444495.89200 0.1612
2444496.94800 0.1638
2444496.95001 0.1704
2444496.95200 0.1684
2444505.95599 0.1625
2444505.95700 0.1637
2444505.95801 0.1563
2444506.92999 0.1604
2444506.93201 0.1649
2444506.93301 0.1656
2444507.90399 0.1668
2444507.90500 0.1583
2444507.90601 0.1574
2444508.90701 0.1600
2444508.90799 0.1637
2444508.90900 0.1632
2444524.78302 0.1594
2444524.78601 0.1750
2444524.79102 0.1667
2444525.90399 0.1772
2444525.90503 0.1726
2444525.90698 0.1684
2444546.80701 0.1634
2444546.80798 0.1625
2444546.81000 0.1600
2444547.78998 0.1636
2444547.79102 0.1654
2444547.79303 0.1622
2444548.77802 0.1566
2444548.77899 0.1584
2444548.78101 0.1637
2444549.77399 0.1643
2444549.77600 0.1606
2444549.77802 0.1671
2444550.76599 0.1655
2444550.76801 0.1650
2444550.77002 0.1624
2444564.75598 0.1585
2444564.75800 0.1650
2444564.76001 0.1597
2444566.78699 0.1561
2444566.78802 0.1616
2444566.78900 0.1547
2444606.64099 0.1706
2444606.64203 0.1597
2444606.64398 0.1661
2444829.01099 0.1626
2444829.01300 0.1617
2444829.01599 0.1562
2444865.93201 0.1690
2444865.93500 0.1572
2444865.93701 0.1607
2444868.93298 0.1530
2444868.93500 0.1674
2444868.93597 0.1573
2444870.94098 0.1580
2444870.94299 0.1648
2444870.94501 0.1562
2444871.94800 0.1521
2444871.95001 0.1559
2444871.95099 0.1576
2444872.95001 0.1593
2444872.95203 0.1625
2444872.95300 0.1587
2444874.86798 0.1721
2444874.87000 0.1588
2444874.87097 0.1678
2444898.90198 0.1615
2444898.90399 0.1615
2444898.90698 0.1699
2444899.83301 0.1697
2444899.83502 0.1641
2444899.83801 0.1560
2444900.91602 0.1682
2444900.91901 0.1674
2444900.92102 0.1730
2445197.98499 0.1708
2445197.98706 0.1630
2445197.98901 0.1654
2445198.98999 0.1625
2445198.99194 0.1563
2445198.99304 0.1657
2445208.97400 0.1584
2445208.97595 0.1704
2445208.97803 0.1613
2445209.90295 0.1581
2445209.90601 0.1562
2445209.90906 0.1521
2445210.96802 0.1608
2445210.96997 0.1548
2445210.97205 0.1603
2445211.93799 0.1531
2445211.93994 0.1657
2445211.94202 0.1565
2445214.94800 0.1588
2445214.94995 0.1647
2445214.95605 0.1579
2445215.92896 0.1613
2445215.93103 0.1589
2445215.93201 0.1577
2445217.90100 0.1592
2445217.90295 0.1584
2445217.90503 0.1589
2445219.93799 0.1616
2445219.93994 0.1584
2445219.94202 0.1609
2445223.93994 0.1617
2445223.94202 0.1582
2445223.94299 0.1537
2445224.95898 0.1625
2445224.96204 0.1562
2445224.96399 0.1564
2445225.94397 0.1543
2445225.94604 0.1564
2445225.94800 0.1620
2445235.82605 0.1671
2445235.82898 0.1590
2445235.83105 0.1629
2445240.82300 0.1546
2445240.82495 0.1601
2445240.82703 0.1580
2445243.80005 0.1677
2445243.80298 0.1652
2445243.80603 0.1608
2445245.78406 0.1624
2445245.78601 0.1599
2445245.78796 0.1688
2445247.82898 0.1656
2445247.83203 0.1665
2445247.83496 0.1646
2445250.89697 0.1585
2445250.90002 0.1660
2445250.90295 0.1545
2445251.81104 0.1595
2445251.81396 0.1571
2445251.81702 0.1658
2445253.81494 0.1556
2445253.81702 0.1605
2445253.81995 0.1653
2445254.82495 0.1599
2445254.82703 0.1551
2445254.82996 0.1531
2445256.79895 0.1573
2445256.80103 0.1683
2445256.80298 0.1653
2445258.81396 0.1631
2445258.81702 0.1629
2445258.81995 0.1624
2445275.74902 0.1628
2445275.75195 0.1645
2445275.75500 0.1678
2445276.79797 0.1614
2445276.80005 0.1611
2445276.80298 0.1614
2445277.79395 0.1607
2445277.79700 0.1564
2445277.79895 0.1628
2445317.64905 0.1551
2445317.65198 0.1521
2445317.65405 0.1623
2445319.65295 0.1639
2445319.65601 0.1623
2445319.65796 0.1619
2445321.66101 0.1716
2445321.66296 0.1736
2445321.66504 0.1743
2445323.66101 0.1662
2445323.66296 0.1635
2445323.66602 0.1697
2445345.63696 0.1656
2445345.64697 0.1567
2445345.65503 0.1672
2445544.97000 0.1527
2445544.97100 0.1493
2445544.97200 0.1473
2445554.97500 0.1495
2445554.97700 0.1444
2445554.97900 0.1436
2445557.99800 0.1529
2445557.99900 0.1506
2445558.00000 0.1470
2445563.99700 0.1587
2445563.99900 0.1557
2445564.00000 0.1576
2445568.99700 0.1498
2445568.99900 0.1490
2445569.00000 0.1534
2445573.97700 0.1478
2445573.97900 0.1438
2445573.98000 0.1494
2445575.00000 0.1511
2445575.00100 0.1613
2445575.00300 0.1527
2445575.96400 0.1476
2445575.96500 0.1534
2445575.96700 0.1516
2445579.95400 0.1527
2445579.95500 0.1478
2445579.95600 0.1506
2445582.95200 0.1524
2445582.95300 0.1540
2445582.95400 0.1466
2445585.95900 0.1453
2445585.96000 0.1513
2445585.96200 0.1513
2445588.93500 0.1528
2445588.93600 0.1498
2445588.93700 0.1445
2445590.91700 0.1526
2445590.91900 0.1576
2445590.92000 0.1500
2445592.97900 0.1525
2445592.98000 0.1542
2445592.98200 0.1505
2445593.92400 0.1529
2445593.92500 0.1523
2445593.92700 0.1556
2445595.94500 0.1500
2445595.94600 0.1467
2445595.94700 0.1477
2445626.78200 0.1519
2445626.78500 0.1556
2445626.78700 0.1581
2445655.73700 0.1510
2445655.74600 0.1531
2445655.75000 0.1549
2445664.72500 0.1468
2445664.73300 0.1475
2445664.74000 0.1648
2445686.74200 0.1482
2445686.74500 0.1411
2445686.74800 0.1503
2445707.66100 0.1522
2445707.66400 0.1523
2445707.66600 0.1523
2445725.64100 0.1581
2445725.64300 0.1549
2445725.64400 0.1519
2445918.00781 0.1491
2445918.00879 0.1507
2445918.00989 0.1514
2445918.96558 0.1571
2445918.96631 0.1525
2445918.96704 0.1501
2445919.93420 0.1549
2445919.93518 0.1555
2445919.93628 0.1549
2445933.00708 0.1598
2445933.00818 0.1605
2445933.00928 0.1557
2445934.00330 0.1588
2445934.00427 0.1601
2445934.00549 0.1661
2445935.96960 0.1653
2445935.97034 0.1612
2445935.97107 0.1760
2445936.95056 0.1711
2445936.95142 0.1662
2445936.95227 0.1617
2445937.95264 0.1647
2445937.95349 0.1588
2445937.95422 0.1643
2445938.99255 0.1534
2445938.99329 0.1539
2445938.99414 0.1584
2445939.97900 0.1477
2445939.97986 0.1673
2445939.98059 0.1547
2445941.94604 0.1475
2445941.94666 0.1553
2445941.94727 0.1546
2445943.96887 0.1525
2445943.96985 0.1507
2445943.97107 0.1549
2445944.97449 0.1558
2445944.97595 0.1644
2445944.97717 0.1622
2445948.00537 0.1686
2445948.00623 0.1683
2445948.00708 0.1643
2445948.96887 0.1678
2445948.96997 0.1709
2445948.97119 0.1658
2445950.95789 0.1543
2445950.95923 0.1510
2445950.96045 0.1530
2445951.94360 0.1688
2445951.94531 0.1692
2445951.94690 0.1568
2445965.96191 0.1570
2445965.96387 0.1591
2445965.96570 0.1563
2445969.92761 0.1555
2445969.92896 0.1603
2445969.93054 0.1572
2445971.91077 0.1561
2445971.91174 0.1586
2445971.91284 0.1583
2445972.94299 0.1636
2445972.94434 0.1735
2445972.94568 0.1613
2445976.92053 0.1588
2445976.92224 0.1520
2445976.92371 0.1615
2445982.91626 0.1604
2445982.91833 0.1604
2445982.92053 0.1655
2445998.81750 0.1561
2445998.81982 0.1598
2445998.82178 0.1589
2446001.84387 0.1634
2446001.84595 0.1699
2446001.84790 0.1607
2446016.81921 0.1678
2446016.82080 0.1590
2446016.82251 0.1616
2446024.75940 0.1612
2446024.76184 0.1588
2446024.76428 0.1632
2446031.76013 0.1586
2446031.76245 0.1567
2446031.76489 0.1540
2446036.79675 0.1756
2446036.79895 0.1660
2446036.80103 0.1676
2446051.77173 0.1674
2446051.77490 0.1580
2446051.77808 0.1544
2446068.68750 0.1649
2446068.69043 0.1657
2446068.69287 0.1668
2446070.69678 0.1691
2446070.69873 0.1653
2446070.70093 0.1707
2446085.50195 0.1594
2446085.51611 0.1577
2446086.48706 0.1644
2446291.97607 0.1572
2446291.97705 0.1554
2446291.97803 0.1535
2446303.98853 0.1532
2446303.98950 0.1539
2446303.99023 0.1524
2446309.98975 0.1616
2446309.99072 0.1596
2446309.99219 0.1578
2446321.95483 0.1626
2446321.95581 0.1578
2446321.95679 0.1610
2446322.96338 0.1579
2446322.96436 0.1542
2446322.96558 0.1567
2446324.97119 0.1535
2446324.97217 0.1569
2446324.97339 0.1552
2446328.93628 0.1568
2446328.93726 0.1539
2446328.93823 0.1561
2446329.94189 0.1547
2446329.94263 0.1562
2446329.94336 0.1518
2446331.95605 0.1519
2446331.95703 0.1526
2446331.95776 0.1532
2446334.94556 0.1603
2446334.94629 0.1616
2446334.94727 0.1601
2446337.96045 0.1627
2446337.96143 0.1591
2446337.96265 0.1595
2446339.84888 0.1514
2446339.84985 0.1534
2446339.85059 0.1523
2446340.78174 0.1546
2446340.78271 0.1527
2446340.78369 0.1525
2446357.89307 0.1610
2446357.89380 0.1583
2446357.89478 0.1543
2446361.90552 0.1576
2446361.90625 0.1610
2446361.90723 0.1595
2446364.88159 0.1569
2446364.88232 0.1577
2446364.88330 0.1533
2446368.78320 0.1532
2446368.78394 0.1540
2446368.78491 0.1501
2446370.91357 0.1586
2446370.91455 0.1559
2446370.91553 0.1586
2446371.81836 0.1595
2446371.81958 0.1587
2446371.82056 0.1541
2446372.78955 0.1590
2446372.79053 0.1597
2446372.79150 0.1638
2446374.78296 0.1630
2446374.78418 0.1600
2446374.78516 0.1577
2446375.77539 0.1583
2446375.77612 0.1646
2446375.77686 0.1613
2446376.78125 0.1600
2446376.78223 0.1611
2446376.78296 0.1610
2446382.80933 0.1528
2446382.81030 0.1532
2446382.81177 0.1598
2446387.79248 0.1599
2446387.79370 0.1628
2446387.79492 0.1589
2446388.76294 0.1606
2446388.76392 0.1564
2446388.76514 0.1592
2446389.79395 0.1605
2446389.79468 0.1609
2446389.79541 0.1582
2446390.77808 0.1645
2446390.77905 0.1596
2446390.78003 0.1565
2446392.75439 0.1537
2446392.75537 0.1516
2446392.75610 0.1533
2446396.80737 0.1567
2446396.80811 0.1568
2446396.80908 0.1556
2446403.80176 0.1597
2446403.80298 0.1587
2446403.80420 0.1600
2446405.69019 0.1551
2446405.69116 0.1601
2446405.69214 0.1634
2446407.75830 0.1595
2446407.75903 0.1583
2446407.75977 0.1570
2446409.74561 0.1554
2446409.74731 0.1571
2446409.74878 0.1541
2446411.72168 0.1576
2446411.72314 0.1581
2446411.72510 0.1518
2446414.73535 0.1608
2446414.73633 0.1653
2446414.73706 0.1616
2446417.71069 0.1612
2446417.71313 0.1585
2446417.71533 0.1589
2446419.72241 0.1566
2446419.72339 0.1502
2446419.72437 0.1521
2446420.74902 0.1561
2446420.74976 0.1578
2446420.75049 0.1519
2446426.75806 0.1544
2446426.75903 0.1563
2446426.76001 0.1567
2446427.71655 0.1627
2446427.71753 0.1625
2446427.71826 0.1613
2446439.69531 0.1562
2446439.69604 0.1580
2446439.69702 0.1540
2446441.71021 0.1698
2446441.71094 0.1606
2446441.71167 0.1602
2446442.70166 0.1673
2446442.70239 0.1621
2446442.70313 0.1657
2446444.64209 0.1632
2446444.64331 0.1618
2446444.64453 0.1622
2446449.68335 0.1542
2446449.68408 0.1526
2446449.68506 0.1529
2446450.66113 0.1513
2446450.66333 0.1537
2446450.66455 0.1495
2446451.65112 0.1536
2446451.65234 0.1585
2446451.65332 0.1522
2446455.63794 0.1619
2446455.63892 0.1613
2446455.63989 0.1665
2446467.60962 0.1602
2446467.61157 0.1598
2446467.61328 0.1557
2446470.62598 0.1740
2446470.62769 0.1693
2446470.62915 0.1690
2446672.99927 0.1702
2446673.00073 0.1758
2446673.00220 0.1737
2446673.93066 0.1706
2446673.93213 0.1673
2446673.93408 0.1726
2446678.00562 0.1613
2446678.00684 0.1623
2446678.00830 0.1617
2446679.98364 0.1548
2446679.98511 0.1545
2446679.98657 0.1649
2446682.98462 0.1646
2446682.98682 0.1633
2446682.98901 0.1572
2446683.94556 0.1595
2446683.94849 0.1614
2446683.95166 0.1609
2446685.93848 0.1651
2446685.94019 0.1677
2446685.94189 0.1723
2446687.95288 0.1692
2446687.95410 0.1727
2446687.95557 0.1727
2446689.95728 0.1775
2446689.95923 0.1786
2446689.96118 0.1694
2446690.95532 0.1687
2446690.95752 0.1729
2446690.95947 0.1652
2446692.95654 0.1703
2446692.95923 0.1713
2446692.96167 0.1706
2446695.93872 0.1611
2446695.94067 0.1531
2446695.94287 0.1567
2446704.89697 0.1707
2446704.89966 0.1694
2446704.90283 0.1655
2446706.92847 0.1634
2446706.93140 0.1644
2446706.93335 0.1633
2446708.91870 0.1652
2446708.92139 0.1618
2446708.92407 0.1635
2446709.93994 0.1608
2446709.94189 0.1534
2446709.94360 0.1616
2446711.91479 0.1631
2446711.91650 0.1570
2446711.91821 0.1602
2446716.90259 0.1738
2446716.90454 0.1716
2446716.90674 0.1690
2446717.93286 0.1718
2446717.93457 0.1737
2446717.93628 0.1715
2446720.90234 0.1615
2446720.90479 0.1561
2446720.90698 0.1612
2446722.89990 0.1652
2446722.90234 0.1594
2446722.90430 0.1630
2446724.88794 0.1649
2446724.89014 0.1572
2446724.89209 0.1617
2446727.84692 0.1593
2446727.84863 0.1661
2446727.85034 0.1644
2446731.85669 0.1706
2446731.85889 0.1641
2446731.86816 0.1667
2446733.84253 0.1638
2446733.84448 0.1571
2446733.84619 0.1593
2446738.86816 0.1663
2446738.87061 0.1639
2446738.87256 0.1639
2446740.78979 0.1644
2446740.79175 0.1634
2446740.79370 0.1584
2446743.81470 0.1595
2446743.81665 0.1654
2446743.81860 0.1604
2446744.78809 0.1615
2446744.79004 0.1641
2446744.79175 0.1634
2446746.78979 0.1600
2446746.79199 0.1592
2446746.79419 0.1564
2446748.79688 0.1584
2446748.79956 0.1594
2446748.80200 0.1590
2446754.76758 0.1616
2446754.77002 0.1649
2446754.77246 0.1645
2446755.78979 0.1629
2446755.79224 0.1678
2446755.79443 0.1587
2446768.74438 0.1455
2446768.74683 0.1504
2446768.74927 0.1537
2446775.73779 0.1632
2446775.74072 0.1596
2446775.74341 0.1570
2446777.73535 0.1562
2446777.73804 0.1523
2446777.74023 0.1578
2446782.71997 0.1608
2446782.72217 0.1542
2446782.72461 0.1470
2446798.66382 0.1610
2446798.66553 0.1671
2446798.66748 0.1605
2446806.66821 0.1617
2446806.67139 0.1556
2446806.67383 0.1637
2446807.65747 0.1628
2446807.65942 0.1627
2446807.66162 0.1648
2446810.65112 0.1525
2446810.65356 0.1664
2446810.65625 0.1671
2446817.63965 0.1629
2446817.64258 0.1602
2446817.64575 0.1574
2446828.60669 0.1600
2446828.60864 0.1612
2446828.61060 0.1618
2446831.60474 0.1631
2446831.60864 0.1604
2446831.61255 0.1596
2447027.96216 0.1502
2447027.96362 0.1497
2447027.96509 0.1479
2447031.95142 0.1492
2447031.95239 0.1496
2447031.95313 0.1511
2447034.96606 0.1530
2447034.96729 0.1498
2447034.96826 0.1491
2447038.95532 0.1543
2447038.95630 0.1522
2447038.95728 0.1514
2447041.00244 0.1589
2447041.00342 0.1666
2447041.00439 0.1653
2447042.99731 0.1567
2447042.99854 0.1597
2447042.99951 0.1614
2447043.98120 0.1549
2447043.98193 0.1461
2447043.98291 0.1507
2447045.94507 0.1573
2447045.94580 0.1536
2447045.94653 0.1502
2447047.95190 0.1545
2447047.95459 0.1527
2447047.95752 0.1580
2447049.94678 0.1512
2447049.94775 0.1516
2447049.94849 0.1491
2447050.97070 0.1580
2447050.97168 0.1514
2447050.97241 0.1537
2447053.92310 0.1555
2447053.92432 0.1580
2447053.92554 0.1598
2447054.93945 0.1651
2447054.94043 0.1623
2447054.94165 0.1516
2447055.94043 0.1587
2447055.94116 0.1564
2447055.94214 0.1539
2447057.94971 0.1478
2447057.95068 0.1509
2447057.95190 0.1480
2447060.92090 0.1646
2447060.92188 0.1557
2447060.92261 0.1613
2447064.90430 0.1618
2447064.90527 0.1523
2447064.90625 0.1488
2447067.95337 0.1586
2447067.95435 0.1587
2447067.95557 0.1645
2447071.87500 0.1510
2447071.87598 0.1553
2447071.87720 0.1552
2447073.92041 0.1606
2447073.92139 0.1604
2447073.92212 0.1548
2447076.91260 0.1620
2447076.91357 0.1617
2447076.91479 0.1604
2447077.90479 0.1528
2447077.90576 0.1626
2447077.90698 0.1564
2447079.91211 0.1622
2447079.91309 0.1597
2447079.91406 0.1652
2447082.89258 0.1658
2447082.89355 0.1638
2447082.89478 0.1706
2447085.89624 0.1532
2447085.89722 0.1537
2447085.89844 0.1541
2447087.85156 0.1617
2447087.85229 0.1616
2447087.85327 0.1574
2447088.89478 0.1528
2447088.89600 0.1566
2447088.89746 0.1496
2447107.83252 0.1588
2447107.83350 0.1579
2447107.83423 0.1590
2447108.80249 0.1554
2447108.80322 0.1555
2447108.80396 0.1569
2447110.83618 0.1552
2447110.83716 0.1531
2447110.83813 0.1588
2447114.80908 0.1522
2447114.81030 0.1512
2447114.81177 0.1600
2447119.80249 0.1547
2447119.80371 0.1587
2447119.80469 0.1607
2447123.77832 0.1562
2447123.77905 0.1560
2447123.78003 0.1586
2447125.76636 0.1580
2447125.77100 0.1528
2447125.77393 0.1515
2447127.80664 0.1544
2447127.80811 0.1559
2447127.80908 0.1535
2447129.82520 0.1564
2447129.82617 0.1602
2447129.82690 0.1529
2447130.81299 0.1545
2447130.81396 0.1522
2447130.81494 0.1518
2447132.83643 0.1582
2447132.83740 0.1597
2447132.83813 0.1566
2447138.79102 0.1567
2447138.79199 0.1585
2447138.79297 0.1545
2447139.82373 0.1547
2447139.82520 0.1573
2447139.82690 0.1518
2447144.74463 0.1520
2447144.74561 0.1546
2447144.74658 0.1519
2447148.65527 0.1533
2447148.65601 0.1501
2447148.65674 0.1567
2447162.71460 0.1528
2447162.71582 0.1539
2447162.71680 0.1523
2447168.66675 0.1625
2447168.66772 0.1628
2447168.66870 0.1575
2447172.69238 0.1606
2447172.69336 0.1599
2447172.69434 0.1571
2447174.69604 0.1514
2447174.69775 0.1499
2447174.69971 0.1476
2447184.66650 0.1654
2447184.66748 0.1570
2447184.66846 0.1612
2447194.66235 0.1598
2447194.66382 0.1571
2447194.66504 0.1578
2447200.61865 0.1577
2447200.61987 0.1535
2447200.62109 0.1502
2447420.94067 0.1652
2447420.94214 0.1632
2447420.94336 0.1592
2447426.95459 0.1579
2447426.95630 0.1633
2447426.95825 0.1616
2447429.96265 0.1642
2447429.96387 0.1629
2447429.96509 0.1661
2447431.93237 0.1651
2447431.93384 0.1643
2447431.93555 0.1673
2447433.96680 0.1659
2447433.96826 0.1645
2447433.96997 0.1674
2447434.93848 0.1640
2447434.94019 0.1631
2447434.94165 0.1627
2447447.90039 0.1625
2447447.90137 0.1609
2447447.90234 0.1650
2447450.84204 0.1558
2447450.84302 0.1504
2447450.84424 0.1520
2447457.82910 0.1575
2447457.83032 0.1613
2447457.83154 0.1623
2447460.87646 0.1545
2447460.87769 0.1579
2447460.87891 0.1625
2447464.88452 0.1637
2447464.88574 0.1617
2447464.88696 0.1550
2447466.83521 0.1616
2447466.83643 0.1604
2447466.83765 0.1620
2447470.79517 0.1601
2447470.79663 0.1615
2447470.79810 0.1602
2447472.79443 0.1648
2447472.79614 0.1690
2447472.79785 0.1684
2447478.73950 0.1688
2447478.74048 0.1602
2447478.74170 0.1651
2447482.77515 0.1618
2447482.77661 0.1584
2447482.77808 0.1618
2447484.76025 0.1601
2447484.76221 0.1589
2447484.76440 0.1586
2447486.76611 0.1691
2447486.76758 0.1620
2447486.76904 0.1581
2447492.77832 0.1612
2447492.78027 0.1633
2447492.78198 0.1683
2447495.71851 0.1603
2447495.71997 0.1526
2447495.72168 0.1562
2447496.70923 0.1559
2447496.71045 0.1604
2447496.71191 0.1566
2447499.74487 0.1541
2447499.74609 0.1562
2447499.74731 0.1583
2447500.71289 0.1613
2447500.71460 0.1605
2447500.71606 0.1664
2447508.66992 0.1750
2447508.67090 0.1648
2447508.67212 0.1654
2447509.69507 0.1580
2447509.69653 0.1576
2447509.69800 0.1551
2447517.67822 0.1649
2447517.67993 0.1662
2447517.68164 0.1609
2447526.71338 0.1669
2447526.71484 0.1705
2447526.71631 0.1714
2447529.69312 0.1587
2447529.69507 0.1653
2447529.69727 0.1624
2447540.60425 0.1656
2447540.60571 0.1689
2447540.60718 0.1652
2447541.66504 0.1636
2447541.66650 0.1659
2447541.66797 0.1664
2447544.66846 0.1648
2447544.67041 0.1703
2447544.67212 0.1583
2447555.63745 0.1599
2447555.63989 0.1634
2447555.64258 0.1595
2447559.62842 0.1657
2447559.63037 0.1714
2447559.63257 0.1699
2447574.61353 0.1573
2447574.61523 0.1541
2447574.61670 0.1570
2447771.98364 0.1478
2447771.98486 0.1470
2447771.98633 0.1544
2447775.99609 0.1516
2447775.99731 0.1568
2447775.99878 0.1560
2447777.98535 0.1487
2447777.98633 0.1507
2447777.98755 0.1484
2447779.99463 0.1543
2447779.99585 0.1537
2447779.99707 0.1548
2447781.97412 0.1531
2447781.97559 0.1548
2447781.97729 0.1496
2447783.96484 0.1477
2447783.96631 0.1517
2447783.96777 0.1482
2447789.97241 0.1523
2447789.97388 0.1511
2447789.97510 0.1510
2447803.94995 0.1530
2447803.95093 0.1498
2447803.95215 0.1535
2447806.93359 0.1508
2447806.93457 0.1523
2447806.93604 0.1585
2447807.90332 0.1483
2447807.90454 0.1528
2447807.90576 0.1525
2447809.93066 0.1506
2447809.93188 0.1556
2447809.93311 0.1544
2447818.88428 0.1522
2447818.88574 0.1528
2447818.88721 0.1535
2447834.78442 0.1531
2447834.78564 0.1471
2447834.78687 0.1480
2447838.79907 0.1497
2447838.80029 0.1514
2447838.80127 0.1517
2447845.79785 0.1543
2447845.79907 0.1543
2447845.80029 0.1517
2447849.79712 0.1547
2447849.79834 0.1537
2447849.79980 0.1512
2447862.70215 0.1509
2447862.70361 0.1512
2447862.70483 0.1466
2447865.72803 0.1525
2447865.72925 0.1522
2447865.73047 0.1482
2447868.73193 0.1519
2447868.73315 0.1462
2447868.73413 0.1507
2447871.74609 0.1503
2447871.74707 0.1516
2447871.74854 0.1520
2447877.71362 0.1480
2447877.71533 0.1450
2447877.71680 0.1466
2447895.62378 0.1545
2447895.62549 0.1529
2447895.62720 0.1490
2447900.62036 0.1513
2447900.62158 0.1518
2447900.62329 0.1463
2447902.63159 0.1541
2447902.63281 0.1529
2447902.63379 0.1532
2447912.62109 0.1556
2447912.62231 0.1564
2447912.62354 0.1556
2448122.99268 0.1448
2448122.99512 0.1466
2448122.99707 0.1466
2448148.94336 0.1479
2448148.94482 0.1484
2448148.94678 0.1529
2448151.94775 0.1509
2448151.94971 0.1505
2448151.95117 0.1505
2448152.94385 0.1506
2448152.94629 0.1541
2448152.94873 0.1547
2448154.95654 0.1563
2448154.95850 0.1563
2448154.96045 0.1517
2448159.94482 0.1519
2448159.94629 0.1505
2448159.94775 0.1471
2448161.92676 0.1479
2448161.92920 0.1488
2448161.93115 0.1471
2448164.95361 0.1559
2448164.95557 0.1525
2448164.95752 0.1493
2448166.92822 0.1505
2448166.93066 0.1536
2448166.93311 0.1521
2448186.86963 0.1466
2448186.87207 0.1524
2448186.87402 0.1489
2448194.90771 0.1475
2448194.90918 0.1541
2448194.91064 0.1542
2448213.77783 0.1557
2448213.77930 0.1566
2448213.78076 0.1569
2448219.79004 0.1547
2448219.79248 0.1549
2448219.79492 0.1562
2448223.76270 0.1531
2448223.76465 0.1495
2448223.76611 0.1515
2448226.76025 0.1516
2448226.76172 0.1492
2448226.76318 0.1520
2448228.73633 0.1494
2448228.73779 0.1473
2448228.73926 0.1543
2448242.68457 0.1575
2448242.68750 0.1544
2448242.68994 0.1530
2448881.92822 0.1480
2448881.92969 0.1434
2448881.93115 0.1510
2448888.92627 0.1525
2448888.92773 0.1499
2448888.92920 0.1522
2448890.94189 0.1568
2448890.94385 0.1552
2448890.94580 0.1545
2448892.93408 0.1491
2448892.93604 0.1490
2448892.93799 0.1510
2448894.94775 0.1529
2448894.94971 0.1503
2448894.95117 0.1526
2448897.92432 0.1592
2448897.92676 0.1501
2448897.92871 0.1515
2448901.92871 0.1514
2448901.93018 0.1500
2448901.93164 0.1530
2448902.88574 0.1524
2448902.88721 0.1530
2448902.88867 0.1498
2448904.87842 0.1487
2448904.87988 0.1501
2448904.88135 0.1453
2448906.83691 0.1538
2448906.83838 0.1581
2448906.83984 0.1559
2448910.90430 0.1498
2448910.90674 0.1537
2448910.90918 0.1544
2448912.89014 0.1571
2448912.89160 0.1572
2448912.89307 0.1587
2448915.88232 0.1558
2448915.88379 0.1564
2448915.88477 0.1515
2448918.87207 0.1471
2448918.87354 0.1490
2448918.87549 0.1501
2448928.82373 0.1542
2448928.82520 0.1562
2448928.82666 0.1592
2448938.79688 0.1522
2448938.79834 0.1566
2448938.79932 0.1581
2448939.78857 0.1572
2448939.78955 0.1560
2448939.79102 0.1618
2448945.81201 0.1574
2448945.81396 0.1567
2448945.81592 0.1548
2448951.77979 0.1519
2448951.78125 0.1558
2448951.78320 0.1563
2448956.73486 0.1565
2448956.73730 0.1520
2448956.73975 0.1610
2448959.74463 0.1550
2448959.74756 0.1514
2448959.75049 0.1581
2448967.75977 0.1563
2448967.76074 0.1572
2448967.76221 0.1557
2448971.74316 0.1610
2448971.74463 0.1551
2448971.74561 0.1542
2448972.74268 0.1521
2448972.74463 0.1518
2448972.74609 0.1540
2448975.70996 0.1510
2448975.71240 0.1492
2448975.71436 0.1511
2448976.75049 0.1542
2448976.75195 0.1528
2448976.75391 0.1473
2448978.76270 0.1545
2448978.76416 0.1603
2448978.76562 0.1611
2448980.71973 0.1532
2448980.72119 0.1538
2448980.72314 0.1527
2448983.73730 0.1550
2448983.73877 0.1531
2448983.74023 0.1520
2448999.67725 0.1456
2448999.67871 0.1509
2448999.67969 0.1497
2449008.64941 0.1493
2449008.65234 0.1481
2449008.65381 0.1484
2449010.66553 0.1520
2449010.66846 0.1482
2449010.67090 0.1479
2449011.64648 0.1442
2449011.64844 0.1491
2449011.65039 0.1473
2449015.62695 0.1597
2449015.62842 0.1548
2449015.63037 0.1512
2449251.95752 0.1438
2449251.96045 0.1461
2449251.96289 0.1462
2449255.94092 0.1399
2449255.94336 0.1405
2449255.94580 0.1413
2449257.96729 0.1494
2449257.96973 0.1467
2449257.97266 0.1463
2449259.94336 0.1509
2449259.94580 0.1487
2449259.94824 0.1478
2449261.96924 0.1506
2449261.97119 0.1513
2449261.97363 0.1483
2449263.92822 0.1460
2449263.93018 0.1453
2449263.93213 0.1472
2449265.87598 0.1416
2449265.87939 0.1423
2449265.88232 0.1406
2449266.90381 0.1401
2449266.90625 0.1426
2449266.90869 0.1439
2449268.90869 0.1485
2449268.91162 0.1521
2449268.91406 0.1443
2449270.88477 0.1453
2449270.88672 0.1543
2449270.88916 0.1500
2449273.84082 0.1474
2449273.84277 0.1425
2449273.84473 0.1507
2449279.88574 0.1503
2449279.88916 0.1482
2449279.89160 0.1468
2449283.88574 0.1489
2449283.88867 0.1496
2449283.89111 0.1470
2449285.85938 0.1442
2449285.86133 0.1457
2449285.86377 0.1478
2449294.81543 0.1423
2449294.81934 0.1493
2449294.82275 0.1441
2449296.81055 0.1450
2449296.81201 0.1452
2449296.81348 0.1456
2449297.81445 0.1506
2449297.81592 0.1465
2449297.81738 0.1520
2449299.78320 0.1506
2449299.78467 0.1531
2449299.78613 0.1514
2449307.74316 0.1481
2449307.74463 0.1466
2449307.74609 0.1456
2449309.74023 0.1490
2449309.74219 0.1476
2449309.74414 0.1481
2449310.73682 0.1497
2449310.73877 0.1506
2449310.74023 0.1504
2449311.72461 0.1544
2449311.72607 0.1501
2449311.72754 0.1524
2449312.74072 0.1494
2449312.74268 0.1515
2449312.74414 0.1545
2449318.73633 0.1499
2449318.73779 0.1493
2449318.73975 0.1466
2449327.68408 0.1505
2449327.68555 0.1457
2449327.68701 0.1471
2449328.70166 0.1485
2449328.70312 0.1467
2449328.70459 0.1500
2449331.69336 0.1466
2449331.69482 0.1472
2449331.69629 0.1526
2449332.71436 0.1500
2449332.71533 0.1469
2449332.71680 0.1570
2449335.68457 0.1473
2449335.68604 0.1485
2449335.68799 0.1452
2449337.69824 0.1498
2449337.69971 0.1457
2449337.70117 0.1461
2449342.66602 0.1519
2449342.66748 0.1492
2449342.66846 0.1512
2449344.67822 0.1528
2449344.68018 0.1466
2449344.68164 0.1457
2449349.66699 0.1464
2449349.66895 0.1461
2449349.67041 0.1467
2449350.63428 0.1406
2449350.63623 0.1413
2449350.63770 0.1419
2449352.64844 0.1457
2449352.64990 0.1412
2449352.65186 0.1473
2449354.62549 0.1474
2449354.62793 0.1482
2449354.62988 0.1503
2449355.64600 0.1487
2449355.64795 0.1518
2449355.64990 0.1487
2449359.67285 0.1475
2449359.67432 0.1460
2449359.67578 0.1465
2449360.64697 0.1454
2449360.64844 0.1495
2449360.64990 0.1464
2449362.64111 0.1464
2449362.64258 0.1465
2449362.64453 0.1439
2449365.64990 0.1394
2449365.65137 0.1420
2449365.65332 0.1433
2449368.63770 0.1482
2449368.63916 0.1462
2449368.64062 0.1477
2449602.91504 0.1509
2449602.91602 0.1467
2449602.91699 0.1476
2449603.91357 0.1445
2449603.91455 0.1497
2449603.91602 0.1484
2449610.91211 0.1464
2449610.91357 0.1481
2449610.91504 0.1440
2449615.84033 0.1476
2449615.84131 0.1507
2449615.84277 0.1559
2449617.84229 0.1529
2449617.84375 0.1491
2449617.84473 0.1512
2449621.89209 0.1464
2449621.89307 0.1512
2449621.89453 0.1510
2449625.89160 0.1551
2449625.89307 0.1528
2449625.89404 0.1458
2449626.89014 0.1510
2449626.89111 0.1542
2449626.89258 0.1537
2449628.87402 0.1486
2449628.87549 0.1495
2449628.87646 0.1499
2449632.86719 0.1536
2449632.86816 0.1524
2449632.86963 0.1461
2449633.85400 0.1580
2449633.85547 0.1471
2449633.85645 0.1496
2449635.87500 0.1533
2449635.87598 0.1458
2449635.87695 0.1511
2449636.87744 0.1459
2449636.87842 0.1461
2449636.87939 0.1467
2449641.85742 0.1543
2449641.85889 0.1473
2449641.86084 0.1499
2449642.84814 0.1555
2449642.84912 0.1533
2449642.85059 0.1471
2449644.83936 0.1505
2449644.84033 0.1502
2449644.84180 0.1524
2449645.84814 0.1511
2449645.84961 0.1483
2449645.85059 0.1520
2449647.78906 0.1598
2449647.79150 0.1508
2449647.79443 0.1556
2449650.86816 0.1459
2449650.86914 0.1503
2449650.87012 0.1499
2449651.82812 0.1495
2449651.82910 0.1497
2449651.83057 0.1504
2449653.81738 0.1484
2449653.81836 0.1508
2449653.81982 0.1457
2449654.80811 0.1484
2449654.80908 0.1480
2449654.81055 0.1470
2449656.80566 0.1532
2449656.80713 0.1538
2449656.80811 0.1528
2449657.79541 0.1554
2449657.79736 0.1551
2449657.79883 0.1560
2449660.77881 0.1616
2449660.78125 0.1548
2449660.78418 0.1644
2449661.84912 0.1538
2449661.85059 0.1589
2449661.85156 0.1496
2449663.79834 0.1507
2449663.80078 0.1517
2449663.80322 0.1449
2449668.79004 0.1504
2449668.79102 0.1569
2449668.79248 0.1567
2449670.78418 0.1490
2449670.78564 0.1531
2449670.78662 0.1525
2449675.76123 0.1582
2449675.76318 0.1626
2449675.76514 0.1589
2449676.74170 0.1536
2449676.74316 0.1596
2449676.74414 0.1541
2449679.77002 0.1492
2449679.77148 0.1497
2449679.77246 0.1511
2449680.74121 0.1538
2449680.74219 0.1565
2449680.74365 0.1457
2449685.75586 0.1536
2449685.75684 0.1574
2449685.75830 0.1569
2449686.74805 0.1545
2449686.74902 0.1585
2449686.75049 0.1562
2449687.71143 0.1565
2449687.71289 0.1567
2449687.71387 0.1562
2449689.72070 0.1472
2449689.72168 0.1516
2449689.72314 0.1592
2449694.74463 0.1471
2449694.74561 0.1506
2449694.74658 0.1475
2449696.72900 0.1509
2449696.73047 0.1512
2449696.73145 0.1450
2449697.76562 0.1567
2449697.76807 0.1541
2449697.77002 0.1575
2449701.76465 0.1530
2449701.76562 0.1561
2449703.70801 0.1482
2449703.70947 0.1529
2449703.71045 0.1575
2449704.69287 0.1446
2449704.69385 0.1502
2449704.69531 0.1519
2449706.73779 0.1553
2449706.73877 0.1490
2449706.74023 0.1506
2449708.75635 0.1585
2449708.75732 0.1628
2449708.75879 0.1573
2449713.68311 0.1616
2449713.68457 0.1497
2449713.68555 0.1539
2449716.68115 0.1544
2449716.68213 0.1456
2449716.68311 0.1555
2449717.65918 0.1524
2449717.66064 0.1552
2449717.66162 0.1530
2449719.66992 0.1504
2449719.67139 0.1509
2449719.67236 0.1505
2449730.64600 0.1588
2449730.64697 0.1556
2449730.64844 0.1534
2449731.66211 0.1574
2449731.66309 0.1561
2449731.66406 0.1489
2449735.63818 0.1533
2449735.63916 0.1598
2449735.64062 0.1557
2449736.65527 0.1505
2449736.65674 0.1497
2449736.65771 0.1553
2449753.62646 0.1518
2449753.62744 0.1540
2449753.62891 0.1534
2449754.62842 0.1474
2449754.62939 0.1468
2449754.63037 0.1540
2449756.62305 0.1548
2449756.62500 0.1586
2449756.62695 0.1665
2449759.60889 0.1564
2449759.60986 0.1550
2449759.61084 0.1490
