44207.80000 0.1181
45185.97498 0.1153
45185.97498 0.1187
45185.97595 0.1206
45935.00244 0.2461
45935.00378 0.2429
45935.00488 0.2407
45935.97595 0.2378
45935.97681 0.2334
45935.97754 0.2417
45936.91040 0.2522
45936.91138 0.2354
45936.91248 0.2502
45947.98706 0.3132
45947.98792 0.3117
45947.98865 0.3212
45986.92737 0.2370
45986.92859 0.2331
45986.92993 0.2364
46019.76538 0.2388
46019.76672 0.2380
46019.76782 0.2411
46025.78125 0.2377
46025.78210 0.2370
46025.78320 0.2420
46030.82483 0.2323
46030.82654 0.2380
46030.82813 0.2339
46676.95947 0.2286
46676.96021 0.2325
46676.96118 0.2294
46737.80542 0.2297
46737.80640 0.2351
46737.80762 0.2334
46801.72461 0.2357
46801.72534 0.2407
46801.72607 0.2344
47042.98413 0.2355
47042.98511 0.2349
47042.98584 0.2329
47115.81201 0.2354
47115.81323 0.2313
47115.81421 0.2286
47180.62866 0.2385
47180.62939 0.2375
47180.63062 0.2390
47428.95703 0.2337
47428.95825 0.2326
47428.95947 0.2288
47451.88330 0.2347
47451.88428 0.2360
47451.88525 0.2379
47478.75928 0.2345
47478.76050 0.2346
47478.76172 0.2376
47493.78784 0.2385
47493.78906 0.2344
47493.79028 0.2327
47508.67480 0.2362
47508.67578 0.2319
47508.67700 0.2260
47529.70361 0.2351
47529.70459 0.2402
47529.70557 0.2386
47542.65991 0.2418
47542.66089 0.2429
47542.66187 0.2396
47872.66846 0.2287
47872.66968 0.2344
47872.67090 0.2308
48276.62646 0.2378
