2446568.88477 0.2423
2446568.88574 0.2396
2446568.88672 0.2403
2446594.76880 0.2391
2446594.76953 0.2417
2446594.77026 0.2421
2446628.72729 0.2411
2446628.72803 0.2413
2446628.72876 0.2441
2446652.71680 0.2502
2446652.71753 0.2435
2446652.71826 0.2449
2446866.01953 0.2339
2446866.02026 0.2371
2446866.02148 0.2375
2446928.89355 0.2371
2446928.89453 0.2326
2446928.89551 0.2338
2446989.68994 0.2384
2446989.69092 0.2307
2446989.69189 0.2400
2447207.00903 0.2454
2447207.01001 0.2436
2447207.01099 0.2431
2447276.91333 0.2409
2447276.91479 0.2456
2447276.91577 0.2463
2447332.75659 0.2433
2447332.75757 0.2417
2447332.75854 0.2470
2447580.99243 0.2382
2447580.99341 0.2384
2447580.99463 0.2370
2447614.98853 0.2448
2447614.98999 0.2432
2447614.99170 0.2460
2447649.88721 0.2426
2447649.88818 0.2389
2447649.88965 0.2427
2447665.83447 0.2384
2447665.83569 0.2408
2447665.83716 0.2365
2447672.78491 0.2345
2447672.78613 0.2406
2447672.78711 0.2417
2447678.77197 0.2445
2447678.77295 0.2421
2447678.77393 0.2446
2447718.68921 0.2505
2447718.69043 0.2513
2447718.69165 0.2498
2449793.92090 0.2610
2449793.92236 0.2662
2449793.92334 0.2646
