45544.68400 0.4677
45544.68500 0.4838
45544.68600 0.4687
45784.97278 0.4859
45784.97400 0.4995
45784.97534 0.4851
46890.93433 0.4369
46890.93652 0.4228
46890.93848 0.4539
46891.94409 0.4474
46891.94629 0.4632
46891.94824 0.4531
46893.93188 0.4369
46893.93359 0.4475
46893.93530 0.4459
46895.94971 0.4164
46895.95117 0.4200
46895.95288 0.4360
46897.93750 0.4276
46897.94141 0.4406
46897.94556 0.4341
46898.96045 0.4222
46898.96240 0.4338
46898.96436 0.4160
46900.92358 0.4684
46900.92725 0.4717
46900.93042 0.4761
46902.91943 0.4886
46902.92114 0.4726
46902.92285 0.4724
46904.91382 0.4498
46904.91821 0.4431
46904.92236 0.4498
47951.04590 0.4595
47951.04736 0.4561
47951.04883 0.4528
47956.98608 0.5247
47956.98730 0.5048
47956.98828 0.5080
48295.04736 0.4906
48295.04883 0.4903
48295.04980 0.4719
48296.03223 0.5113
48296.03320 0.4942
48296.03467 0.5138
48297.05225 0.5417
48297.05322 0.5234
48297.05469 0.5127
48298.01221 0.5354
48298.01367 0.5403
48298.01563 0.5365
48299.01758 0.5544
48299.01904 0.5380
48299.02002 0.5560
48301.01074 0.4799
48301.01221 0.4746
48301.01416 0.4827
48302.01367 0.4662
48302.01514 0.4643
48302.01660 0.4633
48307.01318 0.4917
48307.01465 0.4816
48307.01611 0.4767
48308.00635 0.5043
48308.00781 0.5251
48308.00977 0.5173
48309.00732 0.5091
48309.00928 0.4934
48309.01074 0.5139
48312.01074 0.4585
48312.01221 0.4424
48312.01416 0.4465
48313.00635 0.4310
48313.00830 0.4125
48313.01025 0.4199
48376.91943 0.4812
48376.92090 0.4840
48376.92188 0.4846
48376.92334 0.4853
48376.92480 0.4812
48376.92627 0.4771
48377.91846 0.4813
48377.92041 0.4743
48377.92188 0.4920
48377.92383 0.4751
48377.92578 0.4705
48377.92725 0.4894
48385.79932 0.4947
48385.80078 0.4890
48385.80225 0.4746
48386.84570 0.5096
48386.84717 0.5253
48386.84912 0.4966
48387.84033 0.5246
48387.84131 0.5393
48387.84277 0.5265
48391.89111 0.4978
48391.89258 0.4929
48391.89453 0.5028
48415.75635 0.4858
48415.75732 0.4618
48415.75879 0.4606
48416.75928 0.4948
48416.76074 0.4877
48416.76221 0.4963
48418.76270 0.4964
48418.76367 0.4860
48418.76416 0.5089
48419.76855 0.5159
48419.77002 0.5214
48419.77148 0.5316
48420.77100 0.5372
48420.77295 0.5180
48420.77490 0.5224
48421.77832 0.5310
48421.77930 0.5319
48421.78076 0.5249
48422.77197 0.5283
48422.77393 0.5283
48422.77588 0.5282
48423.77002 0.5197
48423.77197 0.5188
48423.77344 0.5184
48424.76025 0.4918
48424.76172 0.5025
48424.76318 0.4979
48671.98682 0.4388
48671.98828 0.4359
48671.99023 0.4504
48681.02441 0.4893
48681.02539 0.4787
48681.02637 0.4659
48752.75391 0.4948
48752.75537 0.4977
48752.75684 0.4899
48755.88330 0.4215
48755.88428 0.4419
48755.88574 0.4429
48758.82617 0.5057
48758.82764 0.5029
48758.82910 0.5060
48759.82910 0.4927
48759.83057 0.4981
48759.83154 0.5045
48761.81982 0.5312
48761.82178 0.5077
48761.82373 0.5006
48771.84814 0.5029
48771.84961 0.5095
48771.85107 0.5057
48773.78906 0.5057
48773.79053 0.5084
48773.79199 0.5149
48774.79541 0.4768
48774.79688 0.4606
48774.79883 0.4628
48775.79541 0.4533
48775.79688 0.4536
48775.79834 0.4572
48776.79590 0.4739
48776.79736 0.4685
48776.79932 0.4629
48777.79443 0.4886
48777.79639 0.4950
48777.79785 0.4884
48778.79199 0.5215
48778.79346 0.5148
48778.79492 0.5083
48781.81934 0.5159
48781.82080 0.5281
48781.82227 0.5102
48782.78320 0.5108
48782.78467 0.5026
48782.78613 0.5080
48783.82422 0.4956
48783.82520 0.5113
48783.82666 0.5083
48784.76563 0.5067
48784.76709 0.5043
48784.76855 0.5114
48785.75830 0.4776
48785.75928 0.4915
48785.76074 0.4726
48786.79199 0.4482
48786.79346 0.4440
48786.79492 0.4352
48787.80762 0.4900
48787.80908 0.4959
48787.81055 0.4818
48788.81104 0.5175
48788.81250 0.5084
48788.81348 0.5034
48789.76611 0.5158
48789.76709 0.5169
48789.76855 0.5220
48790.79004 0.5184
48790.79150 0.5277
48790.79297 0.5285
48791.76318 0.5203
48791.76465 0.5168
48791.76660 0.5197
49048.98828 0.5260
49048.99023 0.5383
49048.99219 0.5295
49050.01270 0.4758
49050.01465 0.4712
49050.01660 0.4897
49052.98926 0.4208
49052.99121 0.4320
49052.99268 0.4533
49109.93018 0.4793
49109.93213 0.4543
49109.93408 0.4842
49114.84863 0.4265
49114.85010 0.4238
49114.85205 0.4209
49116.83984 0.4206
49116.84131 0.4129
49116.84277 0.4105
49118.87012 0.4502
49118.87207 0.4352
49118.87354 0.4466
49121.89209 0.5035
49121.89404 0.4929
49121.89551 0.4892
49124.85889 0.4339
49124.86035 0.4503
49124.86182 0.4426
49126.87158 0.4025
49126.87305 0.4083
49126.87451 0.4050
49131.83594 0.5296
49131.83789 0.5169
49131.83936 0.5038
