45494.77700 0.2617
45494.77900 0.2551
45494.78000 0.2361
45503.70500 0.2424
45503.70700 0.2268
45503.70800 0.2479
45505.69500 0.2248
45505.69700 0.2302
45505.69800 0.2205
45507.70500 0.2484
45507.70700 0.2404
45507.70800 0.2383
45510.68900 0.2370
45510.69100 0.2288
45510.69200 0.2263
45513.70300 0.2618
45513.70500 0.2319
45513.70700 0.2450
45516.73000 0.2602
45516.73200 0.2847
45516.73400 0.2991
45518.71900 0.2664
45518.72200 0.2460
45518.72400 0.2563
45521.72700 0.2303
45521.72800 0.2339
45521.73000 0.2351
45525.68300 0.2400
45525.68500 0.2364
45525.68700 0.2363
45527.70400 0.2364
45527.70500 0.2419
45527.72200 0.2675
45529.68100 0.2332
45529.68200 0.2303
45529.68400 0.2247
45531.67500 0.2380
45531.67700 0.2397
45531.67800 0.2462
45533.67300 0.2355
45533.67500 0.2524
45533.67700 0.2366
45535.68400 0.2258
45535.68500 0.2281
45535.68700 0.2389
45537.66700 0.2409
45537.66900 0.2270
45537.67000 0.2381
45539.66600 0.2350
45539.66700 0.2371
45539.66900 0.2456
45541.68800 0.2428
45541.69000 0.2507
45541.69200 0.2509
45543.67900 0.2001
45543.68100 0.1952
45543.68300 0.1889
45544.72200 0.2344
45544.72400 0.2522
45544.72500 0.2482
45546.68400 0.2929
45546.68600 0.2697
45546.68700 0.2445
45549.71500 0.3056
45549.71700 0.2758
45549.71900 0.2566
45550.70200 0.2604
45550.70400 0.2572
45550.70500 0.2480
45551.75100 0.2535
45551.75300 0.2503
45551.75500 0.2475
45842.77832 0.2517
45842.78027 0.2280
45842.78235 0.2319
48798.81445 0.2554
48798.81641 0.2527
48798.81787 0.2572
48822.76855 0.2406
48822.77002 0.2525
48822.77100 0.2440
