2446125.02100 0.2415
2446125.02319 0.2472
2446125.02515 0.2352
2446146.02173 0.2254
2446146.02271 0.2214
2446146.02368 0.2316
2446178.96753 0.2425
2446178.97021 0.2384
2446178.97314 0.2463
2446183.98682 0.2384
2446183.98926 0.2369
2446183.99194 0.2325
2446275.67676 0.2412
2446275.67773 0.2346
2446275.67847 0.2363
2446288.69214 0.2439
2446288.69287 0.2331
2446288.69385 0.2451
2446489.97803 0.2425
2446489.97876 0.2425
2446489.97949 0.2424
2446523.92285 0.2344
2446523.92432 0.2383
2446523.92603 0.2325
2446579.77197 0.2415
2446579.77295 0.2435
2446579.77417 0.2378
2446650.65234 0.2349
2446650.65356 0.2347
2446650.65454 0.2337
2446865.00146 0.2319
2446865.00342 0.2362
2446865.00537 0.2275
2446928.88550 0.2298
2446928.88745 0.2290
2446928.88965 0.2253
2446989.68066 0.2319
2446989.68262 0.2313
2446989.68481 0.2266
2447206.04565 0.2385
2447206.04663 0.2455
2447206.04785 0.2402
2447240.02563 0.2369
2447240.02710 0.2437
2447240.02856 0.2401
2447280.91675 0.2427
2447280.91797 0.2392
2447280.91919 0.2355
2447306.88770 0.2303
2447306.88867 0.2276
2447306.88940 0.2313
2447333.77148 0.2438
2447333.77271 0.2394
2447333.77368 0.2435
2447361.71484 0.2406
2447361.71582 0.2423
2447361.71704 0.2371
2447609.95898 0.2394
2447609.96021 0.2356
2447609.96143 0.2350
2447664.75049 0.2289
2447664.75220 0.2333
2447664.75366 0.2293
2447722.74634 0.2458
2447722.74756 0.2516
2447722.74878 0.2532
2448352.91797 0.2592
2448352.91895 0.2615
2448352.91943 0.2698
2448410.77197 0.2665
2448410.77295 0.2622
2448410.77393 0.2698
