2446330.96704 0.4244
2446330.96802 0.4271
2446330.96851 0.4329
2446368.77515 0.4278
2446368.77588 0.4244
2446368.77661 0.4207
2446377.89893 0.4192
2446377.89966 0.4289
2446377.90063 0.4225
2446413.73096 0.4107
2446413.73169 0.4196
2446413.73364 0.4186
2446441.67041 0.4442
2446441.67139 0.4457
2446441.67236 0.4208
2446674.97144 0.4156
2446718.88501 0.4221
2446718.88599 0.4229
2446718.88672 0.4185
2446745.81104 0.4179
2446745.81177 0.4165
2446745.81250 0.4171
2446776.73950 0.4303
2446776.74023 0.4125
2446776.74097 0.4132
2446809.66040 0.4210
2446809.66138 0.4233
2446809.66211 0.4172
2447024.96143 0.4151
2447024.96216 0.4067
2447024.96313 0.4139
2447054.93237 0.4185
2447054.93359 0.4074
2447054.93481 0.4045
2447088.90771 0.4220
2447088.90845 0.4190
2447088.90942 0.4211
2447121.78052 0.4272
2447121.78125 0.4149
2447121.78223 0.4218
2447149.73340 0.4267
2447149.73413 0.4220
2447149.73535 0.4289
2447183.68604 0.4279
2447183.68726 0.4233
2447183.68823 0.4228
2447428.96826 0.4265
2447428.96948 0.4271
2447428.97070 0.4262
2447451.88892 0.4348
2447451.89014 0.4253
2447451.89111 0.4255
2447474.78052 0.4211
2447474.78149 0.4267
2447474.78296 0.4221
2447508.67920 0.4172
2447508.68018 0.4113
2447508.68115 0.4183
2447541.67871 0.4704
2447541.67944 0.4598
2447541.68042 0.4563
2447784.97290 0.4339
2447784.97388 0.4432
2447784.97485 0.4347
