39668.80000 1.6586
39669.80000 1.5990
39694.80000 1.8898
39963.80000 1.2953
39964.80000 2.0604
39978.80000 1.7008
39979.80000 1.5830
40010.80000 2.1724
40011.80000 1.8814
40045.80000 2.0043
40046.80000 1.9641
40047.80000 2.0758
40048.80000 1.8965
40077.80000 1.2840
40078.80000 1.5170
40079.80000 1.5933
40080.80000 1.5063
40284.80000 2.4674
40285.80000 1.7234
40312.80000 1.9668
40339.80000 2.5730
40340.80000 1.7749
40341.80000 1.7110
40404.80000 1.6438
40405.80000 1.6984
40406.80000 1.6713
40407.80000 1.7701
40663.80000 1.8301
40664.80000 1.8082
40665.80000 2.4233
40685.80000 2.3741
40686.80000 1.6582
40687.80000 2.0338
40688.80000 1.8758
40725.80000 1.7879
40726.80000 1.7398
40727.80000 1.8455
40728.80000 1.8040
40729.80000 1.7354
40760.80000 1.6433
40761.80000 1.8885
40762.80000 1.8029
41026.80000 1.6464
41027.80000 1.8326
41028.80000 1.5679
41050.80000 1.7430
41051.80000 1.5870
41052.80000 1.5661
41053.80000 1.5603
41083.80000 1.6307
41084.80000 1.5604
41085.80000 1.5113
41113.80000 1.7662
41114.80000 1.8293
41133.80000 1.5504
41134.80000 1.7637
41135.80000 1.8544
41136.80000 1.7995
41398.80000 1.4570
41399.80000 1.5828
41400.80000 1.7049
41401.80000 1.3463
41428.80000 1.3726
41429.80000 1.3644
41430.80000 1.5745
41459.80000 1.5499
41460.80000 1.5780
41461.80000 1.4599
41487.80000 1.5907
41502.80000 1.7627
41503.80000 1.8568
41763.80000 1.2190
41764.80000 1.2805
41765.80000 1.2731
41786.80000 1.0800
41787.80000 1.2154
41788.80000 1.2637
41819.80000 1.3805
41820.80000 1.4365
41821.80000 1.4725
41822.80000 1.3748
41835.80000 1.3966
41836.80000 1.4550
41884.80000 1.1831
41885.80000 1.5480
41886.80000 1.2681
42109.80000 1.1270
42110.80000 1.3103
42147.80000 1.3636
42148.80000 1.4095
42166.80000 1.3838
42167.80000 1.3331
42168.80000 1.4699
42169.80000 1.4507
42208.80000 1.3645
42210.80000 1.3759
42218.80000 1.3450
42219.80000 1.3553
42220.80000 1.3171
42259.80000 1.5225
42260.80000 1.3371
42261.80000 1.4123
42262.80000 0.9851
42467.80000 1.3127
42468.80000 1.2555
42469.80000 1.4354
42470.80000 1.4590
42495.80000 1.5020
42525.80000 0.9557
42557.80000 1.2135
42558.80000 1.1317
42559.80000 1.0937
42560.80000 1.2577
42590.80000 1.2387
42591.80000 1.3711
42592.80000 1.3232
42613.80000 1.3145
42614.80000 1.3022
42615.80000 1.2893
42616.80000 1.1553
42819.80000 1.4353
42820.80000 1.2701
42849.80000 1.1016
42850.80000 1.0565
42885.80000 1.1903
42910.80000 1.1054
42911.80000 1.1297
42912.80000 1.1762
42913.80000 1.3142
42939.80000 0.8639
42940.80000 1.3225
42973.80000 1.0597
42974.80000 1.1167
42975.80000 1.1728
43173.80000 1.4213
43175.80000 1.3281
43203.80000 1.2487
43204.80000 1.4314
43205.80000 1.2106
43206.80000 1.2023
43235.80000 1.3292
43236.80000 1.1691
43236.80000 1.2402
43237.80000 1.3586
43238.80000 1.4412
43238.80000 1.2801
43239.80000 1.4332
43239.80000 1.3087
43254.80000 1.7176
43255.80000 1.5788
43256.80000 1.5678
43256.80000 1.3635
43257.80000 1.5128
43257.80000 1.4508
43273.80000 1.3520
43294.80000 1.3438
43295.80000 1.3518
43296.80000 1.2405
43297.80000 1.3332
43346.80000 1.4627
43347.80000 1.4885
43347.80000 1.4383
43348.80000 1.5954
43348.80000 1.3845
43349.80000 1.4503
43349.80000 1.3565
43350.80000 1.3988
43350.80000 1.5100
43351.80000 1.4708
43351.80000 1.4013
43629.80000 1.3397
43663.80000 1.2936
43664.80000 1.3823
43703.80000 1.4124
43704.80000 1.3087
43892.80000 1.3054
43898.80000 1.1859
43899.80000 1.2763
43982.80000 1.1245
43983.80000 1.1662
43984.80000 1.2392
43997.80000 1.1935
43998.80000 1.1429
44003.80000 1.4931
44004.80000 1.4057
44005.80000 1.4315
44024.80000 1.2319
44050.80000 1.4702
44051.80000 1.4794
44260.80000 1.1230
44277.80000 1.1225
44278.80000 1.1864
44656.00500 1.3000
44656.00702 1.2651
44656.00897 1.2280
44658.00098 1.2831
44658.00299 1.2258
44658.00403 1.2325
44658.98901 1.2382
44658.99103 1.2719
44658.99200 1.2444
44671.98499 1.2748
44671.98602 1.3273
44671.98798 1.2401
44672.95502 1.2586
44672.95697 1.3020
44672.95801 1.3261
44673.91803 1.2459
44673.91901 1.2268
44673.91998 1.3097
44678.93903 1.3312
44678.94098 1.2998
44678.94202 1.3548
44685.98700 1.2292
44685.98999 1.2187
44685.99298 1.2217
44687.91400 1.3908
44687.91699 1.3738
44687.91998 1.3193
44691.92798 1.2795
44691.93103 1.1774
44691.93597 1.2405
44692.93903 1.3778
44692.94098 1.3512
44692.94299 1.2642
44698.90802 1.3420
44698.90997 1.3415
44698.91199 1.2702
44699.90302 1.3348
44699.90503 1.4108
44699.90698 1.3639
44700.91101 1.4902
44700.91302 1.4631
44700.91400 1.5108
44701.89697 1.1976
44701.90002 1.2637
44701.90302 1.2182
44703.86401 1.1883
44703.86499 1.2397
44703.86700 1.2819
44705.90601 1.2554
44705.90802 1.2170
44705.90900 1.2606
44707.90997 1.3102
44707.91199 1.2793
44707.91498 1.3339
44708.89697 1.3580
44708.89801 1.4226
44708.89899 1.3443
44709.86298 1.4511
44709.86401 1.5073
44709.86499 1.4864
44710.89203 1.3629
44710.89398 1.4404
44710.89502 1.3556
44716.88800 1.1747
44716.88898 1.3137
44716.89099 1.2671
44717.81897 1.2737
44717.82098 1.3294
44717.82202 1.3041
44718.90002 1.2902
44718.90100 1.3266
44718.90198 1.3572
44719.88501 1.3521
44719.88599 1.3891
44719.88702 1.4586
44719.88898 1.4096
44719.89001 1.5314
44719.89099 1.3371
44719.89398 1.4396
44719.89502 1.3783
44719.89600 1.4916
44732.80902 1.3113
44732.81000 1.2786
44732.81201 1.2748
44733.78900 1.4469
44733.78998 1.4299
44733.79102 1.3808
44734.79102 1.3858
44734.79199 1.3644
44734.79303 1.2810
44735.78802 1.1780
44735.78900 1.2043
44735.79102 1.2028
44736.80902 1.2232
44736.81000 1.3422
44736.81097 1.3309
44737.80603 1.2343
44737.80701 1.2269
44737.80902 1.2723
44738.78900 1.2232
44738.78998 1.1277
44738.79102 1.2587
44742.77698 1.3778
44742.77802 1.2922
44742.77899 1.3633
44745.79797 1.4013
44745.80103 1.2898
44745.80402 1.2997
44746.80499 1.4077
44746.80701 1.3472
44746.80798 1.3548
44747.81201 1.2984
44747.81403 1.2769
44747.81500 1.3593
44748.77100 1.3304
44748.77197 1.3131
44748.77399 1.2700
44749.81403 1.1872
44749.81598 1.2643
44749.81702 1.2477
44753.77802 1.3675
44753.77899 1.4113
44753.78101 1.3771
44754.77899 1.3970
44754.78101 1.4082
44754.78302 1.4437
44755.79401 1.4653
44755.79602 1.4315
44755.79797 1.3572
44756.77899 1.5200
44756.78003 1.3425
44756.78198 1.4143
44757.78400 1.4346
44757.78601 1.4464
44757.78699 1.3604
44759.78101 1.2148
44759.78198 1.3130
44759.78400 1.2660
44760.77399 1.1726
44760.77698 1.1683
44760.77899 1.1124
44761.77802 1.1468
44761.77899 1.2413
44761.78101 1.2128
44762.78302 1.2181
44762.78400 1.1716
44762.78601 1.2768
44763.76599 1.3043
44763.76801 1.2099
44764.72998 1.1608
44764.73199 1.1815
44764.73297 1.2774
44765.71600 1.0814
44765.71698 1.0948
44765.71899 1.1746
44771.77698 1.1428
44771.77899 1.0811
44771.78003 1.0711
44773.78302 1.3430
44773.78497 1.2168
44773.78601 1.2278
44774.77899 1.2778
44774.78003 1.2741
44774.78198 1.2441
44775.78400 1.2713
44775.78497 1.2442
44775.78601 1.3204
44776.70099 1.3551
44776.70300 1.2549
44776.70502 1.3036
44777.71399 1.3274
44777.71600 1.1775
44777.71802 1.2356
44778.71002 1.2420
44778.71100 1.3778
44778.71198 1.2847
44779.72400 1.2538
44779.72498 1.1618
44779.72601 1.2897
44780.70801 1.2977
44780.70898 1.3992
44780.71100 1.3440
44781.70398 1.3499
44781.70599 1.3599
44781.70697 1.4348
44782.72198 1.3839
44782.72302 1.3098
44782.72498 1.3516
44783.71503 1.2242
44783.71698 1.1589
44783.71997 1.2427
44784.71698 1.2934
44784.71899 1.2077
44784.71997 1.2467
44785.72302 1.2920
44785.72400 1.3077
44785.72601 1.4123
44785.72803 1.3247
44785.72998 1.2904
44785.73199 1.3100
44792.71100 1.2017
44792.71301 1.2022
44792.71503 1.2543
44793.73401 1.2334
44793.73499 1.2318
44793.73602 1.2502
44794.72900 1.2710
44794.73102 1.2490
44794.73297 1.2072
44795.70898 1.2712
44795.71002 1.2959
44795.71198 1.2412
44796.70898 1.2620
44796.71100 1.2146
44796.71198 1.2519
44797.71899 1.2626
44797.71997 1.3185
44797.72101 1.3412
44798.70398 1.4582
44798.70502 1.4522
44798.70599 1.4507
44799.69202 1.3741
44799.69397 1.4623
44799.69598 1.3045
44802.73102 1.2887
44802.73297 1.2879
44802.73401 1.2429
44803.75500 1.1469
44803.75702 1.1926
44803.75897 1.2435
44804.71399 1.1077
44804.71503 1.1270
44804.71698 1.2066
44805.69897 1.2602
44805.70001 1.2179
44805.70203 1.2454
44806.72198 1.2750
44806.72302 1.2396
44806.72498 1.2070
44807.70099 1.2201
44807.70203 1.1979
44807.70398 1.1977
44808.73297 1.2462
44808.73499 1.1726
44808.73602 1.3058
44810.68799 1.3490
44810.68903 1.4632
44810.69098 1.3008
44996.03699 1.2585
44996.03900 1.2621
44996.04102 1.2971
45000.00098 1.0095
45000.00299 1.2616
45000.00500 1.0809
45001.01703 1.3966
45001.01898 1.2621
45001.02002 1.2833
45020.98102 1.2060
45020.98297 1.2811
45020.98499 1.3031
45021.99500 1.3396
45021.99597 1.3026
45021.99799 1.3098
45027.00903 1.1459
45027.01099 1.1711
45027.01294 1.1793
45028.98401 1.2390
45028.98596 1.1906
45028.98804 1.1389
45032.02905 1.1725
45032.03296 1.1787
45032.03699 1.1617
45032.91602 1.1749
45032.91797 1.2144
45032.92102 1.2024
45048.96204 1.1283
45048.96399 1.1953
45048.96704 1.2446
45049.95996 1.1421
45049.96106 1.2039
45049.96301 1.2495
45050.98206 1.1344
45050.98401 1.0992
45050.98596 1.0910
45052.94104 1.2357
45052.94397 1.1533
45052.94604 1.1301
45059.94495 1.0439
45059.94702 1.1259
45059.94995 1.0778
45072.90503 1.2612
45072.90796 1.2672
45072.91003 1.3033
45076.89099 1.3827
45076.89197 1.4036
45076.89404 1.3028
45077.87195 1.2040
45077.87402 1.2244
45077.87598 1.2526
45078.85706 1.1783
45078.85999 1.1438
45078.86206 1.0758
45079.76599 1.2388
45079.76794 1.2282
45079.77002 1.2337
45081.77795 1.0522
45081.78003 1.0441
45081.78296 1.0192
45082.79504 1.1777
45082.79797 1.2168
45082.80103 1.2182
45083.75806 1.1424
45083.76001 1.0882
45083.76294 1.0745
45084.84302 1.1376
45084.84595 1.2095
45084.84802 1.2838
45085.75098 1.2721
45085.75598 1.2110
45085.76001 1.0718
45085.93005 1.1315
45085.93298 1.2090
45085.93604 1.2011
45087.75098 1.2806
45087.75305 1.3187
45087.75598 1.1942
45087.91797 1.1451
45087.92102 1.1237
45087.92297 1.1470
45088.72900 1.2711
45088.73206 1.2062
45088.73401 1.1746
45088.89502 1.3817
45088.89600 1.3044
45088.89905 1.2678
45089.74805 1.1480
45089.75000 1.3070
45089.75098 1.2377
45091.82104 1.2149
45091.82300 1.2552
45091.82495 1.2592
45092.79102 1.1732
45092.79297 1.2509
45092.79504 1.1701
45093.78003 1.1936
45093.78198 1.1705
45093.78406 1.1852
45094.85205 1.2077
45094.85498 1.1267
45094.85706 1.1907
45095.82605 1.1884
45095.82800 1.1664
45095.82996 1.3267
45096.79004 1.2428
45096.79199 1.2810
45096.79504 1.2911
45097.80200 1.2250
45097.80396 1.1369
45097.80701 1.1633
45102.73303 1.2737
45102.73596 1.3030
45102.73999 1.1942
45103.77698 1.2547
45103.78003 1.2042
45103.78198 1.3244
45104.81006 0.9594
45104.81299 0.9923
45104.81604 1.0336
45105.79102 1.2126
45105.79297 1.3029
45105.79504 1.2327
45106.80005 1.2584
45106.80298 1.1899
45106.80603 1.1911
45107.78894 1.3535
45107.79199 1.2616
45107.79602 1.2321
45108.76904 0.8485
45108.77002 1.1347
45108.77197 1.0087
45109.78198 1.2536
45109.78503 1.2983
45109.78699 1.2875
45110.77795 1.1895
45110.78003 1.2534
45110.78198 1.2529
45111.85706 1.2747
45111.85901 1.2718
45111.86096 1.2598
45112.78699 1.1902
45112.78894 1.2610
45112.79199 1.2305
45113.80103 1.2843
45113.80298 1.2438
45113.80505 1.1797
45114.75500 1.1129
45114.75806 1.2599
45114.76099 1.1309
45116.87305 1.0216
45116.87500 1.0426
45116.87695 1.0195
45119.76599 1.0848
45119.76794 1.2079
45119.76904 1.0424
45120.77002 1.2853
45120.77197 1.2806
45120.77295 1.2777
45121.79602 1.1617
45121.79700 1.1738
45121.79895 1.2654
45122.77600 1.2134
45122.77698 1.2151
45122.77795 1.1189
45123.74597 1.2231
45123.74805 1.1994
45123.75000 1.2971
45124.74695 1.1659
45124.74902 1.2359
45124.75098 1.1771
45125.70300 1.1679
45125.70398 1.1075
45125.70496 1.1493
45126.76599 1.2621
45126.76697 1.2631
45126.76904 1.2307
45128.76294 1.1248
45128.76501 1.1641
45128.76599 1.2756
45129.76294 1.2338
45129.76404 1.2447
45129.76599 1.3026
45130.72705 1.1767
45130.72803 1.1735
45130.72900 1.2399
45131.73096 1.2789
45131.73303 1.2692
45131.73401 1.2119
45132.73901 1.2082
45132.73999 1.2427
45132.74194 1.2053
45133.77100 1.1193
45133.77295 1.1343
45133.77600 1.0129
45134.75195 1.1012
45134.75403 1.1169
45134.75500 1.1116
45135.77295 1.1544
45135.77405 1.2027
45135.77502 1.1865
45136.75000 1.2896
45136.75195 1.1810
45136.75305 1.2541
45137.75403 1.2234
45137.75598 1.2355
45137.75806 1.1517
45139.78894 1.1093
45139.79102 1.1415
45139.79199 1.1812
45140.77100 1.1305
45140.77295 1.2161
45140.77502 1.1434
45141.79102 1.2442
45141.79297 1.2080
45141.79504 1.2216
45142.78503 1.2162
45142.78601 1.1846
45142.78796 1.2712
45143.72705 1.2653
45143.72998 1.1954
45143.73206 1.1926
45144.71106 1.2568
45144.71399 1.1925
45144.71594 1.2568
45145.71399 1.2324
45145.71594 1.2348
45145.71704 1.1660
45151.72302 1.2138
45151.72498 1.1584
45151.72705 1.2202
45152.72205 1.2770
45152.72400 1.2797
45152.72595 1.3038
45153.71899 1.3316
45153.71997 1.2326
45153.72095 1.3750
45154.69397 1.2953
45154.69604 1.2529
45154.69800 1.2693
45155.73706 1.1944
45155.73901 1.2160
45155.74097 1.2307
45156.73096 1.1955
45156.73303 1.1636
45156.73499 1.1982
45157.71301 1.3127
45157.71497 1.2113
45157.71704 1.2456
45158.69995 1.2700
45158.70203 1.2328
45158.70300 1.3105
45159.69897 1.3235
45159.70105 1.3023
45159.70300 1.1674
45160.71704 1.2131
45160.71899 1.1930
45160.71997 1.2050
45161.69397 1.2281
45161.69495 1.2014
45161.69702 1.2244
45162.69104 1.2598
45162.69299 1.2272
45162.69495 1.2387
45163.70496 1.2441
45163.70605 1.3495
45163.70703 1.3224
45164.67700 1.2526
45164.67798 1.3005
45164.67896 1.2522
45165.68201 1.2000
45165.68298 1.2193
45165.68396 1.1958
45166.69397 1.1981
45166.69495 1.1294
45166.69702 1.1972
45167.68005 1.1756
45167.68103 1.1909
45167.68201 1.1353
45168.67603 1.3110
45168.67798 1.2989
45168.67896 1.2076
45169.67505 1.3170
45169.67603 1.2673
45169.67700 1.3348
45170.67505 1.2397
45170.67603 1.2169
45170.67700 1.3172
45171.68298 1.2758
45171.68506 1.2394
45171.68604 1.2661
45172.68005 1.3898
45172.68103 1.3725
45172.68201 1.3014
45173.68201 1.2557
45173.68298 1.2259
45173.68506 1.1573
45174.66895 1.2027
45174.67004 1.2922
45174.67200 1.2650
45175.66504 1.2726
45175.66602 1.3230
45175.66699 1.3534
45176.68396 1.1594
45176.68506 1.1871
45176.68701 1.1988
45183.66296 1.1502
45183.66394 1.1035
45183.66602 1.1138
45184.66602 1.3060
45184.66699 1.3750
45184.66797 1.2877
45347.05701 1.3731
45347.05798 1.2252
45347.05896 1.3200
45349.06799 1.2958
45349.07104 1.3257
45349.07202 1.3315
45350.05798 1.4235
45350.05896 1.4557
45350.06006 1.4316
45363.02100 1.2691
45363.02600 1.2302
45363.03003 1.2783
45367.06006 1.3436
45367.06201 1.3486
45367.06299 1.3495
45380.05298 1.1709
45380.05396 1.2113
45380.05505 1.2107
45381.02795 1.3191
45381.02905 1.3707
45381.03003 1.3129
45382.01599 1.3200
45382.01697 1.3198
45382.01904 1.2611
45383.00195 1.3161
45383.00403 1.3176
45383.00500 1.2627
45386.01196 1.2209
45386.01501 1.2056
45386.01697 1.1619
45386.95605 1.2983
45386.95703 1.2924
45386.95898 1.2222
45398.97595 1.1894
45398.97900 1.1687
45398.98096 1.2286
45402.93604 1.3781
45402.93799 1.3712
45402.93896 1.3580
45406.97998 1.3218
45406.98206 1.2805
45406.98401 1.3588
45409.97302 1.1763
45409.97498 1.1309
45409.97705 1.1680
45419.92004 1.2804
45419.92200 1.2459
45419.92395 1.2407
45422.96802 1.1700
45422.97095 1.1676
45422.97498 1.1834
45423.94495 1.2291
45423.94897 1.2256
45423.95105 1.2210
45424.93103 1.2512
45424.93201 1.2894
45424.93396 1.3575
45425.95801 1.2545
45425.96301 1.1737
45425.96704 1.2114
45429.92505 1.2710
45429.92798 1.2823
45429.93103 1.3039
45430.97095 1.2645
45430.97595 1.2695
45430.97900 1.2790
45431.92395 1.2136
45431.92798 1.2565
45431.93103 1.1855
45432.93506 1.2484
45432.93701 1.1925
45432.93994 1.2425
45433.94104 1.2408
45433.94299 1.2542
45433.94397 1.1997
45437.95496 1.2048
45437.95703 1.2203
45437.95996 1.2432
45438.83704 1.3978
45438.83899 1.3205
45438.84094 1.3413
45439.89502 1.3357
45439.89795 1.3231
45439.90002 1.3274
45440.89197 1.3947
45440.89404 1.3939
45440.89600 1.3643
45447.80396 1.3196
45447.80603 1.2368
45447.80896 1.2402
45457.77698 1.2916
45457.78003 1.2531
45457.78296 1.3723
45476.75500 1.0306
45476.75903 1.1439
45476.76099 1.1990
45477.75403 1.2281
45477.75500 1.2030
45477.75598 1.3206
45478.72595 1.2980
45478.72705 1.3767
45478.72803 1.3069
45479.76001 1.2423
45479.76099 1.2734
45479.76294 1.3429
45480.72998 1.3683
45480.73096 1.3546
45480.73206 1.3897
45481.78503 1.3643
45481.78601 1.3532
45481.78796 1.3823
45482.73901 1.3909
45482.73999 1.3400
45482.74097 1.3163
45484.76501 1.1577
45484.76697 1.2721
45484.76904 1.2384
45485.76001 1.0981
45485.76294 1.1572
45485.76599 1.1508
45488.81006 1.3541
45488.81104 1.3925
45488.81201 1.4243
45489.71900 1.2756
45489.72000 1.3004
45489.72200 1.2245
45504.71200 1.3940
45504.71300 1.3228
45504.71400 1.2606
45518.70700 0.8985
45518.70900 1.1876
45518.71100 1.2281
45523.70200 1.2714
45523.70300 1.3241
45523.70400 1.3531
45710.08700 1.2107
45710.09000 1.2552
45710.09300 1.2186
45722.04300 1.1132
45722.04700 1.1013
45722.05100 1.1741
45729.07000 1.2097
45729.07200 1.1082
45729.07300 1.2035
45736.02700 1.2058
45736.02900 1.1544
45736.03000 1.2111
45740.00100 1.2859
45740.00400 1.2893
45740.01000 1.2413
45752.00000 1.2660
45752.00200 1.2751
45752.00400 1.3167
45757.04100 1.1501
45757.04400 1.1405
45757.04700 1.1848
45762.98800 1.3210
45762.99000 1.3274
45762.99200 1.2752
45768.04000 1.3006
45768.04200 1.1926
45768.04400 1.2307
45772.99365 1.1647
45772.99597 1.1834
45772.99866 1.1853
45780.00200 1.1981
45780.00400 1.2219
45780.00600 1.2569
45788.95166 1.2953
45788.95300 1.1395
45788.95459 1.2299
45797.96200 1.1999
45797.96400 1.2747
45797.96600 1.2285
45804.82900 1.1439
45804.83100 1.1288
45804.83300 1.1107
45819.93300 1.2467
45819.93500 1.2861
45819.93700 1.2722
45828.82800 1.2052
45828.83000 1.1275
45828.83200 1.1400
45831.78600 1.1537
45831.78900 1.2012
45831.79200 1.1703
45837.78992 1.1373
45837.79150 1.1366
45837.79321 1.1682
45841.77673 1.1735
45841.77893 1.1350
45841.78101 1.2147
45845.80396 1.2193
45845.80762 1.2201
45845.81140 1.1216
45849.80420 1.0246
45849.80579 1.0547
45849.80725 1.1477
45859.81360 1.1281
45859.81604 1.1017
45859.81836 1.1480
45865.78003 1.2238
45865.78235 1.1413
45865.78455 1.1894
45871.75232 1.1944
45871.75366 1.2517
45871.75513 1.2200
45878.71204 1.1079
45878.71582 1.1367
45878.71924 1.0730
45884.72595 1.1686
45884.72864 1.2544
45884.73108 1.1986
45886.72498 1.1880
45886.72742 1.1716
45886.73010 1.1542
45887.72400 1.1261
45887.72571 1.1216
45887.72766 1.0988
45888.77771 1.2679
45888.77930 1.2498
45888.78101 1.2212
45890.73499 1.1807
45890.73706 1.1548
45890.73962 1.1310
45891.72510 1.1912
45891.72729 1.1328
45891.72937 1.1470
45892.73413 1.0936
45892.73584 1.1602
45892.73779 1.1933
45893.72595 1.1463
45893.72839 1.1799
45893.73059 1.1485
45895.73364 1.0548
45895.73706 1.1470
45895.74072 1.1098
45901.69287 1.1880
45901.69421 1.0195
45901.69568 1.0582
46102.98950 1.1265
46103.00269 1.1174
46103.01514 1.1740
46103.69751 1.1534
46103.70020 1.1596
46103.70288 1.1529
46107.05957 1.1487
46107.06372 1.1724
46107.06738 1.1444
46111.02197 1.2897
46111.02466 1.2238
46111.02734 1.2394
46113.05957 1.1717
46113.06274 1.1460
46113.06567 1.2300
46114.06836 1.1793
46114.07227 1.1715
46114.07422 1.1819
46120.03735 1.1395
46120.04077 1.2666
46120.04370 1.2817
46121.02588 1.1817
46121.02905 1.1885
46121.03296 1.1767
46139.00439 1.1155
46139.00708 1.1854
46139.00977 1.1063
46142.04712 1.2738
46142.05029 1.2017
46142.05347 1.2939
46146.00415 1.1268
46146.00684 1.1237
46146.00952 1.0524
46148.97656 1.2408
46148.98022 1.1801
46148.98315 1.1215
46158.00488 1.1628
46158.00903 1.0831
46158.01196 1.1001
46158.83765 1.1276
46158.84033 1.1819
46158.84326 1.1656
46160.00317 1.1035
46160.00659 1.1215
46160.01025 1.1337
46160.94067 1.2845
46160.94263 1.2897
46160.94482 1.2729
46161.90698 1.0867
46161.91016 1.1302
46161.91309 1.1176
46163.86572 1.2805
46163.86768 1.2668
46163.86963 1.2213
46164.88672 1.2586
46164.88892 1.2917
46164.89136 1.2030
46165.86597 1.2610
46165.86890 1.2071
46165.87183 1.2510
46166.89014 1.3891
46166.89233 1.3993
46166.89478 1.3822
46167.99414 1.1979
46167.99658 1.1727
46167.99927 1.1436
46168.98120 1.1422
46168.98486 1.1232
46168.98877 1.1327
46170.94214 1.1122
46170.94629 1.0891
46170.95068 1.0742
46179.88818 1.1970
46179.89258 1.2712
46179.89722 1.1889
46183.95776 1.1266
46183.96021 1.1317
46183.96655 1.1224
46185.92456 1.2232
46185.92725 1.2897
46185.92993 1.2210
46186.87354 1.3034
46186.87622 1.3244
46186.87866 1.2552
46187.83228 1.2548
46187.83447 1.2298
46187.83643 1.2241
46189.91675 1.1834
46189.91968 1.2027
46189.92261 1.1989
46190.80688 1.1570
46190.80981 1.2278
46190.81323 1.2176
46191.73779 1.0334
46191.74414 1.0384
46191.74951 1.0599
46192.85889 1.0325
46192.86328 1.0703
46192.86768 1.0352
46198.88159 1.1671
46198.88477 1.2133
46198.88770 1.1995
46199.86377 1.2088
46199.86646 1.2262
46199.86890 1.2554
46200.73267 1.1930
46200.73584 1.2405
46200.73901 1.1695
46201.83130 1.1628
46201.83447 1.1269
46201.83789 1.1184
46202.83154 1.1545
46202.83496 1.1187
46202.83789 1.1315
46203.81616 1.1842
46203.81836 1.2246
46203.82056 1.1776
46204.82764 1.1088
46204.83130 1.0773
46204.83521 1.0257
46208.88745 1.2593
46208.89111 1.2918
46208.89453 1.3209
46209.85889 1.2141
46209.86182 1.2417
46209.86450 1.2418
46212.86328 1.1242
46212.86719 1.1104
46212.87183 1.0658
46213.78467 1.1299
46213.78809 1.2119
46213.79175 1.1690
46213.79663 1.1181
46213.80054 1.1188
46213.80396 1.1370
46213.80566 1.1741
46213.80737 1.2107
46213.80908 1.1972
46213.81006 1.1670
46213.81079 1.1859
46213.81152 1.2145
46215.82544 1.1538
46215.83032 1.1101
46215.83496 1.1778
46216.83105 1.1216
46216.83667 1.1801
46216.84155 1.1589
46218.82837 1.1562
46218.83301 1.1073
46218.83789 1.1782
46220.80518 1.0793
46220.81104 1.1866
46220.81616 1.1785
46221.80371 1.1648
46221.80664 1.1715
46221.80981 1.1383
46222.75977 1.2045
46222.76221 1.2094
46222.76440 1.2006
46223.79297 1.2949
46223.79590 1.2697
46223.79834 1.2796
46224.75366 1.2422
46224.75610 1.2078
46224.75854 1.2781
46225.75537 1.1689
46225.75854 1.0972
46225.76172 1.1318
46226.70386 1.0952
46226.70923 1.0298
46226.71436 1.0057
46230.76318 1.1058
46230.76855 1.1858
46230.77393 1.0925
46231.75781 1.1392
46231.76196 1.2118
46231.76587 1.2236
46233.76367 1.1561
46233.76685 1.2242
46233.77051 1.2150
46234.70361 1.1521
46234.70728 1.1793
46234.71094 1.1994
46235.78516 1.2423
46235.78735 1.2273
46235.78979 1.2498
46237.76001 1.0716
46237.76074 1.0906
46237.76172 1.0723
46238.73462 1.1616
46238.73535 1.1554
46238.73608 1.1473
46239.71997 1.1555
46239.72070 1.1855
46239.72119 1.1479
46240.75220 1.1776
46240.75293 1.1781
46240.75391 1.1587
46241.73462 1.1830
46241.73584 1.2023
46241.73682 1.2271
46242.76367 1.3018
46242.76440 1.3147
46242.76489 1.2738
46243.72754 1.3396
46243.72876 1.3257
46243.72974 1.3713
46244.75562 1.3306
46244.75684 1.3002
46244.75781 1.2922
46246.74976 1.1984
46246.75098 1.2338
46246.75244 1.2353
46249.75586 1.1715
46249.75757 1.1801
46249.75928 1.1638
46250.71021 1.2271
46250.71167 1.2641
46250.71313 1.1838
46264.70874 1.1605
46264.70996 1.1915
46264.71118 1.1536
46267.69092 1.2121
46267.69189 1.1774
46267.69287 1.2003
46268.68311 1.2709
46268.68408 1.2771
46268.68506 1.3068
46271.68237 1.1893
46271.68311 1.2075
46271.68408 1.1724
46287.67700 1.1933
46287.67822 1.2473
46287.67944 1.2309
46419.05029 1.2025
46419.05200 1.1720
46419.05420 1.1741
46420.04663 1.1376
46420.04883 1.1268
46420.05029 1.1580
46421.04492 1.1199
46421.04639 1.0793
46421.04785 1.0936
46422.03979 1.0705
46422.04126 1.0972
46422.04248 1.1435
46473.00244 1.1222
46473.00415 1.1482
46473.00610 1.1531
46485.98535 1.0790
46485.98730 1.0712
46485.99023 0.9993
46489.96191 1.2015
46489.96362 1.2110
46489.96484 1.2697
46491.99316 1.2031
46491.99487 1.1675
46491.99683 1.2401
46494.00708 1.1412
46494.00879 1.2092
46494.01099 1.1519
46494.94482 1.2138
46494.94604 1.2108
46494.94775 1.2179
46509.00391 1.1177
46509.00757 1.0660
46509.01123 1.1191
46509.96240 1.2250
46509.96484 1.1099
46509.96680 1.1327
46510.98560 1.1224
46510.98877 0.9655
46510.99097 1.0268
46511.94849 1.2843
46511.95020 1.2376
46511.95190 1.1949
46512.95581 1.1779
46512.95898 1.1824
46512.96240 1.1992
46514.93823 1.0898
46514.94116 1.0497
46514.94385 1.1043
46515.99634 1.1366
46515.99927 1.1018
46516.00244 1.0386
46516.97461 1.1802
46516.97632 1.1063
46516.97803 1.0743
46518.00806 1.2015
46518.01001 1.1339
46518.01196 1.1596
46520.01294 1.1794
46520.01636 1.2249
46520.01978 1.2482
46524.94702 1.2801
46524.94873 1.1855
46524.95044 1.1756
46529.93555 1.0995
46529.93774 1.0706
46529.93994 1.0747
46531.96875 1.0656
46531.97144 1.1508
46531.97388 1.1726
46532.91943 1.0928
46532.92310 1.0691
46532.92651 1.1214
46535.94897 1.1541
46535.95093 1.1640
46535.95264 1.2177
46538.97168 1.1471
46538.97510 1.1016
46538.97852 1.0746
46539.91431 1.1392
46539.91675 1.1114
46539.91895 1.1451
46540.92480 1.1609
46540.92676 1.2080
46540.92944 1.0106
46542.94751 1.2693
46542.95020 1.2053
46542.95288 1.1702
46544.88672 1.2056
46544.88940 1.2059
46544.89185 1.2420
46547.96143 1.1011
46547.96362 1.1181
46547.96606 1.1341
46549.81665 1.2660
46549.81812 1.2748
46549.81982 1.2257
46550.91162 1.1776
46550.91382 1.1826
46550.91577 1.2048
46550.91797 1.2469
46550.92017 1.1572
46550.92212 1.2039
46550.92383 1.2107
46551.91479 1.2524
46553.91333 1.1890
46553.91504 1.2154
46553.91699 1.2289
46553.91919 1.2084
46553.92114 1.2047
46553.92310 1.2456
46555.81665 1.1710
46555.81958 1.1422
46555.82227 1.1749
46558.88770 1.0689
46558.89087 1.1525
46558.89404 1.1529
46559.92017 1.0636
46559.92310 1.1043
46559.92627 1.1382
46562.87744 1.2050
46562.87939 1.2083
46562.88135 1.2100
46566.88892 1.0518
46566.89355 1.0212
46566.89746 1.0899
46568.87646 1.2887
46568.87817 1.2176
46568.88013 1.2682
46569.88550 1.1888
46569.88745 1.1752
46569.88965 1.0797
46570.79883 1.1139
46570.80127 1.0775
46570.80396 1.0494
46572.88501 1.2243
46572.88867 1.0973
46572.89185 1.1150
46575.89233 1.1610
46575.89453 1.2423
46575.89722 1.1247
46576.80151 1.2693
46576.80322 1.2229
46576.80518 1.2190
46577.77417 1.2355
46577.77686 1.1716
46577.77930 1.2136
46579.76123 1.1913
46579.76318 1.1270
46579.76514 1.2272
46583.81689 1.2003
46583.81982 1.1982
46583.82275 1.1653
46584.78662 1.1975
46584.78882 1.1657
46584.79126 1.1657
46585.81274 1.3614
46585.81445 1.2891
46585.81641 1.3188
46587.77197 1.1289
46587.77515 1.0975
46587.77832 1.1470
46588.79272 1.2077
46588.79443 1.1293
46588.79590 1.1797
46590.78833 1.2305
46590.79077 1.1947
46590.79297 1.2169
46591.79272 1.2920
46591.79443 1.2597
46591.79614 1.2518
46592.77710 1.0748
46592.77954 1.0591
46592.78149 1.1728
46593.77173 1.2575
46593.77344 1.2382
46593.77515 1.2180
46594.78589 1.1814
46594.78784 1.2635
46594.78931 1.2879
46595.78442 1.2321
46595.78613 1.2581
46595.78760 1.1665
46596.77686 1.1973
46596.77905 1.1775
46596.78149 1.1814
46597.77173 1.2482
46597.77319 1.2800
46597.77490 1.1870
46598.78418 1.2753
46598.78638 1.2305
46598.78857 1.2117
46599.76880 1.3492
46599.77002 1.2941
46599.77124 1.3761
46600.76270 1.2642
46600.76416 1.3139
46600.76587 1.3076
46601.74902 1.1834
46601.75073 1.2381
46601.75244 1.1549
46602.71826 1.2500
46602.72021 1.1839
46602.72217 1.2311
46603.76465 1.2256
46603.76636 1.2818
46603.76782 1.2502
46604.75830 1.3280
46604.75977 1.3092
46604.76147 1.3051
46605.77197 1.2491
46605.77393 1.2629
46605.77563 1.2907
46608.74927 1.1331
46608.75122 1.1927
46608.75317 1.2120
46609.73901 1.0591
46609.74097 1.1054
46609.74292 1.1669
46610.75439 1.2797
46610.75586 1.3105
46610.75781 1.2501
46616.76953 1.1143
46616.77393 1.0777
46616.77832 1.1570
46617.74561 1.1689
46617.74805 1.1651
46617.75098 1.0964
46618.74463 1.2790
46618.74658 1.2937
46618.74854 1.2775
46620.74341 1.2405
46620.74536 1.2670
46620.74707 1.1711
46621.70850 1.3733
46621.70996 1.3462
46621.71143 1.3616
46623.72510 1.2949
46623.72656 1.3222
46623.72827 1.3795
46624.72803 1.1953
46624.73047 1.2095
46624.73267 1.1998
46625.70752 1.2932
46625.70996 1.2549
46625.71240 1.2503
46627.72363 1.2122
46627.72583 1.2181
46627.72778 1.1698
46629.70215 1.2922
46629.70386 1.2637
46629.70581 1.2191
46630.71143 1.2438
46630.71362 1.2856
46630.71558 1.1791
46631.69263 1.1597
46631.69434 1.2310
46631.69629 1.3167
46650.68896 1.2456
46650.69092 1.2797
46650.69287 1.2793
46857.02148 1.3063
46857.02393 1.3138
46857.02686 1.1581
46867.00049 1.0790
46867.00464 0.9880
46867.00928 0.9929
46869.05176 1.3657
46869.05640 1.3814
46869.06177 1.0623
46872.04639 1.3008
46872.05176 1.3227
46872.05737 1.2249
46878.03589 1.2696
46878.04077 1.1885
46878.04541 1.1456
46882.97388 0.9849
46882.98193 1.0472
46882.98975 1.0525
46890.95435 1.2446
46890.95874 1.2285
46890.96313 1.2593
46891.95874 1.2494
46891.96265 1.0975
46891.96606 1.2358
46893.94702 1.1564
46893.95117 1.0724
46893.95508 1.1182
46895.96265 1.1768
46895.96582 1.0960
46895.96948 1.0775
46898.97437 1.1977
46898.97754 1.1729
46898.98071 1.2025
46902.93384 1.2465
46902.93652 1.2601
46902.93994 1.2672
46906.94751 1.0275
46906.95093 1.1506
46906.95459 1.0742
46913.92114 1.1773
46913.92749 1.1420
46913.93481 1.0898
46918.89185 1.1607
46918.89502 1.1453
46918.89819 1.1003
46921.88696 1.0934
46921.88989 1.1760
46921.89307 1.1337
46922.87354 1.1556
46922.87671 1.1155
46922.87964 1.2016
46930.80542 1.1479
46930.80957 1.1156
46930.81372 1.0619
46937.81177 1.2290
46937.81543 1.1969
46937.81909 1.2476
46949.76489 1.0749
46949.76904 1.0619
46949.77295 1.1152
46950.77661 1.0974
46950.78076 1.2023
46950.78491 1.1584
46953.78052 1.2532
46953.78394 1.2464
46953.78735 1.3054
46955.75928 1.1498
46955.76343 1.0851
46955.76733 1.1354
46957.76318 1.1143
46957.76709 1.0332
46957.77124 1.0918
46958.77002 1.2207
46958.77393 1.1704
46958.77783 1.1254
46960.72534 1.1726
46961.78564 1.1867
46961.79053 1.1599
46961.79468 1.2258
46963.78394 1.2206
46963.78735 1.2120
46963.79053 1.2105
46965.77271 1.3045
46965.77588 1.3248
46965.77930 1.3347
46966.75879 1.1815
46966.76294 1.1201
46966.76611 1.2409
46970.74829 1.2856
46970.75171 1.2306
46970.75562 1.2742
46986.71021 1.2604
46986.71387 1.2883
46986.71802 1.1632
46988.71240 1.3464
46988.71606 1.2888
46988.71997 1.2885
46990.71948 1.2645
46990.72290 1.3481
46990.72607 1.3492
46992.71851 1.1566
46992.72241 1.1896
46992.72656 1.2001
47000.74634 1.2376
47000.74756 1.2261
47000.74902 1.2454
47000.75024 1.2109
47000.75171 1.2340
47002.73022 1.1132
47002.73193 1.1423
47002.73389 1.1623
47006.73267 1.1415
47006.73486 1.1612
47006.73779 1.0960
47006.74097 1.2060
47006.74341 1.1249
47006.74609 1.1556
47034.67749 1.3014
47034.67847 1.3581
47034.67944 1.3684
47034.68164 1.3068
47034.68311 1.3728
47034.68457 1.3355
47204.05835 1.0568
47204.06055 1.1152
47204.06274 1.0715
47205.07959 1.2114
47205.08081 1.2370
47205.08203 1.2208
47206.03491 1.2223
47206.03687 1.2328
47206.03857 1.1672
47207.05273 1.1973
47207.05566 1.1599
47207.05811 1.2211
47215.02734 1.2831
47215.02979 1.1920
47215.03247 1.2158
47224.04639 1.1340
47224.04932 1.1681
47224.05200 1.2344
47226.01001 1.3191
47226.01196 1.3012
47226.01367 1.3134
47240.01196 1.1560
47240.01343 1.1459
47240.01489 1.1843
47240.91333 1.3455
47240.91455 1.3412
47240.91577 1.3595
47241.95313 1.3640
47241.95410 1.3042
47241.95581 1.3263
47241.95752 1.3909
47241.95923 1.3071
47241.96069 1.3408
47241.96240 1.2808
47242.80811 1.2170
47242.80957 1.1857
47242.81104 1.2183
47242.81250 1.2286
47250.96582 1.1160
47250.96704 1.1715
47250.96826 1.1405
47251.97095 0.7919
47251.97388 0.8687
47251.97729 0.8820
47252.93213 1.1783
47252.93311 1.2276
47252.93433 1.2113
47253.88184 1.3527
47253.88281 1.3146
47253.88428 1.3651
47254.93921 1.1754
47254.93994 1.2242
47254.94092 1.2648
47255.89258 1.2557
47255.89404 1.2578
47255.89551 1.2247
47256.99512 1.1781
47256.99683 1.1906
47256.99902 1.2021
47275.92017 1.1694
47275.92139 1.2128
47275.92261 1.1916
47280.89868 1.1551
47280.90112 1.0879
47280.90356 1.0985
47283.91089 1.1580
47283.91211 1.1314
47283.91357 1.1452
47285.87500 1.1683
47285.87622 1.1343
47285.87817 1.1020
47290.88257 1.2759
47290.88428 1.2610
47290.88574 1.2500
47295.80957 1.1394
47295.81201 1.1497
47295.81445 1.1249
47295.81763 1.1683
47296.86719 1.2668
47296.86841 1.1948
47296.86987 1.2369
47300.80762 1.1013
47300.80859 1.1637
47300.80957 1.2218
47302.73267 1.2644
47302.73389 1.2104
47302.73486 1.2736
47305.88184 1.2559
47305.88281 1.2753
47305.88379 1.2800
47308.87085 1.1411
47308.87329 1.1436
47308.87622 1.1586
47309.77612 1.1348
47309.77954 1.1443
47309.78271 1.1223
47312.79834 1.1366
47312.79956 1.1342
47312.80078 1.1512
47313.72485 1.1934
47313.72632 1.1894
47313.72827 1.1646
47314.77490 1.2266
47314.77612 1.2151
47314.77710 1.2498
47315.76978 1.2387
47315.77124 1.2502
47315.77222 1.3147
47316.83789 1.3289
47316.83911 1.1760
47316.84033 1.1949
47316.84131 1.2462
47316.84229 1.2733
47316.84351 1.2095
47320.86230 1.1593
47320.86450 1.1607
47320.86621 1.1898
47320.86865 1.1653
47321.85498 1.1929
47321.85645 1.1957
47321.85840 1.1458
47321.86060 1.1942
47321.86255 1.1034
47322.84668 1.2461
47322.84863 1.1285
47322.85059 1.1287
47322.85278 1.1721
47323.82764 1.1276
47323.83032 1.0985
47323.83325 1.0786
47323.83862 1.1305
47323.84082 1.1714
47327.76636 1.2637
47327.76758 1.2827
47327.76855 1.3125
47329.78394 1.3906
47329.78540 1.3810
47329.78784 1.3466
47334.75903 1.1552
47334.76440 1.2078
47334.76563 1.2067
47336.76685 1.1205
47336.76880 1.0757
47336.77100 1.0987
47337.73682 1.1342
47337.73901 1.1771
47337.74072 1.1511
47339.75537 1.0809
47339.75757 1.1221
47339.75977 1.1141
47340.76294 1.3395
47340.76416 1.2712
47340.76538 1.3415
47341.76318 1.2593
47341.76465 1.2402
47341.76587 1.1696
47343.75879 1.2759
47343.76001 1.2144
47343.76147 1.2621
47344.74756 1.1103
47344.74878 1.1713
47344.74976 1.2493
47346.76660 1.2526
47346.76807 1.2005
47346.76953 1.1765
47346.77100 1.2000
47346.77246 1.2377
47346.77393 1.1943
47347.78687 1.1417
47347.78857 1.1738
47347.79004 1.1562
47348.81909 1.1557
47348.82104 1.1811
47348.82275 1.1740
47349.78564 1.2985
47349.78833 1.2396
47349.79053 1.2863
47351.77661 1.3248
47351.77783 1.3053
47351.77954 1.2049
47358.70142 1.2088
47358.70264 1.1822
47358.70386 1.2259
47360.69287 1.2296
47360.69385 1.2850
47360.69531 1.2374
47362.72192 1.2980
47362.72290 1.2164
47362.72412 1.2514
47366.70166 1.1847
47366.70313 1.2103
47366.70435 1.1899
47368.69092 1.2360
47368.69214 1.3176
47368.69336 1.3136
47370.69189 1.1207
47370.69434 1.1056
47370.69653 1.1218
47371.68604 1.1387
47371.68774 1.2005
47371.68945 1.1912
47373.68408 1.3035
47373.68604 1.3785
47373.68750 1.3959
47374.67065 1.2213
47374.67261 1.2063
47374.67505 1.1636
47377.70386 0.9877
47377.70557 0.9901
47377.70752 0.9427
47377.70923 1.0086
47379.70044 1.2278
47379.70288 1.1523
47379.70557 1.1362
47379.70801 1.1244
47379.71094 1.1738
47382.69897 1.1824
47382.70093 1.2131
47382.70337 1.1719
47382.70532 1.2197
47382.70752 1.2525
47384.70410 1.1830
47384.70801 1.1711
47384.71045 1.1165
47546.02075 0.8463
47546.02271 0.9880
47546.02490 0.9769
47573.99072 1.2916
47573.99219 1.3601
47573.99414 1.3458
47574.94141 1.4002
47574.94336 1.3896
47574.94507 1.1374
47579.02417 0.8248
47579.02832 0.8628
47579.03174 0.8040
47580.01807 1.1620
47580.02051 1.2049
47580.02490 1.1651
47597.00439 1.1488
47597.00732 1.1326
47597.01050 1.1988
47600.97754 0.4198
47600.97852 0.4390
47600.97949 0.4391
47607.97632 1.1658
47607.97827 1.1621
47607.97998 1.2437
47608.96069 1.0897
47608.96387 1.1102
47608.96753 1.0939
47614.96069 1.1171
47614.96558 1.0539
47614.96997 1.0731
47618.00024 1.0795
47618.00415 1.1238
47618.00830 1.1137
47621.96655 1.1980
47621.96875 1.1492
47621.97095 1.1442
47623.97461 1.2837
47623.97632 1.1795
47623.97827 1.2002
47624.95386 1.1939
47624.95557 1.1812
47624.95752 1.2288
47626.96851 1.2652
47626.97021 1.3372
47626.97217 1.2755
47627.96753 1.3004
47627.96924 1.2521
47627.97095 1.2938
47628.94043 1.4109
47628.94189 1.4277
47628.94336 1.4917
47631.90576 1.1553
47631.90869 1.1718
47631.91187 1.1935
47634.89478 1.2249
47634.89648 1.1794
47634.89819 1.2151
47635.86816 1.2326
47635.87036 1.1419
47635.87231 1.1236
47637.87720 1.2555
47638.88354 1.1281
47638.88647 1.1356
47638.88916 1.1403
47639.88086 1.1072
47639.88403 1.0929
47639.88721 1.0555
47644.87915 1.1365
47644.88184 1.1186
47644.88428 1.1917
47647.88940 1.0234
47647.89429 0.9998
47647.89868 1.1041
47648.82617 1.1679
47648.82910 1.0650
47648.83081 1.2797
47654.86914 1.2282
47654.87134 1.1504
47654.87354 1.1514
47663.80151 1.3071
47663.80396 1.2484
47663.80615 1.2234
47665.80225 1.1570
47665.80469 1.1596
47665.80688 1.1266
47667.78638 1.0129
47667.78979 0.9992
47667.79272 1.0588
47669.76807 0.9705
47669.77197 0.8841
47669.77637 1.1385
47671.80591 1.0694
47671.81006 1.0801
47671.81421 1.0894
47675.76953 0.7989
47675.77344 0.8955
47675.77734 0.8174
47676.79932 1.0750
47676.80493 1.0389
47676.80957 1.0354
47686.74731 1.2978
47686.74927 1.3398
47686.75098 1.2792
47688.75439 1.4073
47688.75610 1.3741
47688.75757 1.2770
47690.74023 1.1005
47690.74219 1.1621
47690.74414 1.1065
47691.71362 1.2896
47691.71777 1.2393
47691.72168 1.3059
47715.71704 1.4048
47715.71826 1.3751
47715.71924 1.3824
47719.68872 1.4918
47719.68970 1.4706
47719.69092 1.4446
47724.69019 1.3806
47724.69141 1.3805
47724.69263 1.3901
47725.69995 1.3691
47725.70093 1.3681
47725.70190 1.3782
47727.68579 1.4572
47727.68677 1.5059
47727.68774 1.4634
47918.08960 1.4057
47918.09082 1.5019
47918.09204 1.4406
47922.05298 1.3954
47922.05420 1.3859
47922.05591 1.3044
47944.98950 1.4710
47944.99048 1.4948
47944.99146 1.4224
47946.04028 1.4854
47946.04150 1.4418
47946.04272 1.3460
47951.01245 1.5922
47951.01367 1.6256
47951.01465 1.5509
47956.97119 1.4195
47956.97314 1.4070
47956.97485 1.4250
47974.96997 1.4316
47974.97144 1.4387
47974.97314 1.4342
47976.98950 1.5016
47976.99170 1.4119
47976.99365 1.4553
47977.99951 1.3848
47978.00146 1.3856
47978.00366 1.2959
47981.97876 1.5509
47981.98047 1.5164
47981.98218 1.5588
48068.73584 1.4089
48068.73706 1.4047
48068.73853 1.4035
48075.72217 1.3285
48075.72388 1.3368
48075.72583 1.3298
48090.68579 1.3908
48090.68774 1.3938
48090.68921 1.4131
48275.00049 1.3711
48275.00293 1.3888
48275.00439 1.4733
48295.03662 1.2832
48295.03857 1.3108
48295.04053 1.3791
48296.02441 1.3907
48296.02539 1.4217
48296.02686 1.3736
48297.99609 1.3787
48297.99805 1.3848
48298.00049 1.3887
48299.00146 1.3975
48299.00391 1.3793
48299.00586 1.4136
48300.99561 1.4859
48300.99707 1.4902
48300.99902 1.4660
48301.99756 1.5454
48302.00098 1.5107
48302.00342 1.5521
48306.99561 1.3037
48306.99854 1.3336
48307.00244 1.3280
48307.99170 1.3765
48307.99316 1.3748
48307.99463 1.3996
48308.99414 1.4301
48308.99609 1.4087
48308.99805 1.4220
48311.99609 1.5217
48311.99805 1.4587
48311.99951 1.5266
48312.99023 1.4721
48312.99170 1.4809
48312.99365 1.4769
48346.00391 1.5526
48346.00586 1.5298
48346.00781 1.5630
48360.93506 1.5448
48360.93652 1.5013
48360.93799 1.5237
48361.93311 1.3855
48361.93506 1.3881
48361.93701 1.4341
48375.91309 1.5080
48375.91455 1.4717
48375.91650 1.5328
48376.90039 1.5192
48376.90234 1.5576
48376.90381 1.5487
48377.89844 1.4475
48377.90039 1.4194
48377.90283 1.4358
48387.83008 1.4547
48387.83154 1.4269
48387.83301 1.4350
48391.87402 1.4477
48391.87598 1.3782
48391.87793 1.3589
48395.80225 1.3479
48395.80371 1.3941
48395.80518 1.4001
48397.87451 1.4488
48397.87646 1.4025
48397.87842 1.3758
48399.87158 1.5107
48399.87402 1.6021
48399.87598 1.4868
48401.86914 1.5616
48401.87061 1.5939
48401.87207 1.6085
48403.87793 1.4401
48403.87988 1.4911
48403.88232 1.3153
48408.80127 1.3633
48408.80273 1.3873
48408.80469 1.3585
48414.75342 1.4125
48414.75439 1.3726
48414.75537 1.4258
48414.75684 1.4176
48414.75830 1.4820
48414.75977 1.4442
48415.74658 1.4252
48415.74756 1.3955
48415.74854 1.4092
48416.75000 1.4036
48416.75146 1.3484
48416.75244 1.4017
48418.75244 1.3328
48418.75439 1.4779
48418.75586 1.3769
48419.75244 1.3977
48419.75391 1.4481
48419.75586 1.4179
48420.75439 1.7006
48420.75635 1.6039
48420.75830 1.6394
48421.76270 1.3696
48421.76514 1.3813
48421.76758 1.3902
48422.75391 1.2931
48422.75586 1.3600
48422.75732 1.3561
48423.75586 1.3986
48423.75732 1.4349
48423.75830 1.4596
48424.74854 1.4234
48424.75000 1.3974
48424.75098 1.4024
48431.74902 1.3731
48431.75049 1.4490
48431.75195 1.3698
48449.70117 1.4053
48449.70361 1.4733
48449.70557 1.4249
48451.70361 1.4307
48451.70605 1.3314
48451.70801 1.3831
48451.71484 1.4006
48451.71729 1.2931
48451.71875 1.3741
48451.72119 1.3547
48451.72314 1.3801
48451.72510 1.3347
48453.69482 1.4461
48453.69678 1.4544
48453.69873 1.4581
48459.69482 1.5763
48459.69629 1.5279
48459.69775 1.5024
48462.69043 1.3290
48462.69287 1.3792
48462.69482 1.4222
48464.71729 1.3963
48464.71973 1.4901
48464.72217 1.4520
48466.68994 1.3319
48466.69238 1.3888
48466.69434 1.3557
48692.94580 1.2958
48692.95020 1.3674
48692.95459 1.3370
48693.94287 1.4702
48693.94482 1.4219
48693.94775 1.4211
48694.93262 1.5078
48694.93506 1.5125
48694.93799 1.5384
48697.98926 1.6418
48697.99268 1.6804
48697.99707 1.6297
48698.89746 1.4689
48698.90234 1.3949
48698.90674 1.4475
48719.92822 1.6551
48719.93311 1.6454
48719.93945 1.7009
48720.87305 1.7573
48720.87646 1.8849
48720.87939 1.7429
48729.88379 1.5739
48729.88477 1.6607
48729.88574 1.5646
48731.87939 1.7297
48731.88086 1.6194
48731.88184 1.6670
48732.84668 1.6991
48732.84814 1.6870
48732.84961 1.7052
48740.90283 1.5810
48740.90430 1.5935
48740.90576 1.5971
48744.89453 1.6619
48744.89600 1.7192
48744.89795 1.6181
48750.76514 1.5056
48750.76660 1.5159
48750.76807 1.5096
48752.74609 1.5125
48752.74756 1.6076
48752.74902 1.5891
48755.87646 1.6362
48755.87744 1.6274
48755.87891 1.6710
48756.82129 1.6821
48756.82275 1.6935
48756.82422 1.6916
48757.82520 1.7452
48757.82617 1.7459
48757.82764 1.7505
48758.81738 1.6270
48758.81885 1.6031
48758.82080 1.5598
48760.83887 1.5263
48760.84033 1.5544
48760.84229 1.5263
48761.78564 1.5570
48761.78662 1.5812
48761.78760 1.5778
48771.84131 1.5965
48771.84277 1.6528
48771.84424 1.6016
48772.79688 1.7414
48772.79834 1.6992
48772.79980 1.7597
48773.77393 1.6427
48773.77539 1.6821
48773.77686 1.6690
48774.78271 1.5259
48774.78467 1.6268
48774.78613 1.6097
48775.78369 1.6066
48775.78516 1.5784
48775.78711 1.5647
48776.78418 1.6999
48776.78613 1.6717
48776.78760 1.6806
48777.78223 1.5324
48777.78418 1.5429
48777.78564 1.4921
48778.77979 1.6439
48778.78076 1.6328
48778.78223 1.6896
48781.78809 1.6233
48781.78955 1.5988
48781.79102 1.6248
48782.77490 1.6616
48782.77637 1.5834
48782.77734 1.6239
48783.81641 1.6010
48783.81738 1.5939
48783.81885 1.6098
48784.75928 1.7061
48784.76074 1.6356
48784.76221 1.6457
48785.75195 1.4674
48785.75342 1.3451
48785.75488 1.3680
48786.78662 1.4536
48786.78760 1.5021
48786.78906 1.5088
48787.80029 1.6444
48787.80176 1.5999
48787.80322 1.6404
48788.80518 1.6356
48788.80664 1.5022
48788.80811 1.6027
48789.76025 1.4757
48789.76123 1.5706
48789.76270 1.5500
48790.80273 1.5952
48790.80420 1.6336
48790.80566 1.6642
48791.77490 1.6253
48791.77637 1.5674
48791.77783 1.5759
48792.75586 1.5304
48792.75684 1.5702
48792.75830 1.5325
48794.76074 1.6270
48794.76221 1.5764
48794.76367 1.5821
48795.76904 1.6159
48795.77051 1.5602
48795.77246 1.6150
48797.80273 1.5703
48797.80420 1.5790
48797.80518 1.6414
48799.72266 1.6333
48799.72412 1.6589
48799.72559 1.6344
48803.71777 1.4248
48803.71924 1.4438
48803.72070 1.4358
48806.70459 1.5998
48806.70654 1.6029
48806.70898 1.5465
48809.72266 1.5882
48809.72510 1.5242
48809.72705 1.5422
48813.74170 1.5463
48813.74268 1.6339
48813.74414 1.6143
48820.76318 1.5734
48820.76465 1.5503
48820.76563 1.5058
48821.75244 1.6603
48821.75342 1.7034
48821.75488 1.6551
48822.75000 1.5548
48822.75146 1.3683
48822.75293 1.3758
48831.69434 1.5774
48831.69531 1.5649
48831.69678 1.5893
49048.97168 1.3492
49048.97314 1.3461
49048.97461 1.3300
49049.99902 1.3007
49050.00098 1.3196
49050.00293 1.3779
49052.96973 1.2905
49052.97217 1.3582
49052.97656 1.3238
49068.00293 1.3480
49068.00537 1.2814
49068.00830 1.3244
49068.99316 1.2518
49068.99658 1.2357
49069.00049 1.1849
49069.99902 1.4854
49070.00098 1.4777
49070.00293 1.4369
49077.00684 1.2750
49077.01025 1.3180
49077.01367 1.3922
49081.97021 1.4131
49081.97266 1.4182
49081.97559 1.4025
49088.90869 1.3210
49088.91064 1.2940
49088.91309 1.3552
49089.91211 1.2129
49089.91406 1.2540
49089.91699 1.1725
49097.94727 1.3934
49097.94922 1.4609
49097.95117 1.3995
49098.93799 1.4895
49098.93994 1.4642
49098.94238 1.5071
49103.92920 1.3808
49103.93164 1.4058
49103.93311 1.3512
49106.90918 1.3088
49106.91113 1.3318
49106.91309 1.3963
49107.90723 1.4886
49107.90918 1.4475
49107.91162 1.4633
49109.91211 1.4001
49109.91455 1.3334
49109.91602 1.3310
49114.83203 1.2205
49114.83545 1.3054
49114.83936 1.2851
49116.82715 1.4077
49116.82861 1.4082
49116.82959 1.4611
49117.86084 1.3213
49117.86230 1.3198
49117.86475 1.2877
49118.86328 1.3116
49118.86523 1.2947
49118.86670 1.3966
49121.88330 1.2437
49121.88574 1.2244
49121.88867 1.2096
49124.85107 1.4513
49124.85303 1.3299
49124.85449 1.4036
49126.86475 1.3303
49126.86621 1.3954
49126.86768 1.3967
49131.82031 1.2912
49131.82373 1.3163
49131.82617 1.3549
49137.80322 1.3655
49137.80469 1.4000
49137.80615 1.4483
49147.82227 1.1529
49147.82471 1.1484
49147.82764 1.1216
49149.77637 1.3336
49149.77783 1.2751
49149.77930 1.2997
49150.75586 1.4242
49150.75684 1.4187
49150.75830 1.4725
49151.77881 1.3493
49151.78076 1.3687
49151.78223 1.3273
49152.79492 1.4176
49152.79688 1.3903
49152.79980 1.4584
49153.75146 1.4269
49153.75293 1.4071
49153.75439 1.4480
49156.77881 1.2655
49156.78027 1.2891
49156.78174 1.2975
49159.80029 1.2927
49159.80176 1.4155
49159.80322 1.2830
49160.77686 1.2347
49160.77832 1.2049
49160.78027 1.2042
49176.72070 1.3442
49176.72266 1.3691
49176.72461 1.3910
49177.73926 1.2841
49177.74170 1.2762
49177.74365 1.2149
49178.73340 1.2536
49178.73584 1.2589
49178.73779 1.1625
49179.72852 1.4534
49179.72998 1.5194
49179.73193 1.4512
49180.73730 1.3872
49180.73926 1.3916
49180.74121 1.3932
49186.72510 1.4633
49186.72754 1.3708
49186.72949 1.3444
49189.71533 1.3454
49189.71875 1.1496
49189.72168 1.2418
49190.71436 1.1398
49190.71777 1.1158
49190.72070 1.1783
49191.70703 1.3331
49191.70947 1.3721
49191.71143 1.3301
49192.70605 1.3304
49192.70801 1.3634
49192.71045 1.3751
49193.71045 1.3388
49193.71289 1.1895
49193.71533 1.2805
49194.71143 1.3413
49194.71387 1.4030
49194.71631 1.3313
49206.66650 1.3429
49206.66846 1.2661
49206.67041 1.3008
49207.66943 1.3029
49207.67139 1.2978
49207.67334 1.2665
49209.66211 1.4038
49209.66406 1.2862
49209.66602 1.2614
49407.01611 1.3982
49407.01807 1.4563
49407.02002 1.4133
49415.98096 1.3493
49415.98242 1.3966
49415.98340 1.3768
49416.97998 1.3568
49416.98096 1.3524
49416.98242 1.4012
49426.93115 1.3651
49426.93213 1.4379
49426.93359 1.3661
49434.91797 1.2432
49434.91895 1.0880
49434.92041 1.1973
49438.95801 1.3651
49438.95996 1.3830
49438.96240 1.4196
49439.95117 1.5219
49439.95264 1.4777
49439.95361 1.5175
49440.94092 1.5040
49440.94189 1.3270
49440.94287 1.4339
49440.94629 1.4177
49440.94727 1.4501
49440.94873 1.4500
49440.94971 1.3508
49440.95117 1.4285
49440.95215 1.4197
49442.95312 1.4244
49442.95410 1.3991
49442.95557 1.4475
49443.93994 1.2874
49443.94141 1.3816
49443.94238 1.2711
49444.94775 1.3331
49444.94873 1.3280
49444.95020 1.3679
49445.92969 1.2908
49445.93066 1.2353
49445.93213 1.3091
49447.93359 1.3518
49447.93506 1.3567
49447.93604 1.4058
49448.92236 1.3842
49448.92334 1.3603
49448.92480 1.2525
49453.82031 0.4717
49453.82178 0.4611
49453.82275 0.4525
49454.91260 1.3436
49454.91406 1.3405
49454.91504 1.4095
49455.90137 1.3029
49455.90283 1.3444
49455.90381 1.2734
49456.89795 1.3577
49456.89941 1.2153
49456.90039 1.2561
49457.88184 1.2824
49457.88330 1.3004
49457.88428 1.2667
49458.85645 1.4184
49458.85791 1.4089
49458.85889 1.3663
49461.90430 1.4646
49461.90674 1.4480
49461.90918 1.4349
49462.90820 1.4625
49462.90918 1.4547
49462.91064 1.4510
49463.91113 1.5035
49463.91260 1.5021
49463.91357 1.4740
49467.86816 1.3732
49467.87061 1.3600
49467.87305 1.3615
49471.86475 1.4219
49471.86572 1.4659
49471.86670 1.4617
49473.88086 1.4739
49473.88184 1.4635
49473.88330 1.4554
49474.86865 1.4112
49474.86963 1.4520
49474.87109 1.4353
49477.86963 1.4181
49477.87061 1.4016
49477.87207 1.4524
49481.86963 1.3914
49481.87061 1.4024
49481.87158 1.4300
49484.87891 1.3386
49484.88037 1.2761
49484.88135 1.3123
49485.82031 1.2577
49485.82178 1.2490
49485.82275 1.3145
49486.82129 1.2649
49486.82227 1.2654
49486.82373 1.2832
49493.82178 1.4599
49493.82275 1.4814
49493.82422 1.4970
49494.82080 1.5571
49494.82178 1.5014
49494.82275 1.5218
49495.81445 1.4939
49495.81592 1.5445
49495.81689 1.5219
49496.78418 1.4171
49496.78564 1.5063
49496.78662 1.5287
49497.79004 1.5128
49497.79150 1.4677
49497.79248 1.4315
49498.79004 1.3428
49498.79102 1.3237
49498.79248 1.1794
49499.79150 1.0441
49499.79248 1.0851
49499.79346 1.1397
49500.79492 1.4374
49500.79590 1.4492
49500.79736 1.4010
49504.80908 1.4768
49504.81152 1.5510
49504.81445 1.5383
49506.77100 1.6285
49506.77246 1.6443
49506.77344 1.5778
49507.82031 1.1804
49507.82129 1.2326
49507.82275 1.2782
49509.77441 1.4570
49509.77588 1.4454
49509.77686 1.4371
49510.81250 1.2554
49510.81348 1.4156
49510.81494 1.2548
49511.81250 1.3348
49511.81396 1.3989
49511.81494 1.4332
49512.80078 1.3686
49512.80225 1.3711
49512.80322 1.3896
49513.81885 1.3936
49513.81982 1.3198
49513.82129 1.3403
49514.81006 1.4888
49514.81152 1.4686
49514.81250 1.4320
49515.83057 1.3873
49515.83203 1.3293
49515.83301 1.3355
49516.82764 1.3993
49516.82861 1.4679
49516.83008 1.4260
49517.84912 1.3744
49517.85059 1.4746
49517.85156 1.3818
49519.81494 1.3361
49519.81592 1.3325
49519.81689 1.3168
49520.81250 1.3450
49520.81396 1.3724
49520.81494 1.4423
49521.80859 1.2898
49521.80957 1.3488
49521.81104 1.3699
49523.73438 1.4567
49523.73535 1.3688
49523.73682 1.3886
49524.78271 1.4231
49524.78418 1.4163
49524.78516 1.4437
49525.78125 1.4521
49525.78271 1.4730
49525.78369 1.4865
49526.74658 1.4173
49526.74805 1.4180
49526.74902 1.3751
49527.76074 1.5122
49527.76172 1.5696
49527.76318 1.5608
49528.74072 1.4955
49528.74170 1.4610
49528.74316 1.4796
49529.74316 1.5138
49529.74463 1.5078
49529.74561 1.5013
49530.73486 1.5960
49530.73633 1.5140
49530.73730 1.5750
49531.72412 1.4531
49531.72510 1.4070
49531.72656 1.4244
49532.72412 1.4471
49532.72510 1.4304
49532.72607 1.4269
49533.71338 1.3157
49533.71484 1.3422
49533.71582 1.3873
49536.71875 1.4457
49536.72021 1.3035
49536.72119 1.3071
49537.71680 1.4879
49537.71777 1.5015
49537.71875 1.4566
49540.74365 1.5269
49540.74512 1.5147
49540.74609 1.5031
49541.76123 1.5381
49541.76221 1.5114
49541.76367 1.4566
49542.75391 1.4923
49542.75488 1.4320
49542.75635 1.4345
49547.73633 1.4802
49547.73730 1.5442
49547.73877 1.5510
49548.75000 1.4455
49548.75098 1.5137
49548.75244 1.4065
49551.72461 1.5117
49551.72607 1.5206
49551.72705 1.4761
49553.70166 1.4632
49553.70264 1.4717
49553.70410 1.3916
49556.70215 1.3325
49556.70312 1.3868
49556.70459 1.3949
49557.69336 1.4480
49557.69434 1.3898
49557.69580 1.3576
49558.69141 1.6211
49558.69238 1.6357
49558.69336 1.5790
49559.70996 1.6131
49559.71094 1.5264
49559.71240 1.4602
49570.67041 1.4940
49570.67188 1.6727
49570.67285 1.6712
49802.98193 1.5776
49802.98340 1.5788
49802.98438 1.5604
49804.98047 1.4134
49804.98291 1.4405
49804.98486 1.4831
49807.92334 1.6426
49807.92432 1.6379
49807.92529 1.6427
49854.83301 1.6847
49854.83398 1.6275
49854.83496 1.6903
49855.83398 1.5595
49855.83545 1.5978
49855.83643 1.6366
49857.83887 1.7964
49857.84033 1.8195
49857.84131 1.8317
49868.74561 1.7352
49868.74658 1.7564
49868.74805 1.7339
49873.80664 1.6616
49873.80762 1.6658
49873.80908 1.7254
49880.79639 1.8184
49880.79785 1.7301
49880.79883 1.7726
49881.76074 1.6363
49881.76172 1.7159
49881.76318 1.6491
49882.74268 1.6711
49882.74414 1.6129
49882.74512 1.6588
49886.75342 1.5779
49886.75488 1.5210
49886.75586 1.5733
