39668.80000 0.4866
39669.80000 0.4819
39694.80000 0.4878
39963.80000 0.4887
39964.80000 0.4806
39978.80000 0.4668
39979.80000 0.4734
40010.80000 0.5184
40011.80000 0.5061
40045.80000 0.5092
40046.80000 0.5245
40047.80000 0.5162
40048.80000 0.5164
40077.80000 0.4915
40078.80000 0.5044
40079.80000 0.5225
40080.80000 0.5296
40284.80000 0.5899
40285.80000 0.5271
40286.80000 0.5553
40312.80000 0.5402
40339.80000 0.5038
40340.80000 0.5393
40341.80000 0.4907
40404.80000 0.4920
40405.80000 0.5107
40406.80000 0.5141
40407.80000 0.5233
40663.80000 0.4775
40664.80000 0.4717
40665.80000 0.5095
40685.80000 0.5017
40686.80000 0.4750
40687.80000 0.4618
40688.80000 0.4631
40725.80000 0.4428
40726.80000 0.4506
40727.80000 0.4845
40728.80000 0.5063
40729.80000 0.4885
40760.80000 0.4951
40761.80000 0.4766
40762.80000 0.4555
41026.80000 0.4540
41027.80000 0.4566
41028.80000 0.4546
41050.80000 0.4651
41051.80000 0.4548
41052.80000 0.4360
41053.80000 0.4316
41083.80000 0.4403
41084.80000 0.4342
41085.80000 0.4280
41113.80000 0.4829
41114.80000 0.4744
41133.80000 0.4327
41134.80000 0.4471
41135.80000 0.4680
41136.80000 0.4596
41398.80000 0.4373
41399.80000 0.4504
41400.80000 0.4657
41401.80000 0.3930
41428.80000 0.4584
41429.80000 0.4491
41430.80000 0.4505
41459.80000 0.4491
41460.80000 0.4548
41461.80000 0.4380
41487.80000 0.4484
41502.80000 0.4576
41503.80000 0.4646
41763.80000 0.4373
41764.80000 0.4547
41765.80000 0.4566
41786.80000 0.4764
41787.80000 0.4657
41788.80000 0.4422
41819.80000 0.4640
41820.80000 0.4616
41821.80000 0.4438
41822.80000 0.4537
41835.80000 0.4476
41836.80000 0.4635
41884.80000 0.4652
41885.80000 0.4790
41886.80000 0.4775
42109.80000 0.4546
42110.80000 0.4620
42147.80000 0.4530
42148.80000 0.4465
42166.80000 0.4681
42167.80000 0.4589
42168.80000 0.4793
42169.80000 0.4650
42208.80000 0.4984
42210.80000 0.5108
42218.80000 0.4890
42219.80000 0.5256
42220.80000 0.4903
42259.80000 0.5214
42260.80000 0.5255
42261.80000 0.5268
42262.80000 0.4976
42438.80000 0.4529
42440.80000 0.4617
42467.80000 0.4638
42468.80000 0.4728
42469.80000 0.4856
42470.80000 0.4694
42495.80000 0.4932
42497.80000 0.4509
42498.80000 0.4685
42525.80000 0.4805
42557.80000 0.4824
42558.80000 0.4770
42559.80000 0.4984
42560.80000 0.4934
42590.80000 0.4593
42591.80000 0.4750
42592.80000 0.4856
42613.80000 0.4898
42614.80000 0.4862
42615.80000 0.4581
42616.80000 0.4530
42819.80000 0.4322
42820.80000 0.4122
42848.80000 0.4509
42849.80000 0.4442
42850.80000 0.4263
42851.80000 0.4057
42885.80000 0.4378
42910.80000 0.4285
42911.80000 0.4222
42912.80000 0.4423
42913.80000 0.4416
42939.80000 0.4093
42940.80000 0.4265
42973.80000 0.4448
42974.80000 0.4481
42975.80000 0.4540
43173.80000 0.4723
43175.80000 0.4811
43203.80000 0.4670
43204.80000 0.4627
43205.80000 0.4731
43206.80000 0.4865
43235.80000 0.4472
43236.80000 0.4805
43236.80000 0.4444
43237.80000 0.4759
43238.80000 0.4587
43238.80000 0.4742
43239.80000 0.4445
43239.80000 0.4415
43254.80000 0.4745
43255.80000 0.4780
43256.80000 0.4803
43256.80000 0.4774
43257.80000 0.4731
43257.80000 0.4587
43273.80000 0.4898
43294.80000 0.4850
43295.80000 0.4726
43296.80000 0.4257
43297.80000 0.4558
43346.80000 0.4821
43347.80000 0.5329
43347.80000 0.4753
43348.80000 0.6613
43348.80000 0.4787
43348.80000 0.4883
43349.80000 0.4783
43349.80000 0.4861
43350.80000 0.4709
43350.80000 0.4635
43351.80000 0.4636
43351.80000 0.4668
43629.80000 0.4490
43663.80000 0.4417
43664.80000 0.4427
43703.80000 0.4428
43704.80000 0.4602
43892.80000 0.4483
43898.80000 0.4397
43899.80000 0.4683
43962.80000 0.4588
43982.80000 0.3882
43983.80000 0.4542
43984.80000 0.4373
43997.80000 0.4075
43998.80000 0.4217
44003.80000 0.4406
44004.80000 0.4418
44005.80000 0.4627
44024.80000 0.4469
44050.80000 0.4522
44051.80000 0.4525
44260.80000 0.4425
44277.80000 0.4540
44278.80000 0.4662
44656.01501 0.4663
44656.01703 0.4603
44656.01898 0.4663
44658.00800 0.4866
44658.00897 0.4883
44658.01001 0.4962
44658.99701 0.4975
44658.99902 0.4959
44659.00000 0.5088
44671.99200 0.4784
44671.99298 0.4724
44671.99402 0.4771
44672.97101 0.4647
44672.97302 0.4687
44672.97400 0.4753
44672.97803 0.4714
44672.97998 0.4721
44672.98102 0.4694
44673.91302 0.4650
44673.91400 0.4703
44673.91498 0.4701
44678.93597 0.4616
44678.93701 0.4625
44678.93799 0.4605
44685.99902 0.4784
44686.00098 0.4756
44686.00299 0.4769
44687.92603 0.5016
44687.92700 0.4963
44687.92999 0.4887
44691.93903 0.4683
44691.94098 0.4706
44691.94299 0.4721
44692.94702 0.4746
44692.94897 0.4693
44692.95099 0.4716
44697.91498 0.4521
44697.91699 0.4571
44697.91901 0.4655
44698.91498 0.4555
44698.91602 0.4567
44698.91803 0.4617
44699.90997 0.4811
44699.91199 0.4825
44699.91302 0.4719
44700.91998 0.4906
44700.92102 0.4958
44700.92200 0.4920
44701.90698 0.4792
44701.90997 0.4770
44701.91302 0.4808
44703.86798 0.4275
44703.86902 0.4587
44703.87000 0.4637
44705.91302 0.4674
44705.91400 0.4714
44705.91498 0.4646
44707.91602 0.4891
44707.91602 0.4729
44707.91699 0.4831
44708.90002 0.4847
44708.90002 0.4802
44708.90100 0.4770
44709.86603 0.4688
44709.86700 0.4681
44709.86700 0.4695
44710.89600 0.4578
44710.89697 0.4733
44710.89801 0.4553
44716.89398 0.4366
44716.89502 0.4391
44716.89600 0.4493
44717.82703 0.4484
44717.82800 0.4409
44717.83002 0.4386
44718.90399 0.4703
44718.90503 0.4590
44718.90503 0.4642
44719.89801 0.4703
44719.89801 0.4766
44719.89899 0.4664
44732.80499 0.4476
44732.80603 0.4558
44732.80701 0.4602
44733.78497 0.4589
44733.78601 0.4632
44733.78699 0.4657
44734.78699 0.4652
44734.78802 0.4577
44734.78900 0.4707
44735.78400 0.4435
44735.78497 0.4449
44735.78601 0.4454
44736.80701 0.4646
44736.80701 0.4644
44736.80798 0.4659
44737.80298 0.4515
44737.80402 0.4666
44737.80402 0.4626
44738.78601 0.4697
44738.78601 0.4750
44738.78699 0.4755
44741.82501 0.4617
44741.82599 0.4527
44741.82800 0.4503
44742.77399 0.4644
44742.77502 0.4635
44742.77600 0.4519
44745.78699 0.4491
44745.78900 0.4488
44745.78998 0.4560
44746.80103 0.4468
44746.80200 0.4431
44746.80298 0.4456
44747.80701 0.4593
44747.80798 0.4600
44747.81000 0.4533
44748.76501 0.4504
44748.76599 0.4632
44748.76801 0.4490
44749.81000 0.4637
44749.81097 0.4434
44749.81201 0.4568
44753.77197 0.4455
44753.77301 0.4452
44753.77399 0.4472
44754.77399 0.4459
44754.77502 0.4522
44754.77600 0.4467
44755.78302 0.4460
44755.78497 0.4425
44755.78601 0.4350
44756.77399 0.4416
44756.77502 0.4359
44756.77600 0.4305
44757.77899 0.4418
44757.78003 0.4578
44757.78101 0.4361
44759.77698 0.4487
44759.77802 0.4610
44759.77899 0.4648
44760.76898 0.4405
44760.77002 0.4475
44760.77100 0.4345
44761.77197 0.4392
44761.77301 0.4370
44761.77399 0.4404
44762.77698 0.4436
44762.77802 0.4346
44762.77899 0.4394
44763.74799 0.4408
44763.74902 0.4470
44763.75000 0.4443
44764.72699 0.4532
44764.72803 0.4586
44764.72803 0.4520
44765.71301 0.4409
44765.71301 0.4248
44765.71301 0.4331
44771.78101 0.4554
44771.78302 0.4554
44771.78400 0.4497
44773.78003 0.4524
44773.78003 0.4397
44773.78101 0.4624
44774.77600 0.4523
44774.77698 0.4443
44774.77802 0.4346
44775.78900 0.4850
44775.78998 0.4967
44775.78998 0.4760
44776.70697 0.4548
44776.70801 0.4518
44776.70898 0.4515
44777.71997 0.4428
44777.72101 0.4386
44777.72302 0.4504
44778.71301 0.4631
44778.71399 0.4706
44778.71503 0.4518
44779.72699 0.4609
44779.72803 0.4546
44779.72900 0.4555
44780.70300 0.4579
44780.70398 0.4487
44780.70599 0.4512
44781.70001 0.4588
44781.70099 0.4638
44781.70203 0.4631
44782.71698 0.4510
44782.71802 0.4513
44782.71899 0.4610
44783.70697 0.4633
44783.70801 0.4555
44783.70898 0.4498
44784.71301 0.4576
44784.71399 0.4611
44784.71503 0.4513
44785.71802 0.4675
44785.71899 0.4650
44785.71997 0.4630
44792.70300 0.4442
44792.70502 0.4439
44792.70697 0.4474
44793.72699 0.4553
44793.72803 0.4636
44793.72900 0.4591
44794.72498 0.4426
44794.72601 0.4560
44794.72699 0.4573
44795.70599 0.4561
44795.70697 0.4627
44795.70697 0.4528
44796.70203 0.4472
44796.70300 0.4443
44796.70398 0.4456
44797.71399 0.4595
44797.71399 0.4424
44797.71503 0.4487
44798.69702 0.4339
44798.69800 0.4180
44798.69897 0.4218
44799.68597 0.4403
44799.68701 0.4423
44799.68799 0.4375
44802.73499 0.4458
44802.73700 0.4432
44802.73798 0.4545
44803.76099 0.4410
44803.76202 0.4347
44803.76398 0.4349
44804.71002 0.4363
44804.71100 0.4301
44804.71198 0.4386
44805.70300 0.4418
44805.70398 0.4547
44805.70502 0.4476
44806.72803 0.4616
44806.72900 0.4637
44806.72998 0.4642
44807.70502 0.4651
44807.70697 0.4551
44807.70801 0.4636
44808.72803 0.4481
44808.72900 0.4547
44808.73102 0.4667
44810.68298 0.4437
44810.68402 0.4409
44810.68500 0.4488
44996.03302 0.4318
44996.03400 0.4226
44996.03601 0.4277
44999.99597 0.4557
44999.99701 0.4685
44999.99902 0.4644
45001.01099 0.4667
45001.01300 0.4612
45001.01398 0.4648
45020.97498 0.4325
45020.97601 0.4363
45020.97699 0.4443
45021.98798 0.4487
45021.98999 0.4545
45021.99103 0.4461
45025.00500 0.4513
45025.00696 0.4963
45025.00903 0.4410
45027.00500 0.4432
45027.00598 0.4434
45027.00696 0.4442
45028.97900 0.4337
45028.97998 0.4382
45028.98206 0.4464
45032.01099 0.4492
45032.01697 0.4398
45032.02295 0.4448
45032.90198 0.4490
45032.90503 0.4480
45032.90906 0.4495
45048.95300 0.4707
45048.95496 0.4671
45048.95703 0.4599
45049.94995 0.4834
45049.95105 0.4616
45049.95300 0.4508
45050.97595 0.4642
45050.97705 0.4683
45050.97900 0.4561
45052.93298 0.4427
45052.93506 0.4398
45052.93701 0.4403
45059.93799 0.4461
45059.93994 0.4418
45059.94202 0.4461
45072.89795 0.4740
45072.90002 0.4628
45072.90100 0.4709
45073.85596 0.4615
45073.85706 0.4600
45073.85901 0.4593
45074.85095 0.4406
45074.85400 0.4503
45074.85596 0.4537
45076.88599 0.4605
45076.88696 0.4586
45076.88904 0.4425
45077.86499 0.4399
45077.86597 0.4366
45077.86804 0.4447
45078.85205 0.4379
45078.85400 0.4443
45078.85498 0.4443
45079.76196 0.4613
45079.76294 0.4445
45079.76404 0.4637
45080.00500 0.4630
45080.00598 0.4551
45080.00806 0.4537
45080.79199 0.4515
45080.79395 0.4559
45080.79602 0.4539
45081.77100 0.4472
45081.77405 0.4590
45081.77502 0.4513
45082.00696 0.4736
45082.00903 0.4688
45082.01099 0.4647
45082.78796 0.4347
45082.79004 0.4270
45082.79199 0.4284
45083.00806 0.4380
45083.01001 0.4325
45083.01196 0.4376
45083.75305 0.4341
45083.75403 0.4269
45083.75598 0.4415
45083.99304 0.4363
45083.99402 0.4365
45083.99500 0.4310
45084.83606 0.4562
45084.83801 0.4559
45084.83899 0.4437
45084.99805 0.4475
45084.99902 0.4502
45085.00098 0.4475
45085.72400 0.4696
45085.73303 0.4862
45085.74097 0.4891
45085.91797 0.4725
45085.92102 0.4679
45085.92505 0.4727
45086.87695 0.4896
45086.88306 0.4563
45086.88904 0.4615
45087.74194 0.4778
45087.74402 0.4627
45087.74695 0.4619
45087.90796 0.4730
45087.91101 0.4747
45087.91394 0.4643
45088.71899 0.4660
45088.72205 0.4596
45088.72400 0.4581
45088.88904 0.4476
45088.89099 0.4423
45088.89197 0.4449
45089.74097 0.4416
45089.74304 0.4347
45089.74597 0.4371
45089.99805 0.4476
45090.00000 0.4390
45090.00195 0.4304
45091.81702 0.4664
45091.81799 0.4657
45091.81897 0.4724
45092.78601 0.4818
45092.78796 0.4768
45092.78894 0.4724
45093.77405 0.4777
45093.77600 0.4711
45093.77698 0.4767
45094.84497 0.4680
45094.84705 0.4670
45094.84900 0.4593
45095.82104 0.4510
45095.82300 0.4592
45095.82397 0.4505
45096.78503 0.4502
45096.78601 0.4530
45096.78796 0.4461
45097.79504 0.4667
45097.79700 0.4599
45097.79895 0.4551
45102.72302 0.4570
45102.72595 0.4503
45102.72900 0.4486
45103.77197 0.4789
45103.77405 0.4780
45103.77502 0.4703
45104.79895 0.4754
45104.80200 0.4706
45104.80505 0.4732
45105.78503 0.4906
45105.78699 0.5035
45105.78796 0.4906
45106.79504 0.4723
45106.79700 0.4814
45106.79797 0.4778
45107.77905 0.4571
45107.78198 0.4633
45107.78503 0.4621
45108.77502 0.4407
45108.77600 0.4460
45108.77795 0.4398
45109.77600 0.4636
45109.77795 0.4653
45109.78003 0.4536
45110.77002 0.4608
45110.77100 0.4591
45110.77295 0.4540
45111.85205 0.4638
45111.85303 0.4659
45111.85498 0.4710
45112.78003 0.4579
45112.78198 0.4541
45112.78406 0.4790
45113.79602 0.4649
45113.79797 0.4546
45113.79895 0.4633
45114.74695 0.4615
45114.74902 0.4500
45114.75098 0.4603
45116.86804 0.4505
45116.87000 0.4539
45116.87097 0.4553
45119.76099 0.4468
45119.76294 0.4548
45119.76404 0.4512
45120.76501 0.4508
45120.76599 0.4377
45120.76697 0.4487
45121.79199 0.4669
45121.79297 0.4566
45121.79504 0.4689
45122.77002 0.4593
45122.77197 0.4581
45122.77295 0.4627
45123.73999 0.4570
45123.74194 0.4614
45123.74402 0.4589
45124.74304 0.4822
45124.74402 0.4754
45124.74597 0.4735
45125.69800 0.4725
45125.69897 0.4634
45125.70105 0.4595
45126.76099 0.4672
45126.76294 0.4669
45126.76404 0.4626
45128.75806 0.4500
45128.75903 0.4422
45128.76001 0.4517
45129.75903 0.4806
45129.76001 0.4731
45129.76099 0.4799
45130.72302 0.4705
45130.72400 0.4654
45130.72498 0.4602
45131.72595 0.4766
45131.72803 0.4716
45131.72900 0.4645
45132.73499 0.4741
45132.73596 0.4651
45132.73706 0.4632
45133.76697 0.4571
45133.76794 0.4626
45133.76904 0.4612
45134.74805 0.4610
45134.74902 0.4548
45134.75000 0.4615
45135.76794 0.4675
45135.77002 0.4654
45135.77100 0.4622
45136.74597 0.4524
45136.74695 0.4606
45136.74805 0.4658
45137.75000 0.4667
45137.75098 0.4677
45137.75195 0.4629
45139.78296 0.4522
45139.78503 0.4440
45139.78601 0.4424
45140.76501 0.4658
45140.76599 0.4646
45140.76794 0.4627
45141.78503 0.4654
45141.78699 0.4597
45141.78894 0.4606
45142.77905 0.4653
45142.78101 0.4592
45142.78296 0.4556
45143.72095 0.4550
45143.72302 0.4520
45143.72400 0.4465
45144.70605 0.4569
45144.70703 0.4478
45144.70801 0.4610
45145.70898 0.4523
45145.70996 0.4528
45145.71106 0.4458
45151.71899 0.4440
45151.71997 0.4460
45151.72095 0.4491
45152.71802 0.4703
45152.71899 0.4770
45152.71997 0.4631
45153.71497 0.4538
45153.71594 0.4663
45153.71704 0.4572
45154.68994 0.4631
45154.69104 0.4607
45154.69202 0.4615
45155.73206 0.4636
45155.73303 0.4560
45155.73401 0.4534
45156.72705 0.4541
45156.72803 0.4466
45156.72900 0.4548
45157.70898 0.4711
45157.70996 0.4661
45157.71106 0.4704
45158.69604 0.4724
45158.69702 0.4705
45158.69897 0.4662
45159.69604 0.4736
45159.69702 0.4744
45159.69800 0.4633
45160.71399 0.4519
45160.71399 0.4684
45160.71497 0.4675
45161.69104 0.4191
45161.69202 0.4429
45161.69299 0.4487
45162.68701 0.4532
45162.68799 0.4494
45162.68896 0.4447
45163.70203 0.4617
45163.70300 0.4765
45163.70300 0.4767
45164.67395 0.4747
45164.67505 0.4841
45164.67603 0.4764
45165.67896 0.4749
45165.68005 0.4877
45165.68005 0.4669
45166.68994 0.4512
45166.69104 0.4505
45166.69202 0.4532
45167.67700 0.4419
45167.67700 0.4570
45167.67798 0.4504
45168.67395 0.4400
45168.67395 0.4431
45168.67505 0.4454
45169.67200 0.4748
45169.67297 0.4726
45169.67395 0.4724
45170.67200 0.4518
45170.67297 0.4618
45170.67395 0.4667
45171.68005 0.4663
45171.68103 0.4679
45171.68201 0.4693
45172.67798 0.4724
45172.67798 0.4799
45172.67896 0.4857
45173.67798 0.4552
45173.68005 0.4583
45173.68103 0.4525
45174.66504 0.4337
45174.66602 0.4588
45174.66699 0.4515
45175.66199 0.4380
45175.66199 0.4585
45175.66296 0.4470
45176.68005 0.4417
45176.68103 0.4426
45176.68201 0.4422
45183.65906 0.4352
45183.66003 0.4383
45183.66101 0.4481
45184.66199 0.4618
45184.66296 0.4635
45184.66394 0.4678
45345.99402 0.4037
45345.99597 0.4023
45345.99805 0.4208
45347.05396 0.4107
45347.05505 0.4128
45347.05603 0.4185
45349.06396 0.4136
45349.06494 0.4062
45349.06604 0.4156
45350.05505 0.4142
45350.05603 0.4116
45350.05603 0.4055
45363.01404 0.3964
45363.01501 0.3969
45363.01599 0.3938
45365.96497 0.4089
45365.96704 0.4259
45365.96704 0.4110
45367.05701 0.4279
45367.05798 0.4246
45367.05896 0.4308
45380.04797 0.4042
45380.05005 0.4056
45380.05103 0.4082
45381.02502 0.4118
45381.02600 0.4273
45381.02698 0.4093
45382.01196 0.4061
45382.01294 0.3991
45382.01404 0.3974
45382.99902 0.4124
45382.99902 0.4002
45383.00000 0.4106
45384.95605 0.4251
45384.95605 0.4114
45384.95703 0.4187
45386.00806 0.4078
45386.00903 0.4102
45386.01001 0.4133
45386.95300 0.4163
45386.95398 0.4179
45386.95398 0.4210
45398.97095 0.4253
45398.97302 0.4185
45398.97400 0.4211
45401.96594 0.4205
45401.96802 0.4231
45401.96899 0.4198
45402.93298 0.4294
45402.93396 0.4282
45402.93506 0.4291
45406.97705 0.4241
45406.97803 0.4383
45406.97803 0.4239
45409.96899 0.4373
45409.96997 0.4343
45409.97095 0.4326
45419.91504 0.4265
45419.91602 0.4219
45419.91699 0.4241
45422.95996 0.4188
45422.96106 0.4336
45422.96204 0.4386
45423.94104 0.4260
45423.94202 0.4196
45423.94202 0.4136
45424.92700 0.4055
45424.92798 0.4113
45424.92798 0.4195
45425.95300 0.4265
45425.95300 0.4231
45425.95496 0.4189
45426.91504 0.4350
45426.91797 0.4262
45426.92102 0.4220
45429.91895 0.4223
45429.92004 0.4186
45429.92102 0.4144
45430.96399 0.4204
45430.96497 0.4181
45430.96704 0.4166
45431.91895 0.4307
45431.92004 0.4343
45431.92102 0.4204
45432.93201 0.4183
45432.93298 0.4309
45432.93396 0.4282
45433.93506 0.4266
45433.93604 0.4246
45433.93701 0.4264
45437.94995 0.4289
45437.95105 0.4330
45437.95203 0.4249
45438.83398 0.4313
45438.83496 0.4241
45438.83606 0.4339
45439.89099 0.4362
45439.89197 0.4373
45439.89294 0.4453
45440.88794 0.4329
45440.88904 0.4321
45440.89001 0.4447
45447.80103 0.4294
45447.80200 0.4294
45447.80200 0.4262
45449.94299 0.4128
45449.94299 0.4168
45449.94397 0.4118
45457.77405 0.4444
45457.77405 0.4373
45457.77502 0.4508
45476.75000 0.4585
45476.75098 0.4560
45476.75305 0.4441
45477.75098 0.4641
45477.75195 0.4651
45477.75195 0.4616
45478.72400 0.4533
45478.72400 0.4594
45478.72498 0.4688
45479.75806 0.4391
45479.75806 0.4429
45479.75903 0.4466
45480.72705 0.4227
45480.72803 0.4508
45480.72900 0.4414
45481.78296 0.4590
45481.78296 0.4609
45481.78406 0.4665
45482.73596 0.4498
45482.73706 0.4613
45482.73804 0.4592
45484.76099 0.4602
45484.76196 0.4473
45484.76294 0.4333
45485.75403 0.4473
45485.75500 0.4385
45485.75598 0.4500
45488.80298 0.4562
45488.80396 0.4570
45488.80505 0.4574
45489.69900 0.4527
45489.69900 0.4490
45489.70000 0.4621
45490.77400 0.4509
45490.77500 0.4520
45490.77500 0.4716
45501.73900 0.4503
45501.74000 0.4540
45501.74100 0.4464
45504.70900 0.4223
45504.70900 0.4238
45504.71000 0.4246
45506.73400 0.4499
45506.73500 0.4418
45506.73600 0.4523
45509.72200 0.4676
45509.72300 0.4558
45509.72400 0.4593
45512.69000 0.4648
45512.69100 0.4648
45512.69200 0.4551
45516.69900 0.4344
45516.70000 0.4363
45516.70100 0.4309
45518.70400 0.4614
45518.70500 0.4677
45518.70500 0.4697
45523.69900 0.4527
45523.70000 0.4539
45523.70000 0.4621
45710.08200 0.4533
45710.08300 0.4517
45710.08400 0.4522
45715.07000 0.4279
45715.07000 0.4399
45715.07100 0.4296
45717.07800 0.4620
45717.07900 0.4497
45717.08000 0.4573
45718.07400 0.4528
45718.07500 0.4513
45718.07600 0.4543
45720.05800 0.4285
45720.05900 0.4199
45720.06000 0.4153
45722.03600 0.4192
45722.03800 0.4158
45722.03900 0.4184
45725.08400 0.4374
45725.08500 0.4335
45725.08500 0.4331
45728.04800 0.4197
45728.04900 0.4182
45728.04900 0.4085
45736.02400 0.4375
45736.02500 0.4400
45736.02500 0.4455
45739.99500 0.4065
45739.99700 0.3993
45739.99800 0.4088
45742.05200 0.4275
45742.05300 0.4296
45742.05400 0.4372
45744.01800 0.4356
45744.02000 0.4458
45744.02100 0.4238
45751.99600 0.4104
45751.99600 0.4213
45751.99700 0.4138
45754.02300 0.4357
45754.02400 0.4397
45754.02500 0.4118
45757.03800 0.4273
45757.03800 0.4188
45757.03900 0.4275
45762.98100 0.4434
45762.98300 0.4401
45762.98400 0.4487
45763.98400 0.4330
45763.98500 0.4324
45763.98600 0.4404
45766.01800 0.4373
45766.01900 0.4381
45766.02100 0.4381
45768.03200 0.4455
45768.03300 0.4455
45768.03500 0.4480
45772.98865 0.4454
45772.99011 0.4494
45772.99133 0.4469
45779.99900 0.4589
45780.00000 0.4622
45780.00000 0.4488
45782.93600 0.4342
45782.93700 0.4396
45782.93700 0.4414
45784.96899 0.4419
45784.96973 0.4414
45784.97034 0.4626
45786.95200 0.4366
45786.95300 0.4473
45786.95400 0.4306
45788.94531 0.4557
45788.94592 0.4473
45788.94641 0.4495
45789.96500 0.4425
45789.96600 0.4438
45789.96700 0.4615
45792.98914 0.4404
45792.98962 0.4326
45792.99023 0.4509
45793.96100 0.4450
45793.96200 0.4717
45793.96200 0.4655
45797.95800 0.4632
45797.95800 0.4478
45797.95900 0.4449
45799.94873 0.4238
45799.94983 0.4346
45799.95068 0.4412
45802.94495 0.4715
45802.94556 0.4598
45802.94617 0.4677
45804.82600 0.4581
45804.82700 0.4451
45804.82700 0.4374
45806.87900 0.4542
45806.87900 0.4465
45806.88000 0.4514
45808.78503 0.4400
45808.78564 0.4526
45808.78613 0.4513
45812.88600 0.4407
45812.88700 0.4522
45812.88700 0.4398
45814.82400 0.4775
45814.82500 0.4671
45814.82500 0.4757
45819.93000 0.4628
45819.93100 0.4597
45819.93100 0.4693
45824.82700 0.4543
45824.82700 0.4329
45824.82800 0.4164
45824.82900 0.4323
45826.91300 0.4571
45826.91400 0.4447
45826.91500 0.4423
45828.82500 0.4772
45828.82500 0.4887
45828.82600 0.4895
45829.69500 0.4716
45829.69600 0.4790
45829.69700 0.4782
45829.69800 0.4754
45829.69800 0.4708
45829.69900 0.4684
45829.70000 0.4637
45829.70100 0.4710
45829.70200 0.4855
45829.70200 0.4682
45829.70300 0.4576
45829.70400 0.4724
45829.70500 0.4610
45829.70500 0.4620
45829.70600 0.4755
45829.70700 0.4741
45829.70800 0.4634
45829.70800 0.4829
45829.70900 0.4714
45829.71000 0.4838
45829.71100 0.4679
45829.71200 0.4709
45829.71200 0.4741
45829.71300 0.4739
45829.71400 0.4701
45829.71500 0.4762
45829.71600 0.4659
45829.71600 0.4686
45829.71700 0.4768
45829.71800 0.4787
45829.71900 0.4765
45829.71900 0.4710
45829.72000 0.4695
45829.72100 0.4768
45829.72200 0.4721
45829.72300 0.4717
45829.72300 0.4751
45829.72400 0.4690
45829.72500 0.4771
45829.72600 0.4768
45829.72600 0.4738
45829.72700 0.4710
45829.72800 0.4687
45829.72900 0.4751
45829.72900 0.4766
45829.73000 0.4824
45829.73100 0.4734
45829.73200 0.4808
45829.73300 0.4786
45829.73300 0.4728
45829.73400 0.4692
45829.73500 0.4722
45829.73600 0.4834
45829.73700 0.4751
45829.73700 0.4755
45829.73800 0.4650
45829.73900 0.4846
45829.74000 0.4786
45829.74000 0.4768
45829.74100 0.4708
45829.74200 0.4725
45829.74300 0.4801
45829.74400 0.4794
45829.74400 0.4846
45829.74500 0.4804
45829.74600 0.4779
45829.74700 0.4857
45829.74700 0.4903
45829.74800 0.4746
45829.74900 0.4863
45829.75000 0.4895
45829.75100 0.4846
45829.75100 0.4782
45829.75200 0.4857
45829.75300 0.4827
45829.75400 0.4994
45829.75500 0.4913
45829.75500 0.4863
45829.75600 0.4890
45829.75700 0.4816
45829.75800 0.4746
45829.75800 0.4859
45829.75900 0.4784
45829.76000 0.4816
45829.76100 0.4838
45829.76100 0.4771
45829.76200 0.4745
45829.76300 0.4726
45829.76400 0.4783
45829.76500 0.4911
45829.76500 0.4921
45829.76600 0.4842
45829.76700 0.4787
45829.76800 0.4651
45829.76900 0.4866
45829.76900 0.4790
45829.77000 0.4891
45829.77100 0.4855
45829.77200 0.4819
45829.77200 0.4771
45829.77300 0.4878
45829.77400 0.4875
45829.77500 0.4865
45829.77600 0.4933
45829.77600 0.4874
45829.77700 0.5015
45829.77800 0.4888
45829.77900 0.4962
45829.77900 0.4969
45829.78000 0.4936
45829.78100 0.4917
45829.78200 0.5089
45829.78300 0.4975
45829.78300 0.4895
45829.78400 0.4900
45829.78500 0.4961
45829.78600 0.5000
45829.78600 0.5023
45829.78700 0.4990
45829.78800 0.4994
45829.78900 0.4743
45829.79000 0.5042
45829.79000 0.4782
45829.79100 0.4934
45829.79200 0.4838
45829.79300 0.4805
45829.79300 0.4858
45829.79400 0.4898
45829.79500 0.4841
45829.79600 0.4867
45829.79700 0.4915
45829.79700 0.4921
45829.79800 0.4674
45829.79900 0.4861
45829.80000 0.4929
45829.80000 0.4960
45829.80100 0.4896
45829.80200 0.4867
45829.80300 0.4817
45829.80400 0.4919
45829.80400 0.4879
45829.80500 0.4800
45829.80600 0.5024
45829.80700 0.4958
45829.80700 0.4979
45829.80800 0.4862
45829.80900 0.4898
45829.81000 0.4921
45829.81100 0.5083
45829.81100 0.4934
45829.81300 0.4987
45829.81400 0.4825
45829.81400 0.4884
45829.81500 0.4894
45829.81600 0.4729
45829.81700 0.4874
45829.81800 0.4824
45829.81800 0.4900
45829.81900 0.4840
45829.82000 0.5056
45829.82200 0.4989
45829.82200 0.4556
45829.82400 0.4875
45829.82500 0.4953
45829.82600 0.4807
45829.82600 0.4866
45829.82700 0.4675
45829.82800 0.4799
45829.82900 0.4928
45829.83000 0.4895
45829.83000 0.4888
45829.83100 0.4957
45829.83200 0.4899
45829.83300 0.4938
45829.83300 0.4820
45829.83400 0.4937
45829.83500 0.4903
45829.83600 0.4874
45829.83700 0.4855
45829.83700 0.4934
45829.83800 0.4950
45829.83900 0.4925
45829.84000 0.4904
45829.84000 0.4868
45829.84100 0.4871
45829.84200 0.4868
45829.84300 0.4708
45829.84400 0.4782
45829.84400 0.4763
45829.84500 0.4801
45829.84600 0.4813
45829.84700 0.4815
45829.84800 0.4762
45829.84800 0.4805
45829.84900 0.4849
45829.85000 0.4808
45829.85100 0.4905
45829.85100 0.4762
45829.85200 0.4862
45829.85300 0.4925
45829.85400 0.4746
45829.85400 0.4820
45829.85500 0.4783
45829.85600 0.4871
45829.85700 0.4891
45829.85800 0.4825
45829.85800 0.4824
45829.85900 0.4820
45829.86000 0.4816
45829.86100 0.4836
45829.86100 0.4894
45829.86200 0.4804
45829.86300 0.4718
45829.86400 0.4862
45829.86500 0.4742
45829.86500 0.4729
45829.86600 0.4800
45829.86700 0.4836
45829.86800 0.4791
45829.86900 0.4828
45829.86900 0.4672
45829.87000 0.4800
45829.87100 0.4768
45829.87200 0.4824
45829.87200 0.4738
45829.87300 0.4710
45829.87400 0.4804
45829.87500 0.4765
45829.87500 0.4890
45829.87600 0.4823
45829.87700 0.4827
45829.87800 0.4841
45829.87900 0.4768
45829.87900 0.4796
45829.88000 0.4811
45829.88100 0.4831
45829.88200 0.4735
45829.88300 0.4761
45829.88300 0.4696
45829.88400 0.4722
45829.88500 0.4801
45829.88600 0.4782
45829.88600 0.4746
45829.88700 0.4779
45829.88800 0.4798
45829.88900 0.4702
45829.89000 0.4745
45829.89000 0.4741
45829.89100 0.4775
45829.89200 0.4699
45829.89300 0.4859
45829.89300 0.4737
45829.89400 0.4795
45829.89500 0.4725
45829.89600 0.4838
45829.89700 0.4728
45829.89700 0.4587
45829.89800 0.4796
45829.89900 0.4804
45829.90000 0.4862
45829.90100 0.4674
45829.90100 0.4726
45829.90200 0.4704
45829.90300 0.4836
45829.90400 0.4859
45829.90400 0.4766
45829.90500 0.4741
45829.90600 0.4795
45829.90700 0.4790
45829.90700 0.4867
45829.90800 0.4750
45829.90900 0.4742
45829.91000 0.4717
45829.91100 0.4714
45829.91100 0.4600
45829.91200 0.4658
45829.91300 0.4674
45829.91400 0.4718
45829.91500 0.4848
45829.91500 0.4788
45829.91600 0.4798
45829.91700 0.4798
45829.91800 0.4755
45829.91800 0.4698
45829.91900 0.4784
45829.92000 0.4753
45829.92100 0.4747
45829.92200 0.4858
45829.92200 0.4718
45829.92300 0.4829
45829.92400 0.4791
45829.92500 0.4831
45829.92500 0.4813
45829.92600 0.4784
45829.92700 0.4783
45829.92800 0.4642
45829.92900 0.4742
45829.92900 0.4840
45829.93000 0.4701
45829.93100 0.4712
45829.93200 0.4815
45829.93200 0.4609
45829.93300 0.4701
45829.93400 0.4443
45829.93500 0.4602
45829.93600 0.4632
45829.93600 0.4805
45829.93700 0.4676
45829.93800 0.4712
45829.93900 0.4754
45829.93900 0.4642
45829.94000 0.4628
45829.94100 0.4708
45829.94200 0.4776
45829.94300 0.4588
45829.94300 0.4629
45829.94400 0.4674
45829.94500 0.4788
45829.94600 0.4563
45829.94600 0.4464
45829.94700 0.4663
45829.94800 0.4642
45829.94900 0.4535
45829.95000 0.4675
45829.95000 0.4763
45829.95100 0.4721
45829.95200 0.4649
45829.95300 0.4628
45829.95300 0.4655
45829.95400 0.4599
45829.95500 0.4483
45829.95600 0.4493
45829.95700 0.4647
45829.95700 0.4698
45829.95800 0.4675
45829.95900 0.4655
45829.96000 0.4667
45829.96000 0.4604
45829.96100 0.4513
45829.96200 0.4688
45829.96300 0.4621
45829.96400 0.4662
45829.96400 0.4602
45829.96500 0.4778
45829.96600 0.4722
45829.96700 0.4712
45829.96800 0.4683
45829.96800 0.4696
45829.96900 0.4633
45829.97000 0.4575
45829.97100 0.4672
45829.97100 0.4637
45829.97200 0.4684
45829.97300 0.4709
45829.97400 0.4551
45829.97500 0.4659
45829.97600 0.4718
45829.97700 0.4655
45829.97800 0.4460
45829.97800 0.4576
45829.97900 0.4596
45829.98000 0.4639
45829.98100 0.4622
45829.98200 0.4530
45829.98200 0.4691
45829.98300 0.4556
45829.98400 0.4588
45829.98500 0.4583
45829.98500 0.4706
45829.98600 0.4492
45829.98700 0.4612
45829.98800 0.4558
45829.98900 0.4712
45829.98900 0.4608
45831.78200 0.4437
45831.78300 0.4496
45831.78300 0.4530
45837.78711 0.4624
45837.78760 0.4676
45837.78821 0.4645
45839.77344 0.4571
45839.77417 0.4506
45839.77478 0.4567
45841.77234 0.4481
45841.77307 0.4515
45841.77393 0.4537
45843.78809 0.4487
45843.78870 0.4574
45843.78918 0.4678
45845.79797 0.4503
45845.79883 0.4566
45845.79968 0.4515
45849.79919 0.4724
45849.79993 0.4652
45849.80054 0.4687
45853.80103 0.4575
45853.80188 0.4475
45853.80273 0.4434
45857.82446 0.4709
45857.82593 0.4592
45857.82751 0.4621
45859.80969 0.4628
45859.81042 0.4548
45859.81104 0.4670
45861.77563 0.4560
45861.77637 0.4464
45861.77710 0.4487
45863.73889 0.4716
45863.73962 0.4731
45863.74036 0.4557
45865.77661 0.4624
45865.77722 0.4618
45865.77808 0.4548
45867.79480 0.4407
45867.79553 0.4513
45867.79614 0.4478
45869.73755 0.4445
45869.73816 0.4482
45869.73877 0.4449
45871.74939 0.4658
45871.75012 0.4783
45871.75073 0.4825
45873.72058 0.4487
45873.72119 0.4603
45873.72180 0.4571
45878.70508 0.4757
45878.70593 0.4867
45878.70667 0.4830
45882.76868 0.4560
45882.76917 0.4487
45882.76978 0.4504
45884.72205 0.4574
45884.72278 0.4672
45884.72339 0.4611
45886.72095 0.4578
45886.72156 0.4586
45886.72217 0.4674
45887.72034 0.4650
45887.72095 0.4672
45887.72156 0.4761
45888.77405 0.4382
45888.77466 0.4476
45888.77527 0.4593
45890.74060 0.4400
45890.74109 0.4703
45890.74170 0.4560
45891.73157 0.4601
45891.73242 0.4553
45891.73315 0.4606
45892.73083 0.4445
45892.73145 0.4546
45892.73218 0.4564
45893.72229 0.4724
45893.72302 0.4805
45893.72363 0.4745
45895.74182 0.4492
45895.74255 0.4538
45895.74341 0.4543
45901.68921 0.4380
45901.68982 0.4496
45901.69055 0.4322
45912.68701 0.4391
45912.68762 0.4259
45912.68835 0.4454
45913.71460 0.4391
45913.71545 0.4420
45913.71643 0.4335
45914.72559 0.4469
45914.72632 0.4351
45914.72705 0.4368
45916.72449 0.4151
45916.72534 0.4084
45916.72607 0.4062
45917.69153 0.4399
45917.69214 0.4320
45917.69275 0.4313
45918.70837 0.4438
45918.70898 0.4332
45918.70959 0.4340
45919.69324 0.4393
45919.69397 0.4388
45919.69470 0.4456
45921.70569 0.3946
45921.70691 0.4020
45921.70740 0.3801
45922.71851 0.4167
45922.71924 0.4001
45922.71985 0.3929
45923.70349 0.4278
45923.70422 0.4413
45923.70483 0.4269
45929.70190 0.4351
45929.70264 0.4179
45929.70349 0.4174
45933.67737 0.4157
45933.67798 0.4307
45933.67859 0.4295
45934.66235 0.4098
45934.66296 0.4149
45934.66357 0.4187
45935.68054 0.4250
45935.68127 0.4145
45935.68201 0.4167
45936.65186 0.4886
45936.65247 0.4758
45936.65308 0.4638
45937.66345 0.4665
45937.66406 0.4728
45937.66467 0.4617
45938.65747 0.4257
45938.65820 0.4273
45938.65894 0.4271
45940.65503 0.4063
45940.65576 0.3952
45940.65649 0.4067
45942.67627 0.4109
45942.67700 0.4125
45942.67786 0.4147
45943.67603 0.4252
45943.67664 0.4386
45943.67749 0.4365
45951.63245 0.4638
45951.63318 0.4656
45951.63379 0.4634
46097.71313 0.4594
46097.72266 0.4676
46097.73682 0.4660
46102.96265 0.4360
46102.96729 0.4268
46102.97168 0.4293
46103.69312 0.4567
46103.69385 0.4392
46103.69458 0.4507
46107.05127 0.4688
46107.05273 0.4728
46107.05469 0.4755
46111.01758 0.4386
46111.01831 0.4550
46111.01904 0.4497
46113.05396 0.4767
46113.05518 0.4875
46113.05664 0.4827
46114.06396 0.4771
46114.06470 0.5001
46114.06543 0.5004
46120.03247 0.4836
46120.03296 0.4641
46120.03345 0.4699
46121.02075 0.4741
46121.02173 0.4725
46121.02271 0.4542
46138.99951 0.4568
46139.00024 0.4522
46139.00122 0.4491
46140.02002 0.4618
46140.02075 0.4664
46140.02148 0.4685
46142.05664 0.4664
46142.05713 0.4630
46142.05786 0.4570
46145.99951 0.4532
46146.00024 0.4328
46146.00098 0.4418
46148.97217 0.4741
46148.97314 0.4728
46148.97388 0.4805
46148.97437 0.4790
46157.99976 0.4749
46158.00049 0.4719
46158.00146 0.4753
46158.83252 0.4754
46158.83325 0.4694
46158.83398 0.4676
46159.99780 0.4459
46159.99878 0.4597
46159.99951 0.4501
46160.93701 0.4576
46160.93774 0.4577
46160.93848 0.4599
46161.90234 0.4563
46161.90308 0.4397
46161.90381 0.4367
46162.97754 0.4701
46162.97827 0.4777
46162.97876 0.4768
46163.86230 0.4640
46163.86279 0.4837
46163.86353 0.4673
46164.88306 0.4900
46164.88379 0.4705
46164.88428 0.4876
46165.86182 0.4530
46165.86255 0.4598
46165.86328 0.4741
46166.88672 0.4619
46166.88721 0.4603
46166.88794 0.4499
46167.98999 0.4728
46167.99072 0.4700
46167.99121 0.4746
46168.97656 0.4865
46168.97754 0.4698
46168.97803 0.4591
46169.86133 0.4715
46169.86206 0.4812
46169.86255 0.4660
46170.93652 0.4524
46170.93726 0.4541
46170.93774 0.4474
46179.88135 0.4601
46179.88208 0.4713
46179.88330 0.4648
46183.95239 0.4557
46183.95288 0.4554
46183.95386 0.4558
46185.92041 0.4550
46185.92114 0.4394
46185.92188 0.4548
46186.86987 0.4481
46186.87036 0.4673
46186.87109 0.4565
46186.94873 0.4599
46186.94922 0.4565
46186.94995 0.4620
46187.71167 0.4537
46187.71680 0.4561
46187.82886 0.4881
46187.82935 0.4864
46187.83008 0.4718
46187.87183 0.4735
46187.87256 0.4695
46187.87305 0.4794
46187.90308 0.4506
46187.90430 0.4554
46187.90503 0.4442
46189.84497 0.4484
46189.84570 0.4518
46189.84619 0.4457
46189.91187 0.4712
46189.91260 0.4626
46189.91333 0.4636
46190.80200 0.4813
46190.80273 0.4846
46190.80322 0.4857
46190.90039 0.4689
46190.90112 0.4823
46190.90161 0.4666
46191.72974 0.4358
46191.73047 0.4615
46191.73120 0.4350
46191.84009 0.4354
46191.84082 0.4549
46191.84131 0.4425
46192.81079 0.4697
46192.81177 0.4537
46192.81250 0.4616
46192.84790 0.4655
46192.84863 0.4606
46192.84961 0.4427
46196.79761 0.4404
46196.79980 0.4541
46196.80249 0.4412
46198.87622 0.4538
46198.87744 0.4563
46198.87866 0.4512
46199.85962 0.4626
46199.86060 0.4633
46199.86133 0.4823
46200.72778 0.4558
46200.72900 0.4585
46200.72998 0.4495
46201.82568 0.4470
46201.82690 0.4381
46201.82813 0.4410
46202.82617 0.4390
46202.82715 0.4437
46202.82813 0.4482
46203.81226 0.4677
46203.81323 0.4531
46203.81396 0.4479
46204.82202 0.4587
46204.82275 0.4616
46204.82373 0.4530
46205.86133 0.4656
46205.86206 0.4607
46205.86279 0.4555
46208.88306 0.4375
46208.88379 0.4331
46208.88428 0.4317
46209.85425 0.4655
46209.85498 0.4625
46209.85547 0.4759
46210.87695 0.4634
46210.87744 0.4519
46210.87793 0.4488
46212.85742 0.4485
46212.85815 0.4385
46212.85864 0.4363
46213.77930 0.4320
46213.78003 0.4243
46213.78052 0.4449
46215.81909 0.4512
46215.82007 0.4565
46215.82104 0.4524
46216.82397 0.4518
46216.82495 0.4540
46216.82593 0.4569
46218.82227 0.4604
46218.82324 0.4475
46218.82422 0.4625
46220.79565 0.4324
46220.79663 0.4290
46220.79761 0.4287
46221.79883 0.4283
46221.79980 0.4370
46221.80054 0.4360
46222.75610 0.4634
46222.75684 0.4630
46222.75757 0.4477
46223.78906 0.4742
46223.78979 0.4701
46223.79053 0.4465
46224.75024 0.4975
46224.75073 0.4969
46224.75146 0.4930
46225.75024 0.4398
46225.75098 0.4415
46225.75195 0.4298
46226.69653 0.4467
46226.69702 0.4479
46226.69775 0.4282
46230.75586 0.4440
46230.75659 0.4536
46230.75757 0.4534
46231.75195 0.4701
46231.75269 0.4464
46231.75366 0.4629
46233.75879 0.4417
46233.75952 0.4410
46233.76025 0.4427
46234.69849 0.4465
46234.69922 0.4547
46234.69995 0.4566
46235.77930 0.4698
46235.78003 0.4684
46235.78198 0.4710
46237.75781 0.4356
46237.75830 0.4379
46237.75903 0.4449
46238.73193 0.4330
46238.73267 0.4250
46238.73389 0.4187
46239.71753 0.4786
46239.71826 0.4916
46239.71899 0.4751
46240.74927 0.4385
46240.75024 0.4390
46240.75098 0.4325
46241.73218 0.4580
46241.73267 0.4572
46241.73340 0.4551
46242.76074 0.4576
46242.76147 0.4667
46242.76221 0.4652
46243.72461 0.4668
46243.72534 0.4662
46243.72607 0.4663
46244.75317 0.4644
46244.75391 0.4647
46244.75464 0.4757
46245.68896 0.4504
46245.68970 0.4584
46245.69043 0.4538
46246.74683 0.4632
46246.74780 0.4511
46246.74854 0.4608
46247.74707 0.4742
46247.74829 0.4671
46247.74927 0.4779
46249.75195 0.4799
46249.75293 0.4763
46249.75366 0.4751
46250.70703 0.4651
46250.70776 0.4608
46250.70874 0.4562
46264.70557 0.4267
46264.70630 0.4300
46264.70703 0.4200
46267.68701 0.4504
46267.68774 0.4537
46267.68848 0.4532
46268.67969 0.4795
46268.68042 0.4672
46268.68115 0.4705
46271.67847 0.4329
46271.67944 0.4367
46271.68042 0.4456
46287.67358 0.4713
46287.67432 0.4662
46287.67505 0.4628
46419.04517 0.4162
46419.04614 0.4108
46419.04712 0.4109
46420.04224 0.4248
46420.04297 0.4252
46420.04370 0.4183
46421.04150 0.4468
46421.04248 0.4496
46421.04321 0.4462
46422.03540 0.4585
46422.03662 0.4552
46422.03760 0.4572
46473.00732 0.4375
46473.00806 0.4315
46473.00879 0.4399
46485.98096 0.4486
46485.98193 0.4337
46485.98291 0.4435
46489.95776 0.4388
46489.95874 0.4231
46489.95972 0.4296
46491.98877 0.4396
46491.98975 0.4290
46491.99048 0.4322
46492.99390 0.4241
46492.99487 0.4314
46492.99585 0.4412
46494.00171 0.4551
46494.00269 0.4526
46494.00366 0.4526
46494.93994 0.4404
46494.94067 0.4525
46494.94141 0.4486
46508.99707 0.4203
46508.99780 0.4212
46508.99854 0.4345
46509.95801 0.4336
46509.95874 0.4359
46509.95972 0.4375
46510.98022 0.4450
46510.98120 0.4478
46510.98193 0.4453
46511.94409 0.4407
46511.94482 0.4706
46511.94580 0.4598
46512.95044 0.4520
46512.95142 0.4515
46512.95215 0.4610
46513.95337 0.4682
46513.95435 0.4699
46513.95605 0.4610
46514.93335 0.4418
46514.93408 0.4474
46514.93481 0.4492
46515.99121 0.4322
46515.99219 0.4306
46515.99316 0.4301
46516.96997 0.4798
46516.97070 0.4302
46516.97168 0.4442
46518.00488 0.4517
46518.00562 0.4534
46518.00635 0.4576
46520.00757 0.4574
46520.00830 0.4563
46520.00903 0.4675
46521.94214 0.4092
46521.94336 0.4235
46521.94531 0.4161
46523.90771 0.4398
46523.90845 0.4431
46523.90942 0.4297
46524.94189 0.4576
46524.94287 0.4626
46524.94385 0.4520
46529.93042 0.4460
46529.93140 0.4358
46529.93213 0.4312
46531.96411 0.4667
46531.96484 0.4578
46531.96533 0.4726
46532.91382 0.4343
46532.91455 0.4436
46532.91528 0.4443
46535.94507 0.4297
46535.94580 0.4467
46535.94653 0.4356
46538.96484 0.4459
46538.96582 0.4503
46538.96704 0.4473
46539.90942 0.4645
46539.91016 0.4557
46539.91113 0.4553
46540.92041 0.4354
46540.92114 0.4359
46540.92212 0.4411
46542.94287 0.4383
46542.94385 0.4605
46542.94458 0.4531
46544.88184 0.4508
46544.88257 0.4580
46544.88354 0.4500
46545.79468 0.4278
46545.79541 0.4332
46545.79639 0.4168
46547.95752 0.4250
46547.95825 0.4227
46547.95898 0.4234
46549.81299 0.4306
46549.81372 0.4353
46549.81470 0.4397
46550.90771 0.4382
46550.90869 0.4353
46550.90967 0.4447
46551.91162 0.4645
46551.91235 0.4562
46551.91309 0.4595
46553.90942 0.4137
46553.91040 0.4085
46553.91113 0.4259
46554.82617 0.3994
46554.82739 0.4114
46554.82837 0.4160
46555.81201 0.4329
46555.81274 0.4183
46555.81348 0.4280
46557.90503 0.4533
46557.90601 0.4591
46557.90698 0.4345
46558.88184 0.4447
46558.88257 0.4459
46558.88306 0.4464
46559.91553 0.4386
46559.91602 0.4461
46559.91675 0.4322
46562.87231 0.4451
46562.87329 0.4533
46562.87402 0.4437
46566.88208 0.4163
46566.88281 0.4266
46566.88379 0.4137
46568.87256 0.4412
46568.87329 0.4352
46568.87402 0.4247
46569.88110 0.4563
46569.88184 0.4443
46569.88257 0.4563
46570.79419 0.4701
46570.79517 0.4688
46570.79590 0.4565
46572.87964 0.4302
46572.88037 0.4438
46572.88135 0.4540
46575.88745 0.4360
46575.88818 0.4324
46575.88892 0.4454
46576.79761 0.4460
46576.79834 0.4492
46576.79932 0.4426
46577.76978 0.4438
46577.77051 0.4373
46577.77124 0.4415
46579.75757 0.4237
46579.75830 0.4271
46579.75903 0.4248
46580.81152 0.4412
46580.81250 0.4358
46580.81348 0.4164
46583.81226 0.4449
46583.81323 0.4192
46583.81421 0.4332
46584.78271 0.4324
46584.78345 0.4227
46584.78442 0.4277
46585.80908 0.4277
46585.80981 0.4278
46585.81055 0.4323
46587.76514 0.4323
46587.76611 0.4291
46587.76709 0.4325
46588.78882 0.4444
46588.78955 0.4515
46588.79028 0.4437
46590.78345 0.4537
46590.78394 0.4605
46590.78491 0.4553
46591.78906 0.4571
46591.78979 0.4640
46591.79053 0.4537
46592.77197 0.4402
46592.77295 0.4265
46592.77368 0.4280
46593.76709 0.4376
46593.76807 0.4256
46593.76904 0.4373
46594.78149 0.4620
46594.78223 0.4554
46594.78296 0.4577
46595.78027 0.4588
46595.78125 0.4647
46595.78198 0.4712
46596.77246 0.4502
46596.77319 0.4498
46596.77417 0.4490
46597.76807 0.4428
46597.76880 0.4456
46597.76953 0.4500
46598.77979 0.4307
46598.78052 0.4343
46598.78125 0.4407
46599.76489 0.4285
46599.76563 0.4324
46599.76636 0.4265
46600.75854 0.4477
46600.75928 0.4422
46600.76001 0.4462
46601.74414 0.4602
46601.74512 0.4594
46601.74585 0.4618
46602.71362 0.4395
46602.71460 0.4418
46602.71533 0.4501
46603.76050 0.4440
46603.76123 0.4588
46603.76221 0.4440
46604.75464 0.4237
46604.75537 0.4380
46604.75610 0.4347
46605.76733 0.4283
46605.76831 0.4221
46605.76929 0.4188
46608.74268 0.4537
46608.74390 0.4516
46608.74487 0.4483
46609.73022 0.4588
46609.73120 0.4506
46609.73340 0.4531
46610.74951 0.4409
46610.75049 0.4427
46610.75122 0.4532
46616.76294 0.4351
46616.76392 0.4093
46616.76489 0.4328
46617.74097 0.4127
46617.74170 0.4078
46617.74243 0.4202
46618.73999 0.4202
46618.74097 0.4093
46618.74170 0.4117
46620.73926 0.4475
46620.74023 0.4455
46620.74097 0.4442
46621.70483 0.4612
46621.70557 0.4537
46621.70630 0.4581
46623.72070 0.4256
46623.72144 0.4210
46623.72241 0.4197
46624.72290 0.4053
46624.72363 0.4025
46624.72461 0.4205
46625.70190 0.4360
46625.70288 0.4285
46625.70361 0.4284
46627.71875 0.4482
46627.71973 0.4428
46627.72046 0.4417
46629.69751 0.4121
46629.69849 0.4085
46629.69922 0.4150
46630.70654 0.4125
46630.70728 0.4211
46630.70801 0.4135
46631.68774 0.4170
46631.68848 0.4147
46631.68921 0.4260
46639.75024 0.4228
46639.75171 0.4135
46639.75269 0.4037
46650.68433 0.4334
46650.68506 0.4402
46650.68604 0.4324
46679.63330 0.4092
46679.63452 0.4010
46679.63550 0.4042
46682.62720 0.4271
46682.62793 0.4256
46682.62915 0.4218
46683.62427 0.4340
46683.62524 0.4218
46683.62598 0.4316
46684.62842 0.4345
46684.62939 0.4172
46684.63013 0.4213
46685.62842 0.4026
46686.62451 0.3871
46686.62573 0.3822
46686.62671 0.3844
46687.62549 0.3899
46687.62622 0.4024
46687.62695 0.3990
46688.62427 0.4102
46688.62549 0.4151
46688.62646 0.4150
46689.62573 0.4222
46857.01489 0.4501
46857.01587 0.4610
46857.01660 0.4493
46866.99414 0.4294
46866.99512 0.4252
46866.99609 0.4188
46869.04492 0.4406
46869.04590 0.4447
46869.04663 0.4451
46872.03833 0.4207
46872.03955 0.4073
46872.04053 0.4113
46878.02930 0.4164
46878.03027 0.4226
46878.03149 0.4149
46882.96582 0.4241
46882.96655 0.4026
46882.96753 0.4089
46890.94751 0.4071
46890.94849 0.4111
46890.94946 0.4025
46891.95264 0.4188
46891.95361 0.4106
46891.95459 0.4222
46893.94092 0.4475
46893.94189 0.4346
46893.94263 0.4543
46895.95703 0.4225
46895.95776 0.4418
46895.95874 0.4215
46897.95166 0.4039
46897.95313 0.4092
46897.95459 0.3889
46898.96826 0.4171
46898.96924 0.4227
46898.96997 0.4230
46900.93408 0.4398
46900.93481 0.4371
46900.93555 0.4356
46902.92749 0.4059
46902.92847 0.4063
46902.92969 0.4171
46904.93066 0.4071
46904.93408 0.4077
46904.93774 0.4085
46906.94019 0.4348
46906.94141 0.4158
46906.94238 0.4224
46913.91260 0.4221
46913.91357 0.4194
46913.91455 0.4276
46918.88599 0.4218
46918.88721 0.4179
46918.88843 0.4320
46921.88037 0.3895
46921.88159 0.3909
46921.88281 0.3965
46922.86792 0.3939
46922.86890 0.3992
46922.86987 0.4055
46930.79810 0.4498
46930.79907 0.4516
46930.80005 0.4274
46937.80615 0.4127
46937.80688 0.4246
46937.80762 0.4180
46949.75781 0.4394
46949.75879 0.4261
46949.75977 0.4209
46950.76831 0.4341
46950.76929 0.4317
46950.77026 0.4377
46953.77466 0.4134
46953.77539 0.4024
46953.77612 0.3996
46955.75342 0.4227
46955.75415 0.4290
46955.75488 0.4253
46957.75708 0.4158
46957.75806 0.4109
46957.75903 0.4291
46958.76392 0.4092
46958.76465 0.4063
46958.76563 0.4063
46960.71851 0.4074
46960.71948 0.4063
46960.72046 0.4152
46961.77881 0.4310
46961.77979 0.4305
46961.78076 0.4017
46963.77832 0.4320
46963.77905 0.4363
46963.78003 0.4271
46965.76636 0.4036
46965.76709 0.4158
46965.76807 0.4049
46966.75269 0.4112
46966.75366 0.4148
46966.75464 0.4263
46970.74268 0.4033
46970.74341 0.4088
46970.74414 0.4022
46986.70410 0.4262
46986.70508 0.4126
46986.70605 0.4303
46988.70654 0.4229
46988.70728 0.4222
46988.70825 0.4203
46990.71387 0.4011
46990.71484 0.4160
46990.71582 0.4149
46992.71094 0.4141
46992.71167 0.4185
46992.71240 0.4120
47000.73950 0.4094
47000.74048 0.3969
47000.74146 0.4085
47002.72217 0.4072
47002.72290 0.4007
47002.72388 0.3961
47006.72388 0.4153
47006.72485 0.4194
47006.72607 0.4118
47032.69458 0.3949
47032.69556 0.3884
47032.69653 0.3813
47034.67456 0.4130
47034.67505 0.4122
47034.67554 0.3906
47204.05273 0.4684
47204.05347 0.4510
47204.05444 0.4432
47205.07495 0.4406
47205.07593 0.4434
47205.07690 0.4383
47206.03003 0.4331
47206.03101 0.4351
47206.03198 0.4305
47207.04688 0.4213
47207.04761 0.4182
47207.04858 0.4278
47215.02173 0.4248
47215.02271 0.4213
47215.02368 0.4467
47224.04077 0.4370
47224.04199 0.4321
47224.04297 0.4244
47226.00439 0.4657
47226.00537 0.4552
47226.00659 0.4573
47239.05176 0.4501
47239.05273 0.4532
47239.05347 0.4533
47240.00317 0.4650
47240.00439 0.4607
47240.00562 0.4580
47240.00684 0.4573
47240.00830 0.4588
47240.90869 0.4552
47240.90967 0.4565
47240.91064 0.4778
47241.94531 0.4439
47241.94629 0.4393
47241.94751 0.4428
47242.80420 0.4433
47242.80518 0.4408
47242.80615 0.4416
47250.96021 0.4568
47250.96118 0.4615
47250.96216 0.4511
47251.96338 0.4509
47251.96509 0.4522
47251.96631 0.4512
47252.92725 0.4757
47252.92847 0.4774
47252.92920 0.4710
47253.87793 0.4677
47253.87866 0.4821
47253.87939 0.4941
47254.93481 0.4656
47254.93579 0.4538
47254.93677 0.4583
47255.88770 0.4506
47255.88867 0.4440
47255.88965 0.4440
47256.98779 0.4458
47256.98877 0.4398
47256.98975 0.4456
47257.94165 0.4697
47257.94263 0.4624
47257.94336 0.4615
47275.91504 0.4470
47275.91626 0.4366
47275.91748 0.4484
47280.89160 0.4304
47280.89307 0.4416
47280.89429 0.4420
47283.90552 0.4629
47283.90674 0.4625
47283.90820 0.4594
47285.87012 0.4376
47285.87085 0.4450
47285.87207 0.4354
47290.87769 0.4718
47290.87891 0.4637
47290.88013 0.4710
47295.80225 0.4608
47295.80347 0.4478
47295.80493 0.4571
47295.80615 0.4565
47296.86230 0.4592
47296.86353 0.4580
47296.86475 0.4622
47300.80322 0.4523
47300.80420 0.4431
47300.80518 0.4660
47302.72803 0.4641
47302.72876 0.4525
47302.72974 0.4561
47305.87720 0.4539
47305.87817 0.4566
47305.87915 0.4642
47308.86475 0.4184
47308.86621 0.4225
47308.86743 0.4175
47309.76831 0.4314
47309.77002 0.4473
47309.77173 0.4391
47312.79346 0.4469
47312.79419 0.4526
47312.79517 0.4336
47313.71851 0.4428
47313.71997 0.4418
47313.72144 0.4453
47314.77051 0.4320
47314.77148 0.4521
47314.77246 0.4396
47315.76416 0.4464
47315.76538 0.4486
47315.76660 0.4447
47316.83228 0.4511
47316.83350 0.4542
47316.83496 0.4511
47320.85400 0.4467
47320.85522 0.4349
47320.85645 0.4463
47320.85791 0.4560
47320.85938 0.4479
47321.84863 0.4409
47321.84985 0.4417
47321.85083 0.4451
47322.84131 0.4552
47322.84253 0.4500
47322.84351 0.4574
47323.82056 0.4652
47323.82178 0.4620
47323.82300 0.4587
47327.76099 0.4464
47327.76221 0.4354
47327.76318 0.4456
47329.77905 0.4510
47329.77979 0.4636
47329.78076 0.4624
47334.75366 0.4391
47334.75439 0.4335
47334.75537 0.4411
47336.76099 0.4420
47336.76196 0.4414
47336.76318 0.4345
47337.73071 0.4529
47337.73193 0.4546
47337.73291 0.4549
47339.74854 0.4466
47339.74976 0.4388
47339.75122 0.4502
47340.75708 0.4429
47340.75830 0.4300
47340.75952 0.4368
47341.75732 0.4362
47341.75854 0.4351
47341.76001 0.4292
47343.75293 0.4506
47343.75391 0.4363
47343.75537 0.4287
47344.74243 0.4383
47344.74341 0.4483
47344.74438 0.4698
47346.76050 0.4336
47346.76147 0.4273
47346.76270 0.4410
47347.78101 0.4591
47347.78198 0.4649
47347.78296 0.4539
47348.81177 0.4470
47348.81274 0.4849
47348.81372 0.4705
47348.81519 0.4558
47349.77832 0.4655
47349.77905 0.4716
47349.77979 0.4596
47349.78076 0.4462
47349.78174 0.4621
47351.77051 0.4610
47351.77148 0.4625
47351.77246 0.4597
47358.69629 0.4353
47358.69727 0.4318
47358.69849 0.4335
47360.68726 0.4401
47360.68823 0.4457
47360.68945 0.4393
47362.71606 0.4343
47362.71729 0.4425
47362.71826 0.4457
47366.68970 0.4493
47366.69092 0.4406
47366.69214 0.4373
47368.68530 0.4252
47368.68628 0.4546
47368.68726 0.4602
47370.68530 0.4529
47370.68652 0.4496
47370.68799 0.4462
47371.67896 0.4422
47371.68018 0.4307
47371.68164 0.4412
47373.67896 0.4348
47373.67993 0.4302
47373.68091 0.4275
47374.66479 0.4414
47374.66602 0.4462
47374.66699 0.4300
47377.69849 0.4322
47377.69971 0.4359
47377.70093 0.4305
47379.69141 0.4304
47379.69263 0.4271
47379.69385 0.4373
47382.69214 0.4256
47382.69336 0.4399
47382.69458 0.4332
47384.69434 0.4237
47384.69580 0.4275
47384.69702 0.4293
47546.01489 0.3371
47546.01636 0.3489
47546.01758 0.3916
47573.98535 0.4546
47573.98706 0.4455
47573.98828 0.4559
47574.93774 0.4480
47574.93872 0.4575
47574.93970 0.4486
47575.97290 0.4568
47575.97412 0.4440
47575.97534 0.4643
47579.01733 0.3624
47579.01855 0.3752
47579.02002 0.3665
47580.00854 0.4280
47580.01099 0.4265
47580.01294 0.4314
47596.99561 0.4423
47596.99658 0.4457
47596.99829 0.4501
47607.96997 0.4459
47607.97119 0.4564
47607.97241 0.4398
47608.95142 0.4219
47608.95264 0.4267
47608.95386 0.4282
47614.94946 0.4349
47614.95142 0.4360
47614.95313 0.4400
47617.98950 0.4282
47617.99097 0.4204
47617.99243 0.4202
47621.96045 0.4410
47621.96167 0.4444
47621.96265 0.4474
47623.96851 0.4408
47623.96973 0.4305
47623.97095 0.4365
47624.94751 0.4176
47624.94897 0.4190
47624.95020 0.4256
47626.96216 0.4522
47626.96338 0.4616
47626.96460 0.4499
47627.96216 0.4272
47627.96313 0.4218
47627.96411 0.4282
47628.93530 0.4464
47628.93628 0.4486
47628.93726 0.4453
47631.90137 0.4125
47631.90234 0.4179
47631.90332 0.4085
47634.89087 0.4218
47634.89185 0.4439
47634.89258 0.4450
47635.86377 0.4125
47635.86450 0.4056
47635.86548 0.4257
47637.86499 0.4147
47637.86670 0.4001
47637.87085 0.3981
47638.87305 0.4065
47638.87402 0.4001
47638.87524 0.4084
47639.87280 0.4208
47639.87427 0.4204
47639.87549 0.4093
47644.87256 0.3894
47644.87378 0.4135
47644.87476 0.4314
47647.88208 0.3992
47647.88306 0.4008
47647.88403 0.3901
47648.82129 0.4060
47648.82251 0.3800
47648.82373 0.3951
47654.86182 0.4351
47654.86328 0.4355
47654.86450 0.4417
47663.79126 0.4065
47663.79736 0.4094
47663.79858 0.4152
47665.79517 0.4241
47665.79663 0.4198
47665.79785 0.4156
47667.77930 0.4144
47667.78052 0.4054
47667.78223 0.4046
47669.76147 0.3933
47669.76221 0.3884
47669.76270 0.3876
47671.79834 0.4003
47671.79956 0.4054
47671.80103 0.3884
47675.75977 0.3936
47675.76147 0.3992
47675.76294 0.4015
47676.78687 0.3844
47676.78784 0.3918
47676.78906 0.3943
47686.74121 0.4647
47686.74219 0.4685
47686.74292 0.4664
47688.74829 0.4736
47688.74951 0.4779
47688.75073 0.4740
47690.73462 0.4338
47690.73584 0.4234
47690.73706 0.4228
47691.70605 0.4413
47691.70728 0.4520
47691.70898 0.4534
47715.70874 0.4733
47715.71069 0.4776
47715.71191 0.4723
47719.68164 0.4469
47719.68286 0.4525
47719.68384 0.4440
47724.68433 0.4485
47724.68506 0.4520
47724.68628 0.4537
47725.69385 0.4455
47725.69482 0.4419
47725.69580 0.4452
47727.68042 0.4690
47727.68140 0.4750
47727.68237 0.4560
47918.08350 0.4759
47918.08423 0.4681
47918.08594 0.4683
47922.04761 0.5179
47922.04858 0.4994
47922.04956 0.5044
47944.98633 0.4844
47944.98706 0.4836
47944.98804 0.4877
47946.03613 0.4973
47946.03687 0.4932
47946.03760 0.4958
47951.00928 0.4960
47951.01001 0.5002
47951.01074 0.5043
47956.96558 0.5036
47956.96655 0.5075
47956.96777 0.5060
47974.96289 0.4968
47974.96387 0.5039
47974.96484 0.5098
47976.98169 0.5084
47976.98267 0.5056
47976.98364 0.5125
47977.99121 0.4943
47977.99219 0.5024
47977.99316 0.4948
47981.97021 0.4854
47981.97144 0.4945
47981.97266 0.4940
48068.72852 0.4892
48068.72998 0.4931
48068.73145 0.4966
48075.71655 0.4953
48075.71753 0.4801
48075.71899 0.4939
48090.68091 0.4676
48090.68188 0.4745
48090.68286 0.4697
48274.99316 0.4635
48274.99463 0.4742
48274.99609 0.4726
48295.03076 0.4499
48295.03174 0.4348
48295.03223 0.4478
48296.01904 0.4634
48296.02002 0.4585
48296.02100 0.4579
48297.04297 0.4519
48297.04443 0.4497
48297.04541 0.4345
48297.98975 0.4460
48297.99121 0.4481
48297.99170 0.4478
48298.99365 0.4629
48298.99512 0.4612
48298.99658 0.4582
48300.98730 0.4649
48300.98877 0.4655
48300.99072 0.4559
48301.98877 0.4608
48301.99023 0.4555
48301.99219 0.4611
48306.98779 0.4626
48306.98926 0.4708
48306.99072 0.4710
48307.98633 0.4758
48307.98779 0.4750
48307.98877 0.4722
48308.98779 0.4726
48308.98877 0.4755
48308.98975 0.4776
48311.99023 0.4739
48311.99170 0.4569
48311.99316 0.4791
48312.98389 0.4682
48312.98535 0.4679
48312.98682 0.4633
48345.99805 0.4906
48345.99902 0.4946
48346.00000 0.4947
48360.92969 0.4723
48360.93115 0.4734
48360.93213 0.4761
48361.92627 0.4545
48361.92773 0.4608
48361.92871 0.4520
48375.90771 0.4667
48375.90869 0.4623
48375.90967 0.4653
48376.89453 0.4759
48376.89600 0.4665
48376.89697 0.4664
48377.89209 0.4803
48377.89307 0.4782
48377.89453 0.4806
48385.81055 0.4653
48385.81201 0.4529
48385.81348 0.4683
48386.81885 0.4592
48386.82031 0.4651
48386.82129 0.4612
48387.82666 0.4641
48387.82764 0.4636
48387.82861 0.4606
48391.86768 0.4704
48391.86914 0.4706
48391.87061 0.4643
48395.79785 0.4822
48395.79932 0.4797
48395.80029 0.4797
48397.86816 0.4827
48397.86963 0.4824
48397.87109 0.4863
48399.86572 0.4719
48399.86670 0.4789
48399.86816 0.4718
48401.86377 0.4745
48401.86523 0.4765
48401.86621 0.4838
48403.86963 0.4701
48403.87158 0.4666
48403.87305 0.4716
48408.79639 0.4713
48408.79736 0.4784
48408.79834 0.4821
48414.74805 0.4888
48414.74902 0.4914
48414.74951 0.4824
48415.74268 0.4648
48415.74365 0.4708
48415.74414 0.4572
48416.74463 0.4649
48416.74561 0.4742
48416.74658 0.4656
48418.74756 0.4684
48418.74854 0.4713
48418.75000 0.4662
48419.74609 0.4898
48419.74707 0.4875
48419.74805 0.4912
48420.74805 0.4987
48420.74902 0.5007
48420.75000 0.5026
48421.75537 0.4733
48421.75732 0.4725
48421.75879 0.4701
48422.74658 0.4634
48422.74854 0.4664
48422.74951 0.4645
48423.75098 0.4672
48423.75195 0.4683
48423.75293 0.4722
48424.74365 0.4940
48424.74463 0.4984
48424.74561 0.4960
48431.74316 0.4828
48431.74414 0.4753
48431.74561 0.4795
48449.69531 0.4712
48449.69629 0.4759
48449.69775 0.4801
48451.69775 0.4836
48451.69922 0.4851
48451.70020 0.4773
48453.68652 0.4526
48453.68750 0.4674
48453.68896 0.4585
48459.69043 0.4638
48459.69141 0.4653
48459.69287 0.4713
48462.68115 0.4792
48462.68262 0.4746
48462.68408 0.4703
48464.71045 0.4553
48464.71240 0.4572
48464.71436 0.4657
48466.68408 0.4688
48466.68555 0.4729
48466.68652 0.4742
48671.97803 0.4839
48671.97998 0.4823
48671.98145 0.4786
48677.92578 0.4975
48677.92773 0.4940
48677.92920 0.4921
48679.02686 0.4779
48679.02783 0.4759
48679.02881 0.4880
48681.01367 0.5065
48681.01514 0.5072
48681.01611 0.5080
48692.93652 0.4770
48692.93799 0.4841
48692.93945 0.4886
48693.93750 0.5077
48693.93896 0.5102
48693.93994 0.5102
48694.92676 0.5024
48694.92773 0.5055
48694.92920 0.4966
48695.98633 0.4829
48695.98779 0.5006
48695.98926 0.4845
48696.95117 0.4807
48696.95264 0.4673
48696.95508 0.4818
48697.98340 0.4921
48697.98438 0.4752
48697.98584 0.4867
48698.88916 0.4890
48698.89063 0.4763
48698.89258 0.4862
48719.91943 0.4949
48719.92090 0.5031
48719.92285 0.5051
48720.86621 0.5053
48720.86816 0.4951
48720.86963 0.5000
48721.90967 0.4607
48721.91113 0.4792
48721.91260 0.4618
48729.87891 0.4953
48729.87988 0.4902
48729.88135 0.4975
48731.87500 0.5074
48731.87598 0.4961
48731.87744 0.5006
48732.84229 0.4898
48732.84375 0.4865
48732.84521 0.4925
48740.89746 0.4669
48740.89844 0.4631
48740.89941 0.4708
48744.88965 0.4850
48744.89063 0.4865
48744.89160 0.4791
48750.76074 0.4750
48750.76221 0.4740
48750.76318 0.4764
48752.74219 0.4606
48752.74316 0.4601
48752.74463 0.4580
48755.87158 0.4761
48755.87305 0.4690
48755.87451 0.4708
48756.81689 0.4828
48756.81836 0.4806
48756.81982 0.4788
48757.82080 0.4860
48757.82227 0.4917
48757.82324 0.4858
48758.81348 0.4559
48758.81494 0.4584
48758.81592 0.4578
48760.83350 0.4744
48760.83447 0.4711
48760.83545 0.4635
48761.78027 0.4655
48761.78223 0.4626
48761.78369 0.4630
48771.83740 0.4517
48771.83838 0.4491
48771.83984 0.4545
48772.79150 0.4751
48772.79248 0.4807
48772.79346 0.4751
48773.76855 0.4755
48773.76953 0.4743
48773.77051 0.4746
48774.77686 0.4941
48774.77783 0.4911
48774.77930 0.4915
48775.77881 0.4882
48775.77979 0.4868
48775.78076 0.4881
48776.77832 0.4923
48776.77930 0.4895
48776.78027 0.4889
48777.77686 0.4790
48777.77783 0.4721
48777.77930 0.4761
48778.77441 0.4608
48778.77588 0.4582
48778.77686 0.4583
48781.78418 0.4856
48781.78516 0.4905
48781.78662 0.4876
48782.77100 0.4816
48782.77197 0.4817
48782.77344 0.4819
48783.81152 0.4586
48783.81299 0.4565
48783.81445 0.4598
48784.75537 0.4713
48784.75684 0.4744
48784.75781 0.4795
48785.74561 0.4552
48785.74707 0.4551
48785.74854 0.4555
48786.78223 0.4448
48786.78369 0.4565
48786.78467 0.4625
48787.79590 0.4686
48787.79736 0.4658
48787.79834 0.4706
48788.80127 0.4706
48788.80273 0.4661
48788.80371 0.4667
48789.75537 0.4745
48789.75684 0.4746
48789.75830 0.4666
48790.79883 0.4555
48790.79980 0.4574
48790.80127 0.4591
48791.77100 0.4566
48791.77197 0.4629
48791.77344 0.4577
48792.75146 0.4611
48792.75293 0.4709
48792.75391 0.4693
48794.75635 0.4992
48794.75781 0.5001
48794.75879 0.4937
48795.76465 0.4975
48795.76611 0.4971
48795.76758 0.4899
48797.79639 0.4711
48797.79785 0.4748
48797.79932 0.4748
48799.71826 0.4771
48799.71973 0.4791
48799.72070 0.4723
48803.71289 0.4885
48803.71387 0.4999
48803.71484 0.5027
48806.70068 0.4762
48806.70166 0.4918
48806.70215 0.4783
48809.71729 0.5099
48809.71826 0.5054
48809.71973 0.5047
48813.73730 0.4946
48813.73877 0.4893
48813.74023 0.4869
48820.75879 0.4760
48820.76025 0.4761
48820.76172 0.4734
48821.74854 0.4829
48821.74951 0.4898
48821.75098 0.4814
48822.74561 0.4614
48822.74707 0.4713
48822.74854 0.4784
48831.69043 0.4650
48831.69141 0.4633
48831.69287 0.4741
49048.96631 0.4774
49048.96729 0.4783
49048.96875 0.4760
49049.99121 0.4456
49049.99316 0.4427
49049.99463 0.4459
49052.96191 0.5036
49052.96289 0.4902
49052.96436 0.4984
49067.99561 0.4491
49067.99658 0.4528
49067.99805 0.4582
49068.98438 0.4489
49068.98633 0.4432
49068.98779 0.4453
49069.99268 0.4708
49069.99414 0.4740
49069.99561 0.4706
49076.99756 0.4736
49076.99951 0.4789
49077.00146 0.4865
49081.96289 0.4620
49081.96436 0.4696
49081.96582 0.4607
49088.90234 0.4723
49088.90381 0.4686
49088.90527 0.4622
49089.90674 0.4799
49089.90820 0.4776
49089.90918 0.4692
49097.94043 0.4606
49097.94189 0.4730
49097.94287 0.4659
49098.92822 0.4556
49098.92920 0.4598
49098.93164 0.4665
49103.92041 0.4821
49103.92285 0.4700
49103.92578 0.4651
49106.90332 0.4542
49106.90430 0.4561
49106.90576 0.4558
49107.89941 0.4882
49107.90137 0.4799
49107.90234 0.4846
49109.90576 0.4671
49109.90723 0.4601
49109.90820 0.4629
49110.88184 0.4445
49110.88477 0.4384
49110.88721 0.4489
49114.82373 0.4746
49114.82520 0.4707
49114.82666 0.4790
49116.82275 0.4375
49116.82422 0.4428
49116.82568 0.4295
49117.85596 0.4267
49117.85742 0.4170
49117.85889 0.4159
49118.85889 0.4256
49118.86035 0.4248
49118.86182 0.4257
49121.87744 0.4375
49121.87891 0.4381
49121.88086 0.4377
49124.84473 0.4316
49124.84766 0.4288
49124.84912 0.4255
49126.85938 0.4659
49126.86035 0.4594
49126.86182 0.4518
49131.81299 0.4420
49131.81396 0.4436
49131.81543 0.4452
49137.79590 0.4641
49137.79736 0.4594
49137.79883 0.4589
49147.81592 0.4222
49147.81738 0.4225
49147.81885 0.4252
49149.77197 0.4393
49149.77295 0.4403
49149.77441 0.4463
49150.75146 0.4605
49150.75293 0.4538
49150.75439 0.4623
49151.77441 0.4648
49151.77588 0.4638
49151.77734 0.4606
49152.78857 0.4649
49152.79004 0.4627
49152.79248 0.4640
49153.74707 0.4481
49153.74854 0.4519
49153.74951 0.4520
49156.77441 0.4569
49156.77588 0.4573
49156.77686 0.4552
49159.79639 0.4609
49159.79736 0.4548
49159.79883 0.4567
49160.77148 0.4401
49160.77246 0.4481
49160.77393 0.4568
49176.71533 0.4898
49176.71729 0.4895
49176.71875 0.4887
49177.73438 0.4874
49177.73584 0.4805
49177.73730 0.4817
49178.72803 0.4688
49178.72949 0.4617
49178.73096 0.4669
49179.72266 0.4795
49179.72412 0.4839
49179.72559 0.4770
49180.73242 0.4829
49180.73389 0.4742
49180.73486 0.4743
49186.72021 0.4599
49186.72168 0.4746
49186.72266 0.4709
49189.70947 0.4508
49189.71045 0.4771
49189.71191 0.4682
49190.70703 0.4577
49190.70801 0.4624
49190.70947 0.4698
49191.70166 0.4668
49191.70361 0.4559
49191.70459 0.4692
49192.70020 0.4723
49192.70166 0.4662
49192.70361 0.4652
49193.70508 0.4714
49193.70654 0.4738
49193.70801 0.4781
49194.70459 0.4798
49194.70605 0.4619
49194.70801 0.4769
49206.66211 0.4629
49206.66357 0.4694
49206.66455 0.4615
49207.66504 0.4698
49207.66650 0.4719
49207.66748 0.4673
49209.65723 0.4669
49209.65869 0.4602
49209.66016 0.4619
49407.00977 0.4898
49407.01123 0.5006
49407.01221 0.4893
49415.97559 0.5015
49415.97705 0.5039
49415.97803 0.5047
49416.97461 0.4830
49416.97559 0.4860
49416.97705 0.4807
49426.92725 0.4828
49426.92871 0.4776
49426.92969 0.4915
49434.91357 0.4958
49434.91504 0.4990
49434.91602 0.5028
49438.95068 0.4936
49438.95166 0.4868
49438.95264 0.4886
49439.94482 0.4932
49439.94629 0.4918
49439.94727 0.5004
49440.93506 0.5084
49440.93604 0.4987
49440.93750 0.5029
49442.94727 0.5319
49442.94873 0.5341
49442.94971 0.5265
49443.93457 0.5082
49443.93555 0.5006
49443.93652 0.5047
49444.94238 0.5101
49444.94336 0.5063
49444.94482 0.5050
49445.92334 0.5004
49445.92480 0.4977
49445.92578 0.4978
49447.92822 0.4876
49447.92920 0.4955
49447.93018 0.4934
49448.91650 0.4905
49448.91797 0.4815
49448.91895 0.4975
49453.81543 0.4874
49453.81641 0.4966
49453.81787 0.4950
49454.90771 0.4873
49454.90869 0.4801
49454.91016 0.4856
49455.89746 0.4734
49455.89893 0.4708
49455.89990 0.4655
49456.89453 0.4781
49456.89551 0.4780
49456.89648 0.4739
49457.87842 0.4804
49457.87939 0.4843
49457.88086 0.4787
49458.85254 0.5041
49458.85352 0.5037
49458.85498 0.5006
49461.89795 0.4853
49461.89893 0.4865
49461.89990 0.4835
49462.90332 0.4855
49462.90430 0.4857
49462.90576 0.4826
49463.90527 0.5053
49463.90625 0.5038
49463.90771 0.5068
49467.85986 0.4759
49467.86133 0.4754
49467.86230 0.4749
49471.85986 0.5035
49471.86084 0.5042
49471.86182 0.4775
49473.87500 0.5054
49473.87598 0.5040
49473.87695 0.5050
49474.86328 0.4892
49474.86426 0.4950
49474.86572 0.4862
49477.86377 0.5134
49477.86523 0.5189
49477.86621 0.5159
49481.86572 0.4778
49481.86670 0.4805
49481.86816 0.4818
49482.86475 0.4941
49482.86621 0.4889
49482.86719 0.4865
49482.86865 1.5175
49482.87012 1.4098
49482.87109 1.4713
49484.87500 0.4937
49484.87598 0.4881
49484.87695 0.5013
49485.81592 0.4968
49485.81738 0.5068
49485.81836 0.5009
49486.81738 0.4801
49486.81885 0.4804
49486.81982 0.4734
49493.81689 0.4810
49493.81787 0.4762
49493.81934 0.4823
49494.81543 0.4867
49494.81689 0.4787
49494.81787 0.4771
49495.80957 0.4747
49495.81055 0.4939
49495.81201 0.4846
49496.77979 0.4843
49496.78125 0.4879
49496.78223 0.4841
49497.78662 0.5209
49497.78760 0.5126
49497.78906 0.5155
49498.78613 0.4898
49498.78711 0.4860
49498.78857 0.4913
49499.78662 0.4732
49499.78760 0.4711
49499.78906 0.4713
49500.79004 0.4853
49500.79102 0.4756
49500.79248 0.4824
49504.80273 0.4999
49504.80420 0.5032
49504.80518 0.5005
49506.76562 0.4840
49506.76709 0.4928
49506.76807 0.4879
49507.81641 0.4754
49507.81787 0.4661
49507.81885 0.4750
49509.76904 0.5085
49509.77002 0.4936
49509.77148 0.4939
49510.80811 0.4851
49510.80957 0.4757
49510.81055 0.4748
49511.80908 0.4864
49511.81006 0.4769
49511.81152 0.4772
49512.79736 0.4738
49512.79834 0.4729
49512.79932 0.4743
49513.81543 0.4723
49513.81641 0.4677
49513.81738 0.4749
49514.80664 0.4807
49514.80762 0.4851
49514.80908 0.4944
49515.82715 0.4814
49515.82812 0.4848
49515.82910 0.4814
49516.82373 0.4875
49516.82471 0.4755
49516.82617 0.4788
49517.84570 0.4600
49517.84668 0.4623
49517.84814 0.4773
49519.81055 0.4628
49519.81152 0.4651
49519.81299 0.4622
49520.80908 0.4766
49520.81006 0.4765
49520.81152 0.4827
49521.80469 0.4870
49521.80615 0.4732
49521.80713 0.4765
49523.72949 0.4972
49523.73047 0.4883
49523.73193 0.4879
49524.77930 0.4732
49524.78027 0.4738
49524.78125 0.4803
49525.77734 0.4788
49525.77881 0.4859
49525.77979 0.4780
49526.74316 0.4829
49526.74414 0.4800
49526.74561 0.4786
49527.75684 0.4849
49527.75781 0.5046
49527.75928 0.4919
49528.73682 0.5029
49528.73828 0.5106
49528.73926 0.5010
49529.73975 0.4936
49529.74072 0.4959
49529.74170 0.4866
49530.72949 0.4820
49530.73047 0.4781
49530.73145 0.4810
49531.71826 0.4834
49531.71973 0.4890
49531.72070 0.4906
49532.71924 0.4979
49532.72021 0.4926
49532.72119 0.4934
49533.70801 0.4877
49533.70898 0.4954
49533.70996 0.4919
49536.71289 0.4723
49536.71436 0.4711
49536.71533 0.4729
49537.71143 0.4831
49537.71240 0.4791
49537.71338 0.4810
49540.73975 0.4899
49540.74121 0.4953
49540.74219 0.4949
49541.75732 0.4869
49541.75879 0.4857
49541.75977 0.4884
49542.74951 0.4709
49542.75098 0.4648
49542.75195 0.4649
49547.73193 0.4779
49547.73340 0.4821
49547.73438 0.4712
49548.74609 0.4665
49548.74707 0.4768
49548.74854 0.4705
49551.72070 0.4689
49551.72217 0.4694
49551.72314 0.4749
49552.71875 0.4844
49552.71973 0.4780
49552.72119 0.4766
49553.69824 0.4960
49553.69922 0.4858
49553.70020 0.4862
49556.69824 0.4857
49556.69971 0.4780
49556.70068 0.4761
49557.68945 0.4861
49557.69043 0.4802
49557.69189 0.4902
49558.68750 0.4886
49558.68848 0.4872
49558.68994 0.4837
49559.70605 0.4828
49559.70703 0.4949
49559.70850 0.4894
49570.66650 0.5057
49570.66797 0.5017
49570.66895 0.5007
49802.97461 0.5350
49802.97607 0.5417
49802.97705 0.5356
49804.97412 0.5357
49804.97510 0.5407
49804.97656 0.5450
49807.91699 0.5945
49807.91797 0.5930
49807.91943 0.5891
49854.82861 0.5870
49854.83008 0.5925
49854.83105 0.5891
49855.83008 0.5492
49855.83154 0.5566
49855.83252 0.5603
49857.83496 0.5795
49857.83643 0.5764
49857.83740 0.5789
49868.74023 0.5757
49868.74121 0.5707
49868.74219 0.5695
49873.80225 0.5676
49873.80371 0.5628
49873.80469 0.5499
49880.79199 0.5686
49880.79346 0.5634
49880.79443 0.5634
49881.75684 0.5756
49881.75781 0.5730
49881.75928 0.5733
49882.73877 0.5783
49882.73975 0.6073
49882.74121 0.6171
49886.74951 0.5593
49886.75049 0.5709
49886.75195 0.5658
