45501.75600 0.1898
45501.75700 0.1817
45501.75800 0.1823
45504.70200 0.1904
45504.70300 0.1936
45504.70300 0.1893
45506.69800 0.1945
45506.69900 0.1896
45506.70000 0.1930
45510.70200 0.1834
45510.70300 0.1848
45510.70300 0.1835
45512.69500 0.1807
45512.69600 0.1797
45512.69600 0.1781
45514.69300 0.1851
45514.69400 0.1827
45514.69500 0.1838
45517.72400 0.2043
45517.72500 0.1861
45517.72600 0.1841
45520.76600 0.1861
45520.76600 0.1879
45520.76700 0.1848
45523.70800 0.1835
45523.70900 0.1854
45523.70900 0.1842
45525.67800 0.1855
45525.67900 0.1843
45525.68000 0.1831
45527.70000 0.1868
45527.70100 0.1823
45527.70100 0.1882
45529.67600 0.1831
45529.67600 0.1795
45529.67700 0.1860
45531.67100 0.1804
45531.67100 0.1855
45531.67200 0.1819
45533.66900 0.1852
45533.66900 0.1848
45533.67000 0.1831
45535.68000 0.1820
45535.68100 0.1832
45535.68100 0.1840
45537.66300 0.1841
45537.66400 0.1855
45537.66400 0.1856
45539.66200 0.1797
45539.66200 0.1863
45539.66300 0.1821
45541.67600 0.1825
45541.67700 0.1849
45541.67700 0.1758
45543.67400 0.1861
45543.67500 0.1869
45543.67600 0.1845
45544.73700 0.2280
45544.73700 0.2320
45544.73800 0.2405
45549.72400 0.2116
45549.72400 0.2105
45549.72500 0.2065
45550.67800 0.1906
45550.67900 0.1843
45550.68000 0.1978
45722.05800 0.1767
45722.05900 0.1884
45722.06000 0.1807
45726.08200 0.1876
45726.08300 0.1795
45726.08400 0.1790
45728.06000 0.1819
45728.06100 0.1869
45728.06200 0.1819
45740.02000 0.1829
45740.02200 0.1822
45740.02400 0.1876
45742.06900 0.1841
45742.06900 0.1811
45742.07000 0.1822
45750.02900 0.1890
45750.03000 0.1823
45750.03100 0.1841
45754.03300 0.1900
45754.03300 0.1852
45754.03400 0.1864
45756.00900 0.1841
45756.01100 0.1842
45756.01400 0.1859
45763.00000 0.1822
45763.00200 0.1781
45763.00400 0.1777
45780.01400 0.1814
45780.01400 0.1777
45780.01500 0.1785
45782.01900 0.1824
45782.02100 0.1825
45782.02200 0.1896
45783.97473 0.1931
45783.97559 0.1833
45783.97656 0.1847
45786.97200 0.1833
45786.97400 0.1879
45786.97600 0.1868
45788.96545 0.1881
45788.96631 0.1842
45788.96716 0.1802
45791.00244 0.1783
45791.00317 0.1803
45791.00415 0.1813
45793.96400 0.1761
45793.96400 0.1802
45793.96500 0.1819
45797.97500 0.1840
45797.97600 0.1761
45797.97700 0.1761
45800.96814 0.1816
45800.96887 0.1851
45800.96985 0.1852
45802.95825 0.1779
45802.95898 0.1768
45802.95984 0.1725
45804.91900 0.1757
45804.92000 0.1769
45804.92100 0.1840
45806.91400 0.1786
45806.91500 0.1853
45806.91500 0.1746
45808.94812 0.1857
45808.94897 0.1842
45808.94983 0.1857
45812.89100 0.1819
45812.89200 0.1876
45812.89300 0.1872
45814.89400 0.1859
45814.89500 0.1831
45814.89600 0.1839
45819.94500 0.1794
45819.94500 0.1764
45819.94600 0.1770
45825.90700 0.1866
45825.90800 0.1880
45825.91000 0.1808
45827.81200 0.1821
45827.81300 0.1817
45827.81300 0.1813
45830.79100 0.1846
45830.79200 0.1870
45830.79200 0.1835
45832.79419 0.1842
45832.79480 0.1837
45832.79541 0.1851
45836.91492 0.1815
45836.91577 0.1804
45836.91675 0.1809
45838.79126 0.1835
45838.79187 0.1838
45838.79248 0.1858
45840.77844 0.1784
45840.77917 0.1799
45840.77991 0.1843
45842.78687 0.1799
45842.78748 0.1778
45842.78809 0.1767
45844.75183 0.1759
45844.75244 0.1787
45844.75305 0.1776
45846.77490 0.1710
45846.77563 0.1798
45846.77637 0.1730
45848.81689 0.1753
45848.81775 0.1811
45848.81848 0.1826
45853.79712 0.1817
45853.79810 0.1814
45853.79907 0.1812
45857.89636 0.1797
45857.89734 0.1739
45857.89844 0.1789
45859.78381 0.1860
45859.78467 0.1885
45859.78564 0.1850
45861.77954 0.1799
45861.78052 0.1809
45861.78149 0.1748
45863.74731 0.1797
45863.74805 0.1837
45863.74866 0.1781
45865.79126 0.1841
45865.79199 0.1792
45865.79272 0.1837
45867.75208 0.1861
45867.75269 0.1831
45867.75330 0.1752
45869.74463 0.1821
45869.74536 0.1797
45869.74609 0.1818
45871.76147 0.1829
45871.76221 0.1826
45871.76294 0.1792
45873.72791 0.1870
45873.72864 0.1779
45873.72925 0.1842
45878.72656 0.1867
45878.72742 0.1817
45878.72839 0.1888
45882.76465 0.1791
45882.76563 0.1823
45882.76672 0.1839
45886.74316 0.1818
45886.74377 0.1783
45886.74451 0.1862
45888.78772 0.1818
45888.78845 0.1815
45888.78918 0.1881
45890.72302 0.1825
45890.72375 0.1806
45890.72461 0.1862
45892.72180 0.1913
45892.72253 0.1912
45892.72314 0.1894
45895.72205 0.1885
45895.72302 0.1932
45895.72388 0.1888
45913.72815 0.1803
45913.72998 0.1833
45913.73206 0.1823
45917.69836 0.1793
45917.69910 0.1823
45917.69983 0.1808
45919.70044 0.1807
45919.70105 0.1854
45919.70178 0.1844
45921.71753 0.1630
45921.71814 0.1673
45921.71887 0.1662
45923.71045 0.1857
45923.71106 0.1858
45923.71179 0.1736
45929.70898 0.1861
45929.70996 0.1843
45929.71106 0.1848
45933.68494 0.1775
45933.68591 0.1797
45933.68665 0.1807
45935.68958 0.1909
45935.69067 0.1818
45935.69202 0.1871
45940.66321 0.1831
45940.66406 0.1800
45940.66479 0.1799
45942.68433 0.1790
45942.68555 0.1866
45942.68762 0.1719
45947.63855 0.2263
45947.63940 0.2306
45947.64014 0.2356
45949.65210 0.1823
45949.65308 0.1910
45949.65430 0.1916
45951.64734 0.1854
45951.64832 0.1866
45951.64929 0.1845
45957.63208 0.1832
45957.63367 0.1856
45957.63562 0.1818
45959.63635 0.1845
45959.63757 0.1823
45959.63892 0.1835
45962.63818 0.1834
45962.64026 0.1810
45962.64270 0.1883
46121.04468 0.1823
46121.04590 0.1739
46121.04688 0.1829
46124.05664 0.1814
46124.05762 0.1848
46124.05835 0.1864
46139.01807 0.1808
46139.01904 0.1749
46139.02026 0.1795
46146.04663 0.1801
46146.04785 0.1750
46146.04883 0.1889
46148.99121 0.1823
46148.99194 0.1924
46148.99243 0.1887
46158.84644 0.1896
46158.84741 0.1851
46158.84814 0.1879
46160.96338 0.1872
46160.96484 0.1789
46160.96655 0.1839
46163.87500 0.1809
46163.87573 0.1763
46163.87646 0.1816
46165.88745 0.1943
46165.88818 0.1948
46165.88916 0.1855
46167.98291 0.1846
46167.98389 0.1820
46167.98462 0.1830
46170.95801 0.1858
46170.95947 0.1823
46170.96118 0.1802
46187.90820 0.1851
46187.90894 0.1766
46187.90967 0.1793
46189.92847 0.1796
46189.92920 0.1797
46189.93018 0.1809
46191.86255 0.1895
46191.86377 0.1860
46191.86523 0.1865
46199.93701 0.1795
46199.93848 0.1810
46199.93994 0.1781
46202.84131 0.1827
46202.84326 0.1838
46202.84497 0.1822
46204.83887 0.1820
46204.83984 0.1804
46204.84106 0.1863
46209.87280 0.1784
46209.87451 0.1755
46209.87622 0.1770
46216.84912 0.1853
46216.85034 0.1830
46216.85205 0.1825
46220.82324 0.1802
46220.82568 0.1811
46220.82813 0.1797
46222.77026 0.1858
46222.77173 0.1829
46222.77344 0.1796
46224.76392 0.1839
46224.76563 0.1804
46224.76709 0.1801
46226.79004 0.1809
46226.79126 0.1786
46226.79346 0.1836
46226.79565 0.1817
46231.77173 0.1816
46231.77295 0.1825
46231.77441 0.1797
46233.74878 0.1837
46233.75024 0.1879
46233.75171 0.1825
46235.76440 0.1824
46235.76587 0.1873
46235.76733 0.1814
46237.76343 0.1835
46237.76392 0.1798
46237.76465 0.1807
46239.72632 0.1807
46239.72705 0.1814
46239.72803 0.1791
46241.74146 0.1844
46241.74219 0.1804
46241.74292 0.1825
46243.73633 0.1839
46243.73706 0.1872
46243.73779 0.1824
46245.72144 0.1901
46245.72217 0.1913
46245.72290 0.1832
46249.77954 0.1844
46249.78052 0.1827
46249.78174 0.1827
46266.69409 0.1771
46266.69482 0.1748
46266.69531 0.1759
46268.70264 0.1784
46268.70386 0.1810
46268.70508 0.1802
46271.69409 0.1830
46271.69531 0.1796
46271.69629 0.1781
46275.68164 0.1790
46275.68213 0.1803
46275.68286 0.1776
46278.69092 0.1759
46278.69141 0.1764
46278.69189 0.1806
46281.69336 0.1803
46281.69409 0.1787
46281.69507 0.1830
46283.72314 0.1801
46283.72388 0.1819
46283.72485 0.1755
46285.67627 0.1742
46285.67725 0.1787
46285.67798 0.1745
46287.69556 0.1752
46287.69678 0.1755
46287.69800 0.1766
46289.68115 0.1814
46289.68188 0.1822
46289.68286 0.1807
46291.67310 0.1816
46291.67407 0.1810
46291.67505 0.1814
46299.67212 0.1777
46299.67310 0.1768
46299.67407 0.1732
46486.01025 0.1870
46486.01123 0.1848
46486.01221 0.1852
46489.98804 0.1921
46489.98877 0.1819
46489.98950 0.1859
46492.01392 0.1820
46492.01489 0.1834
46492.01563 0.1869
46494.95947 0.1817
46494.96045 0.1851
46494.96143 0.1887
46509.98511 0.1891
46509.98608 0.1905
46509.98706 0.1814
46511.97534 0.1876
46511.97607 0.1881
46511.97705 0.1874
46514.96606 0.1878
46514.96704 0.1885
46514.96802 0.1888
46523.93188 0.1788
46523.93286 0.1797
46523.93384 0.1778
46531.98682 0.1826
46531.98755 0.1773
46531.98828 0.1854
46538.98877 0.1756
46538.98926 0.1869
46538.98999 0.1847
46540.95068 0.1809
46540.95142 0.1793
46540.95215 0.1757
46542.97534 0.1774
46542.97607 0.1788
46542.97681 0.1824
46549.89087 0.1854
46549.89160 0.1850
46549.89233 0.1809
46551.90210 0.1861
46551.90308 0.1843
46551.90381 0.1838
46553.94238 0.1859
46553.94312 0.1866
46553.94409 0.1855
46656.66382 0.1899
46656.66455 0.1809
46656.66553 0.1842
