46150.00903 0.2487
46150.00977 0.2531
46150.01050 0.2461
46290.71143 0.2473
46290.71240 0.2438
46290.71338 0.2420
46489.99268 0.2395
46489.99341 0.2394
46489.99438 0.2384
46528.97119 0.2440
46528.97217 0.2436
46528.97290 0.2458
46598.76758 0.2384
46598.76831 0.2406
46598.76904 0.2443
46649.67871 0.2427
46649.67920 0.2432
46649.67993 0.2435
46865.01099 0.2385
46865.01196 0.2406
46865.01294 0.2427
46928.87939 0.2399
46928.88013 0.2386
46928.88110 0.2342
46989.67407 0.2432
46989.67480 0.2400
46989.67578 0.2396
47205.05566 0.2438
47205.05664 0.2442
47205.05786 0.2414
47236.03955 0.2403
47236.04053 0.2405
47236.04175 0.2425
47277.89209 0.2379
47277.89307 0.2386
47277.89429 0.2361
47302.77954 0.2372
47302.78027 0.2414
47302.78101 0.2353
47333.75708 0.2417
47333.75806 0.2466
47333.75928 0.2422
47361.70044 0.2436
47361.70166 0.2399
47361.70288 0.2393
47609.94775 0.2415
47609.94922 0.2408
47609.95068 0.2423
47664.74438 0.2406
47664.74536 0.2357
47664.74634 0.2407
47722.70508 0.2475
47722.70605 0.2478
47722.70728 0.2470
48359.88037 0.2636
48359.88086 0.2636
48359.88281 0.2657
48416.76953 0.2524
48416.77051 0.2577
48416.77148 0.2567
