2448870.88330 0.1533
2448870.88525 0.1463
2448870.88672 0.1504
2448875.84961 0.1552
2448875.85156 0.1552
2448875.85352 0.1556
2448879.87646 0.1514
2448879.87793 0.1511
2448879.87988 0.1516
2448885.82764 0.1496
2448885.82959 0.1508
2448885.83203 0.1519
2448897.80371 0.1526
2448897.80566 0.1573
2448897.80811 0.1525
2448902.82373 0.1639
2448902.82520 0.1596
2448902.82715 0.1593
2448905.80811 0.1640
2448905.81006 0.1556
2448905.81201 0.1627
2448910.80078 0.1503
2448910.80371 0.1491
2448910.80615 0.1538
2448916.78613 0.1579
2448916.78760 0.1599
2448916.78955 0.1647
2448920.76416 0.1645
2448920.76562 0.1556
2448920.76709 0.1576
2448928.70996 0.1541
2448928.71240 0.1548
2448928.71484 0.1592
2448933.71680 0.1531
2448933.71875 0.1562
2448933.72070 0.1578
2448938.68457 0.1445
2448938.68701 0.1504
2448938.68994 0.1535
2448941.69824 0.1619
2448941.70020 0.1546
2448941.70215 0.1560
2448945.70166 0.1612
2448945.70410 0.1631
2448945.70654 0.1670
2448948.70605 0.1661
2448948.70850 0.1603
2448948.71094 0.1619
2448956.66211 0.1497
2448956.66504 0.1549
2448956.66846 0.1565
2448967.66455 0.1554
2448967.66699 0.1593
2448967.66943 0.1578
2448973.65137 0.1562
2448973.65381 0.1580
2448973.65625 0.1645
2448976.64844 0.1552
2448976.65088 0.1601
2448976.65381 0.1548
2448980.61572 0.1547
2448980.61865 0.1574
2448980.62158 0.1545
2448983.67676 0.1592
2448983.68018 0.1531
2448983.68359 0.1542
2449229.92188 0.1531
2449229.92676 0.1527
2449229.93213 0.1501
2449233.92871 0.1496
2449233.93408 0.1444
2449233.93945 0.1416
2449240.90674 0.1471
2449240.91064 0.1580
2449240.91455 0.1543
2449248.89697 0.1542
2449248.90234 0.1550
2449248.90771 0.1512
2449254.86914 0.1595
2449254.87354 0.1558
2449254.87744 0.1594
2449257.85400 0.1503
2449257.85840 0.1434
2449257.86230 0.1468
2449260.85791 0.1534
2449260.86182 0.1539
2449260.86621 0.1513
2449263.83203 0.1382
2449263.83545 0.1453
2449263.83887 0.1544
2449267.83594 0.1387
2449267.83936 0.1463
2449267.84326 0.1483
2449270.81006 0.1518
2449270.81396 0.1551
2449270.81738 0.1556
2449283.77393 0.1529
2449283.77686 0.1484
2449283.77979 0.1527
2449294.72217 0.1518
2449294.72559 0.1498
2449294.72900 0.1517
2449297.74512 0.1461
2449297.74658 0.1507
2449297.74805 0.1527
2449300.69971 0.1478
2449300.70117 0.1527
2449300.70264 0.1588
2449307.66699 0.1560
2449307.66943 0.1550
2449307.67090 0.1513
2449310.65576 0.1553
2449310.65723 0.1525
2449310.65869 0.1504
2449318.63135 0.1488
2449318.63428 0.1449
2449318.63721 0.1519
2449324.64648 0.1552
2449324.64844 0.1553
2449324.65039 0.1400
2449327.61670 0.1508
2449327.61816 0.1496
2449327.61963 0.1528
2449331.62549 0.1490
2449331.62646 0.1519
2449331.62744 0.1567
2449567.95264 0.1546
2449567.95410 0.1569
2449567.95508 0.1513
2449581.89209 0.1584
2449581.89355 0.1578
2449581.89453 0.1470
2449584.87451 0.1580
2449584.87695 0.1553
2449584.87891 0.1529
2449586.87402 0.1446
2449586.87646 0.1478
2449586.87891 0.1566
2449589.87598 0.1436
2449589.87744 0.1490
2449589.87891 0.1548
2449600.87646 0.1709
2449600.87744 0.1646
2449600.87842 0.1554
2449603.85059 0.1559
2449603.85205 0.1473
2449603.85303 0.1557
2449609.87256 0.1480
2449609.87451 0.1543
2449609.87646 0.1617
2449614.83838 0.1609
2449614.84033 0.1588
2449614.84229 0.1570
2449616.84863 0.1534
2449616.85010 0.1547
2449616.85156 0.1504
2449621.76611 0.1513
2449621.76758 0.1499
2449621.76855 0.1435
2449625.77734 0.1499
2449625.77832 0.1469
2449625.77930 0.1506
2449628.79932 0.1510
2449628.80176 0.1486
2449628.80371 0.1504
2449632.79346 0.1524
2449632.79590 0.1596
2449632.79785 0.1652
2449634.76172 0.1590
2449634.76367 0.1546
2449634.76562 0.1530
2449638.76709 0.1569
2449638.77002 0.1585
2449638.77246 0.1585
2449641.76514 0.1525
2449641.76758 0.1533
2449641.77100 0.1481
2449645.76367 0.1458
2449645.76562 0.1444
2449645.76758 0.1507
2449648.74023 0.1560
2449648.74219 0.1426
2449648.74463 0.1450
2449652.71924 0.1491
2449652.72168 0.1476
2449652.72412 0.1504
2449654.70947 0.1459
2449654.71191 0.1461
2449654.71436 0.1378
2449657.72510 0.1415
2449657.72754 0.1486
2449657.72949 0.1409
2449662.73877 0.1532
2449662.74023 0.1566
2449662.74170 0.1449
2449668.71533 0.1488
2449668.71729 0.1503
2449668.71924 0.1493
2449671.69824 0.1490
2449671.70020 0.1429
2449671.70215 0.1541
2449676.67676 0.1437
2449676.67920 0.1494
2449676.68066 0.1506
2449684.67578 0.1497
2449684.67822 0.1496
2449684.68018 0.1462
2449688.65967 0.1478
2449688.66211 0.1481
2449688.66406 0.1546
2449690.64355 0.1513
2449690.64600 0.1546
2449690.64844 0.1510
2449694.67285 0.1573
2449694.67529 0.1452
2449694.67725 0.1473
2449703.64502 0.1541
2449703.64600 0.1477
2449703.64795 0.1554
2449706.68994 0.1466
2449706.69189 0.1545
2449706.69287 0.1512
2449736.59717 0.1590
2449736.59912 0.1491
2449736.60107 0.1506
