2448889.94727 0.1458
2448889.94922 0.1459
2448889.95117 0.1480
2448902.89209 0.1537
2448902.89453 0.1526
2448902.89697 0.1493
2448905.89648 0.1556
2448905.89941 0.1501
2448905.90234 0.1535
2448911.88037 0.1505
2448911.88184 0.1488
2448911.88379 0.1483
2448915.89502 0.1477
2448915.89746 0.1490
2448915.89990 0.1553
2448928.83496 0.1450
2448928.83740 0.1458
2448928.83936 0.1444
2448933.77588 0.1528
2448933.77832 0.1516
2448933.78027 0.1484
2448938.80322 0.1545
2448938.80615 0.1571
2448938.80908 0.1554
2448948.82471 0.1429
2448948.82764 0.1501
2448948.83008 0.1522
2448956.75195 0.1465
2448956.75586 0.1555
2448956.75977 0.1508
2448973.74414 0.1510
2448973.74658 0.1430
2448973.74902 0.1497
2448976.75781 0.1539
2448976.76074 0.1534
2448976.76367 0.1513
2448980.73193 0.1514
2448980.73682 0.1526
2448980.74170 0.1489
2448983.74561 0.1515
2448983.74854 0.1554
2448983.75098 0.1553
2449260.93506 0.1390
2449260.93994 0.1433
2449260.94482 0.1402
2449263.94580 0.1509
2449263.95020 0.1526
2449263.95459 0.1493
2449266.91553 0.1484
2449266.92041 0.1540
2449266.92627 0.1489
2449273.85010 0.1455
2449273.85400 0.1451
2449273.85840 0.1404
2449284.85791 0.1399
2449284.86133 0.1386
2449284.86426 0.1431
2449296.81836 0.1551
2449296.81982 0.1454
2449296.82129 0.1494
2449298.78125 0.1515
2449298.78223 0.1466
2449298.78369 0.1468
2449299.79102 0.1487
2449299.79248 0.1515
2449299.79395 0.1470
2449307.74951 0.1403
2449307.75146 0.1398
2449307.75342 0.1443
2449310.74414 0.1461
2449310.74561 0.1404
2449310.74658 0.1456
2449311.73730 0.1511
2449311.73926 0.1387
2449311.74121 0.1428
2449312.74658 0.1533
2449312.74854 0.1541
2449312.75000 0.1558
2449328.70752 0.1443
2449328.70898 0.1417
2449328.71045 0.1424
2449331.70850 0.1441
2449331.70947 0.1444
2449331.71094 0.1464
2449335.69141 0.1470
2449335.69336 0.1529
2449335.69580 0.1464
2449343.69971 0.1400
2449343.70215 0.1490
2449343.70508 0.1426
2449361.64111 0.1456
2449361.64258 0.1463
2449361.64404 0.1496
2449375.61377 0.1405
2449375.61523 0.1413
2449375.61670 0.1426
2449615.84717 0.1472
2449615.84863 0.1491
2449615.85059 0.1388
2449621.90430 0.1491
2449621.90674 0.1521
2449621.90918 0.1501
2449633.86084 0.1530
2449633.86328 0.1502
2449633.86523 0.1568
2449641.86816 0.1512
2449641.87207 0.1507
2449641.87549 0.1566
2449646.84277 0.1451
2449646.84424 0.1456
2449646.84570 0.1420
2449657.80762 0.1409
2449657.81006 0.1353
2449657.81250 0.1297
2449661.85400 0.1442
2449661.85596 0.1427
2449661.85791 0.1480
2449668.79834 0.1533
2449668.80078 0.1475
2449668.80322 0.1458
2449676.74854 0.1435
2449676.75098 0.1421
2449676.75293 0.1603
2449679.78174 0.1429
2449679.78418 0.1482
2449679.78662 0.1470
2449684.75488 0.1462
2449684.75732 0.1411
2449684.75977 0.1512
2449687.72998 0.1435
2449687.73242 0.1488
2449687.73438 0.1435
2449689.73047 0.1539
2449689.73291 0.1535
2449689.73535 0.1500
2449694.75195 0.1485
2449694.75439 0.1602
2449694.75732 0.1528
2449703.71533 0.1441
2449703.71729 0.1403
2449703.71924 0.1465
2449706.74316 0.1542
2449706.74463 0.1491
2449706.74609 0.1523
2449717.67236 0.1446
2449717.67432 0.1467
2449717.67676 0.1496
2449731.66943 0.1455
2449731.67188 0.1380
2449731.67480 0.1494
2449736.66162 0.1507
2449736.66406 0.1492
2449736.66602 0.1489
2449753.63184 0.1556
2449753.63379 0.1567
2449753.63574 0.1527
2449759.61523 0.1503
2449759.61768 0.1465
2449759.62061 0.1576
