2445489.78200 0.1178
2445489.78300 0.1220
2445489.78400 0.1248
2445491.77700 0.2765
2445491.77800 0.2694
2445491.77900 0.2720
2445495.78600 0.2793
2445495.78800 0.2766
2445495.78900 0.2750
2445503.70100 0.2750
2445503.70200 0.2873
2445503.70200 0.2729
2445510.69400 0.2801
2445510.69500 0.2749
2445510.69500 0.2774
2445513.71400 0.2838
2445513.71500 0.2905
2445513.71500 0.2895
2445519.71000 0.2738
2445519.71100 0.2844
2445519.71200 0.2714
2445525.70100 0.2851
2445525.70300 0.3012
2445525.70400 0.2852
2445530.69700 0.2745
2445530.69800 0.2785
2445530.69800 0.2818
2445536.66600 0.2697
2445536.66600 0.2823
2445536.66700 0.2768
2445541.69300 0.2782
2445541.69400 0.2832
2445541.69400 0.2797
2445549.70700 0.2763
2445549.70700 0.2829
2445549.70800 0.2697
2445558.66500 0.2779
2445558.66600 0.2700
2445558.66600 0.2687
2445728.07000 0.2713
2445728.07100 0.2747
2445728.07300 0.2709
2446110.03882 0.2699
2446110.04175 0.2698
2446110.04468 0.2687
2446116.04614 0.2745
2446116.04736 0.2774
2446116.04858 0.2714
2446138.01123 0.2705
2446138.01318 0.2765
2446138.01538 0.2709
2446144.98169 0.2691
2446144.98438 0.2707
2446144.98730 0.2639
2446155.97852 0.2764
2446155.98120 0.2805
2446155.98438 0.2841
2446162.94263 0.2737
2446162.94507 0.2794
2446162.94727 0.2722
2446168.94507 0.2828
2446168.94800 0.2761
2446168.95068 0.2749
2446185.94336 0.2819
2446185.94580 0.2783
2446185.94800 0.2741
2446192.97070 0.2721
2446192.97339 0.2767
2446192.97583 0.2700
2446200.80371 0.2717
2446200.80640 0.2676
2446200.80884 0.2707
2446209.95264 0.2735
2446209.95605 0.2822
2446209.95923 0.2784
2446220.85278 0.2837
2446220.85620 0.2806
2446220.85986 0.2763
2446227.72900 0.2739
2446227.73267 0.2710
2446227.73657 0.2820
2446233.78540 0.2730
2446233.78784 0.2804
2446233.79053 0.2786
2446240.82837 0.2756
2446240.82959 0.2766
2446240.83057 0.2712
2446249.78516 0.2830
2446249.78687 0.2825
2446249.79077 0.2825
2446266.70044 0.2657
2446266.70166 0.2692
2446266.70264 0.2667
2446273.70410 0.2768
2446273.70483 0.2726
2446273.70557 0.2735
2446280.70752 0.2726
2446280.70850 0.2770
2446280.70947 0.2718
2446285.70068 0.2709
2446285.70215 0.2729
2446285.70337 0.2723
2446289.67676 0.2850
2446289.67773 0.2851
2446289.67871 0.2782
2446297.65625 0.2730
2446297.65723 0.2757
2446297.65820 0.2755
2446302.69800 0.2796
2446302.69971 0.2744
2446302.70093 0.2724
2446486.00146 0.2793
2446486.00220 0.2683
2446486.00317 0.2627
2446493.00952 0.2670
2446493.01074 0.2719
2446493.01196 0.2699
2446512.98438 0.2748
2446512.98511 0.2744
2446512.98560 0.2723
2446528.98364 0.2719
2446528.98438 0.2757
2446528.98511 0.2738
2446535.93188 0.2742
2446535.93262 0.2768
2446535.93335 0.2658
2446541.93018 0.2667
2446541.93115 0.2637
2446541.93213 0.2629
2447208.03516 0.2737
2447208.03638 0.2700
2447208.03735 0.2719
2447215.04956 0.2799
2447215.05078 0.2735
2447215.05200 0.2735
2447225.03345 0.2734
2447225.03442 0.2722
2447225.03564 0.2700
2447226.03198 0.2672
2447226.03296 0.2707
2447226.03418 0.2666
2447228.01172 0.2721
2447228.01270 0.2709
2447228.01367 0.2788
2447240.94727 0.2805
2447240.94824 0.2787
2447240.94897 0.2778
2447241.98486 0.2677
2447241.98608 0.2688
2447241.98730 0.2660
2447252.95142 0.2750
2447252.95264 0.2727
2447252.95386 0.2717
2447253.89746 0.2733
2447253.89868 0.2691
2447253.89966 0.2768
2447254.96313 0.2698
2447254.96411 0.2712
2447254.96509 0.2742
2447255.89941 0.2727
2447255.90039 0.2758
2447255.90161 0.2704
2447277.90137 0.2654
2447277.90259 0.2648
2447277.90381 0.2655
2447281.88574 0.2694
2447281.88672 0.2668
2447281.88770 0.2666
2447284.89771 0.2688
2447284.89893 0.2682
2447284.90015 0.2700
2447291.93091 0.2685
2447291.93213 0.2671
2447291.93311 0.2677
2447297.87476 0.2700
2447297.87573 0.2706
2447297.87671 0.2686
2447298.89722 0.2761
2447298.89819 0.2634
2447298.89917 0.2708
2447302.77319 0.2677
2447302.77417 0.2676
2447302.77563 0.2617
2447305.90308 0.2661
2447305.90405 0.2684
2447305.90527 0.2698
2447308.89063 0.2682
2447308.89233 0.2716
2447308.89429 0.2674
2447309.80078 0.2738
2447309.80200 0.2687
2447309.80322 0.2740
2447314.79126 0.2649
2447314.79224 0.2661
2447314.79346 0.2721
2447316.86426 0.2686
2447316.86572 0.2721
2447316.86719 0.2659
2447320.84570 0.2701
2447320.84692 0.2719
2447320.84814 0.2694
2447321.77588 0.2646
2447321.77686 0.2692
2447321.77808 0.2677
2447323.75830 0.2659
2447323.75928 0.2723
2447323.76025 0.2713
2447326.78711 0.2673
2447326.78809 0.2669
2447326.78906 0.2668
2447328.77856 0.2727
2447328.77979 0.2723
2447328.78101 0.2694
2447333.78784 0.2732
2447333.78882 0.2702
2447333.79004 0.2712
2447337.75464 0.2743
2447337.75562 0.2731
2447337.75659 0.2729
2447340.78149 0.2691
2447340.78271 0.2637
2447340.78369 0.2752
2447342.74512 0.2683
2447342.74609 0.2648
2447342.74707 0.2654
2447344.76318 0.2652
2447344.76416 0.2700
2447344.76538 0.2689
2447347.81372 0.2639
2447347.81470 0.2802
2447347.81592 0.2702
2447348.80469 0.2646
2447348.80566 0.2682
2447348.80664 0.2667
2447350.80835 0.2671
2447350.80957 0.2602
2447350.81079 0.2678
2447351.80078 0.2684
2447351.80200 0.2713
2447351.80322 0.2735
2447358.71753 0.2616
2447358.71851 0.2662
2447358.71973 0.2668
2447361.74268 0.2696
2447361.74390 0.2767
2447361.74512 0.2703
2447366.72412 0.2675
2447366.72510 0.2615
2447366.72607 0.2638
2447369.69189 0.2651
2447369.69287 0.2658
2447369.69409 0.2631
2447373.70435 0.2713
2447373.70532 0.2717
2447373.70654 0.2640
2447377.72534 0.2709
2447377.72656 0.2691
2447377.72754 0.2704
2447378.72583 0.2674
2447378.72681 0.2666
2447378.72803 0.2647
2447382.73804 0.2679
2447382.73926 0.2668
2447382.74097 0.2737
2447383.70703 0.2699
2447383.70801 0.2681
2447383.70898 0.2668
2447617.00659 0.2683
2447617.00781 0.2656
2447617.00928 0.2674
2447620.99292 0.2665
2447620.99463 0.2652
2447620.99609 0.2642
2447623.99487 0.2654
2447623.99609 0.2634
2447623.99756 0.2646
2447625.97095 0.2652
2447625.97241 0.2690
2447625.97363 0.2717
2447627.98804 0.2648
2447627.98950 0.2658
2447627.99121 0.2668
2447629.96265 0.2719
2447629.96387 0.2703
2447629.96509 0.2619
2447666.79175 0.2607
2447666.79321 0.2647
2447666.79468 0.2692
2447672.79150 0.2728
2447672.79321 0.2687
2447672.79443 0.2669
2447687.76196 0.2198
2447687.76318 0.2027
2447687.76465 0.2095
2447718.72437 0.2792
2447718.72534 0.2801
2447718.72632 0.2792
2447724.71411 0.2806
2447724.71509 0.2822
2447724.71606 0.2822
2447728.69116 0.2830
2447728.69214 0.2773
2447728.69312 0.2880
2447917.06323 0.2790
2447917.06421 0.2801
2447917.06543 0.2787
2447922.06470 0.2764
2447922.06543 0.2815
2447922.06641 0.2729
2448072.72754 0.2796
2448072.72876 0.2814
2448072.72998 0.2898
2448091.70410 0.2848
2448091.70532 0.2801
2448091.70679 0.2861
2448095.69849 0.2803
2448095.69946 0.2815
2448095.70068 0.2814
2448100.68018 0.2862
2448100.68164 0.2764
2448100.68262 0.2771
2448410.80957 0.2925
2448410.81104 0.2897
2448410.81201 0.2859
2448414.79883 0.2832
2448414.79980 0.2826
2448414.80078 0.2877
2448416.78369 0.2818
2448416.78467 0.2934
2448416.78613 0.2856
2448800.75635 0.2882
2448800.75781 0.2830
2448800.75977 0.2864
2448803.74268 0.2940
2448803.74512 0.2904
2448803.74707 0.2841
2448806.72803 0.2852
2448806.72949 0.2884
2448806.73096 0.2845
2448809.73633 0.2814
2448809.73730 0.2843
2448809.73877 0.2819
2448821.76904 0.2860
2448821.77051 0.2858
2448821.77197 0.2882
2448829.71289 0.2891
2448829.71387 0.2811
2448829.71533 0.2821
2448841.67139 0.2850
2448841.67285 0.2821
2448841.67383 0.2808
2448842.70361 0.2814
2448842.70459 0.2823
2448842.70605 0.2851
2448844.67090 0.2846
2448844.67236 0.2818
2448844.67383 0.2831
2448846.67871 0.2770
2448846.68018 0.2744
2448846.68164 0.2827
2448849.68848 0.2822
2448849.68994 0.2870
2448849.69092 0.2882
2448850.69580 0.2729
2448850.69727 0.2784
2448850.69824 0.2833
2448852.67676 0.2854
2448852.67773 0.2771
2448852.67920 0.2791
2448854.67285 0.2817
2448854.67432 0.2830
2448854.67529 0.2781
2448857.66309 0.2852
2448857.66406 0.2850
2448857.66553 0.2896
2448858.65967 0.2776
2448858.66113 0.2734
2448858.66211 0.2779
2448860.66357 0.2863
2448860.66504 0.2811
2448860.66650 0.2825
2449116.86719 0.2835
2449116.86865 0.2832
2449116.87012 0.2801
2449117.88770 0.2895
2449117.88916 0.2871
2449117.89062 0.2856
2449124.88965 0.2847
2449124.89111 0.2924
2449124.89258 0.2858
2449149.79883 0.2899
2449149.80029 0.2902
2449149.80176 0.2840
2449150.77100 0.2851
2449150.77246 0.2828
2449150.77393 0.2897
2449152.81982 0.2897
2449152.82080 0.2901
2449152.82178 0.2812
2449159.81348 0.2898
2449159.81494 0.2975
2449159.81641 0.2903
2449160.80127 0.2864
2449160.80273 0.2933
2449160.80420 0.2956
2449176.73584 0.2888
2449176.73730 0.2895
2449176.73877 0.2797
2449177.75293 0.2905
2449177.75439 0.2954
2449177.75586 0.2832
2449179.74854 0.2878
2449179.75000 0.2930
2449179.75146 0.2866
2449183.74805 0.2991
2449183.74951 0.2996
2449183.75098 0.2930
2449186.74268 0.2797
2449186.74365 0.2818
2449186.74561 0.2866
2449189.73486 0.2880
2449189.73633 0.2941
2449189.73828 0.2746
2449190.73486 0.2924
2449190.73682 0.2971
2449190.73828 0.2935
2449192.72266 0.2811
2449192.72412 0.2907
2449192.72559 0.2786
2449194.72900 0.2986
2449194.73047 0.2790
2449194.73193 0.2927
2449206.68750 0.2811
2449206.68896 0.2761
2449206.69043 0.2884
2449209.68311 0.2942
2449209.68457 0.2915
2449209.68604 0.2853
2449214.66650 0.2904
2449214.66797 0.2821
2449214.66895 0.2984
2449215.66357 0.2832
2449215.66455 0.2790
2449215.66553 0.2870
2449218.66113 0.2935
2449218.66260 0.2862
2449218.66406 0.2874
2449219.65967 0.2777
2449219.66064 0.2786
2449219.66211 0.2828
2449434.93994 0.2977
2449434.94141 0.2943
2449434.94238 0.2909
2449455.86670 0.2903
2449455.86768 0.2912
2449455.86914 0.2898
2449457.86523 0.2936
2449457.86670 0.2930
2449457.86768 0.3008
2449458.82422 0.2856
2449458.82520 0.2873
2449458.82666 0.2864
2449481.88818 0.2867
2449481.88965 0.2890
2449481.89062 0.2917
2449482.83447 0.2836
2449482.83545 0.2877
2449482.83691 0.2868
2449484.82178 0.2840
2449484.82324 0.2837
2449484.82422 0.2860
2449486.78271 0.2873
2449486.78369 0.2838
2449486.78516 0.2856
2449495.78955 0.2965
2449495.79102 0.2878
2449495.79199 0.2871
2449500.82373 0.2902
2449500.82520 0.2895
2449500.82617 0.2899
2449506.78418 0.2865
2449506.78516 0.2915
2449506.78613 0.2877
2449507.82764 0.3036
2449507.82861 0.2888
2449507.83008 0.2958
2449509.78711 0.2918
2449509.78809 0.2924
2449509.78906 0.2942
2449511.80322 0.2893
2449511.80420 0.2835
2449511.80566 0.2829
2449513.80322 0.2849
2449513.80469 0.2873
2449513.80566 0.2879
2449514.81689 0.2857
2449514.81787 0.2879
2449514.81885 0.2878
2449516.81201 0.2832
2449516.81299 0.2917
2449516.81445 0.2933
2449519.83838 0.2882
2449519.83984 0.2860
2449519.84082 0.2857
2449521.81494 0.2843
2449521.81592 0.2984
2449521.81738 0.2885
2449524.78906 0.2928
2449524.79053 0.2898
2449524.79150 0.2899
2449525.78613 0.2909
2449525.78760 0.2896
2449525.78857 0.2850
2449527.72119 0.2919
2449527.72217 0.2870
2449527.72363 0.2895
2449529.75830 0.2954
2449529.75977 0.2796
2449529.76074 0.2833
2449532.73730 0.2951
2449532.73828 0.2884
2449532.73975 0.2861
2449536.73145 0.2912
2449536.73291 0.2923
2449536.73389 0.2876
2449538.72119 0.2903
2449538.72217 0.2982
2449538.72363 0.2906
2449540.74902 0.2934
2449540.75000 0.2946
2449540.75146 0.2863
2449541.76611 0.2880
2449541.76758 0.2883
2449541.76855 0.2853
2449547.74316 0.2913
2449547.74463 0.2878
2449547.74561 0.2879
2449548.75537 0.2937
2449548.75635 0.2909
2449548.75781 0.2864
2449551.73145 0.3049
2449551.73242 0.3041
2449551.73389 0.2991
2449553.71094 0.2802
2449553.71191 0.2819
2449556.72559 0.2989
2449556.72656 0.2917
2449556.72754 0.2971
2449557.70166 0.2967
2449557.70312 0.2954
2449557.70410 0.2883
2449559.71631 0.2912
2449559.71729 0.2883
2449559.71826 0.2929
2449855.86084 0.3068
2449855.86182 0.3080
2449855.86279 0.3113
2449857.87695 0.1292
2449857.87793 0.1266
2449857.87939 0.1289
2449873.81689 0.3133
2449873.81787 0.3117
2449873.81934 0.3043
2449880.82031 0.3055
2449880.82178 0.3092
2449880.82275 0.3042
2449881.77344 0.3115
2449881.77441 0.3018
2449881.77539 0.3070
