46566.93091 0.2351
46566.93164 0.2401
46566.93262 0.2402
46593.88599 0.2331
46593.88696 0.2380
46593.88794 0.2366
46629.73267 0.2455
46629.73340 0.2459
46629.73438 0.2509
46653.66235 0.2332
46653.66333 0.2308
46653.66431 0.2272
46897.97534 0.2407
46897.97778 0.2364
46897.97998 0.2311
46957.79395 0.2408
46957.79517 0.2331
46957.79688 0.2415
47034.66724 0.2347
47034.66797 0.2263
47034.66870 0.2308
47251.02197 0.2382
47251.02295 0.2376
47251.02393 0.2408
47301.90137 0.2362
47301.90234 0.2368
47301.90332 0.2388
47360.70850 0.2326
47360.70947 0.2346
47360.71069 0.2390
47678.83057 0.2410
47678.83179 0.2455
47678.83301 0.2328
47718.78833 0.2460
47718.78979 0.2458
47718.79126 0.2458
