2446566.91162 0.4304
2446566.91284 0.4453
2446566.91382 0.4244
2446598.75635 0.4517
2446598.75708 0.4513
2446598.75806 0.4429
2446629.71973 0.4673
2446629.72070 0.4592
2446629.72144 0.4639
2446652.72290 0.4635
2446652.72388 0.4611
2446652.72485 0.4575
2446867.01587 0.4521
2446867.01733 0.4720
2446867.01880 0.4516
2446929.87793 0.4768
2446929.87939 0.4671
2446929.88110 0.4654
2446990.68262 0.5050
2446990.68433 0.4941
2446990.68604 0.5038
2447207.01855 0.4730
2447207.01953 0.4778
2447207.02051 0.4877
2447276.92114 0.4496
2447276.92236 0.4614
2447276.92383 0.4497
2447332.76392 0.4806
2447332.76514 0.4804
2447332.76636 0.4796
2447613.01538 0.4885
2447613.01709 0.4871
2447613.01880 0.4876
2447665.84082 0.4919
2447665.84204 0.4938
2447665.84302 0.4731
2447672.80664 0.4962
2447672.80835 0.4998
2447672.81006 0.4925
2447678.77734 0.5050
2447678.77832 0.4994
2447678.77930 0.4882
2447718.73242 0.5107
2447718.73364 0.5201
2447718.73462 0.5214
2448821.77881 0.5546
2448821.78027 0.5562
2448821.78174 0.5539
2448831.71680 0.5387
2448831.71826 0.5430
2448831.71973 0.5436
2448845.67383 0.5615
2448845.67529 0.5746
2448845.67627 0.5830
2449151.78711 0.5367
2449151.78857 0.5457
2449151.78955 0.5294
2449178.74902 0.5919
2449178.75049 0.5843
2449178.75244 0.5397
2449215.67041 0.5627
2449215.67139 0.5608
2449215.67285 0.5815
2449457.89941 0.5720
2449457.90039 0.5702
2449457.90186 0.5698
2449484.88916 0.5458
2449484.89062 0.5618
2449484.89160 0.5408
2449512.81201 0.5696
2449512.81299 0.5547
2449512.81445 0.5563
2449526.78076 0.5315
2449526.78174 0.5379
2449526.78320 0.5437
2449542.76953 0.5535
2449542.77051 0.5417
2449542.77197 0.5388
2449549.74854 0.5483
2449549.75000 0.5704
2449549.75098 0.5376
2449574.69629 0.5542
2449574.69727 0.5576
2449574.69824 0.5617
2449580.68164 0.5608
2449580.68311 0.5743
2449580.68408 0.5579
2449881.77881 0.6352
2449881.77979 0.6365
2449881.78076 0.6264
