2446149.02173 0.2396
2446149.02222 0.2520
2446149.02295 0.2516
2446275.68555 0.2417
2446275.68628 0.2508
2446275.68701 0.2444
2446286.73389 0.2539
2446286.73486 0.2553
2446286.73584 0.2534
2446490.01294 0.2513
2446490.01392 0.2471
2446490.01489 0.2469
2446529.99756 0.2480
2446529.99854 0.2509
2446529.99976 0.2487
2446599.74951 0.2456
2446599.75024 0.2385
2446599.75122 0.2333
2446653.67480 0.2426
2446653.67554 0.2400
2446653.67651 0.2383
2446867.03223 0.2413
2446867.03320 0.2447
2446867.03442 0.2402
2446929.88501 0.2487
2446929.88647 0.2497
2446929.88770 0.2419
2446990.70020 0.2515
2446990.70190 0.2419
2446990.70337 0.2463
2447240.05249 0.2540
2447240.05347 0.2477
2447240.05420 0.2492
2447280.96558 0.2476
2447280.96655 0.2494
2447280.96802 0.2536
2447302.89355 0.2416
2447302.89478 0.2452
2447302.89600 0.2489
2447333.86572 0.2478
2447333.86694 0.2463
2447333.86816 0.2482
2447362.73804 0.2491
2447362.73901 0.2483
2447362.73999 0.2453
2447388.69214 0.2466
2447388.69312 0.2514
2447388.69409 0.2482
2447664.77661 0.2524
2447664.77783 0.2444
2447664.77856 0.2413
2447722.76685 0.2576
2447722.76807 0.2559
2447722.76904 0.2586
2448414.78564 0.2679
2448414.78662 0.2663
2448414.78809 0.2615
