49807.97852 0.3993
49807.98682 0.4290
49807.99512 0.4155
49858.86279 0.4276
49858.86719 0.4268
49858.87207 0.4441
49863.84326 0.4080
49863.85059 0.3962
49863.85742 0.4526
49867.81348 0.4316
49867.81934 0.4408
49867.82520 0.4384
49868.81348 0.4323
49868.82031 0.4362
49868.82764 0.4551
49869.82373 0.4465
49869.83105 0.4624
49869.83789 0.4524
49882.80127 0.4560
49882.80566 0.4282
49882.80957 0.4065
49886.81836 0.4532
49886.82227 0.4558
49886.82666 0.4306
49887.79248 0.4246
49887.79688 0.4591
49887.80176 0.4521
49888.85498 0.4330
49888.86133 0.4446
49888.86719 0.4292
49889.79102 0.4612
49889.79688 0.4409
49889.80273 0.4361
49891.76807 0.4400
49891.77295 0.4508
49891.77783 0.4355
