46495.01807 0.2695
46495.01904 0.2602
46495.02002 0.2629
46508.00464 0.2527
46508.00562 0.2685
46508.00659 0.2613
46511.99365 0.2695
46511.99414 0.2599
46511.99487 0.2641
46514.98584 0.2591
46514.98657 0.2590
46514.98730 0.2566
46529.96826 0.2580
46529.96924 0.2630
46529.97021 0.2701
46535.95850 0.2628
46535.95923 0.2608
46535.95996 0.2617
46539.93701 0.2627
46539.93799 0.2634
46539.93872 0.2575
46545.87720 0.2645
46545.87793 0.2633
46545.87891 0.2532
46549.91553 0.2583
46549.91650 0.2642
46549.91724 0.2620
46555.90820 0.2535
46555.90942 0.2591
46555.91040 0.2601
46560.87500 0.2661
46560.87573 0.2618
46560.87646 0.2605
46567.86792 0.2569
46567.86865 0.2637
46567.86963 0.2576
46570.86938 0.2633
46570.87012 0.2669
46570.87109 0.2606
46575.81006 0.2576
46575.81079 0.2502
46575.81177 0.2593
46578.82324 0.2583
46578.82397 0.2582
46578.82471 0.2657
46582.85181 0.2609
46582.85278 0.2657
46582.85376 0.2666
46586.80176 0.2594
46586.80273 0.2624
46586.80371 0.2565
46591.77100 0.2570
46591.77197 0.2628
46591.77295 0.2649
46594.77588 0.2642
46594.77661 0.2616
46594.77759 0.2658
46598.76221 0.2572
46598.76294 0.2540
46598.76367 0.2612
46601.79346 0.2558
46601.79419 0.2549
46601.79565 0.2569
46605.78784 0.2625
46605.78882 0.2665
46605.78979 0.2635
46618.71826 0.2579
46618.71924 0.2606
46618.71997 0.2621
46622.70581 0.2495
46622.70923 0.2518
46622.71143 0.2467
46629.72559 0.2624
46629.72632 0.2682
46629.72705 0.2671
46654.65039 0.2563
46654.65112 0.2573
46654.65210 0.2571
46658.64844 0.2639
46658.64941 0.2542
46658.65039 0.2613
46664.64795 0.2664
46664.64868 0.2664
46664.64941 0.2591
46890.98267 0.2474
46890.98413 0.2652
46890.98560 0.2617
46893.96924 0.2675
46893.97021 0.2607
46893.97119 0.2538
46899.96167 0.2635
46899.96387 0.2617
46899.96582 0.2578
46902.96216 0.2623
46902.96313 0.2471
46902.96411 0.2725
46907.94873 0.2591
46907.95020 0.2586
46907.95117 0.2581
46912.92334 0.2577
46912.92456 0.2636
46912.92578 0.2607
46918.91162 0.2462
46918.91260 0.2574
46918.91382 0.2523
46922.93335 0.2533
46922.93481 0.2517
46922.93652 0.2493
46931.88452 0.2568
46931.88574 0.2538
46931.88672 0.2598
46947.82935 0.2624
46947.83057 0.2598
46947.83154 0.2607
46950.79077 0.2704
46950.79224 0.2554
46950.79370 0.2576
46955.77368 0.2604
46955.77563 0.2585
46955.77734 0.2516
46958.78369 0.2568
46958.78491 0.2633
46958.78613 0.2573
46962.76685 0.2647
46962.76807 0.2538
46962.76904 0.2537
46966.77222 0.2614
46966.77344 0.2520
46966.77490 0.2541
46970.76270 0.2630
46970.76392 0.2543
46970.76514 0.2580
46986.74194 0.2528
46986.74341 0.2604
46986.74512 0.2638
46991.72681 0.2611
46991.72803 0.2717
46991.72900 0.2598
46995.69800 0.2751
46995.69995 0.2650
46995.70166 0.2619
47002.75757 0.2522
47002.75879 0.2530
47002.76001 0.2604
47235.04248 0.2605
47235.04346 0.2589
47235.04443 0.2601
47242.01929 0.2594
47242.02051 0.2570
47242.02148 0.2661
47252.97681 0.2579
47252.97778 0.2566
47252.97852 0.2581
47255.95605 0.2590
47255.95703 0.2598
47255.95825 0.2605
47281.90210 0.2585
47281.90332 0.2572
47281.90430 0.2593
47285.91528 0.2569
47285.91650 0.2596
47285.91748 0.2581
47295.87549 0.2619
47295.87646 0.2585
47295.87769 0.2631
47300.87061 0.2578
47300.87183 0.2590
47300.87280 0.2610
47307.87207 0.2565
47307.87329 0.2611
47307.87427 0.2578
47313.80225 0.2610
47313.80371 0.2604
47313.80518 0.2563
47323.85327 0.2614
47323.85474 0.2586
47323.85596 0.2569
47327.78198 0.2581
47327.78320 0.2596
47327.78442 0.2570
47332.78638 0.2601
47332.78735 0.2588
47332.78833 0.2595
47337.77002 0.2656
47337.77124 0.2601
47337.77246 0.2611
47340.79834 0.2552
47340.79932 0.2615
47340.80054 0.2650
47345.74097 0.2622
47345.74194 0.2608
47345.74292 0.2603
47348.73999 0.2670
47348.74097 0.2586
47348.74194 0.2671
47358.75684 0.2540
47358.75806 0.2589
47358.75928 0.2558
47362.69971 0.2586
47362.70068 0.2528
47362.70166 0.2592
47367.70166 0.2626
47367.70288 0.2611
47367.70435 0.2578
47372.68579 0.2594
47372.68677 0.2567
47372.68774 0.2611
47378.71191 0.2600
47378.71338 0.2578
47378.71436 0.2622
47389.64941 0.2575
47389.65063 0.2590
47389.65186 0.2561
47394.64990 0.2578
47394.65137 0.2588
47394.65259 0.2571
47621.98730 0.2515
47621.98853 0.2556
47621.98975 0.2491
47625.98071 0.2547
47625.98218 0.2528
47625.98364 0.2548
47628.96191 0.2511
47628.96338 0.2568
47628.96460 0.2543
47665.85107 0.2646
47665.85205 0.2680
47665.85278 0.2598
47672.81860 0.2533
47672.82056 0.2483
47672.82227 0.2403
47717.74438 0.2666
47717.74536 0.2669
47717.74634 0.2636
47726.73682 0.2722
47726.73828 0.2767
47726.73926 0.2705
47744.66626 0.2700
47744.66797 0.2759
47744.66943 0.2759
48072.76855 0.2711
48072.76978 0.2728
48072.77124 0.2692
48081.70801 0.2727
48081.70947 0.2771
48081.71118 0.2821
48097.68066 0.2683
48097.68213 0.2762
48097.68359 0.2740
48409.81885 0.2764
48409.82031 0.2712
48409.82178 0.2741
