2444776.75500 0.1738
2444776.75598 0.1940
2444776.75800 0.1768
2445531.70300 0.1636
2445531.70400 0.1769
2445531.70500 0.1653
2445544.75300 0.1700
2445544.75400 0.1644
2445544.75500 0.1670
2446108.07544 0.1578
2446108.07715 0.1613
2446108.07910 0.1570
2446109.06665 0.1575
2446109.06860 0.1638
2446109.07056 0.1554
2448117.69043 0.1638
2448117.69238 0.1662
2448117.69434 0.1556
2448117.69580 0.1620
2448117.69727 0.1634
2448117.69922 0.1638
2448801.76514 0.1667
2448801.76709 0.1764
2448801.76855 0.1712
2448808.76025 0.1726
2448808.76172 0.1716
2448808.76367 0.1749
2448813.78564 0.1885
2448813.78711 0.1926
2448813.78857 0.1892
2448818.76611 0.1816
2448818.76758 0.1824
2448818.76855 0.1795
2448829.76904 0.1787
2448829.77051 0.1774
2448829.77197 0.1827
2448832.71143 0.1705
2448832.71289 0.1723
2448832.71436 0.1753
2448838.70264 0.1778
2448838.70410 0.1841
2448838.70557 0.1785
2448841.69385 0.1801
2448841.69531 0.1829
2448841.69678 0.1879
2448845.68262 0.1724
2448845.68359 0.1749
2448845.68506 0.1779
2448849.70068 0.1801
2448849.70215 0.1814
2448849.70312 0.1806
2448852.70264 0.1840
2448852.70410 0.1810
2448852.70557 0.1788
2448857.68994 0.1824
2448857.69141 0.1895
2448857.69287 0.1735
2448860.69775 0.2816
2448860.69922 0.2822
2448860.70068 0.2765
2448870.66260 0.1743
2448870.66406 0.1774
2448870.66504 0.1796
2448873.64697 0.1903
2448873.64844 0.1855
2448873.64941 0.1790
2448877.64893 0.1790
2448877.65039 0.1819
2448877.65186 0.1805
2448880.64697 0.1751
2448880.64795 0.1786
2448880.64941 0.1785
2449107.95605 0.1789
2449107.95801 0.1868
2449107.95947 0.1815
2449117.91162 0.1900
2449117.91309 0.1852
2449117.91504 0.1815
2449147.89209 0.1918
2449147.89404 0.1915
2449147.89551 0.1897
2449150.79639 0.1861
2449150.79834 0.1834
2449150.79932 0.1868
2449159.83301 0.1778
2449159.83447 0.1765
2449159.83594 0.1876
2449174.74121 0.1795
2449174.74365 0.1782
2449174.74658 0.1730
2449177.77490 0.1722
2449177.77686 0.1726
2449177.77930 0.1730
2449183.77344 0.1787
2449183.77588 0.1970
2449183.77783 0.1935
2449186.77246 0.1864
2449186.77490 0.1886
2449186.77734 0.1835
2449191.75439 0.1830
2449191.75684 0.1856
2449191.75879 0.1825
2449194.75977 0.1757
2449194.76172 0.1855
2449194.76465 0.1852
2449216.68213 0.1768
2449216.68359 0.1827
2449216.68555 0.1775
2449221.70508 0.1744
2449221.70801 0.1707
2449221.71045 0.1691
2449224.67725 0.1823
2449224.67920 0.1715
2449224.68115 0.1732
2449444.98535 0.1771
2449444.98633 0.1744
2449444.98730 0.1769
2449458.91260 0.1816
2449458.91357 0.1762
2449458.91455 0.1756
2449461.94531 0.1805
2449461.94678 0.1681
2449461.94775 0.1677
2449464.90869 0.1764
2449464.91064 0.1786
2449464.91260 0.1773
2449471.92871 0.1720
2449471.93018 0.1790
2449471.93115 0.1777
2449474.91650 0.1751
2449474.91748 0.1760
2449474.91846 0.1732
2449477.91846 0.1749
2449477.91943 0.1787
2449477.92090 0.1784
2449485.89258 0.1791
2449485.89355 0.1743
2449485.89502 0.1731
2449493.85645 0.1817
2449493.85742 0.1798
2449493.85840 0.1785
2449496.85010 0.1780
2449496.85156 0.1809
2449496.85254 0.1767
2449499.83984 0.1827
2449499.84082 0.1839
2449499.84229 0.1789
2449507.85938 0.1691
2449507.86035 0.1806
2449507.86182 0.1729
2449510.83936 0.1780
2449510.84033 0.1696
2449510.84180 0.1687
2449514.85693 0.1762
2449514.85791 0.1795
2449514.85938 0.1784
2449517.86914 0.1805
2449517.87061 0.1852
2449517.87158 0.1797
2449523.77100 0.1803
2449523.77246 0.1765
2449523.77344 0.1752
2449527.77686 0.1705
2449527.77783 0.1727
2449527.77930 0.1745
2449531.76025 0.1708
2449531.76172 0.1726
2449531.76270 0.1649
2449541.78369 0.1702
2449541.78516 0.1708
2449541.78613 0.1695
2449548.77637 0.1717
2449548.77783 0.1712
2449548.77881 0.1724
2449551.76025 0.1730
2449551.76123 0.1576
2449556.75830 0.1740
2449556.75977 0.1735
2449556.76074 0.1785
2449559.74609 0.1740
2449559.74756 0.1778
2449559.74854 0.1774
2449570.70312 0.1778
2449570.70410 0.1754
2449570.70557 0.1745
2449573.68164 0.1749
2449573.68262 0.1745
2449573.68408 0.1666
2449578.67383 0.1678
2449578.67480 0.1712
2449578.67627 0.1699
2449581.67090 0.1794
2449581.67188 0.1790
2449581.67334 0.1835
2449585.66748 0.1814
2449585.66895 0.1837
2449585.66992 0.1769
2449589.66895 0.1777
2449589.67041 0.1788
2449589.67139 0.1762
2449594.66211 0.1717
2449594.66309 0.1697
2449594.66455 0.1671
2449854.89111 0.1765
2449854.89258 0.1656
2449854.89355 0.1662
2449857.90674 0.1641
2449857.90820 0.1673
2449857.90918 0.1643
2449873.86621 0.1755
2449873.86768 0.1711
2449873.86865 0.1665
2449880.86035 0.1689
2449880.86182 0.1695
2449880.86377 0.1714
