39668.80000 0.3086
39669.80000 0.3075
39723.80000 0.3553
39963.80000 0.3541
39964.80000 0.3626
39978.80000 0.3315
39979.80000 0.3357
40010.80000 0.3599
40012.80000 0.3600
40045.80000 0.3577
40046.80000 0.3568
40047.80000 0.3419
40048.80000 0.3318
40077.80000 0.3393
40078.80000 0.3525
40079.80000 0.3521
40080.80000 0.3486
40312.80000 0.3507
40339.80000 0.3242
40340.80000 0.3306
40341.80000 0.3177
40342.80000 0.3234
40343.80000 0.3226
40404.80000 0.3164
40405.80000 0.3187
40406.80000 0.3189
40407.80000 0.3158
40438.80000 0.3208
40439.80000 0.3337
40440.80000 0.3270
40661.80000 0.3237
40663.80000 0.3209
40664.80000 0.3195
40665.80000 0.3200
40685.80000 0.3093
40686.80000 0.3057
40687.80000 0.3076
40688.80000 0.3040
40725.80000 0.3080
40726.80000 0.3081
40727.80000 0.3089
40728.80000 0.3123
40729.80000 0.3079
40760.80000 0.2973
40761.80000 0.3202
40762.80000 0.3170
40777.80000 0.2934
40778.80000 0.2954
40779.80000 0.2824
40780.80000 0.3005
41026.80000 0.3414
41027.80000 0.3461
41028.80000 0.3486
41050.80000 0.3486
41051.80000 0.3474
41052.80000 0.3550
41053.80000 0.3530
41083.80000 0.3441
41084.80000 0.3461
41085.80000 0.3433
41113.80000 0.3518
41114.80000 0.3456
41133.80000 0.3428
41134.80000 0.3454
41135.80000 0.3523
41136.80000 0.3514
41167.80000 0.3550
41168.80000 0.3613
41169.80000 0.3485
41170.80000 0.3460
41398.80000 0.4002
41399.80000 0.3975
41400.80000 0.3809
41401.80000 0.3934
41428.80000 0.3785
41429.80000 0.3812
41430.80000 0.3772
41459.80000 0.3972
41460.80000 0.3979
41461.80000 0.4073
41487.80000 0.4361
41488.80000 0.4322
41502.80000 0.4205
41503.80000 0.4516
41763.80000 0.3902
41764.80000 0.4152
41765.80000 0.4075
41786.80000 0.3981
41787.80000 0.4084
41788.80000 0.4108
41819.80000 0.4002
41820.80000 0.3935
41821.80000 0.3849
41822.80000 0.3828
41835.80000 0.4030
41836.80000 0.4067
41884.80000 0.3981
41885.80000 0.4116
41886.80000 0.3988
41909.80000 0.3813
41910.80000 0.3636
41911.80000 0.3698
42109.80000 0.2999
42110.80000 0.3045
42147.80000 0.3137
42148.80000 0.3122
42166.80000 0.3364
42167.80000 0.3295
42168.80000 0.3281
42169.80000 0.3294
42208.80000 0.3577
42210.80000 0.3604
42218.80000 0.3369
42219.80000 0.3404
42220.80000 0.3324
42259.80000 0.3456
42260.80000 0.3378
42261.80000 0.3358
42467.80000 0.3693
42468.80000 0.3679
42469.80000 0.3664
42470.80000 0.3571
42497.80000 0.3351
42498.80000 0.3392
42525.80000 0.3315
42557.80000 0.3474
42558.80000 0.3457
42559.80000 0.3553
42560.80000 0.3537
42590.80000 0.3490
42591.80000 0.3584
42592.80000 0.3516
42613.80000 0.3676
42614.80000 0.3669
42615.80000 0.3625
42616.80000 0.3587
42819.80000 0.3701
42820.80000 0.3747
42849.80000 0.3615
42850.80000 0.3572
42851.80000 0.3507
42885.80000 0.3460
42910.80000 0.3321
42911.80000 0.3379
42912.80000 0.3369
42913.80000 0.3528
42939.80000 0.3474
42940.80000 0.3622
42973.80000 0.3509
42974.80000 0.3368
42975.80000 0.3520
43173.80000 0.3456
43175.80000 0.3272
43203.80000 0.3247
43204.80000 0.3200
43205.80000 0.3187
43206.80000 0.3213
43235.80000 0.3239
43236.80000 0.3259
43236.80000 0.3360
43237.80000 0.3301
43237.80000 0.3131
43238.80000 0.3427
43238.80000 0.3224
43239.80000 0.3322
43239.80000 0.3253
43255.80000 0.3336
43256.80000 0.3349
43256.80000 0.3371
43257.80000 0.3265
43257.80000 0.3133
43273.80000 0.3379
43294.80000 0.3561
43295.80000 0.3406
43296.80000 0.3114
43297.80000 0.3293
43347.80000 0.3168
43347.80000 0.3044
43348.80000 0.3053
43348.80000 0.3095
43349.80000 0.3027
43349.80000 0.3201
43350.80000 0.3233
43350.80000 0.3085
43351.80000 0.3245
43351.80000 0.3266
43629.80000 0.3337
43663.80000 0.3167
43664.80000 0.3151
43703.80000 0.3297
43704.80000 0.3296
43962.80000 0.3575
43982.80000 0.3207
43983.80000 0.3277
43997.80000 0.2933
43998.80000 0.3258
44002.80000 0.3209
44003.80000 0.3464
44004.80000 0.3364
44005.80000 0.3360
44024.80000 0.3335
44050.80000 0.3315
44051.80000 0.3381
44465.68701 0.3096
44465.68799 0.3150
44465.69000 0.3063
44466.68399 0.3068
44466.68500 0.3075
44466.68600 0.3000
44467.67599 0.3211
44467.67599 0.3143
44467.67700 0.3123
44468.68701 0.3133
44468.68799 0.3081
44468.68900 0.3165
44469.67700 0.3270
44469.67801 0.3315
44470.67700 0.3366
44470.67899 0.3338
44470.67999 0.3317
44472.67599 0.3449
44472.67700 0.3574
44472.67801 0.3577
44474.66199 0.3589
44474.66199 0.3671
44474.66299 0.3619
44475.67300 0.3703
44475.67401 0.3656
44475.67499 0.3708
44478.66400 0.3563
44478.66501 0.3573
44478.66501 0.3610
44479.65500 0.3467
44479.65601 0.3529
44479.65601 0.3517
44480.64401 0.3429
44480.64401 0.3323
44480.64499 0.3464
44481.63599 0.3444
44481.63699 0.3360
44481.63800 0.3444
44482.64001 0.3435
44482.64099 0.3551
44482.64200 0.3418
44484.66901 0.3281
44484.67001 0.3349
44484.67099 0.3307
44485.66400 0.3221
44485.66501 0.3266
44485.66599 0.3192
44486.66299 0.3079
44486.66400 0.3257
44486.66501 0.3167
44487.66800 0.3034
44487.66901 0.3181
44487.67001 0.3137
44488.68201 0.3122
44488.68301 0.3226
44488.68399 0.3135
44489.66299 0.3191
44489.66400 0.3245
44489.66501 0.3209
44490.65601 0.3329
44490.65701 0.3206
44490.65900 0.3231
44491.65701 0.3297
44491.65799 0.3365
44491.65900 0.3329
44493.65900 0.3472
44493.66000 0.3582
44493.66101 0.3612
44494.65201 0.3657
44494.65302 0.3790
44494.65399 0.3608
44495.65601 0.3625
44495.65701 0.3562
44495.65701 0.3706
44496.66400 0.3480
44496.66599 0.3438
44496.66699 0.3660
44506.62601 0.3235
44506.62701 0.3247
44506.62799 0.3217
44507.62500 0.3231
44507.62601 0.3324
44507.62799 0.3222
44508.62601 0.3279
44508.62701 0.3170
44508.62799 0.3202
44509.64899 0.3138
44509.65100 0.3094
44509.65302 0.3213
44510.64700 0.3169
44510.64899 0.3293
44510.65100 0.3179
44511.64301 0.3191
44511.64499 0.3245
44511.64600 0.3285
44512.65100 0.3521
44512.65302 0.3437
44512.65503 0.3633
44513.63501 0.3516
44513.63599 0.3434
44513.63800 0.3569
44514.62000 0.3611
44514.62201 0.3547
44514.62299 0.3498
44515.62598 0.3728
44515.62701 0.3720
44515.62903 0.3748
44516.62903 0.3811
44516.63098 0.3731
44516.63202 0.3888
44517.63800 0.3813
44517.64001 0.3889
44517.64099 0.3815
44526.60400 0.3337
44526.60602 0.3500
44526.60901 0.3660
44526.60999 0.3634
44526.61200 0.3482
44526.61401 0.3391
44526.61603 0.3703
44526.61798 0.3355
44526.62000 0.3386
44527.62201 0.2565
44527.62500 0.2842
44527.62701 0.2758
44528.59802 0.3092
44528.60602 0.3344
44656.03802 0.3350
44656.03998 0.3481
44656.04199 0.3478
44658.03400 0.3444
44658.03601 0.3345
44658.03699 0.3429
44659.02502 0.3274
44659.02600 0.3504
44659.02698 0.3336
44672.03400 0.3508
44672.03601 0.3488
44672.03699 0.3490
44673.00702 0.3431
44673.00800 0.3424
44673.01001 0.3404
44673.98199 0.3413
44673.98297 0.3587
44673.98401 0.3459
44679.02100 0.3440
44679.02301 0.3530
44679.02399 0.3369
44685.95697 0.3433
44685.96002 0.3348
44685.96198 0.3433
44686.01300 0.3450
44686.01501 0.3448
44686.01703 0.3428
44687.97400 0.3372
44687.97498 0.3521
44687.97699 0.3496
44691.98700 0.3384
44691.98999 0.3299
44691.99200 0.3374
44692.99701 0.3252
44692.99902 0.3244
44693.00000 0.3274
44697.96698 0.3400
44697.96899 0.3408
44697.97101 0.3470
44698.96698 0.3444
44698.96899 0.3468
44698.97101 0.3408
44699.95099 0.3510
44699.95203 0.3553
44699.95300 0.3411
44700.97198 0.3600
44700.97400 0.3385
44700.97498 0.3488
44701.96503 0.3407
44701.96802 0.3490
44701.96997 0.3418
44703.94702 0.3348
44703.94800 0.3435
44703.95001 0.3413
44705.98499 0.3376
44705.98602 0.3306
44705.98602 0.3329
44707.93597 0.3522
44707.93799 0.3475
44707.93903 0.3318
44708.94000 0.3460
44708.94098 0.3437
44708.94299 0.3430
44709.95502 0.3415
44709.95599 0.3397
44709.95697 0.3435
44715.92798 0.3030
44715.92999 0.3360
44715.93201 0.3190
44716.92499 0.3143
44716.92700 0.3196
44716.92798 0.3254
44717.90997 0.3183
44717.91199 0.3299
44717.91400 0.3283
44718.92798 0.3582
44718.92902 0.3425
44718.92999 0.3392
44719.92102 0.3565
44719.92200 0.3431
44719.92297 0.3549
44732.87402 0.3159
44732.87598 0.3272
44732.87799 0.3336
44733.85797 0.3218
44733.85901 0.3367
44733.86102 0.3248
44734.82800 0.3170
44734.83002 0.3125
44734.83197 0.3218
44735.82001 0.3189
44735.82202 0.3077
44735.82397 0.3117
44736.83502 0.3013
44736.83600 0.3115
44736.83801 0.3041
44737.84198 0.3082
44737.84302 0.3160
44737.84497 0.3050
44738.82397 0.3069
44738.82599 0.3090
44738.82800 0.3196
44741.89001 0.3336
44741.89301 0.3554
44741.89502 0.3572
44742.80499 0.3610
44742.80701 0.3446
44742.80798 0.3551
44745.82397 0.3380
44745.82703 0.3516
44745.82898 0.3444
44746.87299 0.3409
44746.87500 0.3536
44746.87598 0.3446
44747.88098 0.3578
44747.88202 0.3558
44747.88397 0.3546
44748.80499 0.3448
44748.80701 0.3713
44748.80902 0.3513
44749.82599 0.3519
44749.82703 0.3655
44749.82898 0.3628
44753.80603 0.3541
44753.80798 0.3316
44753.81000 0.3483
44754.80499 0.3291
44754.80701 0.3295
44754.80902 0.3343
44755.81702 0.3327
44755.82001 0.3162
44755.82202 0.3282
44756.80103 0.3263
44756.80298 0.3197
44756.80499 0.3122
44759.80103 0.3077
44759.80298 0.3043
44759.80499 0.3148
44760.79700 0.3148
44760.79901 0.3102
44760.80103 0.3130
44761.79901 0.3344
44761.80103 0.3384
44761.80298 0.3237
44762.80499 0.3309
44762.80701 0.3314
44762.80902 0.3374
44763.78802 0.3261
44763.78998 0.3136
44763.79199 0.3269
44764.76898 0.3369
44764.77002 0.3204
44764.77197 0.3281
44765.74200 0.3236
44765.74402 0.3256
44765.74597 0.3319
44771.78998 0.3549
44771.79199 0.3519
44771.79401 0.3442
44773.81097 0.3500
44773.81201 0.3380
44773.81403 0.3418
44774.79401 0.3376
44774.79602 0.3222
44774.79700 0.3247
44775.80103 0.3309
44775.80200 0.3284
44775.80402 0.3204
44776.71503 0.3182
44776.71698 0.3243
44776.71899 0.3202
44777.72699 0.3124
44777.72900 0.3161
44777.73102 0.3188
44778.79901 0.3245
44778.79999 0.3038
44778.80200 0.2970
44779.76898 0.3151
44779.77002 0.3138
44779.77197 0.3186
44780.73999 0.3146
44780.74200 0.3141
44780.74402 0.3216
44781.73499 0.3149
44781.73700 0.3172
44781.73798 0.3237
44783.73999 0.3209
44783.74200 0.3218
44783.74402 0.3196
44784.74701 0.3198
44784.74902 0.3315
44784.75000 0.3198
44785.75897 0.3318
44785.76099 0.3284
44785.76300 0.3277
44792.75098 0.3537
44792.75403 0.3537
44792.75598 0.3282
44793.74402 0.3328
44793.74597 0.3313
44793.74799 0.3295
44794.78802 0.3350
44794.78998 0.3405
44794.79199 0.3380
44795.71698 0.3402
44795.71899 0.3360
44795.71997 0.3260
44796.71802 0.3201
44796.71899 0.3342
44796.72101 0.3264
44798.79797 0.3200
44798.79999 0.3155
44798.80200 0.3171
44799.71600 0.3168
44799.71802 0.3163
44799.71997 0.3102
44802.75702 0.3179
44802.75897 0.3202
44802.76001 0.3120
44803.78497 0.3363
44803.78699 0.3330
44803.78900 0.3218
44804.75500 0.3378
44804.75598 0.3160
44804.75800 0.3320
44805.73602 0.3350
44805.73700 0.3261
44805.73901 0.3395
44806.76801 0.3318
44806.76898 0.3385
44806.77100 0.3292
44807.74701 0.3298
44807.74799 0.3083
44807.75000 0.3196
44808.77197 0.3299
44808.77301 0.3259
44808.77502 0.3375
44810.70099 0.3451
44810.70300 0.3470
44810.70398 0.3439
44821.71600 0.3248
44821.71698 0.3305
44821.71899 0.3386
44822.70898 0.3414
44822.71198 0.3335
44822.71399 0.3383
44823.70099 0.3354
44823.70203 0.3426
44823.70300 0.3442
44825.71301 0.3518
44825.71503 0.3277
44825.71698 0.3394
44826.69702 0.3203
44826.69800 0.3263
44826.69897 0.3349
44827.72302 0.3348
44827.72803 0.3239
44827.73199 0.3393
44828.73102 0.2978
44828.73401 0.3001
44828.73700 0.3190
44833.69397 0.3444
44833.69501 0.3469
44833.69702 0.3373
44835.69202 0.3389
44835.69397 0.3487
44835.69598 0.3323
44836.67999 0.3512
44836.68103 0.3254
44836.68201 0.3508
44869.62000 0.3406
44869.62201 0.3252
44869.62299 0.3259
44870.64099 0.3295
44870.64301 0.3290
44870.64398 0.3303
44871.62402 0.3225
44871.62598 0.3292
44871.62799 0.3211
44872.64301 0.3408
44872.64398 0.3417
44872.64600 0.3430
44875.62598 0.3416
44875.62799 0.3456
44875.62903 0.3517
44996.05200 0.3107
44996.05499 0.2972
44996.05701 0.3081
45000.03601 0.2907
45000.03900 0.3052
45000.04102 0.2909
45020.01501 0.3035
45020.01898 0.3043
45020.02197 0.3103
45021.00897 0.3076
45021.01202 0.3093
45021.01398 0.3038
45022.02100 0.3186
45022.02399 0.3073
45022.02600 0.3116
45027.02405 0.2871
45027.02600 0.2921
45027.02698 0.3025
45029.00903 0.2952
45029.01196 0.3123
45029.01404 0.3135
45032.94604 0.3018
45032.94995 0.2999
45032.95398 0.3121
45048.99500 0.3051
45048.99805 0.2943
45049.00195 0.2962
45049.98804 0.3057
45049.99097 0.3069
45049.99304 0.3153
45052.97205 0.3124
45052.97595 0.3026
45052.97998 0.2898
45059.98206 0.3155
45059.98596 0.3011
45059.98901 0.3059
45061.94604 0.3040
45061.95105 0.3067
45061.95703 0.2956
45072.93396 0.3253
45072.93701 0.3030
45072.93994 0.3057
45074.93994 0.3242
45074.94397 0.3069
45074.94702 0.3278
45076.94995 0.2529
45076.95300 0.2464
45076.95496 0.2469
45078.94104 0.2958
45078.94299 0.2937
45078.94604 0.2954
45079.94397 0.3023
45079.94604 0.3023
45079.94897 0.3071
45081.93604 0.3026
45081.93799 0.2938
45081.93994 0.3112
45082.93506 0.3102
45082.93701 0.2958
45082.93994 0.3052
45083.98303 0.2950
45083.98596 0.3090
45083.98901 0.2910
45084.91101 0.2801
45084.91296 0.2719
45084.91699 0.2707
45085.96899 0.2984
45085.97302 0.3084
45085.97705 0.3113
45086.94397 0.2912
45086.94897 0.2981
45086.95300 0.2967
45087.81201 0.2859
45087.81494 0.2900
45087.81799 0.3104
45088.90796 0.3149
45088.91101 0.3154
45088.91504 0.3022
45089.93701 0.3090
45089.93896 0.3138
45089.94202 0.3030
45092.81604 0.3284
45092.81799 0.3313
45092.82104 0.3358
45093.82495 0.3402
45093.82800 0.3370
45093.82996 0.3390
45094.91394 0.3318
45094.91602 0.3411
45094.91797 0.3402
45095.89502 0.3297
45095.89795 0.3376
45095.90002 0.3110
45096.81299 0.3128
45096.81604 0.3145
45096.81897 0.3112
45097.82605 0.3116
45097.82800 0.3349
45097.82898 0.3311
45102.75806 0.3086
45102.76099 0.3184
45102.76404 0.3035
45103.80798 0.2925
45103.81006 0.3060
45103.81299 0.3161
45104.83301 0.3008
45104.83606 0.2885
45104.83801 0.2998
45105.82202 0.2897
45105.82397 0.3008
45105.82605 0.3051
45106.82996 0.2919
45106.83203 0.3042
45106.83301 0.3193
45107.81494 0.3075
45107.81799 0.3059
45107.82104 0.3049
45108.84900 0.2923
45108.85095 0.3058
45108.85303 0.2822
45109.80701 0.3155
45109.80896 0.3092
45109.81201 0.3155
45110.83203 0.3102
45110.83398 0.3025
45110.83704 0.3023
45111.90405 0.3205
45111.90698 0.3315
45111.90906 0.3311
45112.82397 0.3259
45112.82605 0.3305
45112.82800 0.3276
45113.82495 0.3163
45113.82996 0.3220
45113.83301 0.2985
45114.77795 0.3300
45114.78101 0.3300
45114.78296 0.3276
45116.85901 0.3211
45116.86206 0.3169
45116.86499 0.3155
45119.80103 0.3112
45119.80298 0.2993
45119.80603 0.3024
45120.78796 0.3079
45120.78894 0.3196
45120.79102 0.3159
45121.88000 0.3053
45121.88196 0.3075
45121.88306 0.2994
45122.80298 0.2943
45122.80603 0.2913
45122.80798 0.2986
45123.77197 0.2922
45123.77405 0.3021
45123.77600 0.2883
45124.76697 0.2911
45124.76904 0.2887
45124.77100 0.2853
45125.80103 0.2899
45125.80298 0.2880
45125.80603 0.2768
45128.79602 0.2883
45128.79797 0.2768
45128.80005 0.2765
45129.79700 0.2878
45129.79895 0.2890
45129.80103 0.2748
45130.76501 0.3036
45130.76697 0.2993
45130.76794 0.2952
45131.76599 0.3034
45131.76697 0.2962
45131.77002 0.2960
45132.77295 0.2985
45132.77405 0.3069
45132.77502 0.2907
45133.79895 0.3067
45133.80103 0.3047
45133.80298 0.3070
45134.77100 0.3199
45134.77502 0.3057
45134.77698 0.3159
45135.79602 0.2950
45135.79797 0.3033
45135.80005 0.3090
45136.77002 0.3105
45136.77197 0.3134
45136.77405 0.3146
45137.78406 0.2969
45137.78601 0.2969
45137.78796 0.3117
45140.81494 0.3078
45140.81702 0.2973
45140.81897 0.3071
45141.82495 0.2871
45141.82605 0.2998
45141.82800 0.2812
45142.82495 0.2950
45142.82703 0.2936
45142.82898 0.2991
45143.75500 0.2866
45143.75696 0.2887
45143.75903 0.2883
45144.74402 0.2922
45144.74597 0.2876
45144.74805 0.2848
45145.73999 0.2884
45145.74194 0.2864
45145.74500 0.2864
45151.74402 0.2904
45151.74597 0.2860
45151.74805 0.2836
45152.74097 0.2866
45152.74304 0.2957
45152.74402 0.2998
45153.73706 0.2854
45153.73901 0.2776
45153.74097 0.2757
45154.71301 0.2843
45154.71399 0.2826
45154.71594 0.2835
45155.74597 0.2848
45155.74805 0.3036
45155.75000 0.2940
45156.74695 0.3031
45156.74902 0.2948
45156.75098 0.3009
45157.73596 0.3144
45157.73706 0.3060
45157.73804 0.3113
45158.71399 0.3126
45158.71497 0.3053
45158.71704 0.3186
45159.71802 0.3158
45159.71899 0.3211
45159.71997 0.3273
45160.77698 0.3265
45160.77905 0.3206
45160.78003 0.3211
45161.73303 0.3079
45161.73401 0.3066
45161.73596 0.3044
45162.72095 0.3007
45162.72302 0.2914
45162.72400 0.3023
45164.69397 0.2811
45164.69495 0.2872
45164.69702 0.3071
45165.70300 0.2753
45165.70398 0.2767
45165.70605 0.2762
45167.70703 0.2852
45167.70898 0.2730
45167.71106 0.2684
45168.69495 0.2865
45168.69604 0.3000
45168.69800 0.2952
45170.69800 0.2889
45170.69897 0.2875
45170.70105 0.2814
45171.69995 0.2956
45171.70105 0.2947
45171.70300 0.3059
45173.70605 0.2940
45173.70801 0.2886
45173.71204 0.2979
45174.69299 0.2938
45174.69495 0.3058
45174.69604 0.3036
45176.69604 0.2929
45176.69800 0.3077
45176.69995 0.2924
45183.68298 0.3196
45183.68604 0.3203
45183.68799 0.3022
45184.69897 0.2951
45184.69995 0.2902
45184.70203 0.2854
45186.66504 0.2913
45186.66602 0.2934
45186.66797 0.2888
45187.67102 0.2791
45187.67200 0.2834
45187.67395 0.2855
45189.66602 0.3002
45189.66797 0.2959
45189.66895 0.2957
45191.68005 0.2992
45191.68201 0.2935
45191.68396 0.2915
45192.66003 0.2839
45192.66101 0.2986
45192.66296 0.2921
45195.65698 0.3073
45195.65906 0.3056
45195.66101 0.2978
45196.68103 0.2989
45196.68201 0.3061
45196.68396 0.3068
45197.68201 0.2943
45197.68701 0.2926
45197.68896 0.2941
45198.67102 0.3014
45198.67200 0.3075
45198.67395 0.3054
45203.65906 0.3077
45203.66101 0.3134
45203.66296 0.3158
45208.64197 0.2798
45208.64404 0.2806
45208.64600 0.3080
45209.67395 0.2985
45209.67505 0.3021
45209.67700 0.3100
45210.65002 0.2946
45210.65198 0.2895
45210.65405 0.2888
45212.64404 0.2936
45212.64600 0.2804
45212.64697 0.2790
45367.08801 0.2873
45367.08899 0.2972
45367.09094 0.3017
45381.04297 0.2761
45381.04504 0.2726
45381.04700 0.2773
45382.04004 0.2680
45382.04102 0.2809
45382.04199 0.2811
45383.03198 0.2741
45383.03296 0.2659
45383.03406 0.2795
45384.99500 0.2747
45384.99902 0.2756
45385.00195 0.2696
45386.04395 0.2807
45386.04602 0.2713
45386.04797 0.2704
45399.00696 0.2831
45399.00806 0.2797
45399.00903 0.2991
45401.99805 0.2649
45402.00000 0.2892
45402.00195 0.2858
45402.95801 0.2799
45402.95898 0.2853
45402.96106 0.2874
45410.00195 0.2975
45410.00403 0.3158
45410.00500 0.3106
45419.93799 0.3002
45419.93896 0.3038
45419.94104 0.2983
45422.98596 0.2861
45422.98804 0.2812
45422.98999 0.2773
45423.96997 0.2852
45423.97205 0.2846
45423.97302 0.2940
45424.95801 0.2778
45424.95898 0.2737
45424.95996 0.2845
45425.99695 0.2712
45425.99902 0.2729
45426.00000 0.2745
45426.92798 0.2745
45426.93005 0.2795
45426.93103 0.2726
45429.95496 0.2853
45429.95801 0.3023
45429.95898 0.2998
45430.99597 0.3146
45430.99902 0.3103
45431.00098 0.2947
45431.95703 0.3211
45431.95898 0.3167
45431.96204 0.3076
45432.96704 0.3227
45432.96802 0.3207
45432.96997 0.3219
45433.95801 0.3178
45433.95898 0.3172
45433.95996 0.3307
45437.97498 0.3023
45437.97705 0.3102
45437.97998 0.3088
45438.92395 0.2898
45438.92505 0.2945
45438.92603 0.2863
45439.92004 0.3165
45439.92200 0.2938
45439.92395 0.3140
45440.90906 0.3016
45440.91003 0.2941
45440.91101 0.3034
45447.90405 0.2940
45447.90503 0.2900
45447.90601 0.2941
45457.81006 0.3114
45457.81201 0.3030
45457.81396 0.3130
45476.78101 0.3110
45476.78101 0.3033
45476.78198 0.2995
45477.77795 0.2923
45477.77905 0.3035
45477.77905 0.3146
45478.75305 0.2958
45478.75305 0.3042
45478.75403 0.2888
45479.78796 0.3055
45479.78894 0.3038
45479.79004 0.3018
45480.75696 0.3033
45480.75806 0.3074
45480.75903 0.3154
45481.88196 0.3058
45481.88196 0.3078
45481.88306 0.2952
45482.76196 0.3117
45482.76294 0.3143
45482.76404 0.3231
45484.79004 0.3276
45484.79102 0.3308
45484.79199 0.3231
45485.79504 0.3203
45485.79700 0.3089
45485.79797 0.3181
45488.82495 0.2965
45488.82495 0.3065
45488.82703 0.3036
45489.84800 0.3017
45489.84900 0.3191
45489.85000 0.3115
45490.82000 0.3131
45490.82100 0.3179
45490.82200 0.3120
45491.81500 0.2904
45491.81600 0.3075
45491.81700 0.3051
45492.81800 0.2985
45492.82000 0.2994
45492.82100 0.3056
45494.82300 0.2957
45494.82400 0.3086
45494.82600 0.2963
45496.76600 0.3084
45496.76700 0.3071
45496.76900 0.3177
45497.78800 0.3087
45497.79100 0.3119
45497.79400 0.3063
45499.76300 0.3123
45499.76400 0.3037
45499.76600 0.3224
45501.78500 0.3069
45501.78500 0.3116
45501.78600 0.3003
45503.75800 0.2937
45503.75900 0.2966
45503.75900 0.2924
45504.78100 0.3159
45504.78200 0.3173
45504.78300 0.3072
45506.74900 0.2933
45506.75000 0.3084
45506.75100 0.3086
45508.75400 0.3042
45508.75500 0.3025
45508.75600 0.3088
45510.72200 0.3045
45510.72300 0.3097
45510.72400 0.3055
45511.73600 0.2984
45511.73700 0.3058
45511.73800 0.3086
45514.72400 0.3133
45514.72400 0.3129
45514.72500 0.3070
45516.75200 0.3051
45516.75300 0.3082
45516.75400 0.3246
45517.75000 0.3271
45517.75100 0.3171
45517.75300 0.2996
45519.74800 0.3060
45519.74900 0.3017
45519.75000 0.3040
45521.78200 0.3086
45521.78300 0.3351
45521.78400 0.3364
45525.71800 0.3236
45525.72000 0.3135
45525.72100 0.3339
45527.75900 0.3378
45527.76000 0.3354
45527.76000 0.3280
45528.71900 0.3276
45528.72000 0.3406
45528.72100 0.3437
45530.72200 0.3338
45530.72300 0.3408
45530.72400 0.3402
45531.70800 0.3268
45531.70900 0.3154
45531.71000 0.3110
45533.69200 0.2937
45533.69300 0.2959
45533.69400 0.2950
45534.70400 0.3131
45534.70500 0.3028
45534.70600 0.2990
45536.68300 0.3083
45536.68400 0.3070
45536.68500 0.3183
45537.69800 0.3208
45537.69900 0.3191
45537.70000 0.3279
45539.69500 0.3199
45539.69600 0.3280
45539.69700 0.3101
45540.73400 0.3235
45540.73500 0.3207
45540.73600 0.3216
45541.70500 0.3348
45541.70600 0.3394
45541.70700 0.3378
45542.68600 0.3314
45542.68700 0.3200
45542.68800 0.3278
45543.69900 0.3132
45543.70000 0.3054
45543.70100 0.3235
45545.69100 0.3455
45545.69200 0.3319
45545.69300 0.3235
45546.79700 0.3350
45546.79800 0.3297
45546.80000 0.3475
45550.71700 0.3302
45550.71800 0.3057
45550.71900 0.3199
45551.70700 0.3428
45551.70800 0.3399
45551.70900 0.3261
45553.73600 0.3003
45553.73700 0.3069
45553.73800 0.3129
45557.68600 0.3287
45557.68700 0.3310
45557.68800 0.3316
45728.08800 0.3369
45728.08900 0.3505
45728.09100 0.3430
45736.03700 0.3380
45736.03800 0.3244
45736.03900 0.3403
45737.05500 0.3319
45737.05600 0.3227
45737.05700 0.3352
45743.03800 0.3276
45743.04000 0.3361
45743.04100 0.3257
45744.03100 0.3500
45744.03200 0.3352
45744.03300 0.3393
45754.03800 0.3377
45754.03900 0.3332
45754.04100 0.3399
45754.98800 0.3373
45754.99000 0.3382
45754.99200 0.3356
45756.03700 0.3158
45756.04300 0.3230
45756.04700 0.3493
45757.05700 0.3262
45757.05800 0.3345
45757.06100 0.3313
45757.99000 0.3432
45757.99100 0.3469
45757.99300 0.3348
45759.01800 0.3383
45759.01900 0.3408
45759.02000 0.3226
45760.00600 0.3272
45760.00800 0.3099
45760.01000 0.3245
45761.00800 0.3352
45761.00900 0.3302
45761.01000 0.3349
45762.01100 0.3265
45762.01200 0.3309
45762.01400 0.3225
45763.02300 0.3234
45763.02500 0.3428
45763.02700 0.3062
45763.99500 0.3168
45763.99700 0.3187
45763.99900 0.3164
45766.03400 0.3448
45766.03500 0.3432
45766.03600 0.3374
45767.01600 0.3496
45767.01700 0.3484
45767.01800 0.3339
45773.01733 0.3183
45773.01855 0.3259
45773.02002 0.3081
45782.04600 0.3279
45782.04900 0.3419
45782.05300 0.3399
45783.98853 0.3268
45783.98975 0.3139
45783.99097 0.3360
45784.99329 0.3142
45784.99500 0.3294
45784.99707 0.3172
45787.00100 0.3032
45787.00500 0.3166
45787.00800 0.3187
45788.97461 0.3100
45788.97644 0.3259
45788.97839 0.3245
45791.01135 0.3490
45791.01282 0.3357
45791.01428 0.3299
45793.00916 0.3219
45793.01184 0.3264
45793.01453 0.3217
45794.97913 0.3136
45794.98083 0.3011
45794.98206 0.3361
45798.00400 0.3259
45798.00500 0.3385
45798.00700 0.3396
45800.97266 0.3522
45800.97437 0.3494
45800.97595 0.3486
45802.97900 0.3256
45802.98035 0.3352
45802.98157 0.3469
45803.94500 0.3340
45803.94700 0.3282
45803.94800 0.3216
45804.92700 0.3346
45804.92800 0.3529
45804.92900 0.3479
45805.93000 0.3368
45805.93100 0.3348
45805.93200 0.3305
45806.91800 0.3164
45806.91900 0.3213
45806.92000 0.3382
45807.92175 0.3230
45807.92322 0.3247
45807.92505 0.3150
45808.95300 0.3218
45808.95532 0.3293
45808.95752 0.3213
45812.90300 0.3228
45812.90500 0.3342
45812.90600 0.3226
45813.92100 0.3351
45813.92200 0.3365
45813.92400 0.3285
45814.90200 0.3296
45814.90400 0.3365
45814.90500 0.3255
45815.89124 0.3252
45815.89636 0.3401
45815.90186 0.3392
45820.00100 0.3324
45820.00300 0.3346
45820.00500 0.3289
45820.94700 0.3550
45820.95000 0.3421
45820.95200 0.3678
45821.94500 0.3274
45821.94700 0.3409
45821.94800 0.3455
45822.84900 0.3627
45822.85200 0.3573
45822.85400 0.3525
45824.96500 0.3334
45824.96700 0.3447
45824.96900 0.3351
45825.92800 0.3410
45825.93100 0.3380
45825.93400 0.3475
45826.97300 0.3250
45826.97500 0.3166
45826.97700 0.3258
45827.82400 0.3415
45827.82500 0.3225
45827.82600 0.3378
45828.93600 0.3234
45828.93700 0.3193
45828.93800 0.3130
45830.82100 0.3224
45830.82200 0.3276
45830.82400 0.3138
45831.80000 0.3164
45831.80200 0.3220
45831.80500 0.3200
45832.79956 0.3258
45832.80066 0.3361
45832.80176 0.3344
45837.80774 0.3579
45837.80872 0.3508
45837.80957 0.3521
45838.79565 0.3490
45838.79688 0.3414
45838.79822 0.3378
45839.79797 0.3316
45839.79895 0.3385
45839.79993 0.3385
45840.78796 0.3327
45840.78894 0.3329
45840.78992 0.3443
45841.79370 0.3317
45841.79492 0.3341
45841.79614 0.3321
45842.84241 0.3375
45842.84351 0.3255
45842.84448 0.3407
45843.80298 0.3217
45843.80420 0.3174
45843.80518 0.3317
45844.78076 0.3272
45844.78162 0.3510
45844.78259 0.3530
45845.82251 0.3239
45845.82410 0.3270
45845.82568 0.3316
45846.78735 0.3277
45846.78833 0.3215
45846.78955 0.3139
45847.83240 0.3411
45847.83325 0.3285
45847.83398 0.3385
45848.87561 0.3063
45848.87683 0.3296
45848.87805 0.3115
45849.90430 0.3097
45849.90527 0.3038
45849.90625 0.3114
45852.79761 0.3189
45852.79932 0.3135
45852.80127 0.3204
45853.81433 0.3156
45853.81580 0.3094
45853.81726 0.3134
45859.89880 0.3404
45859.89990 0.3353
45859.90112 0.3395
45860.74597 0.3330
45860.74707 0.3394
45860.74817 0.3363
45861.79553 0.3401
45861.79663 0.3142
45861.79785 0.3349
45862.75806 0.3418
45862.75977 0.3250
45862.76172 0.3400
45863.75732 0.3291
45863.75854 0.3330
45863.76013 0.3275
45864.79236 0.3364
45864.79395 0.3381
45864.79529 0.3317
45866.77466 0.3321
45866.77612 0.3266
45866.77759 0.3377
45867.89209 0.3115
45867.89368 0.3064
45867.89514 0.3260
45868.79541 0.3207
45868.79639 0.3320
45868.79749 0.3297
45869.75037 0.3247
45869.75134 0.3181
45869.75244 0.3160
45870.73169 0.3235
45870.73291 0.3229
45870.73389 0.3226
45871.77002 0.3183
45871.77136 0.3097
45871.77283 0.3095
45872.76404 0.3115
45872.76514 0.3020
45872.76611 0.3092
45873.74158 0.3186
45873.74280 0.3128
45873.74402 0.3128
45874.80090 0.3193
45874.80200 0.3325
45874.80322 0.3189
45875.75635 0.3072
45875.75732 0.3048
45875.75854 0.3043
45876.75146 0.3050
45876.75317 0.3136
45876.75488 0.3179
45878.74658 0.3229
45878.74780 0.3185
45878.74902 0.3173
45879.79041 0.3158
45879.79163 0.3228
45879.79272 0.3278
45880.82959 0.3223
45880.83093 0.3277
45880.83228 0.3153
45881.79346 0.3266
45881.79456 0.3414
45881.79602 0.3389
45882.78882 0.3231
45882.79016 0.3282
45882.79126 0.3263
45884.77295 0.3549
45884.77441 0.3464
45884.77588 0.3437
45885.77246 0.3501
45885.77405 0.3437
45885.77576 0.3353
45886.78027 0.3359
45886.78149 0.3574
45886.78259 0.3388
45887.74536 0.3370
45887.74634 0.3303
45887.74731 0.3413
45888.79883 0.3433
45888.79980 0.3357
45888.80078 0.3455
45889.77258 0.3288
45889.77429 0.3205
45889.77612 0.3261
45891.77856 0.3021
45891.77954 0.3217
45891.78052 0.3243
45892.76746 0.3055
45892.76892 0.3082
45892.77051 0.3045
45893.76648 0.3142
45893.76770 0.2982
45893.76904 0.2925
45894.79919 0.2996
45894.80042 0.3104
45894.80188 0.3049
45895.77161 0.3057
45895.77380 0.3180
45895.77625 0.2999
45898.80725 0.3281
45898.80896 0.3247
45898.81079 0.3135
45899.81531 0.3206
45899.81750 0.3234
45899.81970 0.3273
45901.71497 0.2950
45901.71594 0.3065
45901.71680 0.3121
45906.71716 0.3083
45906.71790 0.3126
45906.71875 0.3239
45912.71045 0.3102
45912.71130 0.3136
45912.71228 0.3000
45913.78784 0.3059
45913.78906 0.2943
45913.79041 0.2914
45914.73572 0.3077
45914.73669 0.2977
45914.73767 0.2987
45916.75928 0.3059
45916.76074 0.2914
45916.76221 0.2856
45917.73010 0.3178
45917.73108 0.3080
45917.73193 0.3062
45918.74011 0.3204
45918.74072 0.3241
45918.74146 0.3223
45919.72681 0.3119
45919.72766 0.3144
45919.72852 0.3110
45922.71057 0.3224
45922.71167 0.3080
45922.71277 0.2989
45923.76245 0.3099
45923.76392 0.2931
45923.76526 0.3242
45929.69617 0.3194
45929.69702 0.3380
45929.69775 0.3529
45933.67297 0.2875
45933.67383 0.2936
45933.67468 0.2791
45934.67932 0.2990
45934.68030 0.3160
45934.68164 0.2854
45935.71948 0.3027
45935.72070 0.2943
45935.72205 0.2891
45936.69116 0.3066
45936.69202 0.3119
45936.69287 0.3091
45937.69080 0.2945
45937.69153 0.3035
45937.69214 0.2905
45938.67651 0.2956
45938.67737 0.2846
45938.67834 0.2901
45939.65491 0.3059
45939.65601 0.2816
45939.65698 0.2899
45940.68066 0.2979
45940.68164 0.2778
45940.68237 0.3208
45942.70032 0.3098
45942.70154 0.2749
45942.70276 0.2825
45943.68494 0.3123
45943.68604 0.2778
45943.68701 0.3009
45947.67554 0.3513
45947.67664 0.3438
45947.67761 0.3352
45950.65039 0.3090
45950.65186 0.2974
45950.65308 0.3027
45951.66797 0.2972
45951.67029 0.2877
45951.67249 0.2940
45952.67749 0.2909
45952.67932 0.3025
45952.68127 0.3032
45958.62122 0.3009
45958.62231 0.2977
45958.62329 0.2963
45961.64526 0.3063
45961.64929 0.3190
45961.65100 0.2937
45963.64673 0.2940
45963.64832 0.2835
45963.64978 0.3003
45965.67859 0.2487
45965.68152 0.2509
45965.68481 0.2244
46139.04761 0.3170
46139.04907 0.3146
46139.05054 0.3166
46158.94312 0.3338
46158.94458 0.3396
46158.94604 0.3404
46160.99097 0.3224
46160.99268 0.3215
46160.99463 0.3184
46161.97363 0.3373
46161.97559 0.3162
46161.97754 0.3227
46163.95020 0.3195
46163.95142 0.3121
46163.95264 0.3229
46165.00635 0.3258
46165.00854 0.3268
46165.01050 0.3213
46165.95825 0.3207
46165.96069 0.3106
46165.96338 0.3154
46166.97705 0.3166
46166.97876 0.3229
46166.98047 0.3247
46171.97583 0.3309
46171.97827 0.3454
46171.98071 0.3354
46185.96875 0.2949
46185.97046 0.3004
46185.97266 0.2945
46186.88232 0.3144
46186.88403 0.3019
46186.88647 0.2979
46186.96167 0.3133
46186.96338 0.3051
46186.96484 0.3053
46187.87646 0.3196
46187.87793 0.3206
46187.87939 0.3047
46187.88916 0.3241
46187.89185 0.3080
46187.89600 0.3206
46187.92773 0.2886
46187.92871 0.3151
46187.93018 0.3052
46187.96606 0.3295
46187.97046 0.3185
46187.97437 0.3109
46189.90454 0.3167
46189.90674 0.3251
46189.90918 0.3065
46189.95776 0.3237
46189.96094 0.3197
46189.96387 0.3061
46190.94312 0.3180
46190.94653 0.3115
46190.95020 0.3094
46190.95483 0.3192
46191.84985 0.3270
46191.85205 0.3283
46191.85449 0.3310
46191.89014 0.3308
46191.89307 0.3217
46191.89624 0.3129
46192.87231 0.3126
46192.87451 0.3173
46192.87671 0.3209
46192.92651 0.3060
46192.92847 0.3230
46192.92993 0.3410
46196.84766 0.3380
46196.85181 0.3414
46196.85620 0.3327
46198.94946 0.3246
46198.95190 0.3338
46198.95435 0.3354
46198.95679 0.3321
46199.95117 0.3443
46199.95288 0.3446
46199.95483 0.3430
46200.87427 0.3493
46200.87671 0.3359
46200.87915 0.3384
46201.92627 0.3293
46201.92993 0.3302
46201.93384 0.3480
46202.94653 0.3338
46202.94971 0.3297
46202.95361 0.3157
46203.92920 0.3252
46203.93213 0.3143
46203.93481 0.3070
46204.94067 0.3077
46204.94482 0.3093
46204.94946 0.3193
46205.96289 0.3235
46205.96631 0.3172
46205.96997 0.3271
46208.93945 0.3077
46208.94434 0.3023
46208.94775 0.3098
46210.89307 0.3057
46210.89551 0.3053
46210.89771 0.3018
46212.84595 0.3056
46212.84888 0.3046
46212.85303 0.3048
46213.83643 0.3186
46213.83813 0.3180
46213.83984 0.3177
46221.82617 0.3555
46221.82861 0.3603
46221.83105 0.3530
46222.79102 0.3451
46222.79321 0.3533
46222.79565 0.3509
46223.77588 0.3616
46223.77808 0.3486
46223.78027 0.3479
46224.78735 0.3374
46224.79004 0.3340
46224.79272 0.3209
46225.78345 0.3360
46225.78613 0.3304
46225.78906 0.3318
46226.82983 0.3175
46226.83569 0.3051
46226.84351 0.2993
46233.84253 0.3034
46233.84619 0.3092
46233.85034 0.3056
46234.75659 0.3061
46234.75928 0.3136
46234.76172 0.3099
46235.80273 0.3319
46235.80493 0.3281
46235.80859 0.3213
46237.79639 0.3437
46237.79712 0.3379
46237.79785 0.3431
46238.75342 0.3442
46238.75439 0.3420
46238.75537 0.3464
46239.79102 0.3527
46239.79150 0.3593
46239.79224 0.3482
46240.80591 0.3546
46240.80640 0.3493
46240.80737 0.3599
46240.80835 0.3642
46240.80884 0.3503
46240.80933 0.3497
46241.76050 0.3422
46241.76123 0.3484
46241.76221 0.3444
46242.75317 0.3593
46242.75391 0.3708
46242.75464 0.3652
46243.75586 0.3574
46243.75684 0.3655
46243.75781 0.3639
46244.76343 0.3533
46244.76440 0.3440
46244.76538 0.3397
46245.69507 0.3366
46245.69629 0.3442
46245.69751 0.3391
46246.76685 0.3347
46246.76904 0.3355
46246.77100 0.3253
46249.82764 0.3070
46249.82886 0.3117
46249.83032 0.3103
46250.72705 0.3042
46250.72852 0.2914
46250.72998 0.2853
46264.73340 0.3280
46264.73413 0.3352
46264.73486 0.3392
46267.74463 0.3082
46267.74536 0.3189
46267.74634 0.3049
46268.74023 0.3058
46268.74072 0.3116
46268.74146 0.3113
46269.70898 0.3127
46269.70996 0.3144
46269.71069 0.3093
46271.71460 0.2945
46271.71533 0.3115
46271.71582 0.3190
46272.70581 0.3078
46272.70752 0.3109
46272.70923 0.2954
46273.71924 0.2909
46273.71997 0.2984
46273.72070 0.3092
46274.69922 0.3049
46274.69995 0.3170
46274.70117 0.3042
46275.71460 0.3159
46275.71533 0.3268
46275.71631 0.3214
46276.70190 0.3340
46276.70313 0.3254
46276.70435 0.3294
46277.72339 0.3365
46277.72437 0.3356
46277.72559 0.3263
46278.68530 0.3403
46278.68604 0.3436
46278.68677 0.3323
46279.70117 0.3209
46279.70215 0.3225
46279.70313 0.3314
46280.67749 0.3296
46280.67847 0.3170
46280.67944 0.3231
46281.71045 0.3258
46281.71143 0.3307
46281.71240 0.3307
46282.68677 0.3283
46282.68994 0.3327
46282.69263 0.3439
46283.68994 0.3245
46283.69116 0.3323
46283.69238 0.3408
46284.68018 0.3002
46284.68091 0.3011
46284.68188 0.2922
46285.71436 0.2847
46285.71509 0.2938
46285.71606 0.2883
46286.69043 0.3261
46286.69141 0.3265
46286.69238 0.3321
46287.70850 0.3242
46287.70923 0.3289
46287.70996 0.3303
46288.65356 0.3263
46288.65454 0.3194
46288.65527 0.3225
46289.70313 0.3099
46289.70410 0.3157
46289.70508 0.3187
46290.67358 0.3074
46290.67456 0.3030
46290.67554 0.3030
46291.68457 0.3069
46291.68555 0.2912
46291.68652 0.2855
46292.67090 0.3004
46292.67188 0.3054
46292.67261 0.3077
46293.68848 0.3075
46293.68945 0.3087
46293.69043 0.3018
46295.67822 0.3222
46295.67920 0.3148
46295.67993 0.3226
46296.68506 0.3296
46296.68579 0.3240
46296.68677 0.3168
46297.67700 0.3229
46297.67798 0.3229
46297.67871 0.3334
46298.67310 0.3128
46298.67407 0.3134
46298.67505 0.3120
46299.68481 0.3418
46299.68555 0.3432
46299.68652 0.3425
46300.67041 0.3268
46300.67114 0.3223
46300.67188 0.3320
46302.65771 0.3442
46302.65845 0.3491
46302.65918 0.3549
46303.65747 0.3461
46303.65820 0.3517
46303.65894 0.3505
46304.65698 0.3407
46304.65820 0.3297
46304.65991 0.3346
46305.66772 0.3346
46305.66870 0.3183
46305.66968 0.3259
46309.67261 0.3218
46309.67383 0.3227
46309.67480 0.3072
46316.64160 0.3231
46316.64233 0.3227
46316.64307 0.3259
46321.64526 0.3390
46321.64624 0.3385
46321.64722 0.3469
46322.63013 0.3369
46322.63110 0.3304
46322.63232 0.3197
46323.62671 0.3563
46323.62769 0.3456
46323.62891 0.3415
46324.62427 0.3494
46324.62524 0.3498
46324.62622 0.3504
46325.63501 0.3486
46325.63599 0.3475
46325.63672 0.3445
46326.62549 0.3427
46326.63062 0.3193
46328.61768 0.3398
46328.61865 0.3478
46328.61938 0.3374
46329.62329 0.3354
46329.62427 0.3398
46329.62500 0.3371
46514.99365 0.3143
46514.99463 0.3081
46514.99585 0.3125
46532.00537 0.2970
46532.00732 0.2828
46532.00928 0.2887
46535.99829 0.3085
46535.99927 0.3079
46536.00024 0.2984
46539.94531 0.3286
46539.94629 0.3190
46539.94727 0.3091
46540.97046 0.3104
46540.97144 0.3151
46540.97241 0.3294
46541.90063 0.3178
46541.90137 0.3225
46541.90210 0.3319
46545.88330 0.2956
46545.88501 0.2948
46545.88672 0.2948
46547.98486 0.2759
46547.98633 0.2750
46547.98755 0.2894
46548.92749 0.2668
46548.92847 0.2893
46548.92969 0.2767
46549.92285 0.2790
46549.92407 0.2803
46549.92554 0.2801
46552.95264 0.2745
46552.95361 0.2882
46552.95459 0.2796
46553.97266 0.2731
46553.97412 0.2801
46553.97559 0.2812
46555.91382 0.2873
46555.91553 0.2915
46555.91699 0.2992
46557.99561 0.2978
46557.99878 0.2957
46558.00220 0.2950
46558.92725 0.3003
46558.92847 0.3021
46558.92969 0.2973
46560.91895 0.3253
46560.91992 0.3120
46560.92065 0.3158
46562.91162 0.3031
46562.91309 0.2999
46562.91431 0.3112
46566.95361 0.2881
46566.95557 0.2838
46566.95776 0.2828
46567.93408 0.2757
46567.93530 0.2753
46567.93652 0.2828
46569.94360 0.2863
46569.94458 0.2783
46569.94580 0.2792
46570.90918 0.2769
46570.91016 0.2931
46570.91113 0.2852
46571.90479 0.2789
46571.90771 0.2816
46571.91138 0.2801
46573.91992 0.2660
46573.92188 0.2771
46573.92407 0.2804
46574.94556 0.2720
46574.94775 0.2712
46574.94971 0.2878
46576.82251 0.2864
46576.82397 0.2851
46576.82520 0.2803
46577.79004 0.2959
46577.79126 0.2940
46577.79297 0.2978
46579.81714 0.3204
46579.81860 0.2966
46579.81982 0.3111
46580.94385 0.3219
46580.94580 0.3209
46580.94775 0.3105
46582.85718 0.3140
46582.85986 0.3016
46582.86401 0.3100
46583.89258 0.3213
46583.89429 0.3209
46583.89575 0.3243
46584.81641 0.3045
46584.81763 0.3086
46584.81909 0.3117
46586.87500 0.2944
46586.87646 0.2930
46586.87793 0.2961
46587.87524 0.2861
46587.87695 0.3033
46587.87866 0.3051
46590.88110 0.3085
46590.88232 0.3049
46590.88354 0.2976
46591.89673 0.2908
46591.89795 0.2957
46591.89917 0.3006
46592.88916 0.2835
46592.89038 0.2877
46592.89160 0.2906
46594.87695 0.2832
46594.87842 0.2885
46594.87988 0.2816
46595.88184 0.2856
46595.88281 0.2919
46595.88379 0.2874
46597.86914 0.2882
46597.87036 0.2885
46597.87158 0.2910
46598.89819 0.2908
46598.89990 0.2781
46598.90137 0.2917
46599.87476 0.3075
46599.87598 0.2928
46599.87720 0.2995
46601.86450 0.3224
46601.86548 0.3234
46601.86670 0.3179
46603.86694 0.3299
46603.86792 0.3218
46603.86938 0.3186
46604.77979 0.3357
46604.78076 0.3373
46604.78174 0.3262
46605.81104 0.3403
46605.81201 0.3394
46605.81299 0.3209
46609.81396 0.2984
46609.81519 0.3104
46609.81665 0.3085
46616.80371 0.2963
46616.80566 0.2785
46616.80811 0.2850
46618.78711 0.2764
46618.78857 0.2791
46618.79004 0.2910
46619.76465 0.2830
46619.76611 0.2886
46619.76733 0.2875
46621.75659 0.3161
46621.75781 0.3043
46621.75903 0.3052
46622.72681 0.3024
46622.72803 0.3225
46622.72949 0.3191
46623.77100 0.3406
46623.77197 0.3397
46623.77295 0.3462
46627.76978 0.3218
46627.77100 0.3307
46627.77222 0.3243
46628.77075 0.3105
46628.77222 0.3332
46628.77368 0.3203
46630.75806 0.3265
46630.75903 0.3234
46630.76001 0.3281
46631.72485 0.3309
46631.72559 0.3244
46631.72656 0.3209
46632.73096 0.3105
46632.73193 0.3091
46632.73291 0.3105
46649.72144 0.3492
46649.72241 0.3559
46649.72339 0.3531
46650.72388 0.3413
46650.72485 0.3314
46650.72607 0.3352
46653.69629 0.3191
46653.69727 0.3150
46653.69824 0.3225
46655.67554 0.2978
46655.67676 0.3040
46655.67822 0.2993
46656.68311 0.2879
46656.68457 0.2919
46656.68579 0.2893
46658.67529 0.2767
46658.67651 0.2903
46658.67749 0.2934
46659.68384 0.2854
46659.68481 0.2943
46659.68579 0.2929
46660.67554 0.2822
46660.67700 0.2957
46660.67847 0.2882
46663.65698 0.3168
46663.65820 0.3101
46663.66016 0.3154
46664.67969 0.3052
46664.68066 0.3171
46664.68188 0.2961
46666.69336 0.3200
46666.69507 0.3038
46666.69678 0.3095
46673.65845 0.3103
46673.65991 0.3072
46673.66138 0.3025
46674.67773 0.3046
46674.67944 0.3089
46674.68188 0.3055
46676.64917 0.3051
46676.65063 0.2940
46676.65234 0.2856
46677.66016 0.2955
46677.66138 0.2889
46677.66284 0.2914
46683.63208 0.2969
46683.63379 0.2870
46683.63525 0.3070
46687.63403 0.3192
46687.63574 0.3138
46687.63745 0.3329
46890.99268 0.3561
46890.99536 0.3556
46890.99829 0.3449
46894.02295 0.3555
46894.02490 0.3550
46894.02661 0.3490
46895.00024 0.3616
46895.00244 0.3462
46895.00415 0.3833
46898.02002 0.3444
46898.02441 0.3432
46898.02905 0.3245
46899.02954 0.3434
46899.03223 0.3136
46899.03467 0.3302
46900.97852 0.3498
46900.98071 0.3269
46900.98267 0.3645
46902.00293 0.3502
46902.00635 0.3529
46902.00952 0.3395
46905.97754 0.3331
46905.97974 0.3573
46905.98242 0.3264
46906.99243 0.3384
46906.99609 0.3426
46906.99927 0.3341
46907.99731 0.3418
46907.99927 0.3200
46908.00146 0.3426
46918.97290 0.3282
46918.97583 0.3456
46918.97876 0.3431
46920.93042 0.3464
46920.93262 0.3537
46920.93481 0.3516
46921.95923 0.3345
46921.96143 0.3359
46921.96411 0.3189
46922.94385 0.3566
46922.94580 0.3539
46922.94800 0.3536
46928.94019 0.3631
46928.94263 0.3553
46928.94556 0.3520
46932.93457 0.3569
46932.93701 0.3565
46932.93945 0.3563
46937.90503 0.3434
46937.90845 0.3319
46937.91187 0.3509
46945.71777 0.3755
46945.72046 0.3613
46945.72363 0.3584
46948.90039 0.3861
46948.90259 0.3700
46948.90503 0.3797
46950.86841 0.3846
46950.87158 0.3715
46950.87427 0.3729
46951.89624 0.3447
46951.89844 0.3756
46951.90039 0.3853
46953.86963 0.3610
46953.87720 0.3602
46953.88037 0.3516
46956.86304 0.3546
46956.86523 0.3787
46956.86743 0.3530
46957.86328 0.3419
46957.86621 0.3277
46957.86865 0.3468
46958.80518 0.3710
46958.80762 0.3601
46958.80981 0.3630
46960.87329 0.3711
46960.87646 0.3698
46960.87939 0.3502
46961.88525 0.3604
46961.88892 0.3463
46961.89233 0.3601
46963.86816 0.3904
46963.87036 0.3760
46963.87256 0.3607
46965.79907 0.3677
46965.80103 0.3748
46965.80322 0.3431
46967.79541 0.3635
46967.79810 0.3413
46967.80078 0.3478
46970.77759 0.3929
46970.77954 0.3664
46970.78149 0.3956
46985.77588 0.3472
46985.77954 0.3525
46985.78296 0.3532
46988.73999 0.3694
46988.74194 0.3859
46988.74414 0.3734
46989.74561 0.3776
46989.74756 0.3861
46989.74951 0.3667
46991.74731 0.3825
46991.74927 0.3849
46991.75171 0.3644
46992.77197 0.3431
46992.77515 0.3441
46992.77856 0.3516
46995.70728 0.3599
46995.71021 0.3708
46995.71338 0.3866
47000.78979 0.3575
47000.79077 0.3599
47000.79175 0.3653
47002.80054 0.3796
47002.80151 0.3630
47002.80249 0.3717
47008.74756 0.3697
47008.74829 0.3761
47008.74927 0.3731
47024.70117 0.3663
47024.70239 0.3580
47024.70361 0.3471
47031.70215 0.3412
47031.70313 0.3460
47031.70435 0.3483
47034.72192 0.3627
47034.72290 0.3608
47034.72388 0.3714
47035.68628 0.3739
47035.68726 0.3650
47035.68823 0.3805
47038.65991 0.3321
47038.66064 0.3416
47038.66113 0.3571
47042.64063 0.3832
47042.64160 0.3713
47042.64282 0.3721
47043.63940 0.3611
47043.64038 0.3785
47043.64160 0.3590
47045.62866 0.3643
47045.62939 0.3557
47045.63037 0.3594
47046.63110 0.3418
47046.63208 0.3336
47046.63306 0.3294
47047.65015 0.3550
47047.65112 0.3451
47047.65186 0.3643
47050.63354 0.3265
47050.63428 0.3484
47050.63525 0.3297
47053.62744 0.3564
47053.62842 0.3437
47053.62939 0.3562
47055.62549 0.3456
47055.62646 0.3327
47055.62744 0.3436
47057.66797 0.3439
47057.66870 0.3663
47057.66943 0.3576
47242.02588 0.3614
47242.02686 0.3628
47242.02783 0.3485
47242.02881 0.3682
47242.02979 0.3676
47253.00439 0.3793
47253.00562 0.3841
47253.00659 0.3735
47253.95801 0.3710
47253.95923 0.3712
47253.96069 0.3778
47255.96216 0.3536
47255.96313 0.3595
47255.96411 0.3569
47257.97632 0.3313
47257.97729 0.3373
47257.97852 0.3418
47275.96851 0.3842
47275.96948 0.3747
47275.97046 0.3654
47280.98755 0.3694
47280.98853 0.3724
47280.98975 0.3623
47281.94116 0.3797
47281.94214 0.3766
47281.94360 0.3546
47283.96484 0.3692
47283.96582 0.3787
47283.96704 0.3773
47284.95386 0.3893
47284.95508 0.3977
47284.95605 0.3687
47295.88159 0.3810
47295.88281 0.4010
47295.88379 0.4023
47295.88501 0.4009
47295.88599 0.3984
47296.90454 0.3655
47296.90552 0.3776
47296.90625 0.3649
47298.93726 0.3537
47298.93848 0.3788
47298.93970 0.3597
47300.92041 0.3707
47300.92163 0.3751
47300.92310 0.3616
47302.80664 0.3711
47302.80835 0.3723
47302.80981 0.3953
47305.93115 0.3809
47305.93237 0.3784
47305.93359 0.3720
47306.91602 0.3708
47306.91724 0.3601
47306.91846 0.3404
47307.92725 0.3802
47307.92822 0.3693
47307.92896 0.3819
47309.79346 0.3829
47309.79492 0.3766
47309.79639 0.3732
47312.88892 0.4139
47312.88989 0.3941
47312.89087 0.3937
47313.76587 0.3958
47313.76709 0.4156
47313.76807 0.4087
47314.87500 0.4111
47314.87622 0.3832
47314.87769 0.3649
47315.79321 0.4056
47315.79395 0.3914
47315.79492 0.4156
47321.89941 0.3483
47321.90063 0.3402
47321.90161 0.3481
47323.85962 0.3549
47323.86060 0.3491
47323.86182 0.3555
47326.86084 0.3873
47326.86206 0.3723
47326.86304 0.3764
47328.87085 0.3832
47328.87207 0.3900
47328.87305 0.3834
47331.83960 0.3958
47331.84058 0.3899
47331.84180 0.3823
47333.81079 0.3945
47333.81201 0.3938
47333.81323 0.3806
47335.86206 0.3675
47335.86328 0.3657
47335.86426 0.3667
47337.80713 0.3712
47337.80811 0.3845
47337.80933 0.3813
47338.86255 0.3339
47338.86353 0.3487
47338.86450 0.3446
47341.85913 0.3720
47341.86011 0.3772
47341.86133 0.3483
47342.76685 0.3830
47342.76807 0.3834
47342.76904 0.3829
47343.79150 0.3787
47343.79272 0.3555
47343.79370 0.3454
47344.81055 0.3772
47344.81152 0.3772
47344.81226 0.3714
47346.79272 0.3577
47346.79419 0.3445
47346.79541 0.3505
47347.84888 0.3745
47347.84985 0.3540
47347.85107 0.3626
47348.74487 0.3458
47348.74561 0.4087
47348.74658 0.3523
47348.74756 0.3958
47348.74854 0.3844
47348.74951 0.3793
47350.82715 0.3633
47350.82813 0.3790
47350.82910 0.3530
47350.83032 0.3552
47350.83154 0.3528
47351.83618 0.3635
47351.83716 0.3771
47351.83813 0.3700
47351.83911 0.4014
47351.84058 0.3597
47356.75122 0.3837
47356.75220 0.3673
47356.75342 0.3695
47359.71826 0.3943
47359.71924 0.4022
47359.72021 0.4017
47361.76440 0.3624
47361.76538 0.3592
47361.76660 0.3532
47365.75195 0.3715
47365.77002 0.3332
47365.77222 0.3586
47366.75488 0.3627
47366.75610 0.3554
47366.75732 0.3664
47369.72217 0.3578
47369.72388 0.3519
47369.72583 0.3543
47370.75073 0.3783
47370.75171 0.3924
47370.75269 0.3653
47372.71265 0.3919
47372.71387 0.3898
47372.71484 0.3949
47373.75220 0.3796
47373.75293 0.3909
47373.75366 0.3992
47374.71411 0.3669
47374.71509 0.3594
47374.71606 0.3686
47378.74878 0.3762
47378.75000 0.3590
47378.75098 0.3879
47378.75439 0.3719
47378.75586 0.3448
47379.76489 0.3683
47379.76611 0.3748
47379.76733 0.3696
47384.72656 0.3521
47384.72778 0.3510
47384.72876 0.3572
47386.66577 0.3298
47386.66699 0.3241
47386.66870 0.3129
47389.69409 0.3555
47389.69507 0.3614
47389.69629 0.3360
47391.67773 0.4056
47391.67896 0.3906
47391.67993 0.3807
47393.67261 0.3723
47393.67358 0.3719
47393.67456 0.3648
47395.66748 0.3904
47395.66870 0.3663
47395.67017 0.3684
47396.67896 0.4050
47396.67993 0.4100
47396.68091 0.4013
47405.64917 0.3725
47405.65039 0.3735
47405.65161 0.3722
47410.67358 0.3707
47410.67554 0.3389
47410.67749 0.3567
47411.65356 0.3873
47411.65479 0.3655
47411.65601 0.3769
47412.64648 0.3859
47412.64746 0.3649
47412.64868 0.3660
47412.65015 0.3539
47412.65137 0.3492
47421.61841 0.3609
47421.61963 0.3624
47421.62085 0.3600
47575.98804 0.3549
47575.98926 0.3629
47575.99097 0.3556
47580.04248 0.3308
47580.04443 0.3387
47580.04663 0.3332
47600.98340 0.3432
47600.98511 0.3280
47600.98706 0.3321
47608.01685 0.3908
47608.01831 0.3980
47608.01953 0.3886
47629.00220 0.3930
47629.00366 0.3882
47629.00488 0.3794
47634.90112 0.3579
47634.90234 0.3726
47634.90332 0.3546
47635.90063 0.3348
47635.90234 0.3374
47635.90381 0.3274
47638.89355 0.3309
47638.89575 0.3382
47638.89771 0.3283
47639.89771 0.3137
47639.89990 0.3020
47639.90210 0.3033
47644.90454 0.3321
47644.90625 0.3129
47644.90796 0.3281
47647.91235 0.3383
47647.91504 0.3429
47647.91772 0.3520
47654.92407 0.3658
47654.92529 0.3378
47654.92651 0.3472
47659.94287 0.3205
47659.94482 0.3223
47659.94653 0.3236
47663.82617 0.3006
47663.82837 0.3122
47663.83057 0.3078
47665.92188 0.3665
47665.92358 0.3451
47665.92554 0.3453
47666.82837 0.6240
47666.82910 0.6564
47666.83008 0.6365
47667.84399 0.3310
47667.84570 0.3470
47667.84741 0.3312
47668.82690 0.3346
47668.82886 0.3240
47668.83105 0.3269
47669.79248 0.3580
47669.79565 0.3439
47669.79907 0.3266
47675.83081 0.3507
47675.83350 0.3430
47675.83569 0.3663
47676.83691 0.3575
47676.83984 0.3641
47676.84277 0.3514
47686.80054 0.3757
47686.80176 0.3711
47686.80298 0.3908
47688.80176 0.3903
47688.80322 0.3944
47688.80444 0.3803
47690.79419 0.3808
47690.79565 0.3830
47690.79712 0.3715
47714.74756 0.3681
47714.74902 0.3699
47714.75049 0.3753
47720.72461 0.3653
47720.72583 0.3650
47720.72705 0.3626
47723.70581 0.3682
47723.70679 0.3547
47723.70752 0.3645
47726.75586 0.3699
47726.75708 0.3675
47726.75806 0.3627
47728.72900 0.3739
47728.73022 0.3648
47728.73145 0.3672
47736.69849 0.3462
47736.69946 0.3483
47736.70044 0.3403
47740.69287 0.3896
47740.69409 0.3843
47740.69507 0.3868
47746.68262 0.3755
47746.68359 0.3692
47746.68457 0.3690
47752.69482 0.3846
47752.69604 0.3766
47752.69727 0.3758
47756.67041 0.3782
47756.67139 0.3749
47756.67285 0.3664
47758.66479 0.3687
47758.66602 0.3718
47758.66724 0.3703
48068.77539 0.3730
48068.77686 0.3738
48068.77808 0.3687
48075.77222 0.3727
48075.77344 0.3771
48075.77441 0.3799
48088.73193 0.3454
48088.73315 0.3473
48088.73438 0.3445
48092.72339 0.3419
48092.72485 0.3344
48092.72607 0.3348
48095.72607 0.3547
48095.72705 0.3681
48095.72852 0.3567
48097.73047 0.3697
48097.73193 0.3777
48097.73291 0.3842
48099.71240 0.3766
48099.71387 0.3761
48099.71484 0.3669
48101.71240 0.3785
48101.71387 0.3716
48101.71484 0.3661
48107.70313 0.3470
48107.70459 0.3477
48107.70557 0.3440
48121.66699 0.3534
48121.66846 0.3524
48121.66943 0.3425
48122.66553 0.3545
48122.66699 0.3670
48122.66797 0.3482
48123.66650 0.3444
48123.66797 0.3509
48123.66895 0.3520
48361.98389 0.3443
48361.98535 0.3293
48361.98633 0.3416
48375.95654 0.3467
48375.95801 0.3598
48375.95947 0.3492
48392.90430 0.3931
48392.90576 0.3770
48392.90723 0.3892
48393.89160 0.3882
48393.89307 0.3801
48393.89502 0.3889
48395.85010 0.3660
48395.85156 0.3705
48395.85303 0.3703
48396.88867 0.3512
48396.89014 0.3830
48396.89160 0.3819
48399.89893 0.3251
48399.90039 0.3295
48399.90137 0.3371
48400.91406 0.3506
48400.91602 0.3380
48400.91748 0.3394
48402.90186 0.3454
48402.90381 0.3423
48402.90527 0.3454
48403.90625 0.3463
48403.90820 0.3382
48403.91064 0.3506
48405.88037 0.3572
48405.88135 0.3474
48405.88281 0.3556
48408.88867 0.3597
48408.89014 0.3650
48408.89209 0.3538
48420.79834 0.3721
48420.80029 0.3706
48420.80225 0.3666
48423.79395 0.3552
48423.79541 0.3479
48423.79736 0.3467
48426.79346 0.3545
48426.79492 0.3484
48426.79639 0.3392
48428.77734 0.3624
48428.77930 0.3569
48428.78076 0.3632
48429.78662 0.3564
48429.78857 0.3471
48429.79004 0.3588
48431.78711 0.3658
48431.78906 0.3515
48431.79053 0.3589
48432.79980 0.3550
48432.80176 0.3595
48432.80371 0.3668
48448.74072 0.3594
48448.74219 0.3476
48448.74365 0.3566
48450.73828 0.3618
48450.73975 0.3444
48450.74121 0.3528
48451.76611 0.3544
48451.76807 0.3382
48451.77002 0.3350
48453.74951 0.3588
48453.75098 0.3662
48453.75293 0.3483
48454.73438 0.3737
48454.73584 0.3734
48454.73682 0.3758
48459.74219 0.3644
48459.74365 0.3706
48459.74512 0.3641
48460.71533 0.3827
48460.71680 0.3810
48460.71826 0.3644
48461.74219 0.3742
48461.74414 0.3702
48461.74561 0.3621
48466.71680 0.3792
48466.71875 0.3898
48466.72021 0.3871
48677.96729 0.3439
48677.97119 0.3419
48677.97510 0.3451
48679.06348 0.3428
48679.06934 0.3410
48679.07422 0.3120
48692.97803 0.3347
48692.98145 0.3223
48692.98438 0.3165
48693.96094 0.3345
48693.96289 0.3367
48693.96484 0.3361
48694.96191 0.3345
48694.96436 0.3392
48694.96680 0.3314
48698.95264 0.3254
48698.95654 0.3373
48698.95996 0.3250
48719.96240 0.3357
48719.96631 0.3056
48719.97070 0.3260
48720.91357 0.3153
48720.91699 0.3254
48720.92090 0.3184
48731.91748 0.3419
48731.91846 0.3395
48731.91992 0.3359
48732.88428 0.3251
48732.88623 0.3162
48732.88770 0.3235
48739.96143 0.3226
48739.96289 0.3136
48739.96436 0.3096
48740.94727 0.3191
48740.94824 0.3046
48740.94971 0.3219
48744.95215 0.3269
48744.95361 0.3291
48744.95508 0.3265
48755.91064 0.3139
48755.91211 0.3087
48755.91357 0.3066
48756.85010 0.3190
48756.85156 0.3181
48756.85303 0.3170
48757.86572 0.3101
48757.86719 0.3152
48757.86865 0.3123
48759.88232 0.3165
48759.88428 0.3103
48759.88574 0.3230
48760.87939 0.3096
48760.88037 0.3100
48760.88184 0.3080
48761.87061 0.3220
48761.87256 0.3209
48761.87402 0.3194
48771.88477 0.3099
48771.88623 0.3021
48771.88770 0.3148
48772.89453 0.3128
48772.89551 0.3109
48772.89746 0.3102
48773.89307 0.3093
48773.89453 0.3072
48773.89600 0.3119
48774.88037 0.3027
48774.88232 0.3111
48774.88379 0.3175
48775.88281 0.3120
48775.88428 0.3065
48775.88574 0.3170
48776.88281 0.3221
48776.88428 0.3172
48776.88574 0.3206
48777.88428 0.3286
48777.88574 0.3249
48777.88721 0.3159
48778.88574 0.3156
48778.88721 0.3236
48778.88916 0.3208
48781.84033 0.3220
48781.84180 0.3138
48781.84326 0.3154
48782.83154 0.3273
48782.83252 0.3247
48782.83398 0.3255
48783.86914 0.3187
48783.87061 0.3228
48783.87207 0.3375
48784.81055 0.3173
48784.81250 0.3267
48784.81396 0.3188
48785.79492 0.3178
48785.79639 0.3234
48785.79736 0.3218
48786.81348 0.3150
48786.81494 0.3118
48786.81592 0.3159
48787.82178 0.3212
48787.82275 0.3201
48787.82422 0.3218
48788.84961 0.3128
48788.85059 0.3155
48788.85205 0.3101
48789.78564 0.3171
48789.78711 0.3168
48789.78857 0.3095
48790.83496 0.3153
48790.83643 0.3108
48790.83740 0.3171
48792.77637 0.3176
48792.77783 0.3127
48792.77930 0.3164
48793.81348 0.3095
48793.81494 0.3085
48793.81641 0.3088
48795.81299 0.3111
48795.81445 0.3179
48795.81543 0.3115
48797.83789 0.3216
48797.83936 0.3146
48797.84082 0.3184
48800.83008 0.3083
48800.83203 0.3193
48800.83398 0.3149
48805.71387 0.3265
48805.71533 0.3240
48805.71729 0.3284
48808.77051 0.3240
48808.77197 0.3191
48808.77344 0.3253
48813.79199 0.2971
48813.79297 0.3063
48813.79443 0.3059
48818.77148 0.3150
48818.77295 0.3171
48818.77393 0.3209
48820.79980 0.2993
48820.80127 0.3052
48820.80225 0.2912
48826.74951 0.3197
48826.75098 0.3112
48826.75244 0.3184
48829.77881 0.3202
48829.78027 0.3143
48829.78174 0.3248
48831.75830 0.3228
48831.75977 0.3130
48831.76123 0.3173
48833.70312 0.3178
48833.70459 0.3175
48833.70654 0.3070
48835.69922 0.3168
48835.70068 0.3025
48835.70264 0.3097
48837.69678 0.3155
48837.69873 0.3159
48837.70020 0.3048
48839.68506 0.3062
48839.68652 0.3176
48839.68750 0.3080
48841.70117 0.2890
48841.70264 0.2892
48841.70361 0.2962
48842.72168 0.3087
48842.72314 0.3025
48842.72412 0.3041
48843.71240 0.3025
48843.71387 0.2907
48843.71533 0.2871
48845.68799 0.3064
48845.68945 0.3097
48845.69092 0.3147
48846.69824 0.3110
48846.69922 0.3150
48846.70068 0.3147
48849.70801 0.3229
48849.70898 0.3180
48849.71045 0.3181
48850.72217 0.3221
48850.72363 0.3241
48850.72510 0.3365
48852.70996 0.3192
48852.71094 0.3208
48852.71240 0.3271
48853.69727 0.3161
48853.69873 0.3095
48853.70020 0.3072
48854.69922 0.3230
48854.70020 0.3189
48854.70166 0.3182
48857.69531 0.3055
48857.69678 0.3097
48857.69824 0.3100
48858.70312 0.3080
48858.70459 0.3103
48858.70605 0.3056
48859.68457 0.3102
48859.68604 0.3118
48859.68701 0.3146
48870.67090 0.3186
48870.67236 0.3183
48870.67383 0.3255
48871.65039 0.3044
48871.65186 0.3009
48871.65283 0.3085
48872.64551 0.3247
48872.64697 0.3139
48872.64844 0.3154
48874.64404 0.2879
48874.64551 0.2897
48874.64648 0.2883
48875.65332 0.3151
48875.65479 0.3073
48875.65625 0.3122
48877.65430 0.3133
48877.65576 0.3162
48877.65723 0.3296
48878.64258 0.3041
48878.64355 0.3020
48878.64502 0.2966
48879.65381 0.3131
48879.65479 0.3093
48879.65625 0.3034
48881.65332 0.3153
48881.65479 0.2982
48881.65576 0.3073
48882.64697 0.3272
48882.64795 0.3370
48882.64990 0.3315
49049.00049 0.3376
49049.00244 0.3278
49049.00488 0.3290
49100.92676 0.3076
49100.92969 0.3122
49100.93213 0.3263
49131.89844 0.3272
49131.89990 0.3411
49131.90137 0.3269
49136.89014 0.3477
49136.89209 0.3569
49136.89453 0.3523
49137.90234 0.3438
49137.90381 0.3416
49137.90576 0.3545
49149.88330 0.3129
49149.88477 0.3135
49149.88623 0.3379
49150.80322 0.3219
49150.80469 0.3182
49150.80615 0.3325
49151.81982 0.3419
49151.82129 0.3337
49151.82227 0.3341
49153.78271 0.3328
49153.78418 0.3434
49153.78564 0.3457
49156.83057 0.3355
49156.83252 0.3379
49156.83398 0.3401
49159.85254 0.3321
49159.85400 0.3300
49159.85547 0.3405
49174.75195 0.3256
49174.75439 0.3278
49174.75684 0.3237
49175.74658 0.3498
49175.74902 0.3380
49175.75146 0.3378
49176.77051 0.3444
49176.77197 0.3252
49176.77344 0.3305
49178.78857 0.3455
49178.79053 0.3467
49178.79248 0.3512
49179.76758 0.3139
49179.76953 0.3370
49179.77100 0.3240
49183.78125 0.3316
49183.78320 0.3268
49183.78516 0.3202
49186.78125 0.3126
49186.78369 0.3070
49186.78613 0.3042
49189.76318 0.2869
49189.76562 0.3057
49189.76807 0.2880
49190.76367 0.3138
49190.76660 0.3325
49190.77002 0.3253
49191.76270 0.3147
49191.76514 0.3253
49191.76709 0.3249
49193.75000 0.3397
49193.75244 0.3322
49193.75488 0.3293
49194.76807 0.3296
49194.77051 0.3017
49194.77295 0.3189
49196.74170 0.3437
49196.74561 0.3405
49196.74951 0.3373
49198.71484 0.3165
49198.71631 0.3331
49198.71777 0.3257
49199.71924 0.3482
49199.72217 0.3418
49199.72510 0.3359
49200.71777 0.3324
49200.72070 0.3360
49200.72363 0.3181
49203.69336 0.3296
49203.69580 0.3165
49203.69824 0.3223
49205.69580 0.3026
49205.69775 0.2957
49205.70020 0.3015
49207.72852 0.2965
49207.73047 0.2771
49207.73242 0.2813
49209.71045 0.2713
49209.71240 0.2931
49209.71436 0.2995
49211.67773 0.2953
49211.67920 0.3067
49211.68066 0.3026
49214.69775 0.3178
49214.69922 0.3283
49214.70117 0.3330
49215.71143 0.3315
49215.71289 0.3241
49215.71436 0.3218
49216.68848 0.3314
49216.68994 0.3341
49216.69141 0.3337
49218.68750 0.3473
49218.68945 0.3492
49218.69141 0.3351
49219.68701 0.3548
49219.68848 0.3512
49219.68994 0.3381
49222.68945 0.3333
49222.69189 0.3167
49222.69336 0.3382
49223.67773 0.3186
49223.67920 0.3367
49223.68066 0.3173
49224.68848 0.3355
49224.68994 0.3227
49224.69141 0.3236
49236.63965 0.3039
49236.64111 0.3183
49236.64307 0.2981
49237.63330 0.3107
49237.63525 0.3089
49237.63672 0.3107
49238.63428 0.3057
49238.63574 0.3078
49238.63721 0.3117
49240.62646 0.3136
49240.62744 0.3276
49240.62891 0.3005
49242.62646 0.3285
49242.62793 0.3235
49242.62939 0.3260
49245.63428 0.3140
49245.63574 0.3280
49245.63721 0.3089
49246.62402 0.3331
49246.62598 0.3252
49246.62744 0.3235
49249.62646 0.2878
49249.62842 0.2831
49249.63037 0.2862
49444.99512 0.3509
49444.99609 0.3645
49444.99756 0.3550
49447.97070 0.3500
49447.97168 0.3428
49447.97266 0.3492
49453.83984 0.3496
49453.84131 0.3380
49453.84229 0.3474
49461.95605 0.3582
49461.95703 0.3431
49461.95801 0.3422
49462.95459 0.3500
49462.95557 0.3481
49462.95703 0.3350
49463.96240 0.3416
49463.96387 0.3345
49463.96484 0.3358
49464.92188 0.3352
49464.92432 0.3320
49464.92676 0.3427
49471.94141 0.3650
49471.94238 0.3400
49471.94385 0.3442
49473.91650 0.3471
49473.91748 0.3424
49473.91846 0.3446
49474.92725 0.3410
49474.92822 0.3546
49474.92969 0.3447
49475.90283 0.3450
49475.90381 0.3439
49475.90527 0.3635
49476.90137 0.3581
49476.90234 0.3574
49476.90381 0.3590
49477.92969 0.3382
49477.93066 0.3589
49477.93164 0.3476
49484.90674 0.3528
49484.90820 0.3533
49484.90918 0.3575
49485.89746 0.3334
49485.89893 0.3460
49485.89990 0.3504
49486.85596 0.3351
49486.85742 0.3317
49486.85840 0.3232
49493.86670 0.3347
49493.86768 0.3419
49493.86865 0.3320
49494.88037 0.3384
49494.88184 0.3375
49494.88281 0.3259
49495.86084 0.3353
49495.86230 0.3259
49495.86328 0.3371
49496.86035 0.3357
49496.86133 0.3394
49496.86230 0.3348
49497.84131 0.3275
49497.84229 0.3304
49497.84375 0.3248
49498.85254 0.3464
49498.85400 0.3404
49498.85498 0.3338
49499.85059 0.3354
49499.85156 0.3350
49499.85303 0.3402
49501.87207 0.3238
49501.87305 0.3400
49501.87451 0.3287
49503.85840 0.3265
49503.85986 0.3213
49503.86084 0.3205
49505.86523 0.3371
49505.86621 0.3375
49505.86768 0.3203
49506.86572 0.3233
49506.86670 0.3227
49506.86768 0.3187
49507.86377 0.3210
49507.86523 0.3279
49507.86621 0.3186
49510.84424 0.3274
49510.84521 0.3046
49510.84668 0.3240
49511.83398 0.3191
49511.83496 0.3188
49511.83643 0.3270
49512.83691 0.3292
49512.83789 0.3344
49512.83887 0.3264
49514.87061 0.3284
49514.87207 0.3175
49514.87305 0.3213
49515.85693 0.3109
49515.85791 0.3301
49515.85889 0.3123
49516.84668 0.3181
49516.84766 0.3215
49516.84912 0.3187
49519.86035 0.3203
49519.86133 0.3214
49519.86279 0.3219
49520.86133 0.3351
49520.86279 0.3324
49520.86377 0.3306
49521.85938 0.3393
49521.86084 0.3281
49521.86182 0.3300
49523.78076 0.3375
49523.78223 0.3295
49523.78320 0.3316
49524.82959 0.3316
49524.83105 0.3213
49524.83203 0.3289
49525.82373 0.3135
49525.82471 0.3319
49525.82617 0.3321
49527.78223 0.3339
49527.78320 0.3189
49527.78467 0.3288
49528.80762 0.3249
49528.80859 0.3208
49528.81006 0.3207
49529.78418 0.3141
49529.78564 0.3270
49529.78662 0.3216
49531.77051 0.3300
49531.77197 0.3332
49531.77295 0.3415
49533.74854 0.3329
49533.75000 0.3476
49533.75098 0.3421
49535.75781 0.3386
49535.75928 0.3390
49535.76025 0.3432
49536.76221 0.3514
49536.76318 0.3318
49536.76416 0.3415
49538.75635 0.3384
49538.75732 0.3376
49538.75879 0.3433
49540.78125 0.3285
49540.78223 0.3296
49540.78369 0.3331
49541.78857 0.3334
49541.79004 0.3303
49541.79102 0.3241
49542.80664 0.3382
49542.80713 0.3336
49542.80762 0.3298
49547.80664 0.3106
49547.80762 0.3166
49547.80859 0.3076
49548.78125 0.3276
49548.78223 0.3070
49548.78369 0.3251
49549.78369 0.3242
49549.78467 0.3108
49549.78613 0.3172
49552.77002 0.3256
49552.77100 0.3252
49552.77246 0.3211
49553.77588 0.3096
49553.77686 0.3209
49553.77832 0.3250
49556.76318 0.3318
49556.76416 0.3246
49556.76562 0.3248
49557.72559 0.3408
49557.72656 0.3431
49557.72803 0.3185
49558.73340 0.3334
49558.73438 0.3386
49558.73535 0.3386
49559.75098 0.3357
49559.75244 0.3428
49559.75342 0.3403
49560.72314 0.3383
49560.72461 0.3404
49560.72559 0.3385
49561.71924 0.3338
49561.72021 0.3320
49561.72168 0.3431
49562.70068 0.3424
49562.70166 0.3314
49562.70312 0.3262
49565.68457 0.3450
49565.68555 0.3356
49565.68701 0.3295
49566.68408 0.3349
49566.68555 0.3445
49566.68652 0.3369
49567.68115 0.3289
49567.68213 0.3417
49567.68359 0.3349
49568.69092 0.3385
49568.69238 0.3354
49568.69336 0.3289
49569.69287 0.3347
49569.69385 0.3218
49569.69531 0.3282
49570.70752 0.3119
49570.70898 0.3019
49570.70996 0.3136
49572.71436 0.3322
49572.71533 0.3246
49572.71680 0.3368
49573.71631 0.3193
49573.71729 0.3328
49573.71875 0.3252
49575.67334 0.3192
49575.67480 0.3037
49575.67578 0.3120
49576.67676 0.3425
49576.67773 0.3414
49576.67871 0.3431
49578.69043 0.3425
49578.69141 0.3341
49578.69287 0.3422
49579.67139 0.3566
49579.67236 0.3570
49579.67334 0.3523
49580.69434 0.3609
49580.69580 0.3501
49580.69678 0.3592
49582.66260 0.3466
49582.66406 0.3206
49582.66504 0.3398
49583.68164 0.3321
49583.68311 0.3318
49583.68408 0.3322
49585.67383 0.3216
49585.67480 0.3193
49585.67578 0.3224
49586.67383 0.3373
49586.67480 0.3397
49586.67578 0.3330
49588.68115 0.3092
49588.68262 0.3148
49588.68359 0.3109
49589.67578 0.3238
49589.67676 0.3378
49589.67822 0.3262
49594.67334 0.3054
49594.67432 0.2897
49594.67529 0.3168
49597.65723 0.3487
49597.65820 0.3284
49597.65967 0.3232
49854.89697 0.3645
49854.89795 0.3631
49854.89941 0.3790
49855.91357 0.3736
49855.91455 0.3698
49855.91602 0.3706
49857.91260 0.4057
49857.91357 0.4006
49857.91504 0.3957
49873.87207 0.3519
49873.87305 0.3526
49873.87451 0.3509
49882.81201 0.3989
49882.81250 0.3993
49882.81396 0.3975
