2446566.93896 0.2406
2446566.93970 0.2388
2446566.94043 0.2396
2446593.88013 0.2355
2446593.88086 0.2426
2446593.88159 0.2386
2446628.76416 0.2444
2446628.76489 0.2455
2446628.76587 0.2485
2446652.73486 0.2419
2446652.73560 0.2430
2446652.73633 0.2409
2446869.03027 0.2361
2446869.03125 0.2356
2446869.03198 0.2405
2446930.89185 0.2426
2446930.89331 0.2378
2446930.89697 0.2495
2446991.70288 0.2418
2446991.70386 0.2394
2446991.70483 0.2387
2447251.01343 0.2419
2447251.01465 0.2403
2447251.01563 0.2407
2447301.90771 0.2452
2447301.90869 0.2403
2447301.90967 0.2437
2447360.71558 0.2338
2447360.71655 0.2392
2447360.71753 0.2368
2447666.82275 0.2494
2447666.82397 0.2458
2447666.82520 0.2437
2447678.82544 0.2371
2447678.82666 0.2416
2447678.82764 0.2422
2447718.77881 0.2441
2447718.77979 0.2463
2447718.78101 0.2439
