2445520.77300 0.2253
2445520.77300 0.2139
2445520.77400 0.2166
2446580.79272 0.2138
2446580.79370 0.2181
2446580.79443 0.2151
2446650.66089 0.2177
2446650.66162 0.2216
2446650.66260 0.2146
2446866.01196 0.2123
2446866.01294 0.2158
2446866.01392 0.2161
2446928.90039 0.2144
2446928.90137 0.2129
2446928.90210 0.2133
2446989.70264 0.2097
2446989.70361 0.2119
2446989.70459 0.2089
2447208.04565 0.2191
2447208.04663 0.2180
2447208.04785 0.2138
2447240.04053 0.2162
2447240.04150 0.2166
2447240.04272 0.2166
2447280.94092 0.2191
2447280.94189 0.2203
2447280.94312 0.2197
2447302.87915 0.2189
2447302.88013 0.2155
2447302.88135 0.2189
2447335.78271 0.2173
2447335.78345 0.2195
2447335.78442 0.2185
2447362.68457 0.2154
2447362.68555 0.2200
2447362.68652 0.2190
2447388.65967 0.2234
2447388.66089 0.2249
2447388.66211 0.2234
2447609.97925 0.2124
2447609.98047 0.2126
2447609.98169 0.2158
2447664.76733 0.2154
2447664.76855 0.2154
2447664.76978 0.2164
2447722.75659 0.2217
2447722.75781 0.2233
2447722.75879 0.2245
