2439193.80000 0.1567
2439194.80000 0.1589
2439275.80000 0.1698
2439338.80000 0.1682
2439340.80000 0.1607
2439595.80000 0.1666
2439666.80000 0.1553
2439667.80000 0.1503
2439692.80000 0.1538
2439723.80000 0.1573
2439979.80000 0.1596
2440010.80000 0.1606
2440011.80000 0.1541
2440012.80000 0.1557
2440045.80000 0.1540
2440046.80000 0.1579
2440047.80000 0.1572
2440077.80000 0.1548
2440312.80000 0.1576
2440339.80000 0.1508
2440341.80000 0.1502
2440343.80000 0.1577
2440404.80000 0.1506
2440405.80000 0.1589
2440406.80000 0.1566
2440407.80000 0.1606
2440437.80000 0.1584
2440438.80000 0.1551
2440439.80000 0.1531
2440661.80000 0.1587
2440662.80000 0.1631
2440663.80000 0.1632
2440664.80000 0.1630
2440665.80000 0.1581
2440685.80000 0.1571
2440686.80000 0.1564
2440687.80000 0.1594
2440688.80000 0.1519
2440725.80000 0.1558
2440726.80000 0.1589
2440727.80000 0.1534
2440728.80000 0.1575
2440729.80000 0.1555
2440760.80000 0.1648
2440761.80000 0.1589
2440762.80000 0.1584
2440777.80000 0.1597
2440778.80000 0.1579
2440779.80000 0.1633
2440780.80000 0.1619
2441026.80000 0.1572
2441027.80000 0.1531
2441028.80000 0.1532
2441050.80000 0.1576
2441051.80000 0.1547
2441052.80000 0.1577
2441053.80000 0.1542
2441083.80000 0.1573
2441084.80000 0.1625
2441085.80000 0.1566
2441113.80000 0.1561
2441114.80000 0.1479
2441133.80000 0.1507
2441134.80000 0.1571
2441135.80000 0.1504
2441136.80000 0.1543
2441398.80000 0.1579
2441399.80000 0.1580
2441400.80000 0.1563
2441401.80000 0.1549
2441428.80000 0.1512
2441429.80000 0.1510
2441430.80000 0.1498
2441459.80000 0.1549
2441460.80000 0.1541
2441461.80000 0.1596
2441487.80000 0.1491
2441502.80000 0.1458
2441503.80000 0.1503
2441763.80000 0.1544
2441764.80000 0.1551
2441765.80000 0.1504
2441786.80000 0.1488
2441787.80000 0.1578
2441788.80000 0.1530
2441819.80000 0.1548
2441820.80000 0.1562
2441821.80000 0.1521
2441822.80000 0.1551
2441835.80000 0.1497
2441836.80000 0.1548
2441884.80000 0.1557
2441885.80000 0.1482
2441886.80000 0.1493
2442109.80000 0.1536
2442110.80000 0.1588
2442147.80000 0.1581
2442148.80000 0.1537
2442166.80000 0.1612
2442167.80000 0.1562
2442168.80000 0.1558
2442169.80000 0.1511
2442208.80000 0.1532
2442210.80000 0.1613
2442218.80000 0.1575
2442219.80000 0.1566
2442220.80000 0.1531
2442467.80000 0.1498
2442468.80000 0.1584
2442469.80000 0.1551
2442470.80000 0.1560
2442495.80000 0.1524
2442497.80000 0.1502
2442498.80000 0.1558
2442525.80000 0.1496
2442557.80000 0.1475
2442558.80000 0.1512
2442559.80000 0.1515
2442560.80000 0.1532
2442590.80000 0.1497
2442591.80000 0.1535
2442592.80000 0.1506
2442613.80000 0.1512
2442614.80000 0.1591
2442615.80000 0.1507
2442616.80000 0.1508
2442848.80000 0.1601
2442849.80000 0.1606
2442850.80000 0.1613
2442851.80000 0.1559
2442885.80000 0.1518
2442910.80000 0.1485
2442911.80000 0.1507
2442912.80000 0.1520
2442913.80000 0.1511
2442939.80000 0.1449
2442940.80000 0.1509
2442973.80000 0.1471
2442974.80000 0.1456
2442975.80000 0.1475
2443203.80000 0.1591
2443204.80000 0.1553
2443205.80000 0.1523
2443206.80000 0.1524
2443235.80000 0.1494
2443236.80000 0.1574
2443236.80000 0.1480
2443237.80000 0.1527
2443237.80000 0.1496
2443238.80000 0.1447
2443238.80000 0.1506
2443239.80000 0.1452
2443239.80000 0.1503
2443254.80000 0.1527
2443255.80000 0.1472
2443256.80000 0.1466
2443256.80000 0.1479
2443257.80000 0.1524
2443257.80000 0.1452
2443273.80000 0.1566
2443294.80000 0.1522
2443295.80000 0.1590
2443296.80000 0.1541
2443297.80000 0.1511
2443346.80000 0.1511
2443347.80000 0.1511
2443347.80000 0.1519
2443348.80000 0.1491
2443348.80000 0.1530
2443349.80000 0.1509
2443349.80000 0.1519
2443350.80000 0.1448
2443350.80000 0.1506
2443351.80000 0.1501
2443351.80000 0.1510
2443629.80000 0.1541
2443663.80000 0.1550
2443664.80000 0.1528
2443676.80000 0.1563
2443703.80000 0.1588
2443704.80000 0.1520
2443962.80000 0.1549
2443982.80000 0.1457
2443983.80000 0.1678
2443997.80000 0.1447
2443998.80000 0.1702
2444002.80000 0.1780
2444003.80000 0.1547
2444004.80000 0.1534
2444024.80000 0.1505
2444050.80000 0.1524
2444659.01001 0.1540
2444659.01202 0.1535
2444659.01501 0.1519
2444672.02002 0.1597
2444672.02197 0.1605
2444672.02301 0.1600
2444672.99402 0.1545
2444672.99597 0.1561
2444672.99799 0.1575
2444673.95898 0.1568
2444673.96100 0.1538
2444673.96301 0.1573
2444678.96899 0.1587
2444678.96997 0.1601
2444678.97198 0.1576
2444692.97101 0.1547
2444692.97302 0.1571
2444692.97498 0.1559
2444698.93298 0.1569
2444698.93500 0.1562
2444698.93701 0.1569
2444699.92401 0.1612
2444699.92603 0.1590
2444699.92700 0.1620
2444700.94000 0.1590
2444700.94098 0.1555
2444700.94299 0.1567
2444701.93903 0.1598
2444701.94098 0.1573
2444701.95502 0.1580
2444703.93201 0.1586
2444703.93298 0.1610
2444703.93500 0.1621
2444705.94202 0.1598
2444705.94299 0.1608
2444705.94501 0.1588
2444707.92798 0.1585
2444707.92902 0.1568
2444707.93103 0.1587
2444708.91498 0.1564
2444708.91699 0.1574
2444708.91803 0.1559
2444709.87701 0.1550
2444709.87903 0.1535
2444709.88000 0.1548
2444715.91400 0.1547
2444715.91699 0.1497
2444715.91901 0.1542
2444718.91803 0.1567
2444718.91998 0.1505
2444718.92102 0.1567
2444719.90503 0.1570
2444719.90698 0.1518
2444719.90802 0.1527
2444732.84802 0.1558
2444732.84998 0.1566
2444732.85199 0.1536
2444733.79999 0.1534
2444733.80200 0.1524
2444733.80402 0.1529
2444734.80798 0.1516
2444734.81000 0.1529
2444734.81201 0.1532
2444735.79999 0.1520
2444735.80103 0.1522
2444735.80298 0.1535
2444736.81799 0.1511
2444736.82001 0.1490
2444736.82098 0.1499
2444737.83502 0.1489
2444737.83600 0.1507
2444737.83801 0.1529
2444738.80298 0.1515
2444738.80499 0.1527
2444738.80603 0.1490
2444741.88300 0.1559
2444741.88501 0.1527
2444741.88702 0.1577
2444742.78699 0.1495
2444742.78900 0.1497
2444742.79102 0.1509
2444748.79303 0.1498
2444748.79498 0.1565
2444748.79700 0.1515
2444758.79102 0.1554
2444758.79303 0.1554
2444758.79700 0.1575
2444765.72498 0.1530
2444765.72601 0.1510
2444765.72699 0.1530
2444802.74902 0.1528
2444802.75098 0.1552
2444802.75201 0.1523
2444803.77600 0.1530
2444803.77802 0.1576
2444803.78003 0.1576
2444804.72699 0.1539
2444804.72900 0.1521
2444804.73102 0.1541
2444806.73999 0.1495
2444806.74200 0.1566
2444806.74402 0.1528
2444808.74103 0.1523
2444808.74298 0.1541
2444808.74500 0.1547
2444996.06000 0.1539
2444996.06201 0.1561
2444996.06403 0.1546
2445027.01794 0.1467
2445027.01904 0.1532
2445027.02100 0.1610
2445072.92200 0.1643
2445072.92395 0.1616
2445072.92603 0.1584
2445076.90906 0.1553
2445076.91199 0.1529
2445076.91394 0.1534
2445078.92200 0.1489
2445078.92395 0.1518
2445078.92700 0.1508
2445079.88696 0.1533
2445079.88794 0.1521
2445079.89001 0.1591
2445081.92505 0.1492
2445081.92798 0.1537
2445081.93103 0.1540
2445082.84094 0.1485
2445082.84302 0.1477
2445082.84497 0.1456
2445083.85901 0.1474
2445083.86096 0.1467
2445083.86304 0.1474
2445084.90295 0.1489
2445084.90503 0.1527
2445084.90601 0.1513
2445089.82898 0.1521
2445089.83203 0.1528
2445089.83398 0.1549
2445092.80505 0.1508
2445092.80701 0.1498
2445092.81006 0.1522
2445093.81494 0.1514
2445093.81799 0.1519
2445093.81995 0.1519
2445095.81201 0.1541
2445095.81494 0.1483
2445095.81702 0.1526
2445096.77698 0.1540
2445096.77905 0.1574
2445096.78101 0.1547
2445103.79297 0.1481
2445103.79504 0.1503
2445103.79700 0.1493
2445105.81299 0.1459
2445105.81604 0.1488
2445105.81799 0.1500
2445106.82104 0.1516
2445106.82300 0.1422
2445106.82495 0.1454
2445108.78101 0.1490
2445108.78296 0.1486
2445108.78503 0.1529
2445109.79797 0.1499
2445109.80005 0.1503
2445109.80200 0.1513
2445110.80701 0.1556
2445110.80896 0.1571
2445110.81104 0.1520
2445111.87195 0.1541
2445111.87402 0.1548
2445111.87500 0.1586
2445112.80798 0.1534
2445112.81006 0.1582
2445112.81299 0.1548
2445119.83496 0.1547
2445119.83704 0.1538
2445119.83899 0.1534
2445120.78101 0.1522
2445120.78296 0.1522
2445120.78503 0.1508
2445122.79004 0.1555
2445122.79199 0.1531
2445122.79297 0.1511
2445123.75403 0.1503
2445123.75598 0.1513
2445123.75806 0.1506
2445124.75403 0.1505
2445124.75598 0.1486
2445124.75696 0.1484
2445125.78296 0.1548
2445125.78503 0.1517
2445125.78601 0.1520
2445126.78101 0.1515
2445126.78296 0.1488
2445126.78503 0.1481
2445128.77905 0.1599
2445128.78101 0.1590
2445128.78198 0.1549
2445129.78003 0.1534
2445129.78101 0.1573
2445129.78296 0.1575
2445130.73901 0.1563
2445130.73999 0.1570
2445130.74194 0.1534
2445131.74402 0.1666
2445131.74597 0.1546
2445131.74695 0.1546
2445132.75098 0.1578
2445132.75195 0.1563
2445132.75403 0.1542
2445135.78796 0.1494
2445135.79004 0.1503
2445135.79102 0.1489
2445137.76404 0.1537
2445137.76599 0.1558
2445137.76794 0.1534
2445139.82996 0.1485
2445139.83301 0.1499
2445139.83398 0.1519
2445140.78406 0.1549
2445140.78601 0.1594
2445140.78699 0.1582
2445153.72998 0.1518
2445153.73206 0.1520
2445153.73303 0.1477
2445154.70105 0.1481
2445154.70300 0.1517
2445154.70398 0.1471
2445157.72095 0.1478
2445157.72205 0.1449
2445157.72400 0.1478
2445159.71301 0.1561
2445159.71399 0.1513
2445159.71497 0.1535
2445160.72998 0.1589
2445160.73096 0.1567
2445160.73206 0.1569
2445161.71704 0.1577
2445161.71802 0.1502
2445161.71899 0.1526
2445162.70398 0.1539
2445162.70496 0.1492
2445162.70605 0.1543
2445163.71106 0.6571
2445163.71106 0.6474
2445163.71204 0.6314
2445165.68701 0.1546
2445165.68799 0.1539
2445165.68896 0.1510
2445167.69202 0.1572
2445167.69495 0.1543
2445167.69800 0.1553
2445169.68005 0.1487
2445169.68103 0.1522
2445169.68201 0.1515
2445169.68396 0.1451
2445169.68506 0.1451
2445169.68506 0.1429
2445170.68396 0.1588
2445170.68604 0.1597
2445170.68701 0.1552
2445172.68896 0.1551
2445172.68994 0.1558
2445172.69202 0.1565
2445173.68799 0.1522
2445173.68994 0.1525
2445173.69104 0.1525
2445174.68701 0.1520
2445174.68896 0.1506
2445174.69104 0.1571
2445176.69104 0.1543
2445176.69202 0.1548
2445176.69299 0.1563
2445184.67896 0.1549
2445184.68103 0.1523
2445184.68201 0.1513
2445185.65906 0.1529
2445185.66003 0.1621
2445185.66101 0.1544
2445187.66602 0.1509
2445187.66699 0.1543
2445187.66797 0.1530
2445188.69397 0.1541
2445188.70300 0.1551
2445193.68005 0.1545
2445193.68201 0.1550
2445193.68298 0.1562
2445194.66895 0.1546
2445194.67102 0.1519
2445194.67297 0.1519
2445196.67505 0.1514
2445196.67603 0.1586
2445196.67700 0.1536
2445197.66101 0.1464
2445197.66199 0.1512
2445197.66296 0.1519
2445198.65906 0.1580
2445198.66003 0.1528
2445198.66101 0.1585
2445346.05298 0.1584
2445346.05798 0.1545
2445346.06299 0.1554
2445347.06494 0.1504
2445347.06604 0.1520
2445347.06702 0.1495
2445350.06897 0.1534
2445350.06995 0.1535
2445350.07104 0.1549
2445365.97498 0.1549
2445365.97595 0.1528
2445365.97595 0.1529
2445367.06897 0.1557
2445367.06995 0.1521
2445367.07104 0.1519
2445380.06299 0.1510
2445380.06396 0.1476
2445380.06494 0.1468
2445381.03796 0.1524
2445381.03894 0.1562
2445381.04004 0.1545
2445382.02600 0.1525
2445382.02698 0.1491
2445382.02795 0.1461
2445383.02405 0.1495
2445383.02502 0.1501
2445383.02600 0.1495
2445384.97803 0.1481
2445384.97998 0.1510
2445384.98096 0.1537
2445386.03296 0.1554
2445386.03406 0.1558
2445386.03503 0.1537
2445386.97705 0.1534
2445386.97803 0.1507
2445386.97998 0.1558
2445398.98804 0.1507
2445398.98901 0.1498
2445398.98999 0.1519
2445401.97803 0.1522
2445401.97900 0.1536
2445401.98096 0.1499
2445402.94495 0.1454
2445402.94604 0.1500
2445402.94702 0.1549
2445406.99304 0.1489
2445406.99402 0.1500
2445406.99402 0.1493
2445409.98401 0.1574
2445409.98499 0.1573
2445409.98596 0.1572
2445419.92700 0.1539
2445419.92798 0.1510
2445419.92896 0.1534
2445422.98206 0.1523
2445422.98206 0.1529
2445422.98303 0.1550
2445423.95801 0.1583
2445423.95898 0.1579
2445423.96106 0.1593
2445424.94202 0.1568
2445424.94202 0.1630
2445424.94397 0.1517
2445425.97595 0.1624
2445425.97803 0.1506
2445425.97900 0.1520
2445429.93994 0.1503
2445429.94104 0.1539
2445429.94202 0.1485
2445430.98901 0.1534
2445430.98999 0.1498
2445430.98999 0.1493
2445431.93896 0.1507
2445431.93896 0.1449
2445431.94202 0.1503
2445432.95898 0.1516
2445432.95996 0.1519
2445432.96106 0.1500
2445433.95300 0.1580
2445433.95398 0.1510
2445433.95496 0.1547
2445437.96899 0.1553
2445437.96997 0.1524
2445437.97095 0.1495
2445438.91797 0.1480
2445438.91797 0.1534
2445438.92004 0.1560
2445439.91504 0.1511
2445439.91602 0.1496
2445439.91699 0.1501
2445440.90295 0.1565
2445440.90405 0.1572
2445440.90601 0.1580
2445447.81897 0.1550
2445447.81995 0.1531
2445447.81995 0.1526
2445457.79102 0.1457
2445457.79199 0.1480
2445457.79297 0.1476
2445476.76794 0.1521
2445476.76904 0.1531
2445476.77002 0.1513
2445477.77405 0.1523
2445477.77502 0.1478
2445477.77600 0.1469
2445478.74805 0.1476
2445478.74902 0.1462
2445478.75000 0.1494
2445479.77002 0.1548
2445479.77100 0.1537
2445479.77197 0.1508
2445480.75195 0.1524
2445480.75305 0.1469
2445480.75403 0.1506
2445481.85706 0.1468
2445481.85803 0.1474
2445481.85901 0.1507
2445482.75696 0.1497
2445482.75806 0.1487
2445482.75903 0.1468
2445484.78503 0.1529
2445484.78601 0.1498
2445484.78601 0.1527
2445485.78601 0.1508
2445485.78601 0.1510
2445485.78699 0.1555
2445488.81702 0.1488
2445488.81799 0.1514
2445488.81799 0.1529
2445489.81000 0.1498
2445489.81100 0.1519
2445489.81100 0.1486
2445490.79100 0.1480
2445490.79200 0.1518
2445490.79300 0.1489
2445491.80400 0.1532
2445491.80500 0.1531
2445491.80600 0.1520
2445492.81200 0.1490
2445492.81200 0.1460
2445492.81300 0.1474
2445493.79400 0.1558
2445493.79500 0.1528
2445493.79600 0.1508
2445494.79500 0.1544
2445494.79600 0.1542
2445494.79700 0.1457
2445496.75300 0.1547
2445496.75400 0.1565
2445496.75500 0.1547
2445498.72000 0.1625
2445498.72000 0.1587
2445498.72100 0.1553
2445499.74000 0.1516
2445499.74100 0.1542
2445499.74200 0.1528
2445501.76600 0.1530
2445501.76600 0.1488
2445501.76700 0.1506
2445502.77500 0.1483
2445502.77600 0.1474
2445502.77700 0.1503
2445503.75200 0.1622
2445503.75300 0.1519
2445503.75400 0.1536
2445504.75500 0.1540
2445504.75600 0.1514
2445504.75700 0.1523
2445506.74300 0.1565
2445506.74400 0.1602
2445506.74500 0.1590
2445508.74600 0.1572
2445508.74700 0.1496
2445508.74800 0.1510
2445510.71700 0.1588
2445510.71700 0.1550
2445510.71800 0.1544
2445511.73200 0.1498
2445511.73300 0.1492
2445511.73300 0.1481
2445514.69800 0.1480
2445514.69900 0.1521
2445514.70000 0.1459
2445517.73900 0.1458
2445517.74000 0.1495
2445517.74000 0.1445
2445518.72600 0.1508
2445518.72700 0.1510
2445518.72800 0.1467
2445519.74100 0.1499
2445519.74200 0.1538
2445519.74200 0.1457
2445520.77900 0.1518
2445520.78000 0.1557
2445520.78100 0.1459
2445521.73900 0.1484
2445521.74000 0.1518
2445521.74000 0.1494
2445523.72400 0.1515
2445523.72500 0.1500
2445523.72600 0.1483
2445525.71500 0.1490
2445525.71600 0.1501
2445525.71600 0.1512
2445526.69700 0.1550
2445526.69800 0.1537
2445526.69800 0.1538
2445527.72300 0.1461
2445527.72400 0.1485
2445527.72400 0.1480
2445528.68500 0.1517
2445528.68600 0.1614
2445528.68700 0.1521
2445529.69900 0.1517
2445529.70000 0.1496
2445529.70100 0.1493
2445531.68500 0.1522
2445531.68500 0.1541
2445531.68600 0.1477
2445532.69700 0.1519
2445532.69700 0.1513
2445532.69800 0.1538
2445533.68900 0.1607
2445533.68900 0.1539
2445533.69000 0.1578
2445534.66500 0.1489
2445534.66600 0.1507
2445534.66600 0.1480
2445536.67700 0.1521
2445536.67700 0.1557
2445536.67800 0.1502
2445537.67500 0.1498
2445537.67600 0.1479
2445537.67600 0.1528
2445538.67400 0.1439
2445538.67500 0.1478
2445538.67500 0.1499
2445539.69200 0.1485
2445539.69300 0.1472
2445539.69400 0.1528
2445540.69400 0.1516
2445540.69400 0.1511
2445540.69500 0.1540
2445541.67900 0.1493
2445541.68000 0.1514
2445541.68000 0.1531
2445542.66300 0.1515
2445542.66400 0.1507
2445542.66500 0.1469
2445543.69600 0.1539
2445543.69700 0.1488
2445543.69700 0.1495
2445545.67300 0.1506
2445545.67400 0.1456
2445545.67400 0.1524
2445546.67400 0.1547
2445546.67500 0.1535
2445546.67500 0.1558
2445549.67300 0.1530
2445549.67400 0.1546
2445549.67500 0.1501
2445550.68300 0.1551
2445550.68400 0.1537
2445550.68500 0.1491
2445551.74500 0.1559
2445551.74500 0.1529
2445551.74600 0.1548
2445553.69500 0.1596
2445553.69600 0.1518
2445553.69700 0.1568
2445557.69900 0.1547
2445557.70000 0.1504
2445557.70000 0.1507
2445728.05600 0.1498
2445728.05700 0.1457
2445728.05800 0.1498
2445740.06400 0.1452
2445740.06600 0.1444
2445740.06900 0.1478
2445754.98200 0.1434
2445754.98300 0.1492
2445754.98400 0.1453
2445757.06300 0.1468
2445757.06400 0.1539
2445757.06400 0.1444
2445766.03000 0.1549
2445766.03100 0.1496
2445766.03100 0.1478
2445782.94000 0.1479
2445782.94100 0.1538
2445782.94200 0.1527
2445789.97600 0.1541
2445789.97800 0.1568
2445789.98000 0.1595
2445798.00000 0.1519
2445798.00100 0.1541
2445798.00100 0.1519
2445804.91600 0.1471
2445804.91700 0.1489
2445804.91800 0.1502
2445812.89900 0.1490
2445812.90000 0.1511
2445812.90100 0.1523
2445827.80800 0.1466
2445827.80900 0.1463
2445827.80900 0.1466
2445837.80237 0.1465
2445837.80286 0.1506
2445837.80347 0.1468
2445843.79883 0.1541
2445843.79980 0.1532
2445843.80078 0.1549
2445849.82141 0.1455
2445849.82263 0.1557
2445849.82397 0.1533
2445860.74146 0.1525
2445860.74231 0.1515
2445860.74304 0.1548
2445866.76892 0.1569
2445866.76965 0.1586
2445866.77014 0.1537
2445873.73242 0.1614
2445873.73315 0.1556
2445873.73389 0.1565
2445879.72791 0.1595
2445879.72864 0.1531
2445879.72937 0.1531
2445884.76208 0.1544
2445884.76270 0.1544
2445884.76343 0.1579
2445887.71387 0.1498
2445887.71436 0.1469
2445887.71497 0.1476
2445890.76770 0.1527
2445890.76855 0.1473
2445890.76941 0.1539
2445892.75366 0.1541
2445892.75439 0.1545
2445892.75513 0.1517
2445913.74890 0.1548
2445913.74963 0.1558
2445913.75049 0.1504
2445916.74329 0.1579
2445916.74390 0.1561
2445916.74451 0.1553
2445918.71545 0.1571
2445918.71643 0.1521
2445918.71741 0.1566
2445922.70032 0.2179
2445922.70093 0.2177
2445922.70166 0.2143
2445929.68713 0.1441
2445929.68774 0.1543
2445929.68848 0.1468
2445933.66724 0.1481
2445933.66809 0.1513
2445933.66882 0.1505
2445935.67688 0.1599
2445935.67786 0.1608
2445935.67883 0.1535
2445938.69080 0.1430
2445938.69226 0.1487
2445938.69287 0.1546
2445943.67175 0.1613
2445943.67249 0.1582
2445943.67358 0.1563
2445947.63416 0.2025
2445947.63477 0.2044
2445947.63538 0.2124
2445949.64758 0.1536
2445949.64856 0.1566
2445949.64941 0.1527
2445951.66284 0.1588
2445951.66370 0.1571
2445951.66467 0.1552
2445957.62598 0.1566
2445957.62732 0.1511
2445957.62878 0.1569
2445959.63196 0.1514
2445959.63306 0.1539
2445959.63416 0.1514
2445962.63147 0.1524
2445962.63306 0.1507
2445962.63477 0.1503
2446120.06104 0.1547
2446120.06201 0.1494
2446120.06323 0.1543
2446149.00244 0.1482
2446149.00293 0.1477
2446149.00366 0.1450
2446158.86719 0.1478
2446158.86816 0.1536
2446158.86865 0.1529
2446160.94751 0.1528
2446160.94824 0.1531
2446160.94922 0.1485
2446163.88989 0.1603
2446163.89038 0.1576
2446163.89111 0.1522
2446165.90161 0.1597
2446165.90259 0.1645
2446165.90308 0.1633
2446168.00146 0.1556
2446168.00220 0.1557
2446168.00269 0.1581
2446170.93237 0.1495
2446170.93311 0.1549
2446170.93408 0.1545
2446187.92358 0.1492
2446187.92432 0.1569
2446187.92505 0.1464
2446189.95093 0.1485
2446189.95190 0.1523
2446189.95288 0.1551
2446191.87183 0.1485
2446191.87305 0.1505
2446191.87451 0.1504
2446199.94385 0.1474
2446199.94507 0.1512
2446199.94604 0.1486
2446202.85156 0.1497
2446202.85303 0.1496
2446202.85449 0.1518
2446204.84814 0.1553
2446204.85010 0.1525
2446204.85181 0.1565
2446210.90015 0.1492
2446210.90088 0.1552
2446210.90210 0.1546
2446221.83521 0.1540
2446221.83594 0.1473
2446221.83667 0.1536
2446223.78442 0.1449
2446223.78564 0.1455
2446223.78687 0.1475
2446225.77539 0.1542
2446225.77686 0.1504
2446225.77808 0.1540
2446231.77637 0.1516
2446231.77759 0.1542
2446231.77856 0.1548
2446233.83374 0.1551
2446233.83472 0.1507
2446233.83569 0.1541
2446235.79199 0.1485
2446235.79346 0.1516
2446235.79541 0.1488
2446237.79980 0.1519
2446237.80054 0.1526
2446237.80127 0.1519
2446239.73853 0.1489
2446239.73950 0.1528
2446239.74072 0.1537
2446241.75122 0.1545
2446241.75171 0.1517
2446241.75244 0.1527
2446243.74438 0.1596
2446243.74487 0.1561
2446243.74561 0.1546
2446245.73364 0.1572
2446245.73438 0.1563
2446245.73511 0.1577
2446249.81152 0.1585
2446249.81250 0.1579
2446249.81348 0.1589
2446267.70508 0.1592
2446267.70630 0.1548
2446267.70752 0.1567
2446269.69604 0.1538
2446269.69702 0.1513
2446269.69800 0.1521
2446271.70801 0.1627
2446271.70898 0.1545
2446271.70972 0.1502
2446274.68262 0.1625
2446274.68359 0.1678
2446274.68481 0.1697
2446276.69727 0.1519
2446276.69800 0.1572
2446276.69873 0.1595
2446278.67529 0.1589
2446278.67676 0.1634
2446278.67798 0.1593
2446281.70361 0.1564
2446281.70435 0.1585
2446281.70532 0.1557
2446283.68433 0.1561
2446283.68506 0.1519
2446283.68604 0.1606
2446285.68140 0.1571
2446285.68237 0.1653
2446285.68359 0.1685
2446287.68701 0.1552
2446287.68774 0.1518
2446287.68848 0.1589
2446289.69897 0.1558
2446289.69971 0.1516
2446289.70068 0.1522
2446291.68115 0.1504
2446291.68188 0.1518
2446291.68262 0.1567
2446293.68213 0.1508
2446293.68311 0.1475
2446293.68384 0.1502
2446295.65918 0.1469
2446295.65991 0.1498
2446295.66089 0.1499
2446298.66162 0.1558
2446298.66235 0.1541
2446298.66333 0.1579
2446300.65210 0.1509
2446300.65308 0.1548
2446300.65381 0.1560
2446303.65161 0.1542
2446303.65234 0.1495
2446303.65308 0.1497
2446492.01929 0.1570
2446492.02026 0.1617
2446492.02100 0.1558
2446494.98315 0.1485
2446494.98438 0.1492
2446494.98560 0.1519
2446510.00391 0.1517
2446510.00464 0.1517
2446510.00562 0.1510
2446511.98730 0.1462
2446511.98804 0.1513
2446511.98877 0.1567
2446514.97363 0.1525
2446514.97461 0.1527
2446514.97534 0.1518
2446529.95288 0.1545
2446529.95361 0.1533
2446529.95435 0.1504
2446531.99829 0.1493
2446531.99902 0.1526
2446531.99976 0.1526
2446538.99512 0.1533
2446538.99609 0.1496
2446538.99683 0.1509
2446540.93994 0.1500
2446540.94067 0.1479
2446540.94165 0.1477
2446542.96436 0.1467
2446542.96509 0.1433
2446542.96582 0.1414
2446544.90527 0.1520
2446544.90601 0.1537
2446544.90747 0.1600
2446547.97559 0.1561
2446547.97632 0.1510
2446547.97705 0.1502
2446549.90698 0.1556
2446549.90796 0.1570
2446549.90894 0.1523
2446551.90674 0.1549
2446551.90796 0.1525
2446551.90869 0.1524
2446557.92749 0.1576
2446557.92993 0.1559
2446557.93213 0.1624
2446560.80444 0.1539
2446560.80542 0.1514
2446560.80615 0.1488
2446562.90454 0.1531
2446562.90552 0.1514
2446562.90625 0.1505
2446567.87451 0.1539
2446567.87549 0.1553
2446567.87622 0.1471
2446569.89575 0.1500
2446569.89648 0.1418
2446569.89746 0.1465
2446571.87671 0.1503
2446571.87744 0.1483
2446571.87817 0.1500
2446574.88672 0.1554
2446574.88745 0.1482
2446574.88843 0.1503
2446576.81787 0.1518
2446576.81885 0.1479
2446576.81982 0.1519
2446579.78638 0.1612
2446579.78735 0.1545
2446579.78809 0.1553
2446584.79956 0.1571
2446584.80054 0.1604
2446584.80151 0.1575
2446587.78955 0.1598
2446587.79053 0.1522
2446587.79126 0.1544
2446592.76514 0.1508
2446592.76611 0.1547
2446592.76685 0.1522
2446595.79639 0.1488
2446595.79712 0.1467
2446595.79785 0.1509
2446597.78613 0.1521
2446597.78687 0.1520
2446597.78784 0.1469
2446599.78296 0.1528
2446599.78394 0.1530
2446599.78467 0.1558
2446602.76563 0.1575
2446602.76660 0.1550
2446602.76758 0.1561
2446604.77295 0.1566
2446604.77368 0.1527
2446604.77441 0.1581
2446609.75269 0.1578
2446609.75342 0.1568
2446609.75415 0.1568
2446617.76294 0.1553
2446617.77002 0.1507
2446617.77271 0.1497
2446619.74072 0.1547
2446619.74170 0.1529
2446619.74243 0.1502
2446623.76367 0.1518
2446623.76465 0.1435
2446623.76538 0.1485
2446625.73950 0.1467
2446625.74634 0.1363
2446629.71484 0.1542
2446629.71558 0.1527
2446629.71655 0.1513
2446631.70630 0.1492
2446631.70703 0.1514
2446631.70776 0.1542
2446650.69873 0.1515
2446650.69946 0.1565
2446650.70068 0.1535
2446655.65625 0.1556
2446655.65698 0.1560
2446655.65771 0.1523
2446659.66577 0.1526
2446659.66650 0.1518
2446659.66724 0.1498
2446663.65161 0.1549
2446663.65210 0.1576
2446663.65283 0.1549
2446867.05347 0.1524
2446867.05469 0.1548
2446867.05566 0.1541
2446875.02344 0.1524
2446875.02490 0.1562
2446875.02612 0.1536
2446893.00293 0.1533
2446893.00391 0.1583
2446893.00464 0.1553
2446894.99316 0.1521
2446894.99414 0.1456
2446894.99487 0.1513
2446899.99097 0.1610
2446899.99390 0.1530
2446899.99634 0.1538
2446901.98096 0.1587
2446901.98315 0.1564
2446901.98511 0.1558
2446904.96411 0.1600
2446904.96802 0.1586
2446904.97192 0.1528
2446907.98267 0.1576
2446907.98340 0.1556
2446907.98438 0.1659
2446918.90454 0.1517
2446918.90552 0.1473
2446918.90649 0.1503
2446921.90527 0.1572
2446921.90625 0.1565
2446921.90723 0.1564
2446928.91577 0.1567
2446928.91675 0.1570
2446928.91772 0.1542
2446932.87695 0.1612
2446932.87793 0.1635
2446932.87915 0.1596
2446937.87622 0.1545
2446937.87769 0.1539
2446937.87915 0.1538
2446949.79517 0.1557
2446949.79639 0.1584
2446949.79736 0.1553
2446951.79907 0.1582
2446951.80005 0.1538
2446951.80103 0.1546
2446955.78149 0.1607
2446955.78271 0.1544
2446955.78394 0.1618
2446958.79761 0.1611
2446958.79858 0.1595
2446958.79980 0.1495
2446960.76733 0.1616
2446960.76855 0.1601
2446960.76978 0.1621
2446962.77490 0.1592
2446962.77612 0.1607
2446962.77710 0.1555
2446965.79126 0.1570
2446965.79224 0.1533
2446965.79321 0.1556
2446970.78418 0.1518
2446970.78540 0.1567
2446970.78638 0.1509
2446987.72681 0.1646
2446987.72803 0.1588
2446987.72949 0.1632
2446992.74365 0.1584
2446992.74487 0.1599
2446992.74609 0.1538
2447000.76074 0.1638
2447000.76172 0.1601
2447000.76270 0.1569
2447002.74902 0.1644
2447002.75000 0.1613
2447002.75098 0.1665
2447029.69482 0.1627
2447029.69556 0.1621
2447029.69629 0.1577
2447035.68115 0.1558
2447035.68213 0.1530
2447035.68286 0.1518
2447036.68726 0.1549
2447036.68799 0.1597
2447036.68872 0.1581
2447225.05078 0.1608
2447225.05200 0.1563
2447225.05347 0.1572
2447252.98755 0.1575
2447252.98853 0.1593
2447252.98975 0.1549
2447254.95142 0.1628
2447254.95239 0.1658
2447254.95313 0.1576
2447254.95532 0.1605
2447254.95654 0.1565
2447254.95825 0.1533
2447257.01050 0.1614
2447257.01196 0.1592
2447257.01318 0.1568
2447275.93579 0.1571
2447275.93701 0.1579
2447275.93799 0.1540
2447280.94995 0.1611
2447280.95166 0.1615
2447280.95313 0.1628
2447283.92529 0.1626
2447283.92651 0.1589
2447283.92749 0.1694
2447285.89355 0.1630
2447285.89453 0.1638
2447285.89551 0.1673
2447290.89844 0.1555
2447290.89990 0.1529
2447290.90137 0.1556
2447295.83936 0.1603
2447295.84058 0.1602
2447295.84180 0.1587
2447298.91138 0.1573
2447298.91284 0.1538
2447298.91406 0.1565
2447301.89160 0.1610
2447301.89258 0.1594
2447301.89355 0.1620
2447307.90527 0.1578
2447307.90625 0.1567
2447307.90723 0.1639
2447309.88623 0.1640
2447309.88794 0.1662
2447309.88989 0.1649
2447312.86670 0.1601
2447312.86841 0.1619
2447312.86987 0.1669
2447314.80542 0.1610
2447314.80664 0.1578
2447314.80762 0.1584
2447322.91187 0.1569
2447322.91284 0.1586
2447322.91357 0.1553
2447326.80713 0.1565
2447326.80835 0.1617
2447326.80981 0.1609
2447331.80835 0.1604
2447331.80957 0.1611
2447331.81079 0.1566
2447337.78271 0.1659
2447337.78418 0.1634
2447337.78564 0.1656
2447339.79907 0.1610
2447339.80029 0.1595
2447339.80200 0.1577
2447341.78027 0.1619
2447341.78149 0.1540
2447341.78271 0.1649
2447344.77295 0.1537
2447344.77417 0.1570
2447344.77515 0.1626
2447347.83105 0.1584
2447347.83203 0.1560
2447347.83301 0.1620
2447349.80298 0.1572
2447349.80396 0.1622
2447349.80469 0.1621
2447351.82886 0.1593
2447351.83008 0.1528
2447351.83105 0.1594
2447356.71826 0.1657
2447356.71948 0.1672
2447356.72046 0.1613
2447359.69531 0.1662
2447359.69629 0.1605
2447359.69727 0.1571
2447365.69214 0.1677
2447365.69336 0.1687
2447365.69434 0.1664
2447367.69287 0.1669
2447367.69409 0.1648
2447367.69507 0.1618
2447370.71045 0.1600
2447370.71143 0.1612
2447370.71265 0.1563
2447373.72070 0.1623
2447373.72217 0.1601
2447373.72339 0.1601
2447377.71973 0.1609
2447377.72070 0.1550
2447377.72168 0.1584
2447379.71973 0.1597
2447379.72070 0.1602
2447379.72168 0.1559
2447382.72583 0.1624
2447382.72705 0.1564
2447382.72827 0.1498
2447382.72974 0.1582
2447384.71997 0.1625
2447384.72095 0.1640
2447384.72217 0.1564
2447388.66748 0.1693
2447388.66870 0.1698
2447388.66968 0.1686
2447580.03613 0.1610
2447580.03735 0.1560
2447580.03857 0.1601
2447597.02637 0.1520
2447597.02783 0.1535
2447597.02905 0.1517
2447599.97778 0.1505
2447599.97900 0.1567
2447599.98022 0.1541
2447601.97217 0.1578
2447601.97314 0.1536
2447601.97461 0.1527
2447608.99731 0.1546
2447608.99927 0.1555
2447609.00122 0.1556
2447615.98901 0.1534
2447615.99048 0.1599
2447615.99194 0.1546
2447621.01294 0.1512
2447621.01465 0.1544
2447621.01636 0.1523
2447622.99268 0.1503
2447622.99390 0.1519
2447622.99512 0.1541
2447624.97632 0.1541
2447624.97778 0.1518
2447624.97925 0.1518
2447626.98877 0.1579
2447626.99023 0.1613
2447626.99170 0.1596
2447629.98315 0.1614
2447629.98389 0.1595
2447629.98511 0.1593
2447644.89209 0.1531
2447644.89331 0.1509
2447644.89453 0.1499
2447648.85840 0.1538
2447648.85962 0.1508
2447648.86035 0.1499
2447664.87817 0.1608
2447664.87939 0.1657
2447664.88062 0.1584
2447667.82202 0.1463
2447667.82275 0.1558
2447667.82324 0.1517
2447669.77979 0.1635
2447669.78125 0.1592
2447669.78247 0.1625
2447675.80054 0.1532
2447675.80176 0.1531
2447675.80298 0.1558
2447686.76831 0.1577
2447686.76978 0.1594
2447686.77124 0.1581
2447689.77563 0.1569
2447689.77686 0.1567
2447689.77808 0.1555
2447690.78735 0.1519
2447690.78882 0.1519
2447690.79004 0.1537
2447715.73657 0.1526
2447715.73779 0.1557
2447715.73901 0.1540
2447720.69141 0.1622
2447720.69238 0.1622
2447720.69336 0.1607
2447726.69897 0.1642
2447726.69971 0.1623
2447726.70068 0.1636
2447733.70337 0.1540
2447733.70435 0.1535
2447733.70557 0.1568
2447736.73022 0.1519
2447736.73120 0.1523
2447736.73242 0.1533
2447741.66650 0.1580
2447741.66748 0.1596
2447741.66821 0.1588
2447974.99854 0.1579
2447974.99951 0.1531
2447975.00073 0.1533
2447977.01343 0.1566
2447977.01465 0.1555
2447977.01587 0.1570
2447982.00586 0.1609
2447982.00684 0.1615
2447982.00781 0.1597
2448070.72412 0.1583
2448070.72534 0.1588
2448070.72632 0.1574
2448080.79102 0.1611
2448080.79224 0.1623
2448080.79370 0.1628
2448086.71851 0.1565
2448086.71973 0.1590
2448086.72144 0.1612
2448092.69775 0.1624
2448092.69873 0.1617
2448092.69995 0.1575
2448099.67822 0.1642
2448099.67920 0.1604
2448099.68018 0.1593
2448102.67725 0.1615
2448102.67871 0.1641
2448102.67969 0.1618
2448104.68359 0.1617
2448104.68457 0.1599
2448104.68604 0.1547
2448105.67969 0.1618
2448105.68115 0.1652
2448105.68262 0.1648
2448106.66797 0.1602
2448106.66895 0.1597
2448106.67041 0.1602
2448107.66895 0.1568
2448107.66992 0.1571
2448107.67139 0.1591
2448360.96045 0.1653
2448360.96191 0.1639
2448360.96338 0.1610
2448392.87988 0.1629
2448392.88135 0.1643
2448392.88281 0.1644
2448395.82080 0.1573
2448395.82178 0.1562
2448395.82275 0.1488
2448398.88135 0.1631
2448398.88281 0.1611
2448398.88428 0.1626
2448400.87744 0.1653
2448400.87891 0.1611
2448400.88037 0.1618
2448404.87988 0.1655
2448404.88135 0.1631
2448404.88330 0.1643
2448427.74805 0.1634
2448427.74951 0.1632
2448427.75098 0.1607
2448432.75830 0.1579
2448432.75977 0.1610
2448432.76123 0.1618
2448449.72607 0.1671
2448449.72803 0.1684
2448449.72900 0.1652
2448453.70752 0.1629
2448453.70850 0.1677
2448453.70996 0.1627
2448459.71338 0.1625
2448459.71533 0.1650
2448459.71729 0.1631
2448467.68213 0.1626
2448467.68359 0.1593
2448467.68555 0.1616
2448677.95752 0.1702
2448677.95898 0.1682
2448677.96094 0.1680
2448681.03711 0.1634
2448681.03809 0.1638
2448681.03955 0.1635
2448692.96875 0.1501
2448692.97021 0.1528
2448692.97217 0.1577
2448694.95020 0.1559
2448694.95166 0.1565
2448694.95313 0.1584
2448696.96094 0.1564
2448719.95361 0.1562
2448719.95508 0.1591
2448719.95654 0.1538
2448721.92725 0.1565
2448721.92871 0.1603
2448721.93066 0.1612
2448722.92090 0.1645
2448722.92285 0.1650
2448722.92480 0.1653
2448729.91211 0.1634
2448729.91357 0.1658
2448729.91602 0.1649
2448731.89355 0.1630
2448731.89502 0.1601
2448731.89648 0.1649
2448739.93066 0.1616
2448739.93213 0.1606
2448739.93359 0.1647
2448744.91553 0.1639
2448744.91650 0.1616
2448744.91797 0.1627
2448752.76758 0.1697
2448752.76904 0.1684
2448752.77051 0.1665
2448755.89648 0.1617
2448755.89746 0.1595
2448755.89893 0.1606
2448757.85938 0.1577
2448757.86084 0.1588
2448757.86182 0.1592
2448759.85059 0.1658
2448759.85205 0.1656
2448759.85352 0.1617
2448761.84131 0.1593
2448761.84229 0.1581
2448761.84326 0.1621
2448771.86377 0.1600
2448771.86523 0.1629
2448771.86621 0.1583
2448774.85693 0.1670
2448774.85840 0.1648
2448774.85986 0.1673
2448781.83301 0.1537
2448781.83447 0.1595
2448781.83594 0.1562
2448783.84912 0.1608
2448783.85059 0.1585
2448783.85205 0.1576
2448786.80762 0.1606
2448786.80908 0.1622
2448786.81006 0.1606
2448788.83789 0.1560
2448788.83936 0.1576
2448788.84082 0.1578
2448790.82910 0.1610
2448790.83057 0.1603
2448790.83203 0.1606
2448793.78857 0.1649
2448793.79053 0.1641
2448793.79199 0.1615
2448798.82910 0.1558
2448798.83105 0.1622
2448798.83252 0.1621
2448803.75342 0.1583
2448803.75488 0.1594
2448803.75635 0.1591
2448808.73779 0.1575
2448808.73926 0.1616
2448808.74072 0.1605
2448813.77979 0.1609
2448813.78125 0.1559
2448813.78271 0.1622
2448818.73779 0.1577
2448818.73926 0.1574
2448818.74023 0.1606
2448820.75342 0.1612
2448820.75488 0.1632
2448820.75586 0.1618
2448831.71094 0.1517
2448831.71240 0.1551
2448831.71387 0.1520
2448842.71582 0.1580
2448842.71729 0.1606
2448842.71875 0.1627
2448844.66504 0.1614
2448844.66650 0.1632
2448844.66797 0.1617
2448846.69238 0.1603
2448846.69385 0.1587
2448846.69482 0.1620
2448850.71484 0.1583
2448850.71631 0.1589
2448850.71777 0.1552
2448852.69678 0.1560
2448852.69824 0.1576
2448852.69971 0.1549
2448854.69336 0.1550
2448854.69482 0.1570
2448854.69629 0.1538
2448860.65283 0.1582
2448860.65430 0.1609
2448860.65576 0.1632
2449058.94873 0.1536
2449058.95020 0.1572
2449058.95215 0.1549
2449098.96191 0.1605
2449098.96289 0.1589
2449098.96387 0.1635
2449100.88086 0.1567
2449100.88330 0.1539
2449100.88623 0.1580
2449106.93213 0.1678
2449106.93408 0.1718
2449106.93604 0.1694
2449116.87500 0.1560
2449116.87598 0.1574
2449116.87744 0.1567
2449118.91211 0.1640
2449118.91406 0.1654
2449118.91602 0.1653
2449126.91309 0.1571
2449126.91455 0.1562
2449126.91602 0.1568
2449131.85986 0.1678
2449131.86133 0.1674
2449131.86328 0.1664
2449147.85791 0.1610
2449147.85938 0.1612
2449147.86035 0.1615
2449149.81250 0.1582
2449149.81396 0.1580
2449149.81543 0.1568
2449152.82617 0.1546
2449152.82764 0.1645
2449152.82910 0.1658
2449156.80127 0.1607
2449156.80273 0.1667
2449156.80420 0.1651
2449160.80762 0.1682
2449160.80908 0.1685
2449160.81055 0.1694
2449173.70898 0.1611
2449173.71191 0.1635
2449173.71484 0.1634
2449175.71143 0.1619
2449175.71338 0.1593
2449175.71533 0.1605
2449176.74268 0.1602
2449176.74414 0.1658
2449176.74561 0.1623
2449178.74219 0.1582
2449178.74316 0.1630
2449178.74463 0.1571
2449191.72363 0.1555
2449191.72510 0.1565
2449191.72656 0.1533
2449193.72803 0.1581
2449193.72949 0.1551
2449193.73096 0.1571
2449206.69336 0.1556
2449206.69482 0.1600
2449206.69629 0.1567
2449209.68945 0.1622
2449209.69092 0.1608
2449209.69189 0.1638
2449214.67188 0.1611
2449214.67334 0.1584
2449214.67480 0.1631
2449216.65527 0.1568
2449216.65625 0.1546
2449216.65771 0.1558
2449219.66504 0.1554
2449219.66650 0.1598
2449219.66797 0.1552
2449222.65381 0.1586
2449222.65527 0.1643
2449222.65674 0.1588
2449224.65674 0.1585
2449224.65820 0.1573
2449224.65918 0.1583
2449416.99365 0.1530
2449416.99463 0.1525
2449416.99609 0.1512
2449426.94092 0.1552
2449426.94189 0.1557
2449426.94336 0.1575
2449438.97217 0.1557
2449438.97314 0.1574
2449438.97412 0.1559
2449440.97754 0.1548
2449440.97900 0.1608
2449440.97998 0.1597
2449442.96973 0.1623
2449442.97070 0.1639
2449442.97168 0.1627
2449443.95459 0.1606
2449443.95557 0.1638
2449443.95703 0.1649
2449445.94336 0.1564
2449445.94434 0.1620
2449445.94531 0.1591
2449448.93457 0.1532
2449448.93555 0.1531
2449448.93701 0.1538
2449453.82910 0.1571
2449453.83008 0.1535
2449453.83154 0.1551
2449455.89111 0.1536
2449455.89209 0.1523
2449455.89355 0.1557
2449458.86914 0.1572
2449458.87061 0.1554
2449458.87158 0.1557
2449461.91943 0.1547
2449461.92090 0.1579
2449461.92188 0.1584
2449463.92480 0.1595
2449463.92578 0.1598
2449463.92725 0.1593
2449467.88037 0.1612
2449467.88135 0.1621
2449467.88281 0.1599
2449471.88574 0.1601
2449471.88672 0.1612
2449471.88818 0.1579
2449474.88037 0.1568
2449474.88135 0.1558
2449474.88281 0.1555
2449477.88086 0.1590
2449477.88184 0.1578
2449477.88330 0.1558
2449481.90625 0.1604
2449481.90723 0.1623
2449481.90869 0.1613
2449484.88379 0.1566
2449484.88525 0.1568
2449484.88623 0.1566
2449486.84570 0.1579
2449486.84668 0.1553
2449486.84814 0.1541
2449494.83105 0.1618
2449494.83203 0.1616
2449494.83350 0.1621
2449496.81348 0.1603
2449496.81445 0.1628
2449496.81592 0.1629
2449498.82031 0.1656
2449498.82129 0.1607
2449498.82275 0.1660
2449506.79639 0.1592
2449506.79736 0.1585
2449506.79883 0.1590
2449510.81738 0.1530
2449510.81836 0.1525
2449510.81982 0.1519
2449512.80615 0.1544
2449512.80713 0.1562
2449512.80811 0.1545
2449515.83740 0.1578
2449515.83838 0.1595
2449515.83936 0.1586
2449517.85449 0.1562
2449517.85596 0.1582
2449517.85693 0.1550
2449520.82324 0.1575
2449520.82422 0.1599
2449520.82520 0.1597
2449522.76611 0.1584
2449522.76709 0.1579
2449522.76855 0.1610
2449526.77539 0.1542
2449526.77686 0.1552
2449526.77783 0.1583
2449528.78223 0.1587
2449528.78369 0.1579
2449528.78467 0.1566
2449530.75830 0.1540
2449530.75928 0.1581
2449530.76074 0.1559
2449532.74854 0.1614
2449532.74951 0.1575
2449532.75098 0.1609
2449540.75537 0.1573
2449540.75684 0.1607
2449540.75781 0.1586
2449542.76465 0.1562
2449542.76562 0.1579
2449542.76709 0.1545
2449547.74951 0.1605
2449547.75049 0.1601
2449547.75195 0.1583
2449549.74316 0.1598
2449549.74414 0.1613
2449549.74561 0.1608
2449552.72949 0.1580
2449552.73096 0.1581
2449552.73193 0.1547
2449556.73047 0.1583
2449556.73145 0.1568
2449556.73291 0.1613
2449558.72070 0.1579
2449558.72168 0.1558
2449558.72314 0.1550
2449561.68018 0.1575
2449561.68115 0.1569
2449561.68262 0.1556
2449570.67871 0.1642
2449570.67969 0.1665
2449570.68115 0.1677
2449572.69873 0.1587
2449572.70020 0.1580
2449572.70117 0.1560
2449574.66455 0.1619
2449574.66553 0.1586
2449574.66699 0.1613
2449577.66602 0.1607
2449577.66748 0.1584
2449577.66846 0.1581
2449578.65674 0.1654
2449578.65771 0.1610
2449578.65918 0.1606
2449580.67676 0.1594
2449580.67773 0.1574
2449580.67920 0.1587
2449585.66211 0.1571
2449585.66309 0.1589
2449585.66406 0.1584
2449587.65381 0.1532
2449587.65479 0.1549
2449587.65625 0.1564
2449854.86475 0.1605
2449854.86621 0.1610
2449854.86719 0.1584
2449857.87012 0.1609
2449857.87109 0.1601
2449857.87207 0.1598
2449873.82324 0.1642
2449873.82471 0.1638
2449873.82568 0.1647
2449880.82617 0.1578
2449880.82910 0.1600
2449880.83057 0.1638
2449882.78125 0.1648
2449882.78223 0.1665
2449882.78320 0.1643
2449887.75732 0.1634
2449887.75879 0.1595
2449887.75977 0.1603
