2445489.81600 0.3089
2445489.81700 0.3076
2445489.81800 0.3122
2445491.78300 0.5706
2445491.78400 0.5697
2445491.78500 0.5751
2445495.74000 0.5506
2445495.74100 0.5597
2445495.74200 0.5552
2445500.77000 0.5543
2445500.77100 0.5656
2445500.77200 0.5533
2445502.76700 0.5804
2445502.76800 0.5746
2445502.76900 0.5863
2445505.72400 0.5852
2445505.72500 0.5895
2445505.72600 0.5846
2445508.71400 0.5851
2445508.71500 0.5806
2445508.71600 0.5728
2445511.68900 0.5844
2445511.69000 0.5842
2445511.69100 0.5853
2445514.70600 0.5931
2445514.70700 0.6045
2445514.70800 0.6051
2445520.77600 0.5779
2445520.77700 0.5836
2445520.77700 0.5756
2445526.70000 0.5711
2445526.70100 0.5801
2445526.70200 0.5727
2445532.70000 0.5706
2445532.70000 0.5807
2445532.70100 0.5901
2445535.71600 0.5927
2445535.71600 0.5960
2445535.71700 0.5870
2445540.68500 0.5805
2445540.68500 0.5796
2445540.68600 0.5831
2445545.67800 0.5668
2445545.67900 0.5650
2445545.67900 0.5686
2445548.67600 0.5586
2445548.67700 0.5557
2445548.67700 0.5686
2445550.71100 0.5585
2445550.71200 0.5587
2445550.71200 0.5700
2445558.66900 0.5514
2445558.67000 0.5690
2445558.67100 0.5580
2445728.07400 0.5232
2445728.07500 0.5031
2445728.07600 0.5041
2445732.01600 0.5069
2445732.01700 0.5080
2445732.01800 0.5135
2445740.05600 0.5192
2445740.05600 0.5374
2445740.05700 0.5091
2445750.02400 0.5660
2445750.02500 0.5511
2445750.02700 0.5515
2445755.00300 0.5588
2445755.00400 0.5620
2445755.00400 0.5614
2445758.97100 0.5603
2445758.97200 0.5597
2445758.97200 0.5445
2445766.96800 0.5615
2445766.96900 0.5787
2445766.96900 0.5558
2445780.01700 0.5558
2445780.01800 0.5703
2445780.01900 0.5616
2445783.98010 0.5278
2445783.98083 0.5532
2445783.98145 0.5329
2445787.98682 0.5221
2445787.98743 0.5426
2445787.98804 0.5411
2445789.98300 0.5069
2445789.98400 0.5148
2445789.98500 0.5259
2445793.96700 0.5260
2445793.96700 0.5151
2445793.96800 0.5234
2445799.95959 0.5644
2445799.96094 0.5452
2445799.96216 0.5217
2445803.92400 0.5547
2445803.92500 0.5407
2445803.92600 0.5439
2445807.88916 0.5650
2445807.88977 0.5679
2445807.89050 0.5602
2445812.89500 0.5545
2445812.89600 0.5640
2445812.89700 0.5580
2445825.90200 0.5725
2445825.90300 0.5635
2445825.90300 0.5928
2445836.91968 0.5901
2445836.92029 0.5712
2445836.92102 0.5831
2445841.78760 0.5617
2445841.78821 0.5473
2445841.78882 0.5477
2445848.82275 0.5137
2445848.82385 0.5359
2445848.82495 0.5239
2445857.90466 0.5183
2445857.90552 0.5217
2445857.90625 0.5459
2445863.80920 0.5290
2445863.80981 0.5325
2445863.81055 0.5336
2445868.75269 0.5390
2445868.75330 0.5481
2445868.75403 0.5514
2445873.73730 0.5526
2445873.73804 0.5566
2445873.73877 0.5538
2445879.73901 0.6226
2445879.73962 0.5925
2445879.74036 0.5639
2445884.76624 0.5976
2445884.76721 0.5919
2445884.76807 0.5976
2445889.73889 0.5936
2445889.73962 0.5997
2445889.74023 0.5934
2445895.74695 0.6096
2445895.74805 0.5997
2445895.74878 0.5929
2445906.69153 0.5287
2445906.69214 0.5271
2445906.69287 0.5398
2445914.75793 0.5115
2445914.75854 0.4801
2445914.75916 0.4908
2445921.73303 0.4857
2445921.73376 0.4723
2445921.73450 0.4944
2445929.71387 0.5101
2445929.71448 0.4865
2445929.71521 0.5090
2445934.66821 0.5116
2445934.66919 0.5279
2445934.67004 0.5324
2445942.69604 0.5303
2445942.69678 0.5282
2445942.69751 0.5334
2445950.66248 0.5981
2445950.66370 0.5886
2445950.66479 0.5864
2445958.64478 0.5836
2445958.64563 0.5803
2445958.64661 0.5831
2445963.62329 0.5387
2445963.62439 0.5391
2445963.62537 0.5521
2446110.03174 0.4946
2446110.03296 0.4826
2446110.03442 0.4945
2446116.05176 0.5306
2446116.05225 0.5404
2446116.05298 0.5264
2446124.06079 0.5735
2446124.06128 0.5751
2446124.06201 0.5855
2446134.01489 0.5710
2446134.01587 0.5739
2446134.01685 0.5838
2446141.00122 0.5676
2446141.00244 0.5655
2446141.00342 0.5592
2446149.01245 0.5072
2446149.01318 0.5007
2446149.01392 0.5032
2446155.96338 0.4941
2446155.96411 0.4823
2446155.96509 0.4848
2446162.98145 0.4886
2446162.98218 0.4807
2446162.98291 0.4904
2446168.99097 0.5057
2446168.99194 0.4929
2446168.99268 0.5044
2446178.97632 0.5366
2446178.97705 0.5404
2446178.97778 0.5432
2446185.98413 0.5633
2446185.98486 0.5743
2446185.98535 0.5764
2446198.95947 0.5745
2446198.96045 0.5669
2446198.96143 0.5719
2446209.96338 0.5103
2446209.96460 0.5204
2446209.96558 0.5176
2446220.86597 0.4971
2446220.86719 0.4986
2446220.86841 0.4914
2446227.70166 0.5090
2446227.70410 0.5032
2446227.70679 0.5016
2446233.77808 0.5224
2446233.77881 0.5337
2446233.77954 0.5333
2446240.83398 0.5476
2446240.83496 0.5569
2446240.83569 0.5489
2446249.77515 0.5954
2446249.77612 0.5979
2446249.77686 0.5979
2446266.70630 0.5195
2446266.70679 0.5255
2446266.70752 0.5305
2446272.68457 0.4933
2446272.68555 0.4985
2446272.68628 0.4973
2446279.68726 0.4838
2446279.68823 0.5106
2446279.68896 0.4906
2446285.69629 0.4951
2446285.69678 0.5040
2446285.69751 0.4861
2446290.74341 0.5053
2446290.74438 0.5029
2446290.74561 0.4945
2446297.66333 0.5494
2446297.66431 0.5398
2446297.66504 0.5445
2446303.68384 0.5560
2446303.68457 0.5691
2446303.68530 0.5699
2446486.02124 0.6303
2446486.02197 0.6198
2446486.02271 0.6131
2446490.00854 0.6019
2446490.00928 0.6085
2446490.01025 0.6144
2446493.00513 0.6127
2446493.00586 0.6278
2446493.00659 0.6106
2446507.99731 0.5215
2446507.99805 0.5213
2446507.99902 0.5172
2446512.97559 0.4749
2446512.97632 0.4846
2446512.97778 0.4875
2446516.00684 0.4857
2446516.00757 0.4895
2446516.00830 0.4767
2446523.93604 0.5319
2446523.93677 0.5425
2446523.93750 0.5335
2446528.99658 0.5386
2446528.99756 0.5502
2446528.99829 0.5292
2446531.99268 0.5742
2446531.99341 0.5693
2446531.99390 0.5667
2446535.93799 0.6070
2446535.93872 0.5942
2446535.93945 0.5991
2446539.93018 0.6043
2446539.93091 0.6022
2446539.93140 0.5990
2446542.93164 0.6204
2446542.93237 0.6130
2446542.93311 0.6241
2446545.86401 0.6143
2446545.86475 0.6016
2446545.86548 0.6184
2446549.90283 0.5922
2446549.90356 0.5879
2446549.90454 0.5858
2446553.94727 0.5790
2446553.94824 0.5850
2446553.94897 0.5839
2446557.93799 0.5553
2446557.93872 0.5598
2446557.93970 0.5581
2446560.88110 0.5497
2446560.88184 0.5486
2446560.88257 0.5471
2446566.91821 0.4893
2446566.91895 0.4948
2446566.91992 0.4838
2446569.90967 0.4762
2446569.91040 0.4816
2446569.91089 0.4794
2446579.79443 0.4923
2446579.79517 0.4955
2446579.79614 0.4977
2446584.80322 0.5315
2446584.80396 0.5208
2446584.80469 0.5347
2446588.87524 0.5552
2446588.87598 0.5676
2446588.87671 0.5595
2446591.76489 0.5819
2446591.76563 0.5738
2446591.76660 0.5841
2446596.76465 0.6047
2446596.76538 0.6019
2446596.76611 0.6084
2446599.80664 0.6441
2446599.80737 0.6439
2446599.80811 0.6427
2446603.78394 0.6128
2446603.78467 0.5988
2446603.78540 0.6010
2446609.75830 0.5814
2446609.75928 0.5905
2446609.76050 0.5837
2446618.72339 0.5569
2446618.72437 0.5579
2446618.72510 0.5418
2446621.72217 0.5184
2446621.72290 0.5259
2446621.72388 0.5184
2446627.75098 0.4866
2446627.75171 0.4834
2446627.75244 0.4933
2446630.73926 0.4796
2446630.73999 0.4755
2446630.74072 0.4806
2446655.66235 0.5837
2446655.66309 0.5771
2446655.66382 0.5696
2446658.65674 0.6317
2446658.65747 0.6185
2446658.65845 0.6091
2446664.65967 0.5959
2446664.66040 0.5999
2446664.66113 0.5786
2446868.00513 0.4790
2446868.00757 0.4931
2446868.01294 0.4994
2446893.00977 0.5544
2446893.01074 0.5447
2446893.01172 0.5477
2446895.98389 0.5566
2446895.98462 0.5424
2446895.98535 0.5532
2446899.97119 0.5559
2446899.97217 0.5424
2446899.97290 0.5595
2446903.97876 0.5437
2446903.97998 0.5522
2446903.98096 0.5587
2446906.96973 0.5392
2446906.97070 0.5337
2446906.97168 0.5367
2446919.93896 0.4881
2446919.93994 0.4785
2446919.94092 0.4782
2446922.90967 0.4818
2446922.91040 0.4862
2446922.91138 0.4851
2446931.90503 0.4963
2446931.90576 0.5080
2446931.90674 0.5163
2446949.80127 0.5494
2446949.80200 0.5656
2446949.80273 0.5574
2446953.80103 0.5538
2446953.80200 0.5649
2446953.80298 0.5782
2446956.79248 0.5730
2446956.79346 0.5647
2446956.79443 0.5698
2446960.77466 0.6061
2446960.77539 0.5736
2446960.77637 0.5565
2446963.80371 0.5528
2446963.80469 0.5597
2446963.80542 0.5611
2446967.76367 0.5354
2446967.76440 0.5361
2446967.76538 0.5392
2446970.76782 0.4996
2446970.76855 0.5025
2446970.76929 0.5137
2446987.73950 0.4894
2446987.74048 0.4979
2446987.74146 0.4838
2446992.75195 0.4962
2446992.75269 0.5032
2446992.75366 0.5185
2446996.75293 0.5214
2446996.75391 0.5135
2446996.75488 0.5281
2447001.74585 0.5479
2447001.74658 0.5470
2447001.74731 0.5563
2447029.70239 0.5113
2447029.70337 0.5201
2447029.70410 0.5107
2447032.71777 0.4779
2447032.71851 0.4739
2447032.71924 0.4840
2447036.69263 0.4896
2447036.69336 0.4990
2447036.69409 0.4880
2447225.04199 0.5254
2447225.04346 0.5347
2447225.04492 0.5337
2447240.04688 0.5389
2447240.04785 0.5464
2447240.04883 0.5449
2447252.96899 0.5657
2447252.96997 0.5641
2447252.97095 0.5681
2447255.94922 0.5575
2447255.95020 0.5528
2447255.95142 0.5508
2447275.94580 0.5053
2447275.94702 0.5138
2447275.94824 0.5131
2447281.89331 0.5006
2447281.89404 0.5120
2447281.89502 0.5041
2447284.90454 0.5023
2447284.90552 0.5043
2447284.90649 0.5093
2447290.90771 0.5068
2447290.90918 0.5016
2447290.91040 0.5080
2447295.85083 0.5289
2447295.85205 0.5159
2447295.85352 0.5164
2447295.85474 0.5286
2447295.85596 0.5237
2447298.90332 0.5494
2447298.90454 0.5548
2447298.90576 0.5424
2447302.88672 0.5457
2447302.88770 0.5510
2447302.88892 0.5477
2447306.89380 0.5565
2447306.89478 0.5497
2447306.89575 0.5409
2447309.89502 0.5854
2447309.89600 0.5745
2447309.89697 0.5713
2447313.80933 0.5463
2447313.81079 0.5467
2447313.81226 0.5504
2447321.88135 0.5233
2447321.88232 0.5218
2447321.88330 0.5224
2447327.78931 0.5205
2447327.79053 0.5144
2447327.79175 0.5109
2447337.76147 0.5325
2447337.76245 0.5257
2447337.76343 0.5165
2447340.78955 0.5254
2447340.79053 0.5372
2447340.79150 0.5368
2447344.78052 0.5248
2447344.78149 0.5267
2447344.78271 0.5320
2447347.82422 0.5172
2447347.82544 0.5244
2447347.82642 0.5135
2447351.81812 0.5118
2447351.81982 0.5188
2447351.82129 0.5139
2447358.72437 0.5265
2447358.72534 0.5315
2447358.72656 0.5242
2447365.70020 0.5383
2447365.70142 0.5381
2447365.70264 0.5360
2447369.69922 0.5253
2447369.70020 0.5329
2447369.70117 0.5379
2447373.71216 0.5158
2447373.71338 0.5180
2447373.71460 0.5187
2447377.73657 0.5068
2447377.73804 0.5024
2447377.73926 0.5071
2447382.73315 0.4895
2447382.73389 0.4912
2447382.73486 0.4934
2447388.67529 0.5207
2447388.67627 0.5165
2447388.67749 0.5193
2447616.00024 0.4854
2447616.00171 0.4917
2447616.00317 0.4846
2447621.99683 0.5079
2447621.99805 0.5045
2447621.99927 0.5076
2447625.99072 0.5091
2447625.99194 0.5074
2447625.99341 0.5073
2447628.97046 0.5210
2447628.97168 0.5144
2447628.97290 0.5149
2447665.85840 0.5133
2447665.85986 0.5127
2447665.86108 0.5205
2447672.81274 0.4785
2447672.81396 0.4988
2447672.81519 0.5003
2447687.77222 0.4026
2447687.77319 0.4052
2447687.77417 0.4337
2447718.74097 0.5500
2447718.74194 0.5657
2447718.74316 0.5533
2447724.72144 0.5494
2447724.72241 0.5473
2447724.72339 0.5577
2447745.66553 0.4995
2447745.66675 0.4995
2447745.66797 0.4966
2448072.73901 0.5543
2448072.73999 0.5633
2448072.74121 0.5719
2448091.71289 0.5378
2448091.71387 0.5325
2448091.71484 0.5313
2448096.69873 0.5146
2448096.69971 0.5212
2448096.70068 0.5210
2448101.67969 0.4908
2448101.68066 0.4966
2448101.68164 0.4953
2448414.77930 0.5111
2448414.78027 0.5212
2448414.78125 0.5143
2448800.76660 0.5053
2448800.76807 0.5060
2448800.76904 0.5051
2448806.73730 0.5134
2448806.73828 0.5137
2448806.73975 0.5138
2448821.78467 0.5656
2448821.78613 0.5641
2448821.78760 0.5649
2448831.72314 0.5586
2448831.72412 0.5619
2448831.72510 0.5573
2448842.70898 0.5400
2448842.71045 0.5425
2448842.71143 0.5482
2448845.66846 0.5359
2448845.66943 0.5368
2448845.67090 0.5369
2448849.67285 0.5210
2448849.67432 0.5182
2448849.67529 0.5201
2448852.68555 0.5048
2448852.68701 0.5082
2448852.68799 0.5074
2448855.67871 0.5041
2448855.67969 0.5106
2448855.68115 0.5059
2448860.65869 0.5002
2448860.66016 0.4996
2448860.66113 0.5001
2449116.88184 0.5122
2449116.88281 0.5156
2449116.88428 0.5237
2449150.77637 0.4797
2449150.77832 0.4802
2449150.77930 0.4814
2449153.76904 0.4752
2449153.77051 0.4794
2449153.77197 0.4801
2449160.81494 0.4770
2449160.81592 0.4981
2449160.81787 0.4832
2449178.75537 0.5321
2449178.75635 0.5281
2449178.75781 0.5276
2449183.75342 0.5356
2449183.75488 0.5331
2449183.75586 0.5301
2449186.74805 0.5297
2449186.74951 0.5243
2449186.75098 0.5267
2449191.72998 0.5072
2449191.73096 0.5140
2449191.73242 0.5078
2449194.73730 0.5204
2449194.73877 0.5142
2449194.74023 0.5134
2449206.69922 0.4867
2449206.70068 0.4916
2449206.70264 0.4797
2449214.67725 0.4705
2449214.67871 0.4675
2449214.68018 0.4705
2449218.66699 0.4616
2449218.66846 0.4782
2449218.66992 0.4657
2449222.65967 0.4651
2449222.66113 0.4640
2449222.66309 0.4638
2449225.65576 0.4753
2449225.65723 0.4799
2449225.65869 0.4800
2449455.90771 0.5086
2449455.90869 0.5242
2449455.91016 0.5067
2449458.87451 0.5246
2449458.87549 0.5347
2449458.87695 0.5261
2449481.91260 0.5576
2449481.91357 0.5623
2449481.91504 0.5604
2449484.89551 0.5412
2449484.89648 0.5378
2449484.89795 0.5440
2449507.84180 0.5117
2449507.84326 0.5156
2449507.84424 0.5016
2449510.82275 0.5218
2449510.82373 0.5174
2449510.82471 0.5178
2449515.84473 0.5323
2449515.84570 0.5274
2449515.84668 0.5304
2449519.84473 0.5408
2449519.84570 0.5370
2449519.84717 0.5320
2449526.78564 0.5502
2449526.78662 0.5603
2449526.78809 0.5618
2449529.76855 0.5749
2449529.76953 0.5801
2449529.77100 0.5839
2449540.76025 0.5710
2449540.76172 0.5683
2449540.76270 0.5672
2449547.75684 0.5731
2449547.75830 0.5742
2449547.75928 0.5755
2449551.74072 0.5720
2449551.74219 0.5733
2449551.74316 0.5772
2449556.73535 0.5599
2449556.73682 0.5598
2449556.73779 0.5605
2449559.73340 0.5460
2449559.73438 0.5498
2449559.73535 0.5440
2449570.68408 0.5260
2449570.68555 0.5259
2449570.68652 0.5294
2449573.70410 0.5168
2449573.70508 0.5175
2449573.70605 0.5153
2449574.66992 0.5196
2449574.67090 0.5187
2449574.67236 0.5142
2449578.66260 0.5210
2449578.66357 0.5164
2449578.66455 0.5106
2449581.66553 0.5361
2449581.66650 0.5353
2449581.66797 0.5376
2449587.65869 0.5570
2449587.65967 0.5538
2449587.66113 0.5531
2449854.85889 0.6112
2449854.85986 0.6093
2449854.86133 0.6104
2449857.89258 0.6101
2449857.89404 0.6035
2449857.89502 0.6099
2449873.82910 0.6369
2449873.83008 0.6399
2449873.83154 0.6390
2449880.83447 0.6879
2449880.83545 0.6718
2449880.83643 0.6811
