2445814.94200 0.3648
2445814.94300 0.3517
2445814.94300 0.3443
2446178.98999 0.3816
2446178.99414 0.3723
2446178.99829 0.3756
2446269.73560 0.3748
2446269.73657 0.3507
2446269.73755 0.3591
2446296.67969 0.3778
2446296.68066 0.3705
2446296.68164 0.3766
2446329.61792 0.3694
2446329.61890 0.3726
2446329.61987 0.3666
2446494.01807 0.4071
2446494.01953 0.3853
2446494.02100 0.3986
2446529.98462 0.3769
2446529.98608 0.3723
2446529.98755 0.3805
2446545.89160 0.3860
2446545.89331 0.3902
2446545.89526 0.3927
