2445524.82200 0.4637
2445524.82200 0.4465
2445524.82300 0.4502
2446584.92261 0.4413
2446584.92358 0.4446
2446584.92456 0.4263
2446652.75122 0.3830
2446652.75220 0.3690
2446652.75342 0.3709
2446710.62012 0.4244
2446710.62207 0.4354
2446710.62378 0.4148
2446929.97729 0.4177
2446929.97900 0.4180
2446929.98071 0.4277
2446956.91040 0.4132
2446956.91284 0.4268
2446956.91504 0.4178
2446990.78540 0.4274
2446990.78735 0.4198
2446990.78931 0.4182
2447012.71704 0.4183
2447012.71777 0.4293
2447012.71875 0.4272
2447040.68262 0.4088
2447040.68359 0.4143
2447040.68481 0.4089
2447276.98071 0.4330
2447276.98169 0.4284
2447276.98291 0.4319
2447332.79248 0.4037
2447332.79370 0.3929
2447332.79492 0.3949
2447390.67285 0.4063
2447390.67383 0.4108
2447390.67505 0.4092
2447723.74683 0.4263
2447723.74780 0.4209
2447723.74902 0.4233
2448074.77393 0.4689
2448074.77515 0.4707
2448074.77637 0.4661
