2443665.80000 0.1625
2443674.80000 0.1652
2445544.71000 0.1751
2445544.71100 0.1762
2445544.71300 0.1841
2448798.87598 0.1719
2448798.87793 0.1691
2448798.87939 0.1654
2448813.82959 0.1759
2448813.83105 0.1675
2448813.83252 0.1740
2448818.83496 0.1677
2448818.83594 0.1698
2448818.83740 0.1772
2448825.78223 0.1808
2448825.78467 0.1746
2448825.78711 0.1751
2448833.75293 0.1688
2448833.75439 0.1719
2448833.75537 0.1711
2448836.73340 0.1672
2448836.73486 0.1696
2448836.73682 0.1648
2448839.73584 0.1825
2448839.73730 0.1727
2448839.73877 0.1743
2448843.74902 0.1777
2448843.75049 0.1775
2448843.75195 0.1738
2448846.73779 0.1671
2448846.73926 0.1640
2448846.74072 0.1668
2448850.78662 0.1690
2448850.78809 0.1679
2448850.78906 0.1740
2448853.67676 0.1645
2448853.67773 0.1697
2448853.67920 0.1705
2448856.69971 0.1790
2448856.70215 0.1695
2448856.70361 0.1765
2448860.67920 0.1819
2448860.68066 0.1824
2448860.68213 0.1788
2448865.67725 0.1791
2448865.67871 0.1756
2448865.68066 0.1846
2448869.71045 0.1713
2448869.71191 0.1676
2448869.71387 0.1654
2448872.70117 0.1686
2448872.70264 0.1707
2448872.70361 0.1709
2448876.69824 0.1713
2448876.69971 0.1849
2448876.70068 0.1751
2448879.69580 0.1772
2448879.69727 0.1769
2448879.69873 0.1820
2448884.66553 0.1731
2448884.66699 0.1733
2448884.66797 0.1683
2448890.64893 0.1738
2448890.65039 0.1622
2448890.65137 0.1675
2448901.66016 0.1835
2448901.66162 0.1777
2448901.66309 0.1774
2449137.95312 0.1725
2449137.95459 0.1704
2449137.95654 0.1775
2449153.87988 0.1761
2449153.88135 0.1799
2449153.88281 0.1779
2449174.79248 0.1722
2449174.79736 0.1680
2449174.80225 0.1704
2449177.83691 0.1627
2449177.83936 0.1764
2449177.84180 0.1876
2449183.83936 0.1739
2449183.84180 0.1799
2449183.84473 0.1769
2449197.79199 0.1761
2449197.79736 0.1797
2449197.80273 0.1806
2449204.73242 0.1746
2449204.73584 0.1663
2449204.73975 0.1763
2449207.76953 0.1790
2449207.77246 0.1779
2449207.77588 0.1808
2449216.74219 0.1781
2449216.74561 0.1844
2449216.74902 0.1823
2449219.73096 0.1724
2449219.73389 0.1818
2449219.73633 0.1861
2449223.72266 0.1598
2449223.72656 0.1555
2449223.73047 0.1654
2449227.68799 0.1714
2449227.69141 0.1708
2449227.69531 0.1655
2449230.68359 0.1774
2449230.68701 0.1713
2449230.69043 0.1747
2449233.68896 0.1758
2449233.69287 0.1708
2449233.69727 0.1739
2449237.67188 0.1768
2449237.67383 0.1737
2449237.67578 0.1749
2449240.65674 0.1784
2449240.65918 0.1740
2449240.66113 0.1784
2449251.64209 0.1783
2449251.64453 0.1730
2449251.64697 0.1789
2449254.63428 0.1805
2449254.63623 0.1774
2449254.63867 0.1809
2449486.90674 0.1825
2449486.90771 0.1840
2449486.90869 0.1842
2449494.92920 0.1709
2449494.93066 0.1707
2449494.93164 0.1793
2449497.88770 0.1736
2449497.88965 0.1666
2449497.89209 0.1687
2449501.92871 0.1691
2449501.92969 0.1739
2449501.93115 0.1705
2449504.92139 0.1760
2449504.92236 0.1764
2449504.92383 0.1779
2449510.90039 0.1703
2449510.90137 0.1668
2449510.90283 0.1736
2449513.89795 0.1746
2449513.89893 0.1678
2449513.90039 0.1700
2449517.91602 0.1702
2449517.91699 0.1665
2449517.91846 0.1756
2449521.89160 0.1720
2449521.89258 0.1769
2449521.89355 0.1762
2449524.86621 0.1775
2449524.86719 0.1833
2449524.86865 0.1806
2449527.81885 0.1712
2449527.82129 0.1781
2449527.82373 0.1756
2449540.81885 0.1757
2449540.81982 0.1641
2449540.82129 0.1759
2449549.82812 0.1721
2449549.82959 0.1675
2449549.83057 0.1649
2449552.80762 0.1735
2449552.80908 0.1676
2449552.81055 0.1688
2449556.79785 0.1780
2449556.79932 0.1764
2449556.80029 0.1828
2449559.78223 0.1794
2449559.78369 0.1808
2449559.78467 0.1789
2449573.74072 0.1735
2449573.74219 0.1714
2449573.74365 0.1723
2449576.70264 0.1775
2449576.70410 0.1793
2449576.70508 0.1757
2449580.72510 0.1660
2449580.72607 0.1696
2449580.72705 0.1747
2449882.86621 0.1770
2449882.86719 0.1771
2449882.86865 0.1845
