2449858.88428 0.1371
2449858.88770 0.1370
2449858.89111 0.1343
2449863.86865 0.1378
2449863.87354 0.1369
2449863.87842 0.1339
2449865.90479 0.1355
2449865.90918 0.1361
2449865.91406 0.1360
2449866.89502 0.1345
2449866.89990 0.1349
2449866.90479 0.1374
2449867.88281 0.1367
2449867.88672 0.1349
2449867.89014 0.1347
2449868.89307 0.1371
2449868.89648 0.1385
2449868.89990 0.1345
2449869.89941 0.1320
2449869.90430 0.1363
2449869.90869 0.1349
2449882.82959 0.1367
2449882.83154 0.1334
2449882.83398 0.1322
2449886.84521 0.1375
2449886.84717 0.1382
2449886.84912 0.1358
2449887.82422 0.1385
2449887.82715 0.1367
2449887.82910 0.1373
2449888.87549 0.1385
2449888.87793 0.1352
2449888.88037 0.1355
2449889.85938 0.1373
2449889.86182 0.1344
2449889.86426 0.1357
2449890.81934 0.1374
2449890.82178 0.1374
2449890.82422 0.1380
2449891.78564 0.1349
2449891.78809 0.1348
2449891.79053 0.1374
