43676.80000 0.1562
48128.66309 0.1583
48128.66455 0.1542
48128.66602 0.1510
48128.66797 0.1581
48128.66943 0.1590
48128.67090 0.1570
48798.86328 0.1563
48798.86475 0.1512
48798.86670 0.1517
48808.79688 0.1554
48808.79883 0.1537
48808.80078 0.1547
48813.82471 0.1509
48813.82568 0.1557
48813.82715 0.1530
48818.82910 0.1562
48818.83057 0.1568
48818.83154 0.1554
48825.76953 0.1564
48825.77100 0.1529
48825.77197 0.1557
48832.73242 0.1566
48832.73438 0.1507
48832.73633 0.1500
48838.73535 0.1533
48838.73682 0.1535
48838.73828 0.1485
48841.72461 0.1525
48841.72607 0.1563
48841.72754 0.1554
48844.70215 0.1502
48844.70361 0.1516
48844.70459 0.1517
48849.73389 0.1559
48849.73535 0.1564
48849.73633 0.1536
48852.73682 0.1520
48852.73828 0.1517
48852.73975 0.1525
48856.67090 0.1615
48856.67236 0.1658
48856.67383 0.1626
48859.65967 0.1543
48859.66113 0.1525
48859.66211 0.1562
48862.68359 0.1534
48862.68555 0.1567
48862.68701 0.1554
48869.68457 0.1520
48869.68555 0.1568
48869.68701 0.1544
48872.68213 0.1506
48872.68359 0.1517
48872.68506 0.1516
48876.68066 0.1513
48876.68164 0.1508
48876.68311 0.1520
48879.67139 0.1537
48879.67285 0.1508
48879.67432 0.1477
48884.64453 0.1537
48884.64600 0.1515
48884.64746 0.1525
48888.65283 0.1507
48888.65430 0.1466
48888.65527 0.1501
48901.64502 0.1545
48901.64648 0.1517
48901.64795 0.1593
49151.89014 0.1557
49151.89160 0.1507
49151.89307 0.1474
49156.86426 0.1532
49156.86621 0.1541
49156.86816 0.1501
49159.88525 0.1516
49159.88672 0.1519
49159.88770 0.1535
49171.78027 0.1601
49171.78418 0.1638
49171.78760 0.1712
49174.77930 0.1524
49174.78223 0.1485
49174.78467 0.1495
49178.80811 0.1562
49178.81006 0.1512
49178.81201 0.1488
49183.81299 0.1638
49183.81543 0.1613
49183.81787 0.1601
49192.78809 0.1512
49192.79053 0.1460
49192.79297 0.1550
49195.77881 0.1588
49195.78125 0.1603
49195.78369 0.1613
49206.74023 0.1528
49206.74170 0.1488
49206.74268 0.1504
49209.74072 0.1492
49209.74268 0.1535
49209.74414 0.1549
49214.72754 0.1609
49214.72900 0.1538
49214.72998 0.1483
49218.71094 0.1527
49218.71240 0.1590
49218.71436 0.1574
49222.72607 0.1551
49222.72705 0.1565
49222.72852 0.1537
49225.70752 0.1556
49225.70898 0.1484
49225.71045 0.1499
49229.66260 0.1536
49229.66553 0.1525
49229.66846 0.1499
49233.66406 0.1533
49233.66602 0.1527
49233.66797 0.1547
49236.66113 0.1562
49236.66260 0.1496
49236.66406 0.1527
49239.65674 0.1551
49239.65820 0.1518
49239.65967 0.1498
49245.65283 0.1572
49245.65430 0.1524
49245.65576 0.1531
49250.63428 0.1595
49250.63525 0.1573
49250.63672 0.1514
49253.62793 0.1471
49253.62939 0.1486
49253.63086 0.1498
49476.93311 0.1534
49476.93457 0.1503
49476.93555 0.1512
49486.89062 0.1583
49486.89209 0.1545
49486.89307 0.1560
49494.91748 0.1517
49494.91846 0.1549
49494.91943 0.1543
49497.87354 0.1548
49497.87500 0.1559
49497.87598 0.1569
49501.90527 0.1529
49501.90674 0.1527
49501.90771 0.1533
49510.89014 0.1573
49510.89160 0.1531
49510.89258 0.1577
49513.85400 0.1590
49513.85498 0.1545
49513.85596 0.1575
49517.90625 0.1552
49517.90723 0.1519
49517.90869 0.1546
49523.81445 0.1530
49523.81592 0.1535
49523.81689 0.1614
49528.84277 0.1508
49528.84424 0.1511
49528.84521 0.1521
49540.80859 0.1506
49540.81006 0.1532
49540.81104 0.1515
49547.82520 0.1717
49547.82666 0.1693
49547.82764 0.1590
49550.78662 0.1517
49550.78760 0.1533
49550.78906 0.1528
49556.78418 0.1559
49556.78516 0.1518
49556.78662 0.1563
49559.77734 0.1550
49559.77832 0.1542
49559.77979 0.1550
49572.73828 0.1567
49572.73926 0.1552
49572.74023 0.1576
49575.70752 0.1560
49575.70850 0.1531
49575.70996 0.1525
49578.71484 0.1558
49578.71582 0.1566
49578.71680 0.1561
49582.70117 0.1637
49582.70215 0.1558
49582.70312 0.1613
49586.69531 0.1563
49586.69629 0.1504
49586.69775 0.1608
49873.89746 0.1572
49873.89844 0.1555
49873.89941 0.1558
49882.85352 0.1543
49882.85498 0.1578
49882.85596 0.1587
