2445498.81000 0.4486
2445498.81100 0.4503
2445498.81200 0.4562
2445500.79600 0.4457
2445500.79700 0.4692
2445500.79900 0.4526
2445502.82000 0.4290
2445502.82100 0.4286
2445502.82200 0.4335
2445505.81400 0.4741
2445505.81500 0.4562
2445505.81600 0.4461
2445510.79800 0.4703
2445510.79900 0.4561
2445510.80000 0.4576
2445514.77700 0.4718
2445514.77800 0.4858
2445514.77900 0.4688
2445521.79500 0.4669
2445521.79600 0.4504
2445521.79700 0.4499
2445527.78400 0.4538
2445527.78500 0.4714
2445527.78600 0.4508
2445533.73900 0.4985
2445533.74000 0.4822
2445533.74100 0.4681
2445538.71500 0.4884
2445538.71600 0.5038
2445538.71600 0.4901
2445543.71300 0.4844
2445543.71400 0.4926
2445543.71500 0.4900
2445552.73700 0.5273
2445552.73800 0.5313
2445552.74000 0.5079
2445558.68700 0.5381
2445558.68800 0.5483
2445558.68900 0.5340
2445581.68200 0.5120
2445581.68300 0.5026
2445581.68400 0.4924
2445584.69700 0.4933
2445584.69900 0.4783
2445584.70100 0.4644
2445591.62800 0.4708
2445591.62900 0.4773
2445591.63000 0.4774
2445780.03900 0.4514
2445780.04000 0.4567
2445780.04100 0.4650
2445784.00635 0.4691
2445784.00757 0.4484
2445784.00916 0.4787
2445788.02356 0.4798
2445788.02466 0.4733
2445788.02588 0.4816
2445793.02881 0.5039
2445793.03064 0.4909
2445793.03210 0.5126
2445794.99634 0.4802
2445794.99744 0.4745
2445794.99854 0.4912
2445798.01400 0.4688
2445798.01600 0.4847
2445798.01900 0.4819
2445802.99695 0.4665
2445802.99854 0.4772
2445803.00012 0.4599
2445804.96900 0.4764
2445804.97000 0.4884
2445804.97200 0.4647
2445806.96200 0.4787
2445806.96300 0.4861
2445806.96400 0.4853
2445813.94800 0.4576
2445813.94900 0.4465
2445813.95000 0.4774
2445824.95600 0.4367
2445824.95900 0.4209
2445824.96100 0.4411
2445826.96200 0.4292
2445826.96500 0.4437
2445826.96800 0.4346
2445830.92800 0.4299
2445830.93000 0.4402
2445830.93100 0.4225
2445832.92200 0.4341
2445832.92285 0.4328
2445832.92383 0.4306
2445837.88135 0.4075
2445837.88330 0.4115
2445837.88477 0.4030
2445839.91101 0.4090
2445839.91248 0.4247
2445839.91382 0.4176
2445841.90674 0.4309
2445841.90845 0.4190
2445841.91016 0.4181
2445843.89148 0.4399
2445843.89233 0.4103
2445843.89331 0.3966
2445845.91492 0.4403
2445845.91650 0.4138
2445845.91809 0.4070
2445849.89758 0.4232
2445849.89856 0.4378
2445849.89954 0.4314
2445860.81458 0.4162
2445860.81604 0.4103
2445860.81738 0.4234
2445863.80408 0.4192
2445863.80554 0.4055
2445863.80701 0.4183
2445865.82324 0.4082
2445865.82483 0.4363
2445865.82642 0.4089
2445867.82690 0.4061
2445867.82849 0.4091
2445867.82996 0.4138
2445869.78418 0.4139
2445869.78564 0.4044
2445869.78711 0.4006
2445871.80762 0.3999
2445871.80920 0.4133
2445871.81079 0.4074
2445873.80237 0.4256
2445873.80359 0.4110
2445873.80469 0.4204
2445875.79663 0.4090
2445875.79956 0.4152
2445875.80090 0.4186
2445877.79626 0.4117
2445877.79724 0.4039
2445877.79846 0.4170
2445879.76257 0.4110
2445879.76416 0.4224
2445879.76587 0.4028
2445884.80566 0.4203
2445884.80701 0.4149
2445884.80835 0.4224
2445886.76868 0.4307
2445886.77002 0.4204
2445886.77148 0.4382
2445890.75439 0.4253
2445890.75574 0.4416
2445890.75708 0.4442
2445893.74548 0.4659
2445893.74719 0.4592
2445893.74829 0.4572
2445899.72229 0.4564
2445899.72400 0.4657
2445906.74194 0.4645
2445906.74268 0.4634
2445906.74329 0.4330
2445914.74658 0.4829
2445914.74768 0.4812
2445914.74878 0.4592
2445918.69922 0.4546
2445918.69995 0.4481
2445918.70056 0.4647
2445922.67615 0.4416
2445922.67737 0.4248
2445922.67847 0.4095
2445933.64539 0.4567
2445933.64661 0.4279
2445933.64758 0.4544
2445936.63538 0.4814
2445936.63623 0.4686
2445936.63696 0.4728
2445938.68372 0.4030
2445938.68481 0.4262
2445938.68604 0.4074
2445946.63538 0.4464
2445946.63782 0.4330
2445946.64014 0.4368
2445950.63184 0.4321
2445950.63354 0.4413
2445950.63513 0.4470
2445952.63208 0.4261
2445952.63586 0.4281
2445952.63977 0.4354
2446138.04932 0.4365
2446138.05371 0.4268
2446138.05811 0.4401
2446155.99194 0.4133
2446155.99585 0.4147
2446155.99976 0.4203
2446164.02197 0.4221
2446164.02466 0.4102
2446164.02783 0.4071
2446169.99292 0.3971
2446169.99609 0.3983
2446169.99927 0.3935
2446185.95532 0.3856
2446185.96021 0.3980
2446185.96484 0.3894
2446192.94043 0.4100
2446192.94507 0.4085
2446192.94971 0.4189
2446216.86230 0.4286
2446216.87061 0.4222
2446216.87866 0.4476
2446224.84253 0.4326
2446224.84595 0.4324
2446224.84912 0.4262
2446231.79907 0.4236
2446231.80542 0.4268
2446231.81177 0.4233
2446241.83423 0.4183
2446241.83521 0.4252
2446241.83618 0.4201
2446250.78369 0.4307
2446250.78589 0.4208
2446250.78931 0.4160
2446268.73389 0.4104
2446268.73486 0.4147
2446268.73584 0.4179
2446274.72949 0.4507
2446274.73071 0.4402
2446274.73169 0.4426
2446281.74536 0.4401
2446281.74683 0.4339
2446281.74805 0.4363
2446286.69922 0.4414
2446286.70044 0.4510
2446286.70142 0.4354
2446290.66699 0.4310
2446290.66797 0.4519
2446290.66870 0.4464
2446298.64673 0.4521
2446298.64771 0.4478
2446298.64868 0.4448
2446303.64136 0.4522
2446303.64233 0.4480
2446303.64307 0.4519
2446309.66602 0.4497
2446309.66724 0.4578
2446309.66846 0.4557
2446542.99146 0.4721
2446544.95264 0.4439
2446544.95483 0.4521
2446544.95703 0.4497
2446550.95044 0.4560
2446550.95142 0.4420
2446550.95264 0.4439
2446559.96167 0.4698
2446559.96338 0.4648
2446559.96484 0.4527
2446568.93359 0.4678
2446568.93506 0.4622
2446568.93652 0.4458
2446575.91919 0.4579
2446575.92065 0.4594
2446575.92212 0.4653
2446585.91772 0.4332
2446585.91895 0.4411
2446585.92041 0.4352
2446592.86450 0.4554
2446592.86572 0.4374
2446592.86694 0.4617
2446599.79956 0.4233
2446599.80078 0.4342
2446599.80176 0.4119
2446605.80469 0.4205
2446605.80591 0.3991
2446605.80688 0.4016
2446618.77979 0.3786
2446618.78101 0.3819
2446618.78271 0.3875
2446629.76587 0.4121
2446629.76733 0.4163
2446629.76880 0.4041
2446654.68481 0.4429
2446654.68677 0.4377
2446654.68896 0.4520
2446660.64819 0.4455
2446660.64966 0.4400
2446660.65088 0.4398
2446665.66772 0.4271
2446665.66870 0.4493
2446665.66992 0.4333
2446674.65552 0.4409
2446674.65820 0.4427
2446674.66260 0.4436
2446682.65967 0.4548
2446682.66138 0.4668
2446682.66309 0.4699
2446880.04834 0.4165
2446880.05151 0.4263
2446880.05444 0.4199
2446911.96436 0.4285
2446911.96753 0.4297
2446911.97070 0.4085
2446919.94922 0.4243
2446919.95215 0.4230
2446919.95508 0.4265
2446929.93359 0.4041
2446929.93628 0.4069
2446929.93896 0.3923
2446943.88037 0.4351
2446943.88452 0.4380
2446943.88867 0.4169
2446949.87109 0.4368
2446949.87451 0.4352
2446949.87744 0.4299
2446957.80591 0.4604
2446957.80835 0.4502
2446957.81079 0.4406
2446964.79541 0.4262
2446964.79810 0.4324
2446964.80078 0.4424
2446986.78882 0.4512
2446986.79248 0.4317
2446986.79614 0.4472
2446995.76563 0.4557
2446995.76904 0.4541
2446995.77246 0.4496
2447007.75513 0.4783
2447007.75659 0.4706
2447007.75781 0.4740
2447035.66748 0.4452
2447035.66846 0.4311
2447035.66943 0.4405
2447041.66187 0.4438
2447041.66284 0.4415
2447041.66382 0.4346
2447047.64185 0.4571
2447047.64282 0.4473
2447047.64355 0.4509
2447058.66577 0.4587
2447058.66699 0.4460
2447058.66870 0.4473
2447255.99487 0.4896
2447255.99585 0.4864
2447255.99731 0.4836
2447281.97168 0.4603
2447281.97290 0.4575
2447281.97388 0.4590
2447290.94189 0.4843
2447290.94312 0.4796
2447290.94458 0.4886
2447297.89795 0.4915
2447297.89917 0.4879
2447297.90063 0.5127
2447307.94897 0.5145
2447307.95020 0.5172
2447307.95117 0.5166
2447315.87964 0.5190
2447315.88086 0.5162
2447315.88184 0.5248
2447323.91968 0.5087
2447323.92139 0.5045
2447323.92261 0.5018
2447336.88013 0.4826
2447336.88135 0.4993
2447336.88281 0.4865
2447342.79712 0.4661
2447342.79834 0.4821
2447342.79932 0.4669
2447349.85254 0.4565
2447349.85376 0.4516
2447349.85498 0.4605
2447349.85620 0.4639
2447357.75586 0.4434
2447357.75708 0.4476
2447357.75806 0.4535
2447367.73291 0.4379
2447367.73389 0.4353
2447367.73511 0.4480
2447375.70044 0.4326
2447375.70190 0.4356
2447375.70337 0.4447
2447386.70508 0.4545
2447386.70630 0.4527
2447386.70728 0.4532
2447394.68335 0.4612
2447394.68457 0.4651
2447394.68530 0.4775
2447666.85620 0.4573
2447666.85840 0.4493
2447666.86060 0.4509
2447672.86523 0.4058
2447672.86914 0.4086
2447672.87329 0.4114
2447678.86792 0.3913
2447678.87109 0.3828
2447678.87476 0.3789
2447690.85327 0.3231
2447690.85498 0.3328
2447690.85669 0.3160
2447717.75513 0.4434
2447717.75610 0.4514
2447717.75732 0.4651
2447727.75244 0.4579
2447727.75391 0.4355
2447727.75513 0.4376
2447742.70239 0.4259
2447742.70337 0.4204
2447742.70435 0.4192
2447757.67969 0.4029
2447757.68091 0.4028
2447757.68237 0.4116
2448073.79956 0.4610
2448073.80078 0.4566
2448073.80200 0.4627
2448080.76807 0.4689
2448080.76929 0.4645
2448080.77075 0.4778
2448087.75049 0.4684
2448087.75195 0.4608
2448087.75293 0.4512
2448096.73877 0.4560
2448096.74023 0.4544
2448096.74170 0.4548
2448133.65820 0.4267
2448133.65918 0.4287
2448133.66064 0.4239
2448360.00146 0.4606
2448360.00195 0.4668
2448360.00293 0.4556
2448472.70801 0.4637
2448472.70898 0.4569
2448472.71045 0.4719
2448472.71191 0.4745
2448472.71338 0.4740
2448472.71436 0.4749
2448827.72559 0.4316
2448827.72656 0.4279
2448827.72754 0.4422
2448834.73047 0.4135
2448834.73145 0.4309
2448834.73291 0.4112
2448846.71631 0.4222
2448846.71777 0.4317
2448846.71875 0.4136
2449153.82910 0.4309
2449153.83057 0.4327
2449153.83252 0.4121
2449180.78564 0.4374
2449180.78760 0.4419
2449180.79053 0.4404
2449195.74072 0.5025
2449195.74365 0.4947
2449195.74658 0.4914
2449207.70752 0.4835
2449207.70898 0.4874
2449207.71094 0.4964
2449512.87012 0.4640
2449512.87109 0.4565
2449512.87256 0.4520
2449523.80859 0.4711
2449523.80957 0.4858
2449523.81055 0.4715
2449561.71289 0.4537
2449561.71387 0.4397
2449561.71484 0.4423
2449576.67041 0.4305
2449576.67139 0.4275
2449576.67285 0.4297
2449583.66895 0.4368
2449583.66992 0.4381
2449583.67090 0.4171
