45495.78000 0.4628
45495.78100 0.4694
45495.78100 0.4567
45498.80200 0.4624
45498.80200 0.4609
45498.80300 0.4625
45502.82600 0.4573
45502.82700 0.4620
45502.82800 0.4621
45505.76200 0.4580
45505.76300 0.4644
45505.76400 0.4559
45509.82800 0.4733
45509.82900 0.4698
45509.82900 0.4626
45512.75500 0.4627
45512.75600 0.4628
45512.75700 0.4547
45516.75700 0.4514
45516.75800 0.4533
45516.75900 0.4553
45522.79300 0.4648
45522.79400 0.4493
45522.79400 0.4560
45528.71500 0.4662
45528.71600 0.4640
45528.71700 0.4590
45534.71700 0.4432
45534.71800 0.4607
45534.71800 0.4549
45539.70200 0.4538
45539.70300 0.4550
45539.70300 0.4477
45550.74600 0.4664
45550.74700 0.4818
45550.74700 0.4611
45556.69200 0.4673
45556.69300 0.4612
45556.69400 0.4617
45767.01100 0.4462
45767.01200 0.4495
45767.01300 0.4575
45779.05139 0.4600
45779.05212 0.4524
45779.05273 0.4626
45784.00061 0.4587
45784.00134 0.4634
45784.00208 0.4597
45787.01000 0.4496
45787.01100 0.4707
45787.01200 0.4490
45789.99300 0.4588
45789.99400 0.4705
45789.99500 0.4548
45793.97600 0.4589
45793.97600 0.4625
45793.97700 0.4617
45800.00476 0.4576
45800.00549 0.4589
45800.00610 0.4550
45803.95000 0.4609
45803.95100 0.4591
45803.95200 0.4555
45806.93700 0.4515
45806.93800 0.4556
45806.93800 0.4555
45812.90800 0.4527
45812.90900 0.4581
45812.91000 0.4443
45825.92300 0.4674
45825.92300 0.4607
45825.92400 0.4648
45837.82361 0.4670
45837.82422 0.4488
45837.82483 0.4602
45843.81750 0.4426
45843.81812 0.4657
45843.81873 0.4761
45847.80823 0.4586
45847.80908 0.4415
45847.80994 0.4586
45860.76440 0.4599
45860.76501 0.4605
45860.76575 0.4658
45864.79822 0.4629
45864.79883 0.4592
45864.79944 0.4638
45869.76611 0.4732
45869.76672 0.4666
45869.76733 0.4657
45874.79114 0.4635
45874.79175 0.4700
45874.79236 0.4546
45881.78711 0.4661
45881.78796 0.4641
45881.78894 0.4569
45884.80188 0.4680
45884.80261 0.4607
45884.80322 0.4715
45889.77917 0.4572
45889.78003 0.4702
45889.78101 0.4606
45895.75476 0.4649
45895.75549 0.4677
45895.75659 0.4620
45914.74207 0.4385
45914.74268 0.4567
45914.74316 0.4327
45922.70508 0.4424
45922.70569 0.4030
45922.70642 0.4382
45929.69250 0.4457
45929.69312 0.4390
45929.69373 0.4673
45934.67285 0.4267
45934.67383 0.4359
45934.67468 0.4453
45940.67188 0.4442
45940.67249 0.4500
45940.67310 0.4557
45943.67981 0.4484
45943.68054 0.4388
45943.68164 0.4307
45950.63867 0.4644
45950.63977 0.4632
45950.64087 0.4575
45958.61584 0.4588
45958.61658 0.4519
45958.61743 0.4617
46179.96655 0.4556
46179.96777 0.4487
46179.96875 0.4583
46213.84277 0.4531
46213.84497 0.4563
46213.84546 0.4510
46224.80835 0.4602
46224.80908 0.4622
46224.80981 0.4602
46235.81152 0.4539
46235.81226 0.4543
46235.81299 0.4526
46269.72290 0.4488
46269.72363 0.4433
46269.72437 0.4386
46286.69482 0.4489
46286.69556 0.4499
46286.69678 0.4523
46303.64624 0.4335
46303.64795 0.4478
46303.64844 0.4447
46329.62842 0.4518
46329.62915 0.4488
46329.62988 0.4523
46495.01294 0.4499
46495.01367 0.4403
46495.01465 0.4280
46535.96997 0.4447
46535.97095 0.4511
46535.97168 0.4429
