2439339.80000 0.1927
2439341.80000 0.1938
2439666.80000 0.2059
2439667.80000 0.2042
2440045.80000 0.2011
2440046.80000 0.1932
2440047.80000 0.2032
2440048.80000 0.1999
2440077.80000 0.1972
2440079.80000 0.2088
2440105.80000 0.1920
2440106.80000 0.1968
2440107.80000 0.2033
2440340.80000 0.2000
2440341.80000 0.2033
2440404.80000 0.1971
2440405.80000 0.2033
2440406.80000 0.1991
2440407.80000 0.2084
2440439.80000 0.1966
2440440.80000 0.1989
2440454.80000 0.2009
2440455.80000 0.2013
2440456.80000 0.2013
2440685.80000 0.2075
2440687.80000 0.2078
2440688.80000 0.2040
2440725.80000 0.2144
2440726.80000 0.2138
2440727.80000 0.1950
2440728.80000 0.2022
2440729.80000 0.2032
2440760.80000 0.2082
2440761.80000 0.2065
2440777.80000 0.2034
2440778.80000 0.2085
2440779.80000 0.2057
2440780.80000 0.2001
2440812.80000 0.2036
2441027.80000 0.1985
2441051.80000 0.2025
2441052.80000 0.2055
2441053.80000 0.1975
2441084.80000 0.1950
2441085.80000 0.2001
2441113.80000 0.2024
2441114.80000 0.1983
2441133.80000 0.1955
2441134.80000 0.1974
2441135.80000 0.1972
2441136.80000 0.1990
2441168.80000 0.1992
2441169.80000 0.2050
2441170.80000 0.2036
2441428.80000 0.1975
2441429.80000 0.2004
2441430.80000 0.1996
2441459.80000 0.2047
2441460.80000 0.1960
2441461.80000 0.1978
2441487.80000 0.2022
2441488.80000 0.2019
2441502.80000 0.2056
2441503.80000 0.2047
2441554.80000 0.2075
2441555.80000 0.2020
2441788.80000 0.2161
2441819.80000 0.2117
2441822.80000 0.2032
2441835.80000 0.2062
2441836.80000 0.2096
2441885.80000 0.1985
2441886.80000 0.1977
2441909.80000 0.1996
2441910.80000 0.2025
2441942.80000 0.2004
2441943.80000 0.1937
2441944.80000 0.2003
2441945.80000 0.1996
2442147.80000 0.2089
2442148.80000 0.2036
2442166.80000 0.2132
2442167.80000 0.2023
2442168.80000 0.2045
2442169.80000 0.2030
2442208.80000 0.1998
2442210.80000 0.2068
2442218.80000 0.2053
2442219.80000 0.2070
2442220.80000 0.2002
2442259.80000 0.2067
2442260.80000 0.2005
2442261.80000 0.2041
2442557.80000 0.2041
2442558.80000 0.2089
2442559.80000 0.2148
2442560.80000 0.2087
2442590.80000 0.2053
2442591.80000 0.2044
2442592.80000 0.1976
2442613.80000 0.1963
2442614.80000 0.2049
2442615.80000 0.1997
2442616.80000 0.2076
2442885.80000 0.2040
2442910.80000 0.2050
2442911.80000 0.2011
2442912.80000 0.2033
2442913.80000 0.2036
2442940.80000 0.2005
2442973.80000 0.2146
2442974.80000 0.2061
2442975.80000 0.2088
2443236.80000 0.2042
2443237.80000 0.2023
2443237.80000 0.1976
2443238.80000 0.1971
2443238.80000 0.1951
2443239.80000 0.1948
2443255.80000 0.1888
2443256.80000 0.1909
2443256.80000 0.1946
2443257.80000 0.1974
2443294.80000 0.2332
2443295.80000 0.2001
2443297.80000 0.1918
2443347.80000 0.2126
2443347.80000 0.2086
2443348.80000 0.2063
2443348.80000 0.2026
2443349.80000 0.2082
2443349.80000 0.2076
2443350.80000 0.2064
2443350.80000 0.2092
2443351.80000 0.2113
2443351.80000 0.2050
2443629.80000 0.2125
2443663.80000 0.2076
2443664.80000 0.2027
2443703.80000 0.2023
2443704.80000 0.2039
2443742.80000 0.2036
2443743.80000 0.2048
2443962.80000 0.2084
2443982.80000 0.1969
2443983.80000 0.2070
2443997.80000 0.1994
2443998.80000 0.1907
2444002.80000 0.2047
2444003.80000 0.2066
2444004.80000 0.2119
2444024.80000 0.2166
2444050.80000 0.2052
2444052.80000 0.2076
2444700.01501 0.1935
2444700.01801 0.1896
2444700.02002 0.1910
2444702.96503 0.1900
2444702.96802 0.1975
2444702.97198 0.1856
2444704.02197 0.1892
2444704.02399 0.1973
2444704.02502 0.1903
2444708.96002 0.2013
2444708.96198 0.1898
2444708.96399 0.1988
2444710.00299 0.1987
2444710.00403 0.1933
2444710.00500 0.1822
2444716.98199 0.1935
2444716.98401 0.1904
2444716.98499 0.1935
2444717.98700 0.1938
2444717.98999 0.1879
2444717.99200 0.1936
2444718.97998 0.1907
2444718.98199 0.1970
2444718.98297 0.1872
2444719.97803 0.1923
2444719.97998 0.1931
2444719.98199 0.1906
2444732.90198 0.2082
2444732.90601 0.2059
2444732.90997 0.1982
2444733.87799 0.1951
2444733.88098 0.1978
2444733.88300 0.1928
2444734.89099 0.2063
2444734.89301 0.2045
2444734.89600 0.2022
2444735.89697 0.1964
2444735.90002 0.1966
2444735.90302 0.1899
2444736.89001 0.1930
2444736.89301 0.2027
2444736.89600 0.1965
2444737.92200 0.1983
2444737.92499 0.1897
2444737.92798 0.1949
2444738.88501 0.1959
2444738.88800 0.1926
2444738.89001 0.2040
2444741.96503 0.1895
2444741.96899 0.2003
2444741.97101 0.2052
2444742.86401 0.1958
2444742.86700 0.1975
2444742.86902 0.1982
2444802.78400 0.2043
2444802.78601 0.2015
2444802.78802 0.2069
2444804.77802 0.2025
2444804.78003 0.1997
2444804.78302 0.2050
2444808.79498 0.2100
2444808.79797 0.2027
2444808.79999 0.1982
2444825.74402 0.2070
2444825.74597 0.2012
2444825.74799 0.2007
2444870.65503 0.2002
2444870.65698 0.2068
2444870.65900 0.2007
2444872.66302 0.2038
2444872.66498 0.1983
2444872.66699 0.2018
2444875.64398 0.1945
2444875.64502 0.1986
2444875.64697 0.2003
2445072.97595 0.2029
2445072.97900 0.2070
2445072.98303 0.2115
2445074.96997 0.2036
2445074.97400 0.2000
2445074.97803 0.1986
2445077.92603 0.2033
2445077.92798 0.2166
2445077.93005 0.2219
2445096.92395 0.2050
2445096.92700 0.1954
2445096.92896 0.1978
2445103.93103 0.2285
2445103.93298 0.2177
2445103.93604 0.2098
2445105.94299 0.2054
2445105.94495 0.1992
2445105.94800 0.2131
2445106.93506 0.2062
2445106.93799 0.1951
2445106.93994 0.1961
2445119.85706 0.1946
2445119.85901 0.2047
2445119.86096 0.2066
2445120.91199 0.2084
2445120.91296 0.2143
2445120.91394 0.2027
2445122.82202 0.2081
2445122.82300 0.2078
2445122.82495 0.2076
2445124.78699 0.1988
2445124.79004 0.1907
2445124.79199 0.1995
2445126.80200 0.1998
2445126.80396 0.1993
2445126.80603 0.2031
2445130.78699 0.1993
2445130.78894 0.1995
2445130.79102 0.1981
2445131.78894 0.2109
2445131.79199 0.2036
2445131.79395 0.2106
2445137.87598 0.1959
2445137.87805 0.2057
2445137.87903 0.2100
2445156.80798 0.2066
2445156.81006 0.2095
2445156.81299 0.2113
2445157.78003 0.2130
2445157.78198 0.1975
2445157.78406 0.1961
2445159.76294 0.2116
2445159.76404 0.2114
2445159.76501 0.2082
2445160.79797 0.2023
2445160.80005 0.2026
2445160.80200 0.1984
2445161.77100 0.1873
2445161.77295 0.1928
2445161.77502 0.1882
2445162.76294 0.2067
2445162.76501 0.1972
2445162.76697 0.2000
2445164.73096 0.2060
2445164.73303 0.2011
2445164.73401 0.2053
2445165.76599 0.2062
2445165.76697 0.2118
2445165.76794 0.2062
2445167.75000 0.2158
2445167.75098 0.2080
2445167.75305 0.2034
2445169.71899 0.2123
2445169.71997 0.2143
2445169.72095 0.2065
2445171.71594 0.2263
2445171.71802 0.2101
2445171.71899 0.2074
2445172.72400 0.2033
2445172.72498 0.2075
2445172.72595 0.2136
2445174.72998 0.2063
2445174.73206 0.1965
2445174.73303 0.2002
2445176.71399 0.2083
2445176.71594 0.1998
2445176.71899 0.1950
2445182.69995 0.1974
2445182.70203 0.2011
2445182.70300 0.2055
2445184.72595 0.2062
2445184.72705 0.2007
2445184.72803 0.1995
2445185.69202 0.1968
2445185.69299 0.1983
2445185.69397 0.1934
2445187.69604 0.2094
2445187.69702 0.1971
2445187.69897 0.2109
2445193.72205 0.1947
2445193.72302 0.1969
2445193.72498 0.1998
2445194.70703 0.2104
2445194.70898 0.2130
2445194.70996 0.2049
2445196.72705 0.2085
2445196.72803 0.2206
2445196.72900 0.2172
2445197.70605 0.2178
2445197.70801 0.2149
2445197.70996 0.2156
2445198.68994 0.2154
2445198.69202 0.2106
2445198.69397 0.2125
2445208.68201 0.1979
2445208.68396 0.1999
2445208.68604 0.2068
2445209.69397 0.2136
2445209.69495 0.2265
2445209.69604 0.2182
2445210.69495 0.2127
2445210.69800 0.2104
2445210.69995 0.2109
2445212.67395 0.2212
2445212.67505 0.2128
2445212.67700 0.2044
2445382.05701 0.1988
2445382.05896 0.1839
2445382.06104 0.1926
2445383.04797 0.1810
2445383.05005 0.1847
2445383.05103 0.1827
2445399.02502 0.1895
2445399.02795 0.1788
2445399.02905 0.1866
2445402.97705 0.1848
2445402.97900 0.1832
2445402.98096 0.1818
2445419.95801 0.1852
2445419.95996 0.1930
2445419.96301 0.1918
2445423.00903 0.1945
2445423.01196 0.1902
2445423.01404 0.1924
2445423.99304 0.1763
2445423.99597 0.1867
2445423.99805 0.1866
2445424.97705 0.1897
2445424.97900 0.1902
2445424.98096 0.1882
2445429.97803 0.1948
2445429.97998 0.1936
2445429.98303 0.2008
2445432.00696 0.1887
2445432.01001 0.1950
2445432.01294 0.1979
2445433.01099 0.1952
2445433.01404 0.1956
2445433.01599 0.1869
2445433.97900 0.2034
2445433.98096 0.2014
2445433.98303 0.1898
2445438.94299 0.1759
2445438.94495 0.1823
2445438.94702 0.1879
2445439.94202 0.1826
2445439.94397 0.1775
2445439.94702 0.1808
2445440.92603 0.1914
2445440.92798 0.1896
2445440.93005 0.1852
2445447.92297 0.1875
2445447.92395 0.1852
2445447.92603 0.1932
2445457.90503 0.1847
2445457.90698 0.1894
2445457.91003 0.1904
2445476.81396 0.1906
2445476.81604 0.1892
2445476.81702 0.1834
2445477.80701 0.1866
2445477.80798 0.1915
2445477.80896 0.1879
2445478.78198 0.1955
2445478.78296 0.1881
2445478.78406 0.1821
2445479.80298 0.1884
2445479.80505 0.1861
2445479.80603 0.1889
2445480.77600 0.2000
2445480.77698 0.1926
2445480.77905 0.1850
2445481.91199 0.1872
2445481.91296 0.1916
2445481.91504 0.1828
2445482.77502 0.1916
2445482.77600 0.1933
2445482.77795 0.1847
2445484.89294 0.1904
2445484.89502 0.2072
2445484.89600 0.1969
2445485.82104 0.1915
2445485.82300 0.1994
2445485.82495 0.1949
2445488.92395 0.1830
2445488.92505 0.1939
2445488.92603 0.1932
2445489.91300 0.1857
2445489.91500 0.1833
2445489.91600 0.1954
2445491.82200 0.2090
2445491.82300 0.1966
2445491.82400 0.2035
2445492.82500 0.1980
2445492.82600 0.1859
2445492.82800 0.1910
2445493.91500 0.2018
2445493.91600 0.1973
2445493.91700 0.1942
2445494.83000 0.2075
2445494.83200 0.1917
2445494.83300 0.2075
2445497.80000 0.1857
2445497.80300 0.1917
2445497.80600 0.1982
2445499.78800 0.1869
2445499.78900 0.1926
2445499.79100 0.1908
2445501.79000 0.2044
2445501.79100 0.1955
2445501.79200 0.2010
2445503.76700 0.1854
2445503.76800 0.1874
2445503.76900 0.1791
2445504.80000 0.1968
2445504.80100 0.1979
2445504.80200 0.1895
2445505.82900 0.1964
2445505.83000 0.1945
2445505.83100 0.1838
2445506.81300 0.1904
2445506.81500 0.1923
2445506.81600 0.2078
2445508.80800 0.1911
2445508.80900 0.1828
2445508.81100 0.1822
2445510.81500 0.1955
2445510.81600 0.1848
2445510.81700 0.1823
2445511.75400 0.1825
2445511.75500 0.1846
2445511.75600 0.1963
2445514.73200 0.1792
2445514.73400 0.1826
2445514.73500 0.1853
2445516.78800 0.1903
2445516.79000 0.1858
2445516.79100 0.1852
2445517.80200 0.1884
2445517.80400 0.1755
2445517.80600 0.1763
2445518.77000 0.1926
2445518.77100 0.1906
2445518.77200 0.1882
2445519.75400 0.1983
2445519.75500 0.1934
2445519.75700 0.2116
2445520.79500 0.1806
2445520.79700 0.1909
2445520.79800 0.1884
2445521.78700 0.1796
2445521.78800 0.1737
2445521.78900 0.1707
2445524.80500 0.1897
2445524.80700 0.1958
2445524.80800 0.1917
2445525.76600 0.1841
2445525.76700 0.1837
2445525.76900 0.1876
2445526.73000 0.1928
2445526.73100 0.2042
2445526.73200 0.1820
2445527.77800 0.1808
2445527.77900 0.1837
2445527.78000 0.1866
2445528.73900 0.1831
2445528.74000 0.1890
2445528.74200 0.1842
2445530.73100 0.1872
2445530.73300 0.1802
2445530.73400 0.1818
2445531.71400 0.1863
2445531.71500 0.1791
2445531.71700 0.1779
2445532.73800 0.2060
2445532.74000 0.1959
2445532.74100 0.1977
2445533.71400 0.1991
2445533.71400 0.1958
2445533.71600 0.1962
2445534.73600 0.1819
2445534.73700 0.1793
2445534.73800 0.1786
2445535.73300 0.1853
2445535.73400 0.1902
2445535.73500 0.1896
2445536.68700 0.1866
2445536.68800 0.1963
2445536.68900 0.1878
2445538.71800 0.1768
2445538.72000 0.1887
2445538.72100 0.1803
2445539.70800 0.1834
2445539.70900 0.1851
2445539.71100 0.1960
2445540.75100 0.1846
2445540.75200 0.1769
2445540.75400 0.1834
2445541.71000 0.1865
2445541.71100 0.1931
2445541.71300 0.1902
2445542.69000 0.1831
2445542.69100 0.1899
2445542.69200 0.1967
2445543.70400 0.1940
2445543.70500 0.1869
2445543.70700 0.1898
2445545.71300 0.1990
2445545.71400 0.1983
2445545.71600 0.2025
2445546.82800 0.1759
2445546.83000 0.1863
2445546.83100 0.1881
2445549.77800 0.1872
2445549.77900 0.1916
2445549.78000 0.1814
2445550.78300 0.1882
2445550.78500 0.1868
2445550.78600 0.1876
2445551.71100 0.2003
2445551.71200 0.1946
2445551.71300 0.1878
2445553.75900 0.1975
2445553.76000 0.1974
2445553.76100 0.1978
2445556.72400 0.1959
2445556.72500 0.2058
2445556.72600 0.1974
2445557.71100 0.1975
2445557.71200 0.1916
2445557.71400 0.1879
2445563.81200 0.1939
2445563.81500 0.1947
2445563.81800 0.1900
2445568.69800 0.1975
2445568.70000 0.1970
2445568.70200 0.1958
2445575.65600 0.1858
2445575.65800 0.1745
2445575.65900 0.1908
2445577.64700 0.1871
2445577.64900 0.1915
2445577.65100 0.1877
2445579.65200 0.1957
2445579.65400 0.1923
2445579.65500 0.1996
2445582.64700 0.2177
2445582.64800 0.1991
2445582.65000 0.2054
2445585.67400 0.2063
2445585.67500 0.2158
2445585.67700 0.2108
2445588.63400 0.2014
2445588.63500 0.1919
2445588.63700 0.1807
2445590.68600 0.1907
2445590.68700 0.1875
2445590.68900 0.1895
2445736.05700 0.1964
2445736.05800 0.1870
2445736.06000 0.1753
2445737.06300 0.1845
2445737.06500 0.1847
2445737.06700 0.1915
2445743.05900 0.1797
2445743.06100 0.1855
2445743.06400 0.1896
2445752.05100 0.1942
2445752.05300 0.1917
2445752.05600 0.1988
2445758.01100 0.1928
2445758.01500 0.1878
2445758.01900 0.1885
2445759.02900 0.1761
2445759.03000 0.1824
2445759.03200 0.1833
2445760.03300 0.1810
2445760.03500 0.1880
2445760.03800 0.1839
2445762.03100 0.1805
2445762.03300 0.1763
2445762.03600 0.1763
2445763.04300 0.1844
2445763.04500 0.1939
2445763.04600 0.1926
2445764.04700 0.1835
2445764.04900 0.1825
2445764.05100 0.1810
2445767.03900 0.1824
2445767.04100 0.1804
2445767.04300 0.1842
2445773.03906 0.1944
2445773.04126 0.1845
2445773.04333 0.1992
2445782.99900 0.1862
2445783.00100 0.1785
2445783.00300 0.1844
2445784.01208 0.1997
2445784.01416 0.1867
2445784.01624 0.1849
2445788.02844 0.1845
2445788.03003 0.1833
2445788.03174 0.1858
2445789.00061 0.1968
2445789.00415 0.2136
2445789.00732 0.1980
2445791.02966 0.1753
2445791.03174 0.1799
2445791.03333 0.1842
2445794.03300 0.1802
2445794.03500 0.1711
2445794.03600 0.1706
2445803.00305 0.1937
2445803.00525 0.1905
2445803.00745 0.1977
2445803.96700 0.1842
2445803.96900 0.1999
2445803.97100 0.1854
2445804.95800 0.1766
2445804.96000 0.1838
2445804.96200 0.1834
2445805.99400 0.1909
2445805.99600 0.1855
2445805.99800 0.1807
2445806.95000 0.1889
2445806.95200 0.1818
2445806.95400 0.1922
2445812.91400 0.1781
2445812.91600 0.1767
2445812.91900 0.1840
2445813.95400 0.1768
2445813.95600 0.1716
2445813.95700 0.1815
2445814.94600 0.1960
2445814.94800 0.1880
2445814.95000 0.1794
2445819.97700 0.2030
2445819.97900 0.2003
2445819.98000 0.2044
2445827.83800 0.1897
2445827.84000 0.1903
2445827.84100 0.1864
2445828.95700 0.1933
2445828.95900 0.1847
2445828.96100 0.1822
2445830.89600 0.1964
2445830.89800 0.2080
2445830.90000 0.2035
2445831.89400 0.1849
2445831.89700 0.1853
2445831.89900 0.1861
2445832.81628 0.1788
2445832.81812 0.1779
2445832.81995 0.1854
2445837.82898 0.1810
2445837.83044 0.1897
2445837.83191 0.1828
2445838.90601 0.1900
2445838.90759 0.1853
2445838.90906 0.1900
2445839.81348 0.1841
2445839.81519 0.1858
2445839.81677 0.1904
2445840.80676 0.1848
2445840.80847 0.1857
2445840.81006 0.1889
2445841.81299 0.1771
2445841.81494 0.1826
2445841.81677 0.1846
2445842.86157 0.1897
2445842.86328 0.1902
2445842.86523 0.1935
2445843.89551 0.1903
2445843.89661 0.1904
2445843.89771 0.1869
2445844.80859 0.1941
2445844.81030 0.1968
2445844.81201 0.1927
2445845.92297 0.1847
2445845.92468 0.1806
2445845.92639 0.1914
2445846.80884 0.1871
2445846.81042 0.1922
2445846.81213 0.1877
2445847.89539 0.1871
2445847.89673 0.1854
2445847.89807 0.1919
2445848.89783 0.1928
2445848.89941 0.1952
2445848.90112 0.1962
2445849.92395 0.2043
2445849.92517 0.2037
2445849.92664 0.2006
2445852.93567 0.1877
2445852.93835 0.1828
2445852.94104 0.1893
2445853.82922 0.1921
2445853.83142 0.1894
2445853.83350 0.1945
2445857.92090 0.1826
2445857.92456 0.1886
2445857.92896 0.1895
2445859.91785 0.1976
2445859.92004 0.2010
2445859.92200 0.1914
2445860.76880 0.1932
2445860.77051 0.1870
2445860.77209 0.1896
2445861.81628 0.2003
2445861.81787 0.1954
2445861.81970 0.1992
2445862.79004 0.1925
2445862.79260 0.1979
2445862.79468 0.2017
2445863.77734 0.1851
2445863.77930 0.1835
2445863.78125 0.1890
2445864.81702 0.1848
2445864.81897 0.1934
2445864.82104 0.1927
2445866.79773 0.1932
2445866.80005 0.1969
2445866.80237 0.1932
2445867.91406 0.2026
2445867.91602 0.1976
2445867.91797 0.2026
2445868.81274 0.1885
2445868.81445 0.1950
2445868.81653 0.1970
2445869.77100 0.1821
2445869.77271 0.1931
2445869.77441 0.1845
2445870.74939 0.1855
2445870.75073 0.1921
2445870.75220 0.1894
2445871.81506 0.1855
2445871.81677 0.1884
2445871.81836 0.1968
2445872.78174 0.1900
2445872.78345 0.1916
2445872.78503 0.2044
2445873.76001 0.1923
2445873.76160 0.1985
2445873.76306 0.1989
2445874.81726 0.2011
2445874.81909 0.2019
2445874.82080 0.2019
2445875.82983 0.1988
2445875.83105 0.1959
2445875.83215 0.1938
2445876.78088 0.1979
2445876.78235 0.1996
2445876.78455 0.2039
2445878.76746 0.2036
2445878.76917 0.1995
2445878.77100 0.2017
2445879.81592 0.1952
2445879.81726 0.2037
2445879.81873 0.1948
2445881.82336 0.2022
2445881.82483 0.2009
2445881.82629 0.1969
2445882.82190 0.2048
2445882.82422 0.2193
2445882.82617 0.2047
2445883.90955 0.2010
2445883.91199 0.2080
2445883.91431 0.2050
2445885.81335 0.4279
2445885.81409 0.4409
2445885.81494 0.4394
2445886.79602 0.2003
2445886.79773 0.1992
2445886.79932 0.1918
2445887.75952 0.1927
2445887.76099 0.1853
2445887.76270 0.1924
2445888.81262 0.1901
2445888.81409 0.1827
2445888.81555 0.1939
2445890.77698 0.1995
2445890.77832 0.2004
2445890.77991 0.1956
2445891.79480 0.1957
2445891.79639 0.1947
2445891.79785 0.1870
2445893.78296 0.1977
2445893.78455 0.1869
2445893.78601 0.1954
2445894.81555 0.2035
2445894.81689 0.1976
2445894.81836 0.1988
2445895.79504 0.1997
2445895.79749 0.1882
2445895.80029 0.1937
2445898.82776 0.1940
2445898.83008 0.1965
2445898.83215 0.1991
2445899.83728 0.1889
2445899.83960 0.1963
2445899.84204 0.1916
2445901.72974 0.1830
2445901.73120 0.1938
2445901.73242 0.1892
2445905.75183 0.1829
2445905.75269 0.1906
2445905.75354 0.1911
2445914.75244 0.1971
2445914.75366 0.1977
2445914.75476 0.1949
2445915.81030 0.2011
2445915.81128 0.1853
2445915.81287 0.2075
2445916.77124 0.1981
2445916.77246 0.2041
2445916.77368 0.2061
2445917.74170 0.1898
2445917.74255 0.1791
2445917.74353 0.1916
2445918.75012 0.1860
2445918.75098 0.1834
2445918.75183 0.1912
2445919.73804 0.1899
2445919.73889 0.2091
2445919.73975 0.2039
2445921.76746 0.1939
2445921.76831 0.1811
2445921.76904 0.1830
2445923.77368 0.1969
2445923.77515 0.1995
2445923.77661 0.1844
2445929.75500 0.1854
2445929.75610 0.1967
2445929.75720 0.1909
2445933.72253 0.1961
2445933.72388 0.2058
2445933.72510 0.1967
2445934.74622 0.2093
2445934.74805 0.1850
2445934.74976 0.1858
2445935.73340 0.2004
2445935.73438 0.1946
2445935.73535 0.2069
2445936.70215 0.1905
2445936.70313 0.1942
2445936.70410 0.1998
2445937.70337 0.1957
2445937.70422 0.2025
2445937.70496 0.2097
2445938.72668 0.1753
2445938.72815 0.1730
2445938.72961 0.1671
2445941.74780 0.1967
2445941.74878 0.1868
2445941.74976 0.1993
2445942.72791 0.1982
2445942.72900 0.1978
2445942.72998 0.2014
2445943.69470 0.1856
2445943.69592 0.1955
2445943.69739 0.1952
2445944.71021 0.1917
2445944.71191 0.1815
2445944.71362 0.1973
2445947.68359 0.2103
2445947.68445 0.1989
2445947.68530 0.2147
2445950.71558 0.1886
2445950.71777 0.1925
2445950.72009 0.1851
2445951.68262 0.1893
2445951.68530 0.1903
2445951.68811 0.1976
2445952.68982 0.2015
2445952.69202 0.1949
2445952.69434 0.1910
2445958.66711 0.1960
2445958.66870 0.2041
2445958.67004 0.2034
2445959.70203 0.1968
2445959.70410 0.1941
2445959.70618 0.1849
2445963.66907 0.1864
2445963.67090 0.1944
2445963.67285 0.1866
2445981.63806 0.1971
2445981.64001 0.1993
2445981.64172 0.1938
2445982.61780 0.1863
2445982.61963 0.1882
2445982.62134 0.1941
2446161.01538 0.2040
2446161.01758 0.2057
2446161.01978 0.2044
2446161.99951 0.1988
2446162.00244 0.1989
2446162.00488 0.1954
2446163.96948 0.1959
2446163.97144 0.1815
2446163.97314 0.1854
2446165.99146 0.1993
2446165.99487 0.2101
2446165.99829 0.2103
2446167.00098 0.1932
2446167.00391 0.2017
2446167.00659 0.1954
2446187.95117 0.1808
2446187.95605 0.1861
2446187.96045 0.1778
2446201.96411 0.1933
2446201.96802 0.1974
2446201.97144 0.1921
2446203.96387 0.1958
2446203.96875 0.1964
2446203.97290 0.1983
2446222.81665 0.1962
2446222.81909 0.1938
2446222.82129 0.1880
2446223.86865 0.1908
2446223.87109 0.1918
2446223.87378 0.1834
2446224.81982 0.1928
2446224.82300 0.1969
2446224.82617 0.1973
2446225.86206 0.1884
2446225.86597 0.1875
2446225.87012 0.1957
2446234.81860 0.1932
2446234.82227 0.1879
2446234.82642 0.1871
2446235.84253 0.1892
2446235.84644 0.1940
2446235.85083 0.1805
2446237.81543 0.1922
2446237.81616 0.1905
2446237.81714 0.1925
2446238.76685 0.1873
2446238.76782 0.1874
2446238.76880 0.1897
2446239.80127 0.1893
2446239.80225 0.1844
2446239.80322 0.1814
2446240.82080 0.1884
2446240.82153 0.1934
2446240.82251 0.1927
2446241.84473 0.1880
2446241.84595 0.1891
2446241.84692 0.1890
2446243.77783 0.1997
2446243.77930 0.2101
2446243.78076 0.2061
2446244.86060 0.2075
2446244.86206 0.2081
2446244.86353 0.2131
2446245.79199 0.1987
2446245.79370 0.1967
2446245.79541 0.1961
2446246.78857 0.2029
2446246.79053 0.1976
2446246.79199 0.2031
2446249.84985 0.2058
2446249.85205 0.1985
2446249.85449 0.2033
2446250.77637 0.2021
2446250.77832 0.1972
2446250.78003 0.1980
2446266.79053 0.2034
2446266.79175 0.1968
2446266.79272 0.1982
2446267.77759 0.1988
2446267.77832 0.2012
2446267.77905 0.1891
2446268.75635 0.1964
2446268.75708 0.1924
2446268.75806 0.1881
2446269.75391 0.1910
2446269.75464 0.1935
2446269.75537 0.1919
2446271.77490 0.1924
2446271.77588 0.1959
2446271.77661 0.2044
2446272.73413 0.2006
2446272.73486 0.2002
2446272.73584 0.1894
2446273.76392 0.1956
2446273.76465 0.2057
2446273.76563 0.2015
2446274.73657 0.1941
2446274.73804 0.1966
2446274.73950 0.1911
2446275.75903 0.2033
2446275.76025 0.1938
2446275.76172 0.1996
2446276.71875 0.1970
2446276.71997 0.1924
2446276.72095 0.1987
2446277.73706 0.1952
2446277.73804 0.1973
2446277.73877 0.2026
2446278.74390 0.2016
2446278.74512 0.2036
2446278.74683 0.1924
2446279.71899 0.2127
2446279.72046 0.2077
2446279.72168 0.2030
2446280.69287 0.1991
2446280.69409 0.1983
2446280.69531 0.1928
2446281.75464 0.2077
2446281.75586 0.1983
2446281.75708 0.2083
2446282.71826 0.2038
2446282.71973 0.2032
2446282.72119 0.2064
2446283.70044 0.2129
2446283.70142 0.2148
2446283.70239 0.2173
2446284.70752 0.1915
2446284.70850 0.1968
2446284.70923 0.1943
2446285.72974 0.1971
2446285.73071 0.1998
2446285.73193 0.2100
2446286.71069 0.1917
2446286.71167 0.1891
2446286.71240 0.1868
2446287.71899 0.1932
2446287.71997 0.1905
2446287.72119 0.1970
2446288.66919 0.1942
2446288.67041 0.2006
2446288.67139 0.2034
2446289.71387 0.2016
2446289.71484 0.2001
2446289.71558 0.2049
2446290.68970 0.2044
2446290.69116 0.2006
2446290.69238 0.2003
2446291.69702 0.2046
2446291.69800 0.2127
2446291.69922 0.2135
2446292.68628 0.1971
2446292.68701 0.1988
2446292.68799 0.1963
2446293.70581 0.1943
2446293.70679 0.1994
2446293.70776 0.2036
2446295.69507 0.2106
2446295.69604 0.2024
2446295.69702 0.1993
2446296.70068 0.2006
2446296.70166 0.2100
2446296.70239 0.2044
2446297.69287 0.2066
2446297.69385 0.2021
2446297.69482 0.2035
2446298.69043 0.2013
2446298.69165 0.2090
2446298.69263 0.2050
2446299.70117 0.2015
2446299.70215 0.2038
2446299.70288 0.2015
2446300.68921 0.1926
2446300.68994 0.1958
2446300.69092 0.2005
2446302.67090 0.1938
2446302.67188 0.1970
2446302.67285 0.1946
2446303.66895 0.1979
2446303.66992 0.1947
2446303.67090 0.1998
2446304.66821 0.2115
2446304.66895 0.2055
2446304.66992 0.2072
2446305.68335 0.2038
2446305.68408 0.2094
2446305.68506 0.2123
2446309.67773 0.1840
2446309.67871 0.1964
2446309.67944 0.2012
2446310.69482 0.2033
2446310.69604 0.2005
2446310.70288 0.2009
2446311.66748 0.2104
2446311.66821 0.2092
2446311.66895 0.2091
2446316.65332 0.2137
2446316.65405 0.2083
2446316.65503 0.2094
2446321.65698 0.2011
2446321.65820 0.2082
2446321.65918 0.2090
2446322.64795 0.2001
2446322.64893 0.2058
2446322.64966 0.1985
2446323.64478 0.1952
2446323.64551 0.1991
2446323.64624 0.2056
2446324.64331 0.2025
2446324.64429 0.2065
2446324.64502 0.2007
2446325.65015 0.2009
2446325.65112 0.2029
2446325.65210 0.2063
2446328.63379 0.2032
2446328.63501 0.2043
2446328.63599 0.2026
2446329.63330 0.1941
2446329.63403 0.1921
2446329.63477 0.1905
2446540.99316 0.1858
2446540.99463 0.1824
2446540.99634 0.1942
2446541.99292 0.1910
2446541.99414 0.2013
2446541.99561 0.1930
2446548.00391 0.1849
2446548.00537 0.1989
2446548.00708 0.1950
2446548.95361 0.1838
2446548.95557 0.1779
2446548.95752 0.1855
2446549.96289 0.1820
2446549.96460 0.1742
2446549.96606 0.1800
2446552.96143 0.1891
2446552.96313 0.1917
2446552.96460 0.1843
2446553.99268 0.1904
2446553.99463 0.1907
2446553.99658 0.1869
2446555.96289 0.1829
2446555.96533 0.1900
2446555.96729 0.1946
2446558.95068 0.1960
2446558.95264 0.2025
2446558.95459 0.1896
2446559.98560 0.1890
2446559.98730 0.1861
2446559.98950 0.1880
2446560.92700 0.1882
2446560.92847 0.1813
2446560.92993 0.1760
2446562.96167 0.1883
2446562.96338 0.1880
2446562.96509 0.1920
2446566.98364 0.1942
2446566.98560 0.1950
2446566.98779 0.1957
2446567.98462 0.1939
2446567.98608 0.2036
2446567.98755 0.1926
2446568.92578 0.2018
2446568.92725 0.1926
2446568.92871 0.2017
2446570.93018 0.1903
2446570.93140 0.1878
2446570.93262 0.1903
2446572.94263 0.1969
2446572.94458 0.1925
2446572.94653 0.1994
2446573.94775 0.1899
2446573.94995 0.1936
2446573.95190 0.1890
2446575.95581 0.1932
2446575.95776 0.2053
2446575.95972 0.2011
2446576.90698 0.1945
2446576.90845 0.1926
2446576.90991 0.1901
2446577.80664 0.1978
2446577.80859 0.1924
2446577.81030 0.1978
2446580.91016 0.1966
2446580.91284 0.1999
2446580.91553 0.2028
2446583.93799 0.1965
2446583.94067 0.1937
2446583.94287 0.1958
2446584.91602 0.2025
2446584.91821 0.2022
2446584.92017 0.2013
2446585.92310 0.1974
2446585.92456 0.1982
2446585.92603 0.2104
2446587.90015 0.2019
2446587.90308 0.1978
2446587.90552 0.1996
2446588.90430 0.2032
2446588.90601 0.2085
2446588.90771 0.2108
2446590.92407 0.1960
2446590.92578 0.1998
2446590.92749 0.1984
2446591.91846 0.1951
2446591.91968 0.2037
2446591.92114 0.2014
2446592.91089 0.1933
2446592.91260 0.1941
2446592.91406 0.1916
2446594.90063 0.1975
2446594.90234 0.1956
2446594.90430 0.1973
2446595.91431 0.1883
2446595.91553 0.1923
2446595.91699 0.1878
2446596.87720 0.1948
2446596.87866 0.1935
2446596.88013 0.1984
2446598.92114 0.1900
2446598.92285 0.1976
2446598.92480 0.1917
2446599.89502 0.2010
2446599.89673 0.1918
2446599.89819 0.2040
2446600.88965 0.2001
2446600.89136 0.2058
2446600.89307 0.2110
2446602.90186 0.2100
2446602.90381 0.2079
2446602.90552 0.1965
2446603.90649 0.1957
2446603.90820 0.1976
2446603.91016 0.1977
2446604.88647 0.2002
2446604.88794 0.2009
2446604.88940 0.2040
2446609.83569 0.1896
2446609.83740 0.1934
2446609.83936 0.1913
2446616.82959 0.1877
2446616.83179 0.1919
2446616.83423 0.1936
2446618.80908 0.1947
2446618.81079 0.2043
2446618.81274 0.1942
2446619.80151 0.1977
2446619.80298 0.1974
2446619.80469 0.1966
2446620.80176 0.1920
2446620.80347 0.1993
2446620.80493 0.2044
2446622.75757 0.1991
2446622.75952 0.1914
2446622.76172 0.1883
2446623.79028 0.1905
2446623.79175 0.1916
2446623.79321 0.1967
2446624.76489 0.1950
2446624.76685 0.1933
2446624.76880 0.1979
2446627.79297 0.1941
2446627.79468 0.1967
2446627.79663 0.1946
2446628.79565 0.2026
2446628.79810 0.1960
2446628.80078 0.1981
2446631.76196 0.1837
2446631.76318 0.1898
2446631.76465 0.1825
2446632.76514 0.2025
2446632.76660 0.1974
2446632.76807 0.2069
2446639.77295 0.2257
2446639.77515 0.2081
2446639.77783 0.2173
2446649.74390 0.1950
2446649.74561 0.2025
2446649.74731 0.2085
2446650.76001 0.2011
2446650.76196 0.2076
2446650.76367 0.2047
2446653.71655 0.1916
2446653.71777 0.2039
2446653.71924 0.1984
2446655.72583 0.2024
2446655.72803 0.2045
2446655.73022 0.2001
2446656.71924 0.2023
2446656.72095 0.2047
2446656.72241 0.2089
2446657.70044 0.2080
2446657.70239 0.1946
2446657.70386 0.1942
2446659.71191 0.2007
2446659.71338 0.2158
2446659.71484 0.2082
2446663.70801 0.1887
2446663.70972 0.2008
2446663.71191 0.2022
2446664.72241 0.2074
2446664.72388 0.2051
2446664.72534 0.2038
2446665.68164 0.2023
2446665.68286 0.1998
2446665.68408 0.2002
2446667.67847 0.2033
2446667.68018 0.2034
2446667.68188 0.1992
2446672.69531 0.2149
2446672.69727 0.2086
2446672.69946 0.2037
2446673.67896 0.2041
2446673.68091 0.2115
2446673.68311 0.2146
2446676.67310 0.2048
2446676.67480 0.2073
2446676.67627 0.2065
2446677.67676 0.2188
2446677.67822 0.2130
2446677.67969 0.2115
2446679.67822 0.2013
2446679.67993 0.2065
2446679.68188 0.2020
2446683.65747 0.1990
2446683.65991 0.2088
2446683.66260 0.1995
2446687.66333 0.2001
2446687.66553 0.1991
2446687.66797 0.1938
2446688.63330 0.2111
2446688.63525 0.2041
2446688.63696 0.2018
2446689.63672 0.1964
2446689.63843 0.1985
2446689.64038 0.2035
2446691.62427 0.2101
2446691.62671 0.2009
2446691.62964 0.2065
2446695.62354 0.2050
2446695.62549 0.2053
2446695.62744 0.2143
2446919.01147 0.1879
2446919.01465 0.1860
2446919.01758 0.1817
2446920.96777 0.2004
2446920.97119 0.1839
2446920.97461 0.1873
2446921.99365 0.1976
2446921.99707 0.2038
2446922.00024 0.1947
2446922.99121 0.1932
2446922.99438 0.2020
2446922.99780 0.2083
2446928.97632 0.2063
2446928.97974 0.2018
2446928.98364 0.2096
2446937.94385 0.2030
2446937.94702 0.1945
2446937.95020 0.1951
2446948.93555 0.1970
2446948.93921 0.2027
2446948.94263 0.2040
2446950.91284 0.1885
2446950.91797 0.1898
2446950.92212 0.1925
2446951.93750 0.2007
2446951.94141 0.1887
2446951.94531 0.1800
2446954.89990 0.2012
2446954.90405 0.2124
2446954.90747 0.2015
2446956.89844 0.1994
2446956.90186 0.2005
2446956.90527 0.1999
2446958.89746 0.1953
2446958.90088 0.2005
2446958.90454 0.1980
2446959.88696 0.1971
2446959.89038 0.1950
2446959.89380 0.1879
2446962.90015 0.2037
2446962.90405 0.1992
2446962.90820 0.2021
2446963.90283 0.1864
2446963.90601 0.2071
2446963.90942 0.1998
2446964.80713 0.2009
2446964.80957 0.2047
2446964.81226 0.1978
2446966.89502 0.2088
2446966.89844 0.2114
2446966.90210 0.2167
2446967.88184 0.1869
2446967.88525 0.1934
2446967.88867 0.1962
2446986.80347 0.1988
2446986.80762 0.1929
2446986.81177 0.1888
2446989.77783 0.1953
2446989.78101 0.1879
2446989.78442 0.1893
2446991.78101 0.2045
2446991.78467 0.1898
2446991.78833 0.2053
2446996.79126 0.1956
2446996.79492 0.2039
2446996.79883 0.1930
2447000.84058 0.2001
2447000.84204 0.1908
2447000.84351 0.1939
2447005.83838 0.1949
2447005.84058 0.1985
2447005.84277 0.2038
2447007.76343 0.2008
2447007.76538 0.1915
2447007.76709 0.1923
2447008.76099 0.1918
2447008.76172 0.1910
2447008.76270 0.1880
2447021.70142 0.2067
2447021.70313 0.2032
2447021.70435 0.2082
2447024.71240 0.2068
2447024.71362 0.2041
2447024.71484 0.2117
2447029.77979 0.1941
2447029.78076 0.2019
2447029.78198 0.1960
2447031.73315 0.2148
2447031.73438 0.2127
2447031.73584 0.2162
2447032.76563 0.2061
2447032.76660 0.2066
2447032.76782 0.2112
2447035.72388 0.2091
2447035.72485 0.2117
2447035.72583 0.2050
2447038.67358 0.2092
2447038.67456 0.2059
2447038.67554 0.2164
2447041.66724 0.2175
2447041.66846 0.2206
2447041.66943 0.2167
2447043.66650 0.2127
2447043.66797 0.2095
2447043.66919 0.2121
2447044.65356 0.2049
2447044.65430 0.2117
2447044.65527 0.2115
2447045.64966 0.2175
2447045.65039 0.2182
2447045.65137 0.2231
2447047.67920 0.2099
2447047.67993 0.2162
2447047.68091 0.2114
2447048.62939 0.2222
2447048.63013 0.2231
2447048.63086 0.2175
2447053.64624 0.2239
2447053.64722 0.2111
2447053.64844 0.2109
2447055.67651 0.2213
2447055.67749 0.2106
2447055.67847 0.2129
2447056.69800 0.2169
2447056.69897 0.2195
2447056.69995 0.2195
2447057.68530 0.1991
2447057.68628 0.1986
2447057.68750 0.1897
2447058.64868 0.1988
2447058.64966 0.1978
2447058.65039 0.2029
2447058.65479 0.2146
2447058.65552 0.2103
2447058.65649 0.2061
2447060.65601 0.2030
2447060.65698 0.2007
2447060.65820 0.2057
2447069.62256 0.2254
2447069.62354 0.2065
2447069.62451 0.1995
2447069.62549 0.2020
2447069.62622 0.2095
2447256.00366 0.1941
2447256.00513 0.1959
2447256.00684 0.1945
2447258.02759 0.1922
2447258.02881 0.1981
2447258.03003 0.2024
2447275.99243 0.1991
2447275.99390 0.2041
2447275.99536 0.2035
2447281.98096 0.2015
2447281.98218 0.1946
2447281.98364 0.1923
2447283.98706 0.2074
2447283.98828 0.2036
2447283.98950 0.2075
2447285.93896 0.2023
2447285.94019 0.2021
2447285.94263 0.1935
2447295.95630 0.2027
2447295.95728 0.2079
2447295.95874 0.2057
2447296.92480 0.2034
2447296.92603 0.1986
2447296.92725 0.2082
2447297.90503 0.1947
2447297.90601 0.1960
2447297.90698 0.2049
2447300.94165 0.2043
2447300.94263 0.2038
2447300.94360 0.2001
2447301.95239 0.2110
2447301.95337 0.2045
2447301.95435 0.2104
2447302.95435 0.2084
2447302.95557 0.2086
2447302.95679 0.2175
2447305.95361 0.2024
2447305.95483 0.2081
2447305.95605 0.2096
2447306.94800 0.1993
2447306.94922 0.2095
2447306.95020 0.2181
2447307.95605 0.1954
2447307.95728 0.1894
2447307.95850 0.1928
2447309.94604 0.2042
2447309.94800 0.2037
2447309.94971 0.1922
2447312.91187 0.2015
2447312.91333 0.2001
2447312.91504 0.1989
2447313.87988 0.2031
2447313.88184 0.1936
2447313.88330 0.2001
2447315.88745 0.1918
2447315.88892 0.1912
2447315.89038 0.1983
2447322.96094 0.2053
2447322.96216 0.2074
2447322.96313 0.2047
2447326.88110 0.2064
2447326.88232 0.1984
2447326.88354 0.2010
2447328.89063 0.2058
2447328.89160 0.2125
2447328.89258 0.1985
2447331.86890 0.2173
2447331.87012 0.1983
2447331.87134 0.2126
2447335.88403 0.1997
2447335.88501 0.2009
2447335.88574 0.2088
2447337.88745 0.2010
2447337.88916 0.2047
2447337.89063 0.2081
2447338.88477 0.2101
2447338.88599 0.2074
2447338.88721 0.2090
2447339.87231 0.2063
2447339.87329 0.2077
2447339.87451 0.2063
2447341.88477 0.1887
2447341.88574 0.1968
2447341.88672 0.1972
2447342.87158 0.2115
2447342.87280 0.2093
2447342.87402 0.2176
2447343.86255 0.2045
2447343.86377 0.2025
2447343.86475 0.2023
2447344.88477 0.2120
2447344.88574 0.2031
2447344.88672 0.2174
2447345.81128 0.1972
2447345.81274 0.2013
2447345.81396 0.2001
2447346.81348 0.2076
2447346.81470 0.2087
2447346.81592 0.2085
2447348.83252 0.2023
2447348.83374 0.2181
2447348.83496 0.2013
2447349.86328 0.2051
2447349.86572 0.2018
2447349.86694 0.2009
2447350.85376 0.2092
2447350.85498 0.2077
2447350.85620 0.2099
2447351.87378 0.2007
2447351.87500 0.2082
2447351.87622 0.2100
2447356.77441 0.1992
2447356.77539 0.2043
2447356.77686 0.1968
2447359.74731 0.1926
2447359.74829 0.1912
2447359.74951 0.1890
2447361.78687 0.1946
2447361.78809 0.1932
2447361.78906 0.2007
2447366.77808 0.2038
2447366.77905 0.2083
2447366.78027 0.1950
2447369.75293 0.2114
2447369.75415 0.1986
2447369.75537 0.1998
2447370.77490 0.2079
2447370.77612 0.2121
2447370.77734 0.2154
2447371.74927 0.2067
2447371.75073 0.2074
2447371.75220 0.2139
2447372.75244 0.2074
2447372.75366 0.2066
2447372.75464 0.2027
2447374.74829 0.1988
2447374.74976 0.2116
2447374.75146 0.2032
2447378.77124 0.2003
2447378.77246 0.2029
2447378.77368 0.2100
2447379.78638 0.1990
2447379.78784 0.1980
2447379.78931 0.1905
2447383.75879 0.1949
2447383.76025 0.1979
2447383.76147 0.1933
2447384.76440 0.2014
2447384.76563 0.2014
2447384.76709 0.1963
2447385.75830 0.2019
2447385.76025 0.1996
2447385.76221 0.1925
2447386.71045 0.2006
2447386.71216 0.2011
2447386.71362 0.2051
2447388.71777 0.1962
2447388.71875 0.2065
2447388.71997 0.2106
2447389.72095 0.2189
2447389.72192 0.2127
2447389.72290 0.2196
2447391.70142 0.2089
2447391.70264 0.2037
2447391.70386 0.2173
2447392.67651 0.2112
2447392.67773 0.1998
2447392.67920 0.1968
2447394.71777 0.2002
2447394.71924 0.2042
2447394.72046 0.2162
2447395.69067 0.2039
2447395.69189 0.2208
2447395.69287 0.2121
2447396.70093 0.1915
2447396.70190 0.2002
2447396.70313 0.2013
2447405.67285 0.1982
2447405.67432 0.1952
2447405.67603 0.1988
2447410.70215 0.1983
2447410.70435 0.1996
2447410.70654 0.2014
2447411.67456 0.2157
2447411.67651 0.1922
2447411.67847 0.2023
2447412.67358 0.2040
2447412.67529 0.1975
2447412.67676 0.2055
2447414.70801 0.2058
2447414.71021 0.2123
2447414.71362 0.2055
2447421.64990 0.1967
2447421.65088 0.2060
2447421.65210 0.1984
2447648.90186 0.2028
2447648.90405 0.1894
2447648.90601 0.1958
2447654.95020 0.2082
2447654.95264 0.2105
2447654.95557 0.2114
2447659.97681 0.2111
2447659.97925 0.2055
2447659.98193 0.2011
2447663.85278 0.1959
2447663.85498 0.2045
2447663.85742 0.2061
2447667.90015 0.2030
2447667.90283 0.2038
2447667.90552 0.2025
2447668.85400 0.1975
2447668.85645 0.1938
2447668.85889 0.1991
2447669.85620 0.2012
2447669.86060 0.1981
2447669.86499 0.1915
2447675.90698 0.1977
2447675.90967 0.2095
2447675.91284 0.1941
2447687.87891 0.2167
2447687.88062 0.2204
2447687.88232 0.2190
2447689.88818 0.2068
2447689.88989 0.2213
2447689.89185 0.2220
2447714.77563 0.2012
2447714.77710 0.2104
2447714.77832 0.2031
2447719.75757 0.2112
2447719.75879 0.2108
2447719.76025 0.2116
2447724.77954 0.2185
2447724.78052 0.2126
2447724.78149 0.2185
2447726.78052 0.2220
2447726.78198 0.2142
2447726.78320 0.2197
2447728.75488 0.2115
2447728.75610 0.2075
2447728.75708 0.2146
2447740.73193 0.2142
2447740.73340 0.2187
2447740.73462 0.2155
2447746.71606 0.2136
2447746.71777 0.2103
2447746.71875 0.2157
2447752.73193 0.2192
2447752.73315 0.2155
2447752.73438 0.2171
2447756.71216 0.2072
2447756.71313 0.2088
2447756.71436 0.1994
2447758.68311 0.2240
2447758.68408 0.2163
2447758.68506 0.2141
2447771.65796 0.2056
2447771.65918 0.2118
2447771.66064 0.2128
2448068.80005 0.2099
2448068.80151 0.2123
2448068.80322 0.2090
2448075.79419 0.2007
2448075.79590 0.2039
2448075.79785 0.1971
2448082.76758 0.2198
2448082.76855 0.2161
2448082.76978 0.2206
2448088.76123 0.2142
2448088.76270 0.2131
2448088.76416 0.2105
2448092.76270 0.2044
2448092.76416 0.2096
2448092.76587 0.2121
2448094.74829 0.2114
2448094.74976 0.2057
2448094.75098 0.2142
2448096.74805 0.2090
2448096.74951 0.2135
2448096.75098 0.2073
2448098.74170 0.2053
2448098.74316 0.2074
2448098.74414 0.2151
2448100.73584 0.2128
2448100.73682 0.2158
2448100.73828 0.2170
2448104.71729 0.2138
2448104.71875 0.2122
2448104.71973 0.2138
2448107.73193 0.2097
2448107.73340 0.2142
2448107.73486 0.2122
2448123.70801 0.2007
2448123.70947 0.2032
2448123.71143 0.2093
2448131.66064 0.2070
2448131.66260 0.2079
2448131.66406 0.2118
2448133.66895 0.2022
2448133.67041 0.2079
2448133.67188 0.2102
2448134.66016 0.2173
2448134.66162 0.2135
2448134.66309 0.2115
2448135.65039 0.2110
2448135.65137 0.2077
2448135.65283 0.2082
2448136.64795 0.2047
2448136.64893 0.2080
2448136.65039 0.2136
2448387.89844 0.2013
2448387.89941 0.2053
2448387.90088 0.2038
2448392.92725 0.2135
2448392.92871 0.2052
2448392.93066 0.2076
2448395.89307 0.1982
2448395.89551 0.2015
2448395.89746 0.2049
2448396.92432 0.2009
2448396.92578 0.2056
2448396.92725 0.2026
2448397.93506 0.2089
2448397.93652 0.1993
2448397.93799 0.2081
2448400.95605 0.2037
2448400.95752 0.2028
2448400.95947 0.2049
2448402.94434 0.2039
2448402.94629 0.2145
2448402.94873 0.2120
2448404.92041 0.2014
2448404.92236 0.2056
2448404.92432 0.2030
2448405.91797 0.2023
2448405.91943 0.2035
2448405.92139 0.2077
2448411.88037 0.1945
2448411.88184 0.2007
2448411.88281 0.2022
2448426.86865 0.2036
2448426.87109 0.1878
2448426.87305 0.1965
2448429.86914 0.2024
2448429.87109 0.1946
2448429.87402 0.1953
2448430.79736 0.1993
2448430.79980 0.1982
2448430.80225 0.1959
2448448.77295 0.2015
2448448.77539 0.2001
2448448.77734 0.1944
2448450.76855 0.2029
2448450.77051 0.2165
2448450.77197 0.2029
2448451.79834 0.2115
2448451.80029 0.2090
2448451.80225 0.2006
2448454.76465 0.1950
2448454.76660 0.1961
2448454.76807 0.1946
2448458.77881 0.2044
2448458.78076 0.2025
2448458.78271 0.2060
2448460.75146 0.2004
2448460.75342 0.1937
2448460.75537 0.1963
2448462.73926 0.1971
2448462.74121 0.2028
2448462.74316 0.1959
2448467.71826 0.1874
2448467.72021 0.1927
2448467.72217 0.1874
2448694.99268 0.2034
2448694.99707 0.2020
2448695.00098 0.1971
2448732.90625 0.2054
2448732.90723 0.2026
2448732.90869 0.2030
2448755.95020 0.1941
2448755.95117 0.1867
2448755.95264 0.1882
2448756.86865 0.1898
2448756.87012 0.1935
2448756.87158 0.1960
2448757.89404 0.1899
2448757.89600 0.1834
2448757.89746 0.1879
2448758.87451 0.1909
2448758.87549 0.1934
2448758.87695 0.1889
2448760.90918 0.1966
2448760.91113 0.1895
2448760.91309 0.1900
2448771.92773 0.1951
2448771.92871 0.1851
2448771.93018 0.1833
2448772.92627 0.1800
2448772.92773 0.1818
2448772.92920 0.1866
2448776.91357 0.1894
2448776.91553 0.1812
2448776.91699 0.1849
2448781.86865 0.1888
2448781.86963 0.1910
2448781.87109 0.1851
2448782.86182 0.1883
2448782.86377 0.1832
2448782.86523 0.1885
2448784.83154 0.1819
2448784.83301 0.1785
2448784.83398 0.1818
2448785.82617 0.1846
2448785.82764 0.1823
2448785.82910 0.1900
2448786.85303 0.1860
2448786.85449 0.1888
2448786.85596 0.1927
2448787.85498 0.1873
2448787.85645 0.1917
2448787.85791 0.1848
2448788.86670 0.1802
2448788.86816 0.1902
2448788.86963 0.1793
2448789.82715 0.1870
2448789.82910 0.1797
2448789.83154 0.1854
2448790.85303 0.1830
2448790.85449 0.1871
2448790.85547 0.1904
2448791.83154 0.1837
2448791.83350 0.1863
2448791.83496 0.1789
2448792.79883 0.1833
2448792.79980 0.1812
2448792.80078 0.1811
2448793.84766 0.1904
2448793.84912 0.1881
2448793.85107 0.1899
2448794.82178 0.1973
2448794.82373 0.1927
2448794.82568 0.1897
2448797.87061 0.1877
2448797.87207 0.1876
2448797.87354 0.1890
2448801.82666 0.1917
2448801.82813 0.1841
2448801.82959 0.1844
2448805.78174 0.1813
2448805.78271 0.1828
2448805.78467 0.1789
2448808.80762 0.1908
2448808.80957 0.1815
2448808.81104 0.1805
2448813.81738 0.1927
2448813.81836 0.1898
2448813.81982 0.1898
2448820.81836 0.1925
2448820.81982 0.1945
2448820.82129 0.1939
2448826.76904 0.2033
2448826.77051 0.2037
2448826.77148 0.1972
2448827.73145 0.1943
2448827.73291 0.1936
2448827.73389 0.1914
2448829.80322 0.1855
2448829.80469 0.1858
2448829.80615 0.1858
2448833.74365 0.1808
2448833.74512 0.1864
2448833.74707 0.1865
2448835.73584 0.1835
2448835.73730 0.1919
2448835.73877 0.1863
2448837.74707 0.1969
2448837.74854 0.1882
2448837.75000 0.1929
2448839.72314 0.1808
2448839.72412 0.1828
2448839.72510 0.1861
2448841.71875 0.2061
2448841.72021 0.1969
2448841.72119 0.1989
2448842.75244 0.1968
2448842.75391 0.1945
2448842.75537 0.1902
2448843.73730 0.2019
2448843.73877 0.2032
2448843.74023 0.2046
2448844.71533 0.1843
2448844.71631 0.1890
2448844.71777 0.1854
2448845.75439 0.1894
2448845.75586 0.1876
2448845.75781 0.1832
2448846.72217 0.1871
2448846.72363 0.1905
2448846.72510 0.1824
2448847.71582 0.1867
2448847.71729 0.1854
2448847.71924 0.1897
2448849.72363 0.1900
2448849.72510 0.1980
2448849.72607 0.1978
2448850.75391 0.1930
2448850.75488 0.1964
2448850.75635 0.1945
2448852.72949 0.1909
2448852.73096 0.1987
2448852.73193 0.1929
2448853.72363 0.1952
2448853.72461 0.2033
2448853.72607 0.1961
2448854.72559 0.1989
2448854.72705 0.1943
2448854.72852 0.1955
2448855.71240 0.1956
2448855.71387 0.1939
2448855.71484 0.1932
2448856.68115 0.1957
2448856.68262 0.1945
2448856.68408 0.1932
2448857.72021 0.1961
2448857.72168 0.2012
2448857.72314 0.2042
2448858.72217 0.1959
2448858.72363 0.1987
2448858.72510 0.1969
2448859.70264 0.1921
2448859.70410 0.1957
2448859.70557 0.1915
2448860.70605 0.1922
2448860.70752 0.1858
2448860.70850 0.1895
2448861.69678 0.1867
2448861.69824 0.1932
2448861.70020 0.1907
2448862.70020 0.1920
2448862.70215 0.1984
2448862.70361 0.1945
2448863.69189 0.1871
2448863.69336 0.1843
2448863.69482 0.1853
2448865.66699 0.1874
2448865.66846 0.1968
2448865.66992 0.1943
2448870.70215 0.1910
2448870.70361 0.1949
2448870.70508 0.1922
2448871.67627 0.1988
2448871.67773 0.1891
2448871.67920 0.1922
2448872.71191 0.1950
2448872.71338 0.1951
2448872.71484 0.1943
2448873.66650 0.1979
2448873.66797 0.1889
2448873.66895 0.1865
2448874.68115 0.1874
2448874.68262 0.1919
2448874.68408 0.1941
2448875.67090 0.1920
2448875.67188 0.1937
2448875.67334 0.1959
2448877.67920 0.1884
2448877.68066 0.1915
2448877.68262 0.1877
2448878.66309 0.1815
2448878.66504 0.1883
2448878.66602 0.1858
2448879.68262 0.1861
2448879.68408 0.1940
2448879.68506 0.1908
2448880.66016 0.2002
2448880.66162 0.2027
2448880.66260 0.2031
2448881.67188 0.1857
2448881.67334 0.1961
2448881.67432 0.1914
2448882.67139 0.1849
2448885.64844 0.1864
2448885.64990 0.1993
2448885.65088 0.2012
2448886.63916 0.1938
2448886.64062 0.1881
2448886.64209 0.1865
2448888.64697 0.1919
2448888.64844 0.2028
2448888.64941 0.1956
2448890.66064 0.1890
2448890.66211 0.1982
2448890.66357 0.1971
2449131.93115 0.2022
2449131.93262 0.1970
2449131.93457 0.1944
2449136.92822 0.1914
2449136.93066 0.1956
2449136.93311 0.1850
2449152.89209 0.2119
2449152.89404 0.2165
2449152.89600 0.2122
2449153.83838 0.1991
2449153.83984 0.1979
2449153.84131 0.1960
2449156.87744 0.1767
2449156.87939 0.1824
2449156.88086 0.1796
2449173.78174 0.1871
2449173.78516 0.1907
2449173.78857 0.1973
2449175.79297 0.1882
2449175.79639 0.1880
2449175.79980 0.1893
2449176.80859 0.1847
2449176.81104 0.1943
2449176.81348 0.1828
2449177.81543 0.1851
2449177.81836 0.1977
2449177.82129 0.1945
2449178.81592 0.1953
2449178.81885 0.1802
2449178.82129 0.1814
2449179.80713 0.2081
2449179.80908 0.2066
2449179.81152 0.2223
2449180.82812 0.1952
2449180.83057 0.2003
2449180.83350 0.1951
2449183.83008 0.1929
2449183.83252 0.1927
2449183.83545 0.1873
2449186.81543 0.1819
2449186.81836 0.1808
2449186.82080 0.1922
2449193.78760 0.1990
2449193.79053 0.1879
2449193.79395 0.1883
2449196.78662 0.2005
2449196.79150 0.2021
2449196.79688 0.1966
2449197.77051 0.1900
2449197.77539 0.2025
2449197.78027 0.1968
2449198.74609 0.1925
2449198.75049 0.1885
2449198.75488 0.1944
2449199.76709 0.1798
2449199.77295 0.1846
2449199.77734 0.1856
2449201.77051 0.1988
2449201.77441 0.1961
2449201.77881 0.1920
2449203.74023 0.1975
2449203.74463 0.2067
2449203.74951 0.1915
2449205.74023 0.1860
2449205.74316 0.1924
2449205.74561 0.1917
2449206.75342 0.1689
2449206.75488 0.1651
2449206.75586 0.1703
2449207.75928 0.2026
2449207.76172 0.1964
2449207.76465 0.1964
2449209.75586 0.2071
2449209.75879 0.1969
2449209.76172 0.2031
2449211.71436 0.1988
2449211.71631 0.1985
2449211.71875 0.1902
2449214.74072 0.1804
2449214.74268 0.1933
2449214.74512 0.1973
2449215.74805 0.1890
2449215.75098 0.1880
2449215.75293 0.1983
2449216.71875 0.1893
2449216.72119 0.1896
2449216.72314 0.1875
2449230.66748 0.1813
2449230.67041 0.1864
2449230.67285 0.1866
2449234.66748 0.1888
2449234.66992 0.1882
2449234.67188 0.1922
2449251.63330 0.1892
2449251.63574 0.1933
2449251.63770 0.1891
2449493.91504 0.1786
2449493.91650 0.1913
2449493.91748 0.1777
2449513.88818 0.1880
2449513.88965 0.1876
2449513.89062 0.1882
2449516.86133 0.1961
2449516.86230 0.1910
2449516.86377 0.1807
2449525.85449 0.1792
2449525.85596 0.1818
2449525.85693 0.1792
2449538.78906 0.1886
2449538.79004 0.1951
2449538.79102 0.1917
2449549.81689 0.1913
2449549.81787 0.1936
2449549.81934 0.1938
2449560.75537 0.1926
2449560.75684 0.1938
2449560.75781 0.1896
2449574.71973 0.1934
2449574.72070 0.1898
2449574.72217 0.1926
2449580.71338 0.1932
2449580.71436 0.1984
2449580.71533 0.1862
2449603.63574 0.1905
2449603.63672 0.1978
2449603.63818 0.1936
2449610.63965 0.1899
2449610.64062 0.2009
2449610.64209 0.1965
2449886.85205 0.1948
2449886.85352 0.1871
2449886.85449 0.1922
