39342.80000 0.7995
39669.80000 0.7265
39978.80000 0.6509
39979.80000 0.6894
40045.80000 0.7317
40046.80000 0.7203
40048.80000 0.6938
40077.80000 0.7245
40078.80000 0.7401
40079.80000 0.7461
40339.80000 0.7006
40340.80000 0.7145
40405.80000 0.6710
40439.80000 0.6238
40440.80000 0.6053
40457.80000 0.6369
40685.80000 0.7815
40727.80000 0.7213
40728.80000 0.7530
40760.80000 0.7744
40761.80000 0.7843
40762.80000 0.7291
40777.80000 0.7477
40778.80000 0.7235
40779.80000 0.6973
40780.80000 0.8071
40810.80000 0.7557
40811.80000 0.7119
40812.80000 0.7270
41050.80000 0.7237
41051.80000 0.7488
41052.80000 0.7082
41053.80000 0.7010
41084.80000 0.7067
41085.80000 0.6689
41113.80000 0.7657
41114.80000 0.7516
41133.80000 0.7288
41134.80000 0.7595
41135.80000 0.7553
41169.80000 0.7797
41170.80000 0.8322
41199.80000 0.7413
41202.80000 0.7543
41428.80000 0.7730
41429.80000 0.7768
41430.80000 0.7712
41459.80000 0.6869
41460.80000 0.7205
41461.80000 0.7016
41487.80000 0.8592
41488.80000 0.8746
41502.80000 0.8331
41503.80000 0.8910
41555.80000 0.7980
41786.80000 0.7723
41788.80000 0.7668
41819.80000 0.6582
41820.80000 0.6993
41821.80000 0.6841
41836.80000 0.7951
41885.80000 0.8927
41886.80000 0.8450
41909.80000 0.7923
41910.80000 0.8468
41911.80000 0.8098
42148.80000 0.7207
42167.80000 0.7750
42168.80000 0.7960
42169.80000 0.7835
42208.80000 0.7820
42210.80000 0.7895
42218.80000 0.7734
42219.80000 0.8031
42220.80000 0.7908
42259.80000 0.7230
42260.80000 0.7001
42261.80000 0.7132
42282.80000 0.8048
42283.80000 0.7768
42284.80000 0.8019
42285.80000 0.8130
42557.80000 0.7331
42590.80000 0.7824
42591.80000 0.8262
42592.80000 0.8630
42613.80000 0.7801
42614.80000 0.7585
42615.80000 0.8033
42616.80000 0.7413
42644.80000 0.7240
42645.80000 0.6902
42646.80000 0.7723
42647.80000 0.7990
42910.80000 0.7960
42911.80000 0.7730
42912.80000 0.8651
42913.80000 0.8301
42940.80000 0.8095
42973.80000 0.9060
42975.80000 0.8797
43237.80000 0.8741
43238.80000 0.8006
43239.80000 0.8323
43255.80000 0.8808
43256.80000 0.9138
43256.80000 0.9268
43257.80000 0.9263
43257.80000 0.8519
43273.80000 0.8701
43294.80000 1.0835
43295.80000 0.5773
43296.80000 0.7888
43297.80000 0.8172
43346.80000 0.8465
43347.80000 0.8142
43347.80000 0.7517
43348.80000 0.7756
43348.80000 0.7660
43349.80000 0.7860
43349.80000 0.7621
43350.80000 0.7620
43350.80000 0.8123
43351.80000 0.7751
43351.80000 0.7150
43629.80000 0.9030
43664.80000 0.7782
43703.80000 0.7643
43704.80000 0.7711
43742.80000 0.8359
43743.80000 0.8564
43982.80000 0.6616
43983.80000 0.6945
43997.80000 0.7872
44002.80000 0.8352
44003.80000 0.8598
44004.80000 0.8306
44005.80000 0.8624
44024.80000 0.8927
44050.80000 0.9364
44051.80000 0.9096
44411.79901 0.8889
44411.80099 0.8464
44411.80301 0.8503
44423.76199 0.8993
44423.76401 0.9151
44424.72699 0.9146
44424.73001 0.8902
44426.71301 0.8436
44426.71500 0.8609
44428.73999 0.8534
44428.74200 0.8633
44429.76999 0.8698
44429.77100 0.8335
44429.77301 0.8316
44430.71899 0.8606
44430.72000 0.8669
44430.72101 0.9031
44430.75400 0.8347
44430.75500 0.8686
44430.75601 0.8834
44432.72900 0.8662
44432.73001 0.8710
44432.73099 0.8894
44441.72000 0.9535
44441.72101 0.8829
44441.72198 0.9024
44442.75101 0.7748
44442.75299 0.7370
44442.75400 0.8036
44443.73401 0.9133
44443.73499 0.9135
44443.73700 0.9013
44443.77600 0.8878
44443.77899 0.8618
44443.78101 0.8686
44444.71600 0.8815
44444.71799 0.8530
44444.71899 0.8822
44445.71701 0.9719
44445.71799 0.9598
44445.71899 0.9796
44446.70599 0.9256
44446.70801 0.8925
44446.70901 0.9056
44447.69501 0.9029
44447.69699 0.8591
44447.70001 0.8631
44448.70099 0.8666
44448.70300 0.8719
44448.70499 0.8426
44449.69800 0.8552
44449.70001 0.8394
44449.70099 0.8491
44450.69601 0.8774
44450.69800 0.8789
44450.70001 0.8743
44451.70700 0.8580
44451.70901 0.8823
44451.71100 0.8732
44452.71701 0.8920
44452.71899 0.8701
44452.72101 0.9070
44453.71600 0.8996
44453.71899 0.9107
44453.72101 0.8843
44454.73300 0.9917
44454.73401 0.9341
44454.73599 0.9471
44458.71201 0.9958
44458.71399 0.9496
44458.71500 0.9570
44460.67801 0.9417
44460.67899 0.9704
44460.68100 0.9252
44461.71899 0.9358
44461.72000 0.9536
44461.72198 1.0002
44461.72501 0.9593
44462.71201 0.9582
44462.71399 0.9615
44462.71600 0.9606
44463.70099 0.9664
44463.70200 0.9556
44463.70401 0.9692
44464.70801 0.9588
44464.70999 0.9218
44464.71100 0.9322
44465.72198 0.8938
44465.72501 0.8994
44465.72800 0.8647
44466.71899 0.7920
44466.72198 0.7646
44466.72501 0.7758
44467.70499 0.8389
44467.70700 0.8443
44467.70999 0.8255
44468.72198 0.8832
44468.72400 0.8824
44468.72501 0.8534
44469.70801 0.8793
44469.70999 0.8654
44469.71201 0.8742
44470.70901 0.8556
44470.71201 0.8770
44470.71500 0.8348
44472.70200 0.9083
44472.70401 0.8920
44472.70599 0.9042
44474.69199 0.9555
44474.69501 0.9259
44474.69699 0.9733
44475.70401 0.9074
44475.70599 0.9357
44475.70801 0.9190
44478.69000 0.9579
44478.69101 0.9180
44478.69199 0.9136
44479.70001 0.9589
44479.70099 0.9864
44479.70300 0.9675
44480.69000 0.9175
44480.69101 0.9251
44480.69299 0.8973
44481.69000 0.8828
44481.69199 0.9061
44481.69299 0.9427
44482.70401 0.8483
44482.70599 0.8747
44482.70801 0.8954
44484.66000 0.8718
44484.66199 0.8742
44484.66501 0.8897
44485.65799 0.9102
44485.66000 0.8959
44485.66199 0.8967
44486.65601 0.8618
44486.65799 0.8350
44486.66000 0.8089
44487.65799 0.9117
44487.66101 0.9219
44487.66299 0.8864
44488.65701 0.8687
44488.66000 0.9105
44488.66199 0.8838
44489.65399 0.9257
44489.65601 0.9174
44489.65799 0.9181
44490.64700 0.8913
44490.64899 0.8911
44490.65100 0.8906
44491.64700 0.9287
44491.64999 0.9491
44491.65201 0.9201
44493.64801 0.9322
44493.65100 0.9636
44493.65399 0.9471
44494.64401 0.9794
44494.64600 0.9333
44494.64801 0.9710
44495.64899 0.9294
44495.64999 0.9272
44495.65201 0.9622
44496.65201 0.8933
44496.65601 0.9173
44496.65900 0.8911
44506.61899 0.9094
44506.62000 0.8894
44506.62201 0.9280
44507.61801 0.9430
44507.62000 0.9522
44507.62100 0.9234
44508.61899 0.9701
44508.62000 0.9689
44508.62201 0.9987
44509.63599 0.9206
44509.63699 0.9666
44509.63901 0.9227
44510.63300 0.9845
44510.63599 1.0000
44510.63901 0.9688
44511.63199 0.9926
44511.63400 1.0106
44511.63800 0.9532
44512.63800 0.9938
44512.64099 1.0539
44512.64502 1.0711
44513.62402 0.9365
44513.62701 0.9986
44513.63000 0.9281
44514.61200 0.9101
44514.61401 0.9826
44514.61603 0.9429
44515.61401 1.0045
44515.61798 0.9776
44515.62201 1.0232
44516.61499 0.9663
44516.62000 1.0016
44516.62500 0.9901
44517.62000 0.9843
44517.62500 0.9965
44517.63202 1.0029
44699.03601 0.9319
44699.03900 0.8904
44700.00201 0.9776
44700.00500 0.9246
44700.00702 0.9521
44704.01599 0.9578
44704.01703 1.0435
44704.01898 1.0252
44707.99597 0.9173
44707.99799 0.8658
44708.00000 0.8970
44709.00201 0.9830
44709.00299 0.9998
44709.00403 0.9773
44709.99500 0.9162
44709.99701 0.9519
44709.99799 0.8814
44716.96997 0.9158
44716.97198 0.9191
44716.97400 0.9510
44717.96899 0.9499
44717.97101 0.9082
44717.97198 0.9337
44718.96899 0.9442
44718.97101 0.9677
44718.97198 0.9142
44719.96600 0.9957
44719.96698 0.9663
44719.96802 0.9677
44732.92401 0.8527
44732.92700 0.8460
44732.92999 0.8413
44733.92401 0.8910
44733.92700 0.8922
44733.92999 0.9202
44734.92499 0.8406
44734.92798 0.8570
44734.93103 0.8650
44735.92700 0.9213
44735.93103 0.9190
44735.93402 0.8791
44736.91602 0.9478
44736.91803 0.9362
44736.91998 0.9202
44737.90997 0.9319
44737.91400 0.8731
44737.91699 0.9035
44738.91400 0.9442
44738.91699 0.9422
44738.91901 0.9059
44742.89801 0.9171
44742.90002 0.8772
44742.90302 0.8765
44747.91400 0.8896
44747.91699 0.8929
44747.92102 0.9104
44748.92700 0.9147
44748.93201 0.8589
44748.93597 0.8684
44753.91699 0.9052
44753.92102 0.8917
44753.92499 0.9150
44754.90802 0.8714
44754.91302 0.8691
44754.91699 0.8999
44755.89899 0.9320
44755.90302 0.9395
44755.90698 0.9643
44756.89301 0.9583
44756.89697 0.9547
44756.90100 0.9522
44759.89697 1.0575
44759.90002 1.0444
44759.90302 1.0719
44759.90900 1.0687
44759.91199 1.0487
44759.91498 1.0900
44760.87299 0.9531
44760.87701 0.9733
44760.88202 0.9928
44760.88800 0.9974
44760.89301 0.9638
44760.89697 1.0015
44761.85797 0.9824
44761.86200 0.9522
44761.86603 0.9434
44762.86298 0.8875
44762.86700 0.9514
44762.87097 1.0030
44762.87701 0.9150
44762.88098 0.9125
44762.88501 0.9358
44763.82898 0.8226
44763.83099 0.8503
44763.83301 0.8284
44764.82300 0.9174
44764.82599 0.9455
44764.82800 0.9928
44765.79797 0.8895
44765.79999 0.9671
44765.80200 0.9211
44773.80200 0.9305
44773.80402 0.9105
44773.80603 1.0117
44774.81500 0.8729
44774.81702 0.9811
44774.81897 0.9057
44775.81799 0.9203
44775.81897 0.9490
44775.82001 0.9593
44776.80200 0.9636
44776.80402 0.9165
44776.80603 0.9103
44777.80701 0.8692
44777.80902 0.8744
44777.81097 0.8662
44778.79199 0.8767
44778.79401 0.9314
44778.79498 0.9193
44779.78699 0.8804
44779.78900 0.7477
44779.78998 0.7907
44780.79797 0.9405
44780.80103 0.9351
44780.80402 0.9258
44781.79303 0.9571
44781.79498 0.9335
44781.79797 0.9578
44783.80701 0.9208
44783.81097 0.8861
44783.81500 0.8864
44784.80499 0.9251
44784.80701 0.9602
44784.81000 0.9174
44785.81799 0.9010
44785.82202 0.8860
44785.82501 0.8908
44793.79303 0.9071
44793.79602 0.9270
44793.79797 0.9632
44794.76398 0.9238
44794.76703 0.9218
44794.77002 0.9450
44795.76099 0.9796
44795.76300 0.9916
44795.76501 0.9667
44796.75702 0.9434
44796.76001 0.9389
44796.76202 0.9381
44798.76501 0.9454
44798.76703 0.9738
44798.77002 0.9727
44803.73700 0.9112
44803.73798 0.9054
44803.73999 0.8876
44804.74597 0.9181
44804.74799 0.8871
44804.75000 0.9204
44805.72699 0.8445
44805.72900 0.9074
44805.72998 0.8679
44806.76001 0.9432
44806.76202 0.9053
44806.76300 0.8087
44807.73401 0.9103
44807.73700 0.9309
44807.74103 0.8593
44808.76300 0.9140
44808.76501 0.9165
44808.76703 0.9576
44810.72803 0.9355
44810.72998 0.9052
44810.73297 0.9350
44821.70099 0.9187
44821.70300 0.8898
44821.70599 0.9049
44822.69501 0.9476
44822.69702 0.8972
44822.70099 0.9381
44823.68799 0.9064
44823.69000 0.8913
44823.69202 0.8825
44824.69202 0.8993
44824.69501 0.9405
44824.69702 0.9076
44825.69800 0.9226
44825.70099 0.9281
44825.70300 0.9074
44826.68298 0.9608
44826.68500 0.9721
44826.68701 0.9605
44827.70099 0.9503
44827.70502 0.8994
44827.70898 0.8868
44828.70801 0.9155
44828.71100 0.8353
44828.71503 0.8749
44833.67798 0.9573
44833.68103 0.9496
44833.68402 0.9367
44835.67798 0.9550
44835.67999 0.9810
44835.68201 0.9295
44836.66901 0.9304
44836.67102 0.9304
44836.67200 0.8828
45078.98596 0.7012
45078.98999 0.7337
45078.99304 0.6947
45079.97998 0.8575
45079.98303 0.8046
45079.98499 0.8204
45081.97095 0.8969
45081.97400 0.7590
45081.97705 0.7660
45082.97498 0.8941
45082.97803 0.9102
45082.98096 0.9399
45083.97302 0.8545
45083.97595 0.9900
45083.97900 0.9610
45084.96594 0.7421
45084.96802 0.7457
45084.97095 0.8064
45087.97095 0.9145
45087.97302 0.9781
45087.97498 0.9611
45088.94397 0.8212
45088.94800 0.8886
45088.95203 0.8903
45089.96106 0.8963
45089.96399 0.8620
45089.96704 0.8534
45092.91895 0.9517
45092.92200 0.9019
45092.92505 0.8183
45094.94299 0.8093
45094.94604 0.9039
45094.94897 0.8306
45095.96106 0.7523
45095.96497 0.7561
45095.96802 0.7508
45096.91504 0.8287
45096.91699 0.8574
45096.92004 0.8905
45097.94202 0.8668
45097.94397 0.8925
45097.94604 0.8047
45103.91504 0.9304
45103.91797 0.8725
45103.92102 0.7799
45105.93201 0.8512
45105.93396 0.8390
45105.93799 0.7489
45106.92505 0.8061
45106.92798 0.7904
45106.93103 0.8289
45107.89502 0.8914
45107.89905 0.8521
45107.90295 0.8595
45109.89001 0.7395
45109.89294 0.6325
45109.89697 0.7306
45110.90295 0.9491
45110.90698 0.8699
45110.91003 0.8255
45111.89502 0.7989
45111.89795 0.8004
45111.90100 0.7785
45112.89795 0.8306
45112.90002 0.9360
45112.90295 0.8302
45113.86401 0.8723
45113.86694 0.7745
45113.86902 0.8194
45114.87598 0.8934
45114.88000 0.9386
45114.88306 0.9482
45119.84900 0.8687
45119.85205 0.8257
45119.85400 0.8253
45120.87097 0.8744
45120.87305 0.7959
45120.87402 0.8542
45121.87000 0.8540
45121.87195 0.8955
45121.87402 0.9019
45122.85303 0.8472
45122.85498 0.7663
45122.85706 0.7026
45123.86597 0.8305
45123.86804 0.8469
45123.87097 0.9200
45124.84705 0.9246
45124.84900 0.8840
45124.85095 0.8632
45131.85400 0.8165
45131.85596 0.8546
45131.85803 0.8090
45132.84802 0.8104
45132.84900 0.8012
45132.85095 0.8138
45136.80701 0.7776
45136.80896 0.8780
45136.81006 0.8280
45139.81494 0.8176
45139.81702 0.8820
45139.81799 0.9031
45140.80396 0.7918
45140.80505 0.8987
45140.80701 0.8859
45141.81897 0.8242
45141.81995 0.8113
45141.82202 0.6894
45142.81702 0.7810
45142.81897 0.8259
45142.82104 0.8836
45143.80005 0.7666
45143.80396 0.7918
45143.80798 0.7401
45144.79297 0.8816
45144.79602 0.8271
45144.79895 0.8148
45145.79199 0.8463
45145.79395 0.8554
45145.79700 0.8008
45151.78406 0.8495
45151.78601 0.8648
45151.78894 0.9251
45152.77600 0.8953
45152.77795 0.8718
45152.78003 0.8780
45153.78503 0.7679
45153.78699 0.8591
45153.78894 0.8106
45155.78101 0.7248
45155.78296 0.8355
45155.78601 0.7983
45156.79797 0.7345
45156.80005 0.7630
45156.80200 0.7209
45157.77002 0.8430
45157.77197 0.8380
45157.77502 0.7979
45158.74805 0.8531
45158.75000 0.8633
45158.75195 0.7698
45159.75195 0.7939
45159.75500 0.7681
45159.75696 0.7155
45159.76001 0.7975
45160.76501 0.6158
45160.76599 0.8689
45160.76697 0.8514
45160.76794 0.9053
45160.77002 0.8993
45160.77100 0.8431
45161.76294 0.8480
45161.76501 0.8320
45161.76697 0.9011
45162.75403 0.8536
45162.75598 0.9312
45162.75903 0.9087
45163.74402 0.7044
45163.74500 0.7033
45163.74695 0.6436
45164.72498 0.7733
45164.72705 0.7935
45164.72900 0.7594
45166.74304 0.7380
45166.74500 0.7691
45166.74695 0.7632
45167.73706 0.8144
45167.73999 0.7924
45167.74304 0.6922
45169.71399 0.6759
45169.71594 0.7124
45169.71704 0.8478
45170.72205 0.8561
45170.72302 0.7679
45170.72498 0.8204
45172.71899 0.8346
45172.71997 0.8249
45172.72095 0.8313
45174.72302 0.8052
45174.72498 0.7646
45174.72705 0.8179
45175.70203 0.8407
45175.70300 0.7918
45175.70496 0.8098
45182.69202 0.8078
45182.69397 0.8136
45182.69702 0.8211
45184.71899 0.7726
45184.71997 0.6867
45184.72302 0.6329
45185.68799 0.8977
45185.68896 0.8877
45185.68994 0.9247
45187.68994 0.8360
45187.69299 0.7107
45187.69397 0.9653
45193.71399 0.8306
45193.71594 0.7557
45193.71899 0.6742
45195.69104 0.7735
45195.69202 0.7563
45195.69397 0.7701
45196.71899 0.6585
45196.72095 0.7224
45196.72302 0.7865
45197.67505 0.8230
45197.67700 0.7669
45197.67896 0.7154
45211.65295 0.7720
45211.65503 0.7224
45211.65698 0.7858
45420.01099 0.9281
45420.01294 0.9574
45420.01501 0.9785
45431.99597 0.8792
45431.99902 0.9024
45432.00195 0.9418
45433.00098 0.8461
45433.00403 0.8251
45433.00696 0.8649
45437.99500 0.8241
45437.99805 0.8724
45438.00000 0.8895
45440.98804 0.9009
45440.98999 0.8383
45440.99304 0.8504
45447.95801 0.7182
45447.96204 0.6662
45447.96594 0.6702
45457.93396 0.8392
45457.93701 0.9140
45457.93994 0.9066
45476.89099 0.8749
45476.89294 0.8143
45476.89502 0.8611
45477.88696 0.8844
45477.88794 0.9356
45477.88904 0.9824
45478.89001 0.9373
45478.89099 0.9626
45478.89197 0.8820
45479.88696 0.7642
45479.88904 0.8332
45479.89001 0.8488
45480.89197 0.8172
45480.89502 0.8860
45480.89905 0.7768
45481.87500 0.7559
45481.87598 0.8726
45481.87805 0.8115
45482.88000 0.8378
45482.88196 0.8743
45482.88599 0.8945
45484.86401 0.7941
45484.86499 0.8928
45484.86597 0.8905
45485.84998 0.8776
45485.85205 0.8446
45485.85400 0.8109
45488.84302 0.8541
45488.84399 0.8456
45488.84595 0.8776
45501.82500 0.8414
45501.82600 0.8595
45501.82800 0.7752
45510.79000 0.7489
45510.79200 0.7370
45510.79400 0.7215
45517.79300 0.8609
45517.79500 0.8385
45517.79800 0.8973
45525.74500 0.8818
45525.74700 0.8865
45525.74900 0.7818
45529.72200 0.9165
45529.72300 0.9096
45529.72400 0.8867
45535.71000 0.7323
45535.71200 0.7310
45535.71400 0.7565
45540.70800 0.7420
45540.71000 0.7446
45540.71100 0.7900
45545.70700 0.6678
45545.70900 0.7075
45545.71000 0.7365
45551.68600 0.7627
45551.68700 0.7960
45551.68900 0.8331
45557.67900 0.8055
45557.68100 0.8144
45557.68200 0.7757
45580.66000 0.8622
45580.66200 0.7123
45580.66400 0.7780
45583.63900 0.8216
45583.64100 0.8788
45583.64300 0.8722
45586.62900 0.7897
45586.63100 0.7817
45586.63300 0.8308
45589.63900 0.7862
45589.64100 0.7891
45589.64300 0.8112
45819.96700 0.7440
45819.97000 0.8022
45819.97300 0.7199
45824.94200 0.8383
45824.94700 0.7831
45824.95100 0.7480
45826.94800 0.7323
45826.95300 0.7496
45826.95700 0.7288
45828.92000 0.7625
45828.92400 0.7394
45828.92700 0.7810
45830.92000 0.7095
45830.92200 0.7259
45830.92500 0.8025
45832.91577 0.7347
45832.91748 0.7872
45832.91919 0.7508
45837.90039 0.7836
45837.90247 0.8259
45837.90479 0.8747
45839.90271 0.6705
45839.90479 0.7609
45839.90698 0.7045
45841.89612 0.7809
45841.89905 0.7396
45841.90210 0.7612
45843.88379 0.5929
45843.88599 0.5926
45843.88782 0.6476
45845.90356 0.7829
45845.90601 0.7601
45845.90894 0.8261
45849.88916 0.7064
45849.89160 0.6161
45849.89355 0.6658
45852.82043 0.7542
45852.82385 0.7515
45852.82727 0.7491
45860.82214 0.7130
45860.82446 0.7859
45860.82690 0.7720
45862.82385 0.7412
45862.82739 0.7067
45862.83081 0.7749
45865.81360 0.7331
45865.81653 0.7567
45865.81897 0.7516
45867.81604 0.7292
45867.81934 0.7280
45867.82214 0.7989
45869.80005 0.7250
45869.80273 0.7453
45869.80554 0.7105
45871.79773 0.7640
45871.80066 0.7375
45871.80322 0.8229
45873.79382 0.7030
45873.79614 0.7203
45873.79846 0.7556
45877.78809 0.7205
45877.78979 0.8022
45877.79150 0.8162
45879.78149 0.8133
45879.78345 0.8735
45879.78528 0.8715
45884.78613 0.8224
45884.78894 0.6735
45884.79114 0.7735
45886.75928 0.7930
45886.76196 0.8210
45886.76428 0.7984
45888.75562 0.8247
45888.75745 0.8275
45888.75977 0.8189
45890.74634 0.7873
45890.74902 0.7513
45890.75146 0.8120
45893.73682 0.6744
45893.73950 0.6863
45893.74219 0.7220
46201.91187 0.7967
46201.91553 0.7840
46201.91943 0.8601
46222.83643 0.6884
46222.84009 0.6891
46222.84375 0.7548
46224.83081 0.7088
46224.83423 0.7192
46224.83740 0.7476
46234.80371 0.8004
46234.80859 0.7901
46234.81372 0.7736
46237.79272 0.7452
46237.79370 0.7146
46237.79443 0.6881
46241.82910 0.7100
46241.83032 0.6733
46241.83154 0.7312
46244.78589 0.6525
46244.78760 0.8009
46244.78931 0.8150
46244.79321 0.7597
46244.79468 0.8058
46250.76929 0.7533
46250.77124 0.7480
46250.77319 0.7600
46267.72876 0.7054
46267.72998 0.6820
46267.73096 0.7594
46269.71509 0.6572
46269.71606 0.6864
46269.71729 0.6228
46272.72070 0.6828
46272.72217 0.6536
46272.72363 0.5889
46275.73755 0.6459
46275.73901 0.6869
46275.74072 0.6538
46278.72046 0.5664
46278.72168 0.5893
46278.72290 0.5862
46281.73584 0.5294
46281.73755 0.5425
46281.74023 0.5147
46284.69238 0.4753
46284.69434 0.4639
46284.69580 0.5327
46287.66675 0.6855
46287.66797 0.6809
46287.66919 0.7016
46290.66089 0.6617
46290.66260 0.6308
46290.66382 0.6783
46293.66821 0.5847
46293.67017 0.5471
46293.67188 0.5713
46296.65869 0.6080
46296.66016 0.6230
46296.66187 0.5728
46299.66553 0.6609
46299.66675 0.7342
46299.66797 0.7177
46302.65039 0.6939
46302.65137 0.7448
46302.65259 0.7089
46304.64282 0.7399
46304.64453 0.7438
46304.64624 0.7418
46311.66016 0.6885
46311.66235 0.7089
46311.66431 0.7483
46316.63672 0.6383
46316.63745 0.7314
46316.63843 0.7492
46541.97485 0.4924
46541.97729 0.5450
46541.97925 0.6177
46541.98364 0.5861
46541.98584 0.6409
46541.98779 0.6145
46549.95581 0.6881
46549.95776 0.7094
46549.95996 0.7061
46555.94995 0.7118
46555.95288 0.7246
46555.95605 0.6963
46559.94873 0.6468
46559.95215 0.6520
46559.95581 0.6710
46562.92139 0.5849
46562.92505 0.5612
46562.92944 0.5259
46567.92114 0.4596
46567.92480 0.5299
46567.92773 0.5494
46569.93164 0.6342
46569.93384 0.6505
46569.93677 0.6383
46572.92944 0.7017
46572.93237 0.7631
46572.93604 0.6970
46574.91235 0.7332
46574.91602 0.7640
46574.92041 0.6961
46577.83228 0.7367
46577.83496 0.7024
46577.83716 0.7346
46579.83447 0.7151
46579.83691 0.7388
46579.83936 0.6837
46584.84277 0.6964
46584.84570 0.6729
46584.84912 0.6691
46586.86548 0.6697
46586.86841 0.6541
46586.87109 0.6600
46591.81128 0.7423
46591.81396 0.6069
46591.81641 0.6611
46593.80615 0.6989
46593.80908 0.6754
46593.81177 0.6670
46596.80884 0.6248
46596.81177 0.6550
46596.81543 0.6324
46598.81006 0.6631
46598.81201 0.7536
46598.81421 0.7503
46602.80273 0.4422
46602.80493 0.7912
46602.80688 0.8386
46604.80249 0.6766
46604.80444 0.7689
46604.80664 0.7297
46609.80029 0.7224
46609.80322 0.8043
46609.80615 0.7911
46618.76880 0.7034
46618.77124 0.6895
46618.77368 0.7013
46620.75586 0.6661
46620.75903 0.6465
46620.76196 0.6600
46623.74365 0.6972
46623.74585 0.7368
46623.74854 0.6771
46629.75513 0.6605
46629.75781 0.6682
46629.76074 0.6676
46631.73950 0.7409
46631.74170 0.6668
46631.74390 0.6558
46654.67041 0.6860
46654.67383 0.6530
46654.67822 0.6251
46656.65186 0.6058
46656.65454 0.6412
46656.65796 0.6284
46659.65283 0.5638
46659.65552 0.5645
46659.65845 0.5341
46663.67773 0.6184
46663.68066 0.5475
46663.68359 0.5738
46665.65918 0.6264
46665.66162 0.5937
46665.66406 0.5923
46667.66821 0.6112
46667.67114 0.6396
46667.67505 0.5877
46677.64844 0.5852
46677.65186 0.6197
46677.65552 0.6613
46679.64526 0.5484
46679.64844 0.5382
46679.65161 0.5580
46682.64893 0.5520
46682.65186 0.5918
46682.65479 0.5628
46684.63916 0.6037
46684.64258 0.5640
46684.64624 0.6092
46686.64648 0.6219
46686.65039 0.5942
46686.65356 0.5811
46891.02856 0.8251
46891.03320 0.8970
46891.03711 0.8296
46913.98242 0.7109
46913.98730 0.7538
46913.99316 0.6739
46918.95801 0.7288
46918.96216 0.6639
46918.96655 0.7211
46921.93823 0.6301
46921.94165 0.6260
46921.94458 0.7287
46929.92041 0.6297
46929.92358 0.7119
46929.92725 0.7143
46932.90527 0.7101
46932.90918 0.7100
46932.91309 0.6627
46948.88599 0.7956
46948.89014 0.7967
46948.89429 0.8046
46951.88062 0.5534
46951.88452 0.6524
46951.88916 0.6035
46955.83569 0.6966
46955.84009 0.7102
46955.84473 0.6945
46959.82422 0.7911
46959.82813 0.7888
46959.83228 0.8327
46962.81885 0.6807
46962.82324 0.6719
46962.82739 0.7259
46966.81567 0.7061
46966.82031 0.7225
46966.82495 0.6935
46970.81152 0.7507
46970.81519 0.7254
46970.81909 0.7067
46986.77124 0.6903
46986.77539 0.6711
46986.78027 0.6657
46990.75879 0.6798
46990.76245 0.6878
46990.76587 0.7129
46995.74048 0.7823
46995.74609 0.7215
46995.75171 0.7387
47008.72412 0.7746
47008.72559 0.7277
47008.72729 0.6281
47008.73291 0.7698
47008.73413 0.7392
47008.73584 0.5957
47008.74072 0.6339
47008.74219 0.6939
47008.74390 0.6607
47032.67285 0.6676
47032.67480 0.6602
47032.67700 0.6579
47041.65527 0.6236
47041.65649 0.6075
47041.65796 0.5608
47044.63867 0.6654
47044.64038 0.6371
47044.64185 0.6393
47047.63525 0.5884
47047.63623 0.5563
47047.63745 0.5464
47255.98511 0.6800
47255.98730 0.6747
47255.98950 0.6587
47255.99121 0.6763
47258.01831 0.5986
47258.01978 0.6620
47258.02124 0.6542
47258.02295 0.6031
47276.95679 0.7000
47276.95825 0.6798
47276.95996 0.6786
47284.93115 0.7670
47284.93286 0.6896
47284.93457 0.7107
47290.93311 0.7353
47290.93457 0.7554
47290.93604 0.7450
47295.92920 0.7264
47295.93091 0.7550
47295.93335 0.6834
47295.93774 0.6572
47300.89087 0.7928
47300.89209 0.7556
47300.89331 0.7369
47307.88916 0.6427
47307.89014 0.6465
47307.89111 0.6817
47315.87158 0.7725
47315.87280 0.7149
47315.87427 0.7180
47328.79956 0.6348
47328.80078 0.7383
47328.80176 0.6754
47336.80078 0.7510
47336.80322 0.7689
47336.80566 0.7644
47339.78979 0.7806
47339.79102 0.8103
47339.79272 0.8066
47342.78809 0.8462
47342.78955 0.8016
47342.79126 0.6854
47345.78687 0.7506
47345.78809 0.7824
47345.78931 0.6925
47348.77905 0.6406
47348.78101 0.6635
47348.78271 0.7162
47348.78516 0.7631
47348.78784 0.6033
47357.74756 0.7757
47357.74902 0.7855
47357.75049 0.7592
47360.75244 0.7617
47360.75391 0.6809
47360.75537 0.6854
47367.72412 0.6279
47367.72607 0.8440
47367.72729 0.7381
47371.71777 0.7591
47371.71973 0.7293
47371.72168 0.7410
47375.68896 0.8367
47375.69092 0.8617
47375.69312 0.8576
47385.70728 0.6770
47385.71021 0.6831
47385.71338 0.6412
47389.66870 0.5695
47389.67017 0.6409
47389.67188 0.5848
47394.67383 0.6722
47394.67603 0.6821
47394.67822 0.6875
47634.92236 0.7323
47634.92554 0.6985
47634.92822 0.7561
47635.92529 0.6925
47635.92847 0.7826
47635.93115 0.7230
47638.92969 0.6345
47638.93530 0.6752
47638.93994 0.7025
47639.93066 0.6261
47639.93408 0.6467
47639.93677 0.6481
47644.92603 0.7292
47644.92969 0.6654
47644.93335 0.6822
47648.89014 0.7230
47648.89355 0.7079
47648.89648 0.7646
47663.89844 0.7151
47663.90283 0.7222
47663.90723 0.7301
47667.88696 0.6580
47667.89160 0.6436
47667.89600 0.6384
47669.83618 0.6463
47669.84277 0.6234
47669.84985 0.5997
47671.90356 0.6356
47671.90918 0.6808
47671.91479 0.6628
47675.89063 0.6404
47675.89600 0.6710
47675.90112 0.6499
47690.83350 0.7532
47690.83716 0.7547
47690.84009 0.7833
47715.77686 0.8211
47715.77832 0.8164
47715.77954 0.7954
47720.76636 0.7758
47720.76733 0.7656
47720.76831 0.7740
47727.74316 0.7877
47727.74487 0.7967
47727.74658 0.7800
47733.73975 0.6526
47733.74072 0.6809
47733.74146 0.6707
47741.69141 0.7707
47741.69238 0.7756
47741.69360 0.7501
47753.66821 0.7292
47753.66968 0.7763
47753.67114 0.7657
48071.78638 0.7307
48071.78784 0.7425
48071.78906 0.7874
48090.74683 0.7498
48090.74976 0.7183
48090.75293 0.6912
48094.73706 0.6438
48094.73950 0.6331
48094.74146 0.7109
48098.72998 0.7768
48098.73193 0.7538
48098.73389 0.6819
48102.71338 0.6813
48102.71680 0.7667
48102.71973 0.7339
48393.92334 0.8185
48393.92578 0.8048
48393.92822 0.8220
48398.90820 0.7482
48398.91113 0.7516
48398.91406 0.7831
48401.91211 0.7139
48401.91650 0.6354
48401.92041 0.6549
48427.79639 0.7223
48427.79883 0.7495
48427.80176 0.7519
48435.80176 0.7275
48435.80518 0.7392
48435.80762 0.7933
48449.78613 0.6989
48449.78955 0.6826
48449.79346 0.6818
48452.75684 0.8303
48452.75977 0.7667
48452.76318 0.7157
48463.71826 0.6990
48463.72021 0.7819
48463.72266 0.7868
48755.93213 0.7406
48755.93408 0.7341
48755.93652 0.7315
48757.88672 0.7192
48757.88867 0.7215
48757.89014 0.7436
48759.90332 0.7786
48759.90527 0.7945
48759.90723 0.8074
48761.90186 0.7079
48761.90332 0.7407
48761.90527 0.7203
48771.90625 0.7372
48771.90967 0.7302
48771.91211 0.7446
48773.88135 0.7835
48773.88330 0.7345
48773.88525 0.7597
48774.86670 0.7563
48774.86865 0.7848
48774.87109 0.7453
48775.85889 0.7504
48775.86035 0.7874
48775.86279 0.7608
48776.85938 0.7816
48776.86133 0.7439
48776.86279 0.7490
48777.85986 0.8311
48777.86182 0.8166
48777.86377 0.7592
48778.86230 0.7373
48778.86475 0.7643
48778.86719 0.8326
48781.86133 0.7252
48781.86328 0.7114
48781.86572 0.7337
48783.83887 0.3925
48783.84229 0.3774
48783.84570 0.3816
48786.83350 0.7211
48786.83545 0.7066
48786.83740 0.7221
48787.84424 0.8117
48787.84668 0.8007
48787.84961 0.7341
48788.82764 0.7871
48788.83008 0.7594
48788.83252 0.7859
48789.79736 0.8755
48789.79980 0.8770
48789.80273 0.8344
48790.81494 0.7414
48790.81689 0.7797
48790.81885 0.7564
48791.80127 0.8054
48791.80322 0.7852
48791.80469 0.8312
48794.81006 0.7743
48794.81201 0.7779
48794.81445 0.7722
48805.75488 0.7908
48805.75684 0.8075
48805.75928 0.7781
48827.71826 0.6514
48827.71924 0.6943
48827.72070 0.7080
48832.69336 0.6523
48832.69531 0.6078
48832.69678 0.6365
48836.69873 0.7660
48836.70068 0.7078
48836.70264 0.7235
48842.68213 0.5200
48842.68652 0.5333
48842.69043 0.5154
49153.81885 0.7032
49153.82080 0.7407
49153.82324 0.7071
49180.77393 0.6472
49180.77783 0.5734
49180.78076 0.6315
49195.72607 0.7240
49195.73096 0.6737
49195.73486 0.7065
49204.70801 0.7668
49204.71143 0.7762
49204.71484 0.7869
49207.69531 0.7663
49207.69922 0.7575
49207.70312 0.7734
49221.67090 0.6250
49221.67676 0.5867
49221.68262 0.6179
49473.96680 0.7638
49473.97021 0.7897
49473.97363 0.7749
49486.88330 0.6391
49486.88477 0.6628
49486.88672 0.6635
49493.90430 0.7171
49493.90576 0.6939
49493.90674 0.7241
49496.90967 0.7640
49496.91309 0.7620
49496.91650 0.8266
49510.87744 0.6792
49510.87842 0.7071
49510.87988 0.6811
49510.88232 0.6463
49510.88330 0.6632
49510.88477 0.6383
49512.83008 0.6723
49512.83154 0.6751
49512.83301 0.6267
49515.87256 0.6254
49515.87402 0.7064
49515.87451 0.6742
49517.89648 0.6546
49517.89795 0.6505
49517.89941 0.6414
49522.81689 0.6936
49522.81934 0.6226
49522.82178 0.7275
49530.81250 0.6003
49530.82129 0.7197
49530.82471 0.6075
49537.76904 0.7455
49537.77246 0.7618
49537.77588 0.7345
49542.79639 0.5973
49542.79785 0.5670
49542.79932 0.6253
49556.71973 0.5256
49556.72070 0.5551
49556.72217 0.6380
49561.70654 0.6757
49561.70752 0.6154
49561.70898 0.5574
49573.67383 0.5942
49573.67578 0.6364
49573.67822 0.6354
49575.66553 0.5896
49575.66650 0.5922
49575.66797 0.5559
49583.66211 0.5170
49583.66309 0.5932
49583.66504 0.5302
49585.65381 0.7400
49585.65576 0.6956
49585.65771 0.7369
49890.83154 0.9143
49890.83252 0.8954
49890.83350 0.8965
