2439668.80000 0.3655
2439670.80000 0.3613
2439693.80000 0.3962
2439720.80000 0.4021
2439722.80000 0.3910
2439723.80000 0.3834
2439978.80000 0.3751
2439979.80000 0.3745
2440045.80000 0.3967
2440046.80000 0.3926
2440048.80000 0.4105
2440077.80000 0.4004
2440078.80000 0.4167
2440079.80000 0.4298
2440105.80000 0.3779
2440106.80000 0.3719
2440107.80000 0.3850
2440339.80000 0.3825
2440340.80000 0.3693
2440404.80000 0.3671
2440405.80000 0.3737
2440406.80000 0.3753
2440438.80000 0.3863
2440439.80000 0.3770
2440440.80000 0.3728
2440454.80000 0.4160
2440455.80000 0.3832
2440457.80000 0.3943
2440685.80000 0.4320
2440687.80000 0.4064
2440725.80000 0.4089
2440726.80000 0.4098
2440727.80000 0.4078
2440728.80000 0.4098
2440729.80000 0.4049
2440760.80000 0.4229
2440761.80000 0.4396
2440762.80000 0.4491
2440777.80000 0.4131
2440778.80000 0.4021
2440779.80000 0.3890
2440780.80000 0.4375
2440810.80000 0.3905
2440811.80000 0.3899
2440812.80000 0.3940
2441050.80000 0.4070
2441051.80000 0.4106
2441052.80000 0.4154
2441053.80000 0.3972
2441084.80000 0.3999
2441085.80000 0.3846
2441113.80000 0.4340
2441114.80000 0.4222
2441133.80000 0.4092
2441134.80000 0.4229
2441135.80000 0.4186
2441136.80000 0.4054
2441168.80000 0.4381
2441169.80000 0.4237
2441170.80000 0.4077
2441428.80000 0.4073
2441429.80000 0.4095
2441430.80000 0.4100
2441459.80000 0.3750
2441460.80000 0.3875
2441461.80000 0.3835
2441487.80000 0.4264
2441488.80000 0.4379
2441502.80000 0.3811
2441503.80000 0.3835
2441555.80000 0.3980
2441764.80000 0.4048
2441765.80000 0.4027
2441786.80000 0.3952
2441788.80000 0.3808
2441819.80000 0.3704
2441820.80000 0.3720
2441821.80000 0.3707
2441835.80000 0.3506
2441836.80000 0.3603
2441885.80000 0.3898
2441886.80000 0.3711
2441909.80000 0.3659
2441910.80000 0.3694
2441911.80000 0.3715
2442148.80000 0.3610
2442167.80000 0.3751
2442168.80000 0.3749
2442169.80000 0.3696
2442208.80000 0.4084
2442210.80000 0.4080
2442218.80000 0.4059
2442219.80000 0.3880
2442220.80000 0.4025
2442259.80000 0.4095
2442260.80000 0.4052
2442261.80000 0.3930
2442282.80000 0.3747
2442283.80000 0.3785
2442284.80000 0.4042
2442285.80000 0.4123
2442557.80000 0.4031
2442560.80000 0.3853
2442590.80000 0.3924
2442591.80000 0.4190
2442592.80000 0.4220
2442613.80000 0.4228
2442614.80000 0.4274
2442615.80000 0.4390
2442616.80000 0.4374
2442644.80000 0.3803
2442645.80000 0.3707
2442646.80000 0.3724
2442647.80000 0.3576
2442910.80000 0.3940
2442911.80000 0.3850
2442912.80000 0.3871
2442913.80000 0.3990
2442940.80000 0.4207
2442973.80000 0.4159
2442974.80000 0.3979
2442975.80000 0.4309
2443237.80000 0.4420
2443238.80000 0.4255
2443239.80000 0.4079
2443255.80000 0.4282
2443256.80000 0.4491
2443256.80000 0.4561
2443257.80000 0.4366
2443257.80000 0.4274
2443273.80000 0.4402
2443294.80000 0.4658
2443295.80000 0.4040
2443296.80000 0.3903
2443297.80000 0.4168
2443346.80000 0.4134
2443347.80000 0.3964
2443347.80000 0.4051
2443348.80000 0.3896
2443348.80000 0.3892
2443349.80000 0.3875
2443349.80000 0.4025
2443350.80000 0.3903
2443350.80000 0.4083
2443351.80000 0.4112
2443351.80000 0.3974
2443664.80000 0.3871
2443703.80000 0.3780
2443704.80000 0.3972
2443742.80000 0.3642
2443743.80000 0.3746
2443982.80000 0.3320
2443983.80000 0.3215
2443997.80000 0.3261
2444003.80000 0.3413
2444004.80000 0.3465
2444005.80000 0.3552
2444024.80000 0.3599
2444050.80000 0.3805
2444051.80000 0.3938
2444411.78799 0.3921
2444411.78900 0.3990
2444411.79001 0.3813
2444423.75101 0.3862
2444423.75201 0.3845
2444424.72000 0.3967
2444424.72101 0.3809
2444426.70700 0.3792
2444426.70801 0.3773
2444428.74500 0.4114
2444428.74600 0.4169
2444429.76099 0.4049
2444429.76199 0.4008
2444429.76300 0.4102
2444430.71201 0.4078
2444430.71301 0.4176
2444430.71301 0.4186
2444432.71899 0.4126
2444432.72000 0.4049
2444432.72000 0.4039
2444441.71201 0.3864
2444441.71201 0.3799
2444441.71301 0.3832
2444442.73801 0.4001
2444442.73801 0.3915
2444442.73901 0.3951
2444443.72501 0.3715
2444443.72601 0.3727
2444443.72601 0.3795
2444444.70599 0.3835
2444444.70599 0.3871
2444444.70700 0.3903
2444445.70801 0.3983
2444445.70901 0.4026
2444445.70901 0.3961
2444446.69699 0.3975
2444446.69699 0.4132
2444446.69800 0.3992
2444447.68399 0.4067
2444447.68500 0.4053
2444447.68500 0.3958
2444448.69101 0.3990
2444448.69101 0.4088
2444448.69199 0.4190
2444449.68900 0.4154
2444449.69000 0.4259
2444449.69000 0.4212
2444450.68600 0.4138
2444450.68701 0.4297
2444450.68799 0.4285
2444451.69501 0.4055
2444451.69601 0.3949
2444451.69699 0.4219
2444452.70499 0.4149
2444452.70599 0.4102
2444452.70700 0.4141
2444453.70801 0.4249
2444453.70901 0.4188
2444453.70901 0.4195
2444454.72000 0.4177
2444454.72198 0.4160
2444454.72299 0.4305
2444458.70300 0.4629
2444458.70300 0.4968
2444458.70401 0.4728
2444460.67200 0.4053
2444460.67200 0.4041
2444460.67200 0.4001
2444461.70700 0.4164
2444461.70801 0.4164
2444461.70901 0.3979
2444462.69800 0.3863
2444462.69901 0.3936
2444462.69901 0.4010
2444463.69299 0.3852
2444463.69299 0.3901
2444463.69400 0.4099
2444464.69800 0.3945
2444464.69800 0.3879
2444464.69901 0.3936
2444465.70999 0.4050
2444465.71100 0.3919
2444465.71201 0.3894
2444466.70599 0.3870
2444466.70700 0.3772
2444466.70801 0.3641
2444467.69400 0.3914
2444467.69400 0.3922
2444467.69501 0.3904
2444468.71100 0.4030
2444468.71100 0.4013
2444468.71201 0.4057
2444469.70001 0.3981
2444469.70001 0.4002
2444469.70099 0.4017
2444470.69699 0.3997
2444470.69800 0.3745
2444470.69800 0.4044
2444472.69101 0.4070
2444472.69199 0.4080
2444472.69299 0.3997
2444474.68100 0.4134
2444474.68201 0.4174
2444474.68301 0.4230
2444475.69299 0.4159
2444475.69299 0.4085
2444475.69699 0.4219
2444478.67700 0.4487
2444478.67801 0.4146
2444478.67801 0.4401
2444478.67899 0.4225
2444478.67999 0.4300
2444478.67999 0.4315
2444478.68600 0.4339
2444478.68600 0.4318
2444478.68701 0.4323
2444479.69101 0.4143
2444479.69199 0.4176
2444479.69199 0.4176
2444480.68201 0.4181
2444480.68301 0.4120
2444480.68301 0.4223
2444481.67999 0.4124
2444481.68100 0.4161
2444481.68201 0.4212
2444482.69199 0.3970
2444482.69199 0.4212
2444482.69299 0.4242
2444484.64999 0.4003
2444484.64999 0.4047
2444484.65100 0.4005
2444485.64999 0.4239
2444485.65100 0.4179
2444485.65100 0.4342
2444486.64499 0.4033
2444486.64600 0.3974
2444486.64700 0.4033
2444487.64899 0.4240
2444487.64999 0.4038
2444487.64999 0.4191
2444488.64899 0.4120
2444488.64999 0.3956
2444488.64999 0.4086
2444489.64001 0.3994
2444489.64001 0.4061
2444489.64099 0.4028
2444490.64001 0.3956
2444490.64099 0.4000
2444490.64099 0.4039
2444491.63901 0.3938
2444491.64001 0.3989
2444491.64001 0.3955
2444493.63901 0.4189
2444493.64001 0.4145
2444493.64099 0.4164
2444494.63400 0.4132
2444494.63400 0.4116
2444494.63501 0.4116
2444495.64200 0.4160
2444495.64200 0.4356
2444495.64301 0.4150
2444496.64099 0.4186
2444496.64200 0.4087
2444496.64301 0.3956
2444506.60800 0.4106
2444506.60800 0.4094
2444506.60901 0.4173
2444507.60800 0.4108
2444507.60901 0.4108
2444507.60999 0.4175
2444508.60901 0.4011
2444508.60999 0.4107
2444508.61099 0.4068
2444509.61801 0.3674
2444509.61899 0.3896
2444509.62000 0.3958
2444510.61801 0.4050
2444510.61899 0.4015
2444510.62000 0.3998
2444511.61801 0.3805
2444511.61899 0.3973
2444511.62100 0.4012
2444512.61798 0.4027
2444512.62000 0.3890
2444512.62299 0.4048
2444513.60901 0.3740
2444513.60999 0.3805
2444513.61200 0.3906
2444514.59497 0.4001
2444514.59601 0.4001
2444514.59698 0.3806
2444515.59900 0.4089
2444515.60101 0.4233
2444515.60199 0.4210
2444516.60101 0.4240
2444516.60199 0.4154
2444516.60303 0.4176
2444517.60400 0.4178
2444517.60602 0.4086
2444517.60699 0.4088
2444699.01300 0.4316
2444699.01501 0.4406
2444699.01599 0.4409
2444699.98102 0.4510
2444699.98199 0.4554
2444699.98297 0.4435
2444704.00403 0.4370
2444704.00500 0.4234
2444704.00598 0.4332
2444708.00403 0.4481
2444708.00403 0.4406
2444708.00500 0.4551
2444708.98999 0.4401
2444708.99103 0.4495
2444708.99200 0.4560
2444709.97498 0.4713
2444709.97699 0.4466
2444709.97803 0.4329
2444716.95099 0.4363
2444716.95300 0.4541
2444716.95398 0.4368
2444717.94501 0.4503
2444717.94702 0.4503
2444717.94800 0.4453
2444718.95599 0.4844
2444718.95599 0.4630
2444718.95697 0.4557
2444719.95203 0.4676
2444719.95300 0.4439
2444719.95398 0.4441
2444732.91400 0.4256
2444732.91498 0.3991
2444732.91602 0.4094
2444733.91199 0.4358
2444733.91302 0.4363
2444733.91400 0.4438
2444734.91400 0.4215
2444734.91498 0.4358
2444734.91699 0.4158
2444735.91400 0.4105
2444735.91498 0.4070
2444735.91602 0.4192
2444736.90601 0.4109
2444736.90698 0.4335
2444736.90802 0.4392
2444737.90002 0.4222
2444737.90100 0.4201
2444737.90198 0.4285
2444738.90399 0.4306
2444738.90503 0.4435
2444738.90601 0.4470
2444742.88800 0.4470
2444742.88898 0.4591
2444742.89001 0.4665
2444746.90698 0.4300
2444746.90802 0.4497
2444746.90997 0.4369
2444747.89398 0.4385
2444747.89502 0.4457
2444747.89600 0.4614
2444748.90900 0.4472
2444748.90997 0.4548
2444748.91199 0.4405
2444749.87402 0.4598
2444753.88898 0.4563
2444753.89099 0.4558
2444753.89301 0.4558
2444754.88501 0.4545
2444754.88702 0.4600
2444754.88800 0.4289
2444755.87701 0.4290
2444755.87799 0.4400
2444755.88000 0.4370
2444756.87402 0.4604
2444756.87598 0.4429
2444756.87701 0.4496
2444759.87500 0.4712
2444759.87701 0.4718
2444759.87903 0.4820
2444761.83801 0.4750
2444761.83899 0.4977
2444761.84100 0.5222
2444762.84302 0.4647
2444762.84399 0.5024
2444762.84601 0.4627
2444763.83698 0.4268
2444763.83801 0.4197
2444763.83899 0.4306
2444764.80902 0.4537
2444764.81097 0.4479
2444764.81201 0.4442
2444765.78497 0.4273
2444765.78601 0.4211
2444765.78699 0.4446
2444773.78998 0.4399
2444773.79102 0.4345
2444773.79199 0.4380
2444774.80103 0.4443
2444774.80200 0.4481
2444774.80298 0.4218
2444775.80701 0.4303
2444775.80798 0.4305
2444775.80902 0.4460
2444776.78802 0.4036
2444776.78900 0.4111
2444776.78998 0.4236
2444777.79199 0.4206
2444777.79303 0.4285
2444777.79401 0.3958
2444778.77899 0.4196
2444778.78003 0.4166
2444778.78101 0.4309
2444779.77600 0.3981
2444779.77698 0.4066
2444779.77802 0.4111
2444780.77600 0.4552
2444780.77698 0.4632
2444780.77899 0.4829
2444781.76898 0.4829
2444781.77002 0.4756
2444781.77100 0.4884
2444783.77899 0.4550
2444783.78101 0.4575
2444783.78302 0.4671
2444784.78101 0.4715
2444784.78198 0.4513
2444784.78400 0.4468
2444785.79303 0.4641
2444785.79498 0.4655
2444785.79700 0.4588
2444793.76898 0.4235
2444793.77002 0.4356
2444793.77197 0.4356
2444794.74701 0.4333
2444794.74799 0.4449
2444794.74902 0.4202
2444795.74500 0.4330
2444795.74500 0.4532
2444795.74597 0.4494
2444796.74500 0.4481
2444796.74597 0.4348
2444796.74701 0.4494
2444798.73901 0.4430
2444798.74103 0.4329
2444798.74200 0.4329
2444803.72803 0.4237
2444803.72900 0.4205
2444803.72998 0.4260
2444804.73499 0.4055
2444804.73602 0.4343
2444804.73700 0.4157
2444805.71600 0.4178
2444805.71698 0.4483
2444805.71802 0.4109
2444806.74799 0.4336
2444806.74902 0.4023
2444806.75000 0.4492
2444807.71899 0.3899
2444807.72101 0.4021
2444807.72198 0.4008
2444808.74799 0.4239
2444808.75000 0.4036
2444808.75098 0.4374
2444810.71100 0.4206
2444810.71198 0.4368
2444810.71301 0.4226
2444821.68201 0.4640
2444821.68298 0.4632
2444821.68402 0.4607
2444822.66901 0.4582
2444822.67102 0.4604
2444822.67200 0.4579
2444823.66901 0.4706
2444823.66998 0.4677
2444823.67102 0.4577
2444824.66699 0.4361
2444824.66803 0.4313
2444824.66998 0.4303
2444825.68103 0.4421
2444825.68201 0.4248
2444825.68298 0.4260
2444826.66699 0.4238
2444826.66998 0.4236
2444826.67200 0.4286
2444827.67700 0.4041
2444827.67902 0.4095
2444827.68103 0.4020
2444828.68903 0.3825
2444828.69098 0.3992
2444828.69202 0.3879
2444833.65601 0.4017
2444833.65802 0.3895
2444833.65997 0.3890
2444835.65302 0.4166
2444835.65503 0.3923
2444835.65601 0.4065
2444836.65100 0.3849
2444836.65100 0.3854
2444836.65302 0.3997
2445077.00403 0.4181
2445077.00598 0.3967
2445077.00696 0.3931
2445078.96997 0.3565
2445078.97205 0.3699
2445078.97400 0.3780
2445079.96301 0.3820
2445079.96399 0.3603
2445079.96594 0.3499
2445081.97998 0.3818
2445081.98206 0.3904
2445081.98401 0.3813
2445082.95996 0.3920
2445082.96204 0.3960
2445082.96399 0.4092
2445083.95801 0.4068
2445083.95996 0.3984
2445083.96301 0.4061
2445084.94897 0.3909
2445084.95105 0.3737
2445084.95300 0.3957
2445088.93298 0.4251
2445088.93506 0.3997
2445088.93701 0.4035
2445089.94604 0.4354
2445089.94800 0.4344
2445089.94995 0.4061
2445092.91101 0.4266
2445092.91296 0.4220
2445092.91504 0.4316
2445094.92395 0.4152
2445094.92603 0.4277
2445094.92798 0.4185
2445095.94397 0.4032
2445095.94604 0.4137
2445095.94800 0.3938
2445096.89905 0.4127
2445096.90002 0.4317
2445096.90295 0.3948
2445097.92297 0.4057
2445097.92505 0.4079
2445097.92700 0.4091
2445103.89600 0.3928
2445103.89795 0.4070
2445103.90002 0.4082
2445104.91895 0.4120
2445104.92200 0.3867
2445104.92603 0.4123
2445105.91003 0.4151
2445105.91296 0.4096
2445105.91504 0.4206
2445106.90796 0.4108
2445106.91003 0.4141
2445106.91199 0.3783
2445107.87097 0.4170
2445107.87402 0.4112
2445107.87598 0.3966
2445109.88098 0.3386
2445109.88306 0.3523
2445109.88501 0.3662
2445110.89502 0.3818
2445110.89600 0.3842
2445110.89795 0.3631
2445111.88696 0.3603
2445111.88904 0.3786
2445111.89099 0.3901
2445112.88599 0.3847
2445112.88794 0.3946
2445112.89001 0.3857
2445113.88098 0.3525
2445113.88306 0.3525
2445113.88501 0.3561
2445114.85498 0.3547
2445114.85803 0.3693
2445114.85999 0.3787
2445120.85901 0.3814
2445120.86096 0.3836
2445120.86206 0.3639
2445121.85596 0.3686
2445121.85803 0.3790
2445121.85999 0.3797
2445122.84204 0.3753
2445122.84302 0.3623
2445122.84497 0.3562
2445123.84900 0.3614
2445123.85205 0.3904
2445123.85400 0.3682
2445124.83606 0.3771
2445124.83801 0.3863
2445124.83899 0.3926
2445125.82996 0.3834
2445125.83105 0.3836
2445125.83301 0.3824
2445126.83606 0.3937
2445126.83801 0.3758
2445126.83997 0.3684
2445129.83301 0.3629
2445129.83398 0.3769
2445129.83496 0.3653
2445131.84302 0.3649
2445131.84399 0.3729
2445131.84595 0.3765
2445132.83301 0.3701
2445132.83398 0.3855
2445132.83606 0.3498
2445135.82202 0.3874
2445135.82300 0.3733
2445135.82495 0.3848
2445136.79504 0.4065
2445136.79700 0.3848
2445136.79797 0.3790
2445137.80896 0.3930
2445137.81104 0.3825
2445137.81299 0.3849
2445139.80701 0.3911
2445139.80896 0.3659
2445139.81006 0.3811
2445140.79797 0.3940
2445140.79895 0.3920
2445140.80103 0.3860
2445141.81299 0.3679
2445141.81396 0.3635
2445141.81494 0.3732
2445142.80798 0.3482
2445142.81006 0.3516
2445142.81201 0.3687
2445143.78101 0.3593
2445143.78503 0.3393
2445143.78796 0.3308
2445144.77502 0.3652
2445144.77795 0.3765
2445144.78003 0.3642
2445145.77405 0.3753
2445145.77698 0.3661
2445145.77905 0.3697
2445151.77100 0.3774
2445151.77295 0.3924
2445151.77502 0.3776
2445152.76501 0.3432
2445152.76697 0.3547
2445152.76904 0.3497
2445153.77197 0.3703
2445153.77405 0.3609
2445153.77502 0.3720
2445155.76404 0.3839
2445155.76599 0.3739
2445155.76794 0.3823
2445156.78406 0.3717
2445156.78503 0.3869
2445156.78699 0.3828
2445157.75903 0.4183
2445157.76001 0.4088
2445157.76099 0.3905
2445158.73706 0.3763
2445158.73804 0.3649
2445158.73999 0.3693
2445159.74194 0.4040
2445159.74304 0.3950
2445159.74500 0.3859
2445160.75500 0.3835
2445160.75598 0.3880
2445160.75598 0.4062
2445161.75500 0.4295
2445161.75500 0.4136
2445161.75598 0.4058
2445162.74402 0.3802
2445162.74500 0.3822
2445162.74597 0.3724
2445163.73303 0.3173
2445163.73499 0.3124
2445163.73706 0.3163
2445164.71301 0.3852
2445164.71497 0.3672
2445164.71594 0.3621
2445166.73206 0.3817
2445166.73303 0.3776
2445166.73499 0.3688
2445167.72705 0.3951
2445167.72803 0.3812
2445167.72900 0.3810
2445169.70398 0.3543
2445169.70496 0.3543
2445169.70605 0.3711
2445170.71301 0.3897
2445170.71399 0.3603
2445170.71497 0.3911
2445172.71497 0.3857
2445172.71594 0.3842
2445172.71704 0.3708
2445174.71301 0.3703
2445174.71399 0.3545
2445174.71594 0.3615
2445175.69299 0.3643
2445175.69495 0.3652
2445175.69604 0.3725
2445182.67798 0.3901
2445182.67896 0.3853
2445182.68103 0.3988
2445183.70605 0.3781
2445183.70801 0.3836
2445183.70996 0.3795
2445185.68103 0.4264
2445185.68201 0.3993
2445185.68298 0.3914
2445186.68201 0.3904
2445186.68298 0.3926
2445186.68396 0.4269
2445189.68201 0.4224
2445189.68298 0.4278
2445189.68396 0.4082
2445191.68604 0.4109
2445191.68701 0.4063
2445191.68799 0.4059
2445193.70398 0.3821
2445193.70496 0.3717
2445193.70605 0.3596
2445194.69604 0.3633
2445194.69800 0.3822
2445194.69897 0.3560
2445196.69995 0.3635
2445196.70203 0.3461
2445196.70300 0.3422
2445197.66602 0.3627
2445197.66699 0.3532
2445197.66895 0.3578
2445211.64404 0.4419
2445211.64502 0.4089
2445211.64600 0.3868
2445419.99304 0.3947
2445419.99695 0.3894
2445419.99902 0.3879
2445425.03003 0.3717
2445425.03101 0.3943
2445425.03198 0.3938
2445429.99500 0.3905
2445429.99695 0.3859
2445429.99805 0.3754
2445431.98206 0.3886
2445431.98303 0.3876
2445431.98499 0.3791
2445432.98804 0.3786
2445432.98901 0.3711
2445432.98999 0.3689
2445433.98596 0.3671
2445433.98706 0.3605
2445433.98804 0.3767
2445439.97400 0.3801
2445439.97705 0.3930
2445439.97998 0.4036
2445440.97595 0.3652
2445440.97705 0.3855
2445440.97803 0.3740
2445447.94800 0.4349
2445447.94897 0.4055
2445447.94995 0.3752
2445457.92297 0.3849
2445457.92395 0.3756
2445457.92505 0.3756
2445476.88000 0.3757
2445476.88196 0.3893
2445476.88306 0.3892
2445477.87903 0.3836
2445477.87903 0.3933
2445477.88000 0.4027
2445478.88098 0.3501
2445478.88196 0.3608
2445478.88196 0.3631
2445479.87805 0.3611
2445479.87903 0.3988
2445479.88000 0.3871
2445480.88000 0.3773
2445480.88098 0.3847
2445480.88306 0.3797
2445481.86401 0.3886
2445481.86499 0.3776
2445481.86597 0.3703
2445482.87000 0.3708
2445482.87097 0.3735
2445482.87195 0.3695
2445501.81700 0.3754
2445501.81700 0.3794
2445501.81800 0.3566
2445517.78100 0.3901
2445517.78200 0.3871
2445517.78300 0.3762
2445525.73700 0.3777
2445525.73800 0.3662
2445525.73900 0.3760
2445529.71100 0.4126
2445529.71100 0.4151
2445529.71200 0.4079
2445535.70300 0.3713
2445535.70300 0.3929
2445535.70400 0.3821
2445540.70100 0.3685
2445540.70200 0.3828
2445540.70300 0.3756
2445545.69700 0.3649
2445545.69800 0.3523
2445545.69900 0.3422
2445551.67700 0.3966
2445551.67700 0.3837
2445551.67800 0.3643
2445557.66800 0.3348
2445557.67000 0.3505
2445557.67100 0.3709
2445580.65200 0.3593
2445580.65200 0.3478
2445580.65300 0.3421
2445583.65600 0.3465
2445583.65700 0.3667
2445583.65700 0.3675
2445586.63900 0.3476
2445586.64000 0.3612
2445586.64000 0.3692
2445589.63100 0.3754
2445589.63200 0.3529
2445589.63300 0.3802
2445819.95900 0.3354
2445819.96000 0.3322
2445819.96100 0.3365
2445824.93200 0.3281
2445824.93400 0.3341
2445824.93600 0.3387
2445826.93300 0.3392
2445826.93500 0.3393
2445826.93700 0.3208
2445828.91300 0.3502
2445828.91400 0.3465
2445828.91500 0.3597
2445830.91200 0.3444
2445830.91400 0.3526
2445830.91500 0.3469
2445832.90747 0.3707
2445832.90820 0.3795
2445832.90894 0.3568
2445837.89160 0.3353
2445837.89233 0.3655
2445837.89343 0.3468
2445839.89404 0.3456
2445839.89502 0.3454
2445839.89587 0.3429
2445841.88574 0.3347
2445841.88684 0.3310
2445841.88806 0.3316
2445843.87720 0.3166
2445843.87781 0.3267
2445843.87842 0.3493
2445845.89075 0.3299
2445845.89185 0.3492
2445845.89294 0.3361
2445849.87964 0.3582
2445849.88037 0.3837
2445849.88123 0.3790
2445852.83398 0.3472
2445852.83569 0.3444
2445852.83704 0.3374
2445859.82776 0.3288
2445859.82983 0.3319
2445859.83167 0.3259
2445862.81628 0.3136
2445862.81775 0.3258
2445862.81921 0.3286
2445865.80334 0.3340
2445865.80432 0.3631
2445865.80554 0.3468
2445867.80481 0.3442
2445867.80640 0.3514
2445867.80786 0.3663
2445869.79089 0.3559
2445869.79187 0.3358
2445869.79260 0.3769
2445871.78784 0.3513
2445871.78882 0.3606
2445871.78967 0.3630
2445873.78662 0.3572
2445873.78735 0.3370
2445873.78809 0.3675
2445875.78186 0.3424
2445875.78308 0.3516
2445875.78394 0.3637
2445877.77844 0.3396
2445877.77954 0.3201
2445877.78040 0.3533
2445879.77124 0.3372
2445879.77222 0.3368
2445879.77319 0.3457
2445884.79639 0.3246
2445884.79736 0.3365
2445884.79846 0.3198
2446201.89795 0.3652
2446201.89941 0.3641
2446201.90112 0.3639
2446203.89404 0.3699
2446203.89526 0.3523
2446203.89673 0.3531
2446222.82520 0.3535
2446222.82666 0.3489
2446222.82813 0.3570
2446225.83081 0.3630
2446225.83301 0.3574
2446225.83521 0.3641
2446234.78784 0.3270
2446234.78979 0.3299
2446234.79199 0.3276
2446237.78662 0.3260
2446237.78760 0.3256
2446237.78833 0.3281
2446241.82300 0.3563
2446241.82397 0.3594
2446241.82471 0.3485
2446244.77783 0.3684
2446244.77856 0.3676
2446244.77930 0.3683
2446250.76001 0.3400
2446250.76099 0.3457
2446250.76172 0.3473
2446267.71973 0.3395
2446267.72070 0.3434
2446267.72144 0.3307
2446272.71313 0.3303
2446272.71387 0.3279
2446272.71460 0.3320
2446275.72900 0.3221
2446275.72974 0.3166
2446275.73022 0.3191
2446278.71069 0.3212
2446278.71118 0.3204
2446278.71191 0.3252
2446281.72607 0.3098
2446281.72705 0.2992
2446281.72852 0.2828
2446284.68506 0.2968
2446284.68579 0.3156
2446284.68677 0.3272
2446287.65723 0.3377
2446287.65820 0.3289
2446287.65918 0.3288
2446290.65161 0.3137
2446290.65259 0.3082
2446290.65356 0.3198
2446293.65845 0.3084
2446293.65942 0.3049
2446293.66016 0.3047
2446296.64673 0.3268
2446296.64795 0.3196
2446296.64893 0.3236
2446299.65503 0.3116
2446299.65601 0.3238
2446299.65698 0.3232
2446302.64160 0.3413
2446302.64258 0.3329
2446302.64355 0.3404
2446303.63696 0.3271
2446303.63818 0.3186
2446303.63916 0.3355
2446304.63574 0.3391
2446304.63647 0.3431
2446304.63770 0.3341
2446305.65820 0.3184
2446305.65918 0.3153
2446305.66016 0.3247
2446309.65137 0.3263
2446309.65259 0.3225
2446309.65381 0.3251
2446311.64917 0.3237
2446311.65039 0.3138
2446311.65137 0.3142
2446316.62915 0.3217
2446316.62988 0.3251
2446316.63062 0.3292
2446541.96191 0.3316
2446541.96240 0.3314
2446541.96338 0.3261
2446545.92139 0.3220
2446545.92310 0.3265
2446545.92627 0.3194
2446549.94189 0.3266
2446549.94263 0.3394
2446549.94360 0.3167
2446555.93848 0.3640
2446555.93945 0.3658
2446555.94043 0.3547
2446559.93579 0.3524
2446559.93677 0.3719
2446559.93823 0.3427
2446567.90527 0.3092
2446567.90625 0.3121
2446567.90747 0.3106
2446570.88525 0.3406
2446570.88623 0.3344
2446570.88721 0.3381
2446574.89478 0.3454
2446574.89673 0.3444
2446574.89844 0.3501
2446577.84058 0.3575
2446577.84155 0.3413
2446577.84253 0.3633
2446584.83350 0.3304
2446584.83447 0.3305
2446584.83569 0.3233
2446587.80615 0.3510
2446587.80859 0.3518
2446587.81006 0.3398
2446590.80371 0.3514
2446590.80542 0.3577
2446590.80688 0.3533
2446591.80225 0.3570
2446591.80322 0.3642
2446591.80420 0.3589
2446592.79443 0.3630
2446592.79590 0.3566
2446592.79712 0.3663
2446593.79395 0.3693
2446593.79492 0.3582
2446593.79639 0.3480
2446594.80151 0.3574
2446594.80298 0.3547
2446594.80420 0.3554
2446595.80176 0.3782
2446595.80249 0.3641
2446595.80347 0.3584
2446596.79468 0.3648
2446596.79590 0.3699
2446596.79736 0.3570
2446597.79907 0.3815
2446597.79980 0.3719
2446597.80054 0.3754
2446598.79883 0.3719
2446598.80005 0.3772
2446598.80127 0.3664
2446599.78979 0.3712
2446599.79077 0.3767
2446599.79150 0.3809
2446600.80347 0.3608
2446600.80444 0.3687
2446600.80542 0.3504
2446601.80322 0.3699
2446601.80469 0.3746
2446601.80591 0.3712
2446602.79517 0.3342
2446602.79614 0.3301
2446602.79712 0.3374
2446603.79688 0.3684
2446603.79785 0.3556
2446603.79907 0.3501
2446604.79272 0.3400
2446604.79370 0.3566
2446604.79443 0.3616
2446605.79395 0.3676
2446605.79468 0.3571
2446605.79565 0.3555
2446609.78687 0.3416
2446609.78857 0.3108
2446609.79077 0.3231
2446618.75830 0.3705
2446618.75928 0.3891
2446618.76050 0.3718
2446621.74561 0.3695
2446621.74683 0.3600
2446621.74805 0.3681
2446629.74487 0.3832
2446629.74561 0.3762
2446629.74658 0.3821
2446654.65845 0.3953
2446654.65918 0.3987
2446654.66016 0.3961
2446657.65137 0.3842
2446657.65234 0.3634
2446657.65332 0.3766
2446663.66602 0.3667
2446663.66724 0.3710
2446663.66846 0.3469
2446667.65820 0.3396
2446667.65967 0.3399
2446667.66113 0.3362
2446677.63550 0.3802
2446677.63672 0.3498
2446677.63794 0.3433
2446682.63623 0.3590
2446682.63721 0.3529
2446682.63818 0.3607
2446686.63354 0.3655
2446686.63477 0.3543
2446686.63599 0.3601
2446891.00586 0.3701
2446891.00879 0.3723
2446891.01172 0.3733
2446892.00586 0.3692
2446892.00854 0.3611
2446892.01074 0.3781
2446894.00610 0.3564
2446894.00806 0.3662
2446894.00977 0.3806
2446896.00146 0.3803
2446896.00317 0.3820
2446896.00464 0.3644
2446897.99048 0.3640
2446897.99463 0.3591
2446897.99829 0.3522
2446898.98804 0.3522
2446898.98999 0.3652
2446898.99170 0.3872
2446900.99072 0.3746
2446900.99316 0.3838
2446900.99585 0.3698
2446902.97144 0.3894
2446902.97339 0.3876
2446902.97510 0.4023
2446907.96533 0.4055
2446907.96680 0.4138
2446907.96851 0.3952
2446913.96851 0.3717
2446913.97046 0.3671
2446913.97241 0.3547
2446918.93774 0.3551
2446918.93994 0.3618
2446918.94214 0.3755
2446921.91992 0.3730
2446921.92163 0.3636
2446921.92334 0.3552
2446929.90259 0.3797
2446929.90479 0.4073
2446929.90674 0.4132
2446932.88647 0.3731
2446932.88843 0.3864
2446932.89038 0.3817
2446948.86670 0.4013
2446948.86914 0.3959
2446948.87134 0.3930
2446951.86206 0.4006
2446951.86401 0.4041
2446951.86597 0.4093
2446955.81348 0.3796
2446955.81665 0.3739
2446955.81958 0.3732
2446959.80420 0.3822
2446959.80664 0.4017
2446959.80933 0.3731
2446962.79761 0.3533
2446962.80005 0.3548
2446962.80298 0.3550
2446966.79297 0.3739
2446966.79565 0.3511
2446966.79883 0.3503
2446970.79272 0.3731
2446970.79468 0.3805
2446970.79736 0.3540
2446986.75171 0.3676
2446986.75391 0.3589
2446986.75635 0.3640
2446990.73975 0.3774
2446990.74194 0.3753
2446990.74438 0.3790
2446995.72119 0.3843
2446995.72339 0.3892
2446995.72632 0.3716
2447007.73071 0.3552
2447007.73193 0.3587
2447007.73315 0.3474
2447032.66040 0.3420
2447032.66138 0.3372
2447032.66235 0.3398
2447041.64478 0.3533
2447041.64575 0.3559
2447041.64697 0.3502
2447044.63013 0.3584
2447044.63086 0.3531
2447044.63159 0.3497
2447047.62744 0.3395
2447047.62817 0.3560
2447047.62866 0.3445
2447255.01514 0.3257
2447255.01611 0.3346
2447255.01685 0.3610
2447258.00537 0.3778
2447258.00659 0.3760
2447258.00781 0.3764
2447276.94678 0.3598
2447276.94751 0.3709
2447276.94849 0.3525
2447284.91968 0.3791
2447284.92090 0.3998
2447284.92188 0.3871
2447290.92261 0.3738
2447290.92383 0.3821
2447290.92505 0.3792
2447295.91455 0.3722
2447295.91577 0.3594
2447295.91724 0.3654
2447300.87891 0.3810
2447300.88013 0.3725
2447300.88110 0.3956
2447307.87891 0.4074
2447307.87988 0.3990
2447307.88110 0.4024
2447315.86157 0.3747
2447315.86230 0.3657
2447315.86328 0.3863
2447323.90552 0.3450
2447323.90747 0.3461
2447323.90894 0.3479
2447328.78784 0.3808
2447328.78882 0.3751
2447328.78979 0.3812
2447336.78711 0.3530
2447336.78833 0.3584
2447336.78955 0.3548
2447339.77710 0.3743
2447339.77856 0.3777
2447339.77979 0.3737
2447342.77563 0.4056
2447342.77661 0.4017
2447342.77734 0.4042
2447345.77539 0.3871
2447345.77637 0.3788
2447345.77734 0.3686
2447348.76807 0.3806
2447348.76904 0.3791
2447348.77002 0.3861
2447357.73584 0.3827
2447357.73706 0.3747
2447357.73828 0.3684
2447360.73999 0.3918
2447360.74121 0.3866
2447360.74219 0.3973
2447367.70947 0.3831
2447367.71045 0.3883
2447367.71191 0.3876
2447371.70483 0.3721
2447371.70605 0.3579
2447371.70728 0.3636
2447375.67529 0.3695
2447375.67676 0.3771
2447375.67822 0.3644
2447379.72778 0.3350
2447379.72900 0.3608
2447379.73047 0.3522
2447385.69360 0.3671
2447385.69507 0.3701
2447385.69629 0.3816
2447389.65796 0.3808
2447389.65869 0.3888
2447389.65967 0.4105
2447394.66064 0.3762
2447394.66211 0.3780
2447394.66309 0.3595
2447608.02759 0.3695
2447608.02881 0.3905
2447608.03027 0.3791
2447609.02881 0.3517
2447609.03052 0.3562
2447609.03223 0.3703
2447648.87793 0.3401
2447648.87939 0.3400
2447648.88086 0.3285
2447663.88135 0.3434
2447663.88306 0.3401
2447663.88501 0.3317
2447667.86890 0.3203
2447667.87158 0.3198
2447667.87354 0.3237
2447671.88574 0.3339
2447671.88770 0.3321
2447671.89014 0.3192
2447675.87061 0.3478
2447675.87329 0.3441
2447675.87622 0.3551
2447690.82080 0.3749
2447690.82178 0.3660
2447690.82275 0.3771
2447715.76392 0.4044
2447715.76489 0.4063
2447715.76611 0.4093
2447720.75366 0.4086
2447720.75488 0.4113
2447720.75610 0.4122
2447727.72754 0.3736
2447727.72876 0.3842
2447727.72998 0.3812
2447733.72754 0.3635
2447733.72900 0.3467
2447733.73047 0.3409
2447741.67725 0.4349
2447741.67847 0.4399
2447741.67944 0.4252
2447753.65356 0.4005
2447753.65454 0.3962
2447753.65552 0.4029
2448070.75464 0.3828
2448070.75610 0.3978
2448070.75732 0.3960
2448089.75732 0.4025
2448089.75854 0.4096
2448089.75977 0.4004
2448094.71973 0.3888
2448094.72119 0.3759
2448094.72266 0.3786
2448098.71484 0.3554
2448098.71631 0.3485
2448098.71729 0.3439
2448102.69531 0.3405
2448102.69629 0.3309
2448102.69873 0.3305
2448393.90576 0.3756
2448393.90820 0.3891
2448393.91016 0.3677
2448397.91504 0.3724
2448397.91699 0.3724
2448397.91895 0.3699
2448401.89453 0.3521
2448401.89600 0.3458
2448401.89746 0.3602
2448427.77734 0.3653
2448427.77930 0.3647
2448427.78125 0.3532
2448435.78271 0.3676
2448435.78467 0.3716
2448435.78711 0.3761
2448449.76514 0.3200
2448449.76709 0.3240
2448449.76855 0.3295
2448452.73828 0.3438
2448452.73975 0.3429
2448452.74121 0.3525
2448463.70166 0.3713
2448463.70313 0.3163
2448463.70410 0.3494
2448731.94678 0.3602
2448731.94824 0.3563
2448731.94971 0.3557
2448755.94385 0.3365
2448755.94531 0.3320
2448755.94727 0.3290
2448758.86182 0.3854
2448758.86377 0.3772
2448758.86523 0.3773
2448771.89795 0.3544
2448771.89893 0.3733
2448771.90039 0.3691
2448782.83887 0.4015
2448782.84033 0.3931
2448782.84180 0.3942
2448785.81348 0.3736
2448785.81494 0.3673
2448785.81641 0.3714
2448792.78369 0.4312
2448792.78516 0.4244
2448792.78662 0.4302
2448799.77588 0.3906
2448799.77686 0.3853
2448799.77832 0.3989
2448805.74023 0.3769
2448805.74170 0.3909
2448805.74316 0.3845
2448827.70654 0.3862
2448827.70752 0.3753
2448827.70898 0.3877
2448832.67920 0.3616
2448832.68018 0.3602
2448832.68164 0.3617
2448836.68066 0.3649
2448836.68262 0.3666
2448836.68457 0.3615
2448842.66943 0.3381
2448842.67090 0.3289
2448842.67285 0.3319
2449153.80713 0.3939
2449153.80859 0.3999
2449153.81006 0.4109
2449180.76172 0.3849
2449180.76318 0.3781
2449180.76465 0.3974
2449195.71191 0.3861
2449195.71387 0.3661
2449195.71582 0.3777
2449204.69043 0.4238
2449204.69189 0.4088
2449204.69336 0.4121
2449207.67822 0.3419
2449207.67969 0.3526
2449207.68164 0.3454
2449221.65332 0.3815
2449221.65527 0.3851
2449221.65674 0.3826
2449473.94873 0.3799
2449473.95020 0.3785
2449473.95117 0.3852
2449486.87354 0.3494
2449486.87500 0.3568
2449486.87598 0.3676
2449493.88818 0.4090
2449493.88916 0.4133
2449493.89062 0.4023
2449496.89160 0.3914
2449496.89258 0.3855
2449496.89355 0.3964
2449510.86670 0.3547
2449510.86768 0.3633
2449510.86816 0.3793
2449513.87842 0.3521
2449513.87988 0.3713
2449513.88086 0.3646
2449517.88770 0.3695
2449517.88867 0.3564
2449517.89014 0.3376
2449522.80078 0.3854
2449522.80176 0.4039
2449522.80322 0.3858
2449530.79492 0.3946
2449530.79590 0.3987
2449530.79736 0.3958
2449537.75146 0.4018
2449537.75244 0.3859
2449537.75391 0.4043
2449542.78760 0.3475
2449542.78906 0.3390
2449542.79004 0.3476
2449556.70850 0.3677
2449556.70996 0.3584
2449556.71094 0.3560
2449561.69287 0.3698
2449561.69434 0.3650
2449561.69531 0.3698
2449573.66309 0.3732
2449573.66406 0.3798
2449573.66504 0.3778
2449576.66162 0.3403
2449576.66260 0.3693
2449576.66357 0.3791
2449583.65283 0.3689
2449583.65381 0.3556
2449583.65527 0.3644
2449586.65088 0.4072
2449586.65186 0.4010
2449586.65332 0.4210
2449882.83984 0.3963
2449882.84131 0.4097
2449882.84229 0.4289
