45520.81400 0.3799
45520.81600 0.3957
45520.81700 0.4094
46584.92773 0.3781
46584.92993 0.3869
46584.93188 0.3944
46652.74194 0.3923
46652.74365 0.3852
46652.74585 0.3686
46710.61035 0.4063
46710.61304 0.4013
46710.61572 0.3984
46929.95850 0.3442
46929.96167 0.3407
46929.96460 0.3393
46953.93066 0.3794
46953.93457 0.3938
46953.93848 0.3856
47000.83130 0.3676
47000.83276 0.3737
47000.83447 0.3676
47012.70874 0.3461
47012.71069 0.3553
47012.71240 0.3536
47040.67090 0.3463
47040.67188 0.3452
47040.67285 0.3494
47276.97217 0.3852
47276.97339 0.3906
47276.97461 0.3856
47332.79956 0.3672
47332.80103 0.3659
47332.80249 0.3484
47390.66577 0.3728
47390.66699 0.3721
47390.66846 0.3635
47664.80737 0.3628
47664.81006 0.3834
47664.81274 0.3675
47723.73853 0.4325
47723.73950 0.4354
47723.74072 0.4335
48091.75830 0.4029
48091.76001 0.4020
48091.76196 0.4015
