39274.80000 0.1361
39275.80000 0.1393
39338.80000 0.1376
39341.80000 0.1400
39370.80000 0.1374
39371.80000 0.1427
39596.80000 0.1461
39667.80000 0.1429
39668.80000 0.1433
39693.80000 0.1464
39978.80000 0.1427
39979.80000 0.1415
40010.80000 0.1425
40012.80000 0.1426
40046.80000 0.1393
40048.80000 0.1448
40077.80000 0.1420
40079.80000 0.1429
40339.80000 0.1430
40340.80000 0.1447
40341.80000 0.1479
40343.80000 0.1440
40404.80000 0.1472
40405.80000 0.1480
40407.80000 0.1449
40437.80000 0.1466
40438.80000 0.1450
40439.80000 0.1451
40440.80000 0.1436
40454.80000 0.1464
40455.80000 0.1437
40456.80000 0.1491
40687.80000 0.1506
40725.80000 0.1506
40726.80000 0.1533
40727.80000 0.1429
40728.80000 0.1530
40729.80000 0.1479
40761.80000 0.1431
40777.80000 0.1470
40778.80000 0.1466
40779.80000 0.1461
40780.80000 0.1429
40811.80000 0.1453
40812.80000 0.1462
41052.80000 0.1498
41053.80000 0.1445
41082.80000 0.1453
41084.80000 0.1476
41085.80000 0.1414
41113.80000 0.1480
41114.80000 0.1440
41133.80000 0.1444
41134.80000 0.1458
41135.80000 0.1455
41136.80000 0.1437
41168.80000 0.1452
41169.80000 0.1460
41170.80000 0.1447
41428.80000 0.1454
41429.80000 0.1486
41430.80000 0.1469
41460.80000 0.1468
41461.80000 0.1490
41487.80000 0.1447
41488.80000 0.1473
41502.80000 0.1436
41503.80000 0.1459
41554.80000 0.1436
41555.80000 0.1434
41786.80000 0.1403
41787.80000 0.1463
41788.80000 0.1477
41819.80000 0.1457
41822.80000 0.1469
41835.80000 0.1485
41884.80000 0.1450
41885.80000 0.1479
41886.80000 0.1484
41909.80000 0.1452
42147.80000 0.1479
42148.80000 0.1462
42166.80000 0.1489
42167.80000 0.1438
42168.80000 0.1445
42169.80000 0.1441
42208.80000 0.1425
42209.80000 0.1460
42210.80000 0.1471
42218.80000 0.1491
42219.80000 0.1483
42220.80000 0.1451
42259.80000 0.1512
42260.80000 0.1436
42261.80000 0.1437
42525.80000 0.1515
42557.80000 0.1433
42558.80000 0.1531
42559.80000 0.1494
42560.80000 0.1500
42590.80000 0.1483
42591.80000 0.1484
42592.80000 0.1475
42613.80000 0.1427
42614.80000 0.1509
42615.80000 0.1451
42616.80000 0.1469
42885.80000 0.1508
42910.80000 0.1484
42911.80000 0.1462
42912.80000 0.1486
42913.80000 0.1473
42939.80000 0.1478
42940.80000 0.1483
42973.80000 0.1510
42974.80000 0.1429
42975.80000 0.1447
43025.80000 0.1510
43236.80000 0.1523
43237.80000 0.1477
43237.80000 0.1450
43238.80000 0.1439
43238.80000 0.1434
43239.80000 0.1404
43255.80000 0.1416
43256.80000 0.1389
43256.80000 0.1441
43257.80000 0.1439
43294.80000 0.1610
43295.80000 0.1461
43296.80000 0.1421
43346.80000 0.1476
43347.80000 0.1434
43347.80000 0.1478
43348.80000 0.1435
43348.80000 0.1450
43349.80000 0.1443
43349.80000 0.1480
43350.80000 0.1405
43350.80000 0.1449
43351.80000 0.1474
43351.80000 0.1438
43629.80000 0.1443
43663.80000 0.1422
43673.80000 0.1458
43703.80000 0.1374
43704.80000 0.1448
43742.80000 0.1487
43743.80000 0.1439
43962.80000 0.1426
43982.80000 0.1344
43983.80000 0.1446
43997.80000 0.1606
44002.80000 0.1387
44003.80000 0.1353
44004.80000 0.1395
44005.80000 0.1405
44024.80000 0.1439
44050.80000 0.1409
44051.80000 0.1402
44053.80000 0.1401
44411.71399 0.1394
44411.71600 0.1373
44411.71701 0.1412
44423.69400 0.1418
44423.69601 0.1404
44674.00098 0.1453
44674.00299 0.1437
44674.00403 0.1491
44703.99500 0.1466
44703.99597 0.1448
44703.99799 0.1475
44707.96002 0.1446
44707.96198 0.1438
44707.96399 0.1436
44708.98297 0.1457
44708.98401 0.1402
44708.98499 0.1432
44709.98798 0.1416
44709.98999 0.1443
44709.99103 0.1403
44715.97998 0.1490
44715.98297 0.1477
44715.98602 0.1440
44718.99799 0.1430
44718.99902 0.1448
44719.00098 0.1433
44720.00000 0.1413
44720.00098 0.1420
44720.00299 0.1375
44732.94800 0.1426
44732.95001 0.1469
44732.95203 0.1426
44733.89301 0.1349
44733.89502 0.1399
44733.89600 0.1384
44734.90698 0.1395
44734.90802 0.1372
44734.90997 0.1392
44735.93799 0.1447
44735.93903 0.1445
44735.94098 0.1445
44736.92297 0.1398
44736.92499 0.1453
44736.92603 0.1410
44737.93701 0.1452
44737.93903 0.1440
44737.94098 0.1435
44738.92200 0.1425
44738.92297 0.1404
44738.92401 0.1450
44741.94299 0.1406
44741.94598 0.1485
44741.94800 0.1455
44742.90503 0.1423
44742.90698 0.1416
44742.90802 0.1446
44745.92200 0.1430
44745.92499 0.1471
44745.92798 0.1427
44746.93402 0.1451
44747.95599 0.1427
44747.95801 0.1448
44747.96002 0.1441
44773.83197 0.1429
44773.83398 0.1354
44773.83502 0.1367
44774.83801 0.1389
44774.83899 0.1467
44774.84100 0.1462
44775.83899 0.1407
44775.84100 0.1376
44775.84198 0.1432
44776.82202 0.1450
44776.82501 0.1385
44776.82703 0.1418
44778.81403 0.1386
44778.81598 0.1431
44778.81799 0.1419
44779.80701 0.1397
44779.80798 0.1432
44779.80902 0.1405
44793.81702 0.1490
44793.81897 0.1333
44793.82098 0.1376
44797.81000 0.1374
44797.81201 0.1404
44797.81299 0.1392
44802.79901 0.1447
44802.80103 0.1454
44802.80298 0.1388
44804.79602 0.1414
44804.79797 0.1399
44804.79999 0.1463
44807.77301 0.1378
44807.77502 0.1376
44807.77698 0.1409
44808.80603 0.1488
44808.80798 0.1370
44808.81000 0.1419
44822.72900 0.1369
44822.73102 0.1396
44822.73297 0.1399
44825.76001 0.1402
44825.76202 0.1389
44825.76300 0.1414
44827.74200 0.1373
44827.74500 0.1380
44827.74902 0.1413
44828.74597 0.1496
44828.74902 0.1451
44828.75098 0.1428
44831.70398 0.1381
44831.70502 0.1347
44831.70697 0.1356
44868.68903 0.1478
44868.69098 0.1516
44868.69202 0.1541
44869.63800 0.1541
44869.64001 0.1489
44869.64099 0.1494
44870.62201 0.1459
44870.62299 0.1441
44870.62402 0.1469
44871.64600 0.1441
44871.64697 0.1488
44871.64899 0.1504
44872.67902 0.1445
44872.68103 0.1447
44872.68201 0.1422
44874.66699 0.1472
44874.66803 0.1495
44874.66901 0.1452
44875.65601 0.1530
44875.65698 0.1541
44875.65900 0.1500
44897.61902 0.1545
44897.62201 0.1483
44897.62402 0.1545
44898.66498 0.1684
44898.66699 0.1790
44898.66901 0.1636
44899.62402 0.1590
44899.62598 0.1572
44899.62799 0.1663
44900.61102 0.1583
44900.61298 0.1626
44900.61499 0.1634
45073.01294 0.1349
45073.01501 0.1390
45073.01794 0.1393
45073.95203 0.1450
45073.95496 0.1341
45073.95801 0.1406
45077.96704 0.1442
45077.97095 0.1454
45077.97400 0.1420
45083.00000 0.1429
45083.00195 0.1420
45083.00403 0.1401
45083.99902 0.1440
45084.00098 0.1445
45084.00403 0.1397
45084.98901 0.1530
45084.99097 0.1470
45084.99402 0.1494
45086.96497 0.1364
45086.96997 0.1364
45086.97400 0.1448
45087.98499 0.1360
45087.98804 0.1381
45087.99097 0.1357
45088.96594 0.1430
45088.96899 0.1408
45088.97095 0.1382
45089.98999 0.1314
45089.99194 0.1350
45089.99402 0.1348
45092.89697 0.1467
45092.90002 0.1392
45092.90198 0.1385
45094.97205 0.1392
45094.97400 0.1414
45094.97705 0.1436
45095.98596 0.1410
45095.98804 0.1410
45095.98999 0.1350
45096.96106 0.1411
45096.96399 0.1408
45096.96704 0.1394
45097.96497 0.1433
45097.96704 0.1498
45097.96997 0.1426
45103.95898 0.1484
45103.96204 0.1513
45103.96497 0.1414
45104.86597 0.1445
45104.86804 0.1481
45104.87097 0.1447
45106.95300 0.1437
45106.95496 0.1422
45106.95801 0.1432
45108.87598 0.1505
45108.87805 0.1457
45108.88000 0.1476
45109.91003 0.1369
45109.91296 0.1436
45109.91504 0.1431
45110.93103 0.1340
45110.93396 0.1400
45110.93604 0.1400
45111.93103 0.1426
45111.93201 0.1332
45111.93396 0.1440
45113.94995 0.1434
45113.95203 0.1424
45113.95398 0.1443
45114.90906 0.1405
45114.91199 0.1352
45114.91504 0.1403
45119.87195 0.1446
45119.87402 0.1444
45119.87598 0.1425
45120.87598 0.1352
45120.87695 0.1378
45120.87903 0.1352
45121.90100 0.1407
45121.90295 0.1351
45121.90503 0.1393
45123.87402 0.1394
45123.87598 0.1392
45123.87695 0.1377
45124.82800 0.1408
45124.82898 0.1391
45124.83105 0.1464
45126.81104 0.1522
45126.81299 0.1394
45126.81396 0.1358
45130.80200 0.1406
45130.80396 0.1375
45130.80505 0.1399
45131.81299 0.1423
45131.81494 0.1466
45131.81604 0.1394
45132.79504 0.1387
45132.79700 0.1377
45132.79797 0.1361
45133.83606 0.1429
45133.83801 0.1427
45133.83997 0.1391
45135.85901 0.1387
45135.86096 0.1425
45135.86304 0.1446
45137.90002 0.1413
45137.90198 0.1454
45137.90405 0.1411
45140.88306 0.1433
45140.88501 0.1401
45140.88599 0.1446
45144.81897 0.1418
45144.82104 0.1451
45144.82300 0.1483
45145.82605 0.1473
45145.82800 0.1403
45145.82996 0.1439
45152.79004 0.1395
45152.79102 0.1407
45152.79297 0.1409
45153.79297 0.1413
45153.79395 0.1401
45153.79602 0.1399
45154.76294 0.1415
45154.76404 0.1436
45154.76501 0.1466
45155.80798 0.1439
45155.80896 0.1456
45155.81104 0.1437
45157.79504 0.1413
45157.79602 0.1372
45157.79797 0.1437
45158.76501 0.1403
45158.76599 0.1389
45158.76794 0.1399
45159.77698 0.1401
45159.77905 0.1392
45159.78003 0.1441
45161.80298 0.1385
45161.80396 0.1363
45161.80505 0.1360
45162.79895 0.1400
45162.80005 0.1371
45162.80103 0.1369
45164.74304 0.1471
45164.74402 0.1483
45164.74597 0.1449
45165.77100 0.1449
45165.77295 0.1481
45165.77405 0.1546
45166.76196 0.1361
45166.76294 0.1421
45166.76501 0.1460
45167.74597 0.1470
45167.74695 0.1485
45167.74805 0.1432
45168.71106 0.1448
45168.71204 0.1458
45168.71301 0.1438
45170.73206 0.1435
45170.73303 0.1438
45170.73401 0.1401
45171.72205 0.1424
45171.72302 0.1457
45171.72400 0.1452
45172.72803 0.1381
45172.72900 0.1334
45172.72900 0.1419
45174.73596 0.1460
45174.73706 0.1374
45174.73901 0.1506
45175.71704 0.1370
45175.71802 0.1377
45175.71899 0.1406
45182.71301 0.1426
45182.71399 0.1445
45182.71594 0.1438
45183.71802 0.1419
45183.71899 0.1517
45183.71997 0.1426
45185.70105 0.1481
45185.70203 0.1418
45185.70300 0.1425
45186.68896 0.1398
45186.68994 0.1384
45186.69104 0.1473
45189.69397 0.1454
45189.69495 0.1426
45189.69604 0.1413
45191.69495 0.1497
45191.69604 0.1469
45191.69702 0.1450
45192.66895 0.1438
45192.67102 0.1423
45192.67200 0.1411
45193.73499 0.1422
45193.73596 0.1431
45193.73804 0.1380
45194.72302 0.1480
45194.72400 0.1422
45194.72595 0.1396
45195.69702 0.1430
45195.69800 0.1433
45195.69995 0.1452
45197.72095 0.1403
45197.72302 0.1427
45197.72498 0.1374
45198.70398 0.1410
45198.70496 0.1471
45198.70703 0.1478
45203.66895 0.1452
45203.67004 0.1428
45203.67200 0.1304
45208.70203 0.1439
45208.70398 0.1487
45208.70703 0.1577
45209.66101 0.1409
45209.66199 0.1364
45209.66296 0.1376
45210.67505 0.1427
45210.67700 0.1413
45210.67798 0.1477
45211.67505 0.1425
45211.67603 0.1389
45211.67798 0.1318
45367.10400 0.1406
45367.10596 0.1437
45367.10706 0.1422
45383.05896 0.1390
45383.06006 0.1411
45383.06006 0.1377
45385.00598 0.1415
45385.00806 0.1419
45385.01099 0.1426
45399.03796 0.1476
45399.03894 0.1473
45399.04004 0.1439
45402.00598 0.1436
45402.00806 0.1485
45402.01001 0.1448
45402.98901 0.1474
45402.98999 0.1428
45402.99097 0.1412
45410.01794 0.1453
45410.01904 0.1465
45410.02002 0.1491
45420.01697 0.1434
45420.01794 0.1442
45420.01904 0.1398
45424.00806 0.1458
45424.01001 0.1435
45424.01099 0.1441
45425.01196 0.1460
45425.01404 0.1520
45425.01697 0.1419
45438.95105 0.1451
45438.95203 0.1531
45439.98804 0.1467
45439.99194 0.1387
45439.99402 0.1396
45440.96399 0.1469
45440.96497 0.1438
45440.96594 0.1475
45447.96899 0.1399
45447.96997 0.1419
45447.97095 0.1336
45457.94397 0.1466
45457.94495 0.1515
45457.94604 0.1519
45476.79395 0.1447
45476.79504 0.1378
45476.79602 0.1405
45477.79102 0.1475
45477.79199 0.1429
45477.79297 0.1441
45478.76404 0.1432
45478.76501 0.1402
45478.76599 0.1476
45479.91003 0.1452
45479.91101 0.1419
45479.91199 0.1410
45482.79395 0.1460
45482.79504 0.1450
45482.79602 0.1402
45484.87402 0.1386
45484.87402 0.1418
45484.87500 0.1408
45485.83606 0.1568
45485.83801 0.1568
45485.83899 0.1503
45489.92700 0.1374
45489.92800 0.1399
45489.92900 0.1433
45492.83700 0.1416
45492.83800 0.1442
45492.83900 0.1466
45493.93800 0.1442
45493.93900 0.1424
45493.94000 0.1506
45494.91600 0.1442
45494.91700 0.1448
45494.91900 0.1401
45495.90500 0.1431
45495.90600 0.1450
45495.90600 0.1379
45496.82600 0.1444
45496.82700 0.1416
45496.82800 0.1423
45500.82000 0.1418
45500.82100 0.1412
45500.82200 0.1428
45501.80800 0.1479
45501.80900 0.1539
45501.81000 0.1419
45503.78400 0.1413
45503.78500 0.1449
45503.78600 0.1446
45504.80900 0.1463
45504.81000 0.1507
45504.81100 0.1443
45505.84500 0.1405
45505.84600 0.1398
45505.84700 0.1400
45506.82300 0.1459
45506.82400 0.1474
45506.82500 0.1413
45507.81900 0.1410
45507.82000 0.1414
45507.82100 0.1414
45508.78600 0.1422
45508.78700 0.1454
45508.78700 0.1530
45510.80800 0.1416
45510.80900 0.1396
45510.81000 0.1400
45512.76500 0.1415
45512.76600 0.1457
45512.76700 0.1460
45514.75300 0.1465
45514.75400 0.1377
45514.75500 0.1363
45516.80900 0.1430
45516.81000 0.1443
45516.81100 0.1414
45517.81700 0.1414
45517.81800 0.1357
45517.81900 0.1394
45518.79000 0.1405
45518.79200 0.1426
45518.79200 0.1459
45519.76300 0.1461
45519.76400 0.1450
45519.76500 0.1510
45520.83800 0.1432
45520.83900 0.1400
45520.83900 0.1357
45521.82000 0.1476
45521.82000 0.1465
45521.82100 0.1424
45524.82700 0.1503
45524.82800 0.1462
45524.82900 0.1464
45525.78400 0.1433
45525.78500 0.1451
45525.78600 0.1412
45526.73700 0.1440
45526.73700 0.1418
45526.73800 0.1490
45527.79200 0.1428
45527.79200 0.1409
45527.79300 0.1377
45528.73400 0.1497
45528.73600 0.1458
45528.73700 0.1339
45529.80400 0.1448
45529.80400 0.1412
45529.80500 0.1452
45531.74800 0.1434
45531.74900 0.1405
45531.75000 0.1373
45532.74300 0.1510
45532.74400 0.1466
45532.74500 0.1543
45533.72900 0.1478
45533.73000 0.1481
45533.73100 0.1494
45534.74400 0.1411
45534.74400 0.1420
45534.74500 0.1378
45536.70200 0.1417
45536.70300 0.1387
45536.70300 0.1416
45538.73600 0.1434
45538.73700 0.1381
45538.73700 0.1409
45539.72300 0.1353
45539.72400 0.1401
45539.72500 0.1384
45540.76900 0.1381
45540.77000 0.1448
45540.77100 0.1438
45541.72800 0.1396
45541.72900 0.1431
45541.72900 0.1391
45542.71000 0.1467
45542.71100 0.1422
45542.71100 0.1381
45543.73100 0.1466
45543.73200 0.1416
45543.73300 0.1441
45544.76700 0.1444
45544.76700 0.1407
45544.76800 0.1422
45545.76900 0.1403
45545.77000 0.1420
45545.77100 0.1395
45549.73000 0.1439
45549.73100 0.1501
45549.73200 0.1442
45550.79200 0.1502
45550.79200 0.1549
45550.79300 0.1461
45551.66700 0.1383
45551.66800 0.1400
45551.66900 0.1417
45552.68200 0.1430
45552.68300 0.1410
45552.68400 0.1440
45553.77700 0.1412
45553.77800 0.1415
45553.77900 0.1410
45556.77700 0.1452
45556.77800 0.1471
45556.77900 0.1473
45557.73100 0.1437
45557.73100 0.1487
45557.73200 0.1419
45562.73300 0.1426
45562.73400 0.1405
45562.73500 0.1384
45563.72500 0.1483
45563.72600 0.1489
45563.72700 0.1504
45568.66600 0.1420
45568.66700 0.1422
45568.66700 0.1446
45569.64000 0.1417
45569.64000 0.1444
45569.64100 0.1396
45570.63600 0.1387
45570.63700 0.1399
45570.63800 0.1464
45571.63900 0.1393
45571.64000 0.1413
45571.64100 0.1448
45572.63800 0.1434
45572.63900 0.1419
45572.64000 0.1419
45573.63700 0.1503
45573.63800 0.1412
45573.63900 0.1447
45574.63400 0.1443
45574.63500 0.1377
45574.63600 0.1466
45575.63600 0.1349
45575.63700 0.1397
45575.63800 0.1470
45576.68800 0.1405
45576.68900 0.1429
45576.69000 0.1446
45577.63900 0.1441
45577.64000 0.1388
45577.64100 0.1461
45578.63000 0.1355
45578.63000 0.1400
45578.63100 0.1371
45579.63900 0.1434
45579.64000 0.1494
45579.64100 0.1418
45580.64500 0.1398
45580.64600 0.1403
45580.64700 0.1394
45581.64000 0.1406
45581.64100 0.1416
45581.64100 0.1345
45582.63700 0.1418
45582.63800 0.1445
45582.63900 0.1474
45583.63300 0.1459
45583.63400 0.1481
45583.63500 0.1438
45584.62600 0.1458
45584.62700 0.1458
45584.62800 0.1433
45585.62200 0.1392
45585.62200 0.1420
45585.62300 0.1401
45586.62300 0.1420
45586.62400 0.1396
45586.62500 0.1455
45588.62700 0.1444
45588.62800 0.1445
45588.62900 0.1421
45589.62600 0.1468
45589.62600 0.1391
45589.62700 0.1392
45590.62300 0.1395
45590.62300 0.1434
45590.62400 0.1407
45591.62100 0.1399
45591.62100 0.1372
45591.62200 0.1423
45592.61900 0.1462
45592.62000 0.1459
45592.62100 0.1497
45593.63500 0.1426
45593.63500 0.1472
45593.63600 0.1434
45620.65600 0.1550
45620.65800 0.1540
45620.65900 0.1502
45621.60700 0.1426
45621.60900 0.1419
45621.61100 0.1434
45737.07500 0.1463
45737.07600 0.1400
45737.07700 0.1440
45754.06500 0.1400
45754.06700 0.1393
45754.06800 0.1380
45758.04100 0.1300
45758.04300 0.1399
45758.04500 0.1386
45759.05100 0.1381
45759.05200 0.1336
45759.05400 0.1370
45760.05000 0.1374
45760.05200 0.1397
45760.05300 0.1377
45763.05600 0.1362
45763.05700 0.1423
45763.05800 0.1401
45764.04200 0.1405
45764.04300 0.1402
45764.04400 0.1399
45773.05457 0.1516
45773.05627 0.1474
45773.05798 0.1446
45780.04500 0.1495
45780.04500 0.1471
45780.04600 0.1450
45782.97100 0.1507
45782.97200 0.1404
45782.97400 0.1426
45794.01900 0.1540
45794.02000 0.1573
45794.02100 0.1485
45801.01099 0.1427
45801.01379 0.1416
45801.01587 0.1473
45806.97600 0.1391
45806.97700 0.1441
45806.97800 0.1473
45813.97500 0.1419
45813.97600 0.1394
45813.97700 0.1368
45820.97000 0.1401
45820.97400 0.1349
45820.97800 0.1377
45827.00000 0.1494
45827.00200 0.1443
45827.00300 0.1404
45829.99400 0.1443
45829.99500 0.1458
45829.99700 0.1421
45830.95500 0.1403
45830.95700 0.1437
45830.95800 0.1374
45831.93700 0.1440
45831.93800 0.1460
45831.94000 0.1443
45832.92761 0.1433
45832.92859 0.1437
45832.92932 0.1472
45836.97424 0.1467
45836.97620 0.1472
45836.97778 0.1476
45841.91687 0.1389
45841.91846 0.1386
45841.91968 0.1465
45842.82446 0.1434
45842.82568 0.1486
45842.82690 0.1424
45847.91846 0.1400
45847.91943 0.1361
45847.92029 0.1390
45852.90442 0.1395
45852.90601 0.1447
45852.90759 0.1395
45853.93127 0.1376
45853.93237 0.1421
45853.93335 0.1446
45859.83606 0.1415
45859.83765 0.1388
45859.83887 0.1424
45861.88806 0.1407
45861.88904 0.1478
45861.89014 0.1514
45862.80493 0.1449
45862.80627 0.1473
45862.80762 0.1479
45864.82849 0.1363
45864.82959 0.1403
45864.83081 0.1410
45865.82996 0.1477
45865.83154 0.1385
45865.83264 0.1436
45866.82922 0.1416
45866.83081 0.1455
45866.83240 0.1471
45867.92590 0.1499
45867.92700 0.1504
45867.92810 0.1459
45868.81934 0.1505
45868.82031 0.1467
45868.82141 0.1415
45869.80945 0.1496
45869.81042 0.1489
45869.81152 0.1442
45870.77112 0.1447
45870.77197 0.1397
45870.77295 0.1434
45871.82544 0.1473
45871.82654 0.1431
45871.82764 0.1432
45872.79199 0.1522
45872.79297 0.1486
45872.79382 0.1482
45873.80872 0.1463
45873.80969 0.1355
45873.81067 0.1431
45874.79492 0.1414
45874.79578 0.1481
45874.79675 0.1477
45875.81299 0.1419
45875.81384 0.1446
45875.81470 0.1429
45876.76062 0.1364
45876.76172 0.1459
45876.76318 0.1420
45880.81604 0.1441
45880.81714 0.1378
45880.81812 0.1450
45882.89929 0.1565
45882.90076 0.1469
45882.90198 0.1463
45883.81238 0.1435
45883.81335 0.1382
45883.81433 0.1417
45884.94971 0.1493
45884.95117 0.1485
45884.95313 0.1429
45886.83240 0.1399
45886.83350 0.1451
45886.83459 0.1486
45887.77075 0.1424
45887.77185 0.1424
45887.77283 0.1392
45888.83118 0.1417
45888.83215 0.1414
45888.83313 0.1417
45889.81055 0.1482
45889.81213 0.1471
45889.81372 0.1421
45890.80127 0.1398
45890.80225 0.1448
45890.80334 0.1424
45891.81531 0.1412
45891.81616 0.1427
45891.81702 0.1464
45892.77490 0.1547
45892.77588 0.1413
45892.77698 0.1454
45893.80334 0.1371
45893.80420 0.1428
45893.80518 0.1419
45898.79004 0.1497
45898.79138 0.1455
45898.79248 0.1426
45899.85181 0.1466
45899.85339 0.1476
45899.85474 0.1447
45901.74512 0.1351
45901.74609 0.1468
45901.74683 0.1445
45903.73291 0.1396
45903.73560 0.1450
45903.73877 0.1405
45905.72180 0.1353
45905.72253 0.1302
45905.72327 0.1355
45906.76099 0.1412
45906.76172 0.1442
45906.76245 0.1366
45907.68152 0.1388
45907.68225 0.1431
45907.68298 0.1414
45912.73621 0.1399
45912.73706 0.1422
45912.73792 0.1419
45913.79834 0.1414
45913.79907 0.1496
45913.79993 0.1397
45914.79211 0.1352
45914.79285 0.1391
45914.79358 0.1505
45915.81860 0.1409
45915.81921 0.1467
45915.82007 0.1413
45916.78064 0.1549
45916.78137 0.1465
45916.78210 0.1531
45917.74683 0.1372
45917.74731 0.1445
45917.74792 0.1415
45918.77393 0.1422
45918.77466 0.1424
45918.77527 0.1471
45919.72290 0.1337
45919.72363 0.1300
45919.72449 0.1321
45921.75476 0.1256
45921.75549 0.1238
45921.75623 0.1195
45923.74927 0.1358
45923.75024 0.1482
45923.75122 0.1394
45928.77710 0.1384
45928.77783 0.1396
45928.77856 0.1432
45929.74304 0.1445
45929.74365 0.1386
45929.74414 0.1465
45932.77881 0.1397
45932.77966 0.1406
45932.78052 0.1458
45933.71326 0.1467
45933.71399 0.1351
45933.71472 0.1386
45934.75952 0.1471
45934.76038 0.1413
45934.76111 0.1466
45935.71143 0.1496
45935.71216 0.1426
45935.71301 0.1417
45936.68616 0.1415
45936.68677 0.1479
45936.68750 0.1477
45937.71436 0.1515
45937.71521 0.1495
45937.71606 0.1531
45938.74048 0.1384
45938.74146 0.1377
45938.74243 0.1365
45939.69788 0.1410
45939.69849 0.1431
45939.69922 0.1371
45940.72388 0.1414
45940.72510 0.1382
45940.72986 0.1277
45941.73645 0.1305
45941.73718 0.1388
45941.73792 0.1416
45942.74072 0.1417
45942.74133 0.1439
45942.74207 0.1430
45943.74768 0.1517
45943.74841 0.1490
45943.74890 0.1458
45944.72229 0.1447
45944.72327 0.1431
45944.72424 0.1384
45946.72705 0.1510
45946.72791 0.1502
45946.72876 0.1519
45947.65332 0.1709
45947.65405 0.1763
45947.65491 0.1695
45947.70691 0.1645
45947.70776 0.1685
45947.70862 0.1630
45949.76514 0.1437
45949.76660 0.1499
45949.76819 0.1406
45950.72937 0.1489
45950.73059 0.1444
45950.73181 0.1460
45951.69800 0.1445
45951.69971 0.1460
45951.70129 0.1456
45952.71069 0.1412
45952.71375 0.1380
45952.71692 0.1444
45957.73535 0.1546
45957.73804 0.1493
45957.74084 0.1504
45958.67773 0.1464
45958.67944 0.1412
45958.68127 0.1438
45959.71570 0.1462
45959.71802 0.1435
45959.72034 0.1435
45961.68811 0.1434
45961.69897 0.1490
45961.70996 0.1406
45962.74609 0.1471
45962.74866 0.1463
45962.75134 0.1483
45963.68103 0.1421
45963.68323 0.1412
45963.68530 0.1437
45964.69470 0.1501
45964.69702 0.1457
45964.69922 0.1470
45965.69299 0.1416
45965.69446 0.1435
45965.69580 0.1719
45971.62805 0.1426
45971.63000 0.1487
45971.63184 0.1475
45981.61108 0.1483
45981.61328 0.1472
45981.61548 0.1503
45982.60254 0.1496
45982.60449 0.1478
45982.60620 0.1442
45983.61157 0.1480
45983.61353 0.1496
45983.61548 0.1483
45984.61047 0.1426
45984.61218 0.1466
45984.61401 0.1483
45986.60327 0.1465
45986.60486 0.1396
45986.60669 0.1436
45987.62036 0.1431
45987.62341 0.1491
45987.62671 0.1500
45988.60425 0.1480
45988.60828 0.1502
45988.61328 0.1472
45989.59705 0.1452
45989.59961 0.1442
45989.60352 0.1496
45991.62732 0.2356
45991.63232 0.2529
45996.60913 0.1445
45996.61133 0.1423
45996.61340 0.1455
46109.03540 0.1385
46109.03809 0.1361
46109.04102 0.1407
46110.06860 0.1407
46110.07153 0.1431
46110.07471 0.1392
46145.03979 0.1393
46145.04224 0.1399
46145.04492 0.1453
46160.01660 0.1453
46160.02075 0.1463
46160.02515 0.1457
46161.02661 0.1491
46161.02930 0.1415
46161.03198 0.1459
46162.01733 0.1437
46162.02051 0.1432
46162.02344 0.1454
46163.97827 0.1359
46163.98071 0.1347
46163.98315 0.1404
46166.00366 0.1475
46166.00806 0.1467
46166.01245 0.1437
46167.01172 0.1427
46167.01611 0.1448
46167.01978 0.1446
46168.00903 0.1473
46168.01245 0.1435
46168.01587 0.1438
46169.01733 0.1464
46169.02051 0.1435
46169.02368 0.1462
46169.98242 0.1409
46169.98511 0.1415
46169.98779 0.1405
46171.98755 0.1429
46171.99219 0.1470
46171.99658 0.1430
46187.94263 0.1455
46187.94482 0.1444
46187.94727 0.1449
46189.97070 0.1503
46189.97656 0.1474
46189.98169 0.1460
46190.96143 0.1420
46190.97632 0.1442
46198.96655 0.1475
46198.96948 0.1434
46198.97266 0.1415
46199.97729 0.1441
46199.97974 0.1447
46199.98193 0.1417
46200.86523 0.1413
46200.86792 0.1451
46200.87061 0.1399
46201.97827 0.1426
46201.98267 0.1423
46201.98682 0.1444
46202.98120 0.1450
46202.98486 0.1456
46202.98853 0.1459
46203.91528 0.1377
46203.91797 0.1429
46203.92065 0.1385
46204.96240 0.1414
46204.96558 0.1394
46204.96899 0.1391
46205.94995 0.1466
46205.95337 0.1454
46205.95654 0.1466
46208.96509 0.1378
46208.96826 0.1382
46208.97144 0.1375
46209.98242 0.1445
46209.98511 0.1460
46209.98779 0.1462
46210.94922 0.1399
46210.95361 0.1411
46210.95752 0.1385
46212.88867 0.1397
46212.89111 0.1366
46212.89355 0.1404
46213.84961 0.1331
46213.85522 0.1383
46213.85986 0.1414
46213.86206 0.1329
46215.93701 0.1425
46215.93994 0.1425
46215.94238 0.1410
46216.88574 0.1507
46216.89136 0.1456
46216.89673 0.1473
46218.91504 0.1401
46218.92041 0.1389
46218.92480 0.1393
46220.92358 0.1426
46220.92871 0.1412
46220.93408 0.1434
46221.91968 0.1412
46221.92285 0.1396
46221.92578 0.1450
46222.84741 0.1416
46222.85059 0.1395
46222.85327 0.1362
46223.87964 0.1391
46223.88281 0.1382
46223.88574 0.1409
46224.85303 0.1433
46224.85596 0.1370
46224.85913 0.1376
46225.87524 0.1433
46225.87915 0.1419
46225.88306 0.1428
46227.74829 0.1453
46227.75342 0.1475
46227.75854 0.1470
46229.79663 0.1445
46229.80176 0.1449
46229.80688 0.1464
46230.88208 0.1409
46230.88721 0.1431
46230.89233 0.1400
46231.81738 0.1450
46231.82178 0.1412
46231.82593 0.1460
46233.92310 0.1455
46233.92676 0.1407
46233.93457 0.1427
46234.95410 0.1432
46234.95679 0.1444
46234.95923 0.1461
46235.91675 0.1374
46235.92041 0.1377
46235.92407 0.1374
46237.82275 0.1410
46237.82349 0.1409
46237.82397 0.1426
46237.82471 0.1388
46238.77100 0.1412
46238.77197 0.1390
46238.77271 0.1433
46239.80884 0.1378
46239.80957 0.1377
46239.81030 0.1390
46240.87354 0.1438
46240.87476 0.1430
46240.87598 0.1416
46241.85449 0.1429
46241.85547 0.1404
46241.85645 0.1403
46242.82495 0.1407
46242.82568 0.1437
46242.82666 0.1440
46243.86377 0.1441
46243.86499 0.1515
46243.86621 0.1401
46243.86743 0.1465
46243.86865 0.1417
46244.79785 0.1453
46244.79956 0.1409
46244.80151 0.1425
46245.85669 0.1477
46245.86108 0.1488
46245.86743 0.1470
46246.79834 0.1514
46246.80005 0.1508
46246.80176 0.1448
46249.87549 0.1494
46249.87769 0.1476
46249.88013 0.1494
46250.79736 0.1494
46250.79883 0.1465
46250.80029 0.1437
46264.75366 0.1432
46264.75732 0.1382
46264.75854 0.1368
46266.75439 0.1417
46266.75781 0.1443
46266.75977 0.1430
46267.75659 0.1390
46267.75757 0.1413
46267.75830 0.1438
46268.76050 0.1372
46268.76123 0.1407
46268.76196 0.1386
46269.75903 0.1437
46269.76001 0.1390
46269.76099 0.1389
46271.78735 0.1405
46271.78784 0.1405
46271.78857 0.1430
46272.73804 0.1417
46272.73901 0.1433
46272.73999 0.1402
46273.77368 0.1422
46273.77441 0.1383
46273.77539 0.1368
46274.74341 0.1459
46274.74438 0.1438
46274.74536 0.1416
46275.77002 0.1422
46275.77100 0.1412
46275.77197 0.1410
46276.72485 0.1393
46276.72583 0.1380
46276.72656 0.1398
46277.74780 0.1425
46277.74878 0.1409
46277.74976 0.1428
46278.75098 0.1518
46278.75195 0.1502
46278.75293 0.1513
46279.73511 0.1462
46279.73633 0.1431
46279.73755 0.1433
46280.80029 0.1466
46280.80176 0.1460
46280.80298 0.1462
46281.77148 0.1424
46281.77246 0.1417
46281.77344 0.1398
46282.72388 0.1498
46282.72485 0.1471
46282.72583 0.1424
46283.72827 0.1451
46283.72949 0.1449
46283.73071 0.1415
46285.74316 0.1442
46285.74390 0.1410
46285.74487 0.1439
46286.72510 0.1448
46286.72583 0.1417
46286.72656 0.1395
46287.72314 0.1424
46287.72412 0.1436
46287.72485 0.1399
46288.67310 0.1457
46288.67432 0.1433
46288.67554 0.1494
46289.72485 0.1446
46289.72559 0.1420
46289.72632 0.1426
46290.75659 0.1415
46290.75757 0.1442
46290.75903 0.1436
46291.70679 0.1479
46291.70776 0.1479
46291.70874 0.1466
46292.69238 0.1443
46292.69336 0.1370
46292.69434 0.1364
46293.71777 0.1455
46293.71875 0.1483
46293.71948 0.1460
46294.67822 0.1516
46294.67896 0.1504
46294.67969 0.1483
46295.70776 0.1457
46295.70850 0.1468
46295.70947 0.1457
46296.70752 0.1439
46296.70850 0.1405
46296.70947 0.1370
46297.73486 0.1424
46297.73584 0.1438
46297.73682 0.1430
46298.69775 0.1436
46298.69849 0.1435
46298.69946 0.1465
46299.72070 0.1436
46299.72168 0.1419
46299.72241 0.1463
46300.69531 0.1366
46300.69604 0.1369
46300.69678 0.1353
46301.66772 0.1413
46301.66870 0.1402
46301.66968 0.1424
46302.68481 0.1427
46302.68555 0.1481
46302.68652 0.1430
46303.67578 0.1407
46303.67651 0.1399
46303.67725 0.1394
46304.68408 0.1428
46304.68506 0.1446
46304.68628 0.1428
46305.69653 0.1419
46305.69751 0.1419
46305.69873 0.1389
46309.70166 0.1476
46309.70264 0.1439
46309.70386 0.1457
46310.68774 0.1426
46310.68872 0.1397
46310.68970 0.1406
46311.67285 0.1470
46311.67383 0.1469
46311.67480 0.1463
46316.65674 0.1501
46316.65747 0.1485
46316.65820 0.1460
46321.63940 0.1392
46321.64111 0.1387
46321.64258 0.1438
46322.65454 0.1387
46322.65552 0.1425
46322.65649 0.1392
46323.65674 0.1392
46323.65747 0.1420
46323.65845 0.1415
46324.64893 0.1427
46324.64966 0.1449
46324.65063 0.1436
46325.65527 0.1458
46325.65625 0.1444
46325.65723 0.1504
46326.63867 0.1448
46326.63989 0.1457
46326.64136 0.1476
46328.63965 0.1446
46328.64087 0.1464
46328.64185 0.1448
46332.61816 0.1482
46332.61914 0.1539
46332.62061 0.1520
46334.62769 0.1499
46334.62842 0.1495
46334.62939 0.1479
46338.64917 0.1462
46338.64990 0.1482
46338.65063 0.1440
46339.65186 0.1429
46339.65259 0.1455
46339.65430 0.1481
46341.62720 0.1453
46341.62793 0.1443
46341.62866 0.1445
46543.00391 0.1477
46544.96411 0.1448
46544.96704 0.1499
46545.93896 0.1443
46545.94067 0.1372
46545.94287 0.1373
46548.98779 0.1435
46548.98877 0.1441
46548.98975 0.1404
46549.96851 0.1464
46549.96948 0.1443
46549.97046 0.1440
46552.97729 0.1466
46552.97827 0.1400
46552.97925 0.1486
46555.99146 0.1451
46555.99292 0.1418
46555.99438 0.1459
46560.93481 0.1340
46560.93579 0.1405
46560.93652 0.1400
46568.91870 0.1429
46568.91968 0.1396
46568.92065 0.1355
46569.96680 0.1415
46569.96753 0.1483
46569.96851 0.1387
46570.95093 0.1337
46570.95190 0.1416
46570.95288 0.1400
46571.91919 0.1462
46571.92139 0.1414
46571.92383 0.1449
46572.95068 0.1430
46572.95215 0.1404
46572.95337 0.1447
46573.95703 0.1378
46573.95801 0.1422
46573.95923 0.1372
46574.97412 0.1442
46574.97607 0.1397
46574.97778 0.1446
46575.97729 0.1379
46575.97852 0.1403
46575.97949 0.1417
46576.91724 0.1457
46576.91821 0.1385
46576.91943 0.1362
46578.94751 0.1486
46578.94873 0.1464
46578.94971 0.1520
46580.90356 0.1450
46580.90527 0.1454
46580.90674 0.1496
46582.91455 0.1450
46582.91626 0.1463
46582.91797 0.1447
46583.93115 0.1455
46583.93262 0.1499
46583.93408 0.1453
46584.93848 0.1404
46584.93945 0.1397
46584.94043 0.1445
46585.92798 0.1410
46585.92920 0.1446
46585.93018 0.1357
46586.91333 0.1465
46586.91455 0.1427
46586.91577 0.1426
46587.90918 0.1465
46587.91040 0.1411
46587.91162 0.1405
46588.91162 0.1463
46588.91260 0.1367
46588.91333 0.1507
46590.93115 0.1426
46590.93237 0.1406
46590.93335 0.1453
46591.92480 0.1456
46591.92578 0.1477
46591.92651 0.1456
46592.91772 0.1450
46592.91895 0.1396
46592.91992 0.1357
46594.90845 0.1430
46594.90942 0.1453
46594.91040 0.1463
46595.90820 0.1416
46595.90894 0.1437
46595.90991 0.1416
46596.89063 0.1481
46596.89160 0.1481
46596.89233 0.1437
46597.88770 0.1424
46597.88867 0.1438
46597.88965 0.1364
46598.92896 0.1450
46598.92993 0.1473
46598.93115 0.1489
46599.90356 0.1450
46599.90430 0.1386
46599.90527 0.1471
46600.89722 0.1527
46600.89819 0.1478
46600.89917 0.1436
46601.88452 0.1370
46601.88550 0.1444
46601.89453 0.1414
46602.90894 0.1499
46602.90991 0.1491
46602.91089 0.1414
46604.90503 0.1464
46604.90601 0.1450
46604.90698 0.1456
46605.90405 0.1442
46605.90503 0.1447
46605.90625 0.1444
46610.79370 0.1455
46610.79517 0.1422
46610.79639 0.1400
46611.89697 0.1420
46611.89844 0.1434
46611.89990 0.1437
46615.90015 0.1422
46615.90161 0.1479
46615.90332 0.1463
46616.88452 0.1377
46616.88599 0.1383
46616.88745 0.1421
46618.89185 0.1520
46618.89355 0.1545
46618.89526 0.1519
46619.80859 0.1457
46619.80957 0.1475
46619.81079 0.1462
46620.80884 0.1512
46620.81006 0.1447
46620.81128 0.1449
46621.80249 0.1366
46621.80347 0.1426
46621.80444 0.1404
46622.76636 0.1356
46622.76782 0.1462
46622.76929 0.1483
46623.80347 0.1384
46623.80444 0.1450
46623.80542 0.1388
46624.77441 0.1451
46624.77588 0.1438
46624.77734 0.1443
46627.80078 0.1450
46627.80200 0.1487
46627.80298 0.1495
46629.79565 0.1476
46629.79663 0.1451
46629.79785 0.1408
46632.78296 0.1410
46632.78394 0.1482
46632.78491 0.1391
46639.78662 0.1429
46639.78784 0.1463
46639.78906 0.1395
46643.79541 0.1515
46643.79663 0.1498
46643.79761 0.1456
46649.75244 0.1398
46649.75366 0.1374
46649.75464 0.1392
46650.77710 0.1417
46650.77832 0.1399
46650.77930 0.1422
46652.79199 0.1433
46652.79346 0.1452
46652.79492 0.1477
46653.72412 0.1435
46653.72510 0.1441
46653.72607 0.1481
46654.76416 0.1399
46654.76538 0.1378
46654.76636 0.1383
46655.73511 0.1456
46655.73633 0.1441
46655.73755 0.1437
46657.70801 0.1451
46657.70898 0.1428
46657.70996 0.1395
46658.71680 0.1452
46658.71802 0.1404
46658.71899 0.1409
46659.72827 0.1474
46659.72925 0.1484
46659.73022 0.1492
46660.70532 0.1350
46660.70654 0.1416
46660.70776 0.1375
46661.71484 0.1391
46661.71606 0.1429
46661.71777 0.1366
46663.70239 0.1288
46663.70361 0.1400
46663.70459 0.1360
46664.73779 0.1400
46664.73877 0.1382
46664.73975 0.1315
46665.68750 0.1500
46665.68823 0.1521
46665.68921 0.1424
46666.67480 0.1400
46666.67603 0.1416
46666.67725 0.1415
46667.69629 0.1446
46667.69751 0.1439
46667.69873 0.1421
46669.70239 0.1401
46669.70386 0.1425
46669.70508 0.1451
46669.70630 0.1383
46669.70776 0.1430
46669.70898 0.1490
46669.71045 0.1418
46669.71167 0.1391
46669.71289 0.1408
46669.71411 0.1420
46669.71558 0.1430
46669.71680 0.1420
46669.71802 0.1440
46669.71948 0.1389
46669.72070 0.1396
46669.76758 0.1522
46669.76904 0.1490
46669.77051 0.1514
46669.77246 0.1497
46669.77588 0.1376
46670.66333 0.1420
46670.66528 0.1423
46670.66724 0.1463
46671.66089 0.1460
46671.66211 0.1393
46671.66357 0.1429
46672.70239 0.1486
46672.70361 0.1496
46672.70483 0.1437
46673.68896 0.1443
46673.69043 0.1442
46673.69189 0.1458
46676.68726 0.1353
46676.68823 0.1383
46676.68945 0.1474
46677.68384 0.1389
46677.68506 0.1426
46677.68604 0.1329
46678.67456 0.1424
46678.67578 0.1398
46678.67700 0.1383
46679.68628 0.1460
46679.68750 0.1395
46679.68848 0.1368
46681.68311 0.1514
46681.68506 0.1443
46681.68677 0.1476
46684.67944 0.1438
46684.68091 0.1513
46684.68213 0.1479
46686.67310 0.1473
46686.67456 0.1478
46686.67627 0.1457
46688.64136 0.1418
46688.64258 0.1402
46688.64355 0.1395
46689.64478 0.1431
46689.64575 0.1378
46689.64697 0.1455
46691.63574 0.1410
46691.63696 0.1452
46691.63843 0.1427
46693.63867 0.1444
46693.64014 0.1439
46693.64160 0.1470
46695.63916 0.1472
46695.64038 0.1441
46695.64185 0.1400
46703.62549 0.1551
46703.62695 0.1440
46703.62842 0.1491
46883.03491 0.1479
46883.03735 0.1400
46883.04004 0.1449
46911.98218 0.1337
46911.98438 0.1411
46911.98682 0.1354
46912.99390 0.1451
46912.99658 0.1390
46912.99951 0.1343
46920.00684 0.1397
46920.00903 0.1459
46920.01172 0.1354
46921.01123 0.1354
46921.01367 0.1404
46921.01660 0.1431
46922.00635 0.1425
46922.00854 0.1411
46922.01074 0.1430
46929.99658 0.1437
46929.99878 0.1345
46930.00122 0.1418
46931.99609 0.1490
46931.99878 0.1460
46932.00146 0.1422
46937.96899 0.1395
46937.97192 0.1412
46937.97534 0.1339
46939.88135 0.1421
46939.88672 0.1412
46939.89233 0.1442
46943.92725 0.1380
46943.93091 0.1475
46943.93457 0.1420
46945.87598 0.1350
46945.87866 0.1294
46945.88135 0.1384
46947.88257 0.1381
46947.88501 0.1462
46947.88745 0.1377
46948.96240 0.1406
46948.96509 0.1406
46948.96802 0.1389
46949.90552 0.1450
46949.90771 0.1498
46949.91040 0.1413
46950.92896 0.1338
46950.93188 0.1431
46950.93481 0.1332
46951.96558 0.1493
46951.96973 0.1445
46951.97363 0.1465
46953.95703 0.1405
46953.96021 0.1404
46953.96362 0.1450
46954.92920 0.1449
46954.93237 0.1442
46954.93555 0.1420
46955.91284 0.1390
46955.91553 0.1425
46955.91821 0.1414
46956.93066 0.1392
46956.93311 0.1442
46956.93579 0.1386
46957.92651 0.1397
46957.92920 0.1429
46957.93164 0.1369
46958.91821 0.1348
46958.92090 0.1330
46958.92358 0.1356
46959.90063 0.1368
46959.90332 0.1394
46959.90649 0.1361
46960.90210 0.1475
46960.90723 0.1607
46960.91187 0.1572
46961.92676 0.1427
46961.93018 0.1402
46961.93408 0.1359
46962.92993 0.1475
46962.93311 0.1414
46962.93604 0.1454
46963.92188 0.1347
46963.92407 0.1350
46963.92651 0.1420
46964.86572 0.1504
46964.86743 0.1378
46964.86938 0.1467
46965.90723 0.1430
46965.90942 0.1377
46965.91187 0.1426
46966.91602 0.1433
46966.91919 0.1436
46966.92236 0.1431
46967.89429 0.1425
46967.89673 0.1469
46967.89941 0.1415
46970.91235 0.1444
46970.91479 0.1446
46970.91724 0.1429
46985.86450 0.1447
46985.86768 0.1406
46985.87061 0.1374
46988.78320 0.1417
46988.78589 0.1452
46988.78882 0.1449
46989.78955 0.1405
46989.79175 0.1404
46989.79395 0.1372
46990.80615 0.1389
46990.80859 0.1368
46990.81104 0.1328
46991.81616 0.1411
46991.81860 0.1383
46991.82129 0.1339
46995.85425 0.1378
46995.85815 0.1384
46995.86206 0.1411
47000.85083 0.1401
47000.85181 0.1381
47000.85303 0.1402
47002.84058 0.1393
47002.84180 0.1442
47002.84302 0.1340
47007.80078 0.1430
47007.80249 0.1468
47007.80420 0.1442
47008.75391 0.1442
47008.75488 0.1435
47008.75586 0.1378
47008.77026 0.1366
47008.77124 0.1392
47008.77222 0.1400
47012.73779 0.1266
47012.73877 0.1287
47012.73999 0.1290
47020.73315 0.1326
47020.73438 0.1270
47020.73560 0.1330
47020.73682 0.1317
47020.73779 0.1375
47020.73901 0.1342
47021.71777 0.1418
47021.71899 0.1408
47021.72021 0.1428
47024.71826 0.1433
47024.71948 0.1446
47024.72070 0.1438
47027.66748 0.1332
47027.66870 0.1294
47027.66992 0.1321
47029.79395 0.1318
47029.79492 0.1309
47029.79590 0.1322
47032.79639 0.1414
47032.79736 0.1460
47032.79834 0.1470
47033.77759 0.1360
47033.77856 0.1387
47033.77930 0.1376
47034.75342 0.1359
47034.75439 0.1411
47034.75513 0.1394
47035.73511 0.1348
47035.73608 0.1347
47035.73706 0.1313
47036.68018 0.1431
47036.68091 0.1445
47036.68188 0.1433
47036.79175 0.1469
47036.79272 0.1461
47036.79346 0.1410
47038.67798 0.1456
47038.67896 0.1444
47038.67993 0.1482
47040.68872 0.1321
47040.68970 0.1332
47040.69067 0.1338
47041.67920 0.1553
47041.67993 0.1417
47041.68091 0.1456
47042.67480 0.1460
47042.67554 0.1395
47042.67651 0.1530
47043.67285 0.1447
47043.67358 0.1473
47043.67456 0.1521
47044.65894 0.1501
47044.65967 0.1475
47044.66089 0.1491
47045.67773 0.1429
47045.67871 0.1419
47045.67969 0.1497
47046.65796 0.1376
47046.65894 0.1426
47046.65991 0.1437
47047.68457 0.1327
47047.68530 0.1370
47047.68628 0.1357
47048.63501 0.1396
47048.63574 0.1363
47048.63672 0.1404
47050.62720 0.1381
47050.62793 0.1405
47050.62866 0.1474
47053.65210 0.1467
47053.65308 0.1488
47053.65405 0.1525
47055.68091 0.1432
47055.68164 0.1415
47055.68262 0.1412
47056.63843 0.1425
47056.63940 0.1391
47056.64038 0.1439
47057.69116 0.1552
47057.69214 0.1428
47057.69312 0.1379
47058.70142 0.1452
47058.70239 0.1452
47058.70337 0.1437
47060.65039 0.1415
47060.65137 0.1435
47060.65234 0.1391
47066.68140 0.1494
47066.68237 0.1451
47066.68311 0.1418
47067.68774 0.1403
47067.68896 0.1390
47067.68994 0.1315
47069.62939 0.1428
47069.63013 0.1473
47069.63086 0.1376
47070.61670 0.1461
47070.61768 0.1545
47070.61865 0.1458
47071.62207 0.1492
47071.62305 0.1468
47071.62866 0.1510
47072.61328 0.1514
47072.61426 0.1492
47072.61523 0.1504
47073.61670 0.1514
47073.61768 0.1483
47073.61841 0.1488
47074.61304 0.1550
47074.61401 0.1582
47074.61499 0.1532
47075.61279 0.1483
47075.61353 0.1567
47075.61426 0.1515
47076.61377 0.1511
47076.61499 0.1562
47076.61646 0.1562
47077.61255 0.1530
47077.61353 0.1555
47077.61426 0.1505
47078.60962 0.1447
47078.61035 0.1504
47078.61108 0.1520
47079.60938 0.1522
47079.61035 0.1502
47079.61133 0.1540
47088.60791 0.1530
47088.60889 0.1578
47088.60986 0.1516
47227.05347 0.1349
47227.05444 0.1376
47227.05542 0.1382
47254.01855 0.1418
47254.02002 0.1401
47254.02319 0.1410
47256.01880 0.1423
47256.02026 0.1419
47256.02148 0.1459
47258.03320 0.1384
47258.03394 0.1405
47258.03491 0.1395
47275.99951 0.1482
47276.00073 0.1455
47276.00195 0.1463
47281.98853 0.1440
47281.98999 0.1440
47281.99146 0.1499
47283.99438 0.1465
47283.99561 0.1445
47283.99658 0.1439
47284.99097 0.1443
47284.99194 0.1443
47284.99316 0.1507
47285.95898 0.1429
47285.96021 0.1463
47285.96143 0.1428
47292.99048 0.1469
47292.99170 0.1491
47292.99292 0.1433
47295.94971 0.1452
47295.95068 0.1428
47295.95190 0.1397
47296.95044 0.1445
47296.95166 0.1443
47296.95264 0.1459
47297.91113 0.1463
47297.91211 0.1497
47297.91309 0.1485
47298.97070 0.1498
47298.97192 0.1548
47298.97290 0.1506
47300.96436 0.1472
47300.96582 0.1387
47300.96680 0.1427
47301.95923 0.1472
47301.96021 0.1451
47301.96143 0.1455
47302.96240 0.1430
47302.96362 0.1513
47302.96509 0.1461
47305.97070 0.1471
47305.97192 0.1494
47305.97339 0.1470
47306.95557 0.1437
47306.95654 0.1442
47306.95776 0.1462
47307.96362 0.1450
47307.96460 0.1456
47307.96606 0.1401
47308.97607 0.1403
47308.97778 0.1432
47308.97925 0.1478
47309.95435 0.1490
47309.95581 0.1426
47309.95752 0.1440
47312.92041 0.1439
47312.92139 0.1470
47312.92236 0.1521
47313.88916 0.1448
47313.89111 0.1436
47313.89453 0.1461
47314.89990 0.1434
47314.90088 0.1426
47314.90161 0.1412
47315.89624 0.1480
47315.89771 0.1431
47315.89893 0.1466
47320.89795 0.1433
47320.89917 0.1430
47320.90039 0.1511
47323.89258 0.1467
47323.89380 0.1396
47323.89502 0.1366
47323.89819 0.1433
47323.89917 0.1410
47326.88843 0.1441
47326.88965 0.1482
47326.89087 0.1469
47327.88794 0.1524
47327.88916 0.1477
47327.89063 0.1542
47328.89868 0.1503
47328.89990 0.1486
47328.90088 0.1487
47331.88330 0.1454
47331.88428 0.1510
47331.88550 0.1466
47332.87915 0.1471
47332.88062 0.1502
47332.88208 0.1514
47333.90991 0.1500
47333.91113 0.1443
47333.91235 0.1481
47335.89185 0.1497
47335.89331 0.1472
47335.89429 0.1467
47336.89624 0.1442
47336.89746 0.1477
47336.89844 0.1484
47337.90649 0.1499
47337.90771 0.1477
47337.90918 0.1464
47338.89258 0.1417
47338.89404 0.1416
47338.89526 0.1398
47339.87964 0.1490
47339.88062 0.1483
47339.88159 0.1471
47340.88989 0.1525
47340.89111 0.1570
47340.89209 0.1554
47341.89307 0.1467
47341.89429 0.1448
47341.89575 0.1409
47342.87988 0.1394
47342.88086 0.1467
47342.88208 0.1421
47343.86938 0.1416
47343.87061 0.1488
47343.87183 0.1516
47344.90137 0.1385
47344.90259 0.1407
47344.90381 0.1476
47345.87305 0.1461
47345.87427 0.1371
47345.87573 0.1395
47347.87329 0.1425
47347.87427 0.1461
47347.87549 0.1382
47348.83984 0.1488
47348.84082 0.1455
47348.84180 0.1513
47349.88623 0.1443
47349.88721 0.1395
47349.88843 0.1399
47350.86060 0.1401
47350.86182 0.1437
47350.86279 0.1381
47351.88989 0.1415
47351.89087 0.1439
47351.89185 0.1408
47356.78247 0.1428
47356.78369 0.1383
47356.78491 0.1413
47357.78687 0.1409
47357.78833 0.1446
47357.78955 0.1412
47358.80273 0.1451
47358.80371 0.1463
47358.80469 0.1499
47359.75513 0.1359
47359.75635 0.1373
47359.75781 0.1357
47360.86401 0.1438
47360.86499 0.1430
47360.86646 0.1458
47361.80005 0.1386
47361.80103 0.1411
47361.80176 0.1441
47362.78442 0.1498
47362.78564 0.1455
47362.78662 0.1487
47365.79077 0.1501
47365.79150 0.1466
47365.79272 0.1556
47366.78638 0.1422
47366.78760 0.1491
47366.78857 0.1497
47367.76660 0.1444
47367.76733 0.1503
47367.76831 0.1459
47368.76587 0.1550
47368.76685 0.1483
47368.76807 0.1555
47369.76050 0.1425
47369.76172 0.1422
47369.76343 0.1388
47370.78320 0.1410
47370.78418 0.1503
47370.78540 0.1464
47371.76685 0.1447
47371.76807 0.1430
47371.76929 0.1481
47372.76001 0.1413
47372.76147 0.1423
47372.76245 0.1449
47373.77637 0.1462
47373.77759 0.1419
47373.77881 0.1439
47374.76709 0.1440
47374.76831 0.1422
47374.76953 0.1449
47375.76514 0.1481
47375.76660 0.1469
47375.76807 0.1457
47377.80005 0.1400
47377.80103 0.1362
47377.80225 0.1387
47379.79810 0.1385
47379.79932 0.1375
47379.80054 0.1419
47381.78906 0.1445
47381.79004 0.1520
47381.79126 0.1479
47382.81274 0.1506
47382.81372 0.1441
47382.81519 0.1429
47383.76440 0.1416
47383.76563 0.1440
47383.76660 0.1426
47384.78931 0.1412
47384.79053 0.1396
47384.79150 0.1453
47385.76709 0.1394
47385.76807 0.1423
47385.76904 0.1432
47386.69873 0.1436
47386.70044 0.1416
47386.70190 0.1431
47387.70630 0.1503
47387.70752 0.1438
47387.70874 0.1475
47388.72534 0.1501
47388.72632 0.1493
47388.72729 0.1522
47389.72729 0.1500
47389.72852 0.1558
47389.72974 0.1549
47390.73730 0.1468
47390.73828 0.1438
47390.73950 0.1474
47391.70972 0.1450
47391.71094 0.1476
47391.71216 0.1436
47392.69214 0.1501
47392.69360 0.1448
47392.69482 0.1492
47393.70996 0.1472
47393.71143 0.1441
47393.71265 0.1433
47394.72559 0.1529
47394.72705 0.1500
47394.72827 0.1519
47395.69824 0.1484
47395.69971 0.1470
47395.70093 0.1494
47396.70752 0.1464
47396.70972 0.1517
47396.71118 0.1440
47399.70313 0.1397
47399.70508 0.1509
47399.70874 0.1531
47401.67041 0.1413
47401.67212 0.1450
47401.67407 0.1374
47403.71069 0.1505
47403.71216 0.1546
47403.71387 0.1517
47404.66650 0.1489
47404.66772 0.1439
47404.66895 0.1493
47405.68115 0.1489
47405.68213 0.1502
47405.68335 0.1502
47410.71143 0.1389
47410.71265 0.1376
47410.71411 0.1392
47411.70142 0.1407
47411.70264 0.1454
47411.70410 0.1467
47412.67993 0.1400
47412.68091 0.1453
47412.68188 0.1437
47414.71606 0.1462
47414.71704 0.1449
47414.71802 0.1539
47414.71924 0.1593
47414.72119 0.1427
47421.65698 0.1467
47421.65845 0.1412
47421.65991 0.1378
47422.67236 0.1485
47422.67358 0.1487
47422.67480 0.1450
47423.63354 0.1524
47423.63452 0.1576
47423.63574 0.1515
47424.61963 0.1455
47424.62085 0.1521
47424.62183 0.1479
47427.62061 0.1456
47427.62207 0.1479
47427.62354 0.1461
47428.61694 0.1478
47428.61816 0.1444
47428.61938 0.1452
47429.61694 0.1403
47429.61816 0.1431
47429.61963 0.1418
47432.61816 0.1482
47432.61963 0.1540
47432.62109 0.1562
47433.61816 0.1486
47433.61987 0.1508
47433.62134 0.1489
47434.61499 0.1486
47434.61621 0.1527
47434.61768 0.1529
47648.93286 0.1437
47648.93408 0.1515
47648.93555 0.1425
47654.97363 0.1396
47654.97583 0.1401
47654.97803 0.1456
47659.98755 0.1350
47659.98950 0.1382
47659.99146 0.1358
47663.91064 0.1434
47663.91235 0.1394
47663.91406 0.1455
47664.89502 0.1400
47664.89648 0.1457
47664.89795 0.1436
47665.92871 0.1468
47665.93042 0.1442
47665.93213 0.1373
47666.91846 0.1480
47666.92017 0.1474
47666.92163 0.1479
47667.90869 0.1457
47667.91064 0.1462
47667.91260 0.1435
47668.86182 0.1441
47668.86328 0.1427
47668.86499 0.1397
47669.87012 0.1461
47669.87305 0.1466
47669.87646 0.1493
47671.91870 0.1463
47671.92163 0.1409
47671.92432 0.1417
47672.89551 0.1519
47672.89722 0.1444
47672.89893 0.1437
47675.91602 0.1416
47675.91797 0.1447
47675.92041 0.1507
47676.86987 0.1451
47676.87329 0.1425
47676.87622 0.1514
47678.93677 0.1831
47678.93799 0.1697
47678.93945 0.1689
47685.76685 0.1423
47685.76831 0.1419
47685.76978 0.1409
47685.77148 0.1487
47685.77295 0.1482
47685.77466 0.1510
47686.80933 0.1444
47686.81055 0.1427
47686.81177 0.1420
47687.89136 0.1440
47687.89282 0.1442
47687.89429 0.1452
47688.87573 0.1457
47688.87720 0.1412
47688.87866 0.1442
47689.90161 0.1461
47689.90283 0.1459
47689.90430 0.1433
47690.87695 0.1401
47690.87866 0.1382
47690.88037 0.1413
47714.79468 0.1401
47714.79639 0.1383
47714.79761 0.1360
47715.78613 0.1423
47715.78711 0.1442
47715.78833 0.1468
47716.80347 0.1475
47716.80444 0.1461
47716.80542 0.1512
47717.77686 0.1445
47717.77808 0.1456
47717.77905 0.1435
47718.80688 0.1454
47718.80786 0.1460
47718.80884 0.1468
47719.77710 0.1434
47719.77832 0.1431
47719.77954 0.1462
47720.77539 0.1434
47720.77661 0.1452
47720.77808 0.1413
47721.79272 0.1464
47721.79370 0.1466
47721.79517 0.1475
47722.80786 0.1424
47722.80908 0.1447
47722.81030 0.1459
47724.80054 0.1422
47724.80176 0.1445
47724.80298 0.1444
47726.79053 0.1450
47726.79175 0.1422
47726.79272 0.1427
47727.76001 0.1441
47727.76099 0.1445
47727.76221 0.1439
47728.76367 0.1435
47728.76489 0.1419
47728.76587 0.1392
47729.78955 0.1436
47729.79053 0.1453
47729.79150 0.1418
47730.75903 0.1440
47730.76001 0.1443
47730.76074 0.1449
47732.73975 0.1417
47732.74097 0.1459
47732.74194 0.1471
47733.77490 0.1383
47733.77563 0.1409
47733.77686 0.1389
47735.73877 0.1393
47735.73999 0.1354
47735.74097 0.1400
47736.75610 0.1425
47736.75708 0.1437
47736.75830 0.1436
47737.72852 0.1420
47737.72949 0.1412
47737.73022 0.1426
47738.75049 0.1424
47738.75146 0.1412
47738.75220 0.1417
47740.74243 0.1468
47740.74365 0.1451
47740.74512 0.1447
47741.72852 0.1429
47741.72974 0.1420
47741.73096 0.1410
47742.71167 0.1426
47742.71265 0.1467
47742.71387 0.1468
47743.72852 0.1406
47743.72974 0.1458
47743.73096 0.1416
47745.73169 0.1438
47745.73267 0.1430
47745.73389 0.1461
47746.72607 0.1427
47746.72778 0.1407
47746.73071 0.1467
47747.70020 0.1425
47747.70142 0.1420
47747.70239 0.1459
47750.72949 0.1449
47750.73047 0.1449
47750.73145 0.1472
47752.74023 0.1403
47752.74146 0.1420
47752.74268 0.1438
47753.72388 0.1404
47753.72534 0.1438
47753.72656 0.1417
47755.71094 0.1422
47755.71216 0.1423
47755.71338 0.1385
47756.72095 0.1441
47756.72217 0.1406
47756.72314 0.1405
47757.70142 0.1432
47757.70264 0.1415
47757.70410 0.1415
47758.71094 0.1426
47758.71191 0.1429
47758.71265 0.1414
47759.70728 0.1462
47759.70850 0.1417
47759.70972 0.1443
47760.72900 0.1575
47760.72998 0.1456
47760.73120 0.1519
47760.73218 0.1574
47760.73340 0.1565
47760.73438 0.1503
47761.72485 0.1436
47761.72607 0.1452
47761.72705 0.1460
47766.69922 0.1409
47766.70020 0.1439
47766.70142 0.1443
47767.68823 0.1431
47767.68945 0.1461
47767.69067 0.1436
47768.69189 0.1416
47768.69263 0.1447
47768.69360 0.1463
47771.62939 0.1399
47771.63086 0.1397
47771.63208 0.1374
47774.62866 0.1402
47774.62964 0.1369
47774.63086 0.1401
47775.62720 0.1424
47775.62817 0.1405
47775.62939 0.1406
47776.62964 0.1423
47776.63062 0.1414
47776.63159 0.1480
47777.62866 0.1431
47777.62988 0.1460
47777.63110 0.1441
47778.63086 0.1432
47778.63208 0.1424
47778.63354 0.1478
47779.62720 0.1412
47779.62842 0.1395
47779.62988 0.1398
47780.62720 0.1432
47780.62817 0.1431
47780.62939 0.1446
47781.62769 0.1416
47781.62891 0.1444
47781.62988 0.1446
47782.62939 0.1423
47782.63062 0.1401
47782.63159 0.1402
47783.62817 0.1444
47783.62915 0.1431
47783.63062 0.1432
47784.63208 0.1460
47784.63306 0.1446
47784.63428 0.1432
47790.62451 0.1468
47790.62573 0.1483
47790.62695 0.1505
47803.61426 0.1428
47803.61523 0.1456
47803.61646 0.1439
47804.60327 0.1408
47804.60449 0.1451
47804.60571 0.1413
47805.60400 0.1434
47805.60522 0.1445
47805.60620 0.1436
47806.60522 0.1458
47806.60645 0.1399
47806.60767 0.1426
47807.61157 0.1470
47807.61279 0.1460
47807.61377 0.1444
48068.86865 0.1449
48068.86987 0.1459
48068.87109 0.1460
48070.81641 0.1418
48070.81738 0.1465
48070.81860 0.1459
48071.79663 0.1414
48071.79810 0.1448
48071.79907 0.1438
48072.80347 0.1449
48072.80493 0.1458
48072.80615 0.1526
48073.80908 0.1455
48073.81030 0.1475
48073.81128 0.1435
48074.79395 0.1428
48074.79565 0.1432
48074.79712 0.1455
48075.80615 0.1397
48075.80786 0.1383
48075.80957 0.1410
48076.86792 0.1421
48076.86914 0.1413
48076.87012 0.1446
48080.85596 0.1438
48080.85693 0.1431
48080.85791 0.1427
48081.83716 0.1468
48081.83838 0.1484
48081.83960 0.1457
48087.76270 0.1427
48087.76367 0.1445
48087.76465 0.1444
48088.77319 0.1420
48088.77490 0.1441
48088.77637 0.1406
48089.77515 0.1431
48089.77637 0.1408
48089.77783 0.1418
48090.76807 0.1475
48090.76929 0.1471
48090.77026 0.1426
48091.76953 0.1480
48091.77051 0.1470
48091.77173 0.1480
48092.77393 0.1392
48092.77490 0.1414
48092.77612 0.1407
48093.75659 0.1409
48093.75781 0.1430
48093.75903 0.1394
48094.75781 0.1425
48094.75903 0.1432
48094.76025 0.1370
48095.74658 0.1428
48095.74805 0.1369
48095.74927 0.1413
48096.75830 0.1409
48096.75977 0.1427
48096.76123 0.1446
48097.75781 0.1418
48097.75928 0.1422
48097.76074 0.1423
48098.76270 0.1420
48098.76416 0.1456
48098.76563 0.1421
48099.74170 0.1370
48099.74268 0.1456
48099.74414 0.1419
48100.74561 0.1431
48100.74707 0.1418
48100.74805 0.1424
48101.75293 0.1426
48101.75391 0.1437
48101.75488 0.1449
48102.75488 0.1417
48102.75635 0.1443
48102.75732 0.1401
48103.72363 0.1393
48103.72510 0.1373
48103.72607 0.1431
48104.72656 0.1434
48104.72754 0.1405
48104.72900 0.1370
48105.73535 0.1408
48105.73633 0.1396
48105.73779 0.1387
48106.70654 0.1389
48106.70752 0.1391
48106.70898 0.1387
48107.74072 0.1396
48107.74219 0.1422
48107.74365 0.1450
48111.76221 0.1385
48111.76318 0.1442
48111.76465 0.1408
48112.73047 0.1367
48112.73145 0.1405
48112.73242 0.1385
48113.75049 0.1385
48113.75146 0.1446
48113.75244 0.1408
48117.74805 0.1415
48117.74902 0.1369
48117.75000 0.1431
48121.69971 0.1389
48121.70068 0.1376
48121.70166 0.1375
48122.71777 0.1420
48122.71875 0.1447
48122.72021 0.1466
48123.72656 0.1430
48123.72803 0.1472
48123.72949 0.1451
48124.68018 0.1436
48124.68164 0.1387
48124.68262 0.1394
48125.71387 0.1427
48125.71533 0.1415
48125.71680 0.1413
48126.67871 0.1409
48126.68018 0.1409
48126.68164 0.1412
48127.67676 0.1380
48127.67822 0.1382
48127.67969 0.1399
48128.69873 0.1423
48128.70020 0.1408
48128.70166 0.1400
48129.68066 0.1449
48129.68262 0.1436
48129.68555 0.1447
48130.67041 0.1452
48130.67188 0.1437
48130.67334 0.1485
48131.68262 0.1471
48131.68408 0.1411
48131.68555 0.1465
48132.66016 0.1423
48132.66162 0.1439
48132.66309 0.1403
48133.67871 0.1424
48133.68018 0.1418
48133.68164 0.1429
48134.67188 0.1436
48134.67334 0.1453
48134.67529 0.1434
48135.67090 0.1429
48135.67236 0.1446
48135.67432 0.1386
48136.65918 0.1447
48136.66064 0.1403
48136.66211 0.1406
48137.64795 0.1403
48137.64941 0.1417
48137.65088 0.1423
48148.65869 0.1464
48148.66016 0.1429
48148.66162 0.1426
48149.63184 0.1399
48149.63330 0.1442
48149.63428 0.1437
48150.62744 0.1434
48150.62891 0.1403
48150.62988 0.1442
48151.62451 0.1409
48151.62598 0.1385
48151.62695 0.1400
48152.62988 0.1407
48152.63135 0.1469
48152.63281 0.1418
48153.63477 0.1415
48153.63623 0.1383
48153.63770 0.1380
48155.62598 0.1422
48155.62744 0.1423
48155.62891 0.1427
48351.02881 0.1424
48351.02979 0.1452
48351.03125 0.1389
48356.01709 0.1402
48356.01807 0.1426
48356.01953 0.1409
48357.00781 0.1417
48357.01123 0.1410
48357.01465 0.1385
48360.02832 0.1350
48360.02881 0.1460
48360.02979 0.1417
48376.96191 0.1386
48376.96338 0.1464
48376.96436 0.1447
48387.90918 0.1401
48387.91016 0.1421
48387.91113 0.1416
48395.91797 0.1465
48395.91992 0.1427
48395.92139 0.1491
48396.95215 0.1451
48396.95361 0.1460
48396.95508 0.1479
48398.93457 0.1401
48398.93604 0.1463
48398.93750 0.1428
48401.94385 0.1489
48401.94531 0.1473
48401.94678 0.1453
48402.97021 0.1396
48402.97217 0.1449
48402.97412 0.1473
48404.94727 0.1468
48404.94922 0.1473
48404.95117 0.1468
48405.94189 0.1448
48405.94336 0.1452
48405.94531 0.1460
48408.94287 0.1416
48408.94434 0.1466
48408.94580 0.1398
48411.89893 0.1401
48411.89990 0.1434
48411.90088 0.1408
48419.88379 0.1435
48419.88477 0.1450
48419.88623 0.1360
48420.88770 0.1469
48420.88867 0.1437
48420.89014 0.1404
48421.88184 0.1417
48421.88379 0.1457
48421.88525 0.1448
48422.88086 0.1465
48422.88232 0.1434
48422.88428 0.1413
48423.87891 0.1398
48423.88037 0.1432
48423.88135 0.1456
48424.87793 0.1471
48424.87939 0.1469
48424.88086 0.1459
48426.89404 0.1464
48426.89600 0.1422
48426.89746 0.1417
48427.87842 0.1403
48427.87939 0.1414
48427.88086 0.1480
48428.88037 0.1426
48428.88184 0.1432
48428.88379 0.1404
48429.89746 0.1427
48429.89893 0.1445
48429.90088 0.1432
48430.87939 0.1416
48430.88086 0.1437
48430.88281 0.1452
48431.87939 0.1429
48431.88086 0.1401
48431.88232 0.1438
48432.88379 0.1403
48432.88525 0.1459
48432.88721 0.1456
48433.88037 0.1467
48433.88281 0.1441
48433.88477 0.1490
48435.88037 0.1449
48435.88281 0.1443
48435.88721 0.1474
48441.78809 0.1450
48441.78906 0.1466
48441.79053 0.1454
48448.79541 0.1420
48448.79736 0.1392
48448.79883 0.1427
48449.80371 0.1464
48449.80518 0.1449
48449.80713 0.1460
48450.79443 0.1438
48450.79590 0.1393
48450.79736 0.1515
48453.79590 0.1446
48453.79736 0.1485
48453.79883 0.1406
48454.78857 0.1435
48454.79004 0.1404
48454.79150 0.1421
48457.76123 0.1427
48457.76270 0.1447
48457.76416 0.1481
48458.79932 0.1467
48458.80127 0.1458
48458.80322 0.1458
48459.75830 0.1408
48459.75977 0.1412
48459.76123 0.1390
48460.77734 0.1454
48460.77930 0.1449
48460.78076 0.1404
48461.78906 0.1436
48461.79053 0.1414
48461.79199 0.1473
48462.76367 0.1420
48462.76563 0.1440
48462.76758 0.1406
48463.76318 0.1466
48463.76416 0.1448
48463.76563 0.1406
48464.76318 0.1417
48464.76465 0.1415
48464.76611 0.1465
48465.77148 0.1422
48465.77295 0.1402
48465.77441 0.1478
48466.74414 0.1427
48466.74609 0.1425
48466.74756 0.1429
48467.73438 0.1440
48467.73633 0.1400
48467.73828 0.1417
48471.74854 0.1453
48471.74951 0.1440
48471.75000 0.1439
48472.73877 0.1486
48472.73975 0.1429
48472.74121 0.1428
48473.69385 0.1448
48473.69531 0.1381
48473.69678 0.1471
48474.72900 0.1369
48474.72998 0.1430
48474.73096 0.1379
48474.73193 0.1470
48474.73291 0.1437
48474.73389 0.1440
48475.73486 0.1377
48475.73584 0.1398
48475.73682 0.1403
48476.70557 0.1390
48476.70654 0.1405
48476.70752 0.1420
48477.77100 0.1412
48477.77197 0.1454
48477.77295 0.1417
48478.73096 0.1475
48478.73193 0.1463
48478.73340 0.1455
48479.74561 0.1441
48479.74658 0.1498
48479.74805 0.1451
48486.73535 0.1383
48486.73730 0.1398
48486.73926 0.1468
48487.66455 0.1395
48487.66602 0.1399
48487.66748 0.1380
48488.68262 0.1450
48488.68408 0.1418
48488.68555 0.1412
48489.69629 0.1437
48489.69775 0.1356
48489.69971 0.1372
48490.68164 0.1407
48490.68359 0.1415
48490.68506 0.1395
48491.67627 0.1398
48491.67871 0.1405
48491.68066 0.1381
48492.68945 0.1424
48492.69092 0.1451
48492.69238 0.1440
48493.67285 0.1446
48493.67432 0.1436
48493.67627 0.1497
48494.66016 0.1396
48494.66211 0.1412
48494.66357 0.1389
48496.66016 0.1405
48496.66162 0.1355
48496.66309 0.1444
48497.65967 0.1404
48497.66162 0.1356
48497.66357 0.1403
48498.65820 0.1403
48498.65967 0.1392
48498.66113 0.1394
48499.66016 0.1409
48499.66162 0.1419
48499.66309 0.1419
48500.67090 0.1418
48500.67285 0.1404
48500.67432 0.1433
48698.99707 0.1431
48699.00049 0.1426
48699.00391 0.1423
48732.93408 0.1448
48732.93506 0.1429
48732.93652 0.1416
48756.89209 0.1415
48756.89355 0.1360
48756.89453 0.1430
48757.90771 0.1451
48757.90918 0.1423
48757.91064 0.1425
48758.88184 0.1385
48758.88330 0.1383
48758.88477 0.1392
48759.93701 0.1427
48759.93848 0.1400
48759.93994 0.1423
48760.92383 0.1406
48760.92578 0.1374
48760.92773 0.1438
48761.91260 0.1434
48761.91406 0.1434
48761.91602 0.1373
48772.93848 0.1440
48772.93994 0.1401
48772.94141 0.1444
48773.92578 0.1399
48773.92725 0.1433
48773.92871 0.1419
48774.91309 0.1484
48774.91504 0.1462
48774.91699 0.1466
48775.91309 0.1411
48775.91455 0.1387
48775.91553 0.1438
48776.92627 0.1401
48776.92773 0.1406
48776.92920 0.1406
48777.92529 0.1428
48777.92676 0.1402
48777.92773 0.1398
48778.92041 0.1454
48778.92236 0.1445
48778.92383 0.1452
48781.88135 0.1437
48781.88281 0.1447
48781.88379 0.1447
48782.87354 0.1501
48782.87500 0.1467
48782.87598 0.1464
48783.88770 0.1471
48783.88916 0.1472
48783.89063 0.1420
48784.84375 0.1430
48784.84521 0.1406
48784.84668 0.1417
48785.83203 0.1454
48785.83301 0.1376
48785.83496 0.1425
48786.86670 0.1413
48786.86816 0.1441
48786.86914 0.1406
48787.86230 0.1407
48787.86377 0.1413
48787.86475 0.1400
48788.89404 0.1401
48788.89551 0.1399
48788.89697 0.1368
48789.84961 0.1439
48789.85156 0.1418
48789.85303 0.1427
48790.85986 0.1402
48790.86133 0.1417
48790.86230 0.1399
48791.85254 0.1414
48791.85449 0.1411
48791.85596 0.1420
48792.80811 0.1418
48792.81006 0.1420
48792.81152 0.1422
48793.86963 0.1447
48793.87109 0.1442
48793.87256 0.1371
48794.83301 0.1384
48794.83496 0.1393
48794.83643 0.1391
48795.85547 0.1421
48795.85742 0.1423
48795.85889 0.1445
48797.88281 0.1432
48797.88525 0.1425
48797.88770 0.1454
48798.88867 0.1433
48798.89014 0.1420
48798.89160 0.1444
48799.79541 0.1475
48799.79688 0.1442
48799.79883 0.1412
48800.86084 0.1488
48800.86230 0.1490
48800.86426 0.1457
48801.83496 0.1450
48801.83643 0.1429
48801.83838 0.1389
48802.86182 0.1442
48802.86377 0.1456
48802.86523 0.1462
48803.82422 0.1437
48803.82568 0.1457
48803.82764 0.1425
48805.78955 0.1447
48805.79102 0.1429
48805.79297 0.1392
48813.83643 0.1427
48813.83740 0.1450
48813.83887 0.1448
48818.84033 0.1438
48818.84180 0.1426
48818.84277 0.1468
48820.83984 0.1380
48820.84131 0.1392
48820.84277 0.1352
48821.88086 0.1451
48821.88232 0.1444
48821.88330 0.1438
48826.78662 0.1478
48826.78857 0.1454
48826.79004 0.1473
48827.78809 0.1404
48827.78906 0.1421
48827.79053 0.1413
48829.80957 0.1419
48829.81104 0.1388
48829.81201 0.1414
48831.80371 0.1411
48831.80566 0.1372
48831.80713 0.1359
48832.76416 0.1387
48832.76562 0.1386
48832.76709 0.1378
48833.76221 0.1419
48833.76367 0.1396
48833.76562 0.1413
48834.75146 0.1458
48834.75293 0.1453
48834.75439 0.1420
48835.74561 0.1380
48835.74707 0.1392
48835.74854 0.1419
48836.72168 0.1395
48836.72314 0.1440
48836.72461 0.1422
48837.75684 0.1382
48837.75879 0.1370
48837.76025 0.1417
48838.75781 0.1427
48838.75928 0.1421
48838.76074 0.1429
48839.74609 0.1432
48839.74756 0.1460
48839.74902 0.1411
48840.75928 0.1439
48840.76074 0.1372
48840.76270 0.1385
48841.73779 0.1440
48841.73926 0.1428
48841.74072 0.1461
48842.76514 0.1397
48842.76660 0.1399
48842.76758 0.1381
48843.75488 0.1428
48843.75586 0.1438
48843.75732 0.1448
48844.74805 0.1445
48844.74951 0.1452
48844.75098 0.1411
48845.76074 0.1431
48845.76416 0.1424
48845.76611 0.1403
48846.75000 0.1423
48846.75146 0.1410
48846.75244 0.1417
48847.72168 0.1402
48847.72314 0.1513
48847.72461 0.1397
48849.75146 0.1434
48849.75293 0.1465
48849.75439 0.1419
48850.76660 0.1470
48850.76807 0.1436
48850.76904 0.1419
48851.76855 0.1423
48851.77002 0.1505
48851.77100 0.1481
48852.74854 0.1452
48852.74951 0.1413
48852.75098 0.1452
48853.72998 0.1437
48853.73145 0.1442
48853.73291 0.1428
48854.73877 0.1460
48854.74023 0.1433
48854.74121 0.1429
48855.74463 0.1415
48855.74609 0.1448
48855.74756 0.1475
48856.70996 0.1482
48856.71143 0.1443
48856.71289 0.1502
48857.72705 0.1438
48857.72852 0.1466
48857.72949 0.1479
48858.72754 0.1422
48858.72900 0.1422
48858.73047 0.1412
48859.72266 0.1452
48859.72412 0.1491
48859.72510 0.1478
48860.71191 0.1445
48860.71338 0.1416
48860.71484 0.1428
48861.70850 0.1434
48861.70996 0.1433
48861.71143 0.1426
48862.70996 0.1432
48862.71143 0.1433
48862.71289 0.1412
48863.70068 0.1425
48863.70215 0.1444
48863.70361 0.1417
48865.69482 0.1374
48865.69580 0.1430
48865.69727 0.1377
48869.71680 0.1476
48869.71826 0.1411
48869.71973 0.1465
48870.70752 0.1432
48870.70898 0.1430
48870.71045 0.1416
48871.70117 0.1369
48871.70264 0.1424
48871.70410 0.1419
48872.70605 0.1425
48872.70752 0.1420
48872.70898 0.1440
48873.69043 0.1415
48873.69141 0.1422
48873.69287 0.1419
48874.68848 0.1404
48874.68994 0.1406
48874.69141 0.1423
48875.69043 0.1406
48875.69189 0.1397
48875.69287 0.1433
48876.70361 0.1364
48876.70459 0.1436
48876.70605 0.1380
48877.69238 0.1374
48877.69336 0.1398
48877.69482 0.1406
48878.66943 0.1433
48878.67090 0.1390
48878.67236 0.1391
48879.70264 0.1419
48879.70410 0.1432
48879.70557 0.1424
48880.66748 0.1514
48880.66895 0.1521
48880.67041 0.1497
48881.68604 0.1433
48881.68750 0.1372
48881.68848 0.1403
48882.67578 0.1432
48882.67725 0.1407
48882.67871 0.1428
48884.67090 0.1430
48884.67236 0.1437
48884.67383 0.1468
48885.69824 0.1439
48885.69922 0.1412
48885.70068 0.1423
48886.70752 0.1438
48886.70898 0.1440
48886.71045 0.1431
48887.62939 0.1448
48887.63086 0.1434
48887.63232 0.1409
48888.67969 0.1403
48888.68066 0.1425
48888.68213 0.1432
48890.68457 0.1489
48890.68604 0.1501
48890.68750 0.1431
48891.63525 0.1490
48891.63672 0.1476
48891.63818 0.1451
48893.64355 0.1443
48893.64502 0.1424
48893.64697 0.1450
48901.66553 0.1449
48901.66748 0.1476
48901.66895 0.1417
48902.65625 0.1421
48902.65771 0.1437
48902.65918 0.1423
48903.65088 0.1442
48903.65234 0.1448
48903.65381 0.1477
48904.64941 0.1436
48904.65088 0.1450
48904.65234 0.1402
48905.65723 0.1426
48905.65869 0.1435
48905.65967 0.1455
48907.63037 0.1490
48907.63135 0.1466
48907.63281 0.1468
48908.66016 0.1477
48908.66162 0.1523
48908.66260 0.1559
48910.64648 0.1415
48910.64844 0.1444
48910.64990 0.1459
48912.63477 0.1434
48912.63623 0.1478
48912.63770 0.1433
49109.95410 0.1418
49109.95557 0.1436
49109.95752 0.1380
49131.95410 0.1437
49131.95557 0.1449
49131.95703 0.1414
49136.95410 0.1427
49136.95557 0.1472
49136.95703 0.1422
49153.88574 0.1456
49153.88721 0.1488
49153.88867 0.1453
49156.88867 0.1404
49156.89014 0.1430
49156.89111 0.1398
49159.89160 0.1437
49159.89307 0.1511
49159.89502 0.1437
49162.88525 0.1429
49162.88672 0.1423
49162.88818 0.1401
49171.72705 0.1375
49171.72998 0.1360
49171.73340 0.1370
49172.79736 0.1412
49172.80029 0.1410
49172.80322 0.1368
49173.79590 0.1411
49173.79883 0.1430
49173.80225 0.1426
49174.80957 0.1396
49174.81250 0.1385
49174.81543 0.1415
49175.80664 0.1377
49175.80859 0.1366
49175.81104 0.1380
49176.83154 0.1451
49176.83350 0.1436
49176.83496 0.1372
49177.84619 0.1432
49177.84766 0.1389
49177.84961 0.1478
49178.82471 0.1431
49178.82666 0.1417
49178.82861 0.1362
49179.82471 0.1423
49179.82617 0.1520
49179.82812 0.1498
49180.83691 0.1449
49180.83887 0.1470
49180.84082 0.1400
49183.84912 0.1403
49183.85107 0.1408
49183.85303 0.1370
49186.82812 0.1398
49186.83154 0.1449
49186.83398 0.1389
49188.83594 0.1455
49188.83936 0.1452
49188.84277 0.1448
49189.80029 0.1428
49189.80322 0.1439
49189.80615 0.1419
49190.80957 0.1408
49190.81299 0.1409
49190.81641 0.1416
49191.80273 0.1460
49191.80566 0.1408
49191.80811 0.1367
49192.81055 0.1408
49192.81396 0.1436
49192.81787 0.1411
49193.81152 0.1421
49193.81543 0.1397
49193.81934 0.1377
49194.80811 0.1444
49194.81104 0.1405
49194.81396 0.1436
49195.80713 0.1398
49195.80957 0.1375
49195.81201 0.1390
49196.82373 0.1399
49196.82715 0.1406
49196.83008 0.1435
49197.81299 0.1416
49197.81592 0.1414
49197.81934 0.1428
49198.76416 0.1405
49198.76709 0.1334
49198.77051 0.1361
49199.79590 0.1367
49199.79883 0.1341
49199.80176 0.1324
49200.75928 0.1300
49200.76465 0.1268
49200.76660 0.0622
49201.79053 0.1387
49201.79346 0.1354
49201.79590 0.1402
49203.75586 0.1384
49203.75830 0.1417
49203.76074 0.1363
49204.74658 0.1404
49204.74951 0.1372
49204.75244 0.1424
49205.75244 0.1357
49205.75439 0.1428
49205.75635 0.1400
49206.75928 0.1412
49206.76074 0.1445
49206.76221 0.1388
49207.78125 0.1517
49207.78320 0.1479
49207.78516 0.1440
49209.76562 0.1399
49209.76758 0.1401
49209.77002 0.1478
49211.74023 0.1419
49211.74268 0.1376
49211.74512 0.1408
49214.74854 0.1413
49214.75049 0.1429
49214.75195 0.1399
49215.75586 0.1358
49215.75684 0.1416
49215.75830 0.1402
49216.75342 0.1434
49216.75537 0.1408
49216.75732 0.1472
49218.72412 0.1457
49218.72559 0.1438
49218.72705 0.1446
49219.74072 0.1445
49219.74219 0.1445
49219.74414 0.1455
49220.69922 0.1432
49220.70117 0.1415
49220.70264 0.1446
49221.74902 0.1388
49221.75146 0.1403
49221.75439 0.1480
49222.73145 0.1398
49222.73291 0.1450
49222.73438 0.1418
49223.73535 0.1452
49223.73730 0.1418
49223.73926 0.1441
49224.71875 0.1442
49224.72070 0.1497
49224.72217 0.1492
49225.71924 0.1433
49225.72119 0.1404
49225.72314 0.1339
49227.70117 0.1381
49227.70361 0.1393
49228.68555 0.1386
49228.68750 0.1403
49228.68896 0.1407
49229.67920 0.1427
49229.68262 0.1426
49229.68652 0.1335
49230.69824 0.1410
49230.70020 0.1436
49230.70215 0.1444
49231.72021 0.1439
49231.72168 0.1416
49231.72363 0.1448
49232.70215 0.1405
49232.70410 0.1413
49232.70605 0.1413
49233.71338 0.1409
49233.71582 0.1421
49233.71777 0.1432
49234.67969 0.1396
49234.68164 0.1388
49234.68359 0.1405
49235.66992 0.1378
49235.67139 0.1390
49235.67334 0.1343
49236.67920 0.1415
49236.68018 0.1418
49236.68164 0.1417
49237.68115 0.1401
49237.68213 0.1407
49237.68359 0.1409
49238.67969 0.1438
49238.68115 0.1365
49238.68311 0.1429
49239.67822 0.1389
49239.67969 0.1456
49239.68115 0.1421
49240.66455 0.1403
49240.66553 0.1392
49240.66699 0.1395
49242.66064 0.1425
49242.66309 0.1418
49242.66553 0.1378
49245.66797 0.1365
49245.67090 0.1372
49245.67236 0.1393
49246.66455 0.1397
49246.66699 0.1385
49246.66895 0.1373
49249.65479 0.1374
49249.65674 0.1424
49249.65820 0.1416
49250.65430 0.1455
49250.65576 0.1483
49250.65723 0.1401
49251.65137 0.1409
49251.65283 0.1389
49251.65430 0.1459
49252.64453 0.1468
49252.64600 0.1465
49252.64795 0.1383
49253.63965 0.1414
49253.64111 0.1423
49253.64258 0.1390
49254.64697 0.1352
49254.64844 0.1377
49254.64990 0.1419
49474.95801 0.1371
49474.95898 0.1384
49474.95996 0.1380
49476.94580 0.1390
49476.94727 0.1364
49476.94824 0.1368
49486.91406 0.1421
49486.91504 0.1415
49486.91602 0.1452
49493.93994 0.1392
49493.94092 0.1388
49493.94189 0.1401
49494.94043 0.1369
49494.94141 0.1428
49494.94287 0.1422
49495.89160 0.1385
49495.89258 0.1410
49495.89404 0.1391
49496.92725 0.1409
49496.92871 0.1376
49496.92969 0.1398
49497.89941 0.1459
49497.90039 0.1414
49497.90186 0.1422
49498.88916 0.1402
49498.89062 0.1407
49498.89160 0.1400
49501.93945 0.1390
49501.94043 0.1370
49501.94189 0.1405
49504.93115 0.1407
49504.93213 0.1410
49504.93311 0.1373
49505.90918 0.1368
49505.91016 0.1355
49505.91162 0.1333
49506.89795 0.1399
49506.89941 0.1410
49506.90039 0.1386
49510.90820 0.1423
49510.90918 0.1404
49510.91064 0.1428
49512.87500 0.1400
49512.87646 0.1397
49512.87744 0.1378
49513.90332 0.1408
49513.90430 0.1444
49513.90576 0.1419
49514.89795 0.1379
49514.89941 0.1409
49514.90039 0.1385
49515.89502 0.1398
49515.89648 0.1412
49515.89746 0.1372
49516.88086 0.1469
49516.88184 0.1397
49516.88330 0.1418
49517.92041 0.1434
49517.92188 0.1440
49517.92285 0.1475
49519.88428 0.1481
49519.88574 0.1465
49519.88672 0.1427
49520.89600 0.1422
49520.89697 0.1408
49520.89844 0.1419
49521.90234 0.1378
49521.90332 0.1366
49521.90479 0.1383
49522.88965 0.1377
49522.89062 0.1371
49522.89160 0.1378
49523.87695 0.1427
49523.87793 0.1372
49523.87939 0.1452
49524.87695 0.1379
49524.87793 0.1375
49524.87891 0.1403
49525.87988 0.1354
49525.88086 0.1378
49525.88232 0.1389
49526.83301 0.1413
49526.83447 0.1363
49526.83545 0.1427
49527.83252 0.1393
49527.83350 0.1377
49527.83496 0.1359
49528.85400 0.1412
49528.85498 0.1371
49528.85645 0.1368
49529.82080 0.1423
49529.82178 0.1418
49529.82324 0.1391
49530.87988 0.1375
49530.88135 0.1368
49530.88232 0.1369
49531.86182 0.1390
49531.86328 0.1372
49531.86426 0.1410
49533.81152 0.1417
49533.81250 0.1387
49533.81348 0.1369
49535.80615 0.1409
49535.80713 0.1447
49535.80859 0.1465
49536.78906 0.1369
49536.79053 0.1445
49536.79150 0.1396
49537.79883 0.1375
49537.79980 0.1409
49537.80078 0.1409
49538.80859 0.1405
49538.81006 0.1418
49538.81104 0.1394
49540.82471 0.1393
49540.82568 0.1400
49540.82715 0.1386
49541.82715 0.1412
49541.82812 0.1389
49541.82959 0.1377
49542.82812 0.1433
49542.82910 0.1410
49542.83008 0.1389
49547.84326 0.1484
49547.84424 0.1388
49547.84570 0.1430
49548.81641 0.1398
49548.81738 0.1389
49548.81885 0.1386
49549.83301 0.1398
49549.83447 0.1378
49549.83545 0.1437
49550.80322 0.1453
49550.80469 0.1516
49550.80566 0.1465
49552.81543 0.1370
49552.81689 0.1402
49552.81787 0.1420
49553.83740 0.1348
49553.83887 0.1376
49553.83984 0.1440
49555.78369 0.1387
49555.78516 0.1461
49555.78613 0.1439
49556.80273 0.1385
49556.80322 0.1471
49556.80371 0.1417
49558.77979 0.1482
49558.78076 0.1424
49558.78174 0.1435
49559.78760 0.1468
49559.78906 0.1478
49559.79004 0.1475
49560.77979 0.1405
49560.78076 0.1402
49560.78223 0.1497
49561.73730 0.1439
49561.73877 0.1451
49561.73975 0.1381
49562.73340 0.1411
49562.73486 0.1439
49562.73584 0.1420
49564.73389 0.1462
49564.73486 0.1491
49564.73633 0.1546
49565.73438 0.1410
49565.73584 0.1368
49565.73682 0.1382
49566.72949 0.1428
49566.73047 0.1396
49566.73193 0.1390
49567.71875 0.1418
49567.72021 0.1389
49567.72119 0.1389
49568.73730 0.1460
49568.73828 0.1396
49568.73975 0.1417
49569.73096 0.1434
49569.73193 0.1436
49569.73340 0.1404
49570.69775 0.1416
49570.69873 0.1433
49570.70020 0.1440
49572.73145 0.1459
49572.73242 0.1477
49572.73389 0.1502
49573.69336 0.1483
49573.69434 0.1480
49573.69580 0.1457
49574.70752 0.1435
49574.70850 0.1417
49574.70996 0.1442
49575.69531 0.1451
49575.69678 0.1418
49575.69775 0.1459
49576.68604 0.1477
49576.68701 0.1421
49576.68848 0.1415
49578.68457 0.1501
49578.68604 0.1510
49578.68701 0.1502
49579.68994 0.1501
49579.69092 0.1418
49579.69238 0.1467
49580.68848 0.1454
49580.68945 0.1441
49580.69092 0.1472
49581.69629 0.1396
49581.69775 0.1425
49581.69873 0.1419
49582.68164 0.1438
49582.68311 0.1433
49582.68408 0.1400
49583.67676 0.1423
49583.67822 0.1446
49583.67920 0.1402
49585.69434 0.1407
49585.69580 0.1461
49585.69678 0.1473
49585.72266 0.1419
49585.72363 0.1446
49585.72461 0.1400
49586.66748 0.1439
49586.66846 0.1444
49586.66992 0.1384
49588.69775 0.1423
49588.69873 0.1451
49588.70020 0.1430
49589.69287 0.1435
49589.69385 0.1415
49589.69482 0.1391
49594.70020 0.1422
49594.70166 0.1394
49594.70264 0.1401
49597.67139 0.1473
49597.67285 0.1467
49597.67383 0.1446
49601.66309 0.1437
49601.66406 0.1402
49601.66553 0.1374
49602.65771 0.1413
49602.65918 0.1476
49602.66016 0.1413
49603.64502 0.1452
49603.64600 0.1426
49603.64746 0.1440
49606.63721 0.1421
49606.63818 0.1459
49606.63965 0.1399
49609.63965 0.1427
49609.64111 0.1436
49609.64209 0.1482
49610.64453 0.1425
49610.64551 0.1387
49610.64648 0.1411
49611.63428 0.1418
49611.63574 0.1436
49611.63672 0.1439
49613.64111 0.1373
49613.64209 0.1454
49613.64307 0.1390
49614.63232 0.1406
49614.63379 0.1446
49614.63477 0.1423
49615.63184 0.1399
49615.63330 0.1425
49615.63428 0.1458
49617.63232 0.1429
49617.63330 0.1426
49617.63428 0.1455
49619.62988 0.1404
49619.63135 0.1419
49619.63232 0.1383
49858.89795 0.1401
49858.89941 0.1393
49858.90039 0.1386
49863.88428 0.1407
49863.88525 0.1403
49863.88672 0.1381
49865.92236 0.1385
49865.92383 0.1419
49865.92480 0.1406
49866.91162 0.1433
49866.91260 0.1399
49866.91406 0.1396
49867.89697 0.1414
49867.89795 0.1384
49867.89893 0.1398
49868.90723 0.1385
49868.90820 0.1386
49868.90918 0.1382
49869.91748 0.1358
49869.91846 0.1380
49869.91943 0.1392
49872.86279 0.1410
49872.86377 0.1423
49872.86523 0.1370
49873.90820 0.1363
49873.90918 0.1366
49873.91064 0.1367
49882.87109 0.1394
49882.87207 0.1453
49882.87305 0.1430
49886.85742 0.1393
49886.85889 0.1385
49886.85986 0.1380
49887.83984 0.1392
49887.84082 0.1377
49887.84229 0.1393
49888.88721 0.1406
49888.88867 0.1424
49888.88965 0.1424
49889.87158 0.1411
49889.87305 0.1411
49889.87402 0.1430
49890.88721 0.1422
49890.88818 0.1406
49890.88916 0.1419
49891.84521 0.1406
49891.84619 0.1398
49891.84766 0.1431
