46541.94360 0.2445
46541.94458 0.2546
46541.94556 0.2465
46568.95532 0.2383
46568.95654 0.2415
46568.95752 0.2494
46593.92041 0.2218
46593.92163 0.2304
46593.92310 0.2274
46628.81641 0.2448
46628.81812 0.2330
46628.81934 0.2356
46657.68408 0.2343
46657.68530 0.2305
46657.68652 0.2325
46684.66602 0.2407
46684.66772 0.2309
46684.66919 0.2374
46858.03223 0.2067
46858.03491 0.2109
46858.03809 0.2082
46931.96338 0.2179
46931.96631 0.2268
46931.96948 0.2205
46945.74731 0.2228
46945.75024 0.2202
46945.75317 0.2168
46955.93018 0.2240
46955.93359 0.2269
46955.93652 0.2268
46991.79517 0.2361
46991.79858 0.2266
46991.80127 0.2263
47032.78882 0.2188
47032.78979 0.2280
47032.79053 0.2290
47048.64795 0.2412
47048.64893 0.2389
47048.64990 0.2428
47254.98779 0.2522
47254.98901 0.2491
47254.99023 0.2502
47296.94238 0.2424
47296.94336 0.2426
47296.94458 0.2425
47321.94824 0.2419
47321.94995 0.2412
47321.95166 0.2410
47351.89624 0.2316
47351.89771 0.2357
47351.89917 0.2314
47382.82471 0.2274
47382.82593 0.2308
47382.82715 0.2269
47423.62671 0.2365
47423.62793 0.2218
47423.62891 0.2347
47666.87109 0.2046
47666.87378 0.2069
47666.87671 0.2163
47678.88501 0.2886
47678.88696 0.2761
47678.88916 0.2800
47719.76733 0.2137
47719.76831 0.2225
47719.76953 0.2208
48093.74756 0.2422
48093.74878 0.2375
48093.75000 0.2427
48130.66016 0.2512
48130.66162 0.2468
48130.66309 0.2486
48821.87305 0.2527
48821.87402 0.2590
48821.87549 0.2540
48844.70898 0.2334
48844.71045 0.2383
48844.71143 0.2338
48869.70459 0.2504
48869.70557 0.2539
48869.70703 0.2546
48905.64795 0.2414
48905.64941 0.2382
48905.65039 0.2443
49153.87305 0.2337
49153.87451 0.2318
49153.87598 0.2333
49177.82910 0.2222
49177.83057 0.2195
49177.83252 0.2143
49216.73242 0.2446
49216.73486 0.2343
49216.73682 0.2459
49238.67236 0.2332
49238.67432 0.2285
49238.67578 0.2320
49486.90186 0.2685
49486.90283 0.2596
49486.90430 0.2584
49514.89307 0.2645
49514.89453 0.2647
49514.89551 0.2745
49550.79785 0.2609
49550.79883 0.2660
49550.80029 0.2705
49575.72021 0.2602
49575.72168 0.2521
49575.72266 0.2540
