45195.68604 0.1507
45195.68701 0.1538
45195.68799 0.1580
45525.75400 0.3848
45525.75500 0.4013
45525.75500 0.3928
46582.92822 0.3839
46582.92920 0.3823
46582.93042 0.3865
46650.67603 0.4101
46650.67676 0.4012
46650.67749 0.4235
46708.63013 0.5212
46708.63086 0.5125
46708.63159 0.5026
46899.97876 0.4281
46899.97974 0.4282
46899.98120 0.4489
46959.79541 0.4693
46959.79614 0.4923
46959.79712 0.4593
47031.74902 0.3508
47031.75000 0.3512
47031.75098 0.3497
47253.99634 0.3943
47253.99805 0.3831
47253.99976 0.3847
47292.93262 0.3288
47292.93359 0.3355
47292.93457 0.3371
47292.93604 0.3321
47321.92969 0.3726
47321.93091 0.3685
47321.93213 0.3778
47321.93359 0.3650
47321.93506 0.3622
47321.93701 0.3761
47349.83765 0.3915
47349.83838 0.4107
47349.83936 0.4022
47349.84033 0.4048
47349.84131 0.4012
47382.80005 0.3691
47382.80103 0.3654
47382.80176 0.3725
47664.79614 0.4613
47664.79736 0.4576
47664.79834 0.4587
47722.79761 0.5220
47722.79858 0.5261
47722.79956 0.5257
48356.99072 0.4842
48356.99219 0.4979
48356.99365 0.5030
48821.85205 0.4305
48821.85352 0.4233
48821.85498 0.4276
48850.74805 0.4108
48850.74951 0.4085
48850.75049 0.4103
48853.71631 0.4027
48853.71826 0.3997
48853.72021 0.3995
48872.66553 0.3815
48872.66699 0.3892
48872.66846 0.3848
49151.86914 0.3800
49151.87061 0.3837
49151.87158 0.3843
49162.87109 0.3728
49162.87305 0.3712
49162.87500 0.3720
49172.77441 0.3809
49172.77686 0.3830
49172.77930 0.3772
49179.78906 0.3957
49179.79053 0.3825
49179.79199 0.3948
49192.78027 0.3877
49192.78174 0.3916
49192.78320 0.4005
49209.73291 0.3995
49209.73438 0.3925
49209.73584 0.3945
49238.65332 0.3758
49238.65479 0.3733
49238.65723 0.3700
49511.86084 0.4536
49511.86182 0.4562
49511.86328 0.4549
49542.82129 0.4239
49542.82275 0.4254
49542.82373 0.4265
49574.71484 0.4820
49574.71582 0.4834
49574.71680 0.4827
