46515.01733 0.1952
46515.02002 0.1936
46515.02271 0.1997
46539.97021 0.2038
46539.97266 0.1976
46539.97510 0.2035
46548.94409 0.2091
46548.94678 0.2094
46548.94922 0.2123
46552.93823 0.2110
46552.94067 0.2113
46552.94287 0.2123
46557.96387 0.4641
46557.96704 0.4679
46557.97046 0.4768
46560.88843 0.4457
46560.88965 0.4571
46560.89087 0.4390
46567.95874 0.4605
46567.95996 0.4618
46567.96118 0.4447
46570.87671 0.4520
46570.87793 0.4484
46570.87915 0.4350
46574.92798 0.4585
46574.93018 0.4559
46574.93188 0.4605
46578.94238 0.4487
46578.94385 0.4474
46578.94507 0.4669
46583.91284 0.4544
46583.91528 0.4425
46583.91797 0.4506
46586.89380 0.4475
46586.89526 0.4592
46586.89673 0.4415
46590.90405 0.4363
46590.90527 0.4592
46590.90674 0.4290
46593.89331 0.4116
46593.89478 0.4354
46593.89624 0.4427
46597.79272 0.4440
46597.79395 0.4356
46597.79492 0.4171
46600.79492 0.4504
46600.79639 0.4355
46600.79785 0.4390
46604.87915 0.4391
46604.88062 0.4286
46604.88184 0.4435
46611.77954 0.4263
46611.78149 0.4125
46611.78369 0.4322
46619.78735 0.4124
46619.78882 0.4216
46619.79028 0.4125
46622.71851 0.4336
46622.72046 0.4216
46622.72241 0.4174
46629.78003 0.4300
46629.78149 0.4270
46629.78296 0.4277
46632.75171 0.4119
46632.75317 0.4026
46632.75439 0.4187
46650.75171 0.4439
46650.75317 0.4458
46650.75488 0.4390
46655.71509 0.2057
46655.71802 0.2116
46655.72070 0.2146
46658.70728 0.4131
46658.70874 0.4115
46658.71021 0.4126
46661.70435 0.4137
46661.70630 0.4045
46661.70801 0.4137
46665.67676 0.4177
46665.67798 0.4178
46665.67896 0.4112
46672.66675 0.4343
46672.66870 0.4330
46672.67017 0.4321
46679.66357 0.4281
46679.66528 0.4164
46679.66675 0.4114
46684.65137 0.4441
46684.65308 0.4397
46684.65479 0.4373
46906.01831 0.3753
46906.02100 0.3640
46906.02393 0.3628
46919.97852 0.4186
46919.98169 0.3948
46919.98486 0.4033
46922.97632 0.4175
46922.97949 0.3913
46922.98291 0.4157
46929.94629 0.4090
46929.94897 0.3794
46929.95190 0.3982
46932.97095 0.4135
46932.97412 0.4123
46932.97729 0.4185
46949.88452 0.4066
46949.88794 0.3923
46949.89136 0.4076
46953.91675 0.3798
46953.92017 0.3649
46953.92358 0.3704
46957.90161 0.3860
46957.90503 0.3743
46957.90820 0.3875
46962.78394 0.3784
46962.78735 0.3800
46962.79102 0.3659
46965.88086 0.3938
46965.88452 0.4065
46965.88867 0.3945
46970.85376 0.3983
46970.85693 0.3782
46970.86035 0.4128
46987.78931 0.3764
46987.79272 0.3854
46987.79590 0.4128
46990.77368 0.4162
46990.77710 0.3997
46990.78076 0.3748
47000.82080 0.3762
47000.82251 0.3794
47000.82397 0.3745
47005.82495 0.3800
47005.82666 0.3685
47005.82837 0.3682
47029.76636 0.3939
47029.76758 0.4042
47029.76855 0.3969
47032.75806 0.4044
47032.75903 0.4042
47032.76001 0.4121
47040.66553 0.4306
47040.66650 0.4330
47040.66748 0.4346
47043.65942 0.4355
47043.66040 0.4293
47043.66138 0.4320
47047.66577 0.4377
47047.66675 0.4277
47047.66748 0.4265
47050.65381 0.4460
47050.65479 0.4335
47050.65552 0.4449
47055.64209 0.4293
47055.64307 0.4373
47055.64404 0.4197
47058.67456 0.4322
47058.67554 0.4257
47058.67627 0.4222
47067.66577 0.4166
47067.66943 0.4042
47067.67041 0.4172
47253.98633 0.3886
47253.98901 0.3987
47253.99097 0.3939
47257.99707 0.3898
47257.99854 0.3982
47257.99976 0.3914
47277.98486 0.3764
47277.98608 0.3864
47277.98730 0.3799
47281.96362 0.3825
47281.96460 0.3836
47281.96582 0.3880
47284.97363 0.3933
47284.97485 0.3907
47284.97583 0.3857
47295.94263 0.3882
47295.94434 0.4014
47295.94653 0.3971
47298.96191 0.3904
47298.96387 0.4006
47298.96558 0.4049
47302.94702 0.3977
47302.94824 0.3874
47302.94946 0.4003
47306.93970 0.3904
47306.94092 0.3794
47306.94189 0.3875
47309.93579 0.3745
47309.93726 0.3769
47309.93848 0.4025
47313.87036 0.3899
47313.87207 0.3823
47313.87378 0.3929
47321.92017 0.3838
47321.92163 0.3782
47321.92285 0.3826
47327.87158 0.3761
47327.87305 0.3730
47327.87427 0.3723
47333.89185 0.3598
47333.89355 0.3777
47333.89526 0.3561
47337.87842 0.3633
47337.87988 0.3688
47337.88159 0.3551
47340.87158 0.3652
47340.87305 0.3720
47340.87476 0.3729
47344.87720 0.3653
47344.87842 0.3699
47344.87964 0.3702
47347.86743 0.3630
47347.86890 0.3643
47347.87061 0.3596
47351.86768 0.3773
47351.86914 0.3766
47351.87061 0.3797
47358.78809 0.3767
47358.78931 0.3843
47358.79053 0.3861
47362.76611 0.3719
47362.76709 0.3693
47362.76855 0.3816
47368.74902 0.3687
47368.75024 0.3804
47368.75146 0.3774
47372.74463 0.3573
47372.74609 0.3653
47372.74731 0.3610
47377.79077 0.3622
47377.79272 0.3599
47377.79541 0.3607
47382.79419 0.3632
47382.79565 0.3647
47382.79712 0.3564
47385.72803 0.3572
47385.72949 0.3573
47385.73096 0.3662
47389.71460 0.3581
47389.71533 0.3524
47389.71655 0.3574
47393.69458 0.3603
47393.69556 0.3624
47393.69678 0.3580
47397.68433 0.3498
47397.68628 0.3687
47397.68799 0.3598
47422.64990 0.3824
47422.65112 0.3853
47422.65234 0.3988
47666.84277 0.4022
47666.84473 0.3924
47666.84717 0.3891
47672.84985 0.3701
47672.85474 0.3636
47672.85913 0.3660
47678.84668 0.3759
47678.84961 0.3820
47678.85303 0.3623
47716.79346 0.4050
47716.79443 0.3950
47716.79565 0.4008
47724.76929 0.3981
47724.77051 0.3993
47724.77197 0.3928
47742.68408 0.3832
47742.68530 0.3815
47742.68628 0.3787
47747.68213 0.3755
47747.68311 0.3709
47747.68433 0.3763
47758.67383 0.3963
47758.67480 0.3866
47758.67603 0.3956
48072.78027 0.4019
48072.78125 0.3979
48072.78247 0.4090
48091.74878 0.4027
48091.75049 0.4083
48091.75195 0.3985
48095.73706 0.3992
48095.73853 0.3962
48095.73999 0.3916
48100.72461 0.3838
48100.72607 0.3914
48100.72705 0.3934
48409.85693 0.4193
48409.85791 0.4372
48409.85889 0.4224
48821.84473 0.3719
48821.84570 0.3712
48821.84668 0.3670
48831.77734 0.3675
48831.77832 0.3757
48831.77979 0.3608
48840.72217 0.3580
48840.72363 0.3657
48840.72510 0.3571
48843.72998 0.3771
48843.73145 0.3695
48843.73242 0.3751
48847.70996 0.3783
48847.71094 0.3680
48847.71240 0.3763
48850.74023 0.3770
48850.74170 0.3786
48850.74316 0.3782
48854.72021 0.3846
48854.72168 0.3927
48854.72266 0.3824
48857.71484 0.3905
48857.71582 0.3857
48857.71729 0.3807
48870.68848 0.3762
48870.68945 0.3867
48870.69092 0.3816
48873.65820 0.3842
48873.65918 0.3829
48873.66064 0.3768
48877.67432 0.3771
48877.67529 0.3799
48877.67676 0.3772
48880.65234 0.3867
48880.65381 0.3896
48880.65479 0.3853
48884.63916 0.3727
48884.64062 0.3773
48884.64160 0.3731
48888.64062 0.3764
48888.64160 0.3838
48888.64307 0.3712
49151.86084 0.3829
49151.86279 0.3893
49151.86426 0.3948
49159.87598 0.3840
49159.87793 0.3679
49159.87988 0.4015
49173.76416 0.4020
49173.76758 0.4088
49173.77148 0.4037
49177.79443 0.4023
49177.79688 0.3987
49177.79980 0.3638
49192.77100 0.4173
49192.77393 0.4061
49192.77686 0.4040
49195.76758 0.4428
49195.77051 0.4308
49195.77344 0.4506
49206.72998 0.3984
49206.73242 0.3895
49206.73535 0.3725
49215.73291 0.4015
49215.73535 0.3957
49215.73730 0.4026
49219.70752 0.4115
49219.70947 0.4125
49219.71143 0.3998
49222.71875 0.3908
49222.72070 0.3838
49222.72314 0.3974
49237.65381 0.4131
49237.65527 0.4119
49237.65674 0.3962
49240.64648 0.4058
49240.64844 0.4089
49240.64990 0.3977
49246.64746 0.4174
49246.64990 0.4103
49246.65234 0.4043
49250.62842 0.4171
49250.62988 0.4145
49250.63135 0.4307
49485.91211 0.4244
49485.91309 0.4445
49485.91406 0.4389
49510.86182 0.4146
49510.86279 0.4224
49510.86426 0.4264
49514.88721 0.4116
49514.88818 0.4100
49514.88916 0.4091
49517.87598 0.4000
49517.87744 0.4078
49517.87842 0.4066
49523.80273 0.3912
49523.80371 0.3891
49523.80518 0.4032
49540.80322 0.3645
49540.80420 0.3651
49540.80518 0.3646
49548.80615 0.3859
49548.80713 0.3712
49548.80859 0.3723
49552.78857 0.3746
49552.78955 0.3987
49552.79102 0.3996
49556.77930 0.3886
49556.78027 0.3874
49556.78174 0.3694
49559.76709 0.3754
49559.76807 0.3893
49559.76904 0.3834
49570.72510 0.3969
49570.72607 0.4009
49570.72754 0.3932
49573.73242 0.3935
49573.73340 0.3915
49573.73486 0.3839
49578.70850 0.3911
49578.70996 0.3975
49578.71094 0.3960
49581.69141 0.3966
49581.69238 0.3957
49581.69336 0.4083
49586.68799 0.4209
49586.68945 0.4066
49586.69043 0.4076
49589.69775 0.4181
49589.69922 0.4119
49589.70020 0.4124
49597.67969 0.4113
49597.68115 0.4073
49597.68213 0.3997
49601.65576 0.4170
49601.65674 0.4102
49601.65820 0.4184
49873.89160 0.4328
49873.89307 0.4334
49873.89404 0.4366
