39786.80000 0.2539
39787.80000 0.2631
39789.80000 0.2615
39817.80000 0.2579
39834.80000 0.2417
40105.80000 0.2802
40106.80000 0.2760
40107.80000 0.2791
40139.80000 0.2382
40140.80000 0.2382
40167.80000 0.2644
40168.80000 0.2636
40169.80000 0.2612
40170.80000 0.2575
40454.80000 0.2814
40455.80000 0.2694
40457.80000 0.2804
40495.80000 0.2650
40498.80000 0.2724
40499.80000 0.2807
40517.80000 0.2601
40519.80000 0.2514
40557.80000 0.2823
40558.80000 0.2819
40570.80000 0.2495
40572.80000 0.2512
40811.80000 0.2556
40812.80000 0.2534
40843.80000 0.2867
40844.80000 0.2790
40845.80000 0.2752
40881.80000 0.2571
40910.80000 0.2431
40911.80000 0.2396
40912.80000 0.2441
40935.80000 0.2559
40960.80000 0.2295
40961.80000 0.2351
40962.80000 0.2353
41199.80000 0.2406
41200.80000 0.2439
41201.80000 0.2478
41202.80000 0.2331
41249.80000 0.2292
41250.80000 0.2255
41262.80000 0.2394
41263.80000 0.2356
41264.80000 0.2304
41285.80000 0.2426
41286.80000 0.2413
41313.80000 0.2278
41314.80000 0.2401
41554.80000 0.2460
41589.80000 0.2427
41590.80000 0.2439
41591.80000 0.2531
41614.80000 0.2340
41615.80000 0.2338
41617.80000 0.2277
41618.80000 0.2277
41641.80000 0.2422
41642.80000 0.2460
41643.80000 0.2451
41644.80000 0.2462
41669.80000 0.2133
41670.80000 0.2184
41671.80000 0.2236
41702.80000 0.2363
41703.80000 0.2306
41909.80000 0.2235
41911.80000 0.2281
41942.80000 0.2257
41943.80000 0.2187
41944.80000 0.2187
41945.80000 0.2172
41959.80000 0.2229
41960.80000 0.2268
41961.80000 0.2298
42015.80000 0.2273
42016.80000 0.2270
42046.80000 0.2159
42061.80000 0.2170
42260.80000 0.2139
42282.80000 0.2075
42283.80000 0.2122
42284.80000 0.2045
42285.80000 0.2064
42329.80000 0.2090
42330.80000 0.2053
42331.80000 0.2088
42349.80000 0.2052
42380.80000 0.2045
42382.80000 0.2037
42431.80000 0.2192
42432.80000 0.2035
42438.80000 0.1972
42645.80000 0.2047
42646.80000 0.2060
42647.80000 0.2013
42675.80000 0.2054
42676.80000 0.1997
42677.80000 0.2059
42678.80000 0.2086
42702.80000 0.2025
42703.80000 0.2074
42704.80000 0.2057
42731.80000 0.1945
42732.80000 0.1917
42763.80000 0.2027
42764.80000 0.2116
42765.80000 0.2054
42792.80000 0.2031
42793.80000 0.1949
43024.80000 0.1958
43060.80000 0.1995
43061.80000 0.2038
43062.80000 0.2027
43063.80000 0.2085
43110.80000 0.1999
43111.80000 0.2023
43112.80000 0.2014
43113.80000 0.1946
43146.80000 0.1893
43172.80000 0.1997
43173.80000 0.1957
43174.80000 0.1935
43175.80000 0.1982
43176.80000 0.1953
43414.80000 0.1735
43477.80000 0.1863
43478.80000 0.2052
43479.80000 0.1984
43481.80000 0.2048
43742.80000 0.2040
43743.80000 0.2009
43777.80000 0.2101
43779.80000 0.2058
43805.80000 0.2123
43824.80000 0.2012
43892.80000 0.2290
44172.80000 0.2218
44190.80000 0.2296
44200.80000 0.2341
44224.80000 0.2228
44225.80000 0.2293
44259.80000 0.2197
44260.80000 0.2226
44424.98901 0.2297
44424.99100 0.2352
44426.97900 0.2290
44426.98099 0.2333
44429.96500 0.2150
44429.96701 0.2258
44430.96799 0.2258
44430.96899 0.2302
44430.97101 0.2186
44432.97800 0.2316
44432.97900 0.2263
44441.94901 0.2366
44441.95099 0.2464
44441.95300 0.2368
44442.98001 0.2326
44442.98099 0.2393
44442.98300 0.2350
44443.97198 0.2360
44443.97400 0.2295
44443.97501 0.2434
44444.94299 0.2403
44444.94501 0.2381
44444.94800 0.2360
44445.95901 0.2366
44445.96100 0.2193
44445.96301 0.2289
44446.95099 0.2347
44446.95300 0.2432
44446.95499 0.2390
44447.95300 0.2346
44447.95499 0.2346
44447.95801 0.2368
44448.93799 0.2308
44448.94000 0.2376
44448.94299 0.2342
44449.94199 0.2280
44449.94400 0.2321
44449.94699 0.2369
44451.94400 0.2246
44451.94699 0.2334
44451.94901 0.2346
44452.94000 0.2365
44452.94199 0.2404
44452.94400 0.2326
44453.94101 0.2294
44453.94299 0.2347
44453.94400 0.2287
44454.97299 0.2259
44454.97400 0.2233
44454.97699 0.2291
44458.94199 0.2250
44458.94400 0.2335
44458.94501 0.2335
44460.92401 0.2289
44460.92599 0.2362
44460.92801 0.2270
44461.97601 0.2294
44461.97800 0.2402
44461.97900 0.2290
44462.96500 0.2291
44462.96600 0.2352
44462.96701 0.2259
44463.95901 0.2363
44463.96100 0.2393
44463.96301 0.2283
44464.95801 0.2230
44464.95999 0.2368
44464.96201 0.2240
44465.97501 0.2336
44465.97800 0.2313
44465.97900 0.2427
44467.92099 0.2284
44467.92300 0.2262
44467.92401 0.2306
44468.97900 0.2358
44468.98001 0.2322
44468.98099 0.2390
44469.91199 0.2317
44469.91400 0.2293
44469.91599 0.2307
44472.94199 0.2221
44472.94400 0.2213
44472.94501 0.2272
44473.95999 0.2383
44473.96201 0.2351
44473.96399 0.2282
44474.91599 0.2349
44474.91699 0.2315
44474.91901 0.2263
44475.94400 0.2324
44475.94601 0.2361
44475.94699 0.2331
44478.90500 0.2347
44478.90601 0.2305
44478.90799 0.2369
44479.94000 0.2359
44479.94101 0.2387
44479.94299 0.2394
44480.93701 0.2422
44480.93900 0.2329
44480.94101 0.2373
44481.91101 0.2348
44481.91299 0.2344
44481.91501 0.2380
44482.92599 0.2476
44482.92801 0.2394
44482.92899 0.2461
44484.90799 0.2424
44484.90900 0.2471
44484.91101 0.2387
44485.89801 0.2364
44485.89899 0.2386
44485.90100 0.2371
44486.89899 0.2464
44486.90100 0.2351
44486.90201 0.2467
44487.90100 0.2423
44487.90302 0.2482
44487.90399 0.2425
44489.91299 0.2379
44489.91501 0.2386
44489.91699 0.2371
44490.91599 0.2288
44490.91800 0.2365
44490.92001 0.2421
44492.90900 0.2395
44492.91101 0.2430
44492.91199 0.2398
44493.89801 0.2390
44493.89999 0.2319
44493.90100 0.2427
44494.89301 0.2397
44494.89499 0.2345
44494.89600 0.2463
44495.88501 0.2372
44495.88599 0.2377
44495.88699 0.2318
44496.94101 0.2360
44496.94299 0.2400
44496.94501 0.2348
44505.94901 0.2294
44505.95001 0.2278
44505.95200 0.2278
44506.92401 0.2417
44506.92599 0.2390
44506.92801 0.2475
44507.89801 0.2432
44507.89899 0.2442
44507.90100 0.2438
44508.89899 0.2426
44508.89999 0.2483
44508.90201 0.2421
44524.81403 0.2477
44524.81702 0.2439
44524.82098 0.2399
44525.91803 0.2225
44525.91998 0.2423
44525.92200 0.2479
44547.80200 0.2330
44547.80402 0.2264
44547.80603 0.2357
44548.78998 0.2316
44548.79199 0.2318
44548.79401 0.2272
44549.78802 0.2266
44549.78998 0.2288
44549.79303 0.2339
44550.77600 0.2268
44550.77899 0.2298
44550.78101 0.2327
44564.77002 0.2541
44564.77197 0.2566
44564.77399 0.2428
44566.79797 0.2504
44566.79999 0.2511
44566.80200 0.2543
44606.65698 0.2447
44606.65900 0.2450
44606.66101 0.2433
44630.61499 0.2279
44630.62097 0.2269
44630.62402 0.2217
44639.64099 0.2159
44639.64398 0.2176
44639.64697 0.2181
44847.96100 0.2371
44847.96301 0.2396
44847.96600 0.2353
44848.93701 0.2340
44848.94000 0.2333
44848.94202 0.2405
44849.93597 0.2311
44849.93903 0.2350
44849.94098 0.2348
44850.92603 0.2311
44850.92798 0.2275
44850.92999 0.2336
44851.94397 0.2376
44851.94702 0.2257
44851.94897 0.2300
44855.94000 0.2257
44855.94299 0.2231
44855.94501 0.2242
44856.94897 0.2180
44856.95203 0.2215
44856.95398 0.2303
44857.94501 0.2265
44857.94800 0.2222
44857.95099 0.2181
44859.93903 0.2144
44859.94202 0.2157
44859.94397 0.2207
44860.94897 0.2358
44860.95203 0.2333
44860.95502 0.2328
44861.93298 0.2288
44861.93597 0.2262
44861.94000 0.2293
44862.94397 0.2207
44862.94598 0.2200
44862.94897 0.2363
44863.94501 0.2245
44863.94702 0.2263
44863.95001 0.2233
44865.94501 0.2361
44865.94800 0.2260
44865.95001 0.2249
44868.95898 0.2230
44868.96002 0.2296
44868.96198 0.2183
44870.95697 0.2188
44870.95898 0.2201
44870.96100 0.2174
44871.96997 0.2380
44871.97198 0.2392
44871.97400 0.2355
44872.95898 0.2378
44872.96100 0.2367
44872.96399 0.2240
44874.88098 0.2467
44874.88202 0.2472
44874.88397 0.2343
44883.88800 0.2585
44883.89099 0.2623
44883.89301 0.2615
44892.90997 0.2576
44892.91400 0.2458
44892.91699 0.2507
44894.87903 0.2541
44894.88300 0.2581
44894.88702 0.2472
44896.81897 0.2405
44896.82202 0.2436
44896.82501 0.2436
44897.90302 0.2455
44897.90601 0.2343
44897.90802 0.2379
44898.91901 0.2516
44898.92102 0.2617
44898.92297 0.2485
44899.91901 0.2384
44899.92200 0.2315
44899.92499 0.2331
44900.93201 0.2379
44900.93402 0.2480
44900.93597 0.2417
44920.76099 0.2494
44920.76398 0.2399
44920.76599 0.2487
44985.60797 0.2566
44985.61200 0.2523
44985.61499 0.2523
45026.62903 0.2419
45026.63098 0.2515
45026.63306 0.2565
45198.99597 0.2776
45198.99805 0.2614
45199.00000 0.2713
45207.98999 0.2542
45207.99194 0.2646
45207.99304 0.2598
45208.98303 0.2514
45208.98499 0.2529
45208.98804 0.2603
45210.98303 0.2659
45210.98596 0.2586
45210.98804 0.2595
45211.95300 0.2574
45211.95496 0.2532
45211.95703 0.2522
45214.96802 0.2467
45214.96997 0.2516
45214.97205 0.2533
45215.94299 0.2538
45215.94495 0.2613
45215.94800 0.2538
45217.93896 0.2598
45217.94202 0.2620
45217.94397 0.2536
45219.95203 0.2595
45219.95300 0.2614
45219.95496 0.2607
45223.97705 0.2616
45223.97998 0.2690
45223.98206 0.2438
45224.98303 0.2471
45224.98499 0.2502
45224.98706 0.2628
45225.95996 0.2516
45225.96204 0.2528
45225.96399 0.2617
45241.86902 0.2426
45241.87097 0.2628
45241.87305 0.2658
45248.88403 0.2667
45248.88599 0.2672
45248.88794 0.2638
45249.90405 0.2719
45249.90698 0.2556
45249.91003 0.2614
45249.91895 0.2663
45249.92102 0.2838
45249.92297 0.2811
45250.91003 0.2649
45250.91394 0.2588
45250.91699 0.2505
45251.83203 0.2763
45251.83496 0.2700
45251.83801 0.2624
45253.83704 0.2701
45253.83899 0.2589
45253.84204 0.2618
45256.81299 0.2674
45256.81604 0.2587
45256.81897 0.2688
45260.82104 0.2687
45260.82300 0.2614
45260.82605 0.2609
45275.77502 0.2721
45275.77795 0.2680
45275.78101 0.2609
45276.82800 0.2545
45276.83105 0.2550
45276.83398 0.2524
45277.81799 0.2665
45277.81995 0.2485
45277.82300 0.2544
45317.67798 0.2649
45317.68103 0.2632
45317.68298 0.2745
45321.68298 0.2481
45321.68701 0.2497
45321.68896 0.2536
45345.68604 0.2295
45345.69299 0.2702
45345.70105 0.2453
45354.60803 0.2743
45354.60999 0.2821
45354.61304 0.2776
45557.00200 0.2495
45557.00400 0.2612
45557.00600 0.2417
45569.01000 0.2586
45569.01100 0.2425
45569.01300 0.2553
45575.00700 0.2749
45575.00800 0.2674
45575.01000 0.2634
45581.00200 0.2670
45581.00300 0.2597
45581.00500 0.2531
45584.00900 0.2613
45584.01000 0.2626
45584.01200 0.2591
45589.90800 0.2193
45589.91000 0.2254
45589.91100 0.2270
45592.99100 0.2396
45592.99200 0.2404
45592.99400 0.2307
45593.93500 0.2319
45593.93700 0.2272
45593.93900 0.2287
45595.95500 0.2371
45595.95700 0.2411
45595.95800 0.2321
45654.76300 0.2442
45654.76600 0.2388
45654.76800 0.2475
45660.79200 0.2407
45660.79700 0.2349
45660.80200 0.2350
45664.82100 0.2354
45664.82900 0.2409
45664.83600 0.2372
45666.75800 0.2438
45666.76100 0.2460
45666.76600 0.2380
45684.68800 0.2525
45684.69100 0.2458
45684.69300 0.2450
45688.72800 0.2363
45688.73200 0.2321
45688.73600 0.2430
45705.72300 0.2327
45705.72600 0.2407
45705.73000 0.2378
45707.69600 0.2389
45707.69900 0.2518
45707.70100 0.2443
45710.71000 0.2423
45710.71200 0.2346
45710.71400 0.2328
45716.66700 0.2298
45716.67300 0.2185
45716.67800 0.2284
45724.66600 0.2216
45724.67000 0.2190
45724.67200 0.2167
45741.63800 0.2268
45741.64100 0.2223
45741.64400 0.2294
45918.96936 0.2434
45918.97009 0.2621
45918.97095 0.2516
45920.00500 0.2544
45920.00586 0.2481
45920.00659 0.2672
45935.01929 0.2464
45935.02063 0.2506
45935.02234 0.2255
45936.96021 0.2630
45936.96130 0.2513
45936.96240 0.2537
45939.99292 0.2425
45939.99365 0.2314
45939.99451 0.2377
45943.97888 0.2372
45943.98022 0.2509
45943.98181 0.2452
45948.01465 0.2495
45948.01550 0.2491
45948.01648 0.2398
45950.96729 0.2402
45950.96887 0.2455
45950.97046 0.2463
45964.93030 0.2505
45964.93384 0.2372
45964.93689 0.2373
45965.97937 0.2440
45965.98181 0.2622
45965.98450 0.2490
45977.92493 0.2534
45977.92639 0.2504
45977.92786 0.2538
45982.92529 0.2485
45982.92676 0.2389
45982.92834 0.2442
45987.91956 0.2544
45987.92188 0.2445
45987.92419 0.2449
46019.78284 0.2258
46019.78540 0.2295
46019.78809 0.2237
46024.77673 0.2309
46024.77905 0.2334
46024.78137 0.2335
46031.78198 0.2280
46031.78418 0.2413
46031.78650 0.2336
46036.80469 0.2616
46036.80725 0.2488
46036.80981 0.2517
46051.78711 0.2503
46051.79077 0.2360
46051.79443 0.2394
46068.69800 0.2418
46068.70117 0.2448
46068.70459 0.2478
46070.70581 0.2254
46070.70801 0.2176
46070.71045 0.2252
46086.52881 0.2347
46086.54102 0.2373
46086.55371 0.2322
46110.62134 0.2202
46110.62524 0.2106
46110.62915 0.2257
46112.61719 0.2236
46112.62012 0.2190
46112.62280 0.2267
46121.62158 0.2236
46121.62451 0.2214
46121.62744 0.2204
46303.99829 0.2162
46303.99927 0.2147
46304.00049 0.2193
46309.99731 0.2268
46309.99902 0.2288
46310.00024 0.2255
46321.95874 0.2214
46321.95972 0.2367
46321.96045 0.2239
46324.98511 0.2239
46324.98608 0.2264
46324.98706 0.2313
46328.94727 0.2145
46328.94824 0.2193
46328.94946 0.2157
46330.97998 0.2326
46330.98096 0.2264
46330.98218 0.2307
46332.95972 0.2280
46332.96045 0.2278
46332.96143 0.2276
46334.95068 0.2260
46334.95166 0.2254
46334.95313 0.2338
46337.98169 0.2307
46337.98242 0.2388
46337.98315 0.2272
46483.61035 0.2216
46483.61279 0.2202
46483.61523 0.2224
46485.61646 0.2168
46485.61865 0.2185
46485.62061 0.2227
46673.96899 0.2114
46673.97168 0.2146
46673.97461 0.2200
46678.02075 0.2138
46678.02295 0.2082
46678.02539 0.2042
46682.00122 0.2093
46682.00366 0.2024
46682.00610 0.2113
46685.95654 0.2105
46685.95898 0.2101
46685.96167 0.2029
46687.96899 0.2096
46687.97119 0.2104
46687.97339 0.2105
46689.97559 0.2147
46689.97827 0.2089
46689.98120 0.2108
46692.98120 0.2075
46692.98486 0.2182
46692.98853 0.2187
46704.93433 0.2134
46704.93677 0.2166
46704.93945 0.2191
46708.94434 0.2205
46708.94775 0.2128
46708.95142 0.2007
46710.94629 0.2094
46710.94897 0.2056
46710.95142 0.2169
46712.92993 0.2128
46712.93262 0.2155
46712.93530 0.2090
46715.93823 0.2043
46715.94189 0.2133
46715.94556 0.1991
46717.95288 0.2225
46717.95557 0.2219
46717.95825 0.2113
46719.94336 0.2177
46719.94678 0.2192
46719.95020 0.2181
46723.87988 0.2125
46723.88281 0.2126
46723.88574 0.2072
46726.86938 0.2099
46726.87183 0.2108
46726.87402 0.2095
46733.87231 0.2015
46733.87549 0.2135
46733.87891 0.1989
46739.80933 0.1979
46739.81177 0.1960
46739.81445 0.1969
46743.87207 0.2030
46743.87524 0.2047
46743.87842 0.2010
46746.80127 0.1939
46746.80469 0.2049
46746.80786 0.1935
46748.86597 0.2112
46748.86938 0.2065
46748.87280 0.2178
46755.80151 0.2134
46755.80444 0.2158
46755.80786 0.2117
46767.75757 0.2107
46767.76001 0.2151
46767.76270 0.2171
46773.77539 0.2173
46773.77808 0.2124
46773.78076 0.2107
46777.75781 0.2105
46777.76147 0.2074
46777.76440 0.2058
46782.74121 0.1927
46782.74414 0.1988
46782.74707 0.2016
46793.68457 0.2000
46793.69019 0.2064
46793.69678 0.2044
46798.69727 0.2165
46798.70020 0.2103
46798.70337 0.2035
46807.66846 0.2233
46807.67114 0.2174
46807.67432 0.2160
46810.68359 0.2206
46810.68701 0.2227
46810.69116 0.2091
46817.66284 0.2067
46817.66577 0.2040
46817.66968 0.2176
46828.62549 0.2018
46828.62842 0.2101
46828.63086 0.2041
46843.61841 0.2092
46843.62158 0.2140
46843.62476 0.2128
47008.97949 0.2136
47008.98193 0.2101
47008.98438 0.2163
47027.97607 0.1900
47027.97754 0.1950
47027.97949 0.1882
47031.96680 0.2031
47031.96777 0.1883
47031.96924 0.1924
47034.97559 0.1904
47034.97656 0.1865
47034.97729 0.1888
47036.97754 0.1959
47036.97852 0.1940
47036.97949 0.1948
47038.96387 0.1971
47038.96509 0.1997
47038.96606 0.2014
47043.00952 0.2006
47043.01074 0.2036
47043.01221 0.2027
47044.95532 0.1981
47044.95654 0.2038
47044.95776 0.2000
47046.96558 0.2061
47046.96631 0.2054
47046.96729 0.2033
47049.95923 0.2000
47049.96021 0.2030
47049.96118 0.2012
47053.94653 0.2065
47053.94775 0.2048
47053.94873 0.2053
47055.94824 0.2033
47055.94922 0.2013
47055.95020 0.2030
47058.99219 0.2053
47058.99341 0.2125
47058.99463 0.2107
47060.94263 0.2101
47060.94385 0.2061
47060.94507 0.2088
47064.91992 0.2208
47064.92065 0.2119
47064.92163 0.2145
47067.96436 0.2069
47067.96558 0.2102
47067.96680 0.2064
47071.88745 0.2072
47071.88818 0.2016
47071.88916 0.1956
47073.93335 0.2041
47073.93408 0.2156
47073.93506 0.2089
47077.92432 0.1924
47077.92505 0.1990
47077.92603 0.2006
47079.92505 0.1963
47079.92603 0.1943
47079.92676 0.1998
47082.90601 0.2206
47082.90674 0.2146
47082.90771 0.2133
47088.92725 0.2003
47088.92871 0.2012
47088.92993 0.1963
47107.83862 0.2155
47107.83960 0.2088
47107.84058 0.2111
47109.79858 0.2131
47109.79932 0.2074
47109.80029 0.2126
47118.81470 0.2203
47118.81567 0.2177
47118.81665 0.2217
47122.78809 0.2186
47122.78906 0.2166
47122.79004 0.2222
47125.79297 0.2139
47125.79614 0.2092
47125.79980 0.2087
47127.85938 0.2132
47127.86035 0.2072
47127.86133 0.2069
47129.83521 0.1979
47129.83618 0.2074
47129.83740 0.2069
47131.78320 0.1984
47131.78467 0.2051
47131.78589 0.2058
47138.84399 0.2001
47138.84570 0.1984
47138.84717 0.1969
47140.74561 0.2084
47140.74658 0.1993
47140.74756 0.2039
47144.75781 0.2077
47144.75879 0.2021
47144.75977 0.2040
47149.74170 0.2007
47149.74414 0.2098
47149.74536 0.2096
47151.68018 0.2090
47151.68115 0.2146
47151.68213 0.2056
47157.77686 0.2096
47157.77808 0.2112
47157.77954 0.2100
47168.69727 0.2164
47168.69824 0.2232
47168.69897 0.2205
47171.69214 0.2133
47171.69312 0.2140
47171.69434 0.2049
47174.71191 0.2001
47174.71387 0.2026
47174.71631 0.2046
47180.65405 0.1934
47180.65601 0.1909
47180.65796 0.1946
47186.75952 0.1901
47186.76147 0.1962
47186.76392 0.1952
47191.68896 0.1974
47191.69092 0.2006
47191.69287 0.2048
47197.67041 0.2038
47197.67261 0.1974
47197.67505 0.1987
47200.63086 0.2039
47200.63257 0.2031
47200.63428 0.2055
47202.67944 0.1980
47202.68213 0.1983
47202.68433 0.2016
47205.65381 0.2039
47205.65503 0.2035
47205.65625 0.2024
47213.61450 0.2050
47213.61572 0.1970
47213.61743 0.1933
47420.95630 0.1943
47420.95850 0.1894
47420.96045 0.1924
47426.97632 0.1803
47426.97900 0.1829
47426.98169 0.1896
47429.99121 0.1940
47429.99316 0.1871
47429.99561 0.1912
47431.95313 0.1935
47431.95532 0.1969
47431.95728 0.1943
47433.98950 0.1924
47433.99146 0.1894
47433.99316 0.1948
47435.95874 0.2003
47435.96069 0.1928
47435.96265 0.1960
47446.87134 0.1993
47446.87256 0.1981
47446.87427 0.1992
47449.84106 0.1993
47449.84302 0.2043
47449.84497 0.2010
47455.87964 0.2000
47455.88086 0.1979
47455.88208 0.2019
47458.90137 0.2021
47458.90259 0.2102
47458.90405 0.1944
47461.90161 0.1912
47461.90283 0.2038
47461.90405 0.1995
47466.85156 0.1973
47466.85376 0.1937
47466.85571 0.1979
47472.80933 0.1961
47472.81152 0.1981
47472.81372 0.1890
47474.81299 0.1992
47474.81592 0.1947
47474.81958 0.1877
47478.74512 0.1944
47478.74683 0.1969
47478.74878 0.1982
47482.78857 0.1969
47482.79028 0.1938
47482.79199 0.1919
47486.78809 0.1934
47486.79053 0.1906
47486.79321 0.1961
47492.79980 0.1876
47492.80200 0.1939
47492.80444 0.1936
47495.73462 0.2026
47495.73682 0.1937
47495.73901 0.1913
47497.76758 0.2012
47497.76978 0.2055
47497.77173 0.1965
47499.75879 0.1936
47499.76001 0.2026
47499.76123 0.1964
47501.70752 0.2039
47501.70898 0.1943
47501.71045 0.2017
47502.72900 0.1926
47502.73145 0.2061
47502.73438 0.1968
47508.68945 0.1974
47508.69116 0.2013
47508.69263 0.1970
47517.69751 0.1936
47517.70093 0.1971
47517.70386 0.2003
47525.71094 0.1980
47525.71436 0.1987
47525.71753 0.1908
47528.68481 0.2016
47528.68701 0.2018
47528.68921 0.2028
47540.61670 0.2005
47540.61963 0.1979
47540.62280 0.1949
47542.67236 0.1952
47542.67456 0.1938
47542.67651 0.2047
47557.63794 0.2029
47557.63989 0.2048
47557.64185 0.1945
47574.62134 0.1892
47574.62402 0.1920
47574.62646 0.1901
47767.99902 0.2046
47768.00000 0.2021
47768.00098 0.2048
47773.99438 0.2047
47773.99561 0.2029
47773.99707 0.1991
47780.98145 0.2050
47780.98291 0.2008
47780.98389 0.2078
47783.98584 0.2029
47783.98755 0.2006
47783.98901 0.2088
47789.99487 0.2144
47789.99658 0.2084
47789.99854 0.2127
47803.97290 0.2063
47803.97485 0.1997
47803.97632 0.2050
47806.95703 0.1972
47806.95825 0.2050
47806.95972 0.1998
47808.93213 0.2025
47808.93359 0.2052
47808.93506 0.2020
47818.90845 0.2036
47818.90967 0.2060
47818.91113 0.1952
47834.80811 0.2075
47834.80957 0.2000
47834.81152 0.2090
47837.87061 0.2064
47837.87183 0.2019
47837.87329 0.2000
47839.86938 0.1984
47839.87085 0.2030
47839.87231 0.2030
47847.79468 0.2041
47847.79590 0.2126
47847.79712 0.2020
47862.72314 0.1968
47862.72534 0.2004
47862.72754 0.1978
47866.75366 0.2071
47866.75537 0.2064
47866.75684 0.1981
47868.75244 0.2024
47868.75366 0.2024
47868.75513 0.1980
47871.76782 0.2038
47871.76904 0.2106
47871.77051 0.1995
47877.73413 0.2071
47877.73560 0.2048
47877.73706 0.2045
47895.64331 0.1983
47895.64502 0.1977
47895.64771 0.2065
47900.64111 0.1943
47900.64233 0.1955
47900.64355 0.1946
47902.65723 0.1968
47902.65869 0.2108
47902.65991 0.2034
47912.64160 0.1989
47912.64307 0.2002
47912.64478 0.2020
47932.61816 0.1500
47932.61938 0.1485
47932.62085 0.1512
48148.96631 0.2100
48148.96826 0.2094
48148.97021 0.2054
48151.97168 0.2057
48151.97363 0.2107
48151.97559 0.2084
48154.98535 0.2161
48154.98779 0.2053
48154.99023 0.2089
48159.96680 0.2091
48159.96875 0.2109
48159.97070 0.2027
48161.96191 0.2076
48161.96387 0.2078
48161.96631 0.2026
48164.97754 0.2045
48164.97949 0.2122
48164.98145 0.1972
48167.93066 0.2065
48167.93262 0.2053
48167.93457 0.2037
48186.89063 0.2020
48186.89258 0.2014
48186.89502 0.1991
48192.91650 0.2053
48192.91895 0.2019
48192.92139 0.2005
48213.79980 0.2115
48213.80322 0.2097
48213.80615 0.2091
48220.75684 0.2050
48220.75879 0.2102
48220.76025 0.2104
48223.78613 0.2078
48223.78857 0.2028
48223.79053 0.2053
48226.78418 0.1971
48226.78613 0.1998
48226.78809 0.2011
48240.72217 0.2057
48240.72461 0.2007
48240.72705 0.2076
48256.68164 0.2100
48256.68408 0.2123
48256.68604 0.2114
48267.66943 0.2179
48267.67139 0.2160
48267.67383 0.2135
48271.66602 0.2194
48271.66797 0.2100
48271.67041 0.2089
48275.64404 0.2047
48275.64600 0.2165
48275.64795 0.2158
48278.65967 0.2036
48278.66309 0.2169
48278.66650 0.2136
48281.65967 0.2034
48281.66211 0.2058
48281.66406 0.1993
48300.62061 0.2152
48300.62305 0.2112
48300.62549 0.2098
48646.65576 0.2186
48646.66016 0.2110
48646.66455 0.2129
48648.61035 0.2153
48648.61328 0.2176
48648.61670 0.2190
48652.63281 0.2128
48652.63574 0.2225
48652.63867 0.2207
48655.63379 0.2290
48655.63867 0.2309
48655.64404 0.2431
48657.60889 0.2295
48657.61133 0.2309
48657.61377 0.2327
48873.90039 0.2171
48873.90234 0.2123
48873.90381 0.2166
48885.98486 0.2151
48885.98682 0.2067
48885.98877 0.2155
48890.96533 0.2078
48890.96680 0.2136
48890.96826 0.2174
48892.95947 0.2112
48892.96143 0.2115
48892.96289 0.2180
48894.96973 0.2162
48894.97119 0.2082
48894.97314 0.2140
48897.95068 0.2217
48897.95312 0.2263
48897.95508 0.2232
48901.91602 0.2286
48901.91748 0.2238
48901.91895 0.2280
48903.89258 0.2258
48903.89404 0.2289
48903.89551 0.2373
48906.85059 0.2303
48906.85205 0.2384
48906.85352 0.2311
48911.90332 0.2339
48911.90576 0.2290
48911.90771 0.2342
48913.90186 0.2293
48913.90332 0.2323
48913.90430 0.2289
48915.92285 0.2211
48915.92432 0.2182
48915.92627 0.2186
48918.89502 0.2222
48918.89697 0.2204
48918.89844 0.2164
48933.84424 0.2367
48933.84570 0.2354
48933.84717 0.2341
48938.81934 0.2400
48938.82031 0.2373
48938.82178 0.2289
48940.81201 0.2293
48940.81348 0.2472
48940.81445 0.2356
48948.84912 0.2425
48948.85059 0.2449
48948.85254 0.2398
48954.80225 0.2502
48954.80420 0.2458
48954.80566 0.2423
48957.77051 0.2385
48957.77197 0.2401
48957.77344 0.2405
48967.77100 0.2439
48967.77246 0.2377
48967.77393 0.2350
48971.76514 0.2357
48971.76660 0.2261
48971.76807 0.2269
48973.75879 0.2152
48973.76025 0.2241
48973.76123 0.2218
48976.77734 0.2233
48976.77881 0.2226
48976.78027 0.2241
48978.77637 0.2292
48978.77783 0.2236
48978.77979 0.2316
48983.76953 0.2369
48983.77051 0.2430
48983.77197 0.2342
48999.68994 0.2448
48999.69141 0.2531
48999.69336 0.2515
49008.66455 0.2420
49008.66602 0.2477
49008.66797 0.2414
49010.69434 0.2413
49010.69678 0.2344
49010.69922 0.2333
49019.62402 0.2229
49019.62598 0.2210
49019.62793 0.2292
49251.97363 0.2378
49251.97656 0.2332
49251.97949 0.2417
49255.96826 0.2388
49255.97070 0.2392
49255.97363 0.2390
49258.96045 0.2389
49258.96289 0.2424
49258.96533 0.2426
49259.97168 0.2397
49259.97412 0.2403
49259.97754 0.2362
49262.95654 0.2429
49262.95850 0.2408
49262.96094 0.2343
49264.92725 0.2310
49264.93018 0.2322
49264.93311 0.2317
49267.91846 0.2398
49267.92090 0.2387
49267.92383 0.2304
49269.90283 0.2460
49269.90527 0.2513
49269.90771 0.2415
49273.87012 0.2462
49273.87256 0.2487
49273.87451 0.2516
49279.91943 0.2747
49279.92285 0.2745
49279.92676 0.2618
49283.91357 0.2500
49283.91553 0.2450
49283.91846 0.2494
49285.88623 0.2484
49285.88818 0.2504
49285.88965 0.2559
49296.82959 0.2406
49296.83057 0.2449
49296.83203 0.2470
49298.80078 0.2508
49298.80176 0.2382
49298.80322 0.2446
49300.80713 0.2440
49300.80811 0.2391
49300.80957 0.2525
49307.77051 0.2451
49307.77197 0.2345
49307.77344 0.2415
49309.75488 0.2301
49309.75635 0.2288
49309.75781 0.2268
49311.75146 0.2205
49311.75293 0.2240
49311.75439 0.2283
49312.75879 0.2334
49312.75977 0.2383
49312.76172 0.2329
49325.73145 0.2479
49325.73242 0.2382
49325.73389 0.2452
49327.70605 0.2514
49327.70752 0.2439
49327.70898 0.2530
49331.72852 0.2611
49331.72998 0.2554
49331.73145 0.2548
49335.70801 0.2562
49335.70996 0.2592
49335.71191 0.2516
49337.72119 0.2622
49337.72266 0.2591
49337.72461 0.2622
49342.68701 0.2390
49342.68848 0.2558
49342.69043 0.2504
49344.68945 0.2441
49344.69092 0.2527
49344.69189 0.2539
49349.69287 0.2472
49349.69482 0.2450
49349.69629 0.2517
49351.66406 0.2519
49351.66650 0.2416
49351.66846 0.2411
49353.67041 0.2406
49353.67188 0.2414
49353.67334 0.2427
49355.68066 0.2425
49355.68262 0.2322
49355.68359 0.2305
49360.65820 0.2389
49360.65918 0.2355
49360.66016 0.2380
49363.65918 0.2323
49363.66064 0.2308
49363.66162 0.2280
49365.66113 0.2277
49365.66260 0.2183
49365.66357 0.2259
49368.64893 0.2273
49368.64990 0.2242
49368.65088 0.2402
49375.62695 0.2421
49375.62891 0.2451
49375.63037 0.2463
49615.86572 0.2691
49615.86670 0.2631
49615.86816 0.2620
49617.85400 0.2764
49617.85547 0.2674
49617.85645 0.2704
49620.93311 0.2735
49620.93457 0.2898
49620.93555 0.2927
49625.91309 0.2884
49625.91455 0.2822
49625.91553 0.2743
49633.88037 0.2578
49633.88184 0.2538
49633.88281 0.2628
49635.88721 0.2534
49635.88818 0.2608
49635.88965 0.2535
49636.88965 0.2470
49636.89062 0.2378
49636.89160 0.2484
49641.89404 0.2524
49641.89600 0.2337
49641.89844 0.2463
49643.85840 0.2439
49643.85986 0.2496
49643.86084 0.2348
49645.86914 0.2381
49645.87158 0.2418
49645.87402 0.2411
49648.83252 0.2267
49648.83398 0.2322
49648.83545 0.2240
49651.84131 0.2336
49651.84277 0.2306
49651.84375 0.2297
49653.84033 0.2370
49653.84277 0.2402
49653.84521 0.2431
49655.86084 0.2357
49655.86230 0.2334
49655.86328 0.2318
49657.82373 0.2367
49657.82568 0.2534
49657.82764 0.2306
49660.78760 0.2678
49660.79102 0.2527
49660.79297 0.2725
49662.81982 0.2647
49662.82080 0.2683
49662.82227 0.2631
49668.80566 0.2924
49668.80664 0.2750
49668.80762 0.2874
49670.80273 0.2746
49670.80518 0.2764
49670.80713 0.2741
49676.76807 0.2621
49676.76953 0.2617
49676.77051 0.2627
49680.76123 0.2572
49680.76270 0.2591
49680.76465 0.2669
49686.77197 0.2544
49686.77295 0.2542
49686.77441 0.2528
49688.77393 0.2522
49688.77637 0.2488
49688.77832 0.2507
49694.76514 0.2371
49694.76709 0.2390
49694.76855 0.2363
49696.74365 0.2326
49696.74512 0.2287
49696.74609 0.2345
49702.70508 0.2349
49702.70752 0.2332
49702.70996 0.2394
49704.76123 0.2347
49704.76221 0.2487
49704.76367 0.2413
49707.72656 0.2419
49707.72803 0.2401
49707.72949 0.2378
49714.68652 0.2607
49714.68896 0.2549
49714.69141 0.2554
49717.69385 0.2897
49717.69482 0.2645
49717.69629 0.2667
49719.68896 0.2764
49719.68994 0.2759
49719.69141 0.2829
49730.65820 0.2717
49730.65967 0.2602
49730.66064 0.2715
49735.65137 0.2600
49735.65283 0.2721
49735.65430 0.2594
49748.62354 0.2362
49748.62598 0.2332
49748.62842 0.2370
49751.62256 0.2328
49751.62500 0.2418
49751.62744 0.2316
49753.64307 0.2407
49753.64453 0.2306
49753.64551 0.2366
49756.64111 0.2477
49756.64355 0.2409
49756.64600 0.2372
49759.62793 0.2431
49759.62939 0.2519
49759.63086 0.2558
