2446332.63501 0.3546
2446332.63550 0.3582
2446332.63623 0.3498
2446548.99829 0.3566
2446548.99902 0.3575
2446549.00000 0.3753
2446570.97607 0.3575
2446570.97656 0.3453
2446570.97729 0.3468
2446593.94092 0.3589
2446593.94165 0.3567
2446593.94238 0.3504
2446622.78809 0.3619
2446622.78906 0.3698
2446622.79004 0.3631
2446657.72021 0.3538
2446657.72095 0.3492
2446657.72192 0.3462
2446687.69775 0.3515
2446687.69849 0.3509
2446687.69897 0.3531
2446939.90845 0.3579
2446939.90967 0.3500
2446939.91064 0.3423
2446945.77832 0.3646
2446945.77930 0.3519
2446945.78003 0.3548
2446955.95239 0.3451
2446955.95337 0.3494
2446955.95410 0.3483
2446989.81128 0.3417
2446989.81226 0.3449
2446989.81299 0.3335
2447012.75269 0.3169
2447012.75366 0.3204
2447012.75464 0.3097
2447034.77197 0.3443
2447034.77271 0.3421
2447034.77344 0.3420
2447069.64478 0.3359
2447069.64575 0.3345
2447069.64648 0.3346
2447292.97607 0.3438
2447292.97705 0.3502
2447292.97827 0.3483
2447322.97510 0.3528
2447322.97607 0.3550
2447322.97681 0.3497
2447358.86206 0.3309
2447358.86304 0.3332
2447358.86401 0.3329
2447382.84595 0.3426
2447382.84692 0.3415
2447382.84814 0.3443
2447424.63623 0.3443
2447424.63745 0.3416
2447424.63867 0.3352
2447666.89307 0.3552
2447666.89429 0.3434
2447666.89526 0.3481
2447719.80933 0.3683
2447719.81030 0.3818
2447719.81104 0.3705
2448086.76587 0.3643
2448086.76636 0.3686
2448086.76709 0.3621
2448357.02490 0.3697
2448357.02637 0.3725
2448357.02783 0.3738
2448471.76172 0.3691
2448471.76221 0.3655
2448471.76270 0.3585
2448821.90479 0.3716
2448821.90625 0.3642
2448821.90771 0.3727
2448826.81592 0.3591
2448826.81689 0.3567
2448826.81836 0.3565
2448844.74219 0.3677
2448844.74365 0.3592
2448844.74512 0.3601
2448871.69580 0.3552
2448871.69678 0.3657
2448871.69824 0.3643
2448905.64307 0.3781
2448905.64404 0.3726
2448905.64551 0.3764
2449176.86328 0.3684
2449176.86475 0.3719
2449176.86621 0.3716
2449216.77100 0.3753
2449216.77246 0.3774
2449216.77344 0.3744
2449239.70312 0.3764
2449239.70410 0.3737
2449239.70557 0.3703
2449513.91455 0.3713
2449513.91602 0.3744
2449513.91699 0.3704
2449550.81494 0.3916
2449550.81592 0.3784
2449550.81689 0.3717
2449574.74072 0.3673
2449574.74219 0.3620
2449574.74316 0.3857
2449611.65088 0.3659
2449611.65186 0.3681
2449611.65283 0.3731
