2446332.62329 0.5150
2446332.62402 0.5237
2446332.62476 0.5164
2446340.67798 0.5190
2446340.67871 0.5304
2446340.67920 0.5086
2446514.01147 0.5012
2446514.01538 0.5171
2446514.01636 0.5161
2446548.97778 0.5186
2446548.97876 0.5031
2446548.97974 0.5251
2446558.97339 0.5115
2446558.97412 0.5202
2446558.97461 0.5084
2446568.94800 0.5247
2446568.94873 0.5118
2446568.94946 0.5083
2446576.91260 0.5180
2446576.91333 0.5184
2446576.91431 0.5201
2446584.94263 0.5242
2446584.94360 0.5221
2446584.94434 0.5352
2446590.93799 0.5295
2446590.93872 0.5237
2446590.93945 0.5238
2446596.89648 0.5277
2446596.89722 0.5189
2446596.89819 0.5154
2446603.89868 0.5092
2446603.89966 0.5012
2446603.90039 0.5033
2446611.92017 0.5329
2446611.92090 0.5373
2446611.92163 0.5247
2446620.86816 0.5218
2446620.86914 0.5228
2446620.86987 0.5081
2446627.81274 0.5268
2446627.81348 0.5379
2446627.81421 0.5296
2446655.74170 0.5323
2446655.74268 0.5048
2446655.74365 0.5145
2446661.72241 0.5043
2446661.72314 0.5034
2446661.72388 0.5130
2446671.67749 0.5188
2446671.67847 0.4945
2446671.67944 0.5187
2446679.70630 0.4974
2446679.70703 0.5078
2446679.70776 0.5214
2446687.67163 0.5300
2446687.67236 0.5247
2446687.67310 0.5066
2446920.99121 0.5331
2446920.99243 0.5517
2446920.99390 0.5250
2446937.98145 0.5346
2446937.98340 0.5182
2446937.98560 0.5150
2446949.89722 0.5427
2446949.89868 0.5213
2446949.89990 0.5118
2446957.93652 0.5388
2446957.93774 0.5229
2446957.93921 0.5399
2446964.87378 0.5237
2446964.87476 0.5255
2446964.87573 0.5156
2446988.79346 0.5440
2446988.79541 0.5191
2446988.79712 0.5287
2447002.84814 0.5333
2447002.84937 0.5361
2447002.85034 0.5306
2447007.79248 0.5212
2447007.79395 0.5338
2447007.79517 0.5245
2447032.80176 0.5215
2447032.80273 0.5194
2447032.80347 0.5331
2447043.67871 0.5271
2447043.67969 0.5360
2447043.68066 0.5385
2447050.67261 0.5219
2447050.67358 0.5371
2447050.67456 0.5355
2447056.68750 0.5370
2447056.68823 0.5275
2447056.68896 0.5234
2447066.68848 0.5219
2447066.68945 0.5293
2447066.69019 0.5313
2447073.62280 0.5215
2447073.62354 0.5135
2447073.62451 0.5180
2447285.97046 0.5184
2447292.94971 0.5172
2447292.95093 0.5071
2447292.95190 0.5177
2447292.95386 0.5159
2447300.97168 0.5226
2447300.97266 0.5252
2447300.97388 0.5148
2447306.96338 0.5082
2447306.96436 0.5127
2447306.96533 0.5128
2447316.89453 0.5204
2447316.89575 0.5174
2447316.89697 0.5175
2447327.89697 0.5188
2447327.89795 0.5090
2447327.89917 0.5190
2447336.90332 0.5181
2447336.90454 0.5159
2447336.90552 0.5220
2447342.88745 0.5275
2447342.88843 0.5205
2447342.88916 0.5217
2447349.88037 0.5100
2447349.88135 0.5105
2447349.88232 0.5138
2447357.79395 0.5124
2447357.79517 0.5174
2447357.79663 0.5148
2447368.77539 0.5212
2447368.77661 0.5292
2447368.77783 0.5243
2447375.75610 0.5229
2447375.75708 0.5142
2447375.75830 0.5181
2447382.81836 0.5342
2447382.81934 0.5248
2447382.82031 0.5353
2447391.71753 0.5415
2447391.71875 0.5314
2447391.71973 0.5406
2447413.68042 0.5267
2447413.68140 0.5173
2447413.68237 0.5290
2447423.64160 0.5372
2447423.64258 0.5201
2447423.64355 0.5227
2447665.93579 0.5142
2447665.93726 0.5243
2447665.93896 0.5306
2447672.87988 0.4955
2447672.88184 0.5001
2447672.88354 0.4917
2447678.89307 0.5429
2447678.89453 0.5217
2447678.89624 0.5295
2447690.86108 0.3832
2447690.86255 0.4001
2447690.86401 0.3832
2447717.78467 0.5423
2447717.78564 0.5566
2447717.78662 0.5353
2447727.82642 0.5369
2447727.82788 0.5408
2447727.82910 0.5450
2447742.72046 0.5485
2447742.72168 0.5466
2447742.72266 0.5434
2447753.70581 0.5361
2447753.70679 0.5331
2447753.70801 0.5378
2447775.63696 0.5488
2447775.63794 0.5447
2447775.63916 0.5381
2448074.80420 0.5449
2448074.80542 0.5446
2448074.80664 0.5364
2448089.78442 0.5426
2448089.78564 0.5550
2448089.78687 0.5532
2448099.75098 0.5510
2448099.75244 0.5477
2448099.75342 0.5507
2448130.67969 0.5558
2448130.68115 0.5481
2448130.68262 0.5474
2448137.65918 0.5489
2448137.66064 0.5503
2448137.66162 0.5404
2448475.77539 0.5718
2448475.77637 0.5779
2448475.77734 0.5761
