2445165.71997 0.2279
2445165.72205 0.2373
2445165.72205 0.2463
2445495.80800 0.4791
2445495.80900 0.4776
2445495.81000 0.4734
2445500.80600 0.4509
2445500.80700 0.4570
2445500.80800 0.4796
2445502.80000 0.4624
2445502.80100 0.4595
2445502.80200 0.4591
2445505.77100 0.4576
2445505.77200 0.4534
2445505.77300 0.4583
2445508.76100 0.4639
2445508.76200 0.4702
2445508.76200 0.4702
2445511.76700 0.4471
2445511.76800 0.4578
2445511.76900 0.4649
2445514.78400 0.4503
2445514.78400 0.4530
2445514.78500 0.4454
2445521.83300 0.4477
2445521.83400 0.4560
2445521.83400 0.4604
2445527.87000 0.4435
2445527.87000 0.4328
2445527.87100 0.4390
2445533.77600 0.4287
2445533.77700 0.4312
2445533.77700 0.4392
2445538.74600 0.4287
2445538.74700 0.4333
2445538.74700 0.4297
2445543.75700 0.4350
2445543.75800 0.4330
2445543.75800 0.4270
2445548.72000 0.4360
2445548.72100 0.4465
2445548.72100 0.4373
2445552.69300 0.4447
2445552.69300 0.4321
2445552.69400 0.4435
2445556.75300 0.4415
2445556.75400 0.4363
2445556.75500 0.4344
2445569.65200 0.4360
2445569.65200 0.4422
2445569.65300 0.4345
2445574.64400 0.4458
2445574.64400 0.4524
2445574.64500 0.4431
2445578.64100 0.4277
2445578.64100 0.4499
2445578.64200 0.4450
2445581.66900 0.4559
2445581.67000 0.4593
2445581.67100 0.4477
2445584.65400 0.4556
2445584.65500 0.4558
2445584.65500 0.4555
2445591.63700 0.4476
2445591.63700 0.4409
2445591.63800 0.4514
2445620.63700 0.4465
2445620.63700 0.4462
2445620.63800 0.4391
2446145.00635 0.4089
2446145.00806 0.4156
2446145.00952 0.4127
2446159.00244 0.4189
2446159.00391 0.4082
2446159.00513 0.4194
2446187.99927 0.4033
2446188.00146 0.3939
2446188.00366 0.3994
2446200.83862 0.4201
2446200.84009 0.4211
2446200.84131 0.4103
2446221.95630 0.4300
2446221.95752 0.4246
2446221.95923 0.4435
2446225.96484 0.4259
2446225.96606 0.4280
2446225.96729 0.4268
2446231.90625 0.4168
2446231.90796 0.4192
2446231.90967 0.4144
2446235.95996 0.4100
2446235.96118 0.4106
2446235.96240 0.4126
2446237.84766 0.4142
2446237.84839 0.4106
2446237.84937 0.4036
2446239.86938 0.4116
2446239.86987 0.4157
2446239.87061 0.4156
2446243.83228 0.4093
2446243.83276 0.4077
2446243.83350 0.4077
2446246.83569 0.4094
2446246.83691 0.4101
2446246.83813 0.4107
2446250.83813 0.4065
2446250.83887 0.4006
2446250.83960 0.4057
2446266.77222 0.3825
2446266.77295 0.3866
2446266.77393 0.3862
2446271.76782 0.4073
2446271.76880 0.4058
2446271.76978 0.3957
2446274.75635 0.4023
2446274.75732 0.3974
2446274.75806 0.3950
2446277.77490 0.4101
2446277.77588 0.4101
2446277.77734 0.4051
2446280.73267 0.4163
2446280.73340 0.4159
2446280.73413 0.4197
2446283.77441 0.4075
2446283.77515 0.4124
2446283.77588 0.4107
2446286.75439 0.4124
2446286.75513 0.4200
2446286.75610 0.4160
2446289.75366 0.4176
2446289.75488 0.4259
2446289.75610 0.4154
2446292.72046 0.4219
2446292.72119 0.4134
2446292.72192 0.4190
2446295.72681 0.4270
2446295.72754 0.4295
2446295.72803 0.4216
2446298.71216 0.4199
2446298.71313 0.4232
2446298.71411 0.4209
2446302.72290 0.4251
2446302.72339 0.4170
2446302.72412 0.4134
2446310.73682 0.4215
2446310.73779 0.4132
2446310.73853 0.4149
2446311.67847 0.4072
2446311.67944 0.4101
2446311.68042 0.4022
2446316.68408 0.4118
2446316.68506 0.4061
2446316.68604 0.4036
2446322.68164 0.3932
2446322.68237 0.3983
2446322.68335 0.4032
2446326.65771 0.4009
2446326.65845 0.3914
2446326.65918 0.4021
2446331.64844 0.3837
2446331.64917 0.3765
2446331.64990 0.3710
2446334.64600 0.3773
2446334.64673 0.3813
2446334.64746 0.3871
2446338.66309 0.3844
2446338.66357 0.3873
2446338.66431 0.3805
2446341.63110 0.3840
2446341.63184 0.3879
2446341.63232 0.3823
2446545.97241 0.3894
2446545.97339 0.3835
2446545.97461 0.3920
2446550.98999 0.3872
2446550.99072 0.3766
2446550.99146 0.3807
2446560.97461 0.3907
2446560.97559 0.3965
2446560.97632 0.3870
2446571.96167 0.3882
2446571.96411 0.4002
2446571.96606 0.4004
2446576.93506 0.4116
2446576.93579 0.4080
2446576.93677 0.4115
2446578.95801 0.4082
2446578.95898 0.4038
2446578.95972 0.4090
2446584.94604 0.4151
2446584.94678 0.4157
2446584.94751 0.4229
2446587.92334 0.4298
2446587.92432 0.4222
2446587.92505 0.4259
2446591.94897 0.4170
2446591.94995 0.4200
2446591.95068 0.4181
2446594.92676 0.4290
2446594.92749 0.4157
2446594.92798 0.4308
2446598.94507 0.4194
2446598.94580 0.4246
2446598.94653 0.4279
2446601.91992 0.4158
2446601.92065 0.4249
2446601.92163 0.4195
2446605.91821 0.4161
2446605.91919 0.4250
2446605.91992 0.4243
2446611.96436 0.4002
2446611.96631 0.4099
2446611.96802 0.4103
2446616.89819 0.3957
2446616.89893 0.3941
2446616.89990 0.3945
2446619.91406 0.3904
2446619.91528 0.3917
2446619.91626 0.3960
2446623.87964 0.3862
2446623.88062 0.3863
2446623.88135 0.3887
2446628.88354 0.3750
2446628.88452 0.3834
2446628.88525 0.3643
2446632.79736 0.3676
2446632.79785 0.3793
2446632.79858 0.3769
2446643.82935 0.3897
2446643.83008 0.3944
2446643.83081 0.3946
2446655.75952 0.4083
2446655.76050 0.4092
2446655.76172 0.3979
2446658.75513 0.4090
2446658.75586 0.4117
2446658.75659 0.4073
2446661.73682 0.4183
2446661.73755 0.4373
2446661.73853 0.4144
2446665.72119 0.4150
2446665.72217 0.4132
2446665.72290 0.4157
2446671.69849 0.4131
2446671.69946 0.4160
2446671.70044 0.4210
2446674.74976 0.3939
2446674.75049 0.4021
2446674.75122 0.4061
2446677.71729 0.4099
2446677.71802 0.4107
2446677.71899 0.3973
2446681.70190 0.4151
2446681.70288 0.4083
2446681.70410 0.4050
2446687.70313 0.4079
2446687.70386 0.3978
2446687.70483 0.4055
2446691.66675 0.4001
2446691.66797 0.4132
2446691.66870 0.4009
2446695.67139 0.4118
2446695.67236 0.4057
2446695.67334 0.4097
2446703.66040 0.3960
2446703.66138 0.3948
2446703.66211 0.3938
2446707.62183 0.4062
2446707.62256 0.3989
2446707.62354 0.3925
2446728.63110 0.4021
2446728.63184 0.3811
2446728.63281 0.3829
2446858.05273 0.4157
2446858.05347 0.4093
2446858.05444 0.4159
2446881.01685 0.4008
2446881.01782 0.4083
2446881.01904 0.3986
2446912.94897 0.3849
2446912.95020 0.3978
2446912.95142 0.3946
2446939.91699 0.3959
2446939.91895 0.3978
2446939.92090 0.4024
2446943.94165 0.4132
2446943.94312 0.4113
2446943.94482 0.4129
2446945.78540 0.4160
2446945.78662 0.3983
2446945.78809 0.4065
2446949.95654 0.3960
2446949.95776 0.3908
2446949.95898 0.4005
2446953.98462 0.3922
2446953.98608 0.3928
2446953.98755 0.3955
2446957.95020 0.4291
2446957.95117 0.3958
2446957.95239 0.3991
2446960.92676 0.3986
2446960.92920 0.4026
2446960.93140 0.3897
2446964.91138 0.4055
2446964.91235 0.3975
2446964.91333 0.3906
2446967.92212 0.4056
2446967.92334 0.4021
2446967.92432 0.4111
2446986.86401 0.4271
2446986.86548 0.4178
2446986.86670 0.4279
2447001.84351 0.4251
2447001.84473 0.4231
2447001.84595 0.4261
2447007.84009 0.4240
2447007.84155 0.4229
2447007.84277 0.4249
2447020.75342 0.3863
2447020.75439 0.3857
2447020.75537 0.3991
2447034.77710 0.4072
2447034.77783 0.4105
2447034.77881 0.4055
2447042.70435 0.4290
2447042.70532 0.4268
2447042.70630 0.4130
2447045.70874 0.4140
2447045.70947 0.4138
2447045.71021 0.4230
2447049.70068 0.4177
2447049.70166 0.4212
2447049.70264 0.4224
2447057.73340 0.4148
2447057.73438 0.4270
2447057.73511 0.4204
2447071.67896 0.4278
2447071.67993 0.4216
2447071.68066 0.4208
2447074.63159 0.4345
2447074.63232 0.4310
2447074.63330 0.4316
2447078.61719 0.4435
2447078.61792 0.4504
2447078.61865 0.4419
2447291.96313 0.3918
2447291.96436 0.3947
2447291.96533 0.3877
2447297.97314 0.3916
2447297.97388 0.3935
2447297.97510 0.3952
2447315.91455 0.4045
2447315.91577 0.4062
2447315.91699 0.4084
2447320.92871 0.4156
2447320.92969 0.4134
2447320.93042 0.4186
2447327.92505 0.4025
2447327.92603 0.4071
2447327.92725 0.4058
2447331.90625 0.4049
2447331.90796 0.4064
2447331.90918 0.4094
2447336.92432 0.4067
2447336.92554 0.4067
2447336.92676 0.4154
2447339.88696 0.4012
2447339.88794 0.4047
2447339.88916 0.4094
2447342.91504 0.4078
2447342.91626 0.4149
2447342.91724 0.4090
2447345.88086 0.4042
2447345.88159 0.4061
2447345.88257 0.4126
2447348.85840 0.4024
2447348.85938 0.4023
2447348.86035 0.3990
2447358.86914 0.3983
2447358.87036 0.3934
2447358.87134 0.3948
2447362.80811 0.3934
2447362.80908 0.3955
2447362.81006 0.3937
2447367.79370 0.3947
2447367.79468 0.4025
2447367.79565 0.3987
2447371.78394 0.3959
2447371.78491 0.3968
2447371.78613 0.3975
2447374.79175 0.3959
2447374.79297 0.3988
2447374.79419 0.3926
2447379.81152 0.4087
2447379.81274 0.4006
2447379.81372 0.4103
2447383.77197 0.4080
2447383.77295 0.4058
2447383.77417 0.4098
2447386.73975 0.4080
2447386.74097 0.4086
2447386.74219 0.4096
2447391.75269 0.4138
2447391.75366 0.4177
2447391.75464 0.4166
2447394.75586 0.4203
2447394.75708 0.4221
2447394.75830 0.4196
2447412.69580 0.4045
2447412.69678 0.4121
2447412.69775 0.4093
2447423.67383 0.4127
2447423.67505 0.4154
2447423.67603 0.4078
2447432.63501 0.3965
2447432.63623 0.3947
2447432.63745 0.3963
2447664.90234 0.3841
2447664.90356 0.3809
2447664.90479 0.3915
2447668.89771 0.3786
2447668.89990 0.3781
2447668.90112 0.3735
2447690.90210 0.3186
2447690.90308 0.3405
2447690.90405 0.3186
2447719.86938 0.4404
2447719.87036 0.4323
2447719.87158 0.4422
2447725.77661 0.4279
2447725.77783 0.4234
2447725.77881 0.4171
2447730.78076 0.4284
2447730.78174 0.4344
2447730.78271 0.4307
2447735.78345 0.4313
2447735.78442 0.4298
2447735.78516 0.4339
2447743.74927 0.4191
2447743.75024 0.4177
2447743.75122 0.4173
2447753.75415 0.4025
2447753.75513 0.3988
2447753.75635 0.3956
2447757.73047 0.3947
2447757.73145 0.3954
2447757.73242 0.4005
2447768.72119 0.3987
2447768.72241 0.3945
2447768.72339 0.4025
2447775.64844 0.3967
2447775.64941 0.4019
2447775.65015 0.4010
2447779.66626 0.4061
2447779.66724 0.4018
2447779.66821 0.3986
2447807.62061 0.4329
2447807.62158 0.4242
2447807.62280 0.4268
2448071.86499 0.4029
2448071.86621 0.4051
2448071.86768 0.3998
2448082.78687 0.3935
2448082.78809 0.3970
2448082.78955 0.3967
2448086.78076 0.3977
2448086.78149 0.3973
2448086.78247 0.4085
2448092.79468 0.4068
2448092.79565 0.3999
2448092.79688 0.3971
2448095.76538 0.4055
2448095.76660 0.4026
2448095.76782 0.4087
2448099.77100 0.4014
2448099.77197 0.4030
2448099.77344 0.4007
2448103.74561 0.4129
2448103.74756 0.4207
2448103.74854 0.4195
2448106.74365 0.4087
2448106.74512 0.4084
2448106.74609 0.4104
2448124.70850 0.4294
2448124.70947 0.4312
2448124.71045 0.4255
2448131.71045 0.4386
2448131.71191 0.4360
2448131.71338 0.4347
2448151.65918 0.4225
2448151.66064 0.4265
2448151.66211 0.4213
2448411.91504 0.4325
2448411.91650 0.4257
2448411.91748 0.4262
2448473.74121 0.4512
2448473.74268 0.4444
2448473.74414 0.4417
2448476.72754 0.4484
2448476.72852 0.4384
2448476.72998 0.4450
