2445539.73700 0.2191
2445539.73700 0.2179
2445539.73800 0.2175
2446269.77271 0.2146
2446269.77344 0.2131
2446269.77441 0.2145
2446286.75781 0.2215
2446286.75879 0.2248
2446286.75952 0.2199
2446331.65674 0.2143
2446331.65747 0.2184
2446331.65820 0.2149
2446332.64526 0.2144
2446332.64600 0.2206
2446332.64673 0.2158
2446366.60986 0.2208
2446366.61060 0.2212
2446366.61157 0.2198
2446545.99170 0.2122
2446545.99292 0.2172
2446545.99414 0.2193
2446569.98169 0.2186
2446569.98267 0.2166
2446569.98364 0.2253
2446627.87622 0.2209
2446627.87695 0.2158
2446627.87793 0.2174
2446689.67749 0.2128
2446689.67847 0.2193
2446689.67920 0.2206
2446901.01392 0.2123
2446901.01563 0.2111
2446901.01733 0.2170
2446960.86304 0.2219
2446960.86499 0.2157
2446960.86670 0.2201
2447031.76733 0.2098
2447031.76831 0.2115
2447031.76929 0.2101
2447297.98242 0.2163
2447297.98389 0.2144
2447297.98511 0.2143
2447328.91650 0.2167
2447328.91748 0.2153
2447328.91846 0.2162
2447361.87427 0.2137
2447361.87549 0.2122
2447361.87646 0.2169
2447387.73755 0.2106
2447387.73853 0.2128
2447387.73950 0.2174
2447723.78613 0.2263
2447723.78735 0.2220
2447723.78857 0.2224
