46332.62646 0.3687
46332.62720 0.3697
46332.62793 0.3739
46548.98315 0.3637
46548.98389 0.3874
46548.98462 0.3850
46568.94214 0.3756
46568.94287 0.3718
46568.94385 0.3823
46593.92725 0.3566
46593.92822 0.3771
46593.92920 0.3683
46629.81274 0.3891
46629.81348 0.3795
46629.81421 0.3642
46657.71411 0.3909
46657.71509 0.3910
46657.71606 0.3714
46684.67334 0.3704
46684.67432 0.3671
46684.67529 0.3659
46947.90332 0.3818
46947.90479 0.3727
46947.90625 0.3831
46989.79858 0.3880
46989.80005 0.3654
46989.80151 0.3689
47032.81909 0.3649
47032.82007 0.3725
47032.82080 0.3662
47053.66968 0.3880
47053.67065 0.3788
47053.67139 0.3711
47254.02710 0.3859
47254.02856 0.3767
47254.03052 0.3726
47254.03174 0.3727
47292.95898 0.3667
47292.95996 0.3798
47292.96118 0.3792
47292.96436 0.3810
47292.96533 0.3792
47326.90723 0.3735
47326.90845 0.3657
47326.90991 0.3696
47357.80054 0.3794
47357.80151 0.3767
47357.80249 0.3726
47384.78198 1.1315
47384.78345 1.1522
47384.78491 1.1800
47384.78638 1.1040
47423.65088 0.3747
47423.65210 0.3737
47423.65308 0.3670
47666.88306 0.3707
47666.88477 0.3745
47666.88647 0.3738
47672.88696 0.3736
47672.88916 0.3611
47672.89111 0.3696
47678.89917 0.3661
47678.90039 0.3772
47678.90161 0.3782
47719.78589 0.3851
47719.78687 0.3968
47719.78760 0.3950
48093.76514 0.3916
48093.76636 0.3962
48093.76782 0.3961
48475.76660 0.3984
48475.76807 0.4049
48475.76904 0.4010
