2445523.88000 0.5273
2445523.88100 0.5352
2445523.88200 0.5265
2445534.75800 0.4697
2445534.76200 0.4744
2445534.76600 0.4549
2445545.72900 0.5114
2445545.73300 0.4734
2445545.73700 0.4476
2445548.76200 0.4402
2445548.76600 0.4012
2445548.77000 0.4136
2445551.69500 0.3820
2445551.69900 0.3676
2445551.70400 0.4014
2445570.64800 0.4172
2445570.65400 0.3978
2445570.66000 0.4146
2445571.65600 0.5394
2445571.66100 0.4413
2445571.66700 0.4171
2445572.64700 0.4557
2445572.65200 0.4937
2445572.65700 0.5249
2445580.73600 0.4101
2445580.74000 0.4463
2445580.74500 0.4031
2445583.66500 0.4455
2445583.67000 0.4401
2445583.67400 0.4965
2445586.64800 0.4573
2445586.65200 0.5022
2445586.65600 0.5208
2445589.66100 0.4313
2445589.66500 0.3702
2445589.66900 0.4296
