2445167.81104 0.1075
2445167.81299 0.1078
2445167.81396 0.1054
2446572.95898 0.2368
2446572.95996 0.2313
2446572.96094 0.2327
2446631.80420 0.2361
2446631.80493 0.2311
2446631.80566 0.2314
2446693.63159 0.2370
2446693.63232 0.2364
2446693.63281 0.2322
2446947.93774 0.2407
2446947.93848 0.2261
2446947.93970 0.2283
2447004.82397 0.2347
2447004.82520 0.2302
2447004.82617 0.2253
2447038.70410 0.2381
2447038.70532 0.2415
2447038.70630 0.2396
2447046.70288 0.2363
2447046.70361 0.2344
2447046.70410 0.2368
2447084.61328 0.2324
2447084.61426 0.2373
2447084.61523 0.2349
2447360.87402 0.2300
2447360.87524 0.2290
2447360.87671 0.2276
2447427.67798 0.2282
2447427.67920 0.2330
2447427.68091 0.2387
2447723.82056 0.2266
2447723.82178 0.2256
2447723.82300 0.2361
