45495.82200 0.3876
45495.82200 0.3876
45495.82300 0.3861
45500.89800 0.3811
45500.89900 0.3846
45500.89900 0.3724
45502.90800 0.3759
45502.90800 0.3767
45502.90900 0.3783
45507.76200 0.3760
45507.76300 0.3951
45507.76400 0.3868
45510.77200 0.3776
45510.77300 0.3630
45510.77400 0.3802
45513.78000 0.3826
45513.78100 0.3855
45513.78200 0.3861
45519.84200 0.3846
45519.84300 0.3876
45519.84300 0.3708
45524.85000 0.3873
45524.85100 0.4067
45524.85200 0.4043
45531.80100 0.4096
45531.80200 0.3925
45531.80200 0.4047
45536.73600 0.4071
45536.73600 0.3968
45536.73700 0.3991
45541.77900 0.3803
45541.78000 0.3916
45541.78100 0.3965
45549.84100 0.3865
45549.84200 0.3957
45549.84300 0.3851
45556.74000 0.3851
45556.74000 0.3711
45556.74200 0.3855
45569.71600 0.3928
45569.71700 0.3846
45569.71700 0.3890
45574.69500 0.3786
45574.69600 0.3921
45574.69600 0.3777
45578.72200 0.3739
45578.72300 0.3711
45578.72300 0.3868
45584.67300 0.3932
45584.67400 0.3757
45584.67400 0.3755
45591.65000 0.3914
45591.65000 0.3914
45591.65100 0.3798
45620.67500 0.3874
45620.67600 0.3839
45620.67600 0.3947
46126.04517 0.3638
46126.04761 0.3558
46126.04980 0.3625
46134.06006 0.3834
46134.06226 0.3850
46134.06445 0.3846
46145.01392 0.3751
46145.01636 0.3828
46145.01880 0.3858
46156.01904 0.3689
46156.02271 0.3588
46156.02563 0.3767
46163.99341 0.3489
46163.99561 0.3517
46163.99780 0.3502
46169.94702 0.3524
46169.94897 0.3541
46169.95117 0.3562
46186.00244 0.3652
46186.00415 0.3628
46186.00586 0.3596
46198.97632 0.3704
46198.97803 0.3768
46198.97998 0.3770
46213.94971 0.3654
46213.95190 0.3592
46213.95410 0.3650
46220.93994 0.3667
46220.94360 0.3531
46220.94727 0.3575
46227.83179 0.3500
46227.83447 0.3520
46227.83716 0.3656
46233.94287 0.3584
46233.94629 0.3708
46233.95093 0.3661
46240.85352 0.3660
46240.85425 0.3599
46240.85498 0.3675
46250.86621 0.3801
46250.86719 0.3741
46250.86816 0.3713
46267.84717 0.3578
46267.84790 0.3651
46267.84888 0.3593
46272.79370 0.3610
46272.79468 0.3526
46272.79565 0.3603
46279.77588 0.3601
46279.77661 0.3584
46279.77734 0.3601
46284.74341 0.3539
46284.74487 0.3589
46284.74658 0.3491
46288.70850 0.3546
46288.70923 0.3561
46288.71021 0.3621
46292.76587 0.3522
46292.76660 0.3446
46292.76733 0.3458
46298.74658 0.3590
46298.74756 0.3697
46298.74854 0.3762
46302.73389 0.3632
46302.73462 0.3643
46302.73511 0.3659
46311.68481 0.3649
46311.68604 0.3655
46311.68701 0.3844
46316.70947 0.3735
46316.70996 0.3733
46316.71069 0.3718
46323.68384 0.3599
46323.68457 0.3571
46323.68530 0.3572
46331.66089 0.3600
46331.66162 0.3581
46331.66260 0.3611
46338.66602 0.3449
46338.66650 0.3524
46338.66724 0.3478
46375.60132 0.3833
46375.60205 0.3737
46375.60303 0.3733
46576.96411 0.3414
46576.96484 0.3391
46576.96582 0.3273
46584.96997 0.3281
46584.97070 0.3398
46584.97144 0.3491
46591.96533 0.3656
46591.96606 0.3570
46591.96680 0.3500
46598.96997 0.3532
46598.97070 0.3420
46598.97144 0.3469
46605.93579 0.3494
46605.93677 0.3509
46605.93799 0.3492
46620.90820 0.3532
46620.90894 0.3474
46620.90967 0.3617
46628.88867 0.3532
46628.88965 0.3538
46628.89038 0.3534
46643.87671 0.3685
46643.87769 0.3684
46643.87891 0.3432
46654.77612 0.3483
46654.77710 0.3417
46654.77832 0.3507
46660.74390 0.3525
46660.74463 0.3628
46660.74561 0.3541
46665.72510 0.3537
46665.72607 0.3574
46665.72705 0.3524
46671.71484 0.3538
46671.71558 0.3625
46671.71631 0.3508
46679.71704 0.3513
46679.71777 0.3576
46679.71851 0.3537
46687.72144 0.3574
46687.72241 0.3662
46687.72363 0.3811
46704.73584 0.3573
46704.73682 0.3616
46704.73755 0.3614
46718.63037 0.3686
46718.63110 0.3633
46718.63184 0.3629
46726.61206 0.3470
46726.61304 0.3666
46726.61377 0.3532
46728.64868 0.3525
46728.64941 0.3646
46728.65039 0.3624
46858.06763 0.3619
46858.06909 0.3616
46858.07031 0.3725
46884.02002 0.3589
46884.02271 0.3520
46884.02539 0.3500
46913.00708 0.3628
46913.00879 0.3652
46913.01050 0.3567
46939.96460 0.3373
46939.96851 0.3318
46939.97192 0.3382
46947.98706 0.3443
46947.98853 0.3347
46947.98999 0.3406
46955.97559 0.3477
46955.97754 0.3495
46955.97925 0.3416
46962.96509 0.3417
46962.96704 0.3530
46962.96899 0.3424
46968.86768 0.3453
46968.87012 0.3614
46968.87329 0.3429
46986.89404 0.3449
46986.89771 0.3652
46986.90234 0.3778
47003.84912 0.3478
47003.85010 0.3492
47003.85107 0.3487
47008.78247 0.3532
47008.78345 0.3393
47008.78418 0.3474
47024.74341 0.3378
47024.74414 0.3281
47024.74512 0.3258
47034.80322 0.3422
47034.80420 0.3318
47034.80493 0.3330
47043.70532 0.3500
47043.70605 0.3517
47043.70703 0.3525
47049.71265 0.3463
47049.71362 0.3491
47049.71436 0.3524
47057.74561 0.3454
47057.74634 0.3493
47057.74707 0.3439
47066.73413 0.3382
47066.73486 0.3361
47066.73560 0.3414
47073.65063 0.3333
47073.65137 0.3331
47073.65234 0.3373
47323.96021 0.3431
47323.96118 0.3392
47323.96240 0.3456
47332.95703 0.3382
47332.95801 0.3416
47332.95898 0.3499
47338.94336 0.3465
47338.94434 0.3490
47338.94507 0.3425
47345.90649 0.3432
47345.90771 0.3416
47345.90894 0.3492
47358.89136 0.3421
47358.89233 0.3376
47358.89331 0.3403
47368.81006 0.3315
47368.81104 0.3365
47368.81226 0.3339
47375.78442 0.3420
47375.78564 0.3348
47375.78687 0.3370
47383.80127 0.3405
47383.80249 0.3372
47383.80371 0.3491
47383.80493 0.3431
47389.75928 0.3457
47389.76025 0.3341
47389.76123 0.3461
47396.72534 0.3324
47396.72656 0.3299
47396.72778 0.3342
47412.72339 0.3319
47412.72437 0.3324
47412.72510 0.3405
47424.68237 0.3334
47424.68384 0.3385
47424.68506 0.3397
47434.63428 0.3348
47434.63550 0.3406
47434.63647 0.3377
47668.92456 0.3184
47668.92651 0.3260
47668.92798 0.3277
47690.93164 0.2674
47690.93286 0.2820
47690.93384 0.3282
47716.88013 0.3387
47716.88135 0.3516
47716.88281 0.3314
47726.88184 0.3333
47726.88306 0.3298
47726.88452 0.3244
47733.84863 0.3370
47733.84937 0.3380
47733.85010 0.3395
47743.77856 0.3398
47743.77979 0.3449
47743.78101 0.3334
47753.77441 0.3506
47753.77539 0.3495
47753.77661 0.3427
47768.74536 0.3482
47768.74634 0.3420
47768.75049 0.3373
47775.67822 0.3391
47775.67920 0.3375
47775.68018 0.3399
47806.63623 0.3442
47806.63721 0.3369
47806.63843 0.3385
48074.86597 0.3506
48074.86719 0.3496
48074.86841 0.3341
48094.80249 0.3392
48094.80371 0.3473
48094.80493 0.3502
48103.77783 0.3410
48103.77930 0.3469
48103.78027 0.3529
48112.75537 0.3415
48112.75635 0.3490
48112.75732 0.3455
48125.73486 0.3499
48125.73633 0.3448
48125.73779 0.3480
48133.71484 0.3375
48133.71582 0.3447
48133.71680 0.3489
48152.66504 0.3734
48152.66650 0.3662
48152.66748 0.3647
48161.64648 0.3523
48161.64746 0.3551
48161.64893 0.3533
48418.97119 0.3603
48418.97217 0.3579
48418.97314 0.3584
48473.76660 0.3706
48473.76807 0.3563
48473.76953 0.3539
48473.77148 0.3650
48473.77295 0.3605
48473.77393 0.3671
48826.83643 0.3995
48826.83789 0.4012
48826.83936 0.4060
48837.79004 0.3807
48837.79102 0.3808
48837.79248 0.3833
48842.77930 0.3919
48842.78027 0.3925
48842.78174 0.3897
48849.79004 0.4115
48849.79150 0.4057
48849.79248 0.4109
48855.75098 0.4188
48855.75195 0.4151
48855.75391 0.4128
48872.74756 0.4113
48872.74902 0.4241
48872.75049 0.4171
48878.68896 0.4150
48878.68994 0.4217
48878.69141 0.4183
48885.68750 0.4294
48885.68896 0.4259
48885.68994 0.4175
48901.69336 0.4446
48901.69434 0.4369
48901.69580 0.4490
49173.84814 0.4324
49173.85010 0.4513
49173.85205 0.4465
49215.79688 0.4423
49215.79785 0.4414
49215.79932 0.4395
49222.77295 0.4435
49222.77441 0.4420
49222.77588 0.4384
49237.71680 0.4495
49237.71777 0.4435
49237.71924 0.4562
49251.69287 0.4550
49251.69385 0.4394
49251.69531 0.4516
49268.62451 0.4266
49268.62598 0.4307
49268.62744 0.4265
49281.59863 0.4483
49281.59961 0.4525
49281.60107 0.4432
49513.94238 0.4245
49513.94336 0.4189
49513.94434 0.4218
49523.85840 0.4302
49523.85986 0.4298
49523.86084 0.4186
49532.87891 0.4305
49532.87988 0.4303
49532.88135 0.4332
49542.86182 0.4295
49542.86279 0.4312
49542.86426 0.4403
49550.82520 0.4415
49550.82617 0.4333
49550.82764 0.4461
49561.81348 0.4306
49561.81445 0.4451
49561.81592 0.4350
49572.76367 0.4518
49572.76465 0.4407
49572.76562 0.4333
49579.72021 0.4600
49579.72119 0.4480
49579.72266 0.4537
49586.71143 0.4563
49586.71289 0.4508
49586.71387 0.4495
49602.70605 0.4486
49602.70703 0.4377
49602.70801 0.4466
49610.67773 0.4463
49610.67920 0.4393
49610.68018 0.4356
49619.67578 0.4416
49619.67676 0.4421
49619.67773 0.4398
49636.64307 0.4697
49636.64404 0.4840
49636.64502 0.4731
49643.61670 0.4732
49643.61816 0.4719
49643.61914 0.4709
