2445170.75903 0.1131
2445170.76001 0.1129
2445170.76196 0.1151
2446557.98364 0.2355
2446557.98535 0.2282
2446557.98706 0.2372
2446621.76343 0.2320
2446621.76416 0.2306
2446621.76489 0.2344
2446621.76563 0.2335
2446683.67993 0.2368
2446683.68066 0.2469
2446683.68140 0.2347
2446947.96265 0.2287
2446947.96387 0.2349
2446947.96484 0.2345
2447004.81567 0.2349
2447004.81665 0.2329
2447004.81738 0.2335
2447012.79053 0.2166
2447012.79126 0.2149
2447012.79224 0.2162
2447032.84766 0.2288
2447032.84863 0.2226
2447032.84961 0.2210
2447046.70850 0.2348
2447046.70923 0.2391
2447046.70996 0.2347
2447084.61938 0.2347
2447084.62036 0.2269
2447084.62134 0.2271
2447332.92310 0.2295
2447332.92407 0.2277
2447332.92505 0.2310
2447390.76001 0.2314
2447390.76099 0.2297
2447390.76221 0.2321
2447453.62939 0.2295
2447453.63037 0.2261
2447453.63135 0.2210
