2443629.80000 0.1759
2443663.80000 0.1788
2443664.80000 0.1776
2443703.80000 0.1750
2443704.80000 0.1797
2444002.80000 0.1768
2444003.80000 0.1792
2444004.80000 0.1836
2444024.80000 0.1831
2444050.80000 0.1887
2444051.80000 0.1749
2444733.96002 0.1801
2444733.96100 0.1853
2444733.96198 0.1819
2444734.97601 0.1789
2444734.97699 0.1778
2444734.97803 0.1761
2444735.98297 0.1816
2444735.98401 0.1807
2444735.98499 0.1832
2444736.96301 0.1816
2444736.96399 0.1870
2444736.96503 0.1816
2444737.97803 0.1704
2444737.97900 0.1789
2444737.97998 0.1784
2444738.96100 0.1815
2444738.96198 0.1813
2444738.96399 0.1741
2444742.93103 0.1787
2444742.93103 0.1738
2444742.93201 0.1820
2444756.94598 0.1762
2444756.94702 0.1814
2444756.94800 0.1757
2444760.93799 0.1852
2444760.93903 0.1902
2444760.94000 0.1805
2444775.87097 0.1797
2444775.87201 0.1844
2444775.87299 0.1764
2444831.75800 0.1753
2444831.75897 0.1873
2444831.76001 0.1818
2444870.61603 0.1930
2444870.61700 0.1730
2444870.61798 0.1856
2444871.71600 0.1826
2444871.71600 0.1826
2444871.71698 0.1811
2444872.62799 0.1880
2444872.62903 0.1855
2444872.63000 0.1887
2444874.63898 0.1844
2444874.64001 0.1809
2444874.64203 0.1834
2444875.62201 0.1789
2444875.62201 0.1749
2444875.62299 0.1785
2444899.64203 0.1763
2444899.64398 0.1781
2444899.64502 0.1783
2444900.64099 0.1746
2444900.64203 0.1822
2444900.64398 0.1788
2445074.00098 0.1811
2445074.00403 0.1768
2445074.00598 0.1784
2445078.00903 0.1735
2445078.01099 0.1831
2445092.96802 0.1786
2445092.96997 0.1851
2445092.97205 0.1724
2445096.99304 0.1739
2445096.99402 0.1751
2445096.99597 0.1754
2445104.95801 0.1765
2445104.96106 0.1799
2445104.96301 0.1856
2445108.90503 0.1795
2445108.90796 0.1735
2445108.91101 0.1745
2445119.89905 0.1730
2445119.90002 0.1717
2445119.90100 0.1705
2445120.89697 0.1639
2445120.89795 0.1739
2445120.89905 0.1693
2445125.90906 0.1841
2445125.91101 0.1759
2445125.91296 0.1705
2445131.92505 0.1785
2445131.92700 0.1852
2445131.92798 0.1720
2445135.91394 0.1802
2445135.91797 0.1771
2445135.92004 0.1775
2445140.90601 0.1699
2445140.90698 0.1773
2445140.90906 0.1787
2445158.79297 0.1799
2445158.79395 0.1705
2445158.79504 0.1715
2445160.88599 0.1720
2445160.88696 0.1670
2445160.88794 0.1712
2445161.87598 0.1776
2445161.87598 0.1863
2445161.87695 0.1821
2445162.82300 0.1856
2445162.82397 0.1803
2445162.82495 0.1769
2445164.77100 0.1704
2445164.77197 0.1777
2445164.77295 0.1807
2445165.80896 0.1714
2445165.81006 0.1683
2445165.81104 0.1749
2445167.78003 0.1789
2445167.78101 0.1770
2445167.78198 0.1713
2445169.76599 0.1724
2445169.76697 0.1704
2445169.76794 0.1731
2445172.73706 0.1814
2445172.73804 0.1770
2445172.73901 0.1807
2445175.73901 0.1823
2445175.73999 0.1808
2445175.74194 0.1823
2445176.75500 0.1736
2445176.75696 0.1740
2445176.75806 0.1714
2445182.73706 0.1772
2445182.73804 0.1791
2445182.73999 0.1805
2445183.75098 0.1801
2445183.75305 0.1746
2445183.75403 0.1722
2445185.73499 0.1741
2445185.73596 0.1785
2445185.73706 0.1780
2445186.71204 0.1628
2445186.71301 0.1742
2445186.71399 0.1731
2445188.77100 0.1814
2445188.77405 0.1770
2445188.77905 0.1744
2445191.75598 0.1754
2445191.75696 0.1762
2445191.75806 0.1787
2445192.73596 0.1681
2445192.73706 0.1790
2445192.73804 0.1729
2445194.76404 0.1816
2445194.76599 0.1826
2445194.76697 0.1748
2445195.70898 0.1744
2445195.70996 0.1742
2445195.71106 0.1749
2445197.74402 0.1815
2445197.74500 0.1761
2445197.74597 0.1829
2445198.71802 0.1761
2445198.71997 0.1758
2445198.72205 0.1776
2445205.66199 0.1852
2445205.66504 0.1745
2445205.66699 0.1752
2445209.71899 0.1729
2445209.72095 0.1748
2445209.72205 0.1695
2445211.66797 0.1741
2445211.66895 0.1795
2445211.67004 0.1836
2445212.70300 0.1697
2445212.70398 0.1752
2445212.70496 0.1724
2445215.67297 0.1787
2445215.67505 0.1749
2445215.67603 0.1715
2445216.64502 0.1719
2445216.64600 0.1758
2445216.64795 0.1688
2445217.66003 0.1758
2445217.66101 0.1775
2445217.66199 0.1951
2445219.65503 0.1856
2445219.65601 0.1933
2445219.65796 0.1933
2445235.68298 0.2059
2445235.68604 0.2081
2445235.68896 0.2053
2445402.02905 0.1881
2445402.03101 0.1747
2445402.03296 0.1940
2445403.02600 0.1791
2445403.02698 0.1756
2445403.02795 0.1761
2445448.00195 0.1819
2445448.00305 0.1718
2445448.00403 0.1795
2445457.98999 0.1756
2445457.99097 0.1765
2445457.99194 0.1785
2445476.90796 0.1757
2445476.90906 0.1849
2445476.91101 0.1891
2445477.89905 0.1797
2445477.90002 0.1789
2445477.90002 0.2005
2445478.79700 0.1750
2445478.79797 0.1835
2445478.79895 0.1697
2445479.90100 0.1791
2445479.90198 0.1806
2445479.90295 0.1775
2445480.91296 0.1760
2445480.91394 0.1767
2445480.91602 0.1771
2445481.90295 0.1779
2445481.90405 0.1806
2445481.90503 0.1843
2445482.89294 0.1743
2445482.89294 0.1838
2445482.89404 0.1753
2445484.91394 0.1807
2445484.91504 0.1726
2445484.91602 0.1758
2445485.91003 0.1708
2445485.91003 0.1790
2445485.91101 0.1749
2445488.94800 0.1736
2445488.94897 0.1719
2445488.94995 0.1741
2445489.94400 0.1714
2445489.94500 0.1706
2445489.94600 0.1816
2445491.91000 0.1709
2445491.91100 0.1756
2445491.91100 0.1712
2445492.91900 0.1829
2445492.91900 0.1663
2445492.92000 0.1760
2445493.95700 0.1783
2445493.95800 0.1722
2445493.95900 0.1716
2445494.93800 0.1785
2445494.93900 0.1768
2445494.93900 0.1782
2445496.91100 0.1821
2445496.91200 0.1841
2445496.91300 0.1805
2445497.94900 0.1800
2445497.95000 0.1753
2445497.95100 0.1807
2445501.90600 0.1755
2445501.90700 0.1830
2445501.90700 0.1804
2445503.83300 0.1700
2445503.83400 0.1782
2445503.83400 0.1743
2445505.85300 0.1801
2445505.85400 0.1777
2445505.85400 0.1919
2445506.84300 0.1750
2445506.84300 0.1854
2445506.84400 0.1840
2445508.78200 0.1896
2445508.78300 0.1785
2445508.78400 0.1771
2445510.83100 0.1749
2445510.83100 0.1798
2445510.83200 0.1836
2445512.78900 0.1914
2445512.79000 0.1954
2445512.79100 0.1893
2445514.80100 0.1940
2445514.80200 0.1957
2445514.80300 0.1908
2445516.85600 0.1756
2445516.85700 0.1839
2445516.85800 0.1812
2445517.83800 0.1838
2445517.83900 0.1785
2445517.84000 0.1815
2445518.84000 0.1777
2445518.84100 0.1845
2445518.84200 0.1879
2445519.90900 0.1838
2445519.91000 0.1800
2445519.91100 0.1794
2445520.89800 0.1665
2445520.89800 0.1756
2445520.89900 0.1681
2445521.84400 0.1723
2445521.84400 0.1647
2445521.84500 0.1821
2445522.83100 0.1747
2445522.83200 0.1761
2445522.83200 0.1786
2445523.89900 0.1779
2445523.89900 0.1719
2445523.90000 0.1748
2445524.87000 0.1833
2445524.87100 0.1950
2445524.87200 0.1833
2445525.82200 0.1765
2445525.82300 0.1713
2445525.82400 0.1767
2445526.79100 0.1721
2445526.79200 0.1754
2445526.79200 0.1698
2445528.80200 0.1806
2445528.80300 0.1826
2445528.80300 0.1786
2445529.81800 0.1854
2445529.81900 0.1795
2445529.81900 0.1801
2445531.81000 0.1762
2445531.81100 0.1727
2445531.81200 0.1794
2445532.80000 0.1709
2445532.80100 0.1851
2445532.80200 0.1793
2445533.81400 0.1832
2445533.81400 0.1725
2445533.81500 0.1802
2445534.80500 0.1731
2445534.80500 0.1755
2445534.80600 0.1834
2445536.77700 0.1815
2445536.77700 0.1806
2445536.77800 0.1769
2445537.73500 0.1827
2445537.73600 0.1772
2445537.73600 0.1791
2445538.76900 0.1782
2445538.77000 0.1817
2445538.77000 0.1691
2445539.77600 0.1810
2445539.77700 0.1717
2445539.77700 0.1837
2445540.89100 0.1848
2445540.89200 0.1829
2445540.89200 0.1816
2445541.74800 0.1687
2445541.74800 0.1715
2445541.74900 0.1787
2445542.76200 0.1769
2445542.76300 0.1782
2445542.76300 0.1757
2445543.82200 0.1763
2445543.82300 0.1895
2445543.82400 0.1816
2445545.79300 0.1734
2445545.79400 0.1722
2445545.79500 0.1706
2445547.72100 0.1800
2445547.72200 0.1693
2445547.72200 0.1724
2445550.82200 0.1897
2445550.82200 0.1792
2445550.82300 0.1715
2445551.84100 0.2001
2445551.84200 0.1881
2445551.84200 0.1974
2445553.78800 0.1803
2445553.78900 0.1690
2445553.78900 0.1773
2445557.81600 0.1781
2445557.81600 0.1769
2445557.81700 0.1792
2445562.75500 0.2745
2445562.75500 0.2783
2445562.75600 0.2997
2445563.73800 0.1805
2445563.73900 0.1838
2445563.73900 0.1760
2445568.73000 0.1692
2445568.73100 0.1691
2445568.73200 0.1681
2445573.67100 0.1814
2445573.67100 0.1798
2445573.67200 0.1726
2445575.69800 0.1758
2445575.69900 0.1817
2445575.69900 0.1774
2445576.76600 0.1837
2445576.76700 0.1883
2445576.76800 0.1787
2445577.73800 0.1739
2445577.73900 0.1813
2445577.73900 0.1738
2445579.72200 0.1831
2445579.72200 0.1858
2445579.72300 0.1800
2445582.67600 0.1707
2445582.67700 0.1721
2445582.67800 0.1744
2445585.66100 0.1747
2445585.66200 0.1795
2445585.66300 0.1806
2445588.70000 0.1923
2445588.70000 0.1808
2445588.70100 0.1852
2445590.71500 0.1968
2445590.71500 0.1917
2445590.71600 0.1837
2445592.70000 0.1672
2445592.70100 0.1730
2445592.70200 0.1717
2445594.72300 0.1676
2445594.72400 0.1757
2445594.72400 0.1658
2445621.63300 0.6194
2445621.63500 0.8142
2445621.63700 1.1328
2445789.03967 0.1809
2445789.04138 0.1805
2445789.04285 0.1751
2445793.03894 0.1734
2445793.04004 0.1782
2445793.04102 0.1754
2445801.02600 0.1713
2445801.02734 0.1732
2445801.02893 0.1757
2445806.01900 0.1987
2445806.02100 0.1983
2445806.02200 0.1946
2445807.96924 0.1781
2445807.97058 0.1789
2445807.97205 0.1744
2445814.97100 0.1753
2445814.97100 0.1745
2445814.97200 0.1784
2445832.97229 0.2072
2445832.97290 0.1882
2445832.97363 0.1891
2445840.91931 0.1668
2445840.92004 0.1732
2445840.92065 0.1679
2445847.95007 0.1730
2445847.95068 0.1719
2445847.95142 0.1728
2445860.88599 0.1825
2445860.88696 0.1864
2445860.88770 0.1726
2445868.91357 0.1645
2445868.91418 0.1669
2445868.91467 0.1645
2445872.88940 0.1726
2445872.89026 0.1784
2445872.89124 0.1781
2445878.79456 0.1862
2445878.79529 0.1818
2445878.79626 0.1907
2445884.93396 0.1717
2445884.93457 0.1778
2445884.93530 0.1703
2445887.79138 0.1727
2445887.79211 0.1736
2445887.79285 0.1695
2445889.91638 0.1756
2445889.91724 0.1755
2445889.91809 0.1767
2445890.81360 0.1757
2445890.81421 0.1839
2445890.81494 0.1732
2445891.82898 0.1807
2445891.82959 0.1726
2445891.83032 0.1917
2445892.82153 0.1812
2445892.82214 0.1775
2445892.82275 0.1802
2445893.82971 0.1642
2445893.83069 0.1660
2445893.83167 0.1762
2445899.86707 0.1668
2445899.86987 0.1702
2445899.87122 0.1629
2445906.78406 0.1734
2445906.78479 0.1726
2445906.78564 0.1745
2445907.78882 0.1549
2445907.78943 0.1503
2445907.79016 0.1610
2445912.75525 0.1728
2445912.75586 0.1792
2445912.75635 0.1767
2445913.81055 0.1694
2445913.81165 0.1726
2445913.81287 0.1717
2445914.82837 0.1810
2445914.82922 0.1639
2445914.83008 0.1645
2445915.82825 0.2018
2445915.82886 0.1998
2445915.82959 0.1819
2445916.80859 0.1804
2445916.81152 0.1775
2445916.81238 0.1775
2445917.77209 0.1709
2445917.77271 0.1760
2445917.77344 0.1704
2445918.76709 0.1714
2445918.76782 0.1728
2445918.76843 0.1728
2445919.74280 0.1732
2445919.74341 0.1663
2445919.74402 0.1676
2445921.79517 0.1586
2445921.79578 0.1490
2445921.79651 0.1494
2445928.78723 0.1713
2445928.78796 0.1701
2445928.78870 0.1737
2445932.83496 0.1750
2445932.83582 0.1694
2445932.83752 0.1594
2445933.77380 0.1672
2445933.77454 0.1610
2445933.77527 0.1710
2445934.80872 0.1720
2445934.80933 0.1734
2445934.80994 0.1738
2445935.77600 0.1803
2445935.77661 0.1736
2445935.77722 0.1693
2445936.75049 0.1776
2445936.75110 0.1753
2445936.75183 0.1752
2445937.73547 0.1765
2445937.73608 0.1765
2445937.73682 0.1778
2445939.70593 0.1717
2445939.70667 0.1768
2445939.70740 0.1707
2445942.78662 0.1558
2445942.78748 0.1546
2445942.78809 0.1567
2445943.73865 0.1647
2445943.73975 0.1567
2445943.74084 0.1533
2445944.73181 0.1671
2445944.73254 0.1603
2445944.73315 0.1667
2445946.78162 0.1820
2445946.78259 0.1788
2445946.78345 0.1774
2445949.78552 0.1626
2445949.78638 0.1664
2445949.78723 0.1706
2445950.80823 0.1665
2445950.80908 0.1657
2445950.81006 0.1645
2445951.72278 0.1657
2445951.72388 0.1612
2445951.72485 0.1617
2445952.74048 0.1709
2445952.74182 0.1665
2445952.74329 0.1670
2445958.70313 0.1804
2445958.70374 0.1819
2445958.70435 0.1853
2445959.73560 0.1646
2445959.73633 0.1730
2445959.73706 0.1639
2445963.77100 0.1616
2445963.77246 0.1638
2445963.77393 0.1613
2445965.71155 0.1849
2445965.71240 0.1769
2445965.71313 0.1743
2445971.64673 0.1708
2445971.64746 0.1697
2445971.64807 0.1758
2445972.68652 0.1722
2445972.68713 0.1666
2445972.68762 0.1671
2445981.68860 0.1682
2445981.68945 0.1592
2445981.69043 0.1623
2445983.70874 0.1680
2445983.70935 0.1704
2445983.71008 0.1656
2445984.63586 0.1761
2445984.63708 0.1733
2445984.63818 0.1762
2445986.71045 0.1668
2445986.71130 0.1678
2445986.71228 0.1625
2445987.70288 0.1721
2445987.70422 0.1654
2445987.70569 0.1681
2445996.62622 0.1686
2445996.62720 0.1662
2445996.62805 0.1696
2445997.60986 0.1805
2445997.61353 0.1732
2445997.61682 0.1760
2445998.61487 0.1729
2445998.61597 0.1696
2445998.61694 0.1755
2446003.67786 0.1664
2446003.67981 0.1679
2446003.68079 0.1674
2446004.66309 0.1738
2446004.66516 0.1687
2446004.66711 0.1667
2446176.00684 0.1668
2446176.00928 0.1760
2446176.01221 0.1770
2446222.95410 0.1692
2446222.95508 0.1726
2446222.95605 0.1751
2446225.96997 0.1668
2446225.97119 0.1716
2446225.97217 0.1691
2446237.95703 0.1677
2446237.95776 0.1765
2446237.95850 0.1700
2446239.81543 0.1826
2446239.81616 0.1801
2446239.81689 0.1756
2446241.87402 0.1812
2446241.87451 0.1796
2446241.87524 0.1745
2446243.91138 0.1713
2446243.91235 0.1719
2446243.91309 0.1751
2446246.92896 0.1749
2446246.92969 0.1737
2446246.93066 0.1713
2446250.94360 0.1757
2446250.94434 0.1744
2446250.94507 0.1792
2446266.80347 0.1716
2446266.80420 0.1801
2446266.80493 0.1705
2446268.77637 0.1697
2446268.77710 0.1746
2446268.77759 0.1714
2446271.80518 0.1581
2446271.80615 0.1652
2446271.80713 0.1660
2446273.78638 0.1687
2446273.78711 0.1688
2446273.78784 0.1649
2446275.86157 0.1757
2446275.86230 0.1700
2446275.86304 0.1671
2446277.84644 0.1661
2446277.84741 0.1621
2446277.84839 0.1602
2446279.81494 0.1664
2446279.81567 0.1690
2446279.81665 0.1692
2446282.77222 0.1716
2446282.77295 0.1731
2446282.77393 0.1720
2446284.74951 0.1601
2446284.75049 0.1605
2446284.75122 0.1709
2446286.81274 0.1740
2446286.81372 0.1708
2446286.81445 0.1693
2446288.75854 0.1755
2446288.75928 0.1686
2446288.75977 0.1744
2446290.78052 0.1702
2446290.78125 0.1719
2446290.78223 0.1750
2446292.75000 0.1622
2446292.75122 0.1754
2446292.75244 0.1639
2446294.75098 0.1733
2446294.75171 0.1767
2446294.75220 0.1708
2446297.74097 0.1674
2446297.74170 0.1728
2446297.74243 0.1805
2446299.73389 0.1795
2446299.73486 0.1775
2446299.73560 0.1789
2446303.70117 0.1687
2446303.70190 0.1666
2446303.70288 0.1738
2446310.78516 0.1702
2446310.78589 0.1716
2446310.78687 0.1720
2446316.71729 0.1656
2446316.71802 0.1785
2446316.71875 0.1760
2446323.69629 0.1666
2446323.69702 0.1671
2446323.69775 0.1619
2446329.65527 0.1838
2446329.65625 0.1936
2446329.65698 0.1687
2446331.66895 0.1648
2446331.66968 0.1647
2446331.67041 0.1639
2446334.69629 0.1754
2446334.69702 0.1730
2446334.69800 0.1721
2446339.66064 0.1718
2446339.66138 0.1672
2446339.66211 0.1660
2446341.63452 0.1666
2446341.63550 0.1654
2446341.63647 0.1681
2446576.97168 0.1573
2446576.97266 0.1654
2446576.97339 0.1649
2446578.97290 0.1666
2446578.97363 0.1659
2446578.97437 0.1704
2446582.97510 0.1770
2446582.97583 0.1704
2446582.97656 0.1651
2446584.97339 0.1620
2446584.97412 0.1756
2446584.97485 0.1778
2446587.94312 0.1831
2446587.94385 0.1720
2446587.94458 0.1768
2446591.97852 0.1691
2446591.97974 0.1636
2446591.98071 0.1656
2446594.95386 0.1690
2446594.95459 0.1679
2446594.95532 0.1689
2446596.93335 0.1663
2446596.93408 0.1647
2446596.93506 0.1687
2446599.97607 0.1756
2446599.97705 0.1789
2446599.97803 0.1685
2446601.95117 0.1676
2446601.95239 0.1655
2446601.95313 0.1650
2446603.92969 0.1735
2446603.93042 0.1682
2446603.93115 0.1661
2446618.91577 0.1726
2446618.91650 0.1730
2446618.91724 0.1782
2446620.91895 0.1671
2446620.91968 0.1667
2446620.92041 0.1671
2446623.91382 0.1709
2446623.91455 0.1742
2446623.91528 0.1718
2446627.89917 0.1631
2446627.89990 0.1704
2446627.90063 0.1657
2446629.88501 0.1635
2446629.88574 0.1713
2446629.88672 0.1756
2446632.81030 0.1763
2446632.81104 0.1763
2446632.81177 0.1788
2446643.85254 0.1702
2446643.85352 0.1627
2446643.85474 0.1593
2446650.79810 0.1733
2446650.79907 0.1716
2446650.80005 0.1712
2446653.76416 0.1685
2446653.76489 0.1781
2446653.76563 0.1722
2446655.78320 0.1678
2446655.78394 0.1673
2446655.78467 0.1711
2446657.74634 0.1748
2446657.74707 0.1664
2446657.74756 0.1715
2446660.76807 0.1781
2446660.76904 0.1753
2446660.76978 0.1808
2446663.78174 0.1637
2446663.78296 0.1681
2446663.78394 0.1635
2446665.73071 0.1642
2446665.73169 0.1677
2446665.73267 0.1705
2446667.73853 0.1850
2446667.73975 0.1733
2446667.74121 0.1706
2446670.73950 0.1742
2446670.74048 0.1739
2446670.74170 0.1621
2446670.74268 0.1684
2446672.73315 0.1692
2446672.73389 0.1772
2446672.73486 0.1754
2446674.79199 0.1715
2446674.79272 0.1707
2446674.79346 0.1719
2446677.74731 0.1706
2446677.74805 0.1718
2446677.74878 0.1653
2446679.72754 0.1675
2446679.72827 0.1657
2446679.72900 0.1650
2446681.73486 0.1687
2446681.73560 0.1649
2446681.73633 0.1712
2446684.70679 0.1657
2446684.70776 0.1683
2446684.70850 0.1702
2446689.65283 0.1762
2446689.65356 0.1858
2446689.65454 0.1763
2446710.65137 0.1693
2446710.65259 0.1656
2446710.65356 0.1712
2446719.62134 0.1667
2446719.62231 0.1731
2446719.62305 0.1773
2446948.98657 0.1759
2446948.98828 0.1728
2446948.98999 0.1851
2446950.96436 0.1608
2446950.96680 0.1625
2446950.96924 0.1702
2446956.98779 0.1726
2446956.98950 0.1677
2446956.99121 0.1673
2446959.96704 0.1711
2446959.96899 0.1715
2446959.97119 0.1810
2446963.96924 0.1655
2446963.97070 0.1681
2446963.97217 0.1680
2446965.97095 0.1637
2446965.97314 0.1772
2446965.97510 0.1757
2446967.93140 0.1772
2446967.93286 0.1756
2446967.93481 0.1653
2446985.88745 0.1793
2446985.88940 0.1741
2446985.89160 0.1709
2446989.90210 0.1685
2446989.90356 0.1750
2446989.90527 0.1675
2446996.86548 0.1735
2446996.86768 0.1702
2446996.86987 0.1690
2447003.88159 0.1691
2447003.88281 0.1807
2447003.88379 0.1760
2447007.88940 0.1691
2447007.89063 0.1650
2447007.89185 0.1681
2447020.76831 0.1610
2447020.76904 0.1645
2447020.76978 0.1750
2447024.75366 0.1647
2447024.75439 0.1676
2447024.75537 0.1753
2447034.81372 0.1674
2447034.81445 0.1747
2447034.81519 0.1690
2447036.82178 0.1715
2447036.82251 0.1727
2447036.82324 0.1712
2447041.74634 0.1679
2447041.74707 0.1673
2447041.74805 0.1670
2447043.71143 0.1713
2447043.71240 0.1726
2447043.71338 0.1674
2447045.71411 0.1662
2447045.71509 0.1683
2447045.71606 0.1678
2447048.68384 0.1654
2447048.68481 0.1665
2447048.68555 0.1630
2447050.70923 0.1759
2447050.71045 0.1730
2447050.71143 0.1706
2447057.75659 0.1664
2447057.75732 0.1679
2447057.75830 0.1675
2447066.74731 0.1736
2447066.74829 0.1768
2447066.74902 0.1738
2447069.65991 0.1711
2447069.66089 0.1710
2447069.66162 0.1639
2447071.66382 0.1777
2447071.66479 0.1754
2447071.66577 0.1700
2447074.64526 0.1633
2447074.64600 0.1665
2447074.64697 0.1710
2447077.63501 0.1758
2447077.63574 0.1712
2447077.63647 0.1763
2447079.66284 0.1749
2447079.66382 0.1746
2447079.66479 0.1733
2447084.63281 0.1731
2447084.63354 0.1727
2447084.63452 0.1684
2447088.63696 0.1659
2447088.63770 0.1678
2447088.63843 0.1665
2447107.60156 0.1672
2447107.60254 0.1656
2447107.60352 0.1663
2447313.92041 0.1821
2447313.92188 0.1746
2447313.92334 0.1781
2447316.91455 0.1783
2447316.91528 0.1819
2447316.91626 0.1743
2447320.95410 0.1621
2447320.95508 0.1637
2447320.95630 0.1654
2447323.97095 0.1710
2447323.97192 0.1722
2447323.97290 0.1683
2447326.94897 0.1688
2447326.95020 0.1723
2447326.95142 0.1648
2447333.93091 0.1757
2447333.93188 0.1745
2447333.93311 0.1766
2447335.92676 0.1717
2447335.92798 0.1672
2447335.92920 0.1720
2447338.95142 0.1710
2447338.95264 0.1709
2447338.95361 0.1730
2447340.93188 0.1749
2447340.93311 0.1709
2447340.93433 0.1683
2447342.94067 0.1685
2447342.94165 0.1684
2447342.94287 0.1684
2447344.92432 0.1651
2447344.92529 0.1651
2447344.92627 0.1622
2447346.86890 0.1792
2447346.87036 0.1788
2447346.87183 0.1717
2447349.90942 0.1812
2447349.91040 0.1729
2447349.91138 0.1693
2447351.91162 0.1705
2447351.91260 0.1692
2447351.91357 0.1765
2447356.87646 0.1692
2447356.87744 0.1656
2447356.87842 0.1667
2447359.80688 0.1738
2447359.80835 0.1818
2447359.80957 0.1759
2447362.86255 0.1647
2447362.86377 0.1635
2447362.86475 0.1676
2447366.86401 0.1677
2447366.86499 0.1673
2447366.86597 0.1720
2447370.81030 0.1782
2447370.81152 0.1705
2447370.81274 0.1697
2447372.80005 0.1716
2447372.80127 0.1704
2447372.80249 0.1714
2447374.80981 0.1711
2447374.81079 0.1740
2447374.81201 0.1705
2447378.85767 0.1709
2447378.85913 0.1681
2447378.86060 0.1679
2447381.85059 0.1677
2447381.85156 0.1703
2447381.85254 0.1729
2447384.82031 0.1731
2447384.82153 0.1731
2447384.82275 0.1762
2447386.74438 0.1794
2447386.74536 0.1764
2447386.74634 0.1722
2447389.76563 0.1715
2447389.76660 0.1695
2447389.76758 0.1706
2447392.73975 0.1750
2447392.74097 0.1806
2447392.74194 0.1731
2447395.75806 0.1683
2447395.75903 0.1687
2447395.76025 0.1715
2447403.73193 0.1707
2447403.73291 0.1676
2447403.73413 0.1649
2447411.73096 0.1778
2447411.73218 0.1867
2447411.73315 0.1703
2447411.73438 0.2033
2447411.73560 0.1966
2447411.73682 0.1928
2447411.73779 0.1790
2447411.73877 0.1814
2447413.76343 0.1834
2447413.76465 0.1840
2447413.76587 0.1817
2447421.68286 0.1774
2447421.68408 0.1787
2447421.68506 0.1755
2447428.65259 0.1718
2447428.65381 0.1712
2447428.65503 0.1678
2447433.67432 0.1717
2447433.67554 0.1715
2447433.67651 0.1745
2447451.63647 0.1708
2447451.63745 0.1707
2447451.63818 0.1774
2447454.61621 0.1721
2447454.61719 0.1700
2447454.61816 0.1735
2447465.60425 0.1664
2447465.60522 0.1703
2447465.60645 0.1577
2447663.94702 0.1704
2447663.94824 0.1795
2447663.94922 0.1752
2447669.90967 0.1668
2447669.91113 0.1681
2447669.91211 0.1729
2447687.94019 0.1836
2447687.94141 0.1763
2447687.94287 0.1755
2447689.94873 0.1754
2447689.95044 0.1745
2447689.95215 0.1795
2447715.88013 0.1830
2447715.88135 0.1819
2447715.88257 0.1770
2447720.86401 0.1784
2447720.86499 0.1809
2447720.86621 0.1790
2447724.87427 0.1738
2447724.87549 0.1761
2447724.87671 0.1738
2447727.85376 0.1709
2447727.85498 0.1750
2447727.85620 0.1751
2447733.81299 0.1764
2447733.81396 0.1759
2447733.81494 0.1741
2447737.73682 0.1710
2447737.73804 0.1653
2447737.73926 0.1683
2447740.78320 0.1856
2447740.78418 0.1781
2447740.78516 0.1819
2447745.76172 0.1808
2447745.76270 0.1794
2447745.76489 0.1833
2447750.76807 0.1768
2447750.76904 0.1688
2447750.76978 0.1712
2447755.73340 0.1853
2447755.73462 0.1862
2447755.73560 0.1772
2447758.74561 0.1788
2447758.74658 0.1773
2447758.74756 0.1769
2447766.71143 0.1717
2447766.71216 0.1852
2447766.71289 0.1761
2447771.69922 0.1774
2447771.70044 0.1831
2447771.70166 0.1772
2447776.68530 0.1745
2447776.68652 0.1817
2447776.68774 0.1756
2447778.65283 0.1820
2447778.65405 0.1759
2447778.65503 0.1789
2447780.67383 0.1813
2447780.67480 0.1739
2447780.67578 0.1875
2447790.65332 0.1810
2447790.65430 0.1777
2447790.65552 0.1823
2447803.65356 0.1812
2447803.65454 0.1736
2447803.65552 0.1707
2447808.61475 0.1713
2447808.61597 0.1736
2447808.61694 0.1712
2448068.88672 0.1802
2448068.88818 0.1816
2448068.88940 0.1806
2448075.87817 0.1912
2448075.87964 0.1840
2448075.88135 0.1803
2448080.86353 0.1847
2448080.86523 0.1879
2448080.86646 0.1889
2448087.77148 0.1825
2448087.77246 0.1827
2448087.77368 0.1945
2448093.86865 0.1774
2448093.86987 0.1787
2448093.87109 0.1853
2448095.79932 0.1839
2448095.80054 0.1798
2448095.80176 0.1847
2448098.80664 0.1774
2448098.80811 0.1816
2448098.80908 0.1832
2448101.77881 0.1835
2448101.78027 0.1830
2448101.78125 0.1852
2448104.74902 0.1911
2448104.75000 0.1854
2448104.75146 0.1760
2448107.75146 0.1879
2448107.75244 0.1792
2448107.75391 0.1865
2448121.74756 0.1785
2448121.74902 0.1829
2448121.75000 0.1778
2448126.74121 0.1799
2448126.74268 0.1747
2448126.74414 0.1805
2448130.73145 0.1844
2448130.73242 0.1793
2448130.73389 0.1766
2448133.72461 0.1807
2448133.72559 0.1742
2448133.72705 0.1755
2448135.71729 0.1808
2448135.71826 0.1785
2448135.71973 0.1758
2448149.68018 0.1742
2448149.68164 0.1751
2448149.68311 0.1762
2448153.68799 0.1730
2448153.68945 0.1759
2448153.69092 0.1730
2448157.64258 0.1821
2448157.64404 0.1842
2448157.64551 0.1841
2448161.65625 0.1826
2448161.65723 0.1816
2448161.65869 0.1776
2448167.62598 0.1797
2448167.62744 0.1811
2448167.62939 0.1788
2448420.90234 0.1820
2448420.90381 0.1850
2448420.90576 0.1827
2448423.90918 0.1886
2448423.91064 0.1834
2448423.91162 0.1839
2448426.92920 0.1865
2448426.93066 0.1837
2448426.93213 0.1809
2448431.89111 0.1863
2448431.89258 0.1849
2448431.89404 0.1876
2448453.87842 0.1796
2448453.87988 0.1884
2448453.88184 0.1861
2448459.79150 0.1927
2448459.79297 0.1848
2448459.79443 0.1944
2448461.86670 0.1831
2448461.86816 0.1798
2448461.86963 0.1839
2448463.79248 0.1899
2448463.79395 0.1809
2448463.79590 0.1843
2448466.76514 0.1836
2448466.76709 0.1914
2448466.76904 0.1873
2448486.76123 0.1842
2448486.76270 0.1917
2448486.76416 0.1877
2448488.71631 0.1912
2448488.71777 0.1813
2448488.71973 0.1858
2448490.71826 0.1907
2448490.71973 0.1892
2448490.72168 0.1894
2448493.71826 0.1888
2448493.71973 0.1786
2448493.72119 0.1756
2448495.72656 0.1808
2448495.72803 0.1840
2448495.72949 0.1837
2448497.67139 0.1820
2448497.67285 0.1835
2448497.67432 0.1795
2448499.68408 0.1859
2448499.68604 0.1809
2448499.68799 0.1813
2448756.93652 0.1849
2448756.93799 0.1852
2448756.93945 0.1862
2448758.91748 0.1850
2448758.91943 0.1885
2448758.92090 0.1878
2448782.88721 0.1851
2448782.88867 0.1777
2448782.89014 0.1834
2448784.87207 0.1850
2448784.87354 0.1840
2448784.87500 0.1799
2448787.87646 0.1871
2448787.87793 0.1826
2448787.87891 0.1864
2448790.87744 0.1834
2448790.87842 0.1837
2448790.87988 0.1878
2448792.84424 0.1873
2448792.84570 0.1788
2448792.84717 0.1783
2448794.86670 0.1800
2448794.86865 0.1856
2448794.87012 0.1865
2448797.92236 0.1772
2448797.92383 0.1739
2448797.92529 0.1788
2448802.90088 0.1829
2448802.90234 0.1791
2448802.90381 0.1853
2448813.87207 0.1789
2448813.87354 0.1758
2448813.87500 0.1781
2448818.87842 0.1772
2448818.87988 0.1755
2448818.88086 0.1782
2448827.78223 0.1781
2448827.78320 0.1768
2448827.78467 0.1794
2448831.84375 0.1754
2448831.84521 0.1755
2448831.84668 0.1740
2448834.79346 0.1776
2448834.79492 0.1733
2448834.79639 0.1762
2448836.79102 0.1779
2448836.79297 0.1766
2448836.79443 0.1765
2448838.79297 0.1717
2448838.79443 0.1726
2448838.79590 0.1761
2448841.83105 0.1710
2448841.83252 0.1709
2448841.83398 0.1714
2448843.78955 0.1775
2448843.79053 0.1776
2448843.79199 0.1805
2448846.78760 0.1745
2448846.78857 0.1803
2448846.79004 0.1799
2448849.80322 0.1729
2448849.80469 0.1756
2448849.80566 0.1708
2448851.79346 0.1760
2448851.79492 0.1767
2448851.79639 0.1733
2448854.75684 0.1746
2448854.75830 0.1765
2448854.75977 0.1755
2448856.75879 0.1751
2448856.76074 0.1745
2448856.76221 0.1751
2448858.74756 0.1771
2448858.74902 0.1797
2448858.75049 0.1782
2448860.74561 0.1715
2448860.74707 0.1735
2448860.74805 0.1733
2448862.73291 0.1718
2448862.73438 0.1727
2448862.73584 0.1761
2448865.74365 0.1716
2448865.74561 0.1685
2448865.74707 0.1714
2448871.73486 0.1722
2448871.73633 0.1720
2448871.73730 0.1751
2448873.69678 0.1770
2448873.69824 0.1767
2448873.69971 0.1801
2448876.74316 0.1752
2448876.74463 0.1691
2448876.74609 0.1699
2448878.69922 0.1691
2448878.70068 0.1731
2448878.70166 0.1685
2448881.72412 0.1686
2448881.72559 0.1688
2448881.72656 0.1697
2448884.69434 0.1699
2448884.69580 0.1682
2448884.69678 0.1682
2448886.64990 0.1726
2448886.65137 0.1741
2448886.65283 0.1693
2448890.69580 0.1763
2448890.69678 0.1734
2448890.69824 0.1712
2448894.66455 0.1769
2448894.66602 0.1751
2448894.66748 0.1745
2448901.70361 0.1770
2448901.70508 0.1755
2448901.70654 0.1758
2448903.65723 0.1713
2448903.65869 0.1690
2448903.66016 0.1707
2448907.64893 0.1803
2448907.65039 0.1828
2448907.65186 0.1827
2449156.93994 0.1712
2449156.94141 0.1723
2449156.94336 0.1692
2449162.90820 0.1732
2449162.91016 0.1734
2449162.91211 0.1727
2449172.83008 0.1828
2449172.83301 0.1746
2449172.83643 0.1792
2449174.86035 0.1740
2449174.86230 0.1698
2449174.86426 0.1711
2449178.86865 0.1791
2449178.87012 0.1719
2449178.87158 0.1750
2449186.87939 0.1667
2449186.88184 0.1650
2449186.88428 0.1657
2449189.86230 0.1750
2449189.86572 0.1696
2449189.86963 0.1647
2449191.84277 0.1740
2449191.84619 0.1702
2449191.84961 0.1702
2449193.85303 0.1704
2449193.85596 0.1698
2449193.85840 0.1726
2449195.84668 0.1753
2449195.84961 0.1734
2449195.85205 0.1731
2449198.83447 0.1757
2449198.83740 0.1831
2449198.83984 0.1745
2449204.78857 0.1689
2449204.79102 0.1731
2449204.79346 0.1711
2449206.81787 0.1715
2449206.82031 0.1703
2449206.82178 0.1696
2449209.81348 0.1730
2449209.81494 0.1737
2449209.81641 0.1698
2449214.78418 0.1689
2449214.78564 0.1689
2449214.78711 0.1694
2449218.77930 0.1740
2449218.78076 0.1793
2449218.78271 0.1718
2449220.75049 0.1771
2449220.75195 0.1782
2449220.75391 0.1752
2449224.75977 0.1705
2449224.76123 0.1757
2449224.76270 0.1761
2449228.74316 0.1740
2449228.74463 0.1741
2449228.74658 0.1691
2449231.73193 0.1831
2449231.74756 0.1826
2449231.74902 0.1742
2449236.72656 0.1779
2449236.72803 0.1727
2449236.72949 0.1762
2449238.72266 0.1825
2449238.72412 0.1812
2449238.72559 0.1810
2449242.69678 0.1691
2449242.69775 0.1723
2449242.69922 0.1711
2449245.71094 0.1693
2449245.71240 0.1666
2449245.71484 0.1724
2449249.69238 0.1788
2449249.69434 0.1846
2449249.69629 0.1807
2449252.68506 0.1772
2449252.68652 0.1768
2449252.68799 0.1818
2449254.66016 0.1728
2449254.66162 0.1725
2449254.66309 0.1697
2449265.62939 0.1810
2449265.63037 0.1671
2449265.63184 0.1691
2449268.63818 0.1694
2449268.63965 0.1711
2449268.64111 0.1747
2449270.61426 0.1695
2449270.61572 0.1691
2449270.61670 0.1665
2449273.60010 0.1736
2449273.60107 0.1764
2449273.60254 0.1770
2449279.60986 0.1767
2449279.61133 0.1742
2449279.61230 0.1755
2449281.60986 0.1861
2449281.61133 0.1773
2449281.61230 0.1797
2449284.60547 0.1670
2449284.60693 0.1730
2449284.60791 0.1715
2449496.95020 0.1793
2449496.95166 0.1790
2449496.95264 0.1822
2449497.95361 0.1800
2449497.95459 0.1807
2449497.95557 0.1786
2449506.94043 0.1816
2449506.94189 0.1763
2449506.94287 0.1828
2449513.95410 0.1837
2449513.95557 0.1757
2449513.95654 0.1769
2449516.91113 0.1751
2449516.91211 0.1750
2449516.91309 0.1790
2449519.93457 0.1762
2449519.93604 0.1772
2449519.93701 0.1775
2449521.92676 0.1768
2449521.92773 0.1770
2449521.92871 0.1839
2449524.90332 0.1869
2449524.90479 0.1790
2449524.90576 0.1835
2449526.88721 0.1775
2449526.88818 0.1797
2449526.88965 0.1919
2449528.88281 0.1747
2449528.88379 0.1790
2449528.88477 0.1789
2449531.87402 0.1771
2449531.87549 0.1856
2449531.87646 0.1805
2449535.87646 0.1804
2449535.87793 0.1737
2449535.87891 0.1776
2449538.86621 0.1758
2449538.86719 0.1773
2449538.86865 0.1730
2449540.86426 0.1715
2449540.86523 0.1731
2449540.86670 0.1696
2449547.87500 0.1776
2449547.87646 0.1730
2449547.87744 0.1798
2449549.85449 0.1724
2449549.85547 0.1780
2449549.85693 0.1720
2449556.82324 0.1801
2449556.82422 0.1819
2449556.82568 0.1818
2449560.79150 0.1803
2449560.79248 0.1844
2449560.79395 0.1819
2449562.74707 0.1799
2449562.74805 0.1749
2449562.74951 0.1735
2449565.76270 0.1817
2449565.76367 0.1809
2449565.76514 0.1793
2449567.74463 0.1813
2449567.74609 0.1859
2449567.74707 0.1772
2449569.74268 0.1767
2449569.74365 0.1796
2449569.74512 0.1772
2449572.78125 0.1786
2449572.78223 0.1745
2449572.78369 0.1774
2449574.75537 0.1782
2449574.75684 0.1787
2449574.75781 0.1820
2449578.77295 0.1784
2449578.77393 0.1810
2449578.77539 0.1777
2449580.79248 0.1899
2449580.79346 0.1802
2449580.79443 0.1806
2449582.73340 0.1748
2449582.73438 0.1782
2449582.73584 0.1831
2449585.72803 0.1818
2449585.72949 0.1831
2449585.73047 0.1831
2449589.73535 0.1842
2449589.73682 0.1857
2449589.73779 0.1802
2449594.73633 0.1780
2449594.73779 0.1783
2449594.73877 0.1757
2449597.71045 0.1766
2449597.71191 0.1806
2449597.71289 0.1758
2449600.65918 0.1781
2449600.66064 0.1735
2449600.66162 0.1783
2449601.69287 0.1803
2449601.69385 0.1843
2449601.69531 0.1863
2449603.67383 0.1789
2449603.67480 0.1784
2449603.67627 0.1787
2449605.65625 0.1811
2449605.65723 0.1830
2449605.65869 0.1805
2449609.67188 0.1857
2449609.67285 0.1758
2449609.67383 0.1816
2449611.66992 0.1792
2449611.67139 0.1819
2449611.67236 0.1788
2449614.67285 0.1786
2449614.67383 0.1804
2449614.67529 0.1807
2449617.66650 0.1776
2449617.66797 0.1788
2449617.66895 0.1761
2449635.61719 0.1771
2449635.61816 0.1742
2449635.61963 0.1715
2449642.61182 0.1754
2449642.61279 0.1813
2449642.61426 0.1850
2449644.62207 0.1785
2449644.62305 0.1765
2449644.62451 0.1774
2449647.60742 0.1811
2449647.60840 0.1739
2449647.60986 0.1676
2449872.93213 0.1824
2449872.93359 0.1862
2449872.93457 0.1869
