45495.83000 0.4188
45495.83100 0.4094
45495.83200 0.4191
45500.90600 0.4050
45500.90700 0.4113
45500.90800 0.4106
45502.91800 0.4076
45502.91900 0.4075
45502.91900 0.4026
45507.77400 0.4145
45507.77400 0.4255
45507.77500 0.4078
45510.77800 0.4132
45510.77800 0.4067
45510.77900 0.4189
45513.78400 0.4123
45513.78500 0.4150
45513.78600 0.4067
45519.84600 0.4172
45519.84600 0.4192
45519.84700 0.4209
45524.85500 0.4244
45524.85500 0.4299
45524.85600 0.4306
45531.80700 0.4294
45531.80800 0.4319
45531.80900 0.4456
45536.73800 0.4194
45536.73900 0.4253
45536.73900 0.4283
45541.78700 0.4228
45541.78800 0.4219
45541.78900 0.4218
45548.71400 0.4079
45548.71500 0.4071
45548.71500 0.4039
45552.70700 0.4255
45552.70800 0.4372
45552.70900 0.4065
45558.71600 0.4174
45558.71700 0.4227
45558.71800 0.4088
45569.71900 0.4107
45569.71900 0.4092
45569.72000 0.4208
45574.70200 0.4149
45574.70200 0.4217
45574.70300 0.4249
45578.72500 0.4196
45578.72600 0.4150
45578.72600 0.4212
45584.67900 0.4176
45584.67900 0.4119
45584.68000 0.4167
45591.64600 0.4110
45591.64700 0.3966
45591.64700 0.4097
45620.68500 0.4189
45620.68600 0.4025
45620.68700 0.4276
46126.05493 0.4380
46126.05811 0.4441
46126.06128 0.4483
46138.02539 0.4462
46138.02734 0.4494
46138.02905 0.4500
46145.02148 0.4377
46145.02319 0.4376
46145.02490 0.4487
46156.03223 0.4535
46156.03418 0.4541
46156.03662 0.4558
46156.03931 0.4593
46164.00049 0.4383
46164.00317 0.4365
46164.00537 0.4436
46169.95386 0.4443
46169.95581 0.4425
46169.95776 0.4383
46185.99316 0.4505
46185.99463 0.4527
46185.99585 0.4464
46198.98315 0.4572
46198.98535 0.4331
46198.98730 0.4495
46213.95752 0.4592
46213.95996 0.4642
46213.96362 0.4610
46220.95093 0.4679
46220.95313 0.4620
46220.95532 0.4624
46227.82300 0.4730
46227.82568 0.4715
46227.82837 0.4658
46233.95386 0.4737
46233.95605 0.4739
46233.95801 0.4814
46240.85693 0.4660
46240.85767 0.4617
46240.85840 0.4656
46250.87061 0.4677
46250.87183 0.4636
46250.87305 0.4643
46267.85181 0.4352
46267.85229 0.4434
46267.85303 0.4384
46272.79932 0.4343
46272.80103 0.4317
46272.80273 0.4189
46279.77954 0.4343
46279.78027 0.4287
46279.78125 0.4343
46284.73877 0.4431
46284.73999 0.4276
46284.74097 0.4275
46288.71240 0.4306
46288.71313 0.4276
46288.71362 0.4266
46292.77148 0.4263
46292.77246 0.4197
46292.77344 0.4264
46298.75171 0.4337
46298.75244 0.4433
46298.75342 0.4299
46302.73730 0.4385
46302.73804 0.4376
46302.73877 0.4319
46311.68896 0.4429
46311.68994 0.4339
46311.69067 0.4357
46323.68896 0.4389
46323.68994 0.4355
46323.69092 0.4425
46328.65674 0.4342
46328.65747 0.4405
46328.65820 0.4483
46331.66382 0.4414
46331.66455 0.4295
46331.66528 0.4291
46334.64258 0.4334
46334.64331 0.4350
46334.64380 0.4395
46338.66968 0.4282
46338.67041 0.4318
46338.67114 0.4318
46576.96777 0.4290
46576.96851 0.4272
46576.96948 0.4293
46582.97119 0.4259
46582.97217 0.4275
46582.97314 0.4209
46586.97510 0.4254
46586.97583 0.4270
46586.97681 0.4240
46592.93896 0.4217
46592.93970 0.4285
46592.94043 0.4252
46595.95166 0.4181
46595.95264 0.4074
46595.95337 0.4076
46599.94678 0.4169
46599.94751 0.4187
46599.94824 0.4102
46603.92285 0.4111
46603.92358 0.4114
46603.92456 0.4208
46611.97583 0.4146
46611.97705 0.4215
46611.97852 0.4311
46620.91357 0.4217
46620.91431 0.4264
46620.91504 0.4189
46623.90845 0.4112
46623.90942 0.4150
46623.91016 0.4155
46627.89258 0.4253
46627.89331 0.4283
46627.89429 0.4226
46630.88892 0.4309
46630.88965 0.4312
46630.89038 0.4469
46643.88159 0.4490
46643.88232 0.4395
46643.88354 0.4460
46649.80835 0.4462
46649.80908 0.4428
46649.80981 0.4457
46654.79126 0.4366
46654.79224 0.4406
46654.79297 0.4291
46657.74048 0.4434
46657.74146 0.4392
46657.74243 0.4399
46660.73828 0.4362
46660.73901 0.4367
46660.73950 0.4408
46664.77441 0.4247
46664.77515 0.4393
46664.77588 0.4312
46667.72217 0.4442
46667.72290 0.4379
46667.72339 0.4359
46671.71899 0.4285
46671.72021 0.4293
46671.72144 0.4329
46674.78223 0.4218
46674.78320 0.4056
46679.72192 0.4152
46679.72266 0.4249
46679.72363 0.4181
46682.68164 0.4281
46682.68237 0.4368
46682.68335 0.4208
46687.72754 0.4092
46687.72827 0.4180
46687.72900 0.4141
46690.70068 0.4157
46690.70166 0.4183
46690.70239 0.4120
46704.74170 0.4115
46704.74268 0.4077
46704.74390 0.4091
46707.64233 0.4086
46707.64331 0.4149
46707.64429 0.4111
46712.65747 0.4005
46712.65845 0.4048
46712.65942 0.4099
46718.63623 0.4166
46718.63696 0.4076
46718.63745 0.4172
46726.60596 0.4338
46726.60693 0.4361
46726.60791 0.4255
46726.60889 0.4281
46728.65283 0.4280
46728.65356 0.4273
46728.65430 0.4247
46858.06006 0.4215
46858.06079 0.4164
46858.06152 0.4228
46884.03223 0.3949
46884.03369 0.4034
46884.03516 0.4001
46939.97803 0.3862
46939.97949 0.3956
46939.98096 0.3906
46943.95288 0.4080
46943.95435 0.4039
46943.95581 0.4166
46947.99438 0.3957
46947.99536 0.4071
46947.99634 0.3915
46950.95557 0.4084
46950.95654 0.4069
46950.95752 0.4058
46955.98364 0.4084
46955.98462 0.3909
46955.98560 0.3888
46959.94971 0.3901
46959.95093 0.4017
46959.95215 0.3995
46962.97266 0.4020
46962.97388 0.4100
46962.97485 0.4092
46966.93359 0.4083
46966.93530 0.4002
46966.93677 0.4027
46968.85010 0.4060
46968.85132 0.4049
46968.85327 0.4082
46986.90820 0.3962
46986.90991 0.3896
46986.91138 0.4004
46991.88599 0.4081
46991.88696 0.4043
46991.88794 0.3838
47003.85742 0.4077
47003.85815 0.4041
47003.85938 0.4042
47007.85474 0.4069
47007.85596 0.4050
47007.85693 0.3999
47007.85938 0.4047
47007.86060 0.4067
47007.86182 0.4019
47012.77588 0.3820
47012.77686 0.3893
47012.77783 0.3855
47020.76099 0.3778
47020.76196 0.3826
47020.76270 0.3855
47024.74805 0.3954
47024.74878 0.4018
47024.74951 0.3934
47034.80835 0.4035
47034.80933 0.3986
47034.81006 0.4036
47036.84570 0.4096
47036.84644 0.4135
47036.84717 0.4156
47041.73975 0.4139
47041.74072 0.4119
47041.74194 0.4166
47044.67700 0.4107
47044.67773 0.4106
47044.67847 0.4223
47048.67798 0.4216
47048.67871 0.4322
47048.67969 0.4122
47055.70508 0.4146
47055.70605 0.4171
47055.70703 0.4172
47057.75171 0.4178
47057.75244 0.4106
47057.75317 0.4124
47066.72754 0.4177
47066.72827 0.4211
47066.72900 0.4258
47069.65649 0.4128
47069.65723 0.4096
47069.65796 0.4190
47072.65308 0.4139
47072.65405 0.4245
47072.65479 0.4187
47075.63794 0.4195
47075.63892 0.4189
47075.63989 0.4174
47079.65625 0.4271
47079.65723 0.4234
47079.65820 0.4281
47315.93335 0.4131
47315.93433 0.4147
47315.93530 0.4124
47323.96509 0.4224
47323.96606 0.4205
47323.96704 0.4216
47326.94165 0.4262
47326.94287 0.4241
47326.94385 0.4189
47332.96338 0.4243
47332.96460 0.4279
47332.96655 0.4185
47336.94214 0.4237
47336.94336 0.4185
47336.94458 0.4221
47339.91235 0.4386
47339.91333 0.4319
47339.91455 0.4424
47343.89136 0.4253
47343.89258 0.4230
47343.89355 0.4254
47346.86230 0.4211
47346.86353 0.4227
47346.86475 0.4207
47350.88306 0.4041
47350.88403 0.4066
47350.88501 0.4077
47358.89917 0.4052
47358.90015 0.4003
47358.90112 0.4082
47365.87036 0.3981
47365.87134 0.3910
47365.87256 0.3980
47370.87769 0.3949
47370.87866 0.3966
47370.87964 0.3952
47373.80225 0.4007
47373.80347 0.3965
47373.80469 0.3963
47378.85181 0.3919
47378.85278 0.3973
47378.85400 0.3971
47381.84253 0.4038
47381.84399 0.3910
47381.84521 0.3960
47385.80151 0.3872
47385.80249 0.3906
47385.80371 0.3910
47388.77905 0.3856
47388.78027 0.3849
47388.78125 0.3913
47392.72437 0.3928
47392.72534 0.3974
47392.72656 0.3897
47405.71826 0.3963
47405.71924 0.3961
47405.72046 0.3921
47412.70215 0.4052
47412.70288 0.3994
47412.70361 0.4061
47414.75879 0.3990
47414.75952 0.3973
47414.76025 0.3968
47424.70020 0.4117
47424.70142 0.4149
47424.70264 0.4061
47432.65576 0.4090
47432.65674 0.4104
47432.65796 0.4047
47664.92871 0.3714
47664.93042 0.3684
47664.93188 0.3659
47668.93018 0.3596
47668.93115 0.3659
47668.93213 0.3708
47690.94238 0.3489
47690.94360 0.3482
47690.94482 0.3384
47717.86304 0.3980
47717.86401 0.3988
47717.86499 0.4028
47725.79663 0.3953
47725.79761 0.3927
47725.79858 0.4020
47730.81030 0.3999
47730.81104 0.4001
47730.81201 0.3976
47742.74927 0.3884
47742.75024 0.3889
47742.75122 0.3903
47753.78345 0.3886
47753.78442 0.3873
47753.78516 0.3874
47757.75732 0.3932
47757.75830 0.3924
47757.75928 0.3948
47766.74609 0.3841
47766.74683 0.3832
47766.74780 0.3841
47776.67554 0.3841
47776.67651 0.3838
47776.67773 0.3847
47780.66284 0.3847
47780.66382 0.3842
47780.66479 0.3820
47806.64551 0.3866
47806.64648 0.3831
47806.64746 0.3764
47810.61914 0.3865
47810.62012 0.3812
47810.62109 0.3809
48071.88623 0.3939
48071.88745 0.3881
48071.88867 0.3894
48090.80591 0.4000
48090.80737 0.3975
48090.80884 0.3913
48095.78809 0.3952
48095.78955 0.3944
48095.79077 0.3924
48098.79736 0.3996
48098.79883 0.4032
48098.80029 0.3966
48105.77686 0.3875
48105.77783 0.3964
48105.77930 0.3879
48112.76074 0.3855
48112.76172 0.3904
48112.76270 0.3831
48124.72949 0.3824
48124.73047 0.3786
48124.73193 0.3746
48131.73340 0.3778
48131.73486 0.3805
48131.73584 0.3886
48151.69287 0.3897
48151.69434 0.3906
48151.69580 0.3853
48159.64014 0.3839
48159.64111 0.3871
48159.64258 0.3875
48418.97803 0.3846
48418.97900 0.3805
48418.97998 0.3801
48473.77686 0.3903
48473.77832 0.3919
48473.77930 0.3957
48476.74805 0.3887
48476.74902 0.3897
48476.75049 0.3843
48826.84277 0.4049
48826.84424 0.4065
48826.84521 0.4123
48841.77979 0.3959
48841.78125 0.4007
48841.78271 0.3978
48849.79541 0.4078
48849.79639 0.4016
48849.79785 0.4020
48855.75732 0.4114
48855.75830 0.4025
48855.75977 0.4071
48872.75488 0.4019
48872.75586 0.4008
48872.75732 0.3983
48878.69385 0.3970
48878.69531 0.4041
48878.69629 0.4041
48885.69238 0.4036
48885.69385 0.4070
48885.69531 0.4087
48901.69824 0.4194
48901.69971 0.4214
48901.70117 0.4196
49175.85107 0.4435
49175.85303 0.4514
49175.85498 0.4514
49216.80908 0.5038
49216.81006 0.4901
49216.81152 0.4828
49223.78369 0.4753
49223.78564 0.4716
49223.78711 0.4778
49237.72314 0.4646
49237.72461 0.4622
49237.72559 0.4683
49250.69580 0.4569
49250.69727 0.4636
49250.69873 0.4625
49268.63135 0.4623
49268.63281 0.4544
49268.63428 0.4580
49281.60400 0.4570
49281.60547 0.4683
49281.60693 0.4679
49513.94922 0.4591
49513.95068 0.4690
49513.95166 0.4668
49523.86377 0.4707
49523.86523 0.4648
49523.86621 0.4694
49532.88818 0.4658
49532.88916 0.4749
49532.89062 0.4625
49542.86719 0.4752
49542.86865 0.4696
49542.86963 0.4690
49550.83252 0.4595
49550.83350 0.4692
49550.83496 0.4684
49561.81836 0.4772
49561.81934 0.4772
49561.82031 0.4760
49572.76953 0.4836
49572.77100 0.4772
49572.77197 0.4822
49579.72510 0.5065
49579.72656 0.5010
49579.72754 0.5050
49586.72070 0.4880
49586.72217 0.4898
49586.72314 0.4844
49602.71777 0.4801
49602.71924 0.4765
49602.72021 0.4779
49607.65674 0.4788
49607.65820 0.4820
49607.65918 0.4824
49614.66064 0.4777
49614.66211 0.4698
49614.66309 0.4756
49636.64795 0.4638
49636.64893 0.4622
49636.64990 0.4679
49643.62646 0.4568
49643.62793 0.4561
49643.62891 0.4522
