2445169.75696 0.2264
2445169.75696 0.2327
2445169.75806 0.2318
2445192.71204 0.2518
2445192.71301 0.2511
2445192.71399 0.2571
2446576.96021 0.4472
2446576.96094 0.4594
2446576.96167 0.4427
2446630.88330 0.4241
2446630.88403 0.4414
2446630.88501 0.4356
2446692.67554 0.4130
2446692.67725 0.4220
2446692.67847 0.4235
2446957.97314 0.4367
2446957.97412 0.4280
2446957.97534 0.4283
2447003.86523 0.4187
2447003.86621 0.4269
2447003.86719 0.4252
2447003.86938 0.4231
2447003.87036 0.4208
2447003.87158 0.4257
2447012.78271 0.4300
2447012.78369 0.4092
2447012.78442 0.4396
2447036.81152 0.4386
2447036.81226 0.4315
2447036.81323 0.4328
2447055.71436 0.4619
2447055.71533 0.4525
2447055.71655 0.4514
2447085.63647 0.5051
2447085.63745 0.5008
2447085.63843 0.5191
2447332.94165 0.4352
2447332.94287 0.4289
2447332.94385 0.4290
2447390.77637 0.4428
2447390.77734 0.4285
2447390.77832 0.4409
2447453.63574 0.4125
2447453.63672 0.4248
2447453.63745 0.4292
2447722.90625 0.4389
2447722.90723 0.4352
2447722.90845 0.4308
2447783.71387 0.4616
2447783.71484 0.4507
2447783.71606 0.4628
2448082.79565 0.5017
2448082.79688 0.4979
2448082.79785 0.5011
