2449858.93799 1.0888
2449858.94043 1.0669
2449858.94287 1.0463
2449863.95752 1.0899
2449863.96143 1.1298
2449863.96484 1.1034
2449865.95508 1.1460
2449865.95752 1.0951
2449865.95947 1.1468
2449866.94922 1.1616
2449866.95264 1.1321
2449866.95654 1.1717
2449867.94189 1.1595
2449867.94531 1.1476
2449867.94873 1.1262
2449868.95020 1.1612
2449868.95410 1.1331
2449868.95752 1.1345
2449869.95752 1.1409
2449869.95996 1.1359
2449869.96240 1.1278
2449872.91846 1.0250
2449872.92188 1.0408
2449872.92529 1.0097
2449882.88916 1.1411
2449882.89014 1.1610
2449882.89160 1.1285
2449886.87354 1.1352
2449886.87451 1.1295
2449886.87598 1.1269
2449887.87061 1.0655
2449887.87256 1.1136
2449887.87402 1.0549
2449888.91260 1.0411
2449888.91504 1.0402
2449888.91748 1.0026
2449889.89600 1.0340
2449889.89795 1.0302
2449889.90039 1.0694
2449890.90967 1.0033
2449890.91211 1.0290
2449890.91455 0.9967
2449891.86572 1.0619
2449891.86768 1.0899
2449891.87012 1.0912
