45171.75403 0.2551
45171.75500 0.2592
45171.75598 0.2529
45495.82600 0.5083
45495.82700 0.4914
45495.82800 0.5053
45500.90300 0.4919
45500.90400 0.5072
45500.90500 0.4941
45502.91100 0.4995
45502.91200 0.4904
45502.91400 0.4940
45507.76900 0.5084
45507.77000 0.5026
45507.77100 0.4949
45510.77500 0.5188
45510.77600 0.5196
45510.77600 0.5159
45513.77400 0.5034
45513.77500 0.5077
45513.77600 0.4956
45519.83800 0.4832
45519.83900 0.4940
45519.83900 0.4937
45524.85300 0.4982
45524.85300 0.4883
45524.85400 0.4786
45531.80400 0.5030
45531.80500 0.5076
45531.80500 0.5283
45536.74000 0.5291
45536.74100 0.5194
45536.74100 0.5323
45541.78300 0.5154
45541.78300 0.5134
45541.78400 0.4945
45548.71000 0.4742
45548.71000 0.4870
45548.71100 0.4811
45552.71200 0.4522
45552.71300 0.4640
45552.71300 0.4896
45558.72000 0.4455
45558.72100 0.4486
45558.72200 0.4635
45569.71200 0.4340
45569.71200 0.4347
45569.71300 0.4349
45574.69800 0.4386
45574.69900 0.4343
45574.70000 0.4136
45578.72800 0.4470
45578.72900 0.4337
45578.72900 0.4367
45584.67600 0.4646
45584.67700 0.4627
45584.67700 0.4779
45591.65300 0.4980
45591.65300 0.4846
45591.65400 0.4736
45620.68100 0.4916
45620.68200 0.4768
45620.68300 0.4748
45779.02576 0.4990
45779.02722 0.4964
45779.02856 0.5266
45785.03223 0.4866
45785.03357 0.4882
45785.03479 0.4947
45787.02600 0.5262
45787.03000 0.5025
45787.03300 0.5355
45790.00400 0.4628
45790.00500 0.4657
45790.00700 0.4562
45795.00439 0.4348
45795.00500 0.4193
45795.00586 0.4269
45799.96924 0.4020
45799.97192 0.4060
45799.97412 0.4287
45804.01200 0.3860
45804.01300 0.3886
45804.01400 0.4087
45805.97700 0.4112
45805.97700 0.4071
45805.97800 0.4010
45807.91565 0.4303
45807.91650 0.4291
45807.91748 0.4230
45813.99400 0.4550
45813.99500 0.4469
45813.99600 0.4488
45827.95500 0.4816
45827.95600 0.4665
45827.95600 0.4714
45830.98000 0.4888
45830.98000 0.5035
45830.98100 0.4840
45836.99390 0.5343
45836.99463 0.5172
45836.99536 0.5077
45838.94324 0.5021
45838.94397 0.5190
45838.94458 0.5037
45840.91284 0.4925
45840.91370 0.5009
45840.91455 0.4934
45842.99377 0.5067
45842.99487 0.5123
45842.99548 0.5249
45844.91187 0.5251
45844.91260 0.5062
45844.91345 0.5161
45846.92371 0.5106
45846.92444 0.5208
45846.92529 0.5208
45855.99060 0.5415
45855.99133 0.5296
45855.99194 0.5197
45859.95496 0.5321
45859.95557 0.5075
45859.95618 0.4955
45861.89978 0.4941
45861.90063 0.4983
45861.90149 0.4940
45863.89185 0.4770
45863.89258 0.4922
45863.89331 0.4800
45865.92346 0.4539
45865.92444 0.4444
45865.92542 0.4475
45867.96167 0.4315
45867.96240 0.4304
45867.96326 0.4273
45869.89124 0.4131
45869.89197 0.4251
45869.89246 0.4445
45871.95190 0.4242
45871.95251 0.4392
45871.95300 0.4369
45873.90149 0.4350
45873.90222 0.4479
45873.90295 0.4283
45877.89905 0.4004
45877.89990 0.3993
45877.90076 0.3872
45879.90466 0.3830
45879.90540 0.3947
45879.90613 0.4003
45884.93054 0.3940
45884.93115 0.3910
45884.93176 0.4002
45886.85950 0.4063
45886.86072 0.4085
45886.86169 0.4216
45888.87561 0.4250
45888.87622 0.4168
45888.87683 0.4256
45890.82068 0.4439
45890.82178 0.4316
45890.82251 0.4347
45892.82654 0.4495
45892.82727 0.4712
45892.82813 0.4337
45894.90430 0.4594
45894.90491 0.4559
45894.90552 0.4521
45898.86096 0.4768
45898.86157 0.4894
45898.86218 0.4669
45907.77869 0.5273
45907.77954 0.5247
45907.78064 0.4834
45911.79065 0.4435
45911.79163 0.4972
45911.79248 0.4957
45914.82202 0.4825
45914.82349 0.4852
45914.82495 0.4674
45917.77600 0.4916
45917.77661 0.4865
45917.77771 0.4848
45919.78552 0.4771
45919.78638 0.4747
45919.78723 0.4889
45923.79150 0.4674
45923.79224 0.4653
45923.79309 0.4842
45929.80115 0.4792
45929.80200 0.4778
45929.80286 0.4778
45932.79663 0.4612
45932.79773 0.4323
45932.79871 0.4560
45934.72156 0.4496
45934.72241 0.4685
45934.72327 0.4558
45936.75464 0.4749
45936.75525 0.4895
45936.75598 0.4746
45938.76355 0.4461
45938.76465 0.4474
45938.76563 0.4670
45942.72095 0.4389
45942.72241 0.4281
45942.72363 0.4522
45946.74890 0.4518
45946.75024 0.4290
45946.75183 0.4209
45949.73169 0.4254
45949.73486 0.4311
45949.73779 0.4284
45957.68835 0.4248
45957.69080 0.4261
45957.69348 0.4163
45959.66943 0.4098
45959.67175 0.4119
45959.67432 0.4143
45962.69824 0.4215
45962.70105 0.4192
45962.70422 0.4203
45964.67651 0.4186
45964.67810 0.4294
45964.67993 0.4383
45981.67822 0.5078
45981.67981 0.5020
45981.68127 0.5066
45983.63538 0.5270
45983.63660 0.5156
45983.63794 0.5058
45986.64648 0.5234
45986.64832 0.5180
45986.65027 0.5213
45988.64697 0.5091
45988.64856 0.5028
45988.65015 0.5168
48186.60205 0.5088
48186.60303 0.5083
48186.60449 0.5171
48186.60547 0.5122
48186.60693 0.5139
48186.60791 0.5071
