2443673.80000 0.1772
2448798.93848 0.1817
2448798.94043 0.1813
2448798.94238 0.1824
2448802.92480 0.1868
2448802.92676 0.1934
2448802.92871 0.1892
2448813.87891 0.1761
2448813.88037 0.1737
2448813.88184 0.1763
2448818.88379 0.1723
2448818.88525 0.1726
2448818.88721 0.1765
2448827.80811 0.1850
2448827.80957 0.1779
2448827.81055 0.1848
2448831.85352 0.1768
2448831.85498 0.1780
2448831.85645 0.1730
2448835.77930 0.1777
2448835.78125 0.1749
2448835.78271 0.1789
2448839.79150 0.1812
2448839.79346 0.1824
2448839.79541 0.1844
2448842.77246 0.1890
2448842.77393 0.1870
2448842.77539 0.1881
2448846.79297 0.1827
2448846.79443 0.1801
2448846.79590 0.1899
2448849.81006 0.1680
2448849.81152 0.1740
2448849.81299 0.1701
2448852.78076 0.1660
2448852.78223 0.1735
2448852.78369 0.1808
2448856.78174 0.1824
2448856.78369 0.1842
2448856.78613 0.1798
2448859.74121 0.1870
2448859.74268 0.1908
2448859.74365 0.1804
2448862.75342 0.1906
2448862.75488 0.1848
2448862.75732 0.1833
2448871.73975 0.1806
2448871.74121 0.1742
2448871.74268 0.1719
2448874.70605 0.1763
2448874.70703 0.1739
2448874.70850 0.1782
2448878.70459 0.1903
2448878.70557 0.1859
2448878.70703 0.1881
2448881.72949 0.1862
2448881.73096 0.1858
2448881.73193 0.1848
2448885.71094 0.1812
2448885.71240 0.1726
2448885.71387 0.1798
2448890.70068 0.1834
2448890.70215 0.1728
2448890.70312 0.1697
2448895.67236 0.1944
2448895.67432 0.1922
2448895.67578 0.1927
2448901.71045 0.1849
2448901.71240 0.1841
2448901.71387 0.1952
2448904.67871 0.1823
2448904.68018 0.1757
2448904.68164 0.1724
2448908.66797 0.1741
2448908.66943 0.1780
2448908.67090 0.1754
2449173.86035 0.1921
2449173.86523 0.1907
2449173.87012 0.1858
2449179.85498 0.1706
2449179.85791 0.1876
2449179.86084 0.1966
2449205.79590 0.1665
2449205.79932 0.1814
2449205.80322 0.1653
2449206.83936 0.1722
2449206.84277 0.1712
2449206.84668 0.1589
2449219.79834 0.1865
2449219.80273 0.1821
2449219.80664 0.1900
2449222.79102 0.1683
2449222.79443 0.1862
2449222.79736 0.1770
2449225.78857 0.1848
2449225.79248 0.1759
2449225.79590 0.1849
2449228.75830 0.1790
2449228.76221 0.1730
2449228.76611 0.1718
2449232.72217 0.1697
2449232.72803 0.1742
2449232.73340 0.1776
2449236.73682 0.1711
2449236.74072 0.1777
2449236.74512 0.1680
2449239.73291 0.1747
2449239.73535 0.1777
2449239.73730 0.1740
2449245.72217 0.1776
2449245.72510 0.1770
2449245.72803 0.1722
2449250.70312 0.1814
2449250.70605 0.1746
2449250.70898 0.1791
2449253.69678 0.1659
2449253.70020 0.1706
2449253.70361 0.1705
2449266.63281 0.1784
2449266.63623 0.1715
2449266.63965 0.1874
2449269.62207 0.1650
2449269.62402 0.1668
2449269.62646 0.1633
2449273.60645 0.1745
2449273.60938 0.1661
2449273.61230 0.1687
2449279.61572 0.1864
2449279.61768 0.1715
2449279.62012 0.1798
2449283.61084 0.1745
2449283.61230 0.1694
2449283.61426 0.1706
2449498.94775 0.1770
2449498.95020 0.1739
2449498.95264 0.1761
2449506.95166 0.1736
2449506.95312 0.1704
2449506.95410 0.1740
2449514.92676 0.1808
2449514.92822 0.1807
2449514.92920 0.1853
2449517.94873 0.1868
2449517.95020 0.1809
2449517.95166 0.1846
2449520.94043 0.1801
2449520.94287 0.1854
2449520.94531 0.1830
2449524.92871 0.1697
2449524.93066 0.1730
2449524.93311 0.1726
2449527.87695 0.1840
2449527.87939 0.1805
2449527.88184 0.1819
2449536.87793 0.1865
2449536.88037 0.1763
2449536.88281 0.1792
2449540.86963 0.1814
2449540.87061 0.1713
2449540.87158 0.1822
2449549.85938 0.1775
2449549.86035 0.1760
2449549.86182 0.1838
2449556.83008 0.1828
2449556.83105 0.1853
2449556.83252 0.1825
2449560.80225 0.1754
2449560.80322 0.1781
2449560.80469 0.1733
2449562.76660 0.1801
2449562.76758 0.1816
2449562.76855 0.1821
2449564.75684 0.1767
2449564.75830 0.1844
2449564.75928 0.1739
2449567.75537 0.1870
2449567.75781 0.1790
2449567.76025 0.1825
2449569.75146 0.1860
2449569.75244 0.1838
2449569.75391 0.1789
2449572.78613 0.1887
2449572.78711 0.1831
2449572.78809 0.1867
2449576.73389 0.1803
2449576.73535 0.1848
2449576.73682 0.1805
2449579.78516 0.1858
2449579.78662 0.1801
2449579.78809 0.1693
2449583.73193 0.1674
2449583.73340 0.1814
2449583.73438 0.1750
2449586.73730 0.1800
2449586.73926 0.1708
2449586.74072 0.1810
2449594.74756 0.1780
2449594.74902 0.1834
2449594.75000 0.1759
2449597.71582 0.1783
2449597.71680 0.1759
2449597.71826 0.1720
2449601.69824 0.1782
2449601.69922 0.1749
2449601.70068 0.1869
2449609.68164 0.1868
2449609.68311 0.1826
2449609.68457 0.1750
2449614.68701 0.1898
2449614.68848 0.1777
2449614.68994 0.1813
2449617.67236 0.1767
2449617.67383 0.1772
2449617.67480 0.1834
2449635.62158 0.1748
2449635.62305 0.1780
2449635.62402 0.1757
2449642.62207 0.1844
2449642.62354 0.1792
2449642.62500 0.1794
2449645.64062 0.1838
2449645.64209 0.1837
2449645.64355 0.1841
2449872.95264 0.1843
2449872.95508 0.1841
2449872.95752 0.1862
