43630.80000 0.1509
43665.80000 0.1388
43675.80000 0.1569
43749.80000 0.1511
43750.80000 0.1451
45165.74500 0.1659
45165.74695 0.1631
45165.75000 0.1615
48799.90625 0.1527
48799.90820 0.1506
48799.90967 0.1486
48813.88574 0.1438
48813.88721 0.1500
48813.88867 0.1538
48820.86621 0.1509
48820.86768 0.1516
48820.86914 0.1506
48827.81592 0.1526
48827.81787 0.1484
48827.81934 0.1542
48835.80371 0.1450
48835.80615 0.1463
48835.80811 0.1427
48840.80615 0.1414
48840.80811 0.1460
48840.81006 0.1474
48843.80762 0.1427
48843.80908 0.1542
48843.81104 0.1440
48847.80859 0.1450
48847.81006 0.1461
48847.81201 0.1512
48850.81055 0.1467
48850.81201 0.1475
48850.81348 0.1524
48854.76318 0.1431
48854.76465 0.1514
48854.76660 0.1530
48857.76465 0.1486
48857.76611 0.1480
48857.76758 0.1465
48861.76855 0.1457
48861.77100 0.1464
48861.77344 0.1411
48869.76758 0.1476
48869.77002 0.1557
48869.77197 0.1492
48872.76660 0.1448
48872.76807 0.1477
48872.77002 0.1495
48876.76025 0.1527
48876.76221 0.1502
48876.76367 0.1417
48879.73730 0.1454
48879.73926 0.1491
48879.74121 0.1516
48884.70752 0.1460
48884.70898 0.1482
48884.71045 0.1460
48887.68408 0.1451
48887.68701 0.1458
48887.68945 0.1496
48891.66992 0.1525
48891.67188 0.1448
48891.67383 0.1489
48896.65234 0.1573
48896.65479 0.1498
48896.65723 0.1491
48901.71777 0.1518
48901.71924 0.1492
48901.72119 0.1514
48904.68994 0.1441
48904.69141 0.1478
48904.69336 0.1500
48908.67480 0.1520
48908.67578 0.1497
48908.67725 0.1485
48912.64990 0.1541
48912.65234 0.1495
48912.65430 0.1485
48915.62646 0.1587
48915.62793 0.1552
48915.62939 0.1575
48933.60840 0.1502
48933.61084 0.1484
48933.61279 0.1496
49216.81738 0.1472
49216.82080 0.1415
49216.82373 0.1454
49235.72266 0.1456
49235.72803 0.1343
49235.73193 0.1433
49238.74170 0.1467
49238.74463 0.1487
49238.74756 0.1485
49242.70996 0.1444
49242.71338 0.1417
49242.71729 0.1418
49251.69971 0.1527
49251.70312 0.1456
49251.70703 0.1525
49254.67578 0.1471
49254.67920 0.1425
49254.68213 0.1412
49257.64258 0.1529
49257.64746 0.1519
49257.65283 0.1554
49260.63916 0.1487
49260.64355 0.1479
49260.64795 0.1533
49265.64893 0.1581
49265.65186 0.1535
49265.65527 0.1546
49269.63525 0.1403
49269.63867 0.1388
49269.64111 0.1423
49280.60693 0.1588
49280.60986 0.1457
49280.61230 0.1467
49283.61914 0.1541
49283.62109 0.1523
49283.62354 0.1468
49297.59033 0.1434
49297.59180 0.1456
49297.59326 0.1542
49516.91748 0.1547
49516.91846 0.1468
49516.91992 0.1543
49519.94629 0.1488
49519.94775 0.1523
49519.94922 0.1541
49522.90479 0.1466
49522.90576 0.1497
49522.90723 0.1437
49525.90430 0.1453
49525.90527 0.1431
49525.90674 0.1415
49528.89746 0.1461
49528.89990 0.1449
49528.90234 0.1424
49537.88135 0.1454
49537.88379 0.1483
49537.88574 0.1450
49540.88281 0.1513
49540.88428 0.1558
49540.88525 0.1534
49548.85645 0.1485
49548.85791 0.1395
49548.85889 0.1521
49555.84033 0.1518
49555.84180 0.1467
49555.84277 0.1567
49561.82373 0.1695
49561.82471 0.1523
49561.82617 0.1558
49572.80518 0.1521
49572.80664 0.1499
49572.80811 0.1498
49575.76855 0.1517
49575.76953 0.1544
49575.77100 0.1536
49579.73193 0.1518
49579.73340 0.1481
49579.73486 0.1533
49581.73242 0.1445
49581.73340 0.1577
49581.73486 0.1557
49585.74121 0.1476
49585.74268 0.1548
49585.74414 0.1574
49588.73828 0.1475
49588.73975 0.1458
49588.74072 0.1491
49602.72900 0.1450
49602.73047 0.1481
49602.73145 0.1473
49606.69141 0.1415
49606.69287 0.1512
49606.69434 0.1563
49610.69336 0.1468
49610.69434 0.1526
49610.69531 0.1625
49613.67725 0.1488
49613.67871 0.1463
49613.67969 0.1586
49615.64307 0.1457
49615.64453 0.1484
49615.64600 0.1438
49619.68164 0.1559
49619.68311 0.1510
49619.68457 0.1549
49636.65430 0.1410
49636.65723 0.1339
49636.65967 0.1376
49643.63281 0.1473
49643.63428 0.1467
49643.63574 0.1489
49646.63135 0.1408
49646.63330 0.1408
49646.63477 0.1448
