2439341.80000 0.3987
2439342.80000 0.4266
2439368.80000 0.4147
2439370.80000 0.3883
2439392.80000 0.3952
2439719.80000 0.3856
2439720.80000 0.3905
2439721.80000 0.3312
2439722.80000 0.3492
2439786.80000 0.3401
2439787.80000 0.3613
2439788.80000 0.3759
2439789.80000 0.3861
2439817.80000 0.3326
2439832.80000 0.3371
2439834.80000 0.3561
2439835.80000 0.3763
2440045.80000 0.3716
2440046.80000 0.3779
2440047.80000 0.3489
2440077.80000 0.3653
2440078.80000 0.3539
2440079.80000 0.3639
2440080.80000 0.3658
2440105.80000 0.3772
2440106.80000 0.3723
2440107.80000 0.3716
2440138.80000 0.3737
2440139.80000 0.3637
2440140.80000 0.3684
2440167.80000 0.3540
2440168.80000 0.3652
2440169.80000 0.3787
2440170.80000 0.3735
2440199.80000 0.3666
2440202.80000 0.3882
2440404.80000 0.3634
2440405.80000 0.3638
2440407.80000 0.3463
2440438.80000 0.3687
2440439.80000 0.3827
2440454.80000 0.3941
2440455.80000 0.3728
2440456.80000 0.3642
2440457.80000 0.3639
2440495.80000 0.3529
2440497.80000 0.3562
2440498.80000 0.3775
2440499.80000 0.3677
2440517.80000 0.3522
2440519.80000 0.3520
2440520.80000 0.3512
2440555.80000 0.3379
2440558.80000 0.3596
2440570.80000 0.3507
2440572.80000 0.3411
2440573.80000 0.3646
2440777.80000 0.3588
2440778.80000 0.3400
2440779.80000 0.3424
2440780.80000 0.3758
2440809.80000 0.3470
2440811.80000 0.3715
2440812.80000 0.3600
2440843.80000 0.3777
2440844.80000 0.3647
2440845.80000 0.3953
2440881.80000 0.3311
2440910.80000 0.3341
2440911.80000 0.3338
2440912.80000 0.3342
2440935.80000 0.3453
2441168.80000 0.3601
2441169.80000 0.3580
2441170.80000 0.3547
2441199.80000 0.3648
2441200.80000 0.3529
2441201.80000 0.3541
2441202.80000 0.3694
2441249.80000 0.3619
2441250.80000 0.3713
2441262.80000 0.3623
2441264.80000 0.3619
2441286.80000 0.3449
2441554.80000 0.3432
2441589.80000 0.3383
2441590.80000 0.3301
2441591.80000 0.3376
2441614.80000 0.3490
2441615.80000 0.3550
2441618.80000 0.3473
2441641.80000 0.3433
2441644.80000 0.3388
2441669.80000 0.3418
2441671.80000 0.3471
2441884.80000 0.3603
2441885.80000 0.3818
2441886.80000 0.3755
2441909.80000 0.3535
2441910.80000 0.3698
2441911.80000 0.3908
2441942.80000 0.3762
2441943.80000 0.3640
2441944.80000 0.3744
2441945.80000 0.3756
2441959.80000 0.3866
2441960.80000 0.3906
2441961.80000 0.3950
2442015.80000 0.4049
2442016.80000 0.4006
2442260.80000 0.3972
2442282.80000 0.3667
2442283.80000 0.3828
2442284.80000 0.3964
2442285.80000 0.3982
2442329.80000 0.3467
2442330.80000 0.3490
2442331.80000 0.3534
2442348.80000 0.3418
2442350.80000 0.3487
2442380.80000 0.3563
2442382.80000 0.3650
2442613.80000 0.3918
2442614.80000 0.3807
2442615.80000 0.3623
2442616.80000 0.3820
2442644.80000 0.3816
2442645.80000 0.3808
2442646.80000 0.3944
2442647.80000 0.3822
2442675.80000 0.3822
2442676.80000 0.3920
2442677.80000 0.3992
2442678.80000 0.4006
2442702.80000 0.3815
2442703.80000 0.3904
2442731.80000 0.3668
2442732.80000 0.3511
2442763.80000 0.3600
2442765.80000 0.3758
2442973.80000 0.3503
2442975.80000 0.3539
2443024.80000 0.3540
2443025.80000 0.3699
2443060.80000 0.3283
2443061.80000 0.3530
2443062.80000 0.3560
2443063.80000 0.3609
2443110.80000 0.3693
2443111.80000 0.3573
2443112.80000 0.3504
2443113.80000 0.3156
2443347.80000 0.3697
2443349.80000 0.3390
2443349.80000 0.3386
2443350.80000 0.3248
2443350.80000 0.3269
2443351.80000 0.3317
2443351.80000 0.3259
2443415.80000 0.3330
2443477.80000 0.3435
2443478.80000 0.3600
2443479.80000 0.3325
2443481.80000 0.3473
2443742.80000 0.3352
2443743.80000 0.3292
2443777.80000 0.3704
2443778.80000 0.3689
2443779.80000 0.3503
2443805.80000 0.3548
2443824.80000 0.3604
2443853.80000 0.3553
2444142.80000 0.3495
2444143.80000 0.3324
2444169.80000 0.3767
2444190.80000 0.3735
2444199.80000 0.3098
2444200.80000 0.3493
2444201.80000 0.3461
2444202.80000 0.3435
2444203.80000 0.3499
2444204.80000 0.3583
2444205.80000 0.3626
2444206.80000 0.3751
2444207.80000 0.3614
2444208.80000 0.3629
2444224.80000 0.3588
2444423.93100 0.3523
2444423.93301 0.3518
2444424.97000 0.3535
2444424.97299 0.3456
2444426.94800 0.3312
2444426.94901 0.3334
2444426.99200 0.3262
2444426.99301 0.3305
2444428.98901 0.3314
2444429.93799 0.3526
2444429.93900 0.3391
2444429.94000 0.3221
2444430.94699 0.3413
2444430.94800 0.3425
2444430.94901 0.3396
2444432.96100 0.3511
2444432.96201 0.3485
2444432.96201 0.3509
2444441.92801 0.3503
2444441.92899 0.3419
2444441.93100 0.3438
2444442.96100 0.3410
2444442.96201 0.3297
2444442.96399 0.3230
2444443.95901 0.3521
2444443.95999 0.3468
2444443.96201 0.3516
2444444.91901 0.3365
2444444.92001 0.3391
2444444.92099 0.3420
2444445.93799 0.3231
2444445.93900 0.3286
2444445.94101 0.3235
2444446.93100 0.3395
2444446.93201 0.3417
2444446.93399 0.3344
2444447.92899 0.3376
2444447.93301 0.3442
2444447.93500 0.3338
2444448.01199 0.3480
2444448.01199 0.3418
2444448.01300 0.3411
2444448.90701 0.3513
2444448.90799 0.3445
2444448.91000 0.3554
2444449.92801 0.3339
2444449.92899 0.3678
2444449.92999 0.3434
2444451.92599 0.3546
2444451.92700 0.3404
2444451.92801 0.3394
2444452.91800 0.3429
2444452.91901 0.3417
2444452.92099 0.3439
2444453.92499 0.3350
2444453.92599 0.3327
2444453.92700 0.3315
2444453.98801 0.3273
2444453.98901 0.3376
2444453.98999 0.3308
2444454.92401 0.3163
2444454.92499 0.3242
2444454.92599 0.3217
2444458.92599 0.3551
2444458.92700 0.3635
2444458.92801 0.3575
2444460.90601 0.3538
2444460.90701 0.3445
2444460.90799 0.3436
2444461.95801 0.3302
2444461.95999 0.3224
2444461.96100 0.3216
2444462.94601 0.3388
2444462.94699 0.3367
2444462.94800 0.3323
2444463.93399 0.3443
2444463.93500 0.3548
2444463.93600 0.3517
2444464.94101 0.3524
2444464.94199 0.3657
2444464.94299 0.3726
2444466.00800 0.3583
2444466.01001 0.3547
2444466.01199 0.3542
2444467.88199 0.3390
2444467.88300 0.3321
2444467.88501 0.3467
2444468.92001 0.3277
2444468.92099 0.3257
2444468.92200 0.3287
2444469.89099 0.3261
2444469.89301 0.3283
2444469.89401 0.3322
2444472.92300 0.3543
2444472.92401 0.3609
2444472.92499 0.3548
2444473.94199 0.3434
2444473.94299 0.3550
2444473.94501 0.3557
2444474.89600 0.3511
2444474.89700 0.3508
2444474.89801 0.3490
2444475.92200 0.3288
2444475.92300 0.3283
2444475.92401 0.3325
2444476.78601 0.3210
2444476.78799 0.3253
2444476.79001 0.3361
2444478.89001 0.3433
2444478.89099 0.3391
2444478.89200 0.3369
2444479.84100 0.3487
2444479.84201 0.3524
2444479.84299 0.3455
2444479.92599 0.3536
2444479.92700 0.3485
2444479.92801 0.3408
2444480.89301 0.3778
2444480.89401 0.3609
2444480.89499 0.3437
2444480.89600 0.3581
2444480.89700 0.3464
2444480.89801 0.3569
2444480.90100 0.3569
2444480.90201 0.3523
2444480.90302 0.3618
2444481.89200 0.3567
2444481.89301 0.3463
2444481.89401 0.3468
2444482.89700 0.3627
2444482.89801 0.3519
2444482.89899 0.3600
2444484.87900 0.3344
2444484.88000 0.3469
2444484.88101 0.3300
2444485.87201 0.3344
2444485.87299 0.3278
2444485.87399 0.3445
2444486.87701 0.3531
2444486.87799 0.3463
2444486.87799 0.3433
2444487.87399 0.3612
2444487.87601 0.3590
2444487.87701 0.3391
2444489.88400 0.3523
2444489.88501 0.3554
2444489.88599 0.3603
2444490.88000 0.3415
2444490.88199 0.3368
2444490.88300 0.3311
2444491.95901 0.3285
2444491.96100 0.3307
2444491.96201 0.3283
2444492.88300 0.3397
2444492.88501 0.3218
2444492.88599 0.3255
2444493.87500 0.3405
2444493.87701 0.3374
2444493.87799 0.3265
2444494.87100 0.3562
2444494.87201 0.3473
2444494.87299 0.3621
2444495.86301 0.3586
2444495.86401 0.3500
2444495.86499 0.3618
2444496.90500 0.3492
2444496.90701 0.3507
2444496.90900 0.3594
2444505.84500 0.3475
2444505.84601 0.3561
2444505.84698 0.3507
2444506.82199 0.3227
2444506.82300 0.3157
2444506.82501 0.3269
2444507.82999 0.3336
2444507.83099 0.3373
2444507.83200 0.3496
2444508.84900 0.3466
2444508.85001 0.3439
2444508.85101 0.3490
2444509.78601 0.3334
2444509.78699 0.3364
2444509.78900 0.3428
2444510.81900 0.3458
2444510.82001 0.3563
2444510.82199 0.3563
2444511.77499 0.3575
2444511.77701 0.3545
2444511.77899 0.3483
2444512.83698 0.3726
2444512.84003 0.3731
2444512.84302 0.3653
2444513.79401 0.3546
2444513.79498 0.3562
2444513.79602 0.3532
2444514.76898 0.3290
2444514.77002 0.3461
2444514.77197 0.3367
2444515.77002 0.3238
2444515.77100 0.3290
2444515.77301 0.3313
2444516.76300 0.3513
2444516.76501 0.3416
2444516.76599 0.3488
2444517.78900 0.3374
2444517.78998 0.3386
2444517.79199 0.3356
2444524.73297 0.3312
2444525.81897 0.3424
2444525.82098 0.3478
2444525.82202 0.3487
2444545.79999 0.3582
2444545.80200 0.3526
2444545.80298 0.3471
2444546.74500 0.3382
2444546.74597 0.3354
2444546.74799 0.3377
2444547.72699 0.3297
2444547.72900 0.3369
2444547.72998 0.3418
2444548.72601 0.3454
2444548.72699 0.3533
2444548.72803 0.3518
2444549.73199 0.3430
2444549.73401 0.3493
2444549.73602 0.3398
2444550.70203 0.3720
2444550.70398 0.3511
2444550.70502 0.3574
2444562.74298 0.3436
2444562.74500 0.3497
2444562.74597 0.3465
2444564.69897 0.3274
2444564.70099 0.3474
2444564.70300 0.3289
2444566.69397 0.3480
2444566.69598 0.3557
2444566.69702 0.3409
2444606.59998 0.3411
2444606.60199 0.3433
2444606.60303 0.3315
2444608.59998 0.3491
2444608.60199 0.3353
2444608.60400 0.3370
2444803.99103 0.3063
2444803.99298 0.3119
2444803.99500 0.3050
2444804.98700 0.3198
2444804.98901 0.3200
2444804.99103 0.3147
2444805.98499 0.3348
2444805.98798 0.3411
2444805.98999 0.3309
2444807.97803 0.3591
2444807.97900 0.3547
2444807.98102 0.3471
2444808.97998 0.3492
2444808.98102 0.3704
2444808.98297 0.3594
2444821.94397 0.3600
2444821.94501 0.3325
2444821.94702 0.3381
2444823.94598 0.3514
2444823.94800 0.3542
2444823.95001 0.3509
2444824.94800 0.3504
2444824.95001 0.3469
2444824.95203 0.3494
2444825.96997 0.3342
2444825.97198 0.3104
2444825.97400 0.3277
2444826.92603 0.3017
2444826.92798 0.3079
2444826.92999 0.3072
2444832.95801 0.3432
2444832.96002 0.3470
2444832.96198 0.3448
2444833.92200 0.3222
2444833.92297 0.3403
2444833.92499 0.3288
2444835.93201 0.3344
2444835.93402 0.3165
2444835.93500 0.3203
2444836.91803 0.3282
2444836.91998 0.3252
2444836.92102 0.3290
2444847.88800 0.3424
2444847.89001 0.3410
2444847.89099 0.3495
2444848.88000 0.3339
2444848.88202 0.3384
2444848.88397 0.3346
2444849.87701 0.2999
2444849.87903 0.3200
2444849.88000 0.3288
2444850.87097 0.3069
2444850.87201 0.3160
2444850.87402 0.3100
2444851.87402 0.3234
2444851.87598 0.3169
2444851.87701 0.3188
2444853.89697 0.3360
2444853.89899 0.3209
2444853.90002 0.3399
2444855.87903 0.3490
2444855.88000 0.3422
2444855.88098 0.3409
2444856.88702 0.3376
2444856.88898 0.3459
2444856.89001 0.3313
2444857.89899 0.3280
2444857.90100 0.3106
2444857.90302 0.3406
2444859.88300 0.3281
2444859.88501 0.3268
2444859.88599 0.3166
2444860.88702 0.3299
2444860.88800 0.3392
2444860.89001 0.3206
2444862.89398 0.3432
2444862.89502 0.3358
2444862.89697 0.3520
2444863.89899 0.3415
2444863.90002 0.3375
2444863.90198 0.3438
2444864.87201 0.3350
2444864.87402 0.3269
2444864.87598 0.3362
2444865.89301 0.3411
2444865.89502 0.3345
2444865.89801 0.3308
2444868.81799 0.3336
2444868.82001 0.3422
2444868.82098 0.3532
2444869.80298 0.3158
2444869.80499 0.3199
2444869.80701 0.3174
2444870.83899 0.3401
2444870.84100 0.3448
2444870.84198 0.3414
2444872.81299 0.3239
2444872.81500 0.3194
2444872.81598 0.3269
2444874.80298 0.3135
2444874.80499 0.3260
2444874.80701 0.3138
2444883.78699 0.3463
2444883.78900 0.3398
2444883.78998 0.3322
2444886.78400 0.3208
2444886.78497 0.3407
2444886.78699 0.3395
2444887.78003 0.3177
2444887.78198 0.3346
2444887.78400 0.3154
2444891.82098 0.3373
2444891.82300 0.3409
2444891.82397 0.3452
2444892.77899 0.3503
2444892.78101 0.3357
2444892.78400 0.3298
2444893.74902 0.3466
2444893.75098 0.3364
2444893.75299 0.3351
2444894.74902 0.3374
2444894.75098 0.3433
2444894.75299 0.3389
2444895.75098 0.3483
2444895.75403 0.3290
2444895.75598 0.3332
2444896.74500 0.3318
2444896.74701 0.3260
2444896.74799 0.3237
2444897.76398 0.3213
2444897.76703 0.3198
2444897.76898 0.3272
2444898.79199 0.3101
2444898.79401 0.3101
2444898.79602 0.3244
2444899.79102 0.3259
2444899.79303 0.3355
2444899.79401 0.3406
2444900.79700 0.3425
2444900.79797 0.3389
2444900.79999 0.3586
2444901.69800 0.3409
2444901.70001 0.3351
2444901.70203 0.3420
2444907.70599 0.3756
2444907.70898 0.3639
2444907.71198 0.3345
2444908.73999 0.3259
2444908.74402 0.3525
2444908.74701 0.3381
2444909.69897 0.3407
2444909.70203 0.3405
2444909.70502 0.3432
2444910.69800 0.3339
2444910.70001 0.3248
2444910.70203 0.3297
2444911.66901 0.2959
2444911.67102 0.2974
2444911.67297 0.3022
2444912.68597 0.3000
2444912.68903 0.3038
2444912.69000 0.3020
2444913.78101 0.3253
2444913.78400 0.3253
2444913.78802 0.3235
2444917.67297 0.3202
2444917.67603 0.3272
2444917.67798 0.3275
2444918.70099 0.3346
2444918.70300 0.3181
2444918.70398 0.3386
2444919.72198 0.3085
2444919.72400 0.3013
2444919.72601 0.3198
2444920.68903 0.3144
2444920.69000 0.3190
2444920.69202 0.3243
2445198.92505 0.3518
2445198.92700 0.3483
2445198.92798 0.3489
2445207.91602 0.3603
2445207.91797 0.3566
2445207.92004 0.3542
2445208.91699 0.3254
2445208.91895 0.3319
2445208.92102 0.3321
2445209.88403 0.3498
2445209.88599 0.3313
2445209.88904 0.3438
2445210.93103 0.3302
2445210.93201 0.3476
2445210.93396 0.3350
2445211.87805 0.3478
2445211.88000 0.3569
2445211.88098 0.3618
2445214.80798 0.3595
2445214.81006 0.3361
2445214.81201 0.3481
2445215.82703 0.3600
2445215.83105 0.3738
2445215.83301 0.3729
2445218.88904 0.3204
2445218.89099 0.3263
2445218.89294 0.3287
2445219.88306 0.3409
2445219.88501 0.3449
2445219.88599 0.3505
2445224.81897 0.3551
2445224.82104 0.3656
2445224.82300 0.3471
2445225.79700 0.3454
2445225.79895 0.3426
2445225.80200 0.3535
2445241.84094 0.3409
2445241.84302 0.3477
2445241.84497 0.3523
2445243.73499 0.4371
2445243.73804 0.3513
2445243.73999 0.3397
2445246.77002 0.3750
2445246.77197 0.3482
2445246.77405 0.3454
2445246.77600 0.3689
2445246.77795 0.3632
2445246.78601 0.3363
2445249.74402 0.3440
2445249.74695 0.3233
2445249.74902 0.3423
2445258.76404 0.3195
2445258.76599 0.3022
2445258.76794 0.3151
2445259.75696 0.3392
2445259.76001 0.3038
2445259.76196 0.3079
2445260.74304 0.3324
2445260.74500 0.3302
2445260.74805 0.3135
2445274.70203 0.3294
2445274.70398 0.3399
2445274.70496 0.3258
2445277.69202 0.3300
2445277.69397 0.3404
2445277.69604 0.3188
2445309.62805 0.3232
2445309.63000 0.3253
2445309.63098 0.3246
2445542.97700 0.3515
2445542.97800 0.3312
2445542.97900 0.3411
2445556.96500 0.3411
2445556.96600 0.3484
2445556.96800 0.3450
2445563.97300 0.3553
2445563.97500 0.3637
2445563.97600 0.3542
2445573.94500 0.3442
2445573.94600 0.3486
2445573.94800 0.3526
2445580.93200 0.3595
2445580.93300 0.3721
2445580.93400 0.3512
2445583.92600 0.3511
2445583.92700 0.3418
2445583.92800 0.3584
2445586.79300 0.3650
2445586.79400 0.3759
2445586.79600 0.3830
2445589.82800 0.3520
2445589.82900 0.3474
2445589.83000 0.3406
2445595.79600 0.3403
2445595.79700 0.3744
2445595.79800 0.3628
2445625.79300 0.3519
2445625.79500 0.3580
2445625.79600 0.3551
2445629.67300 0.3595
2445629.67300 0.3814
2445629.67400 0.3643
2445629.67500 0.3523
2445629.67600 0.3616
2445629.67600 0.3491
2445629.67700 0.3516
2445629.67800 0.3553
2445629.67900 0.3601
2445629.67900 0.3389
2445629.68000 0.3647
2445629.68100 0.3511
2445629.68200 0.3607
2445629.68200 0.3753
2445629.68300 0.3871
2445629.68400 0.3487
2445629.68500 0.3658
2445629.68600 0.3627
2445629.68600 0.3658
2445629.68700 0.3479
2445629.68800 0.3433
2445629.68900 0.3438
2445629.68900 0.3691
2445629.69000 0.3747
2445629.69100 0.3444
2445629.69200 0.3750
2445629.69200 0.3579
2445629.69300 0.3549
2445629.69400 0.3631
2445629.69500 0.3767
2445629.69500 0.3509
2445629.69600 0.3381
2445629.69700 0.3587
2445629.69800 0.3629
2445629.69800 0.3674
2445629.69900 0.3587
2445629.70000 0.3495
2445629.70100 0.3699
2445629.70200 0.3560
2445629.70200 0.3634
2445629.70300 0.3668
2445629.70400 0.3556
2445629.70500 0.3444
2445629.70500 0.3637
2445629.70600 0.3462
2445629.70700 0.3487
2445629.70800 0.3527
2445629.70800 0.3721
2445629.70900 0.3554
2445629.71000 0.3649
2445629.71100 0.3464
2445629.71200 0.3532
2445629.71300 0.3575
2445629.71400 0.3460
2445629.71400 0.3725
2445629.71500 0.3663
2445629.71600 0.3553
2445629.71700 0.3515
2445629.71800 0.3599
2445629.71800 0.3538
2445629.71900 0.3491
2445629.72000 0.3716
2445629.72100 0.3527
2445629.72100 0.3583
2445629.72200 0.3588
2445629.72300 0.3579
2445629.72400 0.3588
2445629.72400 0.3579
2445629.72500 0.3594
2445629.72600 0.3441
2445634.71400 0.2991
2445634.71700 0.2976
2445634.71900 0.3009
2445660.75200 0.3558
2445660.75600 0.3522
2445660.76100 0.3537
2445666.65600 0.3718
2445666.65900 0.3481
2445666.66200 0.3526
2445687.62800 0.3338
2445687.63000 0.3323
2445687.63300 0.3250
2445705.59700 0.3399
2445705.60100 0.3300
2445705.60400 0.3401
2445707.61600 0.3217
2445707.61900 0.3245
2445707.62200 0.3337
2445709.59600 0.3120
2445709.59800 0.3182
2445709.60100 0.3067
2445714.62600 0.3417
2445714.62900 0.3364
2445714.63200 0.3332
2445717.62300 0.3277
2445717.62500 0.3317
2445717.62700 0.3146
2445725.60700 0.3237
2445725.60900 0.3198
2445725.61000 0.3210
2445905.97217 0.3092
2445905.97314 0.3274
2445905.97375 0.4151
2445906.97229 0.3686
2445906.97290 0.3771
2445906.97375 0.3661
2445907.94678 0.3649
2445907.94751 0.3687
2445907.94812 0.3731
2445912.98706 0.5045
2445912.98828 0.3401
2445912.98926 0.3362
2445928.94568 0.3196
2445928.94653 0.3349
2445928.94763 0.3462
2445929.97974 0.3420
2445929.98047 0.3268
2445929.98108 0.3439
2445935.92639 0.3248
2445935.92712 0.3505
2445935.92786 0.3442
2445936.92200 0.3759
2445936.92285 0.3585
2445936.92371 0.3642
2445937.89148 0.3717
2445937.89221 0.3630
2445937.89282 0.3705
2445939.95764 0.3397
2445939.95862 0.3217
2445939.95947 0.3357
2445941.90833 0.3312
2445941.90930 0.3316
2445941.91028 0.3266
2445942.93945 0.3627
2445942.94080 0.3384
2445942.94226 0.3163
2445943.92810 0.3208
2445943.92908 0.3361
2445943.93030 0.3348
2445944.94482 0.3091
2445944.94653 0.3191
2445944.94812 0.3181
2445947.94568 0.3665
2445947.94653 0.3487
2445947.94727 0.3671
2445948.94690 0.3404
2445948.94763 0.3277
2445948.94836 0.3330
2445949.97095 0.3368
2445949.97253 0.3352
2445949.97412 0.3405
2445950.93506 0.3349
2445950.93628 0.3429
2445950.93774 0.3429
2445951.90405 0.3303
2445951.90576 0.3422
2445951.90796 0.3392
2445959.88330 0.3117
2445959.88525 0.3078
2445959.88745 0.2995
2445961.90833 0.3657
2445961.90991 0.3477
2445961.91150 0.3445
2445965.91272 0.3503
2445965.91455 0.3486
2445965.91626 0.3573
2445970.80396 0.3433
2445970.80518 0.3508
2445970.80640 0.3491
2445972.89551 0.3277
2445972.89685 0.3281
2445972.89819 0.3059
2445976.84363 0.3463
2445976.84521 0.3456
2445976.84668 0.3532
2445983.79175 0.3648
2445983.79333 0.3427
2445983.79492 0.3347
2445984.79614 0.3243
2445984.79724 0.3307
2445984.79834 0.3373
2445987.77844 0.3454
2445987.78003 0.3290
2445987.78186 0.3303
2445995.77942 0.3313
2445995.78149 0.3188
2445995.78394 0.3298
2445996.77087 0.3312
2445996.77332 0.3322
2445996.77576 0.3354
2445997.84973 0.3596
2445997.85217 0.3649
2445997.85486 0.3531
2445998.74902 0.3388
2445998.75085 0.3391
2445998.75330 0.3463
2445999.75464 0.3400
2445999.75610 0.3384
2445999.75720 0.3633
2446000.76196 0.3459
2446000.76465 0.3449
2446000.76697 0.3501
2446001.82251 0.3189
2446001.82397 0.3299
2446001.82544 0.3378
2446002.78503 0.3257
2446002.78796 0.3116
2446002.79138 0.3104
2446003.82104 0.3272
2446003.82275 0.3355
2446003.82385 0.3502
2446006.79797 0.3296
2446006.80005 0.3322
2446006.80151 0.3585
2446007.73718 0.3583
2446007.73914 0.3493
2446007.74084 0.3580
2446009.78052 0.3131
2446009.78198 0.3336
2446009.78369 0.3128
2446010.79199 0.3287
2446010.79468 0.3377
2446010.79688 0.3409
2446016.72888 0.3495
2446016.73059 0.3504
2446016.73230 0.3515
2446019.73474 0.3133
2446019.73743 0.3210
2446019.74023 0.3180
2446020.75232 0.3353
2446020.75488 0.3310
2446020.75745 0.3311
2446023.76953 0.3464
2446023.77295 0.3435
2446023.77625 0.3355
2446024.70422 0.3361
2446024.70593 0.3434
2446024.70776 0.3287
2446027.72083 0.3225
2446027.72437 0.3195
2446027.72827 0.3221
2446031.70801 0.3296
2446031.71033 0.3398
2446031.71204 0.3419
2446041.66919 0.3264
2446041.67310 0.3549
2446041.67603 0.3411
2446049.69946 0.3307
2446049.70166 0.3376
2446049.70435 0.3200
2446056.62598 0.3262
2446056.62842 0.3270
2446056.63110 0.3145
2446057.66187 0.3361
2446057.66455 0.3375
2446057.66943 0.3355
2446065.60425 0.3451
2446065.60620 0.3368
2446065.60815 0.3252
2446069.63184 0.3509
2446069.63428 0.3568
2446069.63672 0.3468
2446283.96045 0.3122
2446283.96167 0.3104
2446283.96240 0.3406
2446285.96729 0.3298
2446285.96826 0.3211
2446285.96899 0.3333
2446286.97119 0.3311
2446286.97192 0.3279
2446286.97241 0.3331
2446288.96021 0.3167
2446288.96118 0.3152
2446288.96191 0.3277
2446291.92871 0.3191
2446291.92944 0.3125
2446291.93042 0.3070
2446293.95386 0.3395
2446293.95459 0.3403
2446293.95557 0.3381
2446294.96045 0.3289
2446294.96118 0.3319
2446294.96191 0.3331
2446297.96802 0.3350
2446297.96875 0.3392
2446297.96973 0.3367
2446299.96899 0.3335
2446299.96997 0.3165
2446299.97095 0.3177
2446301.90796 0.3559
2446301.90894 0.3476
2446301.90967 0.3420
2446303.89893 0.3011
2446303.89966 0.3052
2446303.90063 0.3060
2446310.98804 0.3080
2446310.98901 0.3201
2446310.98999 0.3132
2446321.91113 0.3173
2446321.91187 0.3326
2446321.91309 0.3165
2446322.90552 0.3439
2446322.90625 0.3461
2446322.90723 0.3317
2446328.85303 0.3331
2446328.85400 0.3382
2446328.85498 0.3265
2446329.88428 0.3287
2446329.88501 0.3419
2446329.88574 0.3184
2446329.88770 0.3230
2446331.87891 0.3522
2446331.87988 0.3527
2446331.88086 0.3430
2446334.90210 0.3251
2446334.90283 0.3140
2446334.90356 0.3257
2446338.82642 0.3439
2446338.82739 0.3386
2446338.82813 0.3386
2446339.83374 0.3489
2446339.83447 0.3386
2446339.83521 0.3460
2446341.81885 0.3270
2446341.81934 0.3353
2446341.82007 0.3311
2446357.79004 0.3256
2446357.79102 0.3209
2446357.79175 0.3229
2446361.77734 0.3430
2446361.77808 0.3359
2446361.77881 0.3424
2446362.77271 0.3197
2446362.77368 0.3282
2446362.77466 0.3299
2446365.76123 0.3280
2446365.76196 0.3182
2446365.76270 0.3209
2446367.78735 0.3286
2446367.78809 0.3288
2446367.78857 0.3294
2446368.71655 0.3034
2446368.71729 0.3182
2446368.71826 0.3104
2446370.79980 0.3442
2446370.80151 0.3330
2446370.80273 0.3317
2446371.79248 0.3315
2446371.79346 0.3230
2446371.79468 0.3247
2446374.69751 0.3185
2446374.69849 0.3123
2446374.69946 0.3106
2446375.73560 0.3285
2446375.73657 0.3152
2446375.73730 0.3250
2446376.73218 0.3377
2446376.73291 0.3330
2446376.73364 0.3258
2446383.74097 0.3210
2446383.74268 0.3285
2446383.74463 0.3157
2446384.74463 0.3379
2446384.74561 0.3407
2446384.74634 0.3364
2446387.72485 0.3262
2446387.72607 0.3293
2446387.72803 0.3200
2446389.66455 0.3114
2446389.66553 0.3220
2446389.66675 0.3094
2446391.72241 0.3221
2446391.72339 0.3277
2446391.72461 0.3163
2446392.67432 0.3449
2446392.67554 0.3371
2446392.67651 0.3391
2446406.72241 0.3153
2446406.72339 0.3203
2446406.72437 0.3229
2446407.65698 0.3331
2446407.65845 0.3298
2446407.65967 0.3315
2446411.66504 0.3135
2446411.66626 0.3046
2446411.66772 0.3074
2446417.63477 0.3381
2446417.63647 0.3277
2446417.63794 0.3254
2446419.67212 0.3214
2446419.67285 0.3126
2446419.67383 0.3033
2446420.68481 0.3055
2446420.68579 0.3320
2446420.68677 0.3164
2446421.67456 0.3274
2446421.67554 0.3155
2446421.67651 0.3143
2446427.69556 0.3168
2446427.69678 0.3126
2446427.69775 0.3149
2446654.98584 0.3369
2446654.98706 0.3263
2446654.98853 0.3385
2446655.99341 0.3146
2446655.99536 0.3128
2446655.99756 0.3108
2446657.99243 0.3371
2446657.99365 0.3354
2446657.99487 0.3260
2446659.96216 0.3348
2446659.96362 0.3409
2446659.96484 0.3405
2446661.99658 0.3465
2446661.99902 0.3360
2446662.00073 0.3384
2446662.96973 0.3376
2446662.97168 0.3203
2446662.97339 0.3236
2446664.95532 0.3222
2446664.95654 0.3042
2446664.95801 0.3205
2446666.94702 0.3098
2446666.94946 0.3261
2446666.95190 0.3057
2446670.89551 0.3399
2446670.89771 0.3194
2446670.89941 0.3344
2446671.90967 0.3440
2446671.91113 0.3330
2446671.91260 0.3560
2446673.87305 0.3090
2446673.87476 0.3157
2446673.87646 0.3148
2446676.91650 0.3531
2446676.91797 0.3306
2446676.91943 0.3447
2446678.90210 0.3303
2446678.90356 0.3385
2446678.90527 0.3229
2446679.90942 0.3399
2446679.91113 0.3339
2446679.91309 0.3423
2446681.92700 0.3187
2446681.92920 0.3062
2446681.93091 0.3322
2446682.92627 0.3136
2446682.92871 0.3341
2446682.93140 0.3212
2446683.90698 0.3334
2446683.90967 0.3371
2446683.91235 0.3320
2446684.87451 0.3423
2446684.87769 0.3444
2446684.87988 0.3281
2446685.81494 0.3438
2446685.81885 0.3614
2446685.82080 0.3365
2446686.87671 0.3286
2446686.87891 0.3395
2446686.88135 0.3306
2446687.89941 0.3296
2446687.90088 0.3407
2446687.90259 0.3281
2446688.90747 0.3104
2446688.90918 0.3223
2446688.91089 0.3125
2446689.89404 0.3293
2446689.89575 0.3297
2446689.89771 0.3256
2446690.88257 0.3374
2446690.88403 0.3261
2446690.88550 0.3321
2446691.87817 0.3520
2446691.88379 0.3554
2446691.88770 0.3498
2446691.90356 0.3393
2446691.90527 0.3428
2446691.90698 0.3546
2446692.81152 0.3367
2446692.81470 0.3307
2446692.81836 0.3250
2446695.86890 0.3280
2446695.87109 0.3323
2446695.87305 0.3282
2446707.79199 0.3326
2446707.79517 0.3364
2446707.79834 0.3497
2446708.80176 0.3458
2446708.80444 0.3332
2446708.80737 0.3253
2446711.87842 0.3340
2446711.88037 0.3308
2446711.88257 0.3238
2446715.79639 0.3680
2446715.79932 0.3678
2446715.80249 0.3559
2446716.75391 0.3408
2446716.75659 0.3449
2446716.75928 0.3336
2446720.76636 0.3275
2446720.76953 0.3382
2446720.77271 0.3276
2446722.76855 0.3368
2446722.77148 0.3632
2446722.77441 0.3421
2446723.74438 0.3533
2446723.74609 0.3499
2446723.74805 0.3449
2446726.81372 0.3099
2446726.81616 0.3155
2446726.81909 0.2884
2446727.75757 0.3543
2446727.75928 0.3436
2446727.76099 0.3276
2446731.76880 0.3390
2446731.77124 0.3471
2446731.77344 0.3219
2446733.76172 0.3246
2446733.76367 0.3177
2446733.76611 0.3246
2446736.72705 0.3430
2446736.72974 0.3478
2446736.73218 0.3380
2446738.74634 0.3283
2446738.74854 0.3299
2446738.75122 0.3311
2446739.74243 0.3589
2446739.74536 0.3355
2446739.74805 0.3364
2446743.74268 0.3385
2446743.74512 0.3388
2446743.74731 0.3315
2446747.73315 0.3307
2446747.73462 0.3521
2446747.73633 0.3299
2446748.72144 0.3285
2446748.72339 0.3242
2446748.72534 0.3316
2446750.70313 0.3431
2446750.70581 0.3338
2446750.70874 0.3305
2446755.71191 0.3521
2446755.71411 0.3414
2446755.71655 0.3426
2446759.67041 0.3348
2446759.67261 0.3299
2446759.67480 0.3290
2446768.66748 0.3265
2446768.66943 0.3217
2446768.67139 0.3273
2446775.69165 0.3484
2446775.69482 0.3306
2446775.69775 0.3264
2446777.64209 0.3408
2446777.64404 0.3635
2446777.64648 0.3509
2446779.64307 0.3276
2446779.64502 0.3182
2446779.64722 0.3307
2446806.60474 0.3297
2446806.60767 0.3266
2446806.61182 0.3344
2446808.60278 0.3309
2446808.60596 0.3527
2446808.60889 0.3254
2447027.91309 0.3029
2447027.91455 0.2774
2447027.91553 0.3000
2447033.00073 0.3266
2447033.00171 0.3244
2447033.00269 0.3152
2447036.97656 0.3198
2447036.97778 0.3153
2447036.97876 0.3103
2447038.89673 0.3222
2447038.89746 0.3246
2447038.89819 0.3237
2447042.90942 0.3180
2447042.91040 0.3191
2447042.91138 0.3232
2447043.91626 0.3242
2447043.91699 0.3156
2447043.91797 0.3170
2447045.91089 0.3128
2447045.91187 0.3157
2447045.91284 0.3146
2447048.90991 0.3178
2447048.91089 0.3218
2447048.91187 0.3152
2447049.89258 0.3286
2447049.89380 0.3355
2447049.89478 0.3270
2447053.86865 0.3350
2447053.86938 0.3206
2447053.87036 0.3299
2447055.89307 0.3157
2447055.89404 0.3117
2447055.89502 0.3058
2447056.83154 0.3319
2447056.83252 0.3266
2447056.83350 0.3274
2447058.91870 0.3249
2447058.91968 0.3341
2447058.92090 0.3278
2447063.91772 0.3052
2447063.91846 0.3106
2447063.91943 0.3140
2447064.85059 0.2843
2447064.85181 0.2845
2447064.85327 0.2844
2447066.89673 0.3190
2447066.89746 0.3197
2447066.89819 0.3085
2447069.86255 0.3170
2447069.86328 0.3323
2447069.86401 0.3191
2447070.82422 0.3202
2447070.82520 0.3100
2447070.82617 0.3215
2447071.77368 0.3206
2447071.77466 0.3151
2447071.77588 0.3273
2447072.87158 0.3220
2447072.87231 0.3228
2447072.87280 0.3121
2447073.81689 0.3329
2447073.81787 0.3293
2447073.81860 0.3384
2447074.81250 0.3199
2447074.81323 0.3355
2447074.81421 0.3410
2447075.79761 0.3281
2447075.79858 0.3254
2447075.79956 0.3297
2447076.77368 0.3376
2447076.77466 0.3444
2447076.77539 0.3380
2447077.80688 0.3259
2447077.80786 0.3298
2447077.80859 0.3178
2447078.80225 0.3121
2447078.80322 0.3099
2447078.80420 0.3132
2447079.80151 0.3251
2447079.80249 0.3229
2447079.80322 0.3225
2447082.79297 0.3541
2447082.79395 0.3630
2447082.79492 0.3464
2447083.80151 0.3291
2447083.80249 0.3331
2447083.80371 0.3193
2447084.81323 0.3385
2447084.81396 0.3273
2447084.81494 0.3190
2447085.78589 0.3158
2447085.78687 0.3231
2447085.78760 0.3279
2447086.79395 0.3150
2447086.79468 0.3194
2447086.79565 0.3186
2447087.79126 0.3313
2447087.79224 0.3304
2447087.79321 0.3084
2447088.85620 0.3158
2447088.85767 0.3038
2447088.85913 0.3058
2447089.76367 0.3049
2447089.76465 0.3103
2447089.76538 0.3139
2447107.75757 0.3128
2447107.75854 0.3086
2447107.75928 0.3231
2447108.71729 0.3033
2447108.71826 0.2921
2447108.71924 0.2866
2447110.78662 0.2990
2447110.78784 0.3023
2447110.78906 0.2992
2447115.73535 0.3100
2447115.73901 0.3157
2447115.74487 0.3260
2447118.72412 0.3261
2447118.72510 0.3236
2447118.72607 0.3098
2447121.71338 0.3332
2447121.71436 0.3431
2447121.71509 0.3407
2447122.70557 0.3210
2447122.70630 0.3243
2447122.70728 0.3279
2447123.71680 0.3059
2447123.71777 0.3160
2447123.71875 0.3106
2447124.71802 0.3009
2447124.71899 0.3071
2447124.71973 0.3107
2447125.70410 0.2861
2447125.70679 0.3008
2447125.70996 0.2964
2447129.73755 0.3219
2447129.73877 0.3184
2447129.73975 0.3228
2447131.71826 0.3191
2447131.71997 0.3082
2447131.72144 0.3075
2447140.68066 0.3071
2447140.68140 0.3036
2447140.68237 0.3033
2447151.62109 0.3478
2447151.62231 0.3537
2447151.62354 0.3499
2447167.60474 0.3192
2447167.60571 0.3177
2447167.60693 0.3031
2447172.60205 0.3040
2447172.60327 0.3026
2447172.60449 0.2977
2447181.60547 0.3179
2447181.60645 0.3244
2447181.60767 0.3319
2447183.59814 0.3457
2447183.59937 0.3227
2447183.60034 0.3354
2447388.94653 0.3197
2447388.94751 0.3101
2447388.94873 0.3222
2447390.96948 0.3203
2447390.97070 0.3094
2447390.97217 0.3248
2447393.98853 0.2967
2447393.98950 0.3070
2447393.99072 0.2979
2447395.96069 0.3079
2447395.96167 0.2923
2447395.96265 0.3012
2447396.96631 0.2964
2447402.95654 0.3017
2447402.95776 0.2875
2447402.95874 0.3025
2447403.93945 0.3132
2447403.94067 0.3093
2447403.94189 0.3026
2447405.92871 0.3131
2447405.93018 0.3229
2447405.93164 0.3194
2447411.88647 0.3081
2447411.88794 0.3084
2447411.88989 0.3140
2447411.89160 0.2969
2447411.89355 0.3042
2447412.89673 0.2887
2447412.89917 0.2988
2447412.90063 0.3083
2447412.90308 0.2970
2447412.90479 0.3084
2447412.90674 0.3033
2447413.83594 0.3104
2447413.83716 0.3365
2447413.83862 0.3113
2447413.83984 0.3111
2447413.84106 0.3085
2447416.89404 0.2839
2447416.89648 0.2835
2447416.89844 0.2806
2447419.90112 0.3032
2447419.90234 0.2957
2447419.90356 0.3107
2447420.87207 0.3225
2447420.87329 0.3087
2447420.87451 0.3104
2447426.84375 0.2977
2447426.84570 0.3040
2447426.84766 0.3016
2447431.86719 0.3114
2447431.86841 0.3192
2447431.86963 0.3195
2447433.87256 0.2875
2447433.87402 0.2954
2447433.87549 0.2870
2447435.86255 0.3061
2447435.86401 0.3152
2447435.86548 0.3045
2447437.89551 0.3142
2447437.89673 0.2848
2447437.89746 0.3071
2447446.76880 0.3044
2447446.77026 0.2921
2447446.77173 0.3087
2447449.75586 0.2967
2447449.75708 0.2792
2447449.75830 0.2742
2447453.86060 0.3054
2447453.86206 0.2961
2447453.86353 0.2949
2447454.80737 0.3194
2447454.80859 0.3051
2447454.81006 0.2986
2447455.76807 0.3110
2447455.76904 0.3263
2447455.77026 0.3092
2447456.80542 0.2948
2447456.80640 0.2994
2447456.80737 0.2986
2447457.71802 0.2964
2447457.71924 0.2715
2447457.72021 0.2954
2447458.75806 0.2895
2447458.75928 0.3034
2447458.76074 0.3026
2447459.74292 0.2848
2447459.74438 0.2828
2447459.74561 0.2970
2447460.75806 0.3112
2447460.75952 0.3144
2447460.76099 0.2957
2447461.77295 0.3090
2447461.77417 0.2996
2447461.77539 0.2920
2447462.76196 0.3081
2447462.76294 0.3185
2447462.76440 0.3041
2447464.77344 0.3015
2447464.77490 0.3015
2447464.77637 0.3016
2447465.80054 0.2850
2447465.80200 0.2861
2447465.80347 0.2880
2447467.77539 0.2974
2447467.77710 0.3077
2447467.77905 0.2946
2447469.70361 0.2944
2447469.70508 0.2958
2447469.70654 0.2967
2447471.72363 0.2975
2447471.72510 0.2991
2447471.72607 0.3068
2447472.70776 0.2937
2447472.71094 0.2735
2447472.71387 0.2905
2447477.70483 0.3002
2447477.70703 0.2964
2447477.70898 0.2993
2447478.66064 0.3065
2447478.66187 0.3099
2447478.66309 0.2896
2447481.69507 0.2998
2447481.69629 0.3048
2447481.69727 0.2965
2447482.67676 0.2860
2447482.67871 0.2819
2447482.68091 0.2926
2447485.72974 0.3134
2447485.73145 0.3011
2447485.73315 0.3016
2447492.66406 0.3098
2447492.66528 0.2979
2447492.66675 0.2936
2447495.65723 0.2979
2447495.65869 0.2945
2447495.65991 0.2957
2447499.67871 0.3016
2447499.67993 0.2999
2447499.68115 0.2925
2447501.64087 0.3077
2447501.64282 0.3148
2447501.64502 0.3048
2447507.63843 0.2987
2447507.64087 0.2952
2447507.64331 0.2938
2447508.60425 0.3014
2447508.60547 0.3296
2447508.60645 0.3098
2447510.65430 0.3040
2447510.65674 0.3072
2447510.65991 0.3121
2447522.59521 0.3214
2447522.59814 0.3229
2447522.60083 0.3084
2447526.59082 0.2974
2447526.59180 0.3058
2447526.59302 0.2923
2447541.59448 0.2843
2447541.59839 0.2903
2447541.60303 0.2897
2447766.91626 0.3425
2447766.91699 0.3337
2447766.91772 0.3329
2447771.90259 0.3535
2447771.90356 0.3468
2447771.90479 0.3539
2447777.89795 0.3259
2447777.89893 0.3213
2447777.90015 0.3321
2447779.92017 0.3320
2447779.92139 0.3313
2447779.92285 0.3233
2447782.91235 0.3373
2447782.91382 0.3274
2447782.91528 0.3313
2447789.88867 0.3575
2447789.88965 0.3541
2447789.89063 0.3596
2447804.82324 0.3334
2447804.82422 0.3498
2447804.82520 0.3382
2447809.82764 0.3132
2447809.82886 0.3079
2447809.82983 0.3235
2447818.75000 0.3409
2447818.75146 0.3384
2447818.75293 0.3384
2447826.82104 0.3442
2447826.82202 0.3406
2447826.82495 0.3499
2447827.75073 0.3713
2447827.75195 0.3708
2447827.75317 0.3667
2447831.75439 0.3141
2447831.75757 0.3113
2447831.75854 0.3122
2447832.74365 0.3203
2447832.74463 0.3240
2447832.74585 0.3133
2447833.74170 0.3237
2447833.74341 0.3224
2447833.74463 0.3237
2447834.73340 0.3512
2447834.73438 0.3425
2447834.73560 0.3474
2447835.74072 0.3643
2447835.74194 0.3699
2447835.74292 0.3753
2447839.74268 0.3159
2447839.74390 0.3238
2447839.74487 0.3181
2447842.73999 0.3590
2447842.74146 0.3448
2447842.74292 0.3545
2447847.69775 0.3292
2447847.69897 0.3203
2447847.70044 0.3150
2447850.70361 0.3479
2447850.70483 0.3457
2447850.70630 0.3426
2447862.65039 0.3040
2447862.65186 0.3093
2447862.65332 0.3024
2447866.66187 0.3664
2447866.66333 0.3522
2447866.66479 0.3533
2447869.66309 0.3294
2447869.66431 0.3293
2447869.66553 0.3310
2447873.66089 0.3507
2447873.66187 0.3493
2447873.66284 0.3340
2447878.66846 0.3147
2447878.66992 0.3203
2447878.67139 0.3186
2448108.97754 0.3266
2448108.97900 0.3123
2448108.97998 0.3221
2448122.91699 0.3354
2448122.91846 0.3299
2448122.91992 0.3178
2448128.94775 0.3465
2448128.94922 0.3374
2448128.95117 0.3403
2448132.94287 0.3009
2448132.94434 0.3127
2448132.94629 0.3048
2448134.93115 0.3295
2448134.93262 0.3218
2448134.93408 0.3301
2448136.93457 0.3551
2448136.93604 0.3595
2448136.93701 0.3642
2448145.87207 0.3449
2448145.87354 0.3368
2448145.87451 0.3325
2448150.86865 0.3430
2448150.87012 0.3330
2448150.87158 0.3515
2448152.87695 0.3524
2448152.87842 0.3460
2448152.87988 0.3526
2448154.87793 0.3092
2448154.87988 0.3198
2448154.88135 0.3173
2448161.86475 0.3407
2448161.86670 0.3331
2448161.86816 0.3373
2448167.78955 0.3487
2448167.79102 0.3424
2448167.79297 0.3335
2448186.71973 0.3185
2448186.72119 0.3160
2448186.72266 0.3283
2448191.74902 0.3343
2448191.75098 0.3398
2448191.75244 0.3393
2448194.79053 0.3229
2448194.79199 0.3223
2448194.79346 0.3285
2448213.69678 0.3376
2448213.69824 0.3378
2448213.69971 0.3412
2448217.70459 0.3562
2448217.70605 0.3383
2448217.70752 0.3474
2448220.68555 0.3606
2448220.68701 0.3674
2448220.68896 0.3398
2448226.66602 0.3389
2448226.66748 0.3425
2448226.66895 0.3565
2448235.67529 0.3478
2448235.67676 0.3352
2448235.67773 0.3569
2448235.67920 0.3579
2448235.68018 0.3493
2448235.68164 0.3373
2448240.66211 0.3379
2448240.66357 0.3379
2448240.66553 0.3369
2448242.62598 0.3452
2448242.62793 0.3435
2448242.62988 0.3386
2448243.61816 0.3488
2448243.62012 0.3531
2448243.62207 0.3489
2448244.61963 0.3651
2448244.62158 0.3612
2448244.62354 0.3617
2448489.96582 0.3693
2448489.96826 0.3587
2448489.97070 0.3574
2448492.94336 0.3580
2448492.94580 0.3605
2448492.94775 0.3642
2448500.92383 0.3630
2448500.92578 0.3579
2448500.92773 0.3596
2448551.73926 0.3801
2448551.74121 0.3738
2448551.74316 0.3752
2448597.64746 0.3733
2448597.64844 0.3582
2448597.64941 0.3579
2448617.61963 0.3693
2448617.62109 0.3659
2448617.62256 0.3797
2448637.60645 0.3726
2448637.61133 0.3479
2448637.62158 0.3649
2448638.59521 0.3269
2448638.59863 0.3302
2448638.60107 0.3484
2448639.61230 0.3665
2448639.61523 0.3752
2448639.61768 0.3522
2448641.59180 0.3900
2448641.59473 0.3830
2448641.59717 0.3820
2448643.59814 0.3590
2448643.60205 0.3698
2448643.60498 0.3784
2448644.59033 0.3607
2448644.59180 0.3494
2448644.59424 0.3450
2448645.58691 0.3716
2448645.58936 0.3600
2448645.59180 0.3825
2448646.59814 0.3750
2448646.60059 0.3792
2448646.60352 0.3773
2448649.59668 0.3730
2448649.59863 0.3578
2448649.60107 0.3459
2448869.91260 0.3649
2448869.91455 0.3688
2448869.91650 0.3664
2448871.90283 0.3793
2448871.90430 0.3797
2448871.90576 0.3676
2448873.81787 0.3651
2448873.81885 0.3522
2448873.82031 0.3772
2448875.84180 0.3783
2448875.84277 0.3601
2448875.84424 0.3699
2448876.87939 0.3686
2448876.88086 0.3716
2448876.88232 0.3683
2448879.89160 0.3885
2448879.89307 0.3693
2448879.89453 0.3628
2448881.85107 0.3494
2448881.85254 0.3490
2448881.85352 0.3594
2448884.87012 0.3764
2448884.87256 0.3796
2448884.87402 0.3872
2448886.85059 0.3935
2448886.85205 0.3884
2448886.85400 0.3917
2448888.83008 0.3801
2448888.83154 0.3726
2448888.83350 0.3601
2448890.84473 0.3501
2448890.84619 0.3417
2448890.84766 0.3492
2448892.86426 0.3847
2448892.86572 0.3759
2448892.86719 0.3842
2448895.87646 0.3841
2448895.87793 0.3790
2448895.87891 0.3727
2448897.81396 0.3799
2448897.81543 0.3667
2448897.81689 0.3705
2448900.78955 0.3903
2448900.79102 0.3848
2448900.79297 0.3797
2448902.83594 0.3746
2448902.83740 0.3810
2448902.83887 0.3622
2448903.80273 0.3664
2448903.80371 0.3695
2448903.80518 0.3795
2448905.81445 0.3549
2448905.81543 0.3604
2448905.81689 0.3633
2448908.82275 0.3585
2448908.82422 0.3591
2448908.82568 0.3628
2448910.81934 0.3729
2448910.82080 0.3671
2448910.82227 0.3704
2448912.80176 0.3581
2448912.80322 0.3523
2448912.80469 0.3503
2448915.81152 0.3634
2448915.81348 0.3746
2448915.81494 0.3703
2448918.78125 0.3788
2448918.78271 0.3712
2448918.78418 0.3720
2448927.76611 0.3695
2448927.76807 0.3622
2448927.76953 0.3622
2448933.72949 0.3864
2448933.73096 0.3848
2448933.73242 0.3854
2448934.77832 0.3415
2448934.77979 0.3455
2448934.78076 0.3550
2448938.74170 0.3549
2448938.74316 0.3557
2448938.74414 0.3550
2448939.72119 0.3725
2448939.72266 0.3563
2448939.72412 0.3832
2448941.70654 0.1529
2448941.70850 0.1550
2448941.71045 0.1554
2448941.71582 0.3823
2448941.71777 0.3824
2448941.71924 0.3859
2448945.71973 0.3300
2448945.72119 0.3445
2448945.72314 0.3236
2448948.71973 0.3469
2448948.72119 0.3651
2448948.72266 0.3453
2448952.69189 0.3577
2448952.69385 0.3524
2448952.69629 0.3637
2448957.65576 0.3755
2448957.65723 0.3751
2448957.65869 0.3885
2448967.68115 0.3494
2448967.68262 0.3407
2448967.68359 0.3464
2448973.66846 0.3517
2448973.67041 0.3524
2448973.67188 0.3492
2448976.66846 0.3310
2448976.66992 0.3240
2448976.67139 0.3176
2448979.65869 0.3530
2448979.66016 0.3570
2448979.66162 0.3533
2448980.64111 0.3687
2448980.64307 0.3703
2448980.64453 0.3691
2448988.63184 0.3808
2448988.63428 0.3784
2448988.63721 0.3767
2449227.95020 0.3358
2449227.95264 0.3401
2449227.95508 0.3310
2449230.93408 0.3261
2449230.93701 0.3487
2449230.93994 0.3323
2449234.93018 0.3423
2449234.93262 0.3403
2449234.93555 0.3442
2449236.91113 0.3153
2449250.85693 0.3500
2449250.85889 0.3459
2449250.86133 0.3376
2449254.89453 0.3476
2449254.89697 0.3563
2449254.89941 0.3446
2449256.87695 0.3783
2449256.87939 0.3589
2449256.88184 0.3589
2449258.88037 0.3314
2449258.88232 0.3452
2449258.88428 0.3276
2449262.85156 0.3621
2449262.85303 0.3687
2449262.85498 0.3463
2449265.82275 0.3397
2449265.82520 0.3276
2449265.82715 0.3433
2449266.84424 0.3235
2449266.84668 0.3225
2449266.84912 0.3224
2449268.82568 0.3220
2449268.82812 0.3199
2449268.83008 0.3307
2449270.83350 0.3769
2449270.83643 0.3798
2449270.83887 0.3780
2449273.79395 0.3305
2449273.79590 0.3343
2449273.79785 0.3288
2449279.80762 0.4350
2449279.81006 0.4088
2449279.81299 0.4209
2449283.78857 0.3324
2449283.79004 0.3346
2449283.79199 0.3276
2449284.78418 0.3320
2449284.78564 0.3111
2449284.78711 0.3220
2449293.75830 0.3772
2449293.76025 0.3843
2449293.76221 0.3705
2449296.76465 0.3457
2449296.76660 0.3409
2449296.76807 0.3578
2449297.76709 0.3364
2449297.76807 0.3295
2449297.77002 0.3252
2449300.71436 0.3433
2449300.71582 0.3417
2449300.71777 0.3396
2449307.68213 0.3246
2449307.68359 0.3133
2449307.68506 0.3177
2449309.67920 0.3581
2449309.68066 0.3782
2449309.68213 0.3628
2449310.66797 0.3795
2449310.66943 0.3812
2449310.67041 0.3590
2449318.65381 0.3946
2449318.65576 0.3960
2449318.65820 0.3870
2449324.66211 0.3321
2449324.66309 0.3594
2449324.66406 0.3386
2449325.63281 0.3763
2449325.63379 0.3588
2449325.63428 0.3641
2449327.62793 0.3600
2449327.62939 0.3537
2449327.63135 0.3572
2449329.63721 0.3217
2449329.63867 0.3207
2449329.64014 0.3260
2449331.63574 0.3289
2449331.63721 0.3363
2449331.63867 0.3325
2449332.63281 0.3555
2449332.63428 0.3483
2449332.63574 0.3453
2449344.61182 0.2807
2449344.61377 0.2899
2449344.61572 0.2773
2449581.90332 0.3413
2449581.90430 0.3619
2449581.90576 0.3591
2449582.87402 0.3369
2449582.87500 0.3261
2449582.87598 0.3437
2449583.90137 0.3363
2449583.90234 0.3127
2449583.90381 0.3099
2449584.89600 0.3244
2449584.89697 0.3473
2449584.89795 0.3499
2449586.90381 0.3721
2449586.90576 0.3633
2449586.90820 0.3683
2449588.89648 0.3698
2449588.89746 0.3457
2449588.89844 0.3384
2449589.89551 0.3590
2449589.89648 0.3620
2449589.89795 0.3486
2449598.89990 0.3347
2449598.90088 0.3349
2449598.90186 0.3399
2449599.87695 0.3313
2449599.87842 0.3153
2449599.87939 0.3242
2449601.89258 0.3337
2449601.89404 0.3252
2449601.89502 0.3218
2449603.86279 0.3536
2449603.86377 0.3510
2449603.86523 0.3647
2449606.88574 0.3344
2449606.88721 0.3397
2449606.88867 0.3256
2449609.88672 0.3778
2449609.88770 0.3654
2449609.88916 0.3698
2449610.84326 0.3553
2449610.84424 0.3626
2449610.84570 0.3557
2449614.85400 0.3258
2449614.85547 0.3384
2449614.85645 0.3146
2449615.78711 0.3328
2449615.78809 0.3436
2449615.78955 0.3374
2449617.78271 0.3695
2449617.78369 0.3535
2449617.78467 0.3639
2449620.84326 0.3588
2449620.84473 0.3413
2449620.84668 0.3596
2449621.79004 0.3415
2449621.79150 0.3307
2449621.79248 0.3307
2449625.80225 0.3675
2449625.80322 0.3524
2449625.80469 0.3685
2449626.76221 0.3694
2449626.76318 0.3696
2449626.76465 0.3843
2449628.82227 0.3535
2449628.82422 0.3577
2449628.82666 0.3545
2449632.81104 0.3516
2449632.81201 0.3538
2449632.81299 0.3626
2449633.80664 0.3518
2449633.80811 0.3366
2449633.80908 0.3595
2449635.84814 0.3524
2449635.84912 0.3609
2449635.85010 0.3674
2449636.80273 0.3399
2449636.80469 0.3499
2449636.80566 0.3472
2449637.75781 0.3144
2449637.75879 0.3251
2449637.75977 0.3289
2449641.78369 0.3600
2449641.78516 0.3373
2449641.78662 0.3568
2449642.78125 0.3664
2449642.78223 0.3607
2449642.78369 0.3579
2449644.77539 0.3146
2449644.77637 0.3209
2449644.77734 0.3071
2449646.78809 0.3159
2449646.78955 0.3410
2449646.79053 0.3330
2449648.76904 0.3539
2449648.77002 0.3716
2449648.77148 0.3578
2449650.75488 0.3766
2449650.75586 0.3769
2449650.75732 0.3817
2449651.75439 0.3229
2449651.75586 0.3099
2449651.75684 0.3522
2449653.75488 0.3212
2449653.75586 0.3287
2449653.75732 0.3303
2449654.71826 0.3384
2449654.71924 0.3384
2449654.72070 0.3461
2449655.74414 0.3404
2449655.74756 0.3372
2449655.75146 0.3346
2449656.73730 0.3495
2449656.73877 0.3464
2449656.73975 0.3415
2449661.77930 0.3362
2449661.78027 0.3246
2449661.78174 0.3218
2449662.74512 0.3523
2449662.74658 0.3558
2449662.74756 0.3529
2449668.73047 0.3104
2449668.73193 0.3172
2449668.73291 0.3315
2449670.74316 0.3272
2449670.74414 0.3216
2449670.74512 0.3324
2449671.71240 0.3509
2449671.71338 0.3547
2449671.71436 0.3678
2449676.69238 0.3222
2449676.69336 0.3384
2449676.69482 0.3133
2449678.67725 0.3351
2449678.67920 0.3544
2449678.68164 0.3422
2449680.67529 0.3822
2449680.67627 0.3653
2449680.67773 0.3815
2449684.70264 0.3271
2449684.70459 0.3267
2449684.70703 0.3180
2449685.66748 0.3239
2449685.66846 0.3376
2449685.66992 0.3363
2449686.67285 0.3540
2449686.67383 0.3398
2449686.67529 0.3438
2449688.67383 0.3552
2449688.67627 0.3546
2449688.67871 0.3589
2449689.66260 0.3615
2449689.66455 0.3604
2449689.66699 0.3571
2449690.66846 0.3339
2449690.66992 0.3434
2449690.67090 0.3538
2449694.68848 0.3226
2449694.68945 0.3507
2449694.69092 0.3341
2449695.68311 0.3529
2449695.68408 0.3520
2449695.68506 0.3478
2449702.61963 0.3549
2449702.62109 0.3638
2449702.62207 0.3531
2449703.65771 0.3368
2449703.65918 0.3413
2449703.66016 0.3252
2449706.70312 0.3095
2449706.70410 0.3186
2449706.70508 0.3376
2449707.65820 0.3095
2449707.65967 0.3180
2449707.66064 0.3308
2449713.60498 0.3547
2449713.60596 0.3344
2449713.60742 0.3253
2449717.59570 0.3615
2449717.59668 0.3322
2449717.59766 0.3505
2449736.61182 0.3349
2449736.61279 0.3404
2449736.61426 0.3209
