45185.76196 0.1039
45185.76294 0.1003
45185.76501 0.1039
46159.02783 0.2274
46159.03125 0.2265
46159.03491 0.2303
46170.00610 0.2247
46170.00879 0.2249
46170.01099 0.2295
46186.97632 0.2225
46186.97876 0.2225
46186.98096 0.2244
46199.00171 0.2253
46199.00415 0.2183
46199.00659 0.2173
46215.94946 0.2228
46215.95386 0.2185
46215.95776 0.2182
46224.92285 0.2198
46224.92505 0.2227
46224.92725 0.2258
46230.91553 0.2254
46230.92090 0.2199
46230.92603 0.2232
46238.80786 0.2204
46238.80859 0.2249
46238.80957 0.2257
46249.95483 0.2342
46249.95679 0.2370
46249.95898 0.2306
46268.93091 0.2175
46268.93164 0.2130
46268.93237 0.2165
46274.84033 0.2218
46274.84106 0.2262
46274.84204 0.2240
46281.91626 0.2296
46281.91724 0.2299
46281.91821 0.2322
46286.88452 0.2200
46286.88525 0.2199
46286.88623 0.2227
46291.78516 0.2228
46291.78613 0.2180
46291.78711 0.2218
46296.75903 0.2224
46296.76001 0.2245
46296.76099 0.2205
46300.74878 0.2164
46300.74976 0.2178
46300.75098 0.2180
46311.79004 0.2208
46311.79077 0.2147
46311.79175 0.2220
46316.79102 0.2258
46316.79199 0.2239
46316.79297 0.2331
46321.69775 0.2269
46321.69922 0.2214
46321.70117 0.2252
46325.70825 0.2249
46325.70947 0.2222
46325.71045 0.2229
46332.76514 0.2217
46332.76611 0.2270
46332.76733 0.2202
46338.71704 0.2273
46338.71777 0.2267
46338.71851 0.2323
46349.65186 0.2286
46349.65283 0.2245
46349.65381 0.2229
46358.63647 0.2154
46358.63745 0.2234
46358.63843 0.2162
46365.66577 0.2149
46365.66650 0.2120
46365.66724 0.2191
46372.62720 0.2156
46372.62817 0.2196
46372.62891 0.2173
47039.73340 0.2106
47039.73438 0.2110
47039.73535 0.2075
47053.75708 0.2177
47053.75806 0.2209
47053.75903 0.2191
47076.68872 0.2210
47076.68970 0.2149
47076.69067 0.2154
47086.68579 0.2238
47086.68652 0.2281
47086.68750 0.2263
47110.64136 0.2134
47110.64282 0.2113
47110.64355 0.2143
47121.59546 0.2184
47121.59644 0.2177
47121.59717 0.2181
47130.60425 0.2194
47130.60522 0.2185
47130.60596 0.2218
47346.90820 0.2180
47346.90967 0.2147
47346.91113 0.2198
47357.90967 0.2189
47357.91064 0.2148
47357.91187 0.2225
47367.92358 0.2161
47367.92456 0.2226
47367.92554 0.2247
47383.89063 0.2135
47383.89185 0.2121
47383.89307 0.2147
47392.80981 0.2156
47392.81104 0.2137
47392.81226 0.2140
47402.77979 0.2185
47402.78076 0.2151
47402.78174 0.2168
47421.74438 0.2123
47421.74536 0.2210
47421.74658 0.2164
47437.67310 0.2188
47437.67407 0.2206
47437.67529 0.2216
47453.68774 0.2173
47453.68872 0.2158
47453.68945 0.2162
