2443676.80000 0.1203
2443752.80000 0.1271
2448813.90430 0.1354
2448813.90674 0.1347
2448813.90869 0.1386
2448820.90625 0.1374
2448820.90869 0.1436
2448820.91113 0.1385
2448827.83545 0.1371
2448827.83740 0.1399
2448827.83936 0.1398
2448831.78564 0.1422
2448831.78857 0.1405
2448831.79150 0.1356
2448841.82373 0.1408
2448841.82617 0.1393
2448841.82812 0.1403
2448846.82422 0.1348
2448846.82617 0.1373
2448846.82812 0.1388
2448852.80273 0.1390
2448852.80518 0.1380
2448852.80713 0.1409
2448859.75049 0.1326
2448859.75244 0.1325
2448859.75439 0.1363
2448868.74609 0.1347
2448868.74805 0.1380
2448868.75000 0.1402
2448875.72119 0.1394
2448875.72314 0.1409
2448875.72510 0.1444
2448884.72607 0.1482
2448884.72852 0.1456
2448884.73145 0.1418
2448894.69775 0.1349
2448894.69971 0.1399
2448894.70166 0.1304
2448903.66309 0.1410
2448903.66504 0.1370
2448903.66699 0.1391
2448918.65039 0.1514
2448918.65381 0.1500
2448918.65674 0.1426
2449219.82080 0.1505
2449219.82666 0.1488
2449219.83301 0.1431
2449233.78857 0.1376
2449233.79590 0.1378
2449233.80322 0.1395
2449240.73535 0.1410
2449240.73877 0.1506
2449240.74219 0.1397
2449251.72754 0.1358
2449251.73291 0.1322
2449251.73828 0.1285
2449258.65771 0.1381
2449258.66260 0.1323
2449258.66797 0.1346
2449285.60400 0.1435
2449285.60742 0.1330
2449285.61084 0.1350
2449516.94043 0.1421
2449516.94238 0.1455
2449516.94434 0.1377
2449526.92676 0.1389
2449526.93018 0.1352
2449526.93408 0.1409
2449533.90820 0.1286
2449533.91064 0.1420
2449533.91260 0.1372
2449536.91211 0.1488
2449536.91602 0.1476
2449536.91943 0.1458
2449547.89209 0.1389
2449547.89355 0.1451
2449547.89502 0.1388
2449556.86426 0.1382
2449556.86523 0.1469
2449556.86670 0.1436
2449573.81934 0.1401
2449573.82129 0.1355
2449573.82324 0.1306
2449580.81689 0.1687
2449580.81836 0.1598
2449580.81934 0.1451
2449587.72852 0.1454
2449587.73047 0.1489
2449587.73193 0.1460
2449603.69482 0.1390
2449603.69580 0.1402
2449603.69678 0.1400
2449611.69434 0.1416
2449611.69629 0.1414
2449611.69824 0.1351
2449644.64990 0.1369
2449644.65186 0.1386
2449644.65381 0.1354
