2439272.80000 0.2206
2439273.80000 0.2194
2439339.80000 0.2168
2439340.80000 0.2135
2439369.80000 0.2239
2439370.80000 0.2250
2439390.80000 0.2232
2439391.80000 0.2269
2439666.80000 0.2276
2439667.80000 0.2287
2439692.80000 0.2124
2439694.80000 0.2280
2439719.80000 0.2342
2439720.80000 0.2312
2439721.80000 0.2237
2439722.80000 0.2309
2439723.80000 0.2152
2440045.80000 0.2326
2440046.80000 0.2122
2440047.80000 0.2220
2440077.80000 0.2192
2440078.80000 0.2299
2440079.80000 0.2199
2440080.80000 0.2242
2440105.80000 0.2197
2440138.80000 0.2257
2440140.80000 0.2279
2440405.80000 0.2144
2440406.80000 0.2096
2440407.80000 0.2157
2440438.80000 0.2220
2440439.80000 0.2191
2440440.80000 0.2126
2440454.80000 0.2117
2440456.80000 0.2197
2440457.80000 0.2092
2440495.80000 0.2131
2440726.80000 0.2243
2440727.80000 0.2147
2440728.80000 0.2190
2440729.80000 0.2213
2440760.80000 0.2240
2440761.80000 0.2220
2440762.80000 0.2242
2440777.80000 0.2171
2440778.80000 0.2157
2440779.80000 0.2183
2440780.80000 0.2216
2440809.80000 0.2087
2440812.80000 0.2139
2440843.80000 0.2239
2440845.80000 0.2092
2441112.80000 0.2137
2441113.80000 0.2171
2441114.80000 0.2127
2441133.80000 0.2163
2441134.80000 0.2206
2441135.80000 0.2184
2441136.80000 0.2179
2441168.80000 0.2164
2441169.80000 0.2161
2441170.80000 0.2154
2441199.80000 0.2187
2441201.80000 0.2157
2441202.80000 0.2170
2441459.80000 0.2131
2441460.80000 0.2131
2441461.80000 0.2214
2441487.80000 0.2212
2441488.80000 0.2221
2441502.80000 0.2183
2441503.80000 0.2222
2441554.80000 0.2191
2441589.80000 0.2109
2441590.80000 0.2039
2441591.80000 0.2086
2441592.80000 0.2188
2441836.80000 0.2271
2441884.80000 0.2238
2441885.80000 0.2251
2441886.80000 0.2240
2441909.80000 0.2184
2441910.80000 0.2231
2441911.80000 0.2128
2441942.80000 0.2098
2441943.80000 0.2082
2441944.80000 0.2112
2441945.80000 0.2067
2441959.80000 0.2047
2441960.80000 0.2107
2441961.80000 0.2177
2442167.80000 0.2065
2442168.80000 0.2143
2442208.80000 0.2154
2442209.80000 0.2186
2442210.80000 0.2108
2442218.80000 0.2154
2442219.80000 0.2127
2442220.80000 0.2106
2442259.80000 0.2175
2442260.80000 0.2135
2442261.80000 0.2157
2442262.80000 0.2235
2442282.80000 0.2143
2442283.80000 0.2114
2442284.80000 0.2060
2442285.80000 0.2139
2442557.80000 0.2161
2442590.80000 0.2245
2442591.80000 0.2183
2442592.80000 0.2212
2442613.80000 0.2122
2442614.80000 0.2113
2442615.80000 0.2123
2442616.80000 0.2133
2442644.80000 0.2180
2442645.80000 0.2135
2442646.80000 0.2169
2442647.80000 0.2172
2442675.80000 0.2263
2442676.80000 0.2143
2442677.80000 0.2184
2442678.80000 0.2146
2442911.80000 0.2056
2442912.80000 0.2072
2442940.80000 0.2103
2442973.80000 0.2150
2442974.80000 0.2130
2442975.80000 0.2114
2443025.80000 0.2217
2443060.80000 0.2074
2443061.80000 0.2110
2443062.80000 0.2141
2443294.80000 0.2438
2443295.80000 0.2095
2443347.80000 0.2149
2443347.80000 0.2138
2443348.80000 0.2160
2443348.80000 0.2239
2443349.80000 0.2140
2443349.80000 0.2102
2443350.80000 0.2143
2443350.80000 0.2052
2443351.80000 0.2190
2443351.80000 0.2075
2443414.80000 0.2113
2443415.80000 0.2054
2443415.80000 0.2057
2443663.80000 0.2150
2443664.80000 0.2129
2443703.80000 0.2242
2443704.80000 0.2265
2443742.80000 0.2144
2443743.80000 0.2218
2444003.80000 0.2238
2444004.80000 0.2261
2444051.80000 0.2250
2444052.80000 0.2295
2444142.80000 0.2182
2444143.80000 0.2124
2444423.73999 0.2102
2444423.74200 0.2102
2444424.71201 0.2026
2444424.71399 0.2050
2444426.72101 0.2059
2444426.72198 0.2078
2444428.78400 0.2095
2444428.78601 0.2126
2444429.75000 0.2014
2444429.75101 0.2114
2444430.72601 0.2088
2444430.72699 0.2090
2444430.72699 0.2126
2444432.70999 0.1997
2444432.71100 0.2124
2444432.71301 0.2026
2444441.73700 0.2178
2444441.73801 0.2158
2444441.73801 0.2118
2444442.73099 0.2149
2444442.73199 0.2134
2444442.73199 0.2072
2444443.76401 0.2093
2444443.76501 0.2105
2444443.76599 0.2081
2444444.74600 0.2158
2444444.74701 0.2156
2444444.74799 0.2067
2444445.75699 0.2115
2444445.75800 0.2158
2444445.75900 0.2127
2444446.75000 0.2065
2444446.75101 0.2123
2444446.75201 0.2184
2444446.75400 0.2174
2444447.74600 0.2123
2444447.74701 0.2119
2444447.74799 0.2067
2444448.73599 0.2139
2444448.73700 0.2091
2444448.73801 0.2146
2444449.74600 0.2153
2444449.74701 0.2087
2444449.74799 0.2172
2444451.73499 0.2165
2444451.73599 0.2067
2444451.73801 0.2177
2444452.74399 0.2129
2444452.74600 0.2173
2444452.74701 0.2148
2444453.73599 0.2294
2444453.73700 0.2273
2444453.73801 0.2199
2444454.76599 0.2210
2444454.76700 0.2161
2444454.76801 0.2191
2444458.73999 0.2206
2444458.74100 0.2240
2444458.74200 0.2226
2444460.72601 0.2131
2444460.72699 0.2122
2444460.72800 0.2100
2444461.74701 0.2099
2444461.74799 0.2119
2444461.74899 0.2126
2444462.75400 0.2059
2444462.75500 0.2056
2444462.75601 0.2095
2444463.72400 0.2141
2444463.72501 0.2204
2444463.72601 0.2143
2444464.73099 0.2137
2444464.73199 0.2124
2444464.73300 0.2211
2444465.75699 0.2081
2444465.75900 0.2126
2444465.76099 0.2069
2444466.75201 0.2235
2444466.75299 0.2176
2444466.75400 0.2186
2444467.74799 0.2184
2444467.74899 0.2196
2444467.75000 0.2179
2444468.75000 0.2197
2444468.75101 0.2285
2444468.75201 0.2145
2444469.72900 0.2161
2444469.73001 0.2166
2444470.73700 0.2125
2444470.73901 0.2099
2444470.73999 0.2125
2444472.72501 0.2112
2444472.72601 0.2080
2444472.72699 0.2109
2444474.71799 0.2172
2444474.72000 0.2120
2444474.72101 0.2051
2444475.74399 0.2104
2444475.74500 0.2099
2444475.74600 0.2144
2444478.70599 0.2148
2444478.70700 0.2131
2444478.70801 0.2118
2444479.72000 0.2070
2444479.72101 0.2065
2444479.72101 0.2092
2444480.70999 0.2115
2444480.71100 0.2071
2444480.71201 0.2144
2444481.71201 0.2176
2444481.71301 0.2216
2444481.71399 0.2193
2444482.72699 0.2202
2444482.72900 0.2222
2444482.73001 0.2343
2444484.72900 0.2156
2444484.73001 0.2162
2444484.73099 0.2142
2444485.71799 0.2150
2444485.71899 0.2111
2444485.72000 0.2170
2444486.72601 0.2129
2444486.72699 0.2219
2444486.72800 0.2199
2444487.72900 0.2115
2444487.73001 0.2189
2444487.73099 0.2169
2444489.73199 0.2106
2444489.73300 0.2079
2444489.73401 0.2106
2444490.73499 0.2173
2444490.73700 0.2124
2444490.73801 0.2153
2444491.73499 0.2118
2444491.73700 0.2190
2444491.73801 0.2155
2444492.73599 0.2177
2444492.73801 0.2161
2444492.73901 0.2140
2444493.73401 0.2194
2444493.73499 0.2071
2444493.73700 0.2059
2444494.72101 0.2115
2444494.72198 0.2112
2444494.72299 0.2105
2444495.72400 0.2026
2444495.72501 0.2107
2444495.72601 0.2124
2444496.74399 0.2096
2444496.74600 0.2151
2444496.74799 0.2107
2444506.71600 0.2139
2444506.71799 0.2149
2444506.71899 0.2127
2444507.71701 0.2116
2444507.71799 0.2214
2444507.72000 0.2164
2444508.71500 0.2165
2444508.71600 0.2179
2444508.71701 0.2200
2444509.73901 0.2056
2444509.74100 0.2037
2444509.74301 0.2127
2444510.76300 0.2110
2444510.76700 0.2430
2444510.77301 0.4832
2444511.72400 0.2131
2444511.72601 0.2099
2444511.72699 0.2114
2444513.73199 0.2141
2444513.73401 0.2123
2444513.73499 0.2175
2444514.71698 0.2162
2444514.71899 0.2170
2444514.71997 0.2059
2444515.71100 0.2171
2444515.71198 0.2089
2444515.71301 0.2295
2444516.71802 0.2137
2444516.71899 0.2108
2444516.71997 0.2110
2444517.72302 0.2066
2444517.72498 0.2107
2444517.72601 0.2193
2444733.97803 0.2100
2444733.97998 0.2106
2444733.98199 0.2188
2444734.99298 0.2122
2444734.99500 0.2133
2444734.99701 0.2118
2444735.99701 0.2109
2444736.00000 0.2171
2444736.00201 0.2101
2444736.97900 0.2155
2444736.97998 0.2160
2444736.98199 0.2188
2444737.99597 0.2080
2444737.99799 0.2151
2444738.00098 0.2052
2444738.97803 0.2134
2444738.97998 0.2072
2444738.98102 0.2200
2444742.94702 0.2202
2444742.94897 0.2071
2444742.95099 0.2130
2444773.96301 0.2116
2444773.96399 0.2091
2444773.96600 0.2097
2444774.92603 0.2122
2444774.92798 0.2089
2444774.92999 0.2189
2444775.92102 0.2106
2444775.92297 0.2204
2444775.92499 0.2211
2444799.82501 0.2160
2444799.82703 0.2054
2444799.82898 0.2119
2444802.90601 0.2155
2444802.90698 0.2198
2444802.90900 0.2122
2444804.84003 0.2152
2444804.84198 0.2142
2444804.84399 0.2160
2444823.76599 0.2169
2444823.76703 0.2114
2444823.76898 0.2189
2444824.76801 0.2154
2444824.77100 0.2172
2444824.77197 0.2214
2444868.71802 0.2165
2444868.71899 0.2195
2444868.71997 0.2172
2444869.70599 0.2208
2444869.70801 0.2276
2444869.70898 0.2249
2444870.72198 0.2307
2444870.72400 0.2320
2444870.72498 0.2259
2444871.74200 0.2211
2444871.74402 0.2209
2444871.74597 0.2196
2444872.70697 0.2202
2444872.70898 0.2151
2444872.71002 0.2166
2444874.70300 0.2148
2444874.70502 0.2168
2444900.66101 0.2272
2444900.66302 0.2361
2444900.66602 0.2204
2444901.63501 0.2293
2444901.63702 0.2128
2444901.63898 0.2151
2445096.98096 0.2158
2445096.98401 0.2300
2445096.98706 0.2170
2445103.99097 0.2208
2445103.99304 0.2266
2445103.99500 0.2187
2445104.96802 0.2355
2445104.97095 0.2295
2445104.97400 0.2217
2445105.98401 0.2578
2445105.98706 0.2475
2445105.98901 0.2528
2445106.98804 0.2103
2445106.98999 0.2188
2445106.99194 0.2228
2445107.95496 0.2111
2445107.95703 0.2235
2445107.95898 0.2209
2445113.96704 0.2259
2445113.96899 0.2262
2445113.97205 0.2287
2445119.91699 0.2282
2445119.91895 0.2117
2445119.92102 0.2226
2445120.92896 0.2265
2445120.93005 0.2141
2445120.93201 0.2227
2445124.91003 0.2179
2445124.91199 0.2230
2445124.91394 0.2266
2445126.91199 0.2241
2445126.91394 0.2181
2445126.91602 0.2283
2445128.90906 0.2237
2445128.91003 0.2384
2445128.91199 0.2359
2445129.92505 0.2227
2445129.92603 0.2220
2445129.92798 0.2261
2445131.93396 0.2137
2445131.93604 0.2169
2445131.93799 0.2178
2445132.92004 0.2254
2445132.92102 0.2161
2445132.92297 0.2263
2445133.90601 0.2220
2445133.90796 0.2133
2445133.91003 0.2235
2445134.90503 0.2123
2445134.90698 0.2189
2445134.90906 0.2191
2445135.92395 0.2215
2445135.92603 0.2161
2445135.92798 0.2218
2445136.90198 0.2270
2445136.90405 0.2282
2445136.90601 0.2273
2445139.94800 0.2285
2445139.94995 0.2247
2445139.95203 0.2254
2445140.91895 0.2210
2445140.92102 0.2222
2445140.92200 0.2176
2445141.92700 0.2331
2445141.92896 0.2356
2445141.93103 0.2310
2445142.93298 0.2055
2445142.93396 0.2198
2445142.93604 0.2135
2445143.91101 0.2180
2445143.91296 0.2204
2445143.91602 0.2192
2445144.90002 0.2200
2445144.90295 0.2205
2445144.90601 0.2200
2445153.87500 0.2195
2445153.87695 0.2208
2445153.87805 0.2082
2445155.89197 0.2278
2445155.89404 0.2333
2445155.89600 0.2329
2445157.91003 0.2205
2445157.91101 0.2208
2445157.91296 0.2103
2445158.80701 0.2217
2445158.80798 0.2167
2445158.81006 0.2113
2445160.89905 0.2163
2445160.90002 0.2203
2445160.90198 0.2254
2445161.88794 0.2266
2445161.88904 0.2202
2445161.89001 0.2217
2445163.84302 0.2132
2445163.84497 0.2183
2445163.84595 0.2120
2445164.86804 0.2176
2445164.87000 0.2208
2445164.87195 0.2201
2445166.82703 0.2187
2445166.82800 0.2114
2445166.82898 0.2119
2445168.84302 0.2215
2445168.84399 0.2239
2445168.84497 0.2134
2445170.78406 0.2236
2445170.78601 0.2209
2445170.78699 0.2107
2445171.79602 0.2096
2445171.79700 0.2138
2445171.79797 0.2140
2445172.83105 0.2235
2445172.83203 0.2242
2445172.83301 0.2277
2445174.82104 0.2209
2445174.82202 0.2238
2445174.82397 0.2202
2445176.77405 0.2265
2445176.77502 0.2158
2445176.77698 0.2125
2445182.74402 0.2204
2445182.74695 0.2228
2445182.74902 0.2277
2445184.75500 0.2241
2445184.75598 0.2294
2445184.75806 0.2203
2445185.73901 0.2086
2445185.73999 0.2207
2445185.74097 0.2122
2445187.72595 0.2235
2445187.72705 0.2311
2445187.72803 0.2275
2445189.77795 0.2119
2445189.78003 0.2188
2445189.78101 0.2166
2445191.76599 0.2222
2445191.76697 0.2231
2445191.76904 0.2279
2445193.80200 0.2235
2445193.80396 0.2155
2445193.80603 0.2184
2445194.78003 0.2148
2445194.78198 0.2194
2445194.78296 0.2097
2445196.75195 0.2202
2445196.75305 0.2145
2445196.75500 0.2283
2445197.76099 0.2362
2445197.76196 0.2275
2445197.76404 0.2207
2445198.74902 0.2367
2445198.75000 0.2369
2445198.75195 0.2312
2445203.70398 0.2305
2445203.70605 0.2320
2445203.70801 0.2221
2445209.72498 0.2242
2445209.72803 0.2160
2445209.72998 0.2177
2445211.69800 0.2177
2445211.69897 0.2230
2445211.70105 0.2215
2445216.65906 0.2158
2445216.66101 0.2151
2445216.66296 0.2107
2445217.67700 0.2087
2445217.67798 0.2154
2445217.68005 0.2244
2445219.67004 0.2232
2445219.67102 0.2211
2445219.67200 0.2296
2445225.68103 0.2257
2445225.68298 0.2247
2445225.68506 0.2171
2445243.63098 0.2181
2445243.63306 0.2140
2445243.63501 0.2205
2445244.64600 0.2185
2445244.64905 0.2207
2445244.65100 0.2168
2445245.67603 0.2113
2445245.67896 0.2177
2445245.68005 0.2124
2445247.63403 0.2241
2445247.63599 0.2207
2445247.63904 0.2261
2445251.62195 0.2204
2445251.62402 0.2253
2445251.62695 0.2197
2445255.63403 0.2164
2445255.63599 0.2212
2445255.63904 0.2137
2445259.65295 0.2171
2445259.65503 0.2208
2445259.65698 0.2186
2445261.62305 0.2286
2445261.62500 0.2166
2445261.62695 0.2227
2445441.00305 0.2164
2445441.00403 0.2123
2445441.00598 0.2177
2445448.01196 0.2108
2445448.01294 0.2166
2445448.01404 0.2140
2445458.00305 0.2148
2445458.00403 0.2110
2445458.00500 0.2155
2445476.92200 0.2169
2445476.92297 0.2176
2445476.92395 0.2104
2445477.91699 0.2120
2445477.91699 0.2198
2445477.91797 0.2071
2445478.80701 0.2154
2445478.80798 0.2147
2445478.80896 0.2154
2445479.93005 0.2196
2445479.93103 0.2121
2445479.93201 0.2205
2445480.92395 0.2200
2445480.92505 0.2210
2445480.92603 0.2173
2445481.93396 0.2200
2445481.93506 0.2189
2445481.93604 0.2178
2445482.91101 0.2043
2445482.91296 0.2075
2445482.91394 0.2251
2445484.94495 0.2128
2445484.94604 0.2212
2445484.94702 0.2129
2445485.92505 0.2190
2445485.92603 0.2254
2445485.92700 0.2276
2445488.96899 0.2145
2445488.96997 0.2134
2445488.97095 0.2130
2445496.93900 0.2243
2445496.94100 0.2205
2445496.94200 0.2269
2445503.91500 0.2137
2445503.91600 0.2190
2445503.91700 0.2132
2445512.81500 0.2128
2445512.81700 0.2178
2445512.81800 0.2223
2445522.88000 0.2049
2445522.88100 0.2100
2445522.88200 0.2114
2445528.86500 0.2178
2445528.86700 0.2069
2445528.86800 0.2128
2445534.82500 0.2233
2445534.82500 0.2182
2445534.82600 0.2132
2445539.87200 0.2196
2445539.87300 0.2139
2445539.87400 0.2107
2445544.79600 0.2197
2445544.79700 0.2178
2445544.79800 0.2116
2445548.79100 0.2155
2445548.79200 0.2112
2445548.79300 0.2212
2445551.91800 0.2211
2445551.91900 0.2146
2445551.92000 0.2305
2445568.76900 0.2175
2445568.77000 0.2239
2445568.77100 0.2197
2445574.78200 0.2187
2445574.78300 0.2141
2445574.78400 0.2132
2445580.76200 0.2211
2445580.76200 0.2340
2445580.76300 0.2269
2445586.67700 0.2270
2445586.67800 0.2184
2445586.67800 0.2162
2445589.69300 0.2244
2445589.69400 0.2055
2445589.69500 0.2270
2445592.71900 0.2166
2445592.72000 0.2162
2445592.72100 0.2185
2445806.99900 0.1970
2445807.00000 0.2006
2445807.00200 0.2036
2445814.98500 0.2064
2445814.98600 0.2077
2445814.98800 0.2089
2445831.99200 0.2090
2445831.99400 0.2077
2445831.99600 0.2093
2445842.95386 0.2062
2445842.95544 0.2109
2445842.95703 0.2089
2445849.95349 0.2145
2445849.95459 0.2142
2445849.95557 0.2028
2445860.90515 0.2227
2445860.90674 0.2204
2445860.90808 0.2162
2445868.93518 0.2022
2445868.93628 0.2067
2445868.93750 0.1999
2445873.83435 0.2030
2445873.83557 0.2052
2445873.83679 0.2095
2445884.96228 0.2056
2445884.96362 0.2014
2445884.96521 0.2090
2445887.78674 0.2064
2445887.78809 0.2129
2445887.78943 0.2073
2445888.84717 0.2111
2445888.84839 0.2085
2445888.84949 0.2065
2445890.90332 0.2066
2445890.90466 0.2142
2445890.90588 0.2088
2445891.93445 0.2129
2445891.93652 0.2056
2445891.93823 0.2161
2445892.81580 0.2127
2445892.81702 0.2161
2445892.81848 0.2131
2445893.90356 0.2039
2445893.90503 0.2164
2445893.90649 0.2127
2445901.77271 0.2164
2445901.77356 0.2117
2445901.77441 0.2012
2445905.77002 0.2005
2445905.77075 0.2138
2445905.77148 0.2055
2445906.80676 0.1989
2445906.80750 0.2138
2445906.80811 0.2103
2445907.80029 0.2112
2445907.80127 0.2140
2445907.80212 0.2048
2445913.83167 0.2026
2445913.83264 0.2030
2445913.83350 0.2033
2445914.90857 0.2122
2445914.90979 0.2133
2445914.91089 0.1991
2445915.83264 0.2031
2445915.83411 0.2034
2445915.83569 0.2032
2445916.83508 0.2309
2445916.83606 0.2212
2445916.83679 0.2289
2445917.76160 0.2022
2445917.76233 0.2057
2445917.76294 0.2054
2445918.78845 0.2104
2445918.78906 0.2223
2445918.78979 0.2116
2445919.75659 0.2199
2445919.75720 0.2280
2445919.75781 0.1983
2445921.78076 0.2024
2445921.78198 0.1938
2445921.78333 0.1881
2445929.79321 0.2046
2445929.79382 0.2048
2445929.79443 0.2096
2445933.74194 0.2100
2445933.74280 0.2038
2445933.74365 0.2148
2445934.77820 0.2023
2445934.77930 0.2052
2445934.78052 0.2031
2445935.75500 0.2013
2445935.75586 0.2156
2445935.75671 0.2091
2445936.71960 0.2070
2445936.72046 0.1949
2445936.72119 0.2061
2445937.74744 0.2118
2445937.74829 0.2200
2445937.74902 0.2162
2445939.75085 0.2073
2445939.75171 0.2048
2445939.75232 0.2101
2445941.76819 0.2031
2445941.76880 0.2017
2445941.76941 0.2036
2445942.81567 0.2159
2445942.81738 0.2164
2445942.81885 0.2221
2445943.76233 0.2132
2445943.76306 0.1995
2445943.76404 0.2101
2445944.75623 0.1877
2445944.75793 0.1903
2445944.75989 0.1819
2445946.81335 0.2075
2445946.81482 0.2132
2445946.81604 0.2244
2445947.73828 0.2205
2445947.73901 0.2289
2445947.73975 0.2201
2445950.78687 0.2142
2445950.78821 0.2148
2445950.78967 0.2160
2445951.77039 0.2213
2445951.77258 0.2130
2445951.77441 0.2145
2445952.76953 0.2009
2445952.77124 0.2052
2445952.77307 0.2017
2445958.72473 0.2059
2445958.72595 0.2193
2445958.72717 0.2216
2445959.74963 0.2096
2445959.75085 0.2046
2445959.75220 0.2121
2445963.73206 0.2062
2445963.73340 0.2160
2445963.73474 0.2107
2445964.72119 0.2168
2445964.72351 0.2173
2445964.72546 0.2162
2445965.74670 0.6560
2445965.74817 0.2200
2445965.74951 0.2055
2445971.66028 0.2226
2445971.66138 0.2153
2445971.66235 0.2224
2445972.71802 0.2236
2445972.71899 0.2112
2445972.71997 0.2057
2445977.68164 0.2241
2445977.68274 0.2213
2445977.68384 0.2141
2445981.71606 0.2200
2445981.71716 0.2131
2445981.71863 0.2141
2445982.62866 0.2162
2445982.62964 0.2195
2445982.63074 0.2257
2445983.71838 0.2223
2445983.72009 0.2227
2445983.72156 0.2207
2445986.69983 0.2205
2445986.70117 0.2120
2445986.70239 0.2153
2445987.67224 0.2286
2445987.67407 0.2203
2445987.67615 0.2205
2445998.60620 0.2064
2445998.60779 0.2139
2445998.60938 0.2085
2446003.66565 0.2154
2446003.66760 0.2174
2446003.66870 0.2177
2446004.61560 0.2152
2446004.61719 0.2036
2446004.61865 0.2099
2446007.60840 0.2136
2446007.61084 0.2045
2446007.61328 0.2078
2446010.59314 0.2126
2446010.59546 0.2130
2446010.59778 0.2135
2446016.62073 0.2192
2446016.62341 0.2235
2446016.62585 0.2178
2446238.79517 0.2090
2446238.79590 0.2065
2446238.79663 0.2095
2446239.83228 0.2052
2446239.83325 0.2060
2446239.83423 0.2034
2446240.95239 0.2073
2446240.95361 0.2030
2446240.95483 0.2013
2446241.88696 0.2057
2446241.88770 0.2101
2446241.88843 0.2093
2446243.89478 0.2085
2446243.89551 0.2093
2446243.89648 0.2190
2446244.82153 0.2152
2446244.82275 0.2119
2446244.82422 0.2124
2446246.95435 0.2145
2446246.95654 0.2148
2446246.95801 0.2059
2446250.96313 0.2077
2446250.96436 0.2104
2446250.96582 0.2091
2446266.82544 0.2036
2446266.82617 0.2062
2446266.82690 0.2131
2446268.89722 0.2130
2446268.89795 0.2159
2446268.89844 0.2045
2446269.81543 0.2048
2446269.81616 0.2064
2446269.81714 0.2013
2446271.82886 0.2072
2446271.82959 0.2142
2446271.83057 0.2127
2446273.80518 0.2112
2446273.80615 0.2092
2446273.80688 0.2057
2446274.81738 0.2106
2446274.81860 0.2175
2446274.81982 0.2156
2446275.87158 0.2136
2446275.87231 0.2130
2446275.87329 0.2123
2446276.76318 0.2119
2446276.76440 0.2120
2446276.76538 0.2127
2446277.86108 0.2199
2446277.86255 0.2264
2446277.86353 0.2197
2446278.76929 0.2220
2446278.77051 0.2180
2446278.77148 0.2145
2446279.84912 0.2147
2446279.85059 0.2127
2446279.85181 0.2176
2446280.81982 0.2180
2446280.82080 0.2190
2446280.82178 0.2203
2446282.80444 0.2212
2446282.80542 0.2155
2446282.80640 0.2172
2446283.82104 0.2258
2446283.82202 0.2234
2446283.82300 0.2168
2446284.76782 0.2114
2446284.76855 0.2105
2446284.76929 0.2076
2446285.79004 0.2096
2446285.79077 0.2152
2446285.79150 0.2143
2446286.87378 0.2171
2446286.87476 0.2155
2446286.87549 0.2161
2446287.76245 0.2107
2446287.76343 0.2080
2446287.76440 0.2099
2446288.77051 0.2069
2446288.77124 0.2042
2446288.77222 0.2077
2446289.80737 0.2145
2446289.80835 0.2074
2446289.80933 0.2149
2446290.77075 0.2141
2446290.77173 0.2150
2446290.77271 0.2113
2446291.74878 0.2120
2446291.74976 0.2078
2446291.75073 0.2106
2446292.73828 0.2168
2446292.73926 0.2157
2446292.73999 0.2183
2446293.77881 0.2150
2446293.78003 0.2119
2446293.78125 0.2127
2446294.76880 0.2155
2446294.77051 0.2043
2446294.77124 0.2133
2446295.75317 0.2088
2446295.75415 0.2135
2446295.75488 0.2162
2446296.74536 0.2071
2446296.74634 0.2073
2446296.74731 0.2105
2446297.76270 0.2133
2446297.76367 0.2156
2446297.76489 0.2140
2446298.77246 0.2160
2446298.77344 0.2083
2446298.77441 0.2115
2446299.75830 0.2094
2446299.75903 0.2135
2446299.75977 0.2087
2446300.73315 0.2072
2446300.73389 0.2103
2446300.73462 0.2068
2446303.75220 0.2101
2446303.75317 0.2170
2446303.75391 0.2201
2446304.75366 0.2131
2446304.75464 0.2151
2446304.75562 0.2124
2446309.78198 0.2186
2446309.78320 0.2185
2446309.78418 0.2228
2446310.80493 0.2216
2446310.80566 0.2152
2446310.80664 0.2201
2446311.73340 0.2093
2446311.73438 0.2181
2446311.73511 0.2185
2446316.74658 0.2149
2446316.74756 0.2166
2446316.74854 0.2208
2446321.67310 0.2223
2446321.67432 0.2193
2446321.67529 0.2161
2446322.72241 0.2194
2446322.72339 0.2185
2446322.72437 0.2151
2446323.70850 0.2193
2446323.70947 0.2170
2446323.71045 0.2160
2446324.70605 0.2107
2446324.70703 0.2118
2446324.70801 0.2122
2446325.68286 0.2133
2446325.68359 0.2028
2446325.68457 0.2091
2446329.66797 0.2078
2446329.66846 0.2214
2446329.66943 0.2107
2446331.69482 0.2129
2446331.69580 0.2231
2446331.69653 0.2146
2446332.66357 0.2169
2446332.66406 0.2202
2446332.66504 0.2168
2446334.68823 0.2165
2446334.68921 0.2234
2446334.69019 0.2109
2446340.68506 0.2229
2446340.68579 0.2157
2446340.68652 0.2176
2446341.67017 0.2177
2446341.67090 0.2253
2446341.67188 0.2174
2446352.64209 0.2108
2446352.64307 0.2166
2446352.64404 0.2092
2446354.63525 0.2196
2446354.63623 0.2101
2446354.63721 0.2158
2446356.62915 0.2102
2446356.62988 0.2160
2446356.63086 0.2139
2446357.61304 0.2122
2446357.61377 0.2085
2446357.61450 0.2204
2446577.95728 0.2040
2446577.95850 0.2003
2446577.95996 0.2002
2446586.95068 0.2117
2446586.95239 0.2065
2446586.95386 0.2121
2446587.97217 0.2028
2446587.97363 0.2020
2446587.97510 0.2142
2446588.95532 0.2028
2446588.95654 0.2095
2446588.95752 0.2126
2446594.97656 0.2092
2446594.97827 0.2080
2446594.97974 0.2114
2446596.95654 0.1971
2446596.95752 0.2198
2446596.95874 0.2056
2446597.93335 0.2061
2446597.93433 0.2184
2446597.93530 0.2088
2446600.92065 0.2065
2446600.92212 0.2130
2446600.92358 0.2082
2446603.95703 0.1968
2446603.95850 0.1969
2446603.96021 0.1909
2446604.95386 0.2126
2446604.95508 0.2092
2446604.95605 0.2073
2446605.95020 0.2108
2446605.95166 0.2055
2446605.95288 0.2166
2446610.91870 0.2179
2446610.91992 0.2189
2446610.92114 0.2201
2446616.93530 0.2115
2446616.93750 0.2105
2446616.93945 0.2117
2446617.89771 0.2084
2446617.90039 0.2004
2446617.90283 0.2179
2446618.94043 0.2110
2446618.94189 0.2080
2446618.94336 0.2202
2446620.94312 0.2321
2446620.94458 0.2247
2446620.94580 0.2161
2446621.91455 0.2061
2446621.91650 0.2182
2446621.91846 0.2138
2446622.88403 0.2164
2446622.88525 0.2122
2446622.88672 0.2242
2446624.89795 0.2155
2446624.89966 0.2151
2446624.90137 0.2122
2446627.91211 0.2119
2446627.91357 0.2043
2446627.91504 0.2038
2446628.91187 0.2156
2446628.91333 0.2085
2446628.91479 0.2036
2446628.91699 0.2131
2446629.90918 0.2108
2446629.91113 0.2100
2446629.91260 0.2127
2446632.86841 0.2112
2446632.86963 0.2192
2446632.87085 0.2130
2446639.80078 0.2127
2446639.80200 0.2067
2446639.80322 0.2162
2446650.81348 0.2080
2446650.81494 0.2037
2446650.81641 0.2143
2446652.80737 0.2090
2446652.80859 0.2119
2446652.81006 0.2111
2446653.78857 0.2137
2446653.78979 0.2044
2446653.79102 0.2076
2446655.80811 0.2196
2446655.80957 0.2106
2446655.81128 0.2077
2446656.79541 0.2098
2446656.79663 0.2080
2446656.79785 0.2153
2446657.76807 0.2159
2446657.76929 0.2060
2446657.77051 0.2036
2446659.75244 0.2181
2446659.75366 0.2103
2446659.75464 0.2189
2446660.78442 0.2120
2446660.78564 0.2152
2446660.78711 0.2041
2446661.76978 0.2158
2446661.77124 0.2143
2446661.77295 0.2102
2446663.79517 0.2140
2446663.79663 0.2140
2446663.79810 0.2115
2446664.78320 0.2109
2446664.78442 0.2244
2446664.78540 0.2147
2446665.74390 0.2176
2446665.74487 0.2090
2446665.74609 0.2171
2446667.78174 0.2127
2446667.78394 0.2168
2446667.78613 0.2186
2446671.76953 0.2065
2446671.77100 0.2160
2446671.77271 0.2052
2446672.74487 0.2133
2446672.74658 0.2111
2446672.74854 0.2162
2446673.72583 0.2058
2446673.72729 0.2111
2446673.72900 0.2104
2446676.72729 0.2075
2446676.72852 0.2096
2446676.72998 0.2125
2446677.76025 0.2074
2446677.76147 0.2057
2446677.76270 0.2255
2446679.77051 0.2065
2446679.77197 0.2098
2446679.77344 0.2154
2446682.70386 0.2078
2446682.70581 0.2139
2446682.70752 0.2104
2446684.72290 0.2165
2446684.72461 0.2142
2446684.72632 0.2181
2446686.72803 0.2190
2446686.73022 0.2133
2446686.73267 0.2144
2446688.71753 0.2155
2446688.71899 0.2203
2446688.72046 0.2127
2446689.70386 0.2121
2446689.70557 0.2163
2446689.70752 0.2171
2446690.71509 0.2135
2446690.71631 0.2206
2446690.71753 0.2261
2446695.70703 0.2101
2446695.70923 0.2160
2446695.71094 0.2168
2446710.68335 0.2171
2446710.68530 0.2132
2446710.68726 0.2155
2446712.66553 0.2196
2446712.66797 0.2062
2446712.67090 0.2184
2446719.65356 0.2214
2446719.65527 0.2126
2446719.65698 0.2118
2446721.63062 0.2152
2446721.63257 0.2179
2446721.63477 0.2079
2446722.60327 0.2075
2446722.60547 0.2196
2446722.60742 0.2180
2446966.97437 0.2080
2446966.97778 0.2050
2446966.98169 0.2005
2446967.96460 0.2069
2446967.96753 0.2034
2446967.97046 0.2063
2446985.91260 0.2154
2446985.91553 0.2138
2446985.91895 0.2116
2446988.91382 0.2115
2446988.91699 0.2116
2446988.92041 0.2115
2446991.92236 0.2112
2446991.92529 0.2086
2446991.92847 0.2086
2446995.92139 0.2212
2446995.92505 0.2088
2446995.92871 0.2099
2447004.84326 0.2088
2447004.84448 0.2137
2447004.84595 0.2150
2447006.86279 0.2075
2447006.86475 0.2129
2447006.86646 0.2144
2447007.90674 0.2050
2447007.90820 0.2127
2447007.90967 0.2130
2447008.80298 0.1994
2447008.80371 0.1969
2447008.80444 0.1969
2447020.78931 0.2025
2447020.79053 0.1975
2447020.79199 0.2041
2447021.79175 0.2215
2447021.79297 0.2226
2447021.79419 0.2178
2447024.77197 0.2074
2447024.77319 0.2053
2447024.77417 0.2099
2447029.80200 0.2052
2447029.80298 0.2050
2447029.80396 0.2068
2447032.86426 0.2125
2447032.86523 0.2074
2447032.86621 0.2053
2447033.79761 0.2175
2447033.79858 0.2199
2447033.79932 0.2044
2447033.80103 0.2163
2447033.80176 0.2096
2447033.80273 0.2027
2447034.83032 0.2012
2447034.83130 0.2099
2447034.83228 0.2007
2447035.75122 0.2053
2447035.75195 0.2027
2447035.75269 0.2034
2447036.85913 0.2166
2447036.85986 0.2163
2447036.86084 0.2143
2447038.72852 0.2097
2447038.72949 0.2033
2447038.73022 0.2051
2447039.72217 0.2110
2447039.72290 0.2064
2447039.72388 0.2138
2447041.75806 0.2105
2447041.75928 0.2130
2447041.76050 0.2156
2447042.72290 0.2115
2447042.72412 0.2114
2447042.72534 0.2050
2447043.73389 0.2095
2447043.73462 0.2099
2447043.73560 0.2101
2447045.72583 0.2274
2447045.72681 0.2237
2447045.72778 0.2237
2447046.72119 0.2192
2447046.72217 0.2220
2447046.72314 0.2242
2447047.71606 0.2064
2447047.71704 0.2096
2447047.71802 0.2107
2447049.71899 0.2221
2447049.71973 0.2139
2447049.72070 0.2130
2447050.73608 0.2137
2447050.73706 0.2140
2447050.73804 0.2224
2447053.73389 0.2180
2447053.73486 0.2176
2447053.73584 0.2198
2447055.72388 0.2117
2447055.72510 0.2186
2447055.72632 0.2188
2447056.72266 0.2119
2447056.72363 0.2013
2447056.72437 0.2012
2447057.76660 0.2124
2447057.76733 0.2051
2447057.76807 0.2108
2447058.74219 0.2043
2447058.74316 0.2091
2447058.74390 0.2121
2447067.72510 0.2143
2447067.72583 0.2169
2447067.72656 0.2038
2447070.64185 0.2154
2447070.64282 0.2134
2447070.64380 0.2143
2447071.65552 0.2177
2447071.65649 0.2165
2447071.65747 0.2171
2447073.67920 0.2183
2447073.67993 0.2164
2447073.68066 0.2139
2447074.66895 0.2233
2447074.66992 0.2191
2447074.67090 0.2180
2447075.66895 0.2295
2447075.66968 0.2202
2447075.67065 0.2260
2447077.66235 0.2172
2447077.66309 0.2193
2447077.66406 0.2191
2447079.68335 0.2201
2447079.68433 0.2199
2447079.68530 0.2192
2447083.63867 0.2119
2447083.63965 0.2266
2447083.64063 0.2222
2447084.65234 0.2151
2447084.65332 0.2250
2447084.65430 0.2249
2447088.65601 0.2033
2447088.65698 0.2069
2447088.65796 0.2082
2447107.61914 0.2197
2447107.62036 0.2218
2447107.62134 0.2122
2447314.92065 0.2124
2447314.92188 0.2065
2447314.92310 0.2095
2447326.96362 0.2055
2447326.96484 0.2057
2447326.96606 0.2061
2447328.96191 0.2051
2447328.96313 0.2095
2447328.96460 0.2117
2447333.96338 0.2141
2447333.96484 0.2073
2447333.96655 0.2087
2447335.94312 0.2136
2447335.94434 0.2135
2447335.94556 0.2179
2447336.96631 0.2181
2447336.96753 0.2090
2447336.96826 0.2111
2447337.96021 0.2032
2447337.96143 0.2075
2447337.96265 0.2122
2447339.93164 0.2120
2447339.93286 0.2173
2447339.93457 0.2222
2447340.95850 0.2162
2447340.95947 0.2187
2447340.96069 0.2127
2447341.92065 0.2133
2447341.92163 0.2214
2447341.92261 0.2269
2447343.93091 0.2125
2447343.93213 0.2121
2447343.93335 0.2201
2447344.93994 0.2095
2447344.94092 0.2138
2447344.94189 0.2103
2447345.93286 0.2151
2447345.93408 0.2093
2447345.93506 0.2098
2447347.89429 0.2085
2447347.89551 0.2118
2447347.89648 0.2089
2447348.88794 0.2077
2447348.88916 0.2087
2447348.89014 0.2064
2447349.92236 0.2129
2447349.92358 0.2099
2447349.92480 0.2117
2447356.90039 0.2089
2447356.90161 0.2056
2447356.90283 0.2118
2447359.88379 0.2134
2447359.88477 0.2159
2447359.88599 0.2157
2447361.88916 0.2114
2447361.89038 0.2088
2447361.89160 0.2108
2447365.88501 0.2165
2447365.88623 0.2184
2447365.88721 0.2229
2447367.88281 0.2145
2447367.88403 0.2139
2447367.88501 0.2146
2447368.87085 0.2076
2447368.87183 0.2185
2447368.87280 0.2160
2447370.88501 0.2132
2447370.88623 0.2125
2447370.88721 0.2168
2447371.87769 0.2106
2447371.87891 0.2042
2447371.88013 0.2029
2447372.87671 0.2154
2447372.87793 0.2108
2447372.87915 0.2075
2447373.87280 0.2013
2447373.87402 0.2070
2447373.87500 0.2022
2447375.80957 0.2036
2447375.81079 0.2023
2447375.81177 0.2042
2447383.83765 0.2011
2447383.83911 0.2061
2447383.84058 0.1997
2447384.83618 0.2016
2447384.83765 0.2012
2447384.83887 0.2065
2447385.82422 0.2030
2447385.82593 0.2057
2447385.82764 0.2054
2447387.77100 0.2023
2447387.77197 0.2008
2447387.77295 0.2041
2447389.77490 0.2109
2447389.77612 0.2107
2447389.77734 0.2145
2447392.76123 0.2023
2447392.76245 0.2005
2447392.76392 0.2027
2447393.76343 0.2068
2447393.76465 0.2062
2447393.76587 0.2160
2447395.77368 0.2076
2447395.77466 0.2105
2447395.77588 0.2096
2447396.75659 0.2082
2447396.75781 0.2153
2447396.75903 0.2184
2447399.76172 0.2097
2447399.76294 0.2105
2447399.76416 0.2003
2447403.75659 0.2138
2447403.75757 0.2112
2447403.75879 0.2110
2447405.75928 0.1978
2447405.76050 0.2075
2447405.76172 0.1946
2447410.73438 0.1944
2447410.73608 0.1957
2447410.73730 0.2029
2447411.75562 0.2152
2447411.75732 0.2111
2447411.75903 0.2121
2447412.75220 0.2073
2447412.75415 0.2098
2447412.75562 0.2141
2447414.74268 0.2005
2447414.74414 0.2074
2447414.74536 0.2157
2447414.74634 0.2173
2447414.74756 0.2112
2447421.69873 0.2098
2447421.69995 0.2162
2447421.70117 0.2101
2447428.67163 0.2166
2447428.67285 0.2186
2447428.67432 0.2166
2447433.69897 0.2097
2447433.70044 0.2117
2447433.70190 0.2115
2447451.65063 0.2173
2447451.65161 0.2139
2447451.65259 0.2160
2447453.65601 0.2059
2447453.65723 0.2101
2447453.65845 0.2105
2447454.62891 0.2076
2447454.62988 0.2097
2447454.63110 0.2088
2447456.60864 0.2283
2447456.60962 0.2205
2447456.61060 0.2235
2447457.59668 0.2154
2447457.59814 0.2143
2447457.59961 0.2212
2447465.63501 0.2213
2447465.63623 0.2201
2447465.63745 0.2234
2447469.63208 0.2137
2447469.63306 0.2139
2447469.63428 0.2132
2447663.97729 0.2051
2447663.97925 0.2095
2447663.98120 0.2115
2447687.97290 0.2057
2447687.97437 0.2202
2447687.97632 0.2088
2447690.97510 0.2133
2447690.97632 0.2134
2447690.97778 0.2107
2447715.90918 0.2141
2447715.91016 0.2113
2447715.91113 0.2092
2447720.88892 0.2141
2447720.89014 0.2178
2447720.89111 0.2153
2447724.89111 0.2161
2447724.89233 0.2227
2447724.89355 0.2159
2447727.87988 0.2234
2447727.88110 0.2229
2447727.88232 0.2233
2447741.76001 0.2232
2447741.76099 0.2174
2447741.76221 0.2220
2447746.77808 0.2229
2447746.77905 0.2254
2447746.78003 0.2174
2447751.76050 0.2239
2447751.76147 0.2228
2447751.76270 0.2232
2447755.76025 0.2167
2447755.76147 0.2170
2447755.76270 0.2213
2447758.75928 0.2295
2447758.76074 0.2280
2447758.76221 0.2239
2447771.72998 0.2130
2447771.73120 0.2175
2447771.73242 0.2218
2447776.71362 0.2179
2447776.71484 0.2205
2447776.71582 0.2235
2447778.67529 0.2160
2447778.67627 0.2112
2447778.67725 0.2235
2447780.71143 0.2306
2447780.71240 0.2239
2447780.71362 0.2217
2447781.65283 0.2234
2447781.65405 0.2235
2447781.65552 0.2191
2447803.67212 0.2223
2447803.67334 0.2170
2447803.67480 0.2167
2447808.65332 0.2151
2447808.65454 0.2196
2447808.65601 0.2192
2447809.61523 0.2197
2447809.61646 0.2168
2447809.61743 0.2179
2448070.88232 0.2213
2448070.88428 0.2185
2448070.88574 0.2170
2448075.89990 0.2188
2448075.90137 0.2173
2448075.90283 0.2192
2448089.86719 0.2230
2448089.86841 0.2206
2448089.86963 0.2197
2448094.86963 0.2247
2448094.87085 0.2196
2448094.87183 0.2250
2448096.86670 0.2238
2448096.86816 0.2230
2448096.86914 0.2194
2448098.86572 0.2190
2448098.86719 0.2224
2448098.86914 0.2221
2448104.77734 0.2190
2448104.77832 0.2137
2448104.77930 0.2137
2448107.77344 0.2233
2448107.77490 0.2205
2448107.77637 0.2189
2448122.73584 0.2189
2448122.73730 0.2212
2448122.73828 0.2267
2448127.73291 0.2280
2448127.73389 0.2212
2448127.73535 0.2206
2448130.74170 0.2170
2448130.74316 0.2125
2448130.74463 0.2162
2448132.74170 0.2186
2448132.74365 0.2208
2448132.74512 0.2207
2448134.73047 0.2121
2448134.73193 0.2092
2448134.73340 0.2103
2448136.70801 0.2181
2448136.70947 0.2140
2448136.71094 0.2159
2448148.69336 0.2180
2448148.69482 0.2242
2448148.69580 0.2181
2448155.66309 0.2194
2448155.66455 0.2227
2448155.66650 0.2267
2448157.68311 0.2133
2448157.68408 0.2171
2448157.68555 0.2226
2448160.66504 0.2127
2448160.66650 0.2175
2448160.66846 0.2152
2448162.63525 0.2146
2448162.63672 0.2201
2448162.63770 0.2178
2448166.66992 0.2213
2448166.67139 0.2205
2448166.67285 0.2159
2448178.61865 0.2160
2448178.62012 0.2166
2448178.62109 0.2188
2448420.92920 0.2207
2448420.93115 0.2158
2448420.93262 0.2160
2448423.92090 0.2155
2448423.92236 0.2096
2448423.92383 0.2199
2448429.92676 0.2243
2448429.92822 0.2211
2448429.93018 0.2284
2448431.93115 0.2222
2448431.93262 0.2202
2448431.93408 0.2184
2448433.93701 0.2232
2448433.93896 0.2167
2448433.94043 0.2181
2448450.89111 0.2169
2448450.89307 0.2126
2448450.89453 0.2138
2448453.88965 0.2202
2448453.89111 0.2150
2448453.89307 0.2189
2448458.86768 0.2151
2448458.86914 0.2151
2448458.87061 0.2154
2448461.87842 0.2165
2448461.88037 0.2146
2448461.88232 0.2129
2448463.86816 0.2152
2448463.87012 0.2108
2448463.87158 0.2121
2448464.86279 0.2157
2448464.86426 0.2181
2448464.86572 0.2107
2448487.71875 0.2077
2448487.72070 0.2150
2448487.72217 0.2130
2448488.73486 0.2089
2448488.73682 0.2113
2448488.73877 0.2104
2448489.75586 0.2064
2448489.75732 0.2075
2448489.75879 0.2076
2448491.72412 0.2208
2448491.72559 0.2194
2448491.72705 0.2144
2448493.73584 0.2122
2448493.73828 0.2085
2448493.74023 0.2102
2448494.71875 0.2247
2448494.72021 0.2145
2448494.72217 0.2151
2448495.75146 0.2170
2448495.75293 0.2217
2448495.75488 0.2156
2448497.70166 0.2220
2448497.70313 0.2224
2448497.70508 0.2188
2448498.72656 0.2196
2448498.72852 0.2108
2448498.73047 0.2123
2448499.71582 0.2142
2448499.71777 0.2144
2448499.71924 0.2122
2448756.95361 0.2104
2448756.95508 0.2110
2448756.95654 0.2080
2448757.91992 0.2192
2448757.92139 0.2175
2448757.92334 0.2161
2448758.94385 0.2179
2448758.94531 0.2178
2448758.94678 0.2207
2448782.90625 0.2176
2448782.90771 0.2217
2448782.90869 0.2193
2448783.91699 0.2292
2448783.91895 0.2194
2448783.92041 0.2192
2448784.89160 0.2198
2448784.89307 0.2210
2448784.89404 0.2137
2448785.84326 0.2172
2448785.84473 0.2161
2448785.84570 0.2179
2448787.91553 0.2223
2448787.91699 0.2174
2448787.91846 0.2200
2448788.90771 0.2145
2448788.90869 0.2209
2448788.91016 0.2144
2448792.87793 0.2211
2448792.87988 0.2185
2448792.88184 0.2206
2448793.90820 0.2153
2448793.91016 0.2126
2448793.91162 0.2069
2448794.89990 0.2138
2448794.90186 0.2117
2448794.90332 0.2092
2448795.88965 0.2089
2448795.89111 0.2134
2448795.89307 0.2127
2448797.94727 0.2213
2448797.94922 0.2167
2448797.95117 0.2224
2448801.91992 0.2201
2448801.92090 0.2188
2448801.92236 0.2147
2448802.94824 0.2217
2448802.95166 0.2168
2448802.95264 0.2185
2448820.89844 0.2222
2448820.89941 0.2180
2448820.90088 0.2170
2448831.86328 0.2147
2448831.86475 0.2147
2448831.86621 0.2133
2448834.86523 0.2152
2448834.86670 0.2142
2448834.86865 0.2147
2448836.86572 0.2127
2448836.86719 0.2120
2448836.86914 0.2149
2448839.86279 0.2067
2448839.86377 0.2132
2448839.86523 0.2137
2448841.84375 0.2187
2448841.84521 0.2222
2448841.84668 0.2143
2448842.82324 0.2292
2448842.82471 0.2253
2448842.82568 0.2223
2448843.83350 0.2150
2448843.83496 0.2161
2448843.83594 0.2200
2448844.80273 0.2110
2448844.80371 0.2114
2448844.80518 0.2218
2448846.83105 0.2189
2448846.83203 0.2176
2448846.83350 0.2161
2448847.82861 0.2185
2448847.83008 0.2212
2448847.83154 0.2265
2448849.84863 0.2101
2448849.85010 0.2122
2448849.85156 0.2264
2448850.84961 0.2169
2448850.85107 0.2206
2448850.85205 0.2151
2448851.82617 0.2195
2448851.82715 0.2217
2448851.82861 0.2210
2448853.76221 0.2107
2448853.76367 0.2192
2448853.76514 0.2194
2448855.77686 0.2176
2448855.77783 0.2177
2448855.77930 0.2238
2448857.78955 0.2117
2448857.79102 0.2066
2448857.79248 0.2126
2448858.76855 0.2142
2448858.76953 0.2147
2448858.77100 0.2148
2448859.80078 0.2103
2448859.80225 0.2160
2448859.80371 0.2074
2448860.76318 0.2138
2448860.76465 0.2143
2448860.76611 0.2123
2448862.76514 0.2118
2448862.76660 0.2077
2448862.76807 0.2089
2448865.77686 0.2096
2448865.77832 0.2092
2448865.77930 0.2090
2448870.73633 0.2179
2448870.73730 0.2173
2448870.73877 0.2152
2448871.75879 0.2143
2448871.76025 0.2252
2448871.76172 0.2180
2448872.80225 0.2290
2448872.80371 0.2279
2448872.80469 0.2244
2448873.70947 0.2120
2448873.71094 0.2227
2448873.71240 0.2160
2448874.71924 0.2090
2448874.72070 0.2157
2448874.72217 0.2111
2448875.70752 0.2185
2448875.70898 0.2107
2448875.71045 0.2140
2448877.72314 0.2204
2448877.72412 0.2175
2448877.72559 0.2149
2448878.72559 0.2127
2448878.72656 0.2146
2448878.72803 0.2099
2448879.76172 0.2143
2448879.76318 0.2129
2448879.76416 0.2174
2448880.69678 0.2121
2448880.69824 0.2110
2448880.69922 0.2159
2448881.74756 0.2137
2448881.74902 0.2157
2448881.75049 0.2179
2448885.72217 0.2081
2448885.72363 0.2141
2448885.72461 0.2162
2448886.67627 0.2148
2448886.67773 0.2143
2448886.67920 0.2154
2448887.71729 0.2132
2448887.71924 0.2136
2448887.72070 0.2164
2448888.71973 0.2173
2448888.72119 0.2172
2448888.72266 0.2140
2448891.70020 0.2226
2448891.70117 0.2218
2448891.70264 0.2292
2448893.66260 0.2190
2448893.66455 0.2228
2448893.66553 0.2182
2448894.68506 0.2188
2448894.68652 0.2217
2448894.68848 0.2185
2448897.67285 0.2154
2448897.67432 0.2163
2448897.67627 0.2185
2448900.63672 0.2168
2448900.63818 0.2206
2448900.63965 0.2170
2448902.68555 0.2171
2448902.68701 0.2113
2448902.68848 0.2170
2448903.68408 0.2205
2448903.68555 0.2209
2448903.68701 0.2145
2448904.66748 0.2151
2448904.66895 0.2122
2448904.67041 0.2101
2448905.67432 0.2167
2448905.67529 0.2201
2448905.67676 0.2203
2448907.68018 0.2245
2448907.68164 0.2177
2448907.68359 0.2181
2448908.69238 0.2281
2448908.69336 0.2197
2448908.69482 0.2247
2448910.65869 0.2181
2448910.66016 0.2167
2448910.66162 0.2134
2448915.65967 0.2151
2448915.66113 0.2128
2448915.66260 0.2271
2448918.63379 0.2261
2448918.63477 0.2238
2448918.63623 0.2133
2449162.93213 0.2181
2449162.93359 0.2186
2449162.93506 0.2167
2449172.87549 0.2199
2449172.87988 0.2094
2449172.88428 0.2147
2449174.90039 0.2109
2449174.90381 0.2111
2449174.90674 0.2116
2449175.87793 0.2116
2449175.88086 0.2194
2449175.88379 0.2172
2449186.91064 0.2323
2449186.91309 0.2226
2449186.91553 0.2303
2449189.87793 0.2043
2449189.88184 0.2117
2449189.88623 0.2072
2449191.88184 0.2099
2449191.88574 0.2108
2449191.88965 0.2140
2449193.86914 0.2116
2449193.87305 0.2043
2449193.87744 0.2080
2449195.88574 0.2156
2449195.88916 0.2200
2449195.89258 0.2150
2449197.87695 0.2171
2449197.88086 0.2106
2449197.88477 0.2108
2449199.84912 0.2092
2449199.85205 0.2045
2449199.85547 0.2049
2449200.82568 0.2084
2449200.82910 0.2179
2449200.83203 0.2115
2449201.86914 0.2224
2449201.87305 0.2141
2449201.87646 0.2193
2449204.82617 0.2010
2449204.82812 0.2099
2449204.83008 0.2111
2449206.85059 0.2162
2449206.85303 0.2208
2449206.85498 0.2054
2449207.82812 0.2329
2449207.83008 0.2303
2449207.83203 0.2286
2449209.83691 0.2194
2449209.83838 0.2120
2449209.84033 0.2230
2449211.78564 0.2132
2449211.78857 0.2058
2449211.79199 0.2095
2449214.81152 0.2218
2449214.81299 0.2127
2449214.81494 0.2116
2449215.81006 0.2105
2449215.81201 0.2091
2449215.81348 0.2148
2449237.75000 0.2086
2449237.75146 0.2229
2449237.75293 0.2136
2449254.70947 0.2216
2449254.71094 0.2167
2449254.71289 0.2171
2449269.65332 0.2163
2449269.65479 0.2210
2449269.65625 0.2193
2449284.61621 0.2296
2449284.61768 0.2251
2449284.61914 0.2271
2449514.94287 0.2151
2449514.94434 0.2143
2449514.94531 0.2105
2449525.93604 0.2214
2449525.93701 0.2201
2449525.93848 0.2254
2449541.87061 0.2065
2449541.87158 0.2158
2449541.87305 0.2159
2449549.87012 0.2212
2449549.87158 0.2363
2449549.87256 0.2313
2449559.81885 0.2183
2449559.82031 0.2224
2449559.82129 0.2181
2449565.77637 0.2167
2449565.77783 0.2151
2449565.77881 0.2100
2449579.79834 0.2124
2449579.79883 0.2060
2449579.79980 0.2112
2449584.78271 0.2230
2449584.78369 0.2229
2449584.78467 0.2157
2449603.68506 0.2173
2449603.68652 0.2140
2449603.68750 0.2171
2449611.68799 0.2237
2449611.68896 0.2193
2449611.69043 0.2233
2449635.65186 0.2236
2449635.65283 0.2167
2449635.65381 0.2260
2449644.63818 0.2162
2449644.63916 0.2215
2449644.64014 0.2146
