44023.80000 0.3230
45592.67000 0.3205
45592.67400 0.3373
45592.67700 0.3541
45593.67700 0.2960
45593.68100 0.3354
45593.68600 0.3939
45594.66700 0.3404
45594.67100 0.3467
45594.67600 0.3580
45595.66100 0.3051
45595.66600 0.3138
45595.67000 0.3267
45618.68200 0.3306
45618.68700 0.3527
45618.69300 0.3016
45644.59800 0.2789
45644.60400 0.2693
45644.61100 0.2594
45645.68600 0.3206
45645.69100 0.3119
45645.69700 0.3377
46266.90430 0.3380
46266.90845 0.3375
46266.91260 0.3432
46268.90698 0.3368
46268.90942 0.3507
46268.91187 0.3583
46269.79443 0.3470
46269.79688 0.3342
46269.79907 0.3513
46271.90137 0.3393
46271.90405 0.3412
46271.90674 0.3536
46272.81323 0.3371
46272.81665 0.3328
46272.82007 0.3339
46274.77881 0.3495
46274.78296 0.3386
46274.78687 0.3274
46275.82520 0.3304
46275.82861 0.3439
46275.83276 0.3490
46276.78760 0.3315
46276.79150 0.3376
46276.79492 0.3224
46277.81299 0.3466
46277.81616 0.3291
46277.81982 0.3416
46278.78955 0.3098
46278.79419 0.3175
46278.79834 0.3186
46279.80078 0.3482
46279.80444 0.3434
46279.80811 0.3313
46280.76953 0.3311
46280.77393 0.3305
46280.77759 0.3258
46281.82227 0.3442
46281.82715 0.3341
46281.83228 0.3157
46282.75439 0.3111
46282.75854 0.3126
46282.76221 0.3117
46283.79639 0.3343
46283.79932 0.3477
46283.80225 0.3519
46284.79395 0.3348
46284.79761 0.3348
46284.80103 0.3453
46285.77393 0.3369
46285.77734 0.3209
46285.78027 0.3223
46286.77832 0.5979
46286.78198 0.6030
46286.78589 0.5867
46287.79517 0.3327
46287.79834 0.3376
46287.80127 0.3194
46288.73389 0.3592
46288.73706 0.3521
46288.74072 0.3335
46289.77515 0.3196
46289.77856 0.3404
46289.78174 0.3513
46290.79639 0.3327
46290.80103 0.3324
46290.80444 0.3477
46291.76465 0.3499
46291.76709 0.3518
46291.76953 0.3385
46292.79102 0.3390
46292.79297 0.3515
46292.79517 0.3493
46293.80420 0.3445
46293.80737 0.3225
46293.81055 0.3341
46295.79150 0.3503
46295.79492 0.3392
46295.79834 0.3347
46297.79126 0.3223
46297.79443 0.3370
46297.79736 0.3205
46302.75391 0.3279
46302.75757 0.3249
46302.76074 0.3088
46303.72046 0.3355
46303.72314 0.3299
46303.72583 0.3304
46304.73218 0.3175
46304.73560 0.3273
46304.73901 0.3022
46309.74731 0.3288
46309.75049 0.3201
46309.75366 0.3233
46310.82861 0.3357
46310.83130 0.3302
46310.83398 0.3368
46311.70532 0.3107
46311.71021 0.3095
46311.71558 0.2967
46316.77100 0.3279
46316.77515 0.3353
46316.77930 0.3225
46321.75952 0.3255
46321.76367 0.3385
46321.76831 0.3372
46322.76245 0.3110
46322.76563 0.3261
46322.76904 0.3110
46323.75220 0.3267
46323.75537 0.3268
46323.75806 0.3273
46324.77100 0.3210
46324.77563 0.3100
46324.78101 0.3108
46325.76099 0.3275
46325.76514 0.3221
46325.76953 0.3225
46329.69043 0.3432
46329.69360 0.3295
46329.69678 0.3283
46330.67944 0.3317
46330.68335 0.3363
46330.68701 0.3204
46331.73633 0.3252
46331.73950 0.3434
46331.74268 0.3220
46332.69238 0.3203
46332.69629 0.3215
46332.70044 0.3149
46334.71704 0.3238
46334.72095 0.3136
46334.72461 0.3318
46340.66162 0.3209
46340.66406 0.3292
46340.66650 0.3452
46341.64429 0.3169
46341.64697 0.3449
46341.64990 0.3136
46343.71167 0.3297
46343.71509 0.3275
46354.66309 0.3306
46354.66650 0.3128
46354.66992 0.3174
46357.64453 0.3252
46357.64844 0.3174
46357.65259 0.3138
46358.66602 0.3092
46358.66992 0.3241
46358.67456 0.3087
46362.63867 0.3317
46362.64185 0.3283
46362.64526 0.3111
