2439368.80000 0.1839
2439370.80000 0.1937
2439390.80000 0.1821
2439391.80000 0.1863
2439422.80000 0.1926
2439423.80000 0.1950
2439487.80000 0.1828
2439515.80000 0.1773
2439516.80000 0.1780
2439786.80000 0.1811
2439787.80000 0.1816
2439816.80000 0.1736
2439833.80000 0.1957
2440105.80000 0.1766
2440106.80000 0.1828
2440107.80000 0.1828
2440139.80000 0.1974
2440140.80000 0.1940
2440167.80000 0.1917
2440168.80000 0.1875
2440169.80000 0.1902
2440455.80000 0.1838
2440456.80000 0.1902
2440457.80000 0.1907
2440495.80000 0.1919
2440496.80000 0.1907
2440497.80000 0.1969
2440499.80000 0.1891
2440519.80000 0.1890
2440520.80000 0.1864
2440557.80000 0.1928
2440558.80000 0.1847
2440570.80000 0.2015
2440572.80000 0.1928
2440610.80000 0.1961
2440611.80000 0.2049
2440612.80000 0.1968
2440613.80000 0.2047
2440843.80000 0.1910
2440844.80000 0.1915
2440845.80000 0.1876
2440911.80000 0.1887
2440912.80000 0.1850
2440960.80000 0.1844
2440961.80000 0.1832
2440962.80000 0.1917
2441202.80000 0.1938
2441250.80000 0.1929
2441262.80000 0.1950
2441263.80000 0.1864
2441264.80000 0.1808
2441286.80000 0.1902
2441314.80000 0.1944
2441349.80000 0.1884
2441554.80000 0.1998
2441589.80000 0.1861
2441590.80000 0.1912
2441591.80000 0.2026
2441614.80000 0.2034
2441615.80000 0.1990
2441617.80000 0.1915
2441618.80000 0.1935
2441641.80000 0.1929
2441642.80000 0.1905
2441643.80000 0.1907
2441644.80000 0.1980
2441669.80000 0.1863
2441671.80000 0.1999
2441702.80000 0.1898
2441703.80000 0.1881
2441942.80000 0.2026
2441943.80000 0.1944
2441944.80000 0.1986
2441959.80000 0.1923
2441960.80000 0.1933
2441961.80000 0.1985
2442016.80000 0.2017
2442046.80000 0.1889
2442061.80000 0.1874
2442085.80000 0.1935
2442086.80000 0.1917
2442282.80000 0.1944
2442283.80000 0.1953
2442284.80000 0.1881
2442285.80000 0.1934
2442329.80000 0.1875
2442330.80000 0.1857
2442331.80000 0.1872
2442349.80000 0.1926
2442380.80000 0.1814
2442382.80000 0.1928
2442431.80000 0.1915
2442432.80000 0.1821
2442438.80000 0.1766
2442646.80000 0.1806
2442675.80000 0.1923
2442676.80000 0.1837
2442678.80000 0.1936
2442702.80000 0.1802
2442731.80000 0.1754
2442732.80000 0.1821
2442763.80000 0.1795
2442764.80000 0.1832
2442765.80000 0.1832
2442793.80000 0.1709
2442794.80000 0.1719
2443024.80000 0.1816
2443060.80000 0.1829
2443061.80000 0.1829
2443063.80000 0.1787
2443110.80000 0.1851
2443111.80000 0.1751
2443112.80000 0.1787
2443113.80000 0.1705
2443146.80000 0.1806
2443172.80000 0.1732
2443173.80000 0.1773
2443174.80000 0.1761
2443175.80000 0.1839
2443176.80000 0.1772
2443414.80000 0.1539
2443477.80000 0.1630
2443478.80000 0.1742
2443742.80000 0.1862
2443743.80000 0.1869
2443780.80000 0.1899
2443824.80000 0.1943
2443892.80000 0.1862
2444172.80000 0.1942
2444190.80000 0.1915
2444200.80000 0.1878
2444224.80000 0.1943
2444260.80000 0.1892
2444641.66602 0.1751
2444641.66699 0.1766
2444641.66803 0.1822
2444849.98999 0.1787
2444849.99103 0.1765
2444849.99298 0.1792
2444850.94897 0.1848
2444850.95099 0.1837
2444850.95203 0.1823
2444861.98297 0.1862
2444861.98401 0.1848
2444861.98602 0.1810
2444868.97601 0.1785
2444868.97699 0.1789
2444868.97699 0.1830
2444870.92798 0.1831
2444870.92902 0.1786
2444870.92999 0.1781
2444874.89600 0.1852
2444874.89697 0.1869
2444874.89801 0.1814
2444899.93701 0.1826
2444899.93799 0.1877
2444899.93903 0.1897
2445026.63696 0.1780
2445026.63904 0.1828
2445026.64099 0.1780
2445211.96594 0.1790
2445211.96704 0.1743
2445211.96802 0.1760
2445215.97205 0.1688
2445215.97400 0.1713
2445215.97498 0.1700
2445217.95203 0.1737
2445217.95300 0.1758
2445217.95398 0.1749
2445223.96899 0.1847
2445223.97095 0.1757
2445223.97302 0.1796
2445224.99402 0.1657
2445224.99500 0.1689
2445224.99695 0.1734
2445225.98706 0.1743
2445225.98804 0.1743
2445225.98999 0.1704
2445240.91699 0.1770
2445240.91895 0.1687
2445240.92004 0.1702
2445249.94995 0.1777
2445249.95203 0.1770
2445249.95398 0.1704
2445250.92102 0.1721
2445250.92297 0.1711
2445250.92603 0.1724
2445251.92297 0.1746
2445251.92505 0.1736
2445251.92700 0.1767
2445252.85596 0.1767
2445252.85803 0.1798
2445252.85999 0.1823
2445253.91394 0.1748
2445253.91602 0.1743
2445253.91797 0.1777
2445297.76904 0.1706
2445297.77002 0.1758
2445297.77197 0.1805
2445312.78198 0.1797
2445312.78601 0.1800
2445312.79004 0.1793
2445317.71802 0.1785
2445317.71997 0.1716
2445317.72205 0.1778
2445321.69299 0.1852
2445321.69397 0.1846
2445321.69604 0.1820
2445342.78796 0.1721
2445342.79199 0.1745
2445342.79602 0.1855
2445346.64001 0.1753
2445346.64099 0.1745
2445346.64197 0.1760
2445569.01600 0.1798
2445569.01700 0.1785
2445569.01900 0.1754
2445575.99200 0.1753
2445575.99300 0.1729
2445575.99400 0.1745
2445578.02800 0.1805
2445578.02900 0.1776
2445578.03000 0.1805
2445579.97800 0.1748
2445579.97900 0.1744
2445579.98000 0.1739
2445588.95700 0.1799
2445588.95700 0.1711
2445588.95800 0.1772
2445590.98200 0.1819
2445590.98300 0.1777
2445590.98400 0.1749
2445593.00100 0.1814
2445593.00200 0.1840
2445593.00300 0.1806
2445593.94700 0.1811
2445593.94800 0.1787
2445593.94800 0.1824
2445597.94500 0.1785
2445597.94600 0.1812
2445597.94700 0.1857
2445626.80300 0.1797
2445626.80500 0.1799
2445626.80600 0.1743
2445633.83300 0.1831
2445633.83400 0.1749
2445633.83500 0.1818
2445635.81700 0.1856
2445635.81800 0.1771
2445635.82000 0.1789
2445641.80000 0.1869
2445641.80200 0.1876
2445641.80300 0.1882
2445642.74000 0.1767
2445642.74100 0.1873
2445642.74200 0.1823
2445647.80900 0.1886
2445647.81000 0.1918
2445647.81100 0.1892
2445654.78100 0.1793
2445654.78200 0.1797
2445654.78300 0.1807
2445658.79900 0.1810
2445658.80000 0.1866
2445658.80200 0.1726
2445666.79100 0.1861
2445666.79200 0.1848
2445666.79400 0.1863
2445672.88700 0.1782
2445672.89200 0.1814
2445672.89500 0.1804
2445683.64900 0.1849
2445683.65000 0.1898
2445683.65200 0.1869
2445686.76500 0.1879
2445686.76600 0.1830
2445686.76800 0.1879
2445687.75300 0.1839
2445687.75400 0.1856
2445687.75500 0.1775
2445688.74500 0.1889
2445688.74700 0.1859
2445688.74800 0.1907
2445704.81200 0.1862
2445704.81300 0.1780
2445704.81500 0.1772
2445706.69400 0.1920
2445706.69500 0.1901
2445706.69600 0.1769
2445707.70400 0.1818
2445707.70500 0.1734
2445707.70600 0.1759
2445708.72000 0.1797
2445708.72100 0.1737
2445708.72200 0.1724
2445710.73100 0.1782
2445710.73200 0.1790
2445710.73300 0.1767
2445711.68700 0.1837
2445711.68900 0.1792
2445711.69000 0.1802
2445714.69200 0.1805
2445714.69300 0.1829
2445714.69400 0.1785
2445716.69500 0.1850
2445716.69700 0.1889
2445716.69800 0.1894
2445723.69000 0.1782
2445723.69400 0.1781
2445723.70400 0.1790
2445724.65700 0.1823
2445724.65800 0.1830
2445724.66000 0.1771
2445725.69400 0.1913
2445725.69400 0.1856
2445725.69500 0.1959
2445727.71300 0.1807
2445727.71500 0.1789
2445727.71600 0.1830
2445728.70300 0.1803
2445728.70400 0.1850
2445728.70500 0.1765
2445735.61800 0.1700
2445735.61900 0.1736
2445735.62000 0.1727
2445736.64300 0.1722
2445736.64300 0.1748
2445736.64400 0.1740
2445737.63900 0.1815
2445737.64000 0.1759
2445737.64100 0.1805
2445738.62200 0.1707
2445738.62300 0.1732
2445738.62300 0.1767
2445741.64600 0.1754
2445741.64700 0.1745
2445741.64800 0.1729
2445918.94409 0.1826
2445918.94470 0.1896
2445918.94531 0.1860
2445919.97473 0.1815
2445919.97583 0.1880
2445919.97681 0.1839
2445934.01404 0.1872
2445934.01526 0.1889
2445934.01599 0.1837
2445935.98975 0.1863
2445935.99036 0.1827
2445935.99109 0.1827
2445936.96582 0.2024
2445936.96643 0.2040
2445936.96716 0.1975
2445937.97644 0.1982
2445937.97791 0.2096
2445937.97852 0.2024
2445941.97717 0.1796
2445941.97815 0.1770
2445941.97888 0.1760
2445944.00232 0.1888
2445944.00293 0.1880
2445944.00354 0.1974
2445944.99585 0.1831
2445944.99658 0.1841
2445944.99731 0.1833
2445948.98035 0.2449
2445948.98096 0.2392
2445948.98157 0.2374
2445950.99487 0.1948
2445950.99561 0.1880
2445950.99634 0.1932
2445959.97058 0.1942
2445959.97144 0.1918
2445959.97229 0.1909
2445964.98059 0.1933
2445964.98181 0.1925
2445964.98328 0.1911
2445965.99316 0.1918
2445965.99414 0.1826
2445965.99512 0.1948
2445970.92798 0.1974
2445970.92883 0.1900
2445970.92957 0.1999
2445972.96667 0.1945
2445972.96729 0.1873
2445972.96802 0.1905
2445976.95435 0.1863
2445976.95508 0.1935
2445976.95569 0.1941
2445981.94849 0.1912
2445981.94934 0.1867
2445981.95020 0.1875
2445982.94189 0.1961
2445982.94275 0.1910
2445982.94348 0.1928
2445987.94885 0.1948
2445987.94995 0.2067
2445987.95105 0.1960
2445995.94397 0.1916
2445995.94519 0.1941
2445995.94641 0.1902
2445996.93347 0.1895
2445996.93445 0.1878
2445996.93542 0.1877
2445999.89185 0.1849
2445999.89282 0.1878
2445999.89368 0.1910
2446000.92639 0.1886
2446000.92712 0.1968
2446000.92810 0.1869
2446002.92664 0.1936
2446002.92737 0.1884
2446002.92810 0.1909
2446003.91162 0.1867
2446003.91272 0.1864
2446003.91357 0.1893
2446007.93433 0.1937
2446007.93567 0.1937
2446007.93701 0.1978
2446009.90320 0.1927
2446009.90430 0.1963
2446009.90527 0.1941
2446019.80054 0.1948
2446019.80176 0.1957
2446019.80298 0.1938
2446020.88379 0.1879
2446020.88550 0.1924
2446020.88684 0.1892
2446024.80542 0.1888
2446024.80652 0.1925
2446024.80750 0.1936
2446028.80090 0.1830
2446028.80200 0.1820
2446028.80322 0.1852
2446033.76709 0.1949
2446033.76917 0.1923
2446033.77124 0.1919
2446036.86133 0.1876
2446036.86255 0.1894
2446036.86377 0.1908
2446051.81396 0.1914
2446051.81519 0.1918
2446051.81616 0.1900
2446068.72998 0.1924
2446068.73145 0.1973
2446068.73291 0.1874
2446069.70972 0.1857
2446069.71118 0.1803
2446069.71289 0.1935
2446070.72974 0.1915
2446070.73096 0.1911
2446070.73218 0.1830
2446085.88550 0.1897
2446085.89087 0.1893
2446085.89648 0.1924
2446110.64722 0.1878
2446110.64844 0.1821
2446110.64966 0.1939
2446111.62207 0.1888
2446111.62305 0.1916
2446111.62427 0.1886
2446112.62866 0.1851
2446112.62964 0.1880
2446112.63086 0.1848
2446113.64209 0.1820
2446113.64331 0.1871
2446113.64478 0.1856
2446119.65479 0.1889
2446119.65625 0.1891
2446119.65771 0.1930
2446120.63721 0.1853
2446120.63892 0.1919
2446120.64087 0.1880
2446121.63013 0.1854
2446121.63110 0.1845
2446121.63232 0.1821
2446304.00244 0.1865
2446304.00342 0.1860
2446304.00391 0.1884
2446310.01123 0.1882
2446310.01196 0.1891
2446310.01294 0.1885
2446321.98291 0.1839
2446321.98364 0.1835
2446321.98413 0.1883
2446322.98804 0.1860
2446322.98877 0.1850
2446322.98975 0.1849
2446325.00391 0.1877
2446325.00464 0.1872
2446325.00562 0.1849
2446325.98120 0.1882
2446325.98218 0.1936
2446325.98315 0.1904
2446328.95947 0.1799
2446328.96021 0.1807
2446328.96094 0.1817
2446329.96387 0.1811
2446329.96460 0.1819
2446329.96509 0.1848
2446330.98608 0.1824
2446330.98706 0.1821
2446330.98779 0.1850
2446332.97021 0.1942
2446332.97144 0.1930
2446332.97241 0.1934
2446334.98584 0.1873
2446334.98682 0.1849
2446334.98755 0.1876
2446338.91772 0.1873
2446338.91846 0.1886
2446338.91919 0.1841
2446339.91992 0.1817
2446339.92090 0.1837
2446339.92188 0.1813
2446340.80054 0.1902
2446340.80127 0.1874
2446340.80225 0.1870
2446341.91895 0.1845
2446341.91992 0.1867
2446341.92065 0.1852
2446354.91895 0.1871
2446354.92017 0.1907
2446354.92114 0.1904
2446356.93945 0.1882
2446356.94019 0.1839
2446356.94092 0.1882
2446358.88696 0.1882
2446358.88745 0.1885
2446358.88843 0.1863
2446361.92456 0.1870
2446361.92529 0.1872
2446361.92603 0.1847
2446362.93091 0.1894
2446362.93164 0.1851
2446362.93237 0.1875
2446363.91602 0.1847
2446363.91675 0.1863
2446363.91748 0.1808
2446365.90308 0.1843
2446365.90405 0.1890
2446365.90503 0.1824
2446368.90942 0.1937
2446368.91016 0.1889
2446368.91089 0.1885
2446369.92212 0.1955
2446369.92310 0.2001
2446369.92407 0.1927
2446370.93750 0.1926
2446370.93848 0.1906
2446370.93945 0.1916
2446372.80762 0.1869
2446372.80859 0.1864
2446372.80933 0.1895
2446374.80566 0.1961
2446374.80640 0.1956
2446374.80713 0.1942
2446375.92261 0.1947
2446375.92334 0.1969
2446375.92407 0.1972
2446376.86792 0.1917
2446376.86890 0.1909
2446376.86963 0.1878
2446382.90430 0.1954
2446382.90503 0.1933
2446382.90576 0.1916
2446383.87207 0.1974
2446383.87305 0.1925
2446383.87402 0.1930
2446384.89697 0.1953
2446384.89795 0.1887
2446384.89893 0.1938
2446385.89746 0.1932
2446385.89819 0.1910
2446385.89917 0.1973
2446388.90576 0.1964
2446388.90649 0.1968
2446388.90747 0.1943
2446390.87549 0.1982
2446390.87646 0.1942
2446390.87744 0.1892
2446391.87915 0.1957
2446391.88013 0.1926
2446391.88110 0.1932
2446392.77490 0.1988
2446392.77563 0.1938
2446392.77661 0.1878
2446397.82471 0.1935
2446397.82593 0.1902
2446397.82739 0.1936
2446405.71680 0.1955
2446405.71753 0.1846
2446405.71826 0.1832
2446406.77905 0.1893
2446406.78003 0.1924
2446406.78076 0.1903
2446407.79175 0.1853
2446407.79248 0.1899
2446407.79370 0.1916
2446409.76099 0.1893
2446409.76196 0.1900
2446409.76270 0.1853
2446414.75928 0.1922
2446414.76025 0.1917
2446414.76147 0.1921
2446415.77515 0.1881
2446415.77612 0.1896
2446415.77759 0.1842
2446417.77319 0.1906
2446417.77417 0.1890
2446417.77515 0.1912
2446418.77051 0.1939
2446418.77148 0.1938
2446418.77222 0.1963
2446420.79492 0.1878
2446420.79590 0.1884
2446420.79663 0.1904
2446421.77197 0.1910
2446421.77295 0.1894
2446421.77368 0.1895
2446426.78174 0.1963
2446426.78271 0.1948
2446426.78369 0.1940
2446427.77661 0.1922
2446427.77759 0.1923
2446427.77832 0.1939
2446438.67554 0.1916
2446438.67627 0.1889
2446438.67700 0.1860
2446439.73242 0.1859
2446439.73340 0.1872
2446439.73413 0.1826
2446441.73926 0.1837
2446441.74048 0.1837
2446441.74146 0.1819
2446442.71924 0.1876
2446442.71997 0.1945
2446442.72070 0.1915
2446443.72876 0.1888
2446443.72949 0.1908
2446443.73022 0.1858
2446444.69238 0.1815
2446444.69336 0.1906
2446444.69385 0.1873
2446447.68018 0.1851
2446447.68091 0.1856
2446447.68164 0.1874
2446448.69214 0.1901
2446448.69287 0.1851
2446448.69360 0.1854
2446450.71851 0.1882
2446450.71924 0.1868
2446450.71997 0.1872
2446451.67236 0.1885
2446451.67310 0.1874
2446451.67407 0.1876
2446452.67578 0.1908
2446452.67676 0.1859
2446452.67773 0.1864
2446453.62500 0.1878
2446453.62622 0.1845
2446453.62720 0.1850
2446455.66382 0.1911
2446455.66455 0.1912
2446455.66553 0.1931
2446456.67969 0.1906
2446456.68042 0.1868
2446456.68115 0.1951
2446457.70068 0.1893
2446457.70142 0.1925
2446457.70239 0.1916
2446459.63916 0.1942
2446459.64014 0.1950
2446459.64087 0.1918
2446463.68237 0.1944
2446463.68311 0.1969
2446463.68384 0.1961
2446467.63696 0.1921
2446467.63818 0.1853
2446467.63916 0.1878
2446470.66260 0.1900
2446470.66357 0.1872
2446470.66455 0.1864
2446471.62598 0.1935
2446471.62695 0.1873
2446471.62769 0.1849
2446472.64600 0.1882
2446472.64697 0.1860
2446472.64771 0.1854
2446483.63843 0.1861
2446483.63940 0.1838
2446483.64038 0.1804
2446486.62280 0.1888
2446486.62378 0.1895
2446486.62476 0.1906
2446673.99121 0.1831
2446673.99194 0.1918
2446673.99292 0.1870
2446674.99268 0.1775
2446674.99365 0.1734
2446674.99463 0.1801
2446677.01782 0.1802
2446677.01880 0.1794
2446677.01953 0.1880
2446678.96826 0.1813
2446678.96924 0.1738
2446678.96997 0.1771
2446680.00513 0.1862
2446680.00610 0.1795
2446680.00708 0.1817
2446685.97803 0.1837
2446685.97900 0.1797
2446685.97974 0.1799
2446686.99463 0.1820
2446686.99585 0.1801
2446686.99707 0.1792
2446687.99219 0.1792
2446687.99316 0.1749
2446687.99414 0.1838
2446690.00195 0.1807
2446690.00317 0.1846
2446690.00415 0.1811
2446690.98633 0.1822
2446690.98730 0.1743
2446690.98804 0.1833
2446691.97119 0.1846
2446691.97217 0.1755
2446691.97290 0.1740
2446702.95361 0.1785
2446702.95459 0.1744
2446702.95557 0.1841
2446706.96704 0.1841
2446706.96826 0.1761
2446706.96948 0.1763
2446707.93970 0.1783
2446707.94189 0.1781
2446707.94360 0.1864
2446708.97559 0.1777
2446708.97705 0.1769
2446708.97827 0.1823
2446710.95654 0.1780
2446710.95752 0.1817
2446710.95825 0.1791
2446711.94702 0.1897
2446711.94800 0.1830
2446711.94897 0.1787
2446712.95093 0.1780
2446712.95190 0.1780
2446712.95264 0.1770
2446716.93604 0.1777
2446716.93701 0.1792
2446716.93799 0.1769
2446717.97998 0.1841
2446717.98096 0.1827
2446717.98193 0.1864
2446720.92969 0.1845
2446720.93091 0.1897
2446720.93237 0.1857
2446721.92603 0.1852
2446721.92847 0.1866
2446721.93091 0.1809
2446723.91309 0.1772
2446723.91406 0.1834
2446723.91504 0.1761
2446724.92383 0.1878
2446724.92480 0.1785
2446724.92578 0.1897
2446726.88647 0.1819
2446726.88745 0.1829
2446726.88843 0.1805
2446727.87231 0.1854
2446727.87354 0.1832
2446727.87476 0.1890
2446731.89722 0.1818
2446731.89819 0.1851
2446731.89917 0.1837
2446733.90942 0.1863
2446733.91064 0.1940
2446733.91162 0.1821
2446736.89233 0.1832
2446736.89355 0.1813
2446736.89526 0.1834
2446738.89673 0.1842
2446738.89795 0.1852
2446738.89893 0.1785
2446739.87329 0.1791
2446739.87427 0.1773
2446739.87500 0.1742
2446740.87500 0.1739
2446740.87598 0.1812
2446740.87695 0.1743
2446741.80420 0.1862
2446741.80688 0.1823
2446741.80957 0.1791
2446744.87622 0.1755
2446744.87720 0.1689
2446744.87842 0.1736
2446746.87964 0.1841
2446746.88110 0.1809
2446746.88232 0.1783
2446747.87549 0.1885
2446747.87622 0.1794
2446747.87720 0.1774
2446748.88892 0.1815
2446748.89038 0.1789
2446748.89185 0.1806
2446754.81006 0.1840
2446754.81128 0.1819
2446754.81250 0.1792
2446766.77246 0.1691
2446766.77417 0.1792
2446766.78467 0.1838
2446767.78174 0.1740
2446767.78271 0.1760
2446767.78369 0.1780
2446768.78662 0.1841
2446768.78906 0.1754
2446768.79150 0.1726
2446772.74951 0.1904
2446772.75171 0.1799
2446772.75391 0.1744
2446773.79712 0.1827
2446773.79834 0.1808
2446773.79980 0.1881
2446776.74609 0.1783
2446776.74731 0.1768
2446776.74854 0.1744
2446778.76025 0.1796
2446778.76245 0.1824
2446778.76392 0.1783
2446779.76392 0.1831
2446779.76733 0.1803
2446779.77148 0.1817
2446782.75293 0.1926
2446782.75391 0.1850
2446782.75537 0.1808
2446791.69824 0.1840
2446791.69946 0.1855
2446791.70093 0.1778
2446803.70557 0.1882
2446803.70728 0.1795
2446803.70874 0.1873
2446806.70410 0.1831
2446806.70557 0.1789
2446806.70679 0.1852
2446807.70337 0.1907
2446807.70459 0.1848
2446807.70581 0.1891
2446812.68457 0.1731
2446812.68750 0.1750
2446812.69043 0.1791
2446813.66162 0.1753
2446813.66406 0.1658
2446813.66626 0.1740
2446816.64038 0.1844
2446816.64355 0.1751
2446816.64648 0.1755
2446817.69360 0.1742
2446817.69678 0.1773
2446817.69971 0.1733
2446831.64355 0.1770
2446831.64648 0.1761
2446831.64917 0.1746
2447024.99512 0.1860
2447024.99634 0.1821
2447024.99756 0.1851
2447027.98999 0.1832
2447027.99072 0.1867
2447027.99170 0.1866
2447032.00342 0.1828
2447032.00439 0.1862
2447032.00537 0.1834
2447034.99561 0.1772
2447034.99634 0.1815
2447034.99707 0.1790
2447035.98047 0.1824
2447035.98096 0.1836
2447035.98169 0.1795
2447036.99487 0.1814
2447036.99561 0.1864
2447036.99634 0.1859
2447038.97437 0.1855
2447038.97534 0.1877
2447038.97607 0.1838
2447044.98340 0.1883
2447044.98438 0.1887
2447044.98560 0.1917
2447045.96851 0.1936
2447045.96948 0.1955
2447045.97021 0.1982
2447046.97119 0.1903
2447046.97217 0.1873
2447046.97314 0.1893
2447050.99731 0.1862
2447050.99829 0.1874
2447050.99927 0.1953
2447053.95898 0.1868
2447053.95996 0.1852
2447053.96069 0.1879
2447054.97217 0.1934
2447054.97314 0.1913
2447054.97412 0.1861
2447055.96313 0.1878
2447055.96411 0.1844
2447055.96509 0.1780
2447057.97607 0.1842
2447057.97705 0.1869
2447057.97803 0.1833
2447059.01245 0.1862
2447059.01343 0.1831
2447059.01416 0.1816
2447060.96216 0.1868
2447060.96338 0.1908
2447060.96436 0.1806
2447064.94800 0.1831
2447064.94873 0.1796
2447064.94971 0.1805
2447068.01392 0.1788
2447068.01489 0.1800
2447068.01587 0.1826
2447071.90234 0.1804
2447071.90308 0.1803
2447071.90430 0.1827
2447073.94751 0.1808
2447073.94849 0.1847
2447073.94946 0.1817
2447075.93384 0.1844
2447075.93481 0.1796
2447075.93555 0.1781
2447078.92676 0.1797
2447078.92773 0.1793
2447078.92871 0.1781
2447079.94458 0.1816
2447079.94531 0.1826
2447079.94629 0.1825
2447082.92480 0.1916
2447082.92603 0.1946
2447082.92700 0.1979
2447083.92529 0.1823
2447083.92627 0.1786
2447083.92749 0.1815
2447085.93091 0.1846
2447085.93188 0.1875
2447085.93262 0.1874
2447088.94727 0.1796
2447088.94800 0.1764
2447088.94897 0.1785
2447089.94067 0.1836
2447089.94165 0.1836
2447089.94238 0.1817
2447107.86108 0.1780
2447107.86206 0.1792
2447107.86279 0.1762
2447108.83350 0.1797
2447108.83423 0.1793
2447108.83521 0.1784
2447109.80273 0.1797
2447109.80371 0.1840
2447109.80444 0.1838
2447114.87256 0.1777
2447114.87378 0.1833
2447114.87500 0.1779
2447118.88110 0.1761
2447118.88208 0.1749
2447118.88281 0.1771
2447123.80420 0.1752
2447123.80518 0.1804
2447123.80591 0.1803
2447124.79541 0.1768
2447124.79614 0.1777
2447124.79688 0.1813
2447127.86450 0.1809
2447127.86548 0.1785
2447127.86646 0.1781
2447128.83960 0.1757
2447128.84058 0.1757
2447128.84155 0.1753
2447129.85034 0.1755
2447129.85107 0.1767
2447129.85205 0.1759
2447130.84351 0.1808
2447130.84424 0.1743
2447130.84497 0.1777
2447131.77686 0.1772
2447131.77783 0.1750
2447131.77856 0.1709
2447132.84253 0.1798
2447132.84351 0.1765
2447132.84424 0.1822
2447138.87109 0.1748
2447138.87207 0.1787
2447138.87305 0.1767
2447139.84814 0.1760
2447139.84888 0.1782
2447139.84985 0.1787
2447140.77563 0.1805
2447140.77661 0.1737
2447140.77759 0.1783
2447141.84717 0.1773
2447141.84814 0.1793
2447141.84888 0.1802
2447148.69507 0.1723
2447148.69604 0.1811
2447148.69678 0.1742
2447151.69482 0.1793
2447151.69580 0.1742
2447151.69678 0.1803
2447153.66064 0.1792
2447153.66162 0.1799
2447153.66260 0.1783
2447157.80200 0.1834
2447157.80298 0.1791
2447157.80396 0.1783
2447166.73169 0.1742
2447166.73267 0.1732
2447166.73340 0.1728
2447168.71802 0.1729
2447168.71899 0.1728
2447168.71973 0.1775
2447171.71436 0.1699
2447171.71558 0.1748
2447171.71704 0.1787
2447173.67603 0.1721
2447173.67700 0.1713
2447173.67798 0.1690
2447174.71948 0.1759
2447174.72021 0.1796
2447174.72119 0.1805
2447175.68457 0.1719
2447175.68555 0.1720
2447175.68750 0.1800
2447184.69482 0.1753
2447184.69556 0.1755
2447184.69653 0.1715
2447186.77588 0.1760
2447186.77686 0.1753
2447186.77808 0.1743
2447191.71191 0.1776
2447191.71289 0.1787
2447191.71362 0.1803
2447194.69092 0.1826
2447194.69165 0.1849
2447194.69263 0.1809
2447197.68872 0.1789
2447197.68994 0.1803
2447197.69092 0.1771
2447198.67017 0.1772
2447198.67114 0.1780
2447198.67212 0.1773
2447199.70410 0.1813
2447199.70508 0.1816
2447199.70605 0.1802
2447200.66602 0.1795
2447200.66699 0.1840
2447200.66797 0.1797
2447201.69238 0.1811
2447201.69336 0.1811
2447201.69434 0.1830
2447202.68921 0.1807
2447202.69067 0.1770
2447202.69189 0.1777
2447203.65186 0.1759
2447203.65283 0.1785
2447203.65381 0.1769
2447205.66138 0.1754
2447205.66260 0.1775
2447205.66357 0.1766
2447213.63647 0.1910
2447213.63745 0.1930
2447213.63867 0.1891
2447215.60889 0.1816
2447215.60962 0.1768
2447215.61060 0.1816
2447420.97339 0.1783
2447420.97485 0.1806
2447420.97607 0.1760
2447427.00903 0.1743
2447427.01074 0.1717
2447427.01245 0.1723
2447429.00586 0.1766
2447429.00708 0.1839
2447429.00830 0.1857
2447431.98535 0.1733
2447431.98682 0.1743
2447431.98828 0.1734
2447432.99341 0.1771
2447432.99463 0.1725
2447432.99609 0.1747
2447433.99951 0.1782
2447434.00073 0.1820
2447434.00220 0.1761
2447435.97803 0.1713
2447435.97925 0.1703
2447435.98071 0.1784
2447445.89258 0.1762
2447445.89355 0.1791
2447445.89429 0.1795
2447447.91772 0.1735
2447447.91870 0.1688
2447447.91943 0.1725
2447449.86084 0.1740
2447449.86206 0.1677
2447449.86304 0.1757
2447450.87012 0.1771
2447450.87109 0.1783
2447450.87207 0.1804
2447451.91162 0.1778
2447451.91284 0.1712
2447451.91406 0.1737
2447455.89966 0.1783
2447455.90088 0.1763
2447455.90234 0.1746
2447459.89941 0.1789
2447459.90063 0.1741
2447459.90186 0.1774
2447461.92065 0.1761
2447461.92188 0.1720
2447461.92310 0.1782
2447462.90674 0.1799
2447462.90771 0.1805
2447462.90869 0.1745
2447466.86865 0.1750
2447466.86987 0.1829
2447466.87085 0.1737
2447472.82275 0.1834
2447472.82422 0.1752
2447472.82544 0.1783
2447475.82007 0.1806
2447475.82129 0.1702
2447475.82251 0.1732
2447478.81470 0.1779
2447478.81592 0.1757
2447478.81714 0.1745
2447482.81372 0.1748
2447482.81470 0.1813
2447482.81567 0.1779
2447484.80786 0.1790
2447484.80884 0.1762
2447484.81006 0.1778
2447493.86548 0.1819
2447493.86694 0.1721
2447493.86841 0.1764
2447494.76733 0.1745
2447494.76929 0.1780
2447494.77124 0.1751
2447495.76294 0.1745
2447495.76416 0.1757
2447495.76538 0.1781
2447496.73755 0.1750
2447496.73877 0.1713
2447496.73999 0.1751
2447498.74316 0.1832
2447498.74438 0.1777
2447498.74561 0.1799
2447499.77686 0.1807
2447499.77808 0.1745
2447499.77905 0.1710
2447500.73999 0.1839
2447500.74146 0.1815
2447500.74316 0.1819
2447502.74512 0.1690
2447502.74634 0.1768
2447502.74780 0.1717
2447508.70972 0.1857
2447508.71094 0.1777
2447508.71216 0.1749
2447509.71826 0.1684
2447509.71948 0.1677
2447509.72095 0.1708
2447517.71802 0.1759
2447517.71948 0.1693
2447517.72095 0.1703
2447519.72754 0.1695
2447519.72900 0.1757
2447519.73096 0.1688
2447525.73169 0.1775
2447525.73291 0.1776
2447525.73438 0.1743
2447528.70386 0.1709
2447528.70483 0.1766
2447528.70630 0.1749
2447537.65137 0.1758
2447537.65283 0.1745
2447537.65454 0.1754
2447540.63696 0.1664
2447540.63818 0.1686
2447540.63892 0.1746
2447542.68896 0.1841
2447542.68994 0.1786
2447542.69116 0.1832
2447543.65894 0.1832
2447543.65991 0.1815
2447543.66064 0.1856
2447544.67505 0.2184
2447544.67603 0.2228
2447544.67700 0.2290
2447554.64233 0.1816
2447554.64355 0.1806
2447554.64502 0.1804
2447564.63477 0.1869
2447564.63672 0.1845
2447564.63843 0.1867
2447803.98608 0.1763
2447803.98730 0.1778
2447803.98828 0.1771
2447806.96655 0.1809
2447806.96777 0.1812
2447806.96875 0.1789
2447807.94751 0.1774
2447807.94849 0.1801
2447807.94971 0.1835
2447808.96582 0.1805
2447808.96680 0.1773
2447808.96802 0.1761
2447818.93896 0.1831
2447818.94043 0.1799
2447818.94214 0.1805
2447835.86719 0.1764
2447835.86816 0.1765
2447835.86938 0.1782
2447837.88257 0.1786
2447837.88379 0.1822
2447837.88501 0.1781
2447845.87061 0.1780
2447845.87207 0.1755
2447845.87354 0.1776
2447849.86841 0.1756
2447849.86963 0.1789
2447849.87085 0.1769
2447862.75659 0.1757
2447862.75781 0.1826
2447862.75903 0.1773
2447865.76172 0.1741
2447865.76270 0.1787
2447865.76392 0.1820
2447867.76685 0.1735
2447867.76807 0.1706
2447867.76953 0.1724
2447869.76465 0.1738
2447869.76587 0.1716
2447869.76709 0.1689
2447873.78296 0.1779
2447873.78418 0.1751
2447873.78540 0.1729
2447877.76465 0.1777
2447877.76563 0.1723
2447877.76685 0.1696
2447892.76367 0.1716
2447892.76514 0.1703
2447892.76636 0.1704
2447896.69189 0.1734
2447896.69360 0.1704
2447896.69531 0.1702
2447899.71289 0.1759
2447899.71436 0.1761
2447899.71533 0.1755
2447901.67554 0.1777
2447901.67676 0.1762
2447901.67773 0.1761
2447903.63550 0.1747
2447903.63672 0.1710
2447903.63770 0.1752
2447912.67065 0.1721
2447912.67212 0.1764
2447912.67358 0.1778
2447925.63257 0.1786
2447925.63379 0.1808
2447925.63501 0.1790
2447928.61133 0.1768
2447928.61279 0.1718
2447928.61426 0.1764
2447933.62891 0.1765
2447933.63013 0.1784
2447933.63135 0.1763
2447942.61865 0.1807
2447942.61987 0.1780
2447942.62109 0.1818
2448152.99268 0.1767
2448152.99414 0.1745
2448152.99561 0.1760
2448162.99121 0.1804
2448162.99268 0.1777
2448162.99414 0.1843
2448165.98828 0.1784
2448165.98975 0.1752
2448165.99072 0.1794
2448167.96094 0.1836
2448167.96240 0.1789
2448167.96387 0.1809
2448185.89111 0.1787
2448185.89258 0.1779
2448185.89404 0.1788
2448192.92969 0.1809
2448192.93115 0.1788
2448192.93262 0.1830
2448194.92969 0.1796
2448194.93066 0.1827
2448194.93213 0.1760
2448214.80420 0.1772
2448214.80566 0.1740
2448214.80664 0.1778
2448220.79150 0.1744
2448220.79297 0.1786
2448220.79443 0.1830
2448222.78125 0.1838
2448222.78271 0.1857
2448222.78418 0.1898
2448225.76709 0.1833
2448225.76855 0.1794
2448225.76953 0.1822
2448228.78223 0.1735
2448228.78369 0.1763
2448228.78467 0.1741
2448240.74805 0.1804
2448240.74902 0.1827
2448240.75000 0.1764
2448252.72363 0.1802
2448252.72510 0.1806
2448252.72607 0.1839
2448267.68164 0.1876
2448267.68311 0.1870
2448267.68457 0.1866
2448273.69727 0.1859
2448273.69971 0.1929
2448273.70166 0.1865
2448275.67822 0.1826
2448275.67969 0.1824
2448275.68066 0.1817
2448280.68848 0.1867
2448280.68994 0.1811
2448280.69141 0.1896
2448281.68506 0.1828
2448281.68652 0.1807
2448281.68799 0.1838
2448283.66016 0.1845
2448283.66162 0.1839
2448283.66260 0.1822
2448285.69531 0.1844
2448285.69678 0.1842
2448285.69873 0.1880
2448297.62012 0.1846
2448297.62158 0.1885
2448297.62305 0.1853
2448300.63379 0.1833
2448300.63525 0.1814
2448300.63623 0.1878
2448645.64600 0.1698
2448645.64746 0.1686
2448645.64893 0.1685
2448648.65527 0.1687
2448648.65674 0.1698
2448648.65820 0.1658
2448655.66602 0.1824
2448655.66748 0.1784
2448655.66943 0.1744
2448656.59863 0.1669
2448656.59961 0.1739
2448656.60107 0.1719
2448657.60107 0.1683
2448657.60254 0.1700
2448657.60352 0.1675
2448885.99609 0.1794
2448885.99756 0.1784
2448885.99902 0.1784
2448891.96924 0.1783
2448891.97070 0.1808
2448891.97266 0.1776
2448892.97217 0.1857
2448892.97363 0.1818
2448892.97510 0.1828
2448897.97363 0.1843
2448897.97461 0.1839
2448897.97656 0.1836
2448902.92334 0.1827
2448902.92480 0.1794
2448902.92627 0.1867
2448903.92285 0.1810
2448903.92432 0.1791
2448903.92578 0.1801
2448904.89648 0.1839
2448904.89746 0.1834
2448904.89893 0.1826
2448905.92285 0.1818
2448905.92432 0.1846
2448905.92578 0.1843
2448906.86426 0.1836
2448906.86572 0.1867
2448906.86719 0.1844
2448911.92432 0.1849
2448911.92578 0.1835
2448911.92676 0.1839
2448912.92529 0.1781
2448912.92627 0.1794
2448912.92725 0.1814
2448913.92529 0.1839
2448913.92676 0.1861
2448913.92822 0.1865
2448914.93311 0.1860
2448914.93408 0.1851
2448914.93555 0.1845
2448915.93359 0.1898
2448915.93457 0.1885
2448915.93604 0.1871
2448933.86279 0.1821
2448933.86426 0.1798
2448933.86523 0.1815
2448934.88037 0.1819
2448934.88135 0.1803
2448934.88281 0.1781
2448938.84229 0.1758
2448938.84326 0.1783
2448938.84473 0.1798
2448939.81836 0.1815
2448939.81982 0.1816
2448939.82129 0.1805
2448940.84180 0.1780
2448940.84326 0.1793
2448940.84473 0.1793
2448941.82666 0.1792
2448941.82812 0.1818
2448941.82910 0.1830
2448945.84375 0.1834
2448945.84521 0.1824
2448945.84668 0.1805
2448949.83398 0.1826
2448949.83545 0.1875
2448949.83691 0.1805
2448951.81201 0.1848
2448951.81348 0.1857
2448951.81592 0.1839
2448954.82666 0.1828
2448954.82812 0.1846
2448954.82959 0.1853
2448967.79297 0.1928
2448967.79395 0.1905
2448967.79541 0.1886
2448971.78320 0.1950
2448971.78467 0.1932
2448971.78613 0.1916
2448972.78809 0.1919
2448972.78955 0.1924
2448972.79102 0.1968
2448973.77148 0.1861
2448973.77295 0.1824
2448973.77441 0.1824
2448975.75781 0.1896
2448975.75928 0.1864
2448975.76074 0.1935
2448978.78271 0.1891
2448978.78418 0.1929
2448978.78516 0.1929
2448979.75781 0.1896
2448979.75977 0.1912
2448979.76074 0.1878
2448983.77490 0.1887
2448983.77637 0.1887
2448983.77783 0.1886
2448988.73047 0.1893
2448988.73193 0.1879
2448988.73340 0.1907
2448990.72363 0.1886
2448990.72510 0.1916
2448990.72607 0.1924
2448999.70264 0.1820
2448999.70361 0.1842
2448999.70508 0.1855
2449008.67041 0.1857
2449008.67188 0.1812
2449008.67334 0.1844
2449010.70312 0.1833
2449010.70459 0.1828
2449010.70557 0.1859
2449011.66064 0.1870
2449011.66211 0.1887
2449011.66357 0.1896
2449015.65723 0.1882
2449015.65869 0.1855
2449015.66016 0.1853
2449019.65771 0.1849
2449019.65967 0.1867
2449019.66113 0.1847
2449264.96924 0.1731
2449264.97070 0.1735
2449264.97217 0.1710
2449273.89062 0.1756
2449273.89209 0.1797
2449273.89355 0.1795
2449283.94287 0.1739
2449283.94482 0.1770
2449283.94678 0.1715
2449297.85498 0.1748
2449297.85645 0.1749
2449297.85791 0.1750
2449299.83252 0.1783
2449299.83398 0.1812
2449299.83496 0.1801
2449307.78369 0.1825
2449307.78467 0.1834
2449307.78613 0.1794
2449312.77881 0.1848
2449312.78027 0.1829
2449312.78223 0.1802
2449327.71973 0.1848
2449327.72119 0.1837
2449327.72266 0.1862
2449332.74756 0.1847
2449332.74902 0.1802
2449332.75049 0.1857
2449342.70752 0.1884
2449342.70850 0.1877
2449342.71045 0.1888
2449351.69043 0.1887
2449351.69189 0.1864
2449351.69336 0.1880
2449360.67578 0.1899
2449360.67725 0.1899
2449360.67871 0.1905
2449369.66016 0.1858
2449369.66211 0.1831
2449369.66357 0.1850
2449615.88818 0.1753
2449615.88965 0.1745
2449615.89062 0.1781
2449634.87891 0.1738
2449634.88037 0.1746
2449634.88135 0.1714
2449642.88818 0.1698
2449642.88965 0.1691
2449642.89062 0.1736
2449647.81836 0.1699
2449647.81982 0.1743
2449647.82080 0.1789
2449651.85986 0.1695
2449651.86084 0.1740
2449651.86230 0.1699
2449662.83594 0.1755
2449662.83691 0.1726
2449662.83838 0.1755
2449676.78906 0.1775
2449676.79053 0.1699
2449676.79150 0.1738
2449695.78174 0.1759
2449695.78271 0.1736
2449695.78418 0.1738
2449702.79688 0.1770
2449702.79834 0.1803
2449702.79932 0.1775
2449717.70361 0.1764
2449717.70459 0.1777
2449717.70605 0.1757
2449730.67480 0.1775
2449730.67627 0.1796
2449730.67725 0.1789
2449753.66016 0.1818
2449753.66113 0.1832
2449753.66260 0.1838
2449766.61328 0.1913
2449766.61426 0.1963
2449766.61572 0.1954
