40047.80000 0.1470
40048.80000 0.1487
40437.80000 0.1484
40845.80000 0.1465
41487.80000 0.1503
41503.80000 0.1500
42613.80000 0.1460
42614.80000 0.1431
43663.80000 0.1336
43704.80000 0.1351
43777.80000 0.1395
43778.80000 0.1392
44003.80000 0.1372
44004.80000 0.1338
44051.80000 0.1360
44052.80000 0.1383
44142.80000 0.1350
44143.80000 0.1339
44733.99902 0.1384
44734.00000 0.1342
44734.00098 0.1349
44736.99402 0.1366
44736.99597 0.1371
44736.99701 0.1361
44738.99402 0.1351
44738.99597 0.1374
44738.99701 0.1359
44741.98999 0.1416
44741.99200 0.1365
44741.99402 0.1399
44742.96301 0.1352
44742.96503 0.1342
44742.96600 0.1377
44760.97803 0.1357
44760.97998 0.1365
44760.98199 0.1352
44761.97400 0.1365
44761.97601 0.1388
44761.97803 0.1361
44773.99103 0.1364
44773.99298 0.1376
44773.99402 0.1347
44774.94000 0.1347
44774.94098 0.1387
44774.94299 0.1364
44775.92902 0.1360
44775.92999 0.1367
44775.93201 0.1364
44779.90198 0.1339
44779.90399 0.1362
44779.90503 0.1372
44802.92999 0.1370
44802.93201 0.1361
44802.93402 0.1370
44831.80298 0.1338
44831.80499 0.1446
44868.75000 0.1349
44868.75098 0.1336
44868.75299 0.1379
44869.72198 0.1394
44869.72400 0.1411
44869.72498 0.1376
44870.73602 0.1351
44870.73700 0.1360
44870.73901 0.1391
44871.75500 0.1383
44871.75598 0.1378
44871.75702 0.1347
44874.73401 0.1351
44874.73499 0.1359
44874.73602 0.1396
44900.71198 0.1401
44900.71301 0.1404
44900.71399 0.1375
45108.96399 0.1392
45108.96704 0.1361
45108.96899 0.1404
45111.98401 0.1368
45111.98596 0.1378
45111.98706 0.1337
45119.91199 0.1339
45119.91296 0.1352
45119.91394 0.1412
45125.93396 0.1365
45125.93604 0.1382
45125.93799 0.1389
45126.93506 0.1355
45126.93604 0.1360
45126.93799 0.1379
45128.92395 0.1385
45128.92700 0.1375
45128.92896 0.1385
45129.94995 0.1394
45129.95105 0.1339
45129.95300 0.1325
45133.92395 0.1347
45133.92603 0.1356
45133.92700 0.1364
45137.92700 0.1339
45137.92798 0.1368
45137.93005 0.1349
45140.93201 0.1380
45140.93396 0.1365
45140.93604 0.1353
45153.89197 0.1344
45153.89404 0.1370
45153.89502 0.1356
45157.93604 0.1372
45157.93799 0.1362
45157.93896 0.1394
45158.89795 0.1348
45158.89905 0.1351
45158.90002 0.1346
45159.89197 0.1373
45159.89294 0.1341
45159.89404 0.1327
45161.90906 0.1390
45161.90906 0.1373
45161.91003 0.1388
45162.90906 0.1349
45162.91003 0.1332
45162.91101 0.1312
45163.88000 0.1354
45163.88000 0.1364
45163.88098 0.1325
45165.81995 0.1362
45165.82104 0.1408
45165.82202 0.1367
45166.84705 0.1399
45166.84802 0.1380
45166.84900 0.1373
45168.85596 0.1326
45168.85596 0.1346
45168.85706 0.1351
45170.85706 0.1294
45170.85706 0.1313
45170.85803 0.1345
45171.87000 0.1352
45171.87097 0.1384
45171.87195 0.1369
45175.81299 0.1377
45175.81396 0.1377
45175.81494 0.1368
45176.80701 0.1366
45176.80798 0.1417
45176.80798 0.1337
45182.79602 0.1392
45182.79700 0.1369
45182.79797 0.1372
45184.76904 0.1397
45184.77002 0.1423
45184.77002 0.1392
45185.74805 0.1368
45185.74902 0.1409
45185.75000 0.1368
45186.77197 0.1372
45186.77197 0.1374
45186.77295 0.1415
45188.81104 0.1329
45188.81201 0.1336
45188.81299 0.1353
45191.78296 0.1336
45191.78406 0.1307
45191.78503 0.1291
45192.77502 0.1315
45192.77600 0.1339
45192.77698 0.1327
45195.72595 0.1360
45195.72705 0.1355
45195.72705 0.1381
45196.76697 0.1398
45196.76794 0.1330
45196.76794 0.1366
45197.78894 0.1355
45197.79004 0.1381
45197.79102 0.1367
45198.77002 0.1337
45198.77100 0.1345
45198.77197 0.1367
45205.69995 0.1352
45205.70300 0.1352
45205.70605 0.1378
45210.77502 0.1367
45210.77600 0.1384
45210.77600 0.1372
45211.72400 0.1330
45211.72498 0.1332
45211.72498 0.1361
45214.72705 0.1381
45214.72803 0.1386
45214.72803 0.1347
45215.72900 0.1437
45215.72998 0.1384
45215.73096 0.1376
45216.69702 0.1367
45216.69800 0.1379
45216.69995 0.1352
45217.69397 0.1347
45217.69495 0.1350
45217.69495 0.1391
45218.71899 0.1347
45218.71997 0.1417
45218.72095 0.1380
45219.69495 0.1422
45219.69604 0.1365
45219.69702 0.1372
45224.68005 0.1332
45224.68103 0.1354
45224.68201 0.1330
45225.72205 0.1335
45225.72302 0.1398
45225.72302 0.1340
45235.70703 0.1393
45235.70801 0.1364
45235.70898 0.1376
45240.68896 0.1411
45240.69104 0.1362
45240.69299 0.1385
45244.66101 0.1368
45244.66199 0.1346
45244.66296 0.1336
45245.68201 0.1334
45245.68298 0.1329
45245.68396 0.1357
45246.66504 0.1331
45246.66602 0.1336
45246.66602 0.1346
45249.64001 0.1386
45249.64099 0.1342
45249.64099 0.1328
45251.63000 0.1398
45251.63098 0.1333
45251.63196 0.1330
45252.64905 0.1371
45252.65100 0.1342
45252.65198 0.1390
45254.65100 0.1329
45254.65198 0.1336
45254.65295 0.1336
45255.69299 0.1362
45255.69299 0.1369
45255.69397 0.1395
45258.69299 0.1355
45258.69397 0.1332
45258.69495 0.1347
45259.67700 0.1390
45259.67798 0.1357
45259.68103 0.1405
45260.68604 0.1396
45260.68799 0.1391
45260.68994 0.1372
45261.69397 0.1400
45261.69495 0.1410
45261.69604 0.1393
45476.97205 0.1389
45476.97302 0.1378
45476.97400 0.1406
45477.92700 0.1344
45477.92798 0.1327
45477.92896 0.1315
45478.90698 0.1354
45478.90796 0.1355
45478.90906 0.1331
45479.94202 0.1358
45479.94202 0.1371
45479.94299 0.1402
45480.94299 0.1376
45480.94299 0.1376
45480.94397 0.1344
45481.94604 0.1359
45481.94702 0.1380
45481.94702 0.1397
45482.92700 0.1364
45482.92896 0.1374
45482.93103 0.1338
45484.95703 0.1355
45484.95801 0.1368
45484.95898 0.1385
45485.93701 0.1375
45485.93799 0.1357
45485.93896 0.1389
45488.97803 0.1371
45488.97803 0.1350
45488.97900 0.1341
45489.97100 0.1370
45489.97200 0.1411
45489.97200 0.1393
45495.94400 0.1342
45495.94500 0.1319
45495.94600 0.1333
45497.97400 0.1334
45497.97500 0.1328
45497.97600 0.1323
45500.97300 0.1282
45500.97400 0.1296
45500.97400 0.1310
45503.95800 0.1335
45503.95900 0.1352
45503.96000 0.1319
45505.95500 0.1321
45505.95600 0.1336
45505.95700 0.1340
45506.94300 0.1336
45506.94300 0.1335
45506.94400 0.1343
45508.95300 0.1347
45508.95300 0.1355
45508.95400 0.1343
45510.93600 0.1315
45510.93600 0.1326
45510.93700 0.1346
45514.92800 0.1330
45514.92900 0.1344
45514.92900 0.1341
45516.95200 0.1337
45516.95200 0.1318
45516.95300 0.1342
45517.91900 0.1344
45517.92500 0.1328
45517.92500 0.1338
45518.89900 0.1365
45518.89900 0.1313
45518.90000 0.1342
45520.90900 0.1356
45520.90900 0.1339
45520.91000 0.1351
45524.90800 0.1357
45524.90900 0.1346
45524.91000 0.1375
45525.91200 0.1301
45525.91300 0.1349
45525.91400 0.1326
45526.87900 0.1332
45526.87900 0.1313
45526.88000 0.1323
45527.88600 0.1332
45527.88700 0.1333
45527.88700 0.1312
45529.90100 0.1315
45529.90200 0.1343
45529.90300 0.1332
45531.91700 0.1323
45531.91800 0.1336
45531.91900 0.1314
45532.88600 0.1318
45532.88600 0.1320
45532.88700 0.1322
45533.88000 0.1322
45533.88100 0.1327
45533.88100 0.1340
45534.89100 0.1345
45534.89200 0.1318
45534.89300 0.1331
45536.79300 0.1310
45536.79300 0.1300
45536.79400 0.1301
45537.78800 0.1335
45537.78900 0.1309
45537.79000 0.1333
45538.78400 0.1313
45538.78500 0.1334
45538.78600 0.1343
45540.92700 0.1318
45540.92800 0.1311
45540.92800 0.1339
45541.90500 0.1351
45541.90500 0.1306
45541.90600 0.1338
45542.82200 0.1341
45542.82300 0.1334
45542.82300 0.1346
45543.91700 0.1321
45543.91800 0.1353
45543.91900 0.1307
45544.80800 0.1332
45544.80900 0.1320
45544.80900 0.1327
45545.91700 0.1304
45545.91800 0.1314
45545.91900 0.1334
45547.77900 0.1301
45547.78000 0.1322
45547.78000 0.1318
45550.89900 0.1337
45550.90000 0.1306
45550.90100 0.1304
45552.74600 0.1344
45552.74700 0.1350
45552.74800 0.1339
45568.82200 0.1334
45568.82300 0.1312
45568.82400 0.1341
45573.71000 0.1335
45573.71100 0.1326
45573.71200 0.1309
45575.76300 0.1343
45575.76400 0.1347
45575.76400 0.1325
45588.78100 0.1334
45588.78200 0.1305
45588.78200 0.1340
45591.68700 0.1329
45591.68700 0.1309
45591.68800 0.1325
45594.74100 0.1316
45594.74100 0.1326
45594.74200 0.1356
45595.70300 0.1312
45595.70400 0.1323
45595.70500 0.1337
45804.99900 0.1308
45804.99900 0.1311
45805.00000 0.1335
45807.00600 0.1276
45807.00700 0.1278
45807.00800 0.1258
45808.99182 0.1284
45808.99243 0.1354
45808.99304 0.1330
45814.01900 0.1303
45814.01900 0.1291
45814.02000 0.1295
45827.98100 0.1297
45827.98100 0.1324
45827.98200 0.1310
45837.97986 0.1281
45837.98047 0.1310
45837.98108 0.1302
45839.98523 0.1327
45839.98584 0.1286
45839.98645 0.1267
45842.00159 0.1343
45842.00220 0.1334
45842.00281 0.1292
45843.98169 0.1321
45843.98242 0.1299
45843.98303 0.1318
45846.96997 0.1296
45846.97083 0.1355
45846.97192 0.1338
45857.98059 0.1328
45857.98132 0.1355
45857.98206 0.1354
45860.93994 0.1338
45860.94080 0.1346
45860.94141 0.1357
45863.96045 0.1376
45863.96118 0.1320
45863.96179 0.1339
45865.97119 0.1344
45865.97192 0.1342
45865.97278 0.1332
45868.96472 0.1334
45868.96558 0.1329
45868.96655 0.1316
45870.91223 0.1309
45870.91284 0.1371
45870.91345 0.1345
45872.91724 0.1324
45872.92664 0.1329
45872.92737 0.1359
45872.92810 0.1355
45874.91516 0.1330
45874.91577 0.1332
45874.91638 0.1348
45878.90088 0.1334
45878.90186 0.1261
45878.90283 0.1307
45884.98010 0.1339
45884.98083 0.1326
45884.98181 0.1323
45886.92871 0.1357
45886.92932 0.1326
45886.92993 0.1350
45888.95935 0.1389
45888.96069 0.1314
45888.96204 0.1384
45892.92664 0.1318
45892.92725 0.1314
45892.92786 0.1314
45898.94275 0.1317
45898.94348 0.1338
45898.94421 0.1355
45901.79346 0.1290
45901.79395 0.1313
45901.79456 0.1239
45906.88831 0.1343
45906.88892 0.1348
45906.88965 0.1336
45908.90698 0.1260
45908.90784 0.1300
45908.90869 0.1266
45911.82117 0.1336
45911.82190 0.1317
45911.82251 0.1270
45914.92639 0.1321
45914.92737 0.1343
45914.92798 0.1297
45917.81165 0.1332
45917.81213 0.1290
45917.81274 0.1334
45919.76099 0.1268
45919.76160 0.1314
45919.76221 0.1303
45923.83984 0.1316
45923.84058 0.1383
45923.84143 0.1309
45929.83765 0.1324
45929.83838 0.1364
45929.83899 0.1303
45932.85840 0.1273
45932.85962 0.1285
45932.86023 0.1257
45934.78394 0.1285
45934.78479 0.1296
45934.78552 0.1288
45936.73242 0.1359
45936.73328 0.1364
45936.73401 0.1356
45938.79932 0.1322
45938.80017 0.1270
45938.80103 0.1273
45943.77893 0.1269
45943.77942 0.1264
45943.78015 0.1373
45952.79358 0.1328
45952.79504 0.1319
45952.79663 0.1308
45957.79028 0.1323
45957.79138 0.1302
45957.79260 0.1305
45959.77600 0.1325
45959.77698 0.1312
45959.77795 0.1314
45963.75024 0.1285
45963.75122 0.1316
45963.75220 0.1306
45970.70276 0.1303
45970.70422 0.1291
45970.70581 0.1290
45970.71167 0.1308
45970.71326 0.1319
45970.71497 0.1280
45972.76465 0.1323
45972.76599 0.1375
45972.76697 0.1359
45982.65466 0.1336
45982.65540 0.1316
45982.65613 0.1321
45982.65833 0.1368
45982.66003 0.1337
45982.66187 0.1377
45984.69360 0.1353
45984.69458 0.1335
45984.69556 0.1359
45986.72717 0.1328
45986.72827 0.1323
45986.72925 0.1332
45989.73645 0.1350
45989.73792 0.1361
45989.73938 0.1331
45999.64587 0.1349
45999.64673 0.1384
45999.64771 0.1381
46004.70044 0.1381
46004.70166 0.1370
46004.70276 0.1343
46006.63464 0.1363
46006.63550 0.1394
46006.63635 0.1380
46009.67407 0.1392
46009.67493 0.1413
46009.67651 0.1405
46015.63770 0.1344
46015.63831 0.1350
46015.63904 0.1361
46019.64197 0.1389
46019.64282 0.1344
46019.64392 0.1407
46025.63220 0.1375
46025.63330 0.1374
46025.63464 0.1374
46025.63916 0.1332
46025.63989 0.1336
46025.64050 0.1309
46223.98926 0.1374
46223.98999 0.1346
46223.99072 0.1356
46235.99072 0.1301
46235.99194 0.1346
46235.99365 0.1363
46238.81348 0.1367
46238.81421 0.1357
46238.81519 0.1366
46241.99609 0.1363
46241.99683 0.1356
46241.99756 0.1400
46243.95117 0.1401
46243.95190 0.1398
46243.95288 0.1425
46249.96167 0.1401
46249.96289 0.1395
46249.96387 0.1430
46267.88916 0.1393
46267.88989 0.1343
46267.89063 0.1315
46272.88110 0.1389
46272.88184 0.1396
46272.88306 0.1358
46275.94165 0.1356
46275.94238 0.1378
46275.94336 0.1359
46278.84741 0.1367
46278.84790 0.1393
46278.84888 0.1403
46281.92358 0.1388
46284.81812 0.1369
46284.81885 0.1330
46284.81958 0.1332
46287.81152 0.1381
46287.81250 0.1368
46287.81323 0.1383
46291.79517 0.1341
46291.79614 0.1354
46291.79712 0.1333
46295.81079 0.1370
46295.81201 0.1408
46295.81323 0.1406
46299.79346 0.1387
46299.79443 0.1399
46299.79541 0.1386
46302.78955 0.1401
46302.79126 0.1390
46311.78247 0.1352
46311.78345 0.1368
46311.78418 0.1400
46316.79492 0.1360
46316.79590 0.1369
46316.79688 0.1363
46321.68530 0.1397
46321.68628 0.1376
46321.68701 0.1383
46325.71460 0.1369
46325.71558 0.1386
46325.71680 0.1392
46329.71216 0.1385
46329.71289 0.1348
46329.71362 0.1365
46332.76172 0.1423
46332.76245 0.1388
46332.76318 0.1370
46339.69409 0.1392
46339.69482 0.1383
46339.69580 0.1403
46341.68115 0.1399
46341.68164 0.1373
46341.68237 0.1382
46343.69531 0.1396
46343.69604 0.1399
46343.69702 0.1421
46349.65552 0.1375
46349.65649 0.1371
46349.65723 0.1371
46352.65991 0.1371
46352.66089 0.1388
46352.66162 0.1380
46358.62915 0.1309
46358.63013 0.1353
46358.63086 0.1360
46365.66895 0.1450
46365.66992 0.1428
46365.67065 0.1398
46368.62085 0.1416
46368.62158 0.1403
46368.62256 0.1394
46371.65601 0.1349
46371.65698 0.1350
46371.65796 0.1353
46375.64746 0.1425
46375.64844 0.1399
46375.64941 0.1399
46383.61768 0.1388
46383.61841 0.1377
46383.61938 0.1372
46610.93945 0.1350
46610.94019 0.1382
46610.94141 0.1386
46616.95581 0.1424
46616.95679 0.1350
46616.95776 0.1337
46619.95630 0.1411
46619.95728 0.1381
46619.95801 0.1368
46623.95117 0.1400
46623.95190 0.1422
46623.95264 0.1385
46627.93091 0.1356
46627.93188 0.1328
46627.93286 0.1339
46630.91992 0.1362
46630.92065 0.1334
46630.92163 0.1351
46649.88110 0.1409
46649.88184 0.1354
46649.88281 0.1383
46656.80786 0.1384
46656.80859 0.1412
46656.80957 0.1364
46659.79517 0.1405
46659.79614 0.1441
46659.79712 0.1391
46665.78760 0.1409
46665.78833 0.1349
46665.78931 0.1378
46671.78955 0.1379
46671.79077 0.1416
46671.79199 0.1434
46674.80151 0.1380
46674.80225 0.1319
46674.80298 0.1403
46678.75000 0.1417
46678.75073 0.1370
46678.75146 0.1363
46682.73193 0.1349
46682.73267 0.1378
46682.73364 0.1347
46685.70947 0.1401
46685.71021 0.1372
46685.71143 0.1382
46689.74683 0.1391
46689.74756 0.1366
46689.74854 0.1346
46692.70166 0.1380
46692.70239 0.1349
46692.70337 0.1362
46706.69019 0.1375
46706.69116 0.1310
46706.69214 0.1345
46711.67847 0.1392
46711.67920 0.1337
46711.67993 0.1321
46720.62622 0.1366
46720.62720 0.1403
46720.62817 0.1373
46724.63037 0.1364
46724.63110 0.1313
46724.63208 0.1389
46727.62842 0.1381
46727.63086 0.1329
46727.63281 0.1327
46737.60352 0.1332
46737.60449 0.1393
46737.60547 0.1386
46741.60083 0.1338
46741.60229 0.1393
46741.60352 0.1350
46968.94995 0.1320
46968.95239 0.1318
46968.95435 0.1389
46987.93115 0.1344
46987.93237 0.1375
46991.94165 0.1375
46991.94287 0.1394
46991.94385 0.1363
46996.90869 0.1355
46996.90991 0.1370
46996.91113 0.1371
47008.82739 0.1345
47008.82837 0.1342
47008.82935 0.1350
47029.82324 0.1375
47029.82397 0.1390
47029.82495 0.1397
47034.87109 0.1356
47034.87207 0.1326
47034.87280 0.1320
47038.77197 0.1338
47038.77271 0.1321
47038.77368 0.1322
47042.75830 0.1362
47042.75928 0.1346
47042.76001 0.1333
47045.75073 0.1312
47045.75146 0.1319
47045.75220 0.1387
47048.71875 0.1369
47048.71948 0.1384
47048.72021 0.1343
47055.74634 0.1347
47055.74756 0.1333
47055.74854 0.1292
47073.70825 0.1393
47073.70923 0.1349
47073.70996 0.1364
47078.66992 0.1381
47078.67065 0.1450
47078.67139 0.1466
47084.67847 0.1392
47084.67944 0.1345
47084.68042 0.1369
47087.63477 0.1445
47087.63574 0.1425
47087.63672 0.1444
47110.64917 0.1354
47110.64966 0.1387
47110.65039 0.1366
47114.59448 0.1375
47114.59546 0.1351
47114.59668 0.1363
47119.59766 0.1340
47119.59839 0.1367
47119.59937 0.1324
47123.59106 0.1369
47123.59180 0.1381
47123.59277 0.1359
47130.60986 0.1297
47130.61108 0.1324
47130.61206 0.1315
47347.94165 0.1354
47347.94263 0.1384
47347.94385 0.1352
47350.94263 0.1346
47350.94360 0.1347
47350.94482 0.1383
47356.94019 0.1349
47356.94116 0.1366
47356.94214 0.1341
47361.91943 0.1355
47361.92041 0.1368
47361.92139 0.1323
47366.90625 0.1406
47366.90796 0.1395
47366.90942 0.1398
47370.91748 0.1353
47370.91846 0.1367
47370.91943 0.1369
47374.89917 0.1350
47374.90063 0.1326
47374.90210 0.1358
47384.86914 0.1336
47384.87012 0.1360
47384.87109 0.1338
47387.80884 0.1369
47387.80981 0.1351
47387.81104 0.1378
47394.80737 0.1368
47394.80859 0.1382
47394.80981 0.1343
47401.74243 0.1301
47401.74365 0.1346
47401.74438 0.1346
47405.78223 0.1352
47405.78345 0.1355
47405.78442 0.1344
47413.78735 0.1365
47413.78809 0.1362
47413.78882 0.1317
47421.75244 0.1348
47421.75342 0.1384
47421.75464 0.1385
47433.72437 0.1356
47433.72559 0.1343
47433.72681 0.1350
47445.64819 0.1332
47445.64917 0.1298
47445.64990 0.1329
47451.66724 0.1325
47451.66797 0.1313
47451.66895 0.1333
47454.67041 0.1342
47454.67114 0.1379
47454.67212 0.1321
47457.62158 0.1384
47457.62280 0.1369
47457.62378 0.1392
47461.61597 0.1410
47461.61694 0.1406
47461.61792 0.1390
47467.62549 0.1324
47467.62646 0.1363
47467.62769 0.1362
47688.96631 0.1359
47688.96753 0.1366
47688.96851 0.1373
47717.93774 0.1395
47717.93896 0.1389
47717.94043 0.1420
47723.90942 0.1423
47723.91040 0.1437
47723.91138 0.1425
47726.92773 0.1419
47726.92871 0.1430
47729.90747 0.1387
47729.90894 0.1406
47729.91260 0.1376
47733.80713 0.1402
47733.80786 0.1398
47733.80884 0.1410
47736.73730 0.1429
47736.73804 0.1422
47736.73901 0.1392
47741.86426 0.1422
47741.86523 0.1405
47741.86621 0.1407
47747.83105 0.1409
47747.83203 0.1409
47747.83301 0.1408
47751.80737 0.1378
47751.80884 0.1391
47751.81006 0.1402
47755.82886 0.1356
47755.83032 0.1378
47755.83179 0.1369
47759.80640 0.1376
47759.80786 0.1386
47759.80933 0.1407
47771.77856 0.1422
47771.77979 0.1369
47771.78101 0.1400
47777.70874 0.1416
47777.70972 0.1403
47777.71094 0.1388
47780.75244 0.1418
47780.75342 0.1411
47780.75439 0.1427
47804.69214 0.1365
47804.69336 0.1394
47804.69482 0.1355
47809.69434 0.1405
47809.69580 0.1370
47809.69727 0.1403
48068.93042 0.1400
48068.93164 0.1398
48068.93286 0.1388
48076.88794 0.1392
48076.88916 0.1359
48076.89063 0.1418
48080.87402 0.1377
48080.87500 0.1402
48080.87598 0.1416
48089.92065 0.1377
48089.92212 0.1388
48089.92358 0.1393
48097.88525 0.1407
48097.88672 0.1368
48097.88770 0.1389
48101.88477 0.1361
48101.88623 0.1384
48101.88770 0.1353
48105.87158 0.1387
48105.87305 0.1391
48105.87451 0.1381
48121.78809 0.1360
48121.78906 0.1392
48121.79004 0.1366
48127.78369 0.1412
48127.78467 0.1369
48127.78564 0.1395
48132.77441 0.1369
48132.77588 0.1387
48132.77686 0.1399
48136.76172 0.1411
48136.76270 0.1407
48136.76416 0.1396
48149.74268 0.1376
48149.74414 0.1357
48149.74561 0.1388
48157.71289 0.1392
48157.71436 0.1400
48157.71582 0.1398
48162.69238 0.1386
48162.69385 0.1358
48162.69531 0.1377
48166.70020 0.1415
48166.70166 0.1398
48166.70313 0.1396
48185.60547 0.1400
48185.60693 0.1379
48185.60840 0.1416
48193.64941 0.1398
48193.65088 0.1381
48193.65234 0.1402
48463.91699 0.1396
48463.91846 0.1389
48463.91992 0.1421
48465.82080 0.1400
48465.82227 0.1368
48465.82324 0.1385
48488.78174 0.1402
48488.78320 0.1385
48488.78467 0.1361
48490.75293 0.1397
48490.75488 0.1397
48490.75635 0.1419
48494.75342 0.1389
48494.75537 0.1396
48494.75684 0.1387
48497.76074 0.1373
48497.76221 0.1350
48497.76367 0.1407
48833.89746 0.1366
48833.89844 0.1328
48833.89990 0.1336
48841.87256 0.1365
48841.87402 0.1366
48841.87500 0.1354
48844.81396 0.1369
48844.81543 0.1389
48844.81738 0.1396
48849.85449 0.1355
48849.85547 0.1377
48849.85693 0.1382
48851.83936 0.1361
48851.84082 0.1356
48851.84180 0.1375
48854.82471 0.1386
48854.82617 0.1381
48854.82812 0.1369
48858.78076 0.1360
48858.78223 0.1374
48858.78369 0.1355
48863.79590 0.1401
48863.79736 0.1368
48863.79883 0.1367
48871.77148 0.1362
48871.77246 0.1369
48871.77393 0.1386
48874.72998 0.1382
48874.73145 0.1383
48874.73242 0.1376
48878.73828 0.1364
48878.73975 0.1342
48878.74121 0.1364
48880.73389 0.1355
48880.73535 0.1340
48880.73682 0.1341
48885.75146 0.1365
48885.75293 0.1356
48885.75439 0.1341
48888.73975 0.1369
48888.74121 0.1362
48888.74316 0.1355
48893.70654 0.1403
48893.70801 0.1402
48893.70947 0.1382
48902.70508 0.1371
48902.70654 0.1362
48902.70801 0.1383
48905.69238 0.1412
48905.69385 0.1408
48905.69531 0.1399
48908.70264 0.1404
48908.70410 0.1418
48908.70557 0.1400
48912.68994 0.1398
48912.69141 0.1340
48912.69238 0.1386
48916.68945 0.1416
48916.69092 0.1413
48916.69238 0.1423
49206.86816 0.1377
49206.86963 0.1332
49206.87158 0.1339
49215.82959 0.1341
49215.83105 0.1354
49215.83252 0.1353
49229.77197 0.1327
49229.77344 0.1339
49229.77539 0.1332
49237.76270 0.1336
49237.76416 0.1335
49237.76562 0.1353
49240.75781 0.1318
49240.75928 0.1307
49240.76074 0.1332
49250.74902 0.1355
49250.75049 0.1334
49250.75195 0.1353
49254.72119 0.1359
49254.72266 0.1359
49254.72363 0.1358
49258.69727 0.1351
49258.69922 0.1330
49258.70117 0.1347
49265.69141 0.1382
49265.69238 0.1342
49265.69385 0.1336
49268.69482 0.1358
49268.69629 0.1269
49268.69775 0.1375
49273.64746 0.1352
49273.64844 0.1308
49273.64990 0.1338
49279.66162 0.1344
49279.66260 0.1362
49279.66406 0.1330
49284.63916 0.1349
49284.64062 0.1358
49284.64209 0.1370
49296.62549 0.1332
49296.62695 0.1347
49296.62793 0.1339
49514.95459 0.1353
49514.95557 0.1352
49514.95703 0.1344
49528.94971 0.1372
49528.95117 0.1386
49528.95215 0.1378
49531.93652 0.1391
49531.93750 0.1367
49531.93896 0.1365
49538.90186 0.1385
49538.90283 0.1370
49538.90381 0.1373
49541.88232 0.1362
49541.88330 0.1336
49541.88477 0.1349
49547.89990 0.1364
49547.90137 0.1384
49547.90234 0.1475
49555.88965 0.1385
49555.89062 0.1379
49555.89160 0.1421
49559.85986 0.1351
49559.86084 0.1367
49559.86230 0.1351
49568.79248 0.1343
49568.79346 0.1351
49568.79492 0.1335
49572.85693 0.1378
49572.85840 0.1409
49572.85938 0.1346
49575.83887 0.1360
49575.83984 0.1348
49575.84131 0.1389
49579.80371 0.1384
49579.80518 0.1336
49579.80615 0.1418
49583.74951 0.1372
49583.75049 0.1374
49583.75195 0.1396
49586.76172 0.1370
49586.76318 0.1388
49586.76416 0.1404
49594.78027 0.1371
49594.78174 0.1379
49594.78271 0.1355
49597.73926 0.1366
49597.74072 0.1404
49597.74170 0.1349
49602.75049 0.1354
49602.75146 0.1368
49602.75244 0.1408
49606.74414 0.1415
49606.74561 0.1407
49606.74658 0.1399
49609.69922 0.1397
49609.70020 0.1405
49609.70166 0.1371
49614.72021 0.1339
49614.72168 0.1361
49614.72266 0.1370
49616.67139 0.1394
49616.67236 0.1399
49616.67383 0.1348
49620.66016 0.3277
49620.66162 0.3295
49620.66260 0.3278
49620.66553 0.1354
49620.66650 0.1360
49620.66797 0.1356
49628.63086 0.1354
49628.63232 0.1372
49628.63330 0.1367
49635.67920 0.1340
49635.68018 0.1329
49635.68115 0.1350
49642.64795 0.1377
49642.64941 0.1377
49642.65039 0.1378
49645.66602 0.1338
49645.66748 0.1337
49645.66846 0.1370
49648.63135 0.1359
49648.63232 0.1352
49648.63379 0.1370
49660.60791 0.1379
49660.60938 0.1431
49660.61035 0.1364
49668.60059 0.1378
49668.60205 0.1383
49668.60303 0.1384
49670.59375 0.1373
49670.59521 0.1356
49670.59619 0.1403
49676.59668 0.1357
49676.59766 0.1366
49676.59863 0.1378
