45172.76404 0.1025
45172.76501 0.1047
45172.76599 0.1059
46244.85278 0.2408
46244.85352 0.2384
46244.85425 0.2377
46275.84326 0.2268
46275.84424 0.2284
46275.84497 0.2325
46288.74780 0.2320
46288.74854 0.2346
46288.74927 0.2342
46332.72437 0.2303
46332.72510 0.2288
46332.72583 0.2344
46622.87427 0.2280
46622.87524 0.2266
46622.87622 0.2268
46653.80176 0.2280
46653.80249 0.2288
46653.80298 0.2249
46717.62769 0.2329
46717.62866 0.2284
46717.62939 0.2319
46929.98682 0.2199
46929.98779 0.2204
46929.98853 0.2180
46990.87939 0.2233
46990.88037 0.2210
46990.88135 0.2303
47053.71997 0.2363
47053.72095 0.2303
47053.72168 0.2265
47347.91357 0.2221
47347.91504 0.2242
47347.91626 0.2276
47381.90991 0.2301
47381.91113 0.2249
47381.91211 0.2297
47445.65405 0.2226
47445.65527 0.2230
47445.65625 0.2246
47721.90894 0.2318
47721.91016 0.2355
47721.91113 0.2357
47784.69922 0.2355
47784.70020 0.2361
47784.70117 0.2347
