2446332.72119 0.2569
2446332.72192 0.2554
2446332.72266 0.2525
2446338.68140 0.2568
2446338.68213 0.2561
2446338.68286 0.2508
2446341.65479 0.2554
2446341.65552 0.2584
2446341.65649 0.2513
2446354.68359 0.2495
2446354.68433 0.2517
2446354.68530 0.2503
2446358.65186 0.2520
2446358.65283 0.2499
2446358.65381 0.2518
2446370.63452 0.2591
2446370.63550 0.2576
2446370.63623 0.2591
2446375.60815 0.2539
2446375.60889 0.2526
2446375.60986 0.2522
2446600.94946 0.2481
2446600.95020 0.2517
2446600.95093 0.2538
2446611.99854 0.2442
2446611.99951 0.2442
2446612.00073 0.2511
2446617.92603 0.2491
2446617.92651 0.2485
2446617.92725 0.2517
2446621.93481 0.2456
2446621.93579 0.2543
2446621.93652 0.2500
2446625.93066 0.2483
2446625.93140 0.2505
2446625.93237 0.2463
2446629.94531 0.2553
2446629.94604 0.2514
2446629.94653 0.2429
2446632.88843 0.2512
2446632.88916 0.2451
2446632.89014 0.2490
2446656.78345 0.2467
2446656.78418 0.2424
2446656.78491 0.2509
2446659.77393 0.2486
2446659.77466 0.2506
2446659.77539 0.2516
2446665.77319 0.2494
2446665.77417 0.2478
2446665.77490 0.2507
2446670.73340 0.2525
2446670.73413 0.2490
2446670.73511 0.2450
2446673.75391 0.2449
2446673.75464 0.2426
2446673.75562 0.2491
2446676.74146 0.2458
2446676.74219 0.2434
2446676.74292 0.2467
2446679.79297 0.2500
2446679.79370 0.2500
2446679.79468 0.2495
2446683.73462 0.2460
2446683.73535 0.2434
2446683.73633 0.2528
2446689.72656 0.2489
2446689.72754 0.2489
2446689.72925 0.2508
2446695.72803 0.2470
2446695.72876 0.2502
2446695.72949 0.2582
2446709.66919 0.2507
2446709.66992 0.2534
2446709.67090 0.2481
2446719.68750 0.2542
2446719.68848 0.2529
2446719.68921 0.2455
2446723.64673 0.2499
2446723.64795 0.2512
2446723.64893 0.2495
2446726.62207 0.2499
2446726.62280 0.2610
2446726.62354 0.2505
2446988.93384 0.2504
2446988.93481 0.2451
2446988.93555 0.2471
2446992.90625 0.2510
2446992.91577 0.2550
2446992.91699 0.2518
2447003.93433 0.2468
2447003.93506 0.2504
2447003.93579 0.2498
2447006.90308 0.2510
2447006.90454 0.2577
2447006.90625 0.2520
2447034.85864 0.2495
2447034.85938 0.2439
2447034.85986 0.2491
2447040.77417 0.2499
2447040.77515 0.2486
2447040.77612 0.2468
2447044.71411 0.2549
2447044.71484 0.2550
2447044.71558 0.2518
2447047.73047 0.2544
2447047.73120 0.2537
2447047.73218 0.2525
2447054.68750 0.2499
2447054.68848 0.2529
2447054.68994 0.2449
2447057.80151 0.2534
2447057.80249 0.2536
2447057.80322 0.2483
2447063.78101 0.2510
2447063.78174 0.2491
2447063.78271 0.2428
2447073.66357 0.2490
2447073.66455 0.2498
2447073.66528 0.2491
2447076.63989 0.2629
2447076.64063 0.2554
2447076.64160 0.2649
2447083.65601 0.2551
2447083.65723 0.2560
2447083.65820 0.2563
2447108.63721 0.2472
2447108.63818 0.2479
2447108.63916 0.2420
2447132.59814 0.2450
2447132.59912 0.2532
2447132.59985 0.2499
2447345.95166 0.2499
2447345.95264 0.2452
2447345.95361 0.2451
2447349.95044 0.2440
2447349.95190 0.2453
2447349.95337 0.2421
2447358.91357 0.2424
2447358.91479 0.2384
2447358.91626 0.2339
2447362.90869 0.2481
2447362.90967 0.2433
2447362.91089 0.2447
2447369.89282 0.2454
2447369.89404 0.2462
2447369.89502 0.2475
2447374.87134 0.2423
2447374.87256 0.2393
2447374.87354 0.2427
2447382.91968 0.2505
2447382.92065 0.2477
2447382.92163 0.2492
2447385.85352 0.2485
2447385.85449 0.2469
2447385.85547 0.2480
2447392.79419 0.2498
2447392.79541 0.2488
2447392.79663 0.2480
2447399.78613 0.2400
2447399.78735 0.2521
2447399.78857 0.2466
2447412.77734 0.2574
2447412.77905 0.2408
2447412.78052 0.2390
2447412.78174 0.2375
2447412.78320 0.2403
2447414.76489 0.2490
2447414.76611 0.2505
2447414.76733 0.2425
2447424.75391 0.2516
2447424.75513 0.2494
2447424.75635 0.2507
2447429.62744 0.2512
2447429.62891 0.2465
2447429.63037 0.2431
2447435.68408 0.2457
2447435.68579 0.2425
2447435.68726 0.2424
2447445.63599 0.2508
2447445.63696 0.2511
2447445.63843 0.2462
2447449.63647 0.2497
2447449.63818 0.2476
2447449.63965 0.2514
2447455.65894 0.2431
2447455.65991 0.2469
2447455.66113 0.2413
2447460.60693 0.2402
2447460.60815 0.2422
2447460.60938 0.2448
2447719.88013 0.2498
2447719.88110 0.2479
