2445496.97200 0.1363
2445496.97400 0.1471
2445496.97400 0.1445
2445497.93900 0.1414
2445497.94000 0.1430
2445497.94200 0.1409
2445499.90800 0.1415
2445499.90900 0.1418
2445499.91000 0.1431
2445502.93300 0.1387
2445502.93400 0.1354
2445502.93500 0.1373
2445507.78500 0.1371
2445507.78600 0.1440
2445507.78600 0.1394
2445509.89600 0.1370
2445509.89600 0.1343
2445509.89700 0.1375
2445512.90300 0.1451
2445512.90400 0.1468
2445512.90600 0.1440
2445514.81600 0.1395
2445514.81700 0.1459
2445514.81800 0.1395
2445517.84500 0.1352
2445517.84600 0.1423
2445517.84700 0.1415
2445519.88000 0.1348
2445519.88100 0.1326
2445519.88200 0.1353
2445523.92300 0.1389
2445523.92400 0.1370
2445523.92500 0.1468
2445525.88800 0.1417
2445525.88900 0.1432
2445525.89000 0.1434
2445527.90300 0.1383
2445527.90400 0.1404
2445527.90500 0.1409
2445529.87000 0.1375
2445529.87100 0.1377
2445529.87400 0.1390
2445531.88800 0.1457
2445531.88900 0.1412
2445531.89000 0.1425
2445533.89300 0.1392
2445533.89400 0.1401
2445533.89500 0.1366
2445535.79600 0.1424
2445535.79700 0.1429
2445535.79700 0.1470
2445537.77300 0.1386
2445537.77300 0.1389
2445537.77400 0.1397
2445539.88200 0.1382
2445539.88300 0.1344
2445539.88400 0.1398
2445541.79600 0.1339
2445541.79700 0.1448
2445541.79800 0.1436
2445543.80400 0.1412
2445543.80500 0.1491
2445543.80600 0.1445
2445544.91000 0.1436
2445544.91100 0.1449
2445544.91200 0.1380
2445548.93500 0.1445
2445548.93600 0.1425
2445548.93900 0.1444
2445556.79700 0.1399
2445556.79800 0.1410
2445556.79900 0.1391
2445569.73700 0.1425
2445569.73800 0.1448
2445569.73900 0.1398
2445572.70000 0.1396
2445572.70000 0.1371
2445572.70100 0.1402
2445574.71400 0.1437
2445574.71400 0.1438
2445574.71500 0.1472
2445576.79700 0.1377
2445576.79800 0.1364
2445576.79900 0.1491
2445578.74100 0.1404
2445578.74200 0.1371
2445578.74300 0.1341
2445580.80800 0.1421
2445580.80900 0.1371
2445580.81000 0.1377
2445583.75300 0.1398
2445583.75400 0.1401
2445583.75400 0.1400
2445586.70200 0.1416
2445586.70300 0.1430
2445586.70300 0.1432
2445589.70700 0.1426
2445589.70800 0.1372
2445589.70900 0.1387
2445592.66000 0.1439
2445592.66100 0.1393
2445592.66100 0.1378
2445595.67300 0.1430
2445595.67300 0.1349
2445595.67400 0.1439
2445795.01306 0.1406
2445795.01477 0.1371
2445795.01648 0.1398
2445804.02000 0.1380
2445804.02100 0.1390
2445804.02200 0.1347
2445805.98400 0.1432
2445805.98600 0.1373
2445805.98700 0.1341
2445808.00366 0.1409
2445808.00623 0.1416
2445808.00806 0.1445
2445815.00400 0.1410
2445815.00500 0.1392
2445815.00600 0.1450
2445830.98700 0.1401
2445830.98800 0.1446
2445830.98900 0.1469
2445837.94458 0.1419
2445837.94580 0.1423
2445837.94714 0.1402
2445839.95715 0.1359
2445839.95825 0.1339
2445839.95923 0.1347
2445841.96252 0.1418
2445841.96375 0.1399
2445841.96497 0.1418
2445843.93420 0.1353
2445843.93518 0.1360
2445843.93616 0.1348
2445847.97266 0.1370
2445847.97388 0.1386
2445847.97510 0.1376
2445849.97437 0.1412
2445849.97522 0.1350
2445849.97632 0.1340
2445857.95581 0.1445
2445857.95715 0.1388
2445857.95850 0.1384
2445860.92761 0.1412
2445860.92944 0.1431
2445860.93103 0.1417
2445863.90210 0.1388
2445863.90295 0.1463
2445863.90381 0.1392
2445865.93823 0.1416
2445865.93970 0.1377
2445865.94104 0.1370
2445868.95618 0.1405
2445868.95728 0.1416
2445868.95837 0.1409
2445871.95886 0.1439
2445871.95996 0.1428
2445871.96106 0.1447
2445873.91260 0.1471
2445873.91370 0.1410
2445873.91467 0.1469
2445876.90625 0.1391
2445876.90735 0.1414
2445876.90833 0.1427
2445879.91748 0.1432
2445879.91870 0.1358
2445879.91980 0.1402
2445882.96973 0.1420
2445882.97168 0.1432
2445882.97363 0.1428
2445886.87329 0.1378
2445886.87427 0.1415
2445886.87524 0.1378
2445888.88513 0.1360
2445888.88611 0.1309
2445888.88696 0.1319
2445890.82910 0.1440
2445890.83032 0.1477
2445890.83154 0.1411
2445892.89453 0.1484
2445892.89539 0.1436
2445892.89648 0.1516
2445894.91321 0.1431
2445894.91431 0.1453
2445894.91528 0.1427
2445901.78333 0.1370
2445901.78406 0.1382
2445901.78516 0.1289
2445906.82227 0.1392
2445906.82300 0.1413
2445906.82385 0.1411
2445912.77490 0.1375
2445912.77563 0.1478
2445912.77637 0.1422
2445916.91455 0.1526
2445916.91602 0.1482
2445916.91760 0.1449
2445918.79346 0.1405
2445918.79407 0.1396
2445918.79468 0.1356
2445921.79993 0.1265
2445921.80090 0.1237
2445921.80188 0.1238
2445929.81067 0.1428
2445929.81152 0.1393
2445929.81238 0.1364
2445932.80872 0.1477
2445932.80957 0.1390
2445932.81042 0.1373
2445934.73438 0.1414
2445934.73535 0.1375
2445934.73633 0.1503
2445936.76697 0.1393
2445936.76770 0.1440
2445936.76831 0.1456
2445939.78015 0.1434
2445939.78088 0.1402
2445939.78149 0.1385
2445942.82886 0.1339
2445942.82983 0.1410
2445942.83093 0.1422
2445946.77051 0.1501
2445946.77148 0.1461
2445946.77246 0.1511
2445949.75012 0.1339
2445949.75146 0.1369
2445949.75269 0.1317
2445957.71350 0.1424
2445957.71558 0.1369
2445957.71777 0.1402
2445959.68860 0.1364
2445959.68970 0.1426
2445959.69067 0.1413
2445963.79993 0.1348
2445963.80115 0.1467
2445963.80249 0.1446
2445965.76221 0.1378
2445965.76343 0.1389
2445965.76465 0.1408
2445971.68445 0.1377
2445971.68542 0.1426
2445971.68628 0.1391
2445981.75269 0.1398
2445981.75500 0.1454
2445981.75671 0.1377
2445983.66235 0.1444
2445983.66589 0.1431
2445983.66919 0.1492
2445986.66492 0.1445
2445986.66614 0.1406
2445986.66760 0.1454
2445988.67029 0.1429
2445988.67212 0.1366
2445988.67432 0.1446
2446003.70007 0.1389
2446003.70203 0.1454
2446003.70337 0.1365
2446007.65344 0.1388
2446007.65527 0.1396
2446007.65723 0.1358
2446222.94800 0.1354
2446222.94995 0.1387
2446222.95190 0.1393
2446237.87036 0.1416
2446237.87109 0.1445
2446237.87183 0.1437
2446239.84961 0.1427
2446239.85010 0.1415
2446239.85083 0.1434
2446243.85840 0.1392
2446243.85962 0.1400
2446243.86084 0.1381
2446246.86060 0.1462
2446246.86206 0.1466
2446246.86450 0.1448
2446250.88086 0.1385
2446250.88208 0.1403
2446250.88330 0.1457
2446267.85742 0.1363
2446267.85815 0.1345
2446267.85913 0.1334
2446269.80322 0.1349
2446269.80420 0.1361
2446269.80518 0.1352
2446271.89282 0.1391
2446271.89380 0.1369
2446271.89478 0.1358
2446273.88550 0.1401
2446273.88623 0.1378
2446273.88696 0.1344
2446275.81592 0.1384
2446275.81738 0.1380
2446275.81860 0.1367
2446277.80542 0.1459
2446277.80664 0.1440
2446277.80762 0.1423
2446279.78979 0.1473
2446279.79126 0.1450
2446279.79248 0.1435
2446281.81250 0.1369
2446281.81348 0.1352
2446281.81494 0.1387
2446282.76563 0.1384
2446282.76685 0.1355
2446282.76831 0.1403
2446284.78564 0.1398
2446284.78662 0.1386
2446284.78760 0.1366
2446286.77222 0.3401
2446286.77295 0.3409
2446286.77368 0.3494
2446288.72339 0.1379
2446288.72437 0.1432
2446288.72510 0.1442
2446290.78906 0.1397
2446290.78979 0.1450
2446290.79053 0.1418
2446292.77783 0.1341
2446292.77881 0.1343
2446292.77979 0.1301
2446294.78540 0.1435
2446294.78638 0.1464
2446294.78784 0.1429
2446297.77661 0.1399
2446297.77759 0.1430
2446297.77856 0.1389
2446299.78027 0.1445
2446299.78125 0.1379
2446299.78198 0.1419
2446302.74463 0.1381
2446302.74561 0.1341
2446302.74634 0.1385
2446304.72510 0.1395
2446304.72607 0.1422
2446304.72681 0.1459
2446311.69702 0.1455
2446311.69800 0.1488
2446311.69897 0.1453
2446316.76221 0.1434
2446316.76318 0.1402
2446316.76392 0.1411
2446321.71387 0.1378
2446321.71460 0.1404
2446321.71533 0.1389
2446323.74243 0.1391
2446323.74316 0.1415
2446323.74390 0.1421
2446325.75146 0.1473
2446325.75220 0.1418
2446325.75317 0.1433
2446329.68359 0.1413
2446329.68433 0.1356
2446329.68530 0.1354
2446331.70215 0.1428
2446331.70288 0.1359
2446331.70361 0.1371
2446334.74854 0.1443
2446334.74951 0.1426
2446334.75049 0.1424
2446338.67310 0.1423
2446338.67383 0.1396
2446338.67456 0.1438
2446340.64575 0.1404
2446340.64648 0.1389
2446340.64722 0.1420
2446354.65356 0.1413
2446354.65454 0.1464
2446354.65552 0.1473
2446357.63086 0.1482
2446357.63159 0.1469
2446357.63257 0.1469
2446362.62354 0.1369
2446362.62451 0.1371
2446362.62549 0.1370
2446375.59766 0.1391
2446375.59839 0.1412
2446375.59937 0.1373
2448194.64355 0.1405
2448194.64502 0.1377
2448194.64648 0.1378
2448194.64746 0.1389
2448194.64893 0.1361
2448194.65039 0.1401
