2444208.80000 0.1177
2446665.95044 0.2409
2446665.95117 0.2380
2446665.95215 0.2335
2446736.82153 0.2399
2446736.82300 0.2416
2446736.82446 0.2392
2446801.70093 0.2387
2446801.70215 0.2313
2446801.70337 0.2387
2447034.99048 0.2345
2447034.99121 0.2365
2447034.99243 0.2386
2447055.95264 0.2348
2447055.95361 0.2352
2447055.95483 0.2406
2447084.90796 0.2356
2447084.90894 0.2366
2447084.90991 0.2388
2447119.86670 0.2328
2447119.86792 0.2347
2447119.86914 0.2300
2447149.75146 0.2384
2447149.75244 0.2393
2447149.75366 0.2350
2447183.71045 0.2370
2447183.71167 0.2373
2447183.71265 0.2381
2447212.64087 0.2434
2447212.64404 0.2501
2447212.64868 0.2476
2447456.89917 0.2300
2447456.90015 0.2326
2447456.90088 0.2352
2447508.74756 0.2372
2447508.74878 0.2378
2447508.74951 0.2332
2447578.61987 0.2343
2447578.62109 0.2397
2447578.62207 0.2333
2447872.70996 0.2454
2447872.71118 0.2482
2447872.71240 0.2518
2448162.98047 0.2526
2448162.98193 0.2586
2448162.98340 0.2553
