45172.77405 0.2628
45172.77698 0.2542
45172.78003 0.2569
46275.94849 0.4324
46275.94922 0.4476
46275.94995 0.4392
46289.82837 0.4553
46289.82910 0.4627
46289.82983 0.4597
46332.72778 0.4462
46332.72876 0.4443
46332.72974 0.4402
46366.67017 0.4287
46366.67139 0.4221
46366.67261 0.4398
46367.64404 0.4361
46367.64478 0.4278
46367.64551 0.4365
46377.66895 0.4474
46377.67017 0.4352
46377.67139 0.4344
46590.95532 0.4324
46590.95605 0.4408
46590.95703 0.4373
46653.80786 0.4371
46653.80859 0.4431
46653.80957 0.4204
46717.63403 0.4427
46717.63477 0.4302
46717.63599 0.4238
46932.99219 0.3979
46932.99341 0.4140
46932.99438 0.4157
46996.77417 0.4086
46996.77563 0.4059
46996.77710 0.4216
47060.66187 0.4328
47060.66284 0.4317
47060.66357 0.4409
47347.92993 0.4532
47347.93091 0.4518
47347.93188 0.4523
47362.91821 0.4445
47362.91943 0.4373
47362.92065 0.4448
47381.91504 0.4284
47381.91626 0.4323
47381.91724 0.4320
47393.86377 0.4349
47393.86499 0.4435
47393.86646 0.4332
47445.65967 0.4320
47445.66040 0.4289
47445.66138 0.4242
47460.63525 0.4438
47460.63647 0.4410
47460.63770 0.4502
47721.91992 0.4860
47721.92090 0.4794
47721.92212 0.4784
47784.70776 0.4741
47784.70874 0.4695
47784.70972 0.4751
48478.80322 0.5202
48478.80420 0.5101
48478.80566 0.5024
