2444478.74500 0.1492
2444478.74600 0.1529
2446274.91724 0.2931
2446274.91821 0.2883
2446274.91895 0.2930
2446289.83789 0.2911
2446289.83862 0.2842
2446289.83936 0.2851
2446330.71069 0.2849
2446330.71167 0.2901
2446330.71240 0.2861
2446366.67627 0.2880
2446366.67798 0.2886
2446366.67969 0.2815
2446377.68408 0.2890
2446377.68506 0.2880
2446377.68604 0.2833
2446592.94629 0.2823
2446592.94702 0.2720
2446592.94800 0.2884
2446662.75171 0.2944
2446662.75391 0.2862
2446662.75610 0.2972
2446662.75757 0.2841
2446723.62378 0.2814
2446723.62524 0.2779
2446723.62646 0.2859
2446958.96802 0.2674
2446958.97046 0.2725
2446958.97266 0.2775
2447031.80103 0.2848
2447031.80200 0.2869
2447031.80298 0.2841
2447112.66724 0.2839
2447112.66821 0.2828
2447112.66919 0.2801
2447346.93604 0.2797
2447346.93701 0.2900
2447346.93799 0.2821
2447381.94165 0.2761
2447381.94263 0.2754
2447381.94385 0.2801
2447429.67749 0.2812
2447429.67847 0.2773
2447429.67969 0.2777
2447447.69409 0.2790
2447447.69507 0.2779
2447447.69629 0.2803
2447721.92896 0.2992
2447721.93018 0.3035
2447721.93115 0.3081
2447783.76636 0.2978
2447783.76758 0.2997
2447783.76904 0.3022
2448491.76270 0.3168
2448491.76416 0.3164
2448491.76563 0.3184
