44208.80000 0.1097
45982.94617 0.2331
45982.94739 0.2292
45982.94873 0.2297
45989.93579 0.2289
45989.93848 0.2290
45989.94092 0.2313
46000.93372 0.2289
46000.93530 0.2324
46000.93689 0.2297
46019.88586 0.2278
46019.88708 0.2265
46019.88831 0.2208
46025.79810 0.2284
46025.79932 0.2232
46025.80078 0.2253
46065.75806 0.2278
46065.75952 0.2277
46065.76123 0.2239
46111.62646 0.2284
46111.62720 0.2294
46111.62793 0.2308
46323.01099 0.2272
46323.01172 0.2275
46323.01245 0.2277
46365.90698 0.2301
46365.90771 0.2268
46365.90845 0.2249
46377.94287 0.2246
46377.94385 0.2260
46377.94458 0.2301
46413.78540 0.2217
46413.78613 0.2224
46413.78687 0.2252
46442.72705 0.2219
46442.72803 0.2244
46442.72925 0.2211
46487.65430 0.2269
46487.65527 0.2265
46487.65601 0.2282
47044.99951 0.2330
47045.00049 0.2274
47045.00146 0.2268
47116.79443 0.2269
47116.79736 0.2221
47116.80054 0.2246
47181.68774 0.2264
47181.68872 0.2261
47181.68970 0.2285
47456.98389 0.2223
47456.98511 0.2207
47456.98633 0.2241
47508.75928 0.2208
47508.76025 0.2203
47508.76147 0.2203
47578.66260 0.2291
47578.66382 0.2261
47578.66479 0.2275
47882.79736 0.2245
47882.79858 0.2254
47882.79980 0.2237
47903.65503 0.2233
47903.65625 0.2226
47903.65771 0.2279
48902.92920 0.2402
48902.93066 0.2436
48902.93213 0.2425
48933.86816 0.2419
48933.86963 0.2441
48933.87109 0.2415
48972.79346 0.2417
48972.79443 0.2484
48972.79590 0.2439
48980.78125 0.2447
48980.78271 0.2396
48980.78418 0.2393
49269.92334 0.2429
49269.92529 0.2321
49269.92676 0.2388
49298.81836 0.2395
49298.82031 0.2376
49298.82178 0.2385
49307.79688 0.2451
49307.79834 0.2403
49307.79980 0.2449
49312.78467 0.2400
49312.78613 0.2402
49312.78760 0.2368
49327.72900 0.2452
49327.73047 0.2439
49327.73193 0.2437
49332.75342 0.2449
49332.75488 0.2445
49332.75635 0.2430
49343.73584 0.2462
49343.73682 0.2461
49343.73828 0.2429
49360.68213 0.2402
49360.68408 0.2398
49360.68555 0.2451
49368.66797 0.2383
49368.66943 0.2382
49368.67090 0.2421
49394.62939 0.2474
49394.63086 0.2414
49394.63184 0.2426
49615.89990 0.2640
49615.90137 0.2652
49615.90234 0.2654
49620.92529 0.2488
49620.92627 0.2479
49620.92773 0.2467
49634.88916 0.2401
49634.89062 0.2415
49634.89160 0.2399
49643.87744 0.2401
49643.87891 0.2498
49643.87988 0.2338
49647.82422 0.2447
49647.82520 0.2411
49647.82666 0.2453
49660.82471 0.2442
49660.82617 0.2478
49660.82715 0.2532
49695.78760 0.2433
49695.78906 0.2446
49695.79004 0.2418
49697.78174 0.2538
49697.78320 0.2432
49697.78418 0.2391
49706.78076 0.2442
49706.78223 0.2461
49706.78320 0.2467
49730.68115 0.2441
49730.68213 0.2472
49730.68359 0.2484
49753.66504 0.2460
49753.66602 0.2458
49753.66748 0.2495
49766.61816 0.2549
49766.61914 0.2562
49766.62061 0.2542
