43665.80000 0.1341
43675.80000 0.1494
43779.80000 0.1603
48831.93311 0.1518
48831.93506 0.1541
48831.93701 0.1556
48835.92773 0.1509
48835.92969 0.1432
48835.93115 0.1509
48838.92432 0.1556
48838.92822 0.1620
48838.93262 0.1620
48842.86328 0.1525
48842.86475 0.1521
48842.86621 0.1459
48846.90088 0.1550
48846.90283 0.1521
48846.90430 0.1610
48849.90186 0.1496
48849.90381 0.1554
48849.90576 0.1557
48852.84521 0.1522
48852.84668 0.1502
48852.84863 0.1499
48855.87012 0.1515
48855.87207 0.1546
48855.87402 0.1540
48860.82520 0.1574
48860.82715 0.1542
48860.82910 0.1531
48868.76953 0.1554
48868.77051 0.1577
48868.77197 0.1511
48871.81738 0.1466
48871.81836 0.1540
48871.81982 0.1532
48875.76270 0.1505
48875.76416 0.1525
48875.76514 0.1533
48878.76270 0.1474
48878.76416 0.1531
48878.76562 0.1522
48887.77539 0.1441
48887.77734 0.1509
48887.77881 0.1511
48890.74219 0.1560
48890.74365 0.1523
48890.74512 0.1578
48895.73926 0.1607
48895.74121 0.1633
48895.74365 0.1606
48900.70117 0.1609
48900.70312 0.1598
48900.70459 0.1590
48903.74268 0.1548
48903.74365 0.1573
48903.74512 0.1558
48907.74365 0.1525
48907.74512 0.1649
48907.74707 0.1537
48913.71631 0.1610
48913.71777 0.1623
48913.71973 0.1624
48917.70459 0.1612
48917.70654 0.1579
48917.70850 0.1572
48935.64014 0.1619
48935.64307 0.1598
48935.64551 0.1588
48938.62158 0.1606
48938.62402 0.1590
48938.62646 0.1575
48941.61279 0.1564
48941.61426 0.1596
48941.61621 0.1521
48944.63672 0.1601
48944.63916 0.1606
48944.64160 0.1604
48948.63281 0.1561
48948.63428 0.1580
48948.63623 0.1562
49205.84961 0.1465
49205.85352 0.1506
49205.85742 0.1459
49215.86426 0.1643
49215.86768 0.1631
49215.87158 0.1596
49220.85791 0.1650
49220.86182 0.1587
49220.86621 0.1585
49223.87012 0.1562
49223.87500 0.1511
49223.87891 0.1618
49227.84814 0.1587
49227.85254 0.1546
49227.85742 0.1485
49238.79199 0.1650
49238.79590 0.1545
49238.79980 0.1643
49250.77051 0.1616
49250.77344 0.1554
49250.77637 0.1553
49255.73633 0.1598
49255.74072 0.1560
49255.74463 0.1565
49258.73877 0.1534
49258.74316 0.1495
49258.74756 0.1536
49262.69482 0.1478
49262.69873 0.1574
49262.70264 0.1464
49268.72656 0.1456
49268.73096 0.1401
49268.73535 0.1448
49273.68750 0.1539
49273.69043 0.1572
49273.69336 0.1588
49279.70117 0.1510
49279.70361 0.1477
49279.70654 0.1486
49284.67920 0.1553
49284.68115 0.1451
49284.68311 0.1359
49296.64893 0.1501
49296.65039 0.1562
49296.65186 0.1530
49538.93799 0.1645
49538.93896 0.1590
49538.94043 0.1610
49556.90088 0.1569
49556.90186 0.1558
49556.90332 0.1520
49573.85840 0.1537
49573.86035 0.1644
49573.86182 0.1603
49576.75146 0.1694
49576.75293 0.1575
49576.75439 0.1638
49580.77588 0.1698
49580.77686 0.1625
49580.77832 0.1626
49585.76221 0.1593
49585.76367 0.1643
49585.76465 0.1688
49589.78076 0.1637
49589.78223 0.1544
49589.78320 0.1592
49601.75293 0.1603
49601.75391 0.1581
49601.75488 0.1569
49610.73389 0.1637
49610.73535 0.1595
49610.73682 0.1557
49613.73779 0.1556
49613.73877 0.1543
49613.73975 0.1563
49619.72266 0.1578
49619.72461 0.1569
49619.72607 0.1581
49634.65088 0.1558
49634.65186 0.1541
49634.65332 0.1604
49637.64014 0.1618
49637.64258 0.1666
49637.64453 0.1599
49639.63623 0.1633
49639.63867 0.1570
49639.64111 0.1595
49643.68896 0.1635
49643.69092 0.1566
49643.69238 0.1574
49646.68359 0.1514
49646.68506 0.1564
49646.68701 0.1526
49662.64941 0.1583
49662.65088 0.1617
49662.65283 0.1589
49671.60156 0.1524
49671.60303 0.1537
49671.60449 0.1505
