2444478.75601 0.1922
2444478.75699 0.1936
2444478.75699 0.1887
2445188.76099 0.1556
2445188.76196 0.1488
2445188.76294 0.1486
2445491.97200 0.3339
2445491.97200 0.3345
2445491.97300 0.3327
2445495.95500 0.3330
2445495.95600 0.3338
2445495.95600 0.3329
2445500.97700 0.3264
2445500.97800 0.3296
2445500.97900 0.3235
2445503.93200 0.3252
2445503.93300 0.3286
2445503.93400 0.3277
2445508.92700 0.3292
2445508.92800 0.3245
2445508.92800 0.3231
2445512.93300 0.3266
2445512.93400 0.3286
2445512.93500 0.3263
2445516.96000 0.3246
2445516.96100 0.3265
2445516.96200 0.3233
2445522.94600 0.3212
2445522.94700 0.3378
2445522.94700 0.3200
2445528.92000 0.3240
2445528.92000 0.3161
2445528.92100 0.3148
2445534.92000 0.3162
2445534.92000 0.3248
2445534.92100 0.3220
2445540.91700 0.3125
2445540.91800 0.3102
2445540.91800 0.3147
2445545.92300 0.3116
2445545.92400 0.3150
2445545.92500 0.3085
2445552.77800 0.3173
2445552.77800 0.3112
2445552.77900 0.3058
2445558.77600 0.3028
2445558.77600 0.3074
2445558.77700 0.3031
2445571.75800 0.3169
2445571.75900 0.3259
2445571.76000 0.3134
2445581.69900 0.3348
2445581.70000 0.3327
2445581.70000 0.3349
2445584.74000 0.3354
2445584.74000 0.3339
2445584.74200 0.3300
2445591.69000 0.3402
2445591.69000 0.3390
2445591.69100 0.3371
2446200.00317 0.2900
2446200.00415 0.2852
2446200.00488 0.2867
2446216.97974 0.2983
2446216.98120 0.3055
2446216.98291 0.3003
2446224.93726 0.2985
2446224.93799 0.3046
2446224.93896 0.3085
2446230.93237 0.3166
2446230.93384 0.3150
2446230.93555 0.3113
2446238.94751 0.3167
2446238.94824 0.3175
2446238.94873 0.3129
2446238.94946 0.3119
2446250.99829 0.3440
2446250.99878 0.3386
2446250.99951 0.3390
2446267.90430 0.3462
2446267.90503 0.3323
2446267.90576 0.3402
2446272.89355 0.3275
2446272.89453 0.3282
2446272.89551 0.3408
2446280.83228 0.3262
2446280.83276 0.3273
2446280.83325 0.3265
2446285.82129 0.3199
2446285.82202 0.3203
2446285.82300 0.3177
2446289.81616 0.3181
2446289.81689 0.3171
2446289.81787 0.3174
2446296.76611 0.3033
2446296.76709 0.2991
2446296.76831 0.2968
2446300.75684 0.2931
2446300.75757 0.2958
2446300.75830 0.2942
2446311.79639 0.2992
2446311.79688 0.2951
2446311.79785 0.2955
2446324.73779 0.2930
2446324.73901 0.2936
2446324.73999 0.2947
2446338.72388 0.3054
2446338.72437 0.3093
2446338.72510 0.3053
2446362.59888 0.2977
2446362.59985 0.3091
2446362.60083 0.3017
2446368.63257 0.3179
2446368.63330 0.3029
2446368.63403 0.3124
2446376.63452 0.3267
2446376.63550 0.3255
2446376.63623 0.3202
2446384.60669 0.3264
2446384.60742 0.3311
2446384.60840 0.3249
2446390.59814 0.3283
2446390.59888 0.3234
2446390.60010 0.3283
2446620.90063 0.3104
2446620.90161 0.3062
2446620.90234 0.3060
2446628.94800 0.3045
2446628.94873 0.3122
2446628.94946 0.3126
2446654.86841 0.3003
2446654.86914 0.3040
2446654.86987 0.2995
2446663.74341 0.3110
2446663.74414 0.3037
2446663.74487 0.3083
2446673.74731 0.2972
2446673.74829 0.3007
2446673.74927 0.2875
2446679.80737 0.2967
2446679.80811 0.2883
2446679.80884 0.3035
2446686.74585 0.2981
2446686.74658 0.2990
2446686.74731 0.2911
2446703.68384 0.3037
2446703.68433 0.2934
2446710.70630 0.3051
2446710.70728 0.2992
2446710.70801 0.2953
2446718.69556 0.2983
2446718.69629 0.3031
2446718.69727 0.3053
2446729.61084 0.3023
2446729.61182 0.2882
2446729.61255 0.2959
2446738.61426 0.2926
2446738.61475 0.2944
2446738.61548 0.2936
2446744.60352 0.2895
2446744.60425 0.2873
2446744.60498 0.2906
2446945.96997 0.3051
2446945.97095 0.3044
2446945.97168 0.3057
2446964.97534 0.2929
2446964.97607 0.3040
2446964.97705 0.2994
2446990.87305 0.2996
2446990.87402 0.2890
2446990.87476 0.2962
2447033.86108 0.2882
2447033.86206 0.2856
2447033.86279 0.2813
2447039.73877 0.2951
2447039.73950 0.2958
2447039.74048 0.2934
2447046.76709 0.2970
2447046.76855 0.3012
2447046.76953 0.2938
2447055.78174 0.3113
2447055.78247 0.3090
2447055.78345 0.3087
2447071.69360 0.2981
2447071.69458 0.2975
2447071.69556 0.3039
2447078.64014 0.3035
2447078.64111 0.3038
2447078.64185 0.3050
2447085.62305 0.3040
2447085.62378 0.2991
2447085.62476 0.2992
2447109.59888 0.2971
2447109.59985 0.2892
2447109.60083 0.2918
2447119.60571 0.2877
2447119.60669 0.2848
2447119.60767 0.2886
2447346.92285 0.2796
2447346.92407 0.2800
2447346.92505 0.2848
2447357.92725 0.2714
2447357.92847 0.2693
2447357.92944 0.2631
2447370.86841 0.2663
2447370.86963 0.2679
2447370.87109 0.2684
2447383.90479 0.2754
2447383.90576 0.2686
2447383.90723 0.2715
2447395.80176 0.2660
2447395.80298 0.2614
2447395.80396 0.2706
2447422.74854 0.2697
2447422.74951 0.2709
2447422.75049 0.2661
2447429.66699 0.2724
2447429.66821 0.2770
2447429.66992 0.2801
2447446.66431 0.2987
2447446.66504 0.2978
2447446.66626 0.3082
2447455.67505 0.2811
2447455.67603 0.2844
2447455.67725 0.2892
2447719.90820 0.2884
2447719.90942 0.2908
2447719.91064 0.2905
2447727.94702 0.2875
2447727.94824 0.2844
2447727.94971 0.2873
2447736.85767 0.2867
2447736.85815 0.2842
2447736.85864 0.2854
2447736.85913 0.2815
2447736.85986 0.2840
2447736.86060 0.2858
2447750.80811 0.2971
2447750.80859 0.2909
2447750.80908 0.2905
2447750.81006 0.2910
2447750.81104 0.2966
2447750.81152 0.2935
2447760.76709 0.2958
2447760.76807 0.2880
2447760.76904 0.2886
2447767.77148 0.2944
2447767.77246 0.2940
2447767.77344 0.2919
2447775.76489 0.2877
2447775.76636 0.2912
2447775.76758 0.2924
2447810.66919 0.2850
2447810.67041 0.2855
2447810.67188 0.2877
2447816.65381 0.2875
2447816.65503 0.2878
2447816.65625 0.2830
2447836.59814 0.2819
2447836.59937 0.2910
2447836.60059 0.2867
2448081.92896 0.2992
2448081.92993 0.3021
2448081.93091 0.3017
2448091.91724 0.3069
2448091.91821 0.3092
2448091.91943 0.3067
2448108.83008 0.3004
2448108.83154 0.3110
2448108.83252 0.3002
2448125.80225 0.3053
2448125.80371 0.3059
2448125.80469 0.3066
2448411.97949 0.3359
2448411.98047 0.3359
2448411.98145 0.3374
2448473.80029 0.3198
2448473.80176 0.3144
2448473.80322 0.3173
2448473.80420 0.3156
2448841.90674 0.3088
2448841.90820 0.3115
2448841.90918 0.3135
2448846.85840 0.3139
2448846.85986 0.3219
2448846.86133 0.3183
2448855.84717 0.3122
2448855.84814 0.3160
2448855.84961 0.3158
2448873.75879 0.3187
2448873.75977 0.3191
2448873.76123 0.3208
2448880.74609 0.3173
2448880.74707 0.3182
2448880.74854 0.3164
2448902.73584 0.3313
2448902.73730 0.3340
2448902.73926 0.3318
2449270.70117 0.3529
2449270.70264 0.3479
2449270.70410 0.3513
2449285.65137 0.3485
2449285.65332 0.3505
2449285.65527 0.3430
2449297.64111 0.3460
2449297.64258 0.3426
2449297.64404 0.3473
2449556.88721 0.3581
2449556.88867 0.3551
2449556.88965 0.3533
2449575.86133 0.4094
2449575.86279 0.4144
2449575.86377 0.4131
2449581.78174 0.4159
2449581.78320 0.4165
2449581.78418 0.4223
2449587.75830 0.4392
2449587.75928 0.4358
2449587.76025 0.4395
2449599.73975 0.4132
2449599.74121 0.4175
2449599.74219 0.4174
2449605.72412 0.4050
2449605.72510 0.4096
2449605.72607 0.4010
2449611.72314 0.3920
2449611.72412 0.3875
2449611.72559 0.3983
2449616.68115 0.3974
2449616.68213 0.3936
2449616.68311 0.3958
2449641.61084 0.3782
2449641.61182 0.3799
2449641.61279 0.3772
2449647.64160 0.3787
2449647.64258 0.3792
2449647.64404 0.3811
2449677.60156 0.4079
2449677.60254 0.4143
2449677.60352 0.4196
