39272.80000 0.2165
39274.80000 0.1966
39339.80000 0.2098
39340.80000 0.2148
39370.80000 0.2170
39371.80000 0.2172
39392.80000 0.2375
39423.80000 0.2503
39424.80000 0.2336
39666.80000 0.2240
39667.80000 0.2213
39691.80000 0.2092
39694.80000 0.2168
39719.80000 0.2086
39721.80000 0.2019
39722.80000 0.2132
40011.80000 0.1955
40045.80000 0.1868
40046.80000 0.1870
40047.80000 0.1887
40048.80000 0.1819
40077.80000 0.1836
40078.80000 0.1883
40105.80000 0.1976
40106.80000 0.1889
40107.80000 0.1913
40138.80000 0.1815
40341.80000 0.1979
40342.80000 0.1908
40404.80000 0.1928
40405.80000 0.1987
40406.80000 0.1943
40407.80000 0.1994
40438.80000 0.2037
40439.80000 0.2032
40440.80000 0.2035
40454.80000 0.2065
40455.80000 0.1994
40456.80000 0.1977
40457.80000 0.1981
40495.80000 0.1976
40727.80000 0.1829
40760.80000 0.1930
40761.80000 0.1954
40762.80000 0.1892
40777.80000 0.1909
40778.80000 0.1859
40779.80000 0.1832
40780.80000 0.1804
40810.80000 0.1868
40811.80000 0.1807
40812.80000 0.1761
40843.80000 0.1892
40844.80000 0.1805
40845.80000 0.1803
40881.80000 0.1857
41112.80000 0.1908
41113.80000 0.1878
41114.80000 0.1868
41133.80000 0.1866
41134.80000 0.1882
41135.80000 0.1898
41136.80000 0.1905
41168.80000 0.1898
41169.80000 0.1919
41170.80000 0.1903
41199.80000 0.1903
41201.80000 0.1910
41202.80000 0.1942
41249.80000 0.1943
41250.80000 0.1853
41460.80000 0.1977
41487.80000 0.1988
41488.80000 0.2017
41502.80000 0.1989
41503.80000 0.2026
41554.80000 0.1972
41589.80000 0.1871
41590.80000 0.1861
41591.80000 0.1864
41592.80000 0.1931
41820.80000 0.1898
41821.80000 0.1832
41822.80000 0.1848
41835.80000 0.1902
41884.80000 0.1798
41885.80000 0.1771
41886.80000 0.1780
41909.80000 0.1885
41910.80000 0.1808
41911.80000 0.1811
41942.80000 0.1807
41943.80000 0.1799
41944.80000 0.1808
41945.80000 0.1850
41959.80000 0.1862
41960.80000 0.1897
41961.80000 0.1919
42147.80000 0.2052
42148.80000 0.1952
42166.80000 0.1950
42167.80000 0.1889
42168.80000 0.1923
42169.80000 0.1904
42208.80000 0.1909
42209.80000 0.1937
42210.80000 0.1992
42218.80000 0.1919
42219.80000 0.1940
42220.80000 0.1893
42259.80000 0.2048
42260.80000 0.1973
42261.80000 0.1956
42282.80000 0.2031
42283.80000 0.1998
42284.80000 0.1997
42285.80000 0.1991
42329.80000 0.1970
42330.80000 0.1952
42331.80000 0.1968
42590.80000 0.1882
42591.80000 0.1934
42592.80000 0.1844
42613.80000 0.1812
42614.80000 0.1848
42615.80000 0.1840
42616.80000 0.1836
42644.80000 0.1905
42645.80000 0.1812
42646.80000 0.1812
42647.80000 0.1856
42675.80000 0.1909
42676.80000 0.1838
42677.80000 0.1882
42678.80000 0.1862
42702.80000 0.1758
42703.80000 0.1825
42940.80000 0.1824
42974.80000 0.1834
42975.80000 0.1834
43025.80000 0.1889
43060.80000 0.1955
43061.80000 0.1945
43062.80000 0.1970
43063.80000 0.1918
43257.80000 0.1975
43294.80000 0.2338
43295.80000 0.1997
43297.80000 0.1911
43347.80000 0.2025
43347.80000 0.1901
43349.80000 0.1950
43349.80000 0.1917
43350.80000 0.1968
43350.80000 0.1953
43351.80000 0.1890
43351.80000 0.1975
43414.80000 0.1948
43415.80000 0.1761
43415.80000 0.1765
43663.80000 0.1884
43664.80000 0.1878
43673.80000 0.1750
43704.80000 0.1977
43742.80000 0.1911
43743.80000 0.1914
43752.80000 0.1685
43777.80000 0.1840
43778.80000 0.1786
44003.80000 0.1905
44004.80000 0.1895
44051.80000 0.1848
44052.80000 0.1915
44142.80000 0.2007
44411.82501 0.1810
44411.82700 0.1806
44411.82800 0.1824
44423.78699 0.1874
44423.78900 0.1910
44424.76599 0.1932
44424.76700 0.1978
44426.75000 0.1838
44426.75101 0.1776
44426.75201 0.1810
44426.75299 0.1805
44426.84601 0.1778
44426.84698 0.1814
44426.87299 0.1783
44426.87299 0.1834
44428.91800 0.1733
44428.91901 0.1805
44429.79901 0.1783
44429.79999 0.1802
44429.80099 0.1795
44430.76999 0.1838
44430.77100 0.1860
44430.77200 0.1870
44432.78299 0.1896
44432.78299 0.1884
44432.78400 0.1918
44441.76099 0.1829
44441.76099 0.1841
44441.76199 0.1800
44442.77499 0.1884
44442.77600 0.1840
44442.77701 0.1812
44442.83499 0.1819
44442.83600 0.1891
44442.83701 0.1869
44443.79901 0.1785
44443.79999 0.1773
44443.79999 0.1825
44444.76700 0.1809
44444.76801 0.1778
44444.76901 0.1740
44445.76599 0.1887
44445.76700 0.1885
44445.76801 0.1921
44446.77701 0.1907
44446.77802 0.1849
44446.77899 0.1955
44447.77100 0.1963
44447.77200 0.1968
44447.77301 0.1956
44448.75900 0.2010
44448.75900 0.1913
44448.76001 0.1954
44449.77399 0.1947
44449.77499 0.1975
44449.77600 0.2003
44451.82501 0.1902
44451.82599 0.1922
44451.82700 0.1946
44452.76999 0.1936
44452.77100 0.1960
44452.77200 0.1899
44453.76700 0.1913
44453.76801 0.2019
44453.76901 0.1929
44454.79700 0.1918
44454.79901 0.1942
44454.79999 0.1959
44458.76099 0.1911
44458.76199 0.1906
44458.76199 0.1936
44460.74701 0.1964
44460.74799 0.1971
44460.74799 0.1961
44461.77301 0.2019
44461.77499 0.1946
44461.77600 0.1938
44462.78601 0.1985
44462.78699 0.2017
44462.78900 0.1944
44463.74799 0.1989
44463.74899 0.2075
44463.74899 0.1943
44464.74899 0.2065
44464.75000 0.2156
44464.75101 0.2060
44465.79001 0.2018
44465.79099 0.1943
44465.79199 0.1922
44466.78601 0.2109
44466.78699 0.2015
44466.78799 0.1999
44467.77100 0.1914
44467.77200 0.1898
44467.77301 0.1999
44468.79199 0.1925
44468.79300 0.1990
44468.79300 0.1892
44469.75500 0.1937
44469.75601 0.1917
44469.75699 0.1937
44470.76501 0.1924
44470.76599 0.1887
44470.76700 0.1977
44472.75299 0.1970
44472.75400 0.1956
44472.75500 0.1966
44473.79800 0.1963
44473.79901 0.1991
44473.79999 0.1922
44474.75000 0.1948
44474.75101 0.1898
44474.75201 0.1972
44475.76901 0.2025
44475.76999 0.2000
44475.76999 0.1991
44478.72900 0.1907
44478.72900 0.1968
44478.73001 0.1993
44479.74100 0.1972
44479.74200 0.1966
44479.74301 0.1940
44480.73099 0.1916
44480.73099 0.1899
44480.73199 0.1874
44481.73499 0.1872
44481.73599 0.1856
44481.73700 0.1891
44482.75201 0.1899
44482.75299 0.1904
44482.75400 0.1884
44484.76001 0.1899
44484.76099 0.1890
44484.76199 0.1944
44485.74899 0.2010
44485.75000 0.1941
44485.75101 0.1966
44486.75800 0.1987
44486.75900 0.1953
44486.76001 0.1962
44487.75601 0.1913
44487.75699 0.1935
44487.75800 0.2017
44488.75800 0.2013
44488.76001 0.1892
44489.75201 0.1986
44489.75299 0.1999
44489.75400 0.1925
44490.75699 0.1949
44490.75800 0.1956
44490.75900 0.1925
44491.75500 0.1983
44491.75601 0.1929
44491.75699 0.2011
44492.75500 0.2017
44492.75601 0.2063
44492.75699 0.1970
44493.75500 0.1956
44493.75601 0.1896
44493.75699 0.1879
44494.73700 0.1901
44494.73801 0.1903
44494.73901 0.1867
44495.73999 0.1878
44495.74100 0.1878
44495.74200 0.1913
44496.76801 0.1800
44496.76999 0.1876
44496.77100 0.1936
44506.74301 0.1928
44506.74399 0.1947
44506.74500 0.1977
44507.73700 0.1981
44507.73801 0.2002
44507.73901 0.1954
44508.73801 0.1901
44508.73901 0.1992
44508.73999 0.1996
44525.71198 0.1912
44525.71399 0.1968
44525.71600 0.1993
44547.61603 0.1902
44547.61700 0.1921
44547.61902 0.2005
44549.60699 0.1871
44549.60797 0.1947
44549.60901 0.1864
44550.60199 0.1991
44550.60400 0.1835
44550.60602 0.1963
44564.59900 0.1842
44564.60101 0.1903
44564.60199 0.1987
44566.59802 0.1852
44566.59900 0.1892
44566.60101 0.1914
44773.93701 0.1879
44773.93799 0.1811
44773.94000 0.1799
44774.95697 0.1805
44774.95898 0.1780
44774.96100 0.1830
44775.94800 0.1792
44775.95001 0.1822
44775.95203 0.1794
44776.90802 0.1777
44776.90997 0.1755
44776.91199 0.1775
44777.90900 0.1730
44777.91101 0.1761
44777.91199 0.1766
44778.91302 0.1816
44778.91498 0.1796
44778.91699 0.1828
44779.92798 0.1894
44779.92999 0.1826
44779.93201 0.1835
44780.96198 0.1865
44780.96399 0.1861
44780.96600 0.1813
44781.94800 0.1892
44781.95001 0.1805
44781.95203 0.1835
44782.93298 0.1831
44782.93500 0.1834
44782.93701 0.1846
44784.93201 0.1861
44784.93402 0.1827
44784.93500 0.1815
44785.94598 0.1859
44785.94800 0.1854
44785.95001 0.1779
44794.92700 0.1788
44794.92902 0.1802
44794.92999 0.1804
44795.94202 0.1763
44795.94397 0.1727
44795.94598 0.1788
44796.92499 0.1833
44796.92700 0.1827
44796.92798 0.1872
44799.93799 0.1832
44799.94000 0.1822
44799.94299 0.1804
44802.93799 0.1898
44802.94000 0.1908
44802.94299 0.1842
44803.85400 0.1812
44803.85602 0.1843
44803.85699 0.1792
44804.86401 0.1761
44804.86603 0.1834
44804.86700 0.1837
44807.84601 0.1773
44807.84802 0.1687
44807.84998 0.1789
44808.84100 0.1816
44808.84198 0.1801
44808.84302 0.1880
44821.82397 0.1822
44821.82501 0.1779
44821.82703 0.1783
44822.80402 0.1846
44822.80499 0.1819
44822.80701 0.1834
44823.79797 0.1896
44823.79999 0.1873
44823.80103 0.1802
44824.80298 0.1827
44824.80499 0.1845
44824.80603 0.1849
44827.82703 0.1874
44827.82898 0.1929
44827.83099 0.1869
44828.80402 0.1830
44828.80603 0.1792
44828.80798 0.1797
44833.81598 0.1817
44833.81702 0.1905
44833.81897 0.1819
44834.80103 0.1808
44834.80200 0.1845
44834.80402 0.1856
44835.81097 0.1844
44835.81201 0.1801
44835.81403 0.1824
44836.79303 0.1805
44836.79401 0.1857
44836.79602 0.1830
44847.76099 0.1830
44847.76300 0.1849
44847.76501 0.1774
44848.76001 0.1826
44848.76099 0.1817
44848.76300 0.1822
44849.72498 0.1871
44849.72601 0.1893
44849.72699 0.1792
44850.71002 0.1891
44850.71100 0.1911
44850.71198 0.1762
44851.71100 0.1801
44851.71198 0.1869
44851.71399 0.1847
44852.71802 0.1874
44852.71997 0.1842
44852.72101 0.1836
44853.74902 0.1883
44853.75098 0.1881
44853.75299 0.1846
44854.71399 0.1782
44854.71503 0.1845
44854.71698 0.1839
44855.74902 0.1830
44855.75000 0.1914
44855.75201 0.1929
44856.74799 0.1841
44856.75000 0.1882
44856.75098 0.1841
44857.70398 0.1844
44857.70599 0.1859
44857.70697 0.1812
44860.73700 0.1852
44860.73798 0.1875
44860.73901 0.1880
44864.71198 0.1826
44864.71399 0.1849
44864.71600 0.1947
44865.71100 0.1832
44865.71198 0.1887
44865.71399 0.1826
44868.73999 0.1901
44868.74200 0.1956
44868.74402 0.1899
44869.73901 0.1976
44869.73999 0.1816
44869.74200 0.1897
44870.75702 0.2010
44870.75897 0.1989
44870.76099 0.2025
44871.77802 0.2035
44871.78003 0.1989
44871.78198 0.1934
44872.75800 0.1852
44872.76001 0.1882
44872.76202 0.1873
44874.74902 0.1952
44874.75098 0.1942
44874.75201 0.2015
44875.72400 0.1918
44875.72498 0.1915
44875.72699 0.1908
44897.67999 0.1954
44897.68298 0.1939
44897.68500 0.1987
44899.69800 0.2034
44899.69897 0.1960
44899.70099 0.1963
44900.71802 0.1983
44900.71997 0.2006
44900.72198 0.1968
45108.95300 0.2172
45108.95703 0.2158
45108.95898 0.2182
45119.93103 0.2160
45119.93201 0.2290
45119.93396 0.2305
45122.94897 0.2162
45122.95105 0.2158
45122.95300 0.2100
45124.93396 0.2068
45124.93604 0.2059
45124.93799 0.2048
45131.97205 0.2193
45131.97302 0.2205
45131.97498 0.2221
45133.94104 0.2199
45133.94299 0.2109
45133.94604 0.2080
45135.95398 0.2197
45135.95605 0.2232
45135.95801 0.2161
45140.94702 0.2053
45140.94800 0.2075
45140.94995 0.2094
45141.94299 0.2059
45141.94397 0.2069
45141.94604 0.2047
45142.93994 0.2041
45142.94202 0.2079
45142.94299 0.2045
45145.91504 0.2208
45145.91602 0.2256
45145.91797 0.2123
45152.88904 0.2061
45152.89001 0.2028
45152.89099 0.2028
45153.91895 0.2037
45153.92004 0.2039
45153.92200 0.2029
45154.87500 0.2127
45154.87598 0.2078
45154.87805 0.2085
45156.92603 0.2125
45156.92700 0.2105
45156.92896 0.2085
45158.92200 0.2184
45158.92297 0.2145
45158.92395 0.2094
45159.91699 0.2211
45159.91797 0.2183
45159.92004 0.2140
45161.92200 0.2336
45161.92297 0.2304
45161.92395 0.2239
45162.93201 0.2305
45162.93298 0.2279
45162.93396 0.2307
45163.88306 0.2300
45163.88403 0.2300
45163.88501 0.2266
45164.89099 0.2264
45164.89197 0.2235
45164.89404 0.2220
45165.83997 0.2110
45165.84302 0.2171
45165.84399 0.2133
45166.86096 0.2067
45166.86304 0.2213
45166.86401 0.2060
45167.86304 0.2099
45167.86401 0.2092
45167.86499 0.2080
45168.86804 0.2122
45168.87000 0.2103
45168.87097 0.2098
45169.88501 0.2172
45169.88599 0.2116
45169.88794 0.2133
45170.85999 0.2149
45170.86096 0.2110
45170.86206 0.2052
45171.87903 0.2145
45171.88000 0.2130
45171.88196 0.2057
45172.87903 0.2174
45172.88000 0.2204
45172.88196 0.2087
45174.87097 0.2231
45174.87195 0.2236
45174.87305 0.2224
45175.88696 0.2249
45175.88794 0.2127
45175.88904 0.2312
45176.82300 0.2161
45176.82397 0.2219
45176.82605 0.2265
45182.81299 0.2140
45182.81494 0.2105
45182.81702 0.2140
45183.77698 0.2169
45183.77905 0.2153
45183.78003 0.2145
45184.78296 0.2101
45184.78406 0.2147
45184.78503 0.2104
45185.80005 0.2132
45185.80200 0.2105
45185.80298 0.2124
45186.77905 0.2189
45186.78003 0.2127
45186.78198 0.2104
45188.86902 0.2200
45188.87097 0.2210
45188.87195 0.2167
45189.80200 0.2173
45189.80298 0.2207
45189.80396 0.2173
45191.80298 0.2236
45191.80396 0.2226
45191.80505 0.2200
45192.78003 0.2193
45192.78101 0.2235
45192.78296 0.2199
45194.79797 0.2063
45194.79895 0.2092
45194.80103 0.2106
45195.73804 0.2195
45195.73999 0.2100
45195.74097 0.2146
45196.78503 0.2129
45196.78601 0.2112
45196.78796 0.2133
45197.80396 0.2115
45197.80505 0.2045
45197.80603 0.2158
45198.78894 0.2088
45198.79102 0.2045
45198.79199 0.2083
45203.75195 0.2197
45203.75403 0.2173
45203.75500 0.2100
45205.70996 0.2204
45205.71204 0.2216
45205.71399 0.2274
45211.74695 0.2147
45211.74805 0.2078
45211.74902 0.2087
45214.74097 0.2161
45214.74194 0.2159
45214.74304 0.2135
45215.72205 0.2147
45215.72400 0.2135
45215.72498 0.2171
45216.73303 0.2075
45216.73401 0.2158
45216.73499 0.2063
45217.72302 0.2198
45217.72400 0.2156
45217.72498 0.2108
45218.73596 0.2135
45218.73706 0.2114
45218.73804 0.2178
45219.71704 0.2122
45219.71802 0.2139
45219.71899 0.2189
45224.70996 0.2142
45224.71204 0.2175
45224.71301 0.2158
45225.71204 0.2081
45225.71301 0.2115
45225.71399 0.2185
45235.71997 0.2139
45235.72095 0.2034
45235.72302 0.2127
45243.70203 0.2205
45243.70398 0.2233
45243.70605 0.2154
45244.68896 0.2143
45244.69104 0.2176
45244.69202 0.2171
45245.65698 0.2084
45245.65796 0.2126
45245.66003 0.2199
45247.68103 0.2180
45247.68298 0.2154
45247.68506 0.2147
45249.66895 0.2155
45249.67004 0.2235
45249.67200 0.2093
45251.66394 0.2107
45251.66699 0.2178
45251.66895 0.2154
45252.64197 0.2170
45252.64502 0.2326
45252.64697 0.2218
45253.67505 0.2346
45253.67798 0.2251
45253.68103 0.2310
45254.66699 0.2279
45254.66895 0.2397
45254.67102 0.2210
45255.67297 0.2309
45255.67505 0.2248
45255.67700 0.2239
45256.65906 0.2304
45256.66101 0.2244
45256.66296 0.2317
45257.63098 0.2196
45257.63306 0.2221
45257.63501 0.2233
45258.70898 0.2164
45258.71106 0.2159
45258.71301 0.2171
45259.69202 0.2128
45259.69397 0.2203
45259.69604 0.2149
45260.71204 0.2239
45260.71399 0.2211
45260.71594 0.2181
45261.69897 0.2065
45261.70203 0.2101
45261.70398 0.2130
45476.98499 0.1961
45476.98596 0.1986
45476.98706 0.1982
45477.94495 0.1965
45477.94495 0.1917
45477.94604 0.2004
45478.92395 0.1901
45478.92395 0.1940
45478.92505 0.1953
45479.95996 0.1981
45479.96106 0.1987
45479.96204 0.1971
45480.95996 0.1985
45480.96106 0.2018
45480.96106 0.2024
45481.96301 0.2008
45481.96301 0.2023
45481.96399 0.1937
45484.93396 0.1932
45484.93506 0.1900
45484.93604 0.1961
45504.94200 0.2044
45504.94300 0.1993
45504.94400 0.2011
45514.94400 0.1867
45514.94500 0.1912
45514.94600 0.1930
45522.92700 0.1948
45522.92900 0.2049
45522.93000 0.1922
45528.90300 0.1916
45528.90500 0.1865
45528.90600 0.2020
45534.91000 0.2194
45534.91000 0.2087
45534.91100 0.2045
45540.97700 0.1971
45540.97800 0.1947
45540.98000 0.1930
45545.93700 0.1898
45545.93800 0.1908
45545.93900 0.1960
45548.82500 0.1997
45548.82600 0.2031
45548.82600 0.2045
45556.94500 0.2002
45556.94600 0.1958
45556.94800 0.1970
45573.72400 0.1798
45573.72500 0.1776
45573.72500 0.1820
45580.77800 0.2000
45580.77900 0.2004
45580.78000 0.1945
45583.78300 0.1805
45583.78300 0.1914
45583.78400 0.1847
45586.68400 0.1902
45586.68500 0.1847
45586.68500 0.1844
45589.72700 0.1892
45589.72800 0.1865
45589.72900 0.1859
45592.74300 0.1879
45592.74300 0.1893
45592.74400 0.1879
45594.71000 0.1868
45594.71100 0.1915
45594.71200 0.1923
45621.70800 0.1989
45621.71100 0.1942
45621.71300 0.1871
45839.99316 0.2009
45839.99414 0.1969
45839.99512 0.2053
45844.97595 0.1977
45844.97693 0.1976
45844.97791 0.1994
45861.97278 0.2046
45861.97375 0.1971
45861.97473 0.1996
45863.96411 0.1981
45863.96521 0.2062
45863.96631 0.1975
45866.94092 0.1977
45866.94287 0.1985
45866.94421 0.1970
45869.94409 0.1917
45869.94531 0.1939
45869.94629 0.1909
45871.92395 0.2028
45871.92542 0.1946
45871.92664 0.1985
45873.94141 0.1942
45873.94263 0.1971
45873.94373 0.2004
45876.92395 0.2012
45876.92480 0.1996
45876.92566 0.1937
45879.95520 0.1886
45879.95630 0.1925
45879.95728 0.1962
45887.81616 0.1951
45887.81714 0.1856
45887.81824 0.1919
45888.97388 0.2031
45888.97595 0.1940
45888.97791 0.2035
45889.94543 0.2003
45889.94678 0.1985
45889.94824 0.2002
45890.93823 0.1991
45890.93933 0.1995
45890.94043 0.2023
45891.92297 0.2085
45891.92456 0.2033
45891.92603 0.2036
45892.91882 0.2057
45892.91968 0.2038
45892.92065 0.1997
45893.93335 0.1939
45893.93433 0.1980
45893.93530 0.2064
45894.96631 0.2016
45894.96741 0.1924
45894.96851 0.1925
45898.97192 0.1927
45898.97302 0.1931
45898.97424 0.1939
45899.97925 0.2097
45899.98120 0.2116
45899.98315 0.2140
45905.80920 0.1812
45905.80994 0.1871
45905.81165 0.1909
45906.89429 0.2035
45906.89502 0.2050
45906.89575 0.1952
45907.87720 0.1953
45907.87805 0.2016
45907.87878 0.1916
45912.72351 0.1842
45912.72473 0.1767
45912.72571 0.1822
45913.93518 0.1948
45913.93652 0.1982
45913.93799 0.1925
45914.96875 0.1889
45914.96985 0.1927
45914.97083 0.1937
45915.91492 0.1876
45915.91614 0.1913
45915.91760 0.1879
45916.94226 0.2024
45916.94348 0.2016
45916.94458 0.1860
45917.80029 0.1907
45917.80078 0.2029
45917.80139 0.1930
45918.81543 0.2024
45918.81641 0.1967
45918.81726 0.2080
45919.77393 0.2025
45919.77454 0.2077
45919.77759 0.2000
45921.82202 0.1864
45921.82275 0.1762
45921.82349 0.1943
45923.82861 0.1874
45923.82947 0.1924
45923.83020 0.1986
45928.82104 0.1819
45928.82214 0.1870
45928.82324 0.1835
45929.82837 0.1921
45929.82886 0.1914
45929.82947 0.2000
45932.84937 0.1989
45932.85022 0.2049
45932.85095 0.1993
45933.79822 0.1971
45933.79956 0.1944
45933.80090 0.1930
45934.80505 0.2052
45934.80603 0.1989
45934.80676 0.2002
45935.79688 0.2049
45935.79785 0.2013
45935.79883 0.2124
45936.74146 0.2032
45936.74207 0.2112
45936.74268 0.2108
45937.78650 0.2071
45937.78735 0.2015
45937.78809 0.1953
45938.80627 0.1968
45938.80701 0.1921
45938.80774 0.1869
45940.90625 0.1851
45940.90710 0.1912
45940.90808 0.1859
45941.82532 0.1808
45941.82617 0.1790
45941.82690 0.1868
45943.78247 0.1981
45943.78320 0.1984
45943.78418 0.1953
45946.78894 0.2099
45946.79016 0.1993
45946.79089 0.2017
45947.75098 0.2181
45947.75171 0.2312
45947.75256 0.2284
45949.81299 0.2030
45949.81421 0.1936
45949.81531 0.2084
45951.75134 0.1947
45951.75293 0.1941
45951.75427 0.1994
45952.80676 0.1893
45952.80835 0.1941
45952.80994 0.1856
45958.71704 0.1992
45958.71790 0.1969
45958.71875 0.2002
45959.78027 0.1999
45959.78137 0.2044
45959.78235 0.2027
45961.78308 0.1998
45961.78491 0.1969
45961.78662 0.1955
45964.75610 0.2001
45964.75757 0.2059
45964.75903 0.1966
45965.79504 0.2064
45965.79663 0.2066
45965.79834 0.1974
45970.72766 0.1923
45970.72839 0.1983
45970.72925 0.1905
45971.72217 0.1952
45971.72302 0.2011
45971.72375 0.2034
45972.77686 0.2016
45972.77808 0.2212
45972.77905 0.2115
45977.73669 0.1980
45977.73755 0.2022
45977.73828 0.1935
45981.79163 0.2097
45981.79285 0.1978
45981.79407 0.1993
45982.71143 0.2044
45982.71265 0.1983
45982.71387 0.2003
45983.73730 0.1988
45983.73865 0.1949
45983.74011 0.2006
45984.68433 0.1990
45984.68567 0.2025
45984.68811 0.2043
45986.72351 0.2001
45986.72449 0.1928
45986.72534 0.1969
45987.68738 0.2084
45987.68896 0.2053
45987.69067 0.2078
45989.74341 0.2028
45989.74609 0.1945
45989.74854 0.2084
45996.68359 0.1947
45996.68469 0.1980
45996.68579 0.1902
45998.67896 0.2055
45998.68079 0.2007
45998.68225 0.2084
45999.65149 0.2028
45999.65259 0.2057
45999.65381 0.2050
46000.65295 0.2059
46000.65405 0.2044
46000.65527 0.2074
46002.73389 0.1990
46002.73499 0.1989
46002.73669 0.2164
46003.72339 0.1999
46003.72522 0.2039
46003.72681 0.2060
46004.70703 0.1996
46004.70947 0.1967
46004.71252 0.1948
46006.67419 0.1964
46006.67578 0.1986
46006.67761 0.2033
46007.69409 0.2009
46007.69617 0.2070
46007.69836 0.2131
46009.67993 0.1875
46009.68164 0.1965
46009.68311 0.1941
46010.67407 0.1952
46010.67737 0.1898
46010.68066 0.1918
46015.64966 0.2021
46015.65125 0.2094
46015.65295 0.2100
46016.64941 0.2072
46016.65137 0.1979
46016.65308 0.2092
46019.67334 0.2034
46019.67566 0.2070
46019.67798 0.2020
46025.66150 0.1908
46025.66406 0.1900
46025.66650 0.1901
46238.82275 0.1841
46238.82373 0.1847
46238.82446 0.1860
46239.92627 0.1899
46239.92700 0.1846
46239.92798 0.1843
46240.97729 0.1932
46240.97852 0.1886
46240.97949 0.1912
46243.96875 0.2080
46243.96997 0.2098
46243.97095 0.2082
46244.92090 0.2061
46244.92163 0.2174
46244.92285 0.2097
46249.96704 0.2011
46249.96851 0.2032
46249.96997 0.2033
46264.84985 0.1944
46264.85059 0.1948
46264.85156 0.1978
46268.94019 0.1906
46268.94092 0.1891
46268.94165 0.1893
46269.88989 0.1903
46269.89063 0.1952
46269.89160 0.1937
46271.92529 0.2013
46271.92603 0.2057
46271.92700 0.2060
46272.89819 0.2048
46272.89868 0.2084
46272.89966 0.2033
46274.90625 0.2090
46274.90747 0.2078
46274.90845 0.2132
46275.95264 0.2058
46275.95337 0.2033
46275.95410 0.2070
46278.85986 0.1993
46278.86060 0.2038
46278.86157 0.1992
46280.84326 0.1953
46280.84424 0.1983
46280.84521 0.1966
46282.84155 0.1898
46282.84229 0.1927
46282.84326 0.1883
46283.83423 0.2031
46283.83496 0.2049
46283.83594 0.1898
46284.87842 0.2008
46284.87939 0.2044
46284.88013 0.2061
46285.80493 0.2036
46285.80591 0.2077
46285.80688 0.2031
46286.89673 0.2034
46286.89771 0.2123
46286.89844 0.2073
46287.87183 0.2094
46287.87256 0.2034
46287.87329 0.2105
46289.83130 0.2048
46289.83203 0.2073
46289.83276 0.2074
46291.80444 0.2019
46291.80518 0.2028
46291.80615 0.1992
46292.80713 0.2062
46292.80811 0.2077
46292.80884 0.2022
46293.86987 0.2037
46293.87061 0.2045
46293.87158 0.2062
46295.87280 0.2069
46295.87354 0.2121
46295.87451 0.2106
46296.78271 0.2003
46296.78369 0.1964
46296.78467 0.2042
46297.86816 0.2006
46297.86890 0.2050
46297.86963 0.2040
46298.79346 0.1993
46298.79419 0.2002
46298.79517 0.2026
46299.80029 0.2022
46299.80103 0.2079
46299.80176 0.2043
46300.80249 0.2021
46300.80347 0.2038
46300.80469 0.2042
46302.79761 0.2039
46302.79834 0.2042
46302.79907 0.2009
46303.77368 0.1969
46303.77441 0.1967
46303.77515 0.1978
46304.77710 0.2023
46304.77808 0.2009
46304.77881 0.2022
46309.81567 0.2117
46309.81641 0.2109
46309.81714 0.2089
46310.84863 0.2109
46310.84961 0.2091
46310.85034 0.2076
46316.81226 0.1953
46316.81299 0.1988
46316.81372 0.2006
46321.72534 0.2013
46321.72607 0.2102
46321.72681 0.2103
46322.77539 0.2122
46322.77612 0.2138
46322.77710 0.2125
46323.77051 0.2176
46323.77148 0.2135
46323.77246 0.2153
46324.80640 0.2110
46324.80737 0.2131
46324.80835 0.2178
46325.78833 0.2087
46325.78931 0.2162
46325.79028 0.2154
46328.72095 0.2038
46328.72192 0.2015
46328.72266 0.2032
46329.72070 0.1987
46329.72119 0.1956
46329.72168 0.1980
46330.70239 0.1978
46330.70313 0.1971
46330.70386 0.1964
46332.79028 0.1979
46332.79126 0.1913
46332.79175 0.1945
46334.76196 0.2034
46334.76294 0.1975
46334.76392 0.1957
46339.70850 0.2096
46339.70923 0.2089
46339.70996 0.2134
46340.69458 0.2149
46340.69531 0.2118
46340.69604 0.2099
46343.69897 0.1971
46343.69946 0.2061
46343.70020 0.2001
46352.66577 0.2052
46352.66650 0.2050
46352.66724 0.2042
46354.70239 0.2121
46354.70337 0.2058
46354.70435 0.2100
46356.66724 0.2029
46356.66797 0.2094
46356.66870 0.2021
46357.68408 0.2019
46357.68481 0.2049
46357.68579 0.2028
46361.63647 0.1923
46361.63745 0.1880
46361.63867 0.1840
46362.68237 0.1888
46362.68335 0.1887
46362.68433 0.1944
46365.67261 0.1969
46365.67310 0.1941
46365.67383 0.1992
46367.63672 0.1962
46367.63745 0.2005
46367.63818 0.2004
46368.62476 0.2081
46368.62573 0.2056
46368.62646 0.2018
46371.63647 0.2103
46371.63770 0.2061
46371.63867 0.2137
46372.62061 0.2076
46372.62134 0.2069
46372.62207 0.2060
46375.63232 0.1973
46375.63306 0.1982
46375.63403 0.1923
46376.63086 0.1933
46376.63159 0.1955
46376.63232 0.1944
46383.63135 0.2049
46383.63232 0.2048
46383.63330 0.2027
46385.61060 0.1952
46385.61157 0.2033
46385.61255 0.1982
46387.59058 0.2020
46387.59131 0.2008
46387.59229 0.2026
46389.58765 0.1972
46389.58862 0.1981
46389.58984 0.2003
46616.97314 0.1895
46616.97485 0.1941
46616.97656 0.1887
46617.95435 0.1928
46617.95581 0.1927
46617.95776 0.1866
46619.96191 0.1932
46619.96338 0.1898
46619.96460 0.1978
46620.96289 0.1987
46620.96411 0.1985
46620.96509 0.1999
46621.94897 0.1869
46621.95044 0.1857
46621.95532 0.1938
46621.95679 0.1981
46621.95825 0.1892
46623.96484 0.1890
46623.96606 0.1828
46623.96729 0.1873
46624.95801 0.1914
46624.95947 0.1906
46624.96118 0.1924
46627.95483 0.1959
46627.95630 0.1915
46627.95752 0.1928
46628.94092 0.1899
46628.94189 0.1948
46628.94287 0.1932
46630.93481 0.1939
46630.93579 0.1960
46630.93677 0.1867
46631.94043 0.1877
46631.94141 0.1860
46631.94263 0.1878
46632.91748 0.1906
46632.91870 0.1932
46632.91968 0.1972
46650.89014 0.1897
46650.89111 0.1806
46650.89233 0.1853
46652.87988 0.1814
46652.88110 0.1885
46652.88232 0.1917
46653.89502 0.1930
46653.89624 0.1832
46653.89746 0.1929
46656.88477 0.1894
46656.88574 0.1979
46656.88696 0.1912
46657.80151 0.1983
46657.80249 0.1944
46657.80322 0.2049
46659.80151 0.1932
46659.80273 0.1985
46659.80371 0.1914
46660.81055 0.1919
46660.81177 0.1974
46660.81348 0.1829
46663.86548 0.1892
46663.86694 0.1895
46663.86841 0.1913
46665.80078 0.2033
46665.80176 0.1969
46665.80273 0.1943
46666.80078 0.2003
46666.80225 0.2026
46666.80396 0.2052
46670.77710 0.2014
46670.77881 0.1956
46670.78052 0.2007
46671.79492 0.2029
46671.79614 0.2046
46671.79736 0.1946
46672.80420 0.1951
46672.80542 0.1898
46672.80664 0.1888
46676.76392 0.1893
46676.76489 0.1929
46676.76611 0.1898
46678.76514 0.1909
46678.76636 0.1855
46678.76733 0.1903
46679.79980 0.1975
46679.80103 0.1966
46679.80249 0.1976
46681.79224 0.2138
46681.79321 0.2005
46681.79468 0.1953
46683.75781 0.2033
46683.75952 0.1926
46683.76099 0.1972
46684.78052 0.2024
46684.78247 0.2012
46684.78394 0.1977
46686.75781 0.1994
46686.75952 0.1913
46686.76123 0.1993
46688.75342 0.1868
46688.75464 0.1864
46688.75610 0.1897
46689.75342 0.1879
46689.75464 0.1838
46689.75610 0.1823
46691.74902 0.1866
46691.75024 0.1930
46691.75146 0.1872
46692.70996 0.1857
46692.71191 0.1883
46692.71387 0.1844
46695.74438 0.1966
46695.74585 0.2028
46695.74756 0.1975
46707.70044 0.1922
46707.70313 0.1829
46707.70581 0.1824
46709.70532 0.1986
46709.70679 0.2061
46709.70801 0.1950
46711.70166 0.2041
46711.70313 0.2105
46711.70483 0.2052
46721.66895 0.1904
46721.67139 0.1920
46721.67407 0.1867
46722.64868 0.2011
46722.65112 0.1912
46722.65308 0.2030
46724.63745 0.1999
46724.63867 0.2044
46724.64014 0.1989
46726.68555 0.1948
46726.68701 0.1998
46726.68823 0.1967
46728.67651 0.1965
46728.67871 0.1919
46728.68335 0.2070
46737.61353 0.1989
46737.61572 0.1877
46737.61865 0.1913
46739.59863 0.1924
46739.60083 0.1936
46739.60327 0.1947
46740.61548 0.1982
46740.61670 0.1952
46740.61768 0.1946
46743.61963 0.1995
46743.62134 0.1997
46743.62305 0.1954
46744.59497 0.2027
46744.59692 0.2045
46744.59839 0.1981
46746.61572 0.2004
46746.61743 0.2009
46746.61914 0.1963
46747.58813 0.1974
46747.58936 0.1970
46747.59082 0.1981
46748.61597 0.2021
46748.61768 0.1964
46748.61963 0.1917
46750.59009 0.1994
46750.59277 0.1958
46750.59521 0.1920
46755.58838 0.1903
46755.58984 0.2038
46755.59180 0.1921
46985.94385 0.1946
46985.94702 0.1959
46985.94971 0.1963
46988.94312 0.1829
46988.94604 0.1946
46988.94897 0.1889
46991.94946 0.1850
46991.95190 0.1888
46991.95459 0.1938
46995.94360 0.1879
46995.94702 0.1910
46995.95044 0.1892
47005.90942 0.1973
47005.91089 0.1979
47005.91235 0.1979
47008.87427 0.1973
47008.87500 0.1929
47008.87573 0.1850
47008.87891 0.1863
47008.87988 0.1888
47008.88110 0.1842
47024.80029 0.1847
47024.80103 0.1799
47024.80200 0.1894
47033.84473 0.1943
47033.84570 0.1925
47033.84668 0.1886
47035.80273 0.1866
47035.80322 0.1886
47035.80396 0.1926
47036.87500 0.1869
47036.87598 0.1873
47036.87695 0.1818
47038.78662 0.1909
47038.78760 0.1969
47038.78857 0.1903
47041.79224 0.1927
47041.79297 0.1938
47041.79395 0.1930
47042.76465 0.1972
47042.76587 0.1945
47042.76685 0.1947
47044.73511 0.1921
47044.73584 0.1948
47044.73657 0.1889
47045.77124 0.1925
47045.77197 0.1969
47045.77295 0.1982
47046.76025 0.1969
47046.76123 0.1887
47046.76221 0.1872
47048.73218 0.1955
47048.73291 0.1924
47048.73389 0.1932
47049.75537 0.1923
47049.75635 0.1961
47049.75708 0.1991
47053.77002 0.1930
47053.77100 0.1942
47053.77173 0.1878
47055.75806 0.1975
47055.75879 0.1982
47055.75952 0.1963
47056.74438 0.1950
47056.74536 0.1881
47056.74634 0.1894
47060.72388 0.1880
47060.72461 0.1860
47060.72534 0.1898
47061.79785 0.1916
47061.79907 0.1966
47061.80078 0.1904
47063.79688 0.1889
47063.79785 0.1903
47063.79858 0.1951
47067.77002 0.1887
47067.77100 0.1882
47067.77197 0.1860
47070.69189 0.1984
47070.69287 0.1943
47070.69385 0.1926
47071.70410 0.1881
47071.70532 0.1893
47071.70654 0.1919
47073.71411 0.1932
47073.71509 0.1954
47073.71606 0.1956
47074.70020 0.1945
47074.70117 0.1956
47074.70190 0.1930
47075.70776 0.1925
47075.70850 0.1925
47075.70923 0.1891
47078.68213 0.2006
47078.68335 0.1970
47078.68433 0.1955
47083.70850 0.1898
47083.70947 0.1940
47083.71045 0.1986
47085.70435 0.1961
47085.70532 0.1938
47085.70630 0.2007
47086.69482 0.1984
47086.69556 0.2005
47086.69653 0.1996
47088.71094 0.1929
47088.71191 0.1970
47088.71289 0.1947
47110.65601 0.1872
47110.65698 0.1849
47110.65820 0.1848
47114.60156 0.1944
47114.60278 0.1892
47114.60400 0.1912
47118.61035 0.1958
47118.61133 0.1943
47118.61230 0.1967
47120.60767 0.1929
47120.60864 0.1928
47120.60938 0.1961
47123.59839 0.1908
47123.59937 0.1892
47123.60034 0.1892
47125.59180 0.1869
47125.59302 0.1854
47125.59448 0.1811
47129.63721 0.1968
47129.63843 0.1956
47129.63940 0.1920
47131.63184 0.1892
47131.63428 0.1832
47131.63623 0.1869
47132.61865 0.1899
47132.61963 0.1918
47132.62061 0.1884
47347.93604 0.1946
47347.93701 0.1998
47347.93799 0.1953
47348.95728 0.1925
47348.95850 0.1936
47348.95996 0.1908
47350.94751 0.1953
47350.94873 0.1936
47350.94971 0.1915
47356.95508 0.1927
47356.95630 0.1901
47356.95752 0.1911
47359.94189 0.1931
47359.94287 0.1953
47359.94409 0.1935
47361.93848 0.1957
47361.93945 0.1981
47361.94043 0.1993
47365.92505 0.1949
47365.92603 0.1918
47365.92700 0.1923
47367.93164 0.1927
47367.93286 0.1958
47367.93408 0.1924
47369.92285 0.1861
47369.92383 0.1899
47369.92505 0.1871
47371.93115 0.1879
47371.93237 0.1926
47371.93335 0.1965
47372.91724 0.1907
47372.91821 0.1969
47372.91919 0.1949
47374.90674 0.1870
47374.90771 0.1919
47374.90845 0.1942
47381.92041 0.1935
47381.92212 0.1912
47381.92358 0.1911
47382.92651 0.1902
47382.92822 0.1839
47382.93018 0.1873
47384.90356 0.1851
47384.90503 0.1863
47384.90625 0.1877
47386.84375 0.1880
47386.84497 0.1889
47386.84619 0.1825
47389.87793 0.1940
47389.87915 0.1958
47389.88013 0.1937
47392.87646 0.1960
47392.87744 0.1907
47392.87866 0.1954
47395.86133 0.1967
47395.86230 0.1975
47395.86328 0.1884
47402.79907 0.1796
47402.80029 0.1851
47402.80176 0.1849
47405.80859 0.1926
47405.80981 0.1852
47405.81104 0.1881
47410.74658 0.1822
47410.74780 0.1831
47410.74878 0.1846
47411.79077 0.1816
47411.79224 0.1788
47411.79370 0.1841
47412.78833 0.1824
47412.79028 0.1805
47412.79199 0.1800
47414.79590 0.1895
47414.79736 0.1909
47414.79883 0.1857
47421.76685 0.1880
47421.76807 0.1901
47421.76904 0.1853
47428.74512 0.1807
47428.74634 0.1850
47428.74731 0.1843
47433.73291 0.1805
47433.73389 0.1845
47433.73511 0.1799
47435.71289 0.1871
47435.71411 0.1898
47435.71509 0.1909
47446.63257 0.1887
47446.63354 0.1837
47446.63428 0.1959
47451.68115 0.1936
47451.68213 0.1922
47451.68335 0.1946
47454.68872 0.1849
47454.68970 0.1898
47454.69067 0.1883
47456.66260 0.1890
47456.66382 0.1879
47456.66528 0.1878
47457.59082 0.1870
47457.59204 0.1896
47457.59351 0.1860
47460.64429 0.1861
47460.64551 0.1934
47460.64673 0.1878
47464.62451 0.1851
47464.62573 0.1916
47464.62695 0.1851
47465.67236 0.1896
47465.67334 0.1853
47465.67432 0.1906
47467.65063 0.1843
47467.65186 0.1809
47467.65308 0.1862
47717.94702 0.1911
47717.94775 0.1925
47717.94922 0.1912
47720.94092 0.1917
47720.94189 0.1882
47720.94312 0.1888
47722.94238 0.1871
47722.94336 0.1890
47722.94458 0.1852
47725.92163 0.1884
47725.92285 0.1875
47725.92407 0.1907
47728.91650 0.1901
47728.91748 0.1948
47728.91870 0.1906
47733.86450 0.1905
47733.86548 0.1928
47733.86670 0.1908
47736.86841 0.1870
47736.86938 0.1878
47736.87036 0.1864
47741.88232 0.1901
47741.88330 0.1869
47741.88452 0.1920
47747.86108 0.1956
47747.86230 0.2024
47747.86353 0.1937
47750.86157 0.1826
47750.86230 0.1908
47750.86304 0.1951
47750.86572 0.1908
47757.86743 0.1874
47757.86865 0.1874
47757.87012 0.1784
47761.78418 0.1938
47761.78540 0.1922
47761.78687 0.1960
47763.77881 0.1979
47763.77979 0.1897
47763.78101 0.1925
47765.79541 0.1843
47765.79639 0.1865
47765.79736 0.1895
47766.80859 0.1910
47766.80933 0.1892
47766.81030 0.1892
47771.80737 0.1893
47771.80859 0.1841
47771.80981 0.1842
47778.71436 0.1876
47778.71533 0.1870
47778.71631 0.1929
47781.73340 0.1828
47781.73462 0.1853
47781.73560 0.1936
47782.73853 0.1849
47782.73950 0.1871
47782.74072 0.1901
47790.73584 0.1932
47790.73730 0.1912
47790.73853 0.1884
47791.70313 0.1943
47791.70410 0.1936
47791.70483 0.1906
47804.71240 0.1913
47804.71362 0.1867
47804.71509 0.1853
47809.71582 0.1862
47809.71704 0.1839
47809.71826 0.1849
47818.65479 0.1831
47818.65625 0.1831
47818.65723 0.1860
47833.60815 0.1882
47833.60913 0.1916
47833.61035 0.1872
47838.61230 0.1843
47838.61328 0.1806
47838.61426 0.1863
47841.59766 0.1855
47841.59863 0.1874
47841.59985 0.1854
48068.96216 0.1887
48068.96338 0.1885
48068.96484 0.1931
48076.94385 0.1920
48076.94507 0.1944
48076.94629 0.1958
48076.94897 0.2009
48076.94995 0.1993
48076.95117 0.1952
48082.93359 0.1894
48082.93481 0.1840
48082.93604 0.1978
48087.92261 0.1935
48087.92383 0.1860
48087.92480 0.1867
48092.91284 0.1932
48092.91431 0.1922
48092.91602 0.1970
48097.89697 0.1852
48097.89844 0.1952
48097.89990 0.1971
48099.90576 0.1874
48099.90723 0.1889
48099.90820 0.1910
48101.89697 0.1875
48101.89844 0.1921
48101.89990 0.1897
48104.88721 0.1886
48104.88867 0.1956
48104.89014 0.1892
48107.86377 0.1903
48107.86523 0.1905
48107.86670 0.1869
48122.79492 0.1912
48122.79688 0.1893
48122.79834 0.1880
48127.79492 0.1901
48127.79688 0.1833
48127.79834 0.1858
48129.80664 0.1841
48130.78076 0.1871
48130.78223 0.1866
48130.78320 0.1945
48133.79834 0.1854
48133.79932 0.1920
48133.80078 0.1829
48135.78418 0.1930
48135.78564 0.1869
48135.78662 0.1893
48149.75977 0.1857
48149.76123 0.1921
48149.76270 0.1952
48153.75391 0.1876
48153.75537 0.1854
48153.75684 0.1852
48157.74121 0.1900
48157.74268 0.1930
48157.74463 0.1894
48161.72656 0.1870
48161.72852 0.1887
48161.72998 0.1895
48163.70752 0.1874
48163.70850 0.1911
48163.70996 0.1950
48167.69824 0.1881
48167.69971 0.1882
48167.70117 0.1892
48185.64648 0.1998
48185.64795 0.1933
48185.64941 0.1975
48193.67090 0.1903
48193.67188 0.1926
48193.67334 0.1915
48195.62988 0.1961
48195.63135 0.1920
48195.63330 0.1874
48211.61035 0.1871
48211.61182 0.1876
48211.61328 0.1941
48452.94287 0.1951
48452.94482 0.1888
48452.94629 0.1907
48459.85303 0.1969
48459.85449 0.2015
48459.85596 0.1949
48461.91797 0.1975
48461.91992 0.1956
48461.92188 0.1964
48464.90869 0.1868
48464.91016 0.1919
48464.91211 0.1868
48465.84473 0.1859
48465.84619 0.1896
48465.84717 0.1810
48467.87500 0.1910
48467.87646 0.1873
48467.87793 0.1915
48487.84229 0.1944
48487.84473 0.1941
48487.84668 0.1972
48488.80957 0.1901
48488.81152 0.1961
48488.81348 0.1894
48490.79395 0.1875
48490.79541 0.1842
48490.79688 0.1891
48491.75244 0.1869
48491.75439 0.1833
48491.75635 0.1873
48493.79590 0.1872
48493.79736 0.1835
48493.79932 0.1836
48497.77588 0.1970
48497.77734 0.1970
48497.77881 0.1930
48498.78516 0.2008
48498.78711 0.2008
48498.78906 0.1973
48500.80518 0.1990
48500.80713 0.1978
48500.80859 0.1911
48551.59717 0.1904
48551.59912 0.1914
48551.60107 0.1945
48785.89355 0.1915
48785.89453 0.1909
48785.89600 0.1900
48786.91211 0.1938
48786.91357 0.1878
48786.91455 0.1921
48788.91357 0.1951
48788.91504 0.1976
48788.91602 0.1908
48795.94580 0.1857
48795.94824 0.1809
48795.95166 0.1811
48832.91748 0.1830
48832.91895 0.1896
48832.92041 0.1856
48834.90723 0.1872
48834.90918 0.1897
48834.91064 0.1888
48836.90918 0.1860
48836.91016 0.1892
48836.91162 0.1892
48838.89648 0.1832
48838.89795 0.1872
48838.89941 0.1852
48840.89453 0.1799
48840.89551 0.1865
48840.89697 0.1842
48841.88574 0.1876
48841.88721 0.1857
48841.88818 0.1853
48842.85156 0.1980
48842.85303 0.1973
48842.85449 0.1953
48843.84570 0.1901
48843.84717 0.1950
48843.84863 0.1906
48846.84570 0.1936
48846.84717 0.1957
48846.84814 0.1900
48847.83984 0.1896
48847.84131 0.1910
48847.84277 0.1916
48849.88232 0.1830
48849.88379 0.1853
48849.88477 0.1900
48850.86230 0.1867
48850.86377 0.1846
48850.86475 0.1862
48852.82471 0.1879
48852.82617 0.1888
48852.82764 0.1919
48853.79004 0.1857
48853.79150 0.1807
48853.79248 0.1851
48854.83496 0.1808
48854.83643 0.1791
48854.83789 0.1830
48855.82764 0.1851
48855.82910 0.1853
48855.83057 0.1888
48857.83594 0.1855
48857.83789 0.1868
48857.83936 0.1841
48858.82373 0.1953
48858.82568 0.1865
48858.82715 0.1890
48859.83643 0.1881
48859.83789 0.1947
48859.83936 0.1892
48863.80762 0.1866
48863.80957 0.1852
48863.81104 0.1885
48869.82227 0.1820
48869.82373 0.1832
48869.82471 0.1846
48871.80615 0.1808
48871.80762 0.1873
48871.80859 0.1838
48872.82031 0.1902
48872.82178 0.1850
48872.82324 0.1900
48873.74756 0.1908
48873.74854 0.1882
48873.75000 0.1860
48875.74463 0.1913
48875.74561 0.1863
48875.74707 0.1910
48876.80957 0.1869
48876.81104 0.1892
48876.81250 0.1856
48878.74951 0.1867
48878.75098 0.1853
48878.75195 0.1879
48879.78467 0.1857
48879.78613 0.1805
48879.78711 0.1845
48880.73926 0.1815
48880.74023 0.1832
48880.74170 0.1842
48886.74854 0.1759
48886.75000 0.1782
48886.75146 0.1820
48887.75342 0.1827
48887.75537 0.1797
48887.75684 0.1803
48888.75342 0.1909
48888.75488 0.1876
48888.75635 0.1878
48890.73145 0.1959
48890.73291 0.1937
48890.73389 0.1951
48892.71094 0.1974
48892.71240 0.1942
48892.71338 0.1920
48895.72461 0.1918
48895.72559 0.1943
48895.72705 0.1904
48897.70557 0.1828
48897.70703 0.1830
48897.70850 0.1846
48900.69043 0.1840
48900.69189 0.1891
48900.69385 0.1891
48902.72314 0.1960
48902.72461 0.1893
48902.72559 0.1890
48903.71533 0.1936
48903.71680 0.1921
48903.71777 0.1915
48904.72607 0.1987
48904.72754 0.1995
48904.72852 0.1970
48906.68213 0.2360
48906.68359 0.2260
48906.68457 0.2296
48907.72510 0.1943
48907.72656 0.1955
48907.72803 0.1921
48910.69434 0.1930
48910.69580 0.1944
48910.69678 0.1945
48912.72217 0.1929
48912.72314 0.1888
48912.72461 0.1897
48915.68457 0.1894
48915.68604 0.1898
48915.68701 0.1870
48916.71729 0.1932
48916.71875 0.1966
48916.72021 0.1856
48918.67773 0.1867
48918.67920 0.1892
48918.68018 0.1905
48935.62500 0.1863
48935.62598 0.1868
48935.62744 0.1879
48937.60107 0.1968
48937.60254 0.1949
48937.60400 0.1897
48938.60547 0.1996
48938.60693 0.1939
48938.60840 0.2016
48939.60107 0.1918
48939.60205 0.1967
48939.60352 0.1954
48941.60059 0.1920
48941.60205 0.1946
48941.60352 0.1937
48944.61230 0.1849
48944.61377 0.1919
48944.61523 0.1901
48945.60352 0.1864
48945.60498 0.1913
48945.60645 0.1878
49189.92822 0.1773
49189.93262 0.1706
49189.93652 0.1800
49195.93701 0.1770
49195.94092 0.1777
49195.94482 0.1798
49197.93799 0.1876
49197.94189 0.1837
49197.94580 0.1885
49199.91309 0.1838
49199.91553 0.1817
49199.91846 0.1801
49200.90479 0.1752
49200.90869 0.1766
49200.91260 0.1756
49201.91016 0.1814
49201.91357 0.1737
49201.91699 0.1714
49205.83594 0.1738
49205.83789 0.1762
49205.83984 0.1774
49207.87793 0.1817
49207.87988 0.1767
49207.88135 0.1739
49209.87354 0.1828
49209.87500 0.1842
49209.87646 0.1893
49211.82178 0.1816
49211.82373 0.1794
49211.82568 0.1745
49217.84766 0.1725
49217.84961 0.1740
49217.85156 0.1753
49219.86279 0.1819
49219.86475 0.1758
49219.86719 0.1797
49221.84375 0.1872
49221.84570 0.1856
49221.84814 0.1808
49223.85498 0.1831
49223.85693 0.1802
49223.85889 0.1818
49225.86865 0.1730
49225.87158 0.1816
49225.87500 0.1817
49227.81738 0.1793
49227.81934 0.1739
49227.82129 0.1750
49232.80469 0.1702
49232.80664 0.1736
49232.80908 0.1738
49235.77832 0.1837
49235.77979 0.1831
49235.78125 0.1842
49236.81445 0.1824
49236.81592 0.1843
49236.81738 0.1848
49237.78760 0.1901
49237.78906 0.1845
49237.79102 0.1875
49239.80273 0.1915
49239.80420 0.1881
49239.80566 0.1845
49240.78223 0.1813
49240.78369 0.1826
49240.78564 0.1865
49242.77832 0.1902
49242.77979 0.1807
49242.78125 0.1849
49245.80859 0.1682
49245.81055 0.1773
49245.81299 0.1715
49250.75537 0.1850
49250.75635 0.1854
49250.75781 0.1904
49251.76367 0.1867
49251.76514 0.1910
49251.76660 0.1846
49254.74707 0.1820
49254.74854 0.1853
49254.75000 0.1831
49255.69775 0.1865
49255.69922 0.1800
49255.70068 0.1810
49257.72412 0.1768
49257.72559 0.1827
49257.72754 0.1752
49258.71045 0.1757
49258.71240 0.1772
49258.71436 0.1770
49260.71338 0.1769
49260.71533 0.1743
49260.71680 0.1741
49261.69678 0.1757
49261.69873 0.1718
49261.70068 0.1765
49265.69727 0.1848
49265.69922 0.1817
49265.70117 0.1849
49266.72705 0.1900
49266.72852 0.1774
49266.72998 0.1805
49267.71387 0.1888
49267.71533 0.1942
49267.71729 0.1865
49269.70215 0.1895
49269.70361 0.1877
49269.70557 0.1890
49270.68896 0.1817
49270.68994 0.1805
49270.69141 0.1880
49273.66846 0.1803
49273.66992 0.1778
49273.67090 0.1801
49279.67578 0.1830
49279.67725 0.1753
49279.67871 0.1796
49280.66895 0.1889
49280.67041 0.1765
49280.67188 0.1899
49281.67285 0.1783
49281.67432 0.1789
49281.67578 0.1890
49283.67334 0.1858
49283.67529 0.1805
49283.67676 0.1765
49284.66602 0.1867
49284.66699 0.1822
49284.66846 0.1932
49294.61865 0.1796
49294.62012 0.1815
49294.62158 0.1820
49522.95752 0.1776
49522.95850 0.1776
49522.95947 0.1794
49528.96191 0.1921
49528.96338 0.1917
49528.96436 0.1902
49529.95996 0.1922
49529.96094 0.1911
49529.96191 0.1944
49535.94727 0.1878
49535.94824 0.1860
49535.94971 0.1830
49538.91357 0.1820
49538.91455 0.1836
49538.91602 0.1820
49539.93799 0.1788
49539.93945 0.1816
49539.94043 0.1835
49541.90332 0.1780
49541.90479 0.1817
49541.90576 0.1843
49542.90283 0.1924
49542.90381 0.1886
49542.90479 0.1930
49549.90088 0.1846
49549.90186 0.1871
49549.90332 0.1877
49550.88672 0.1823
49550.88818 0.1803
49550.88916 0.1768
49552.88916 0.1826
49552.89062 0.1846
49552.89160 0.1784
49555.90771 0.1895
49555.90918 0.1844
49555.91016 0.1891
49556.87695 0.1834
49556.87793 0.1810
49556.87891 0.1882
49559.87012 0.1836
49559.87109 0.1899
49559.87256 0.1878
49567.80078 0.1818
49567.80176 0.1831
49567.80273 0.1879
49569.80762 0.1903
49569.80908 0.1868
49569.81006 0.1846
49570.84033 0.1879
49570.84131 0.1857
49570.84277 0.1864
49572.87793 0.1911
49572.87939 0.1908
49572.88037 0.1872
49573.84033 0.1974
49573.84131 0.1876
49573.84277 0.1930
49575.85547 0.1930
49575.85645 0.1874
49575.85791 0.1864
49576.82275 0.1916
49576.82422 0.1901
49576.82520 0.1867
49578.80615 0.1819
49578.80713 0.1809
49578.80859 0.1866
49579.80908 0.1799
49579.81006 0.1819
49579.81152 0.1787
49580.84521 0.1796
49580.84619 0.1818
49580.84766 0.1776
49583.75488 0.1860
49583.75586 0.1845
49583.75732 0.1821
49584.79395 0.1860
49584.79443 0.1924
49584.79492 0.1848
49586.78125 0.1922
49586.78271 0.1936
49586.78369 0.1930
49587.75293 0.1942
49587.75439 0.1907
49587.75537 0.1946
49588.80029 0.1919
49588.80127 0.1934
49588.80273 0.1937
49597.76123 0.1846
49597.76270 0.1836
49597.76367 0.1791
49598.72803 0.1882
49598.72949 0.1841
49598.73047 0.1856
49601.76807 0.1960
49601.76953 0.1949
49601.77051 0.1938
49602.76953 0.2011
49602.77051 0.1995
49602.77197 0.2022
49603.72119 0.1981
49603.72217 0.1969
49603.72314 0.1939
49606.76465 0.2001
49606.76562 0.1985
49606.76709 0.1964
49607.70605 0.1895
49607.70703 0.1859
49607.70801 0.1956
49609.72461 0.1870
49609.72607 0.1947
49609.72705 0.1815
49610.75977 0.1846
49610.76123 0.1803
49610.76221 0.1824
49611.71729 0.1846
49611.71875 0.1857
49611.71973 0.1819
49613.77637 0.1836
49613.77783 0.1765
49613.77930 0.1810
49614.73730 0.1822
49614.73828 0.1905
49614.73975 0.1959
49617.70654 0.1906
49617.70752 0.1930
49617.70898 0.1952
49621.65234 0.1948
49621.65332 0.1914
49621.65479 0.1948
49623.65771 0.1854
49623.65918 0.1860
49623.66016 0.1855
49626.63330 0.1934
49626.63428 0.1812
49626.63574 0.1820
49628.64600 0.1906
49628.64697 0.1859
49628.64844 0.1892
49632.64111 0.1950
49632.64258 0.1912
49632.64355 0.1929
49634.63330 0.1933
49634.63477 0.1897
49634.63574 0.1958
49635.70752 0.1868
49635.70850 0.2008
49635.71045 0.2039
49636.70801 0.1881
49636.70947 0.1851
49636.71045 0.1904
49637.62402 0.1922
49637.62549 0.1914
49637.62646 0.1894
49638.61670 0.1898
49638.61768 0.1867
49638.62061 0.1911
49641.60303 0.1961
49641.60400 0.1892
49641.60547 0.1885
49642.67480 0.1885
49642.67578 0.1866
49642.67725 0.1937
49643.69727 0.1867
49643.69873 0.1806
49643.69971 0.1904
49645.67773 0.1929
49645.67871 0.1878
49645.67969 0.1910
49646.68994 0.1783
49646.69141 0.1796
49646.69238 0.1812
49648.64062 0.1879
49648.64160 0.1856
49648.64307 0.1885
49660.63135 0.1922
49660.63281 0.1884
49660.63428 0.1801
49668.62109 0.1898
49668.62207 0.1886
49668.62305 0.1875
49670.62012 0.1877
49670.62109 0.1887
49670.62256 0.1910
49671.62939 0.1864
49671.63086 0.1834
49671.63184 0.1907
49677.59424 0.1901
49677.59570 0.1907
49677.59668 0.1935
