2443673.80000 0.1646
2443752.80000 0.1584
2444023.80000 0.1798
2444171.80000 0.1759
2444778.95203 0.1749
2444778.95300 0.1744
2444778.95502 0.1737
2445527.92400 0.1769
2445527.92500 0.1854
2445527.92600 0.1776
2445544.82700 0.1734
2445544.82800 0.1769
2445544.83000 0.1766
2448818.92188 0.1837
2448818.92383 0.1866
2448818.92578 0.1844
2448832.94141 0.1774
2448832.94336 0.1827
2448832.94531 0.1736
2448836.91895 0.1852
2448836.92041 0.1811
2448836.92188 0.1831
2448839.91943 0.1770
2448839.92139 0.1794
2448839.92334 0.1734
2448843.87744 0.1825
2448843.87891 0.1839
2448843.88037 0.1821
2448846.87939 0.1827
2448846.88086 0.1858
2448846.88184 0.1841
2448850.89941 0.1815
2448850.90039 0.1860
2448850.90186 0.1795
2448853.86182 0.1807
2448853.86328 0.1836
2448853.86475 0.1796
2448856.86523 0.1791
2448856.86719 0.1795
2448856.86914 0.1799
2448860.83740 0.1776
2448860.83887 0.1741
2448860.84033 0.1721
2448864.83740 0.1780
2448864.83936 0.1778
2448864.84082 0.1733
2448871.82275 0.1802
2448871.82373 0.1747
2448871.82520 0.1770
2448874.78174 0.1843
2448874.78320 0.1834
2448874.78467 0.1821
2448878.76855 0.1752
2448878.77002 0.1796
2448878.77100 0.1781
2448887.78564 0.1772
2448887.78711 0.1645
2448887.78857 0.1693
2448892.73291 0.1845
2448892.73438 0.1766
2448892.73633 0.1774
2448896.74365 0.1760
2448896.74512 0.1751
2448896.74609 0.1850
2448900.71191 0.1762
2448900.71338 0.1780
2448900.71533 0.1823
2448903.73730 0.1790
2448903.73828 0.1852
2448903.73975 0.1771
2448907.73682 0.1857
2448907.73828 0.1855
2448907.73926 0.1857
2448910.71191 0.1849
2448910.71387 0.1884
2448910.71582 0.1853
2448915.70117 0.1872
2448915.70264 0.1855
2448915.70410 0.1894
2448918.69580 0.1874
2448918.69727 0.1829
2448918.69873 0.1886
2448933.67188 0.1855
2448933.67383 0.1987
2448933.67529 0.1858
2448939.62012 0.1818
2448939.62158 0.1835
2448939.62256 0.1872
2448945.61621 0.4475
2448945.61768 0.4434
2448945.61865 0.4383
2448949.63086 0.1901
2449205.86816 0.1845
2449205.87061 0.1848
2449205.87305 0.1822
2449215.87598 0.1838
2449215.87842 0.1949
2449215.88135 0.1981
2449220.87500 0.1888
2449220.87842 0.1787
2449220.88184 0.1897
2449223.89258 0.1874
2449223.89697 0.1876
2449223.90137 0.1975
2449228.85059 0.1777
2449228.85400 0.1807
2449228.85742 0.1797
2449237.80420 0.1761
2449237.80664 0.1811
2449237.80859 0.1839
2449240.79883 0.1717
2449240.80127 0.1678
2449240.80469 0.1653
2449251.77881 0.1877
2449251.78125 0.1860
2449251.78418 0.1822
2449255.75488 0.1804
2449255.76025 0.1858
2449255.76270 0.1835
2449259.74121 0.1759
2449259.74414 0.1841
2449259.74707 0.1852
2449262.71240 0.1829
2449262.71484 0.1833
2449262.71777 0.1820
2449266.74121 0.1901
2449266.74414 0.1903
2449266.74707 0.1922
2449269.71826 0.1864
2449269.72119 0.1871
2449269.72510 0.1846
2449280.68750 0.1831
2449280.68994 0.1832
2449280.69189 0.1947
2449283.69580 0.1831
2449283.69727 0.1903
2449283.69873 0.1818
2449296.66650 0.1930
2449296.66748 0.1897
2449296.66895 0.1917
2449539.95947 0.1737
2449539.96045 0.1714
2449539.96191 0.1719
2449550.90625 0.1683
2449550.90723 0.1739
2449550.90869 0.1763
2449556.90723 0.1827
2449556.90820 0.1781
2449556.90918 0.1774
2449559.89209 0.1747
2449559.89355 0.1753
2449559.89453 0.1712
2449570.85156 0.1892
2449570.85303 0.1821
2449570.85400 0.1855
2449575.87842 0.1788
2449575.87939 0.1848
2449575.88086 0.1815
2449578.81787 0.1702
2449578.81885 0.1736
2449578.81982 0.1736
2449582.80176 0.1881
2449582.80322 0.1819
2449582.80420 0.1872
2449587.77100 0.1786
2449587.77246 0.1817
2449587.77344 0.1863
2449594.80908 0.1786
2449594.81055 0.1822
2449594.81152 0.1803
2449597.77734 0.1844
2449597.77881 0.1901
2449597.77979 0.1745
2449600.74121 0.1767
2449600.74219 0.1800
2449600.74365 0.1652
2449606.77881 0.1813
2449606.78027 0.1905
2449606.78174 0.1825
2449609.74561 0.1806
2449609.74707 0.1775
2449609.74805 0.1814
2449613.79443 0.1850
2449613.79639 0.1719
2449613.79785 0.1899
2449617.72070 0.1799
2449617.72168 0.1812
2449617.72266 0.1780
2449620.68848 0.1712
2449620.68994 0.1800
2449620.69141 0.1826
2449626.66162 0.1771
2449626.66260 0.1724
2449626.66357 0.1766
2449628.66699 0.1836
2449628.66846 0.1838
2449628.66943 0.1779
2449633.65674 0.1777
2449633.65918 0.1789
2449633.66113 0.1684
2449636.72363 0.1731
2449636.72510 0.1729
2449636.72607 0.1765
2449642.69336 0.1743
2449642.69434 0.1765
2449642.69531 0.1800
2449645.69043 0.1776
2449645.69141 0.1741
2449645.69287 0.1723
2449648.65967 0.1783
2449648.66064 0.1774
2449648.66211 0.1720
2449660.64502 0.1691
2449660.64746 0.1760
2449660.64990 0.1745
2449668.63135 0.1792
2449668.63281 0.1786
2449668.63379 0.1821
2449671.64111 0.1697
2449671.64258 0.1761
2449671.64355 0.1673
2449676.61523 0.1730
2449676.61670 0.1734
2449676.61768 0.1757
