2444479.76599 0.1078
2444479.76599 0.1058
2446594.94507 0.2282
2446594.94604 0.2288
2446594.94678 0.2282
2446662.76123 0.2275
2446662.76196 0.2285
2446662.76294 0.2272
2446662.76392 0.2329
2446723.63208 0.2300
2446723.63281 0.2242
2446723.63379 0.2254
2446989.97217 0.2296
2446989.97314 0.2292
2446989.97388 0.2311
2447012.87134 0.2178
2447012.87280 0.2166
2447012.87451 0.2089
2447036.89624 0.2255
2447036.89722 0.2279
2447036.89819 0.2318
2447054.71704 0.2264
2447054.71826 0.2261
2447054.71899 0.2295
2447086.70654 0.2405
2447086.70752 0.2417
2447086.70825 0.2359
2447115.62109 0.2220
2447115.62207 0.2327
2447115.62329 0.2329
2447391.88721 0.2255
2447391.88818 0.2296
2447391.88916 0.2256
2447452.74414 0.2311
2447452.74536 0.2297
2447452.74634 0.2309
2447481.64722 0.2345
2447481.64844 0.2326
2447481.64966 0.2315
