44208.80000 0.1114
45962.96008 0.2192
45962.96240 0.2193
45962.96460 0.2205
45972.98865 0.2239
45972.98938 0.2251
45972.99023 0.2304
45983.96619 0.2245
45983.96765 0.2293
45983.96912 0.2240
46019.91663 0.2200
46019.91870 0.2242
46019.92078 0.2241
46025.82092 0.2263
46025.82336 0.2230
46025.82568 0.2219
46031.83411 0.2259
46031.83533 0.2288
46031.83679 0.2220
46065.78125 0.2242
46065.78223 0.2273
46065.78320 0.2257
46111.63794 0.2218
46111.63892 0.2294
46111.63989 0.2307
46338.01221 0.2258
46338.01294 0.2256
46338.01343 0.2232
46368.92432 0.2219
46368.92505 0.2209
46368.92578 0.2200
46377.92432 0.2224
46377.92529 0.2205
46377.92603 0.2246
46413.76489 0.2171
46413.76587 0.2195
46413.76685 0.2195
46441.69653 0.2218
46441.69727 0.2192
46441.69824 0.2221
46486.65137 0.2255
46486.65234 0.2197
46486.65308 0.2185
