2439722.80000 0.8037
2439723.80000 0.7872
2439787.80000 0.8122
2439788.80000 0.8083
2439789.80000 0.8176
2440045.80000 0.7143
2440046.80000 0.7272
2440047.80000 0.6976
2440048.80000 0.7239
2440077.80000 0.7744
2440078.80000 0.8788
2440079.80000 0.8164
2440080.80000 0.7917
2440105.80000 0.8075
2440106.80000 0.8468
2440107.80000 0.8024
2440138.80000 0.7707
2440139.80000 0.8214
2440140.80000 0.8211
2440168.80000 0.7862
2440169.80000 0.7842
2440170.80000 0.8579
2440405.80000 0.9445
2440407.80000 0.8876
2440438.80000 0.8991
2440439.80000 0.9019
2440440.80000 0.8769
2440454.80000 0.9263
2440456.80000 0.8455
2440457.80000 0.8232
2440495.80000 0.8394
2440498.80000 0.8531
2440499.80000 0.8454
2440517.80000 0.8387
2440519.80000 0.8398
2440520.80000 0.8823
2440727.80000 0.8170
2440728.80000 0.8409
2440729.80000 0.8110
2440760.80000 0.8484
2440761.80000 0.8264
2440762.80000 0.8792
2440777.80000 0.7812
2440778.80000 0.7816
2440779.80000 0.7713
2440780.80000 0.7904
2440810.80000 0.7907
2440811.80000 0.7953
2440812.80000 0.7885
2440843.80000 0.7969
2440844.80000 0.8072
2440845.80000 0.8150
2441083.80000 0.6967
2441112.80000 0.7685
2441113.80000 0.8083
2441114.80000 0.8016
2441133.80000 0.7408
2441134.80000 0.7765
2441135.80000 0.7578
2441136.80000 0.7383
2441169.80000 0.7334
2441170.80000 0.7690
2441199.80000 0.7251
2441201.80000 0.7042
2441202.80000 0.7071
2441250.80000 0.7121
2441460.80000 0.7513
2441487.80000 0.7862
2441488.80000 0.7822
2441502.80000 0.7805
2441503.80000 0.8088
2441554.80000 0.7128
2441589.80000 0.7567
2441590.80000 0.7875
2441591.80000 0.7803
2441592.80000 0.8088
2441614.80000 0.8329
2441615.80000 0.8453
2441618.80000 0.7502
2441821.80000 0.6770
2441835.80000 0.8345
2441836.80000 0.8529
2441884.80000 0.7341
2441885.80000 0.7571
2441886.80000 0.7656
2441909.80000 0.7177
2441910.80000 0.7253
2441911.80000 0.7290
2441942.80000 0.7489
2441943.80000 0.7404
2441944.80000 0.7638
2441945.80000 0.7282
2441959.80000 0.7965
2441960.80000 0.7746
2441961.80000 0.7843
2442167.80000 0.7266
2442168.80000 0.7662
2442169.80000 0.7325
2442208.80000 0.6816
2442209.80000 0.6865
2442210.80000 0.7199
2442218.80000 0.7019
2442219.80000 0.6842
2442220.80000 0.6979
2442259.80000 0.7209
2442260.80000 0.6861
2442261.80000 0.6384
2442282.80000 0.7459
2442283.80000 0.7224
2442284.80000 0.7408
2442285.80000 0.7504
2442329.80000 0.6137
2442330.80000 0.6226
2442331.80000 0.6139
2442590.80000 0.7303
2442591.80000 0.7777
2442592.80000 0.8535
2442613.80000 0.7522
2442614.80000 0.6898
2442615.80000 0.6288
2442616.80000 0.6634
2442644.80000 0.6852
2442645.80000 0.6512
2442646.80000 0.6890
2442647.80000 0.7279
2442675.80000 0.6675
2442676.80000 0.6697
2442677.80000 0.7424
2442678.80000 0.7289
2442702.80000 0.6029
2442703.80000 0.6107
2442940.80000 0.6018
2442974.80000 0.7209
2442975.80000 0.7153
2443025.80000 0.5416
2443060.80000 0.6399
2443061.80000 0.6510
2443062.80000 0.6533
2443063.80000 0.6453
2443256.80000 0.7290
2443257.80000 0.7263
2443257.80000 0.7538
2443294.80000 0.8099
2443296.80000 0.5242
2443297.80000 0.7241
2443347.80000 0.7184
2443347.80000 0.7180
2443349.80000 0.6389
2443349.80000 0.6686
2443350.80000 0.6933
2443350.80000 0.6916
2443351.80000 0.6761
2443351.80000 0.6907
2443414.80000 0.7835
2443415.80000 0.7087
2443415.80000 0.7061
2443664.80000 0.7096
2443674.80000 0.6620
2443704.80000 0.7344
2443742.80000 0.8049
2443743.80000 0.8011
2443778.80000 0.8408
2443779.80000 0.7870
2443997.80000 0.7113
2444003.80000 0.9120
2444004.80000 0.9228
2444022.80000 0.8379
2444024.80000 0.8029
2444051.80000 0.8604
2444052.80000 0.8594
2444142.80000 0.7841
2444143.80000 0.7399
2444423.78000 0.7980
2444423.78400 0.8369
2444424.75699 0.7675
2444424.76099 0.7826
2444424.78799 0.7291
2444424.79199 0.8388
2444424.80301 0.7764
2444424.80399 0.7788
2444426.73801 0.7560
2444426.74200 0.7478
2444426.86600 0.7790
2444426.86801 0.8088
2444428.87399 0.7925
2444428.87799 0.8333
2444429.77701 0.7265
2444429.77899 0.7548
2444429.78101 0.7634
2444430.76300 0.7634
2444430.76501 0.7500
2444430.76801 0.7462
2444432.77399 0.7327
2444432.77701 0.7253
2444432.77899 0.7394
2444441.75000 0.7554
2444441.75299 0.7294
2444441.75500 0.7449
2444442.76801 0.7536
2444442.77100 0.6911
2444442.77301 0.6827
2444443.79099 0.7203
2444443.79401 0.7316
2444443.79599 0.7306
2444444.75900 0.7732
2444444.76199 0.7512
2444444.76501 0.7643
2444445.73999 0.7625
2444445.74301 0.7907
2444445.74600 0.8106
2444445.77200 0.7800
2444445.77499 0.7774
2444445.77802 0.7807
2444446.76901 0.8214
2444446.77200 0.8020
2444446.77399 0.7782
2444447.76099 0.8055
2444447.76401 0.7841
2444447.76700 0.7822
2444448.75000 0.8172
2444448.75201 0.8417
2444448.75500 0.8315
2444449.76199 0.8628
2444449.76501 0.8434
2444449.76700 0.8743
2444449.79401 0.8183
2444449.79700 0.8310
2444451.75101 0.7898
2444451.83099 0.7996
2444451.83301 0.8001
2444452.75299 0.8381
2444452.75601 0.7681
2444452.82001 0.8405
2444452.82199 0.8038
2444452.82401 0.8250
2444453.75900 0.8224
2444453.76099 0.8263
2444453.76401 0.8135
2444453.79901 0.7828
2444453.80200 0.7872
2444453.80399 0.8098
2444454.78299 0.8024
2444454.78601 0.7790
2444454.78799 0.8354
2444458.75299 0.7834
2444458.75500 0.8039
2444458.75699 0.7765
2444460.73999 0.7648
2444460.74301 0.7752
2444460.74500 0.7609
2444461.76700 0.7736
2444461.76901 0.7783
2444461.76999 0.7759
2444462.77600 0.6725
2444462.77701 0.7174
2444462.77802 0.7427
2444463.73700 0.7502
2444463.73901 0.7153
2444463.73999 0.7890
2444464.74399 0.7114
2444464.74500 0.7000
2444464.74701 0.7312
2444465.77899 0.7556
2444465.78299 0.7254
2444465.78601 0.7228
2444466.77399 0.7297
2444466.77701 0.7023
2444466.78101 0.7543
2444467.76199 0.6859
2444467.76501 0.7235
2444467.76801 0.7113
2444468.78400 0.7451
2444468.78601 0.7062
2444468.78699 0.7864
2444469.74500 0.6962
2444469.74701 0.7103
2444469.75000 0.7007
2444470.75601 0.7228
2444470.75900 0.7104
2444470.76099 0.7318
2444472.74701 0.7398
2444472.74899 0.7334
2444472.75101 0.7540
2444473.79199 0.7630
2444473.79401 0.7615
2444474.73999 0.7445
2444474.74301 0.7764
2444474.74600 0.7921
2444475.76099 0.8260
2444475.76300 0.8319
2444475.76501 0.8247
2444478.72101 0.8746
2444478.72400 0.8925
2444478.72601 0.8950
2444479.73401 0.9184
2444479.73700 0.8884
2444479.73901 0.8950
2444480.72501 0.8973
2444480.72699 0.8905
2444480.72900 0.8863
2444481.72800 0.8506
2444481.73001 0.8472
2444481.73199 0.8181
2444482.74500 0.8636
2444482.74701 0.8379
2444482.74899 0.8508
2444484.73801 0.8527
2444484.73901 0.8605
2444484.74100 0.8329
2444485.72900 0.7981
2444485.73199 0.8483
2444485.73401 0.7888
2444486.75101 0.7973
2444486.75299 0.7540
2444486.75500 0.7814
2444487.75000 0.7978
2444487.75201 0.7914
2444487.75400 0.7967
2444488.74701 0.6074
2444488.75000 0.5688
2444488.75201 0.5923
2444489.74301 0.7411
2444489.74500 0.7212
2444489.74799 0.7948
2444490.74701 0.7151
2444490.75000 0.7094
2444490.75299 0.6999
2444491.74500 0.7397
2444491.74899 0.7365
2444491.75201 0.7195
2444492.74600 0.7263
2444492.74899 0.7282
2444492.75101 0.7363
2444493.74600 0.7653
2444493.74899 0.7028
2444493.75201 0.6981
2444494.72900 0.7207
2444494.73099 0.6661
2444494.73401 0.7014
2444495.73300 0.7506
2444495.73499 0.7131
2444495.73700 0.7434
2444496.75601 0.7633
2444496.76001 0.7300
2444496.76300 0.7348
2444506.73001 0.8272
2444506.73300 0.8508
2444506.73599 0.8929
2444507.72699 0.8701
2444507.73001 0.8686
2444507.73199 0.8450
2444508.72699 0.8365
2444508.73001 0.8586
2444508.73199 0.8810
2444509.75400 0.8557
2444509.75699 0.8550
2444509.75900 0.8700
2444510.79001 0.7882
2444510.79300 0.8293
2444510.79599 0.8154
2444511.73801 0.8331
2444511.74100 0.8736
2444511.74301 0.8614
2444512.78802 0.7740
2444512.79199 0.8286
2444512.79602 0.9445
2444513.74597 0.8169
2444513.75000 0.8195
2444513.75403 0.8163
2444514.73199 0.7862
2444514.73499 0.8392
2444514.73901 0.8326
2444515.72400 0.7978
2444515.72601 0.7528
2444515.72900 0.7511
2444516.73102 0.7672
2444516.73401 0.7583
2444516.73700 0.7776
2444517.74103 0.7928
2444517.74402 0.7881
2444517.74701 0.7809
2444525.70203 0.6711
2444525.70398 0.7459
2444525.70599 0.7295
2444528.71100 0.6924
2444528.71503 0.6774
2444546.63098 0.7981
2444546.63397 0.7759
2444546.63702 0.7821
2444547.59998 0.7798
2444547.60400 0.7628
2444547.60797 0.8061
2444548.62701 0.7849
2444548.63000 0.7656
2444548.63300 0.7769
2444549.59302 0.8214
2444549.59497 0.7714
2444549.59802 0.8361
2444550.58502 0.7818
2444550.58899 0.7711
2444550.59198 0.7656
2444563.60498 0.8492
2444563.60901 0.8651
2444563.61298 0.8753
2444564.58698 0.8088
2444564.58899 0.7940
2444564.59198 0.7771
2444566.58801 0.8320
2444566.59003 0.8243
2444566.59198 0.8448
2444742.97302 0.7319
2444742.97699 0.7393
2444742.97998 0.7134
2444747.98700 0.7180
2444747.98999 0.7214
2444747.99402 0.7094
2444748.98297 0.7288
2444748.98798 0.6931
2444748.99402 0.6769
2444753.97101 0.7056
2444753.97699 0.7598
2444753.98199 0.7067
2444754.96698 0.7054
2444754.97198 0.7126
2444754.97803 0.6780
2444755.96899 0.6704
2444755.97400 0.6834
2444755.97998 0.6209
2444756.96198 0.6736
2444756.96698 0.6830
2444756.97198 0.7008
2444759.96399 0.7255
2444759.96802 0.7220
2444759.97302 0.7067
2444760.96198 0.7400
2444760.96698 0.7203
2444760.97101 0.7356
2444762.96100 0.7039
2444762.96600 0.6976
2444762.96997 0.7588
2444763.90399 0.8330
2444763.90698 0.8740
2444763.90997 0.7977
2444764.89502 0.7068
2444764.89899 0.7834
2444771.90997 0.6879
2444771.91400 0.7549
2444771.91699 0.6906
2444773.94501 0.7048
2444773.94800 0.7394
2444773.95099 0.7260
2444774.94702 0.6610
2444774.95001 0.6900
2444774.95203 0.6990
2444775.93701 0.6909
2444775.94000 0.7339
2444775.94299 0.7109
2444776.89502 0.6131
2444776.89899 0.5643
2444776.90302 0.6443
2444777.89899 0.6373
2444777.90100 0.6513
2444777.90399 0.7132
2444778.90100 0.6866
2444778.90399 0.7395
2444778.90698 0.6998
2444779.91699 0.6762
2444779.91998 0.6472
2444779.92297 0.6253
2444780.91400 0.6438
2444780.91901 0.6783
2444780.92401 0.7072
2444781.93103 0.6681
2444781.93402 0.6138
2444781.93799 0.7053
2444782.89502 0.6797
2444782.89899 0.6331
2444782.90198 0.6812
2444783.91901 0.6752
2444783.92297 0.7239
2444783.92700 0.6392
2444784.90198 0.7751
2444784.90503 0.7716
2444784.90698 0.7553
2444785.93103 0.7416
2444785.93402 0.7288
2444785.93799 0.7015
2444794.91400 0.7434
2444794.91699 0.6647
2444794.91901 0.6959
2444795.92902 0.6840
2444795.93201 0.6677
2444795.93500 0.6592
2444796.90997 0.6944
2444796.91302 0.6896
2444796.91602 0.7291
2444797.92798 0.6410
2444797.93103 0.6813
2444797.93500 0.6352
2444798.92102 0.7146
2444798.92401 0.7378
2444798.92700 0.7468
2444799.92297 0.6860
2444799.92700 0.6177
2444799.92999 0.6450
2444802.83301 0.6358
2444802.83502 0.7387
2444802.83698 0.6353
2444803.84601 0.6362
2444803.84802 0.6133
2444803.84998 0.6159
2444804.85498 0.6660
2444804.85699 0.6876
2444804.85999 0.6358
2444805.87500 0.6452
2444805.87701 0.6409
2444805.88000 0.6218
2444807.85498 0.6292
2444807.85602 0.6300
2444807.85797 0.6937
2444808.84698 0.5597
2444808.84900 0.6058
2444808.85101 0.6381
2444810.89099 0.6232
2444810.89502 0.6410
2444810.89801 0.6484
2444821.79602 0.7069
2444821.79901 0.6956
2444821.80103 0.7139
2444822.79303 0.7261
2444822.79498 0.7013
2444822.79700 0.7364
2444823.78601 0.7322
2444823.78900 0.7157
2444823.79102 0.7647
2444824.78998 0.6932
2444824.79303 0.6950
2444824.79498 0.7208
2444825.89398 0.7428
2444825.89899 0.7400
2444825.90302 0.7382
2444826.78497 0.7778
2444826.78699 0.7830
2444826.78998 0.7001
2444827.80603 0.6416
2444827.81097 0.6342
2444827.81500 0.6320
2444828.78900 0.6884
2444828.79199 0.7316
2444828.79498 0.7450
2444832.81799 0.7067
2444832.82098 0.7042
2444832.82397 0.7004
2444833.80103 0.6936
2444833.80402 0.6844
2444833.80701 0.6962
2444834.76703 0.6578
2444834.77002 0.6761
2444834.77301 0.6162
2444835.79199 0.6456
2444835.79498 0.6565
2444835.79901 0.6763
2444836.75897 0.7006
2444836.76202 0.6486
2444836.76398 0.6048
2444847.71198 0.7083
2444847.71399 0.6940
2444847.71698 0.6859
2444848.71399 0.7133
2444848.71600 0.7460
2444848.71899 0.7550
2444849.69897 0.6993
2444849.70099 0.6751
2444849.70398 0.6945
2444850.69702 0.6893
2444850.69897 0.7263
2444850.70203 0.7075
2444851.69702 0.6699
2444851.70001 0.6717
2444851.70203 0.7123
2444852.70599 0.7275
2444852.70801 0.7218
2444852.71002 0.6643
2444853.69501 0.6635
2444853.69800 0.6914
2444853.70001 0.7063
2444854.69800 0.7239
2444854.70099 0.6874
2444854.70398 0.7111
2444855.71100 0.7247
2444855.71301 0.7474
2444855.71600 0.7033
2444856.70300 0.6756
2444856.70502 0.7357
2444856.70697 0.6862
2444857.68799 0.7091
2444857.69000 0.6789
2444857.69299 0.7077
2444860.68597 0.7479
2444860.68799 0.7044
2444860.69000 0.6960
2444861.69000 0.6704
2444861.69397 0.6642
2444861.69702 0.6706
2444862.74500 0.6242
2444862.74701 0.7014
2444862.75000 0.6542
2444863.73297 0.7034
2444863.73602 0.6804
2444863.73901 0.6926
2444864.67700 0.6820
2444864.67999 0.6722
2444864.68298 0.6651
2444865.66101 0.6606
2444865.66400 0.6404
2444865.66699 0.6275
2444868.75800 0.6400
2444868.76099 0.6463
2444868.76300 0.6925
2444869.75201 0.6969
2444869.75403 0.6830
2444869.75598 0.7155
2444870.77100 0.7453
2444870.77399 0.7521
2444870.77698 0.7383
2444871.76099 0.7056
2444871.76300 0.7229
2444871.76501 0.6170
2444872.71399 0.6643
2444872.71600 0.6708
2444872.71802 0.6618
2444874.73901 0.6938
2444874.73999 0.6965
2444874.74103 0.7207
2444880.70203 0.7209
2444880.70502 0.7514
2444880.70801 0.6889
2444883.67297 0.6714
2444883.67499 0.6722
2444883.67700 0.7193
2444885.67603 0.6491
2444885.67902 0.7439
2444885.68201 0.6828
2444886.66400 0.7033
2444886.66699 0.7097
2444886.66901 0.7549
2444887.65900 0.7295
2444887.66302 0.7923
2444887.66699 0.6732
2444891.76001 0.7173
2444891.76501 0.7538
2444891.77002 0.7395
2444892.70697 0.6971
2444892.71198 0.6540
2444892.71600 0.6861
2444893.65399 0.6437
2444893.65802 0.6350
2444893.66101 0.6762
2444894.64697 0.6660
2444894.65100 0.6693
2444894.65601 0.6923
2444895.66699 0.6675
2444895.67102 0.7850
2444895.67499 0.6747
2444896.66400 0.6667
2444896.66699 0.6469
2444896.67102 0.6304
2444897.69897 0.6648
2444897.70203 0.6086
2444897.70398 0.5903
2444898.73297 0.9207
2444899.68103 0.6739
2444899.68298 0.6279
2444899.68500 0.6292
2444900.70203 0.6441
2444900.70502 0.6908
2444900.70697 0.5963
2444907.66302 0.7580
2444908.66400 0.6800
2444908.66998 0.6851
2444908.67499 0.7505
2444909.63000 0.6748
2444909.63397 0.7131
2444909.63898 0.6407
2444910.62402 0.6860
2444910.62701 0.6723
2444910.63098 0.6482
2444911.62201 0.6694
2444911.62500 0.7316
2444911.62799 0.6501
2444912.63300 0.6558
2444912.63599 0.6402
2444912.64001 0.6436
2444916.61902 0.6609
2444916.62299 0.7261
2444916.62799 0.6785
2444917.61902 0.6960
2444917.62299 0.6574
2444917.62799 0.6143
2444919.67200 0.6680
2444919.67798 0.6653
2444919.68298 0.6739
2445109.95398 0.5929
2445109.95801 0.5823
2445109.96204 0.7102
2445120.93994 0.6362
2445120.94202 0.6420
2445120.94397 0.6535
2445121.93604 0.6691
2445121.93896 0.6433
2445121.94202 0.6391
2445122.93994 0.6968
2445122.94299 0.6734
2445122.94702 0.6652
2445123.92505 0.6232
2445123.92798 0.6597
2445123.93103 0.6689
2445124.92505 0.6887
2445124.92700 0.6673
2445124.93005 0.6627
2445126.94202 0.6140
2445126.94397 0.6140
2445126.94495 0.7152
2445128.93396 0.6140
2445128.93701 0.5875
2445128.93896 0.5797
2445129.95703 0.6002
2445129.95996 0.6171
2445129.96399 0.5776
2445131.95300 0.6676
2445131.95496 0.6399
2445131.95703 0.6695
2445132.96204 0.6828
2445132.96497 0.6452
2445132.96704 0.6190
2445134.92297 0.6329
2445134.92505 0.6225
2445134.92700 0.6618
2445135.94299 0.6769
2445135.94604 0.6649
2445135.94800 0.6733
2445136.93396 0.7424
2445136.93604 0.6794
2445136.93799 0.7513
2445137.93298 0.7431
2445137.93604 0.7125
2445137.93799 0.8256
2445140.93896 0.7267
2445140.94104 0.7385
2445140.94299 0.7431
2445141.93604 0.6711
2445141.93701 0.6824
2445141.93896 0.6542
2445143.95105 0.7727
2445143.95398 0.7490
2445143.95801 0.7338
2445145.90100 0.7183
2445145.90503 0.6809
2445145.90796 0.7199
2445152.88000 0.6562
2445152.88306 0.7343
2445152.88501 0.6664
2445153.89905 0.6731
2445153.90198 0.6352
2445153.90405 0.6755
2445154.86597 0.6960
2445154.86902 0.6697
2445154.87195 0.7045
2445155.90698 0.5195
2445155.91296 0.5783
2445155.91602 0.5551
2445156.91504 0.6658
2445156.91797 0.6530
2445156.92102 0.7475
2445157.94299 0.7035
2445157.94604 0.7136
2445157.94897 0.6689
2445158.90503 0.7258
2445158.90698 0.7217
2445158.90906 0.6982
2445159.90698 0.7122
2445159.91003 0.7010
2445159.91296 0.6766
2445161.91394 0.7447
2445161.91602 0.7315
2445161.91895 0.6942
2445162.91504 0.7184
2445162.91699 0.6966
2445162.92004 0.7253
2445163.87305 0.7325
2445163.87500 0.7818
2445163.87695 0.6820
2445165.82495 0.7755
2445165.82800 0.7356
2445165.83105 0.7910
2445166.85303 0.7768
2445166.85596 0.7644
2445166.85803 0.7753
2445168.85999 0.7433
2445168.86304 0.7642
2445168.86499 0.7729
2445169.87903 0.7579
2445169.88098 0.7587
2445169.88403 0.7784
2445172.87097 0.6891
2445172.87402 0.6828
2445172.87695 0.7183
2445175.88000 0.7110
2445175.88306 0.6519
2445175.88501 0.6650
2445176.81494 0.6978
2445176.81799 0.7423
2445176.82104 0.7047
2445182.80200 0.6558
2445182.80505 0.6590
2445182.80896 0.6171
2445184.77502 0.6765
2445184.77698 0.6910
2445184.78003 0.5947
2445185.75403 0.7228
2445185.75598 0.7249
2445185.75806 0.6910
2445189.78894 0.7414
2445189.79199 0.7172
2445189.79395 0.6744
2445191.78894 0.7505
2445191.79102 0.7619
2445191.79395 0.7407
2445193.81897 0.7614
2445193.82202 0.7408
2445193.82495 0.6884
2445195.72998 0.7861
2445195.73206 0.7362
2445195.73499 0.7348
2445196.77795 0.7929
2445196.78101 0.7580
2445196.78296 0.7761
2445197.79504 0.7830
2445197.79700 0.7539
2445197.80005 0.7207
2445198.77600 0.7268
2445198.77795 0.6999
2445198.78003 0.7304
2445203.74097 0.6512
2445203.74402 0.6560
2445203.74597 0.7007
2445210.78101 0.6850
2445210.78601 0.6398
2445210.79102 0.5955
2445211.72900 0.6663
2445211.73206 0.7060
2445211.73401 0.6958
2445214.73303 0.7037
2445214.73499 0.7079
2445214.73706 0.7165
2445216.70300 0.7136
2445216.70605 0.7062
2445216.70898 0.7914
2445217.73206 0.7042
2445217.73401 0.7938
2445217.73596 0.7916
2445218.72595 0.7903
2445218.72803 0.8167
2445218.72998 0.7724
2445219.70105 0.7341
2445219.70300 0.7557
2445219.70496 0.7331
2445224.68799 0.7601
2445224.69104 0.7855
2445224.69299 0.7531
2445243.67297 0.7892
2445243.67603 0.7608
2445243.68005 0.7713
2445244.67004 0.7241
2445244.67297 0.6626
2445244.67603 0.6969
2445245.68799 0.7559
2445245.69104 0.7623
2445245.69397 0.7547
2445246.67297 0.7860
2445246.67700 0.7585
2445246.68103 0.7708
2445249.64502 0.7927
2445249.64697 0.8217
2445249.65002 0.8307
2445251.63501 0.8252
2445251.63696 0.8102
2445251.64001 0.6778
2445254.65796 0.7446
2445254.66101 0.7762
2445254.66296 0.7225
2445255.68201 0.7221
2445255.68506 0.7186
2445255.68896 0.7155
2445258.69897 0.6247
2445258.70203 0.6976
2445258.70398 0.6305
2445259.68396 0.7859
2445259.68604 0.7320
2445259.68799 0.6885
2445260.65906 0.6649
2445260.66199 0.5824
2445260.66504 0.5916
2445261.68701 0.6555
2445261.68896 0.5833
2445261.69202 0.5714
2445476.97705 0.8282
2445476.97900 0.8440
2445476.98206 0.8335
2445477.93298 0.9075
2445477.93506 0.8785
2445477.93701 0.8692
2445478.91199 0.8705
2445478.91394 0.8404
2445478.91602 0.8444
2445479.94702 0.9641
2445479.94897 0.9328
2445479.95203 0.8864
2445480.94800 0.8342
2445480.94995 0.7776
2445480.95300 0.7865
2445481.95203 0.8384
2445481.95398 0.8031
2445481.95605 0.8115
2445484.96497 0.7367
2445484.96802 0.6885
2445484.97095 0.7233
2445485.94397 0.7944
2445485.94702 0.8017
2445485.94995 0.7983
2445499.97700 0.7541
2445499.98000 0.7084
2445499.98300 0.7031
2445507.96800 0.7902
2445507.97000 0.8303
2445507.97200 0.8210
2445514.93400 0.8217
2445514.93600 0.8030
2445514.93900 0.8654
2445523.95600 0.8203
2445523.95800 0.8050
2445523.96100 0.8062
2445531.92200 0.8340
2445531.92500 0.8502
2445531.92700 0.8299
2445536.79700 0.8568
2445536.79800 0.8715
2445536.80100 0.8552
2445542.81200 0.8006
2445542.81400 0.8285
2445542.81600 0.8356
2445550.90600 0.7544
2445550.90800 0.7700
2445550.91100 0.7446
2445558.88800 0.8264
2445558.89100 0.7766
2445558.89400 0.8296
2445568.81300 0.8469
2445568.81600 0.8193
2445568.81900 0.8376
2445573.71500 0.7732
2445573.71700 0.7323
2445573.72000 0.7153
2445576.82600 0.7454
2445576.82800 0.7303
2445576.83000 0.7794
2445580.76700 0.7206
2445580.77000 0.7206
2445580.77200 0.7004
2445583.78800 0.7199
2445583.79000 0.7067
2445583.79200 0.7426
2445586.68900 0.7882
2445586.69200 0.7795
2445586.69400 0.7714
2445589.73200 0.8854
2445589.73400 0.8835
2445589.73500 0.8692
2445594.69700 0.9034
2445594.70000 0.8094
2445594.70200 0.9126
2445838.97595 0.8031
2445838.97949 0.7811
2445838.98303 0.8021
2445840.95557 0.8133
2445840.95886 0.7908
2445840.96216 0.7794
2445844.96741 0.7525
2445844.97083 0.7878
2445844.97412 0.7618
2445861.96313 0.6077
2445861.96643 0.6537
2445861.97034 0.6162
2445864.93921 0.7466
2445864.94409 0.7270
2445864.94897 0.7255
2445866.91650 0.6810
2445866.92212 0.7241
2445866.92786 0.6836
2445868.97327 0.7882
2445868.97668 0.8402
2445868.98010 0.7776
2445871.93201 0.7710
2445871.93652 0.7880
2445871.94092 0.7809
2445874.92029 0.8159
2445874.92285 0.7918
2445874.92554 0.7775
2445878.91541 0.7618
2445878.91846 0.7749
2445878.92188 0.7408
2445886.93445 0.7351
2445886.93750 0.7238
2445886.94055 0.7488
2445887.88940 0.7036
2445887.89294 0.6974
2445887.89648 0.6415
2445888.94458 0.6712
2445888.94910 0.6317
2445888.95410 0.6968
2445890.92212 0.6804
2445890.92578 0.7434
2445890.92932 0.7256
2445893.91821 0.7602
2445893.92188 0.7223
2445893.92554 0.7236
2445901.80090 0.7666
2445901.80359 0.7737
2445901.80640 0.7239
2446024.58948 0.7771
2446024.59326 0.8023
2446024.59668 0.8249
2446238.93823 0.8122
2446238.93945 0.8201
2446238.94067 0.8025
2446240.96899 0.7681
2446240.97144 0.7267
2446240.97437 0.7600
2446243.95654 0.8098
2446243.95898 0.8010
2446243.96118 0.8239
2446267.89526 0.8115
2446267.89673 0.7554
2446267.89819 0.7349
2446269.88330 0.7863
2446269.88477 0.7916
2446269.88647 0.7883
2446272.88623 0.7451
2446272.88794 0.7775
2446272.88989 0.7516
2446275.93335 0.7851
2446275.93604 0.7615
2446275.93848 0.8125
2446278.85278 0.7398
2446278.85425 0.7420
2446278.85571 0.7631
2446280.85547 0.7418
2446280.85693 0.7408
2446280.85840 0.7592
2446282.84644 0.7237
2446282.84814 0.6965
2446282.84985 0.7330
2446284.87305 0.6604
2446284.87476 0.6284
2446284.87622 0.6955
2446286.88965 0.7521
2446286.89160 0.7196
2446286.89355 0.7539
2446288.80078 0.6819
2446288.80298 0.6826
2446288.80518 0.6672
2446291.80005 0.7382
2446291.80127 0.7312
2446291.80225 0.7491
2446293.79175 0.7410
2446293.79370 0.7395
2446293.79590 0.7356
2446296.77441 0.8285
2446296.77588 0.7973
2446296.77734 0.8182
2446298.78491 0.7771
2446298.78662 0.7800
2446298.78833 0.7421
2446300.78687 0.7882
2446300.78857 0.7897
2446300.79053 0.8036
2446302.79321 0.7914
2446302.79443 0.8354
2446302.79565 0.7780
2446304.78223 0.7267
2446304.78394 0.7706
2446304.78564 0.7321
2446311.77319 0.7351
2446311.77612 0.7338
2446311.77930 0.7351
2446316.80396 0.7547
2446316.80615 0.7719
2446316.80835 0.7765
2446322.73730 0.7551
2446322.73950 0.7796
2446322.74170 0.7881
2446324.72656 0.7731
2446324.72852 0.7740
2446324.73047 0.8200
2446328.71289 0.7637
2446328.71558 0.7545
2446328.71802 0.7830
2446332.77759 0.7760
2446332.78076 0.7835
2446332.78369 0.7852
2446339.69849 0.6892
2446339.70044 0.7259
2446339.70239 0.7276
2446341.68530 0.7295
2446341.68701 0.7371
2446341.68848 0.7700
2446349.66064 0.7070
2446349.66284 0.7144
2446349.66479 0.6972
2446357.66846 0.8095
2446357.67065 0.8064
2446357.67310 0.7998
2446362.67505 0.7591
2446362.67651 0.7970
2446362.67822 0.7689
2446367.62891 0.7597
2446367.63062 0.7723
2446367.63281 0.7668
2446370.66333 0.7653
2446370.66650 0.7514
2446370.67017 0.7838
2446372.63330 0.7823
2446372.63452 0.7313
2446372.63599 0.7953
2446375.63916 0.7009
2446375.64136 0.7104
2446375.64331 0.7122
2446383.60474 0.7604
2446383.60767 0.7684
2446383.61084 0.7398
2446610.96021 0.7574
2446610.96216 0.7436
2446610.96411 0.7154
2446622.92261 0.7457
2446622.92676 0.7186
2446622.93066 0.7187
2446624.94336 0.7252
2446624.94824 0.7119
2446624.95288 0.7084
2446627.94067 0.7455
2446627.94507 0.7200
2446627.94922 0.7285
2446629.91919 0.7041
2446629.92212 0.7588
2446629.92578 0.7096
2446632.90601 0.6674
2446632.90991 0.7160
2446632.91357 0.6738
2446649.88989 0.7370
2446649.89380 0.6884
2446649.89746 0.7166
2446653.87915 0.7114
2446653.88330 0.6898
2446653.88721 0.7056
2446656.87305 0.7268
2446656.87671 0.7201
2446656.88062 0.7568
2446658.81177 0.7167
2446658.81543 0.7157
2446658.81909 0.6860
2446665.79370 0.7762
2446665.79614 0.7755
2446665.79883 0.7430
2446667.80493 0.7767
2446667.81128 0.7870
2446667.81543 0.7815
2446670.76245 0.8108
2446670.76587 0.8004
2446670.77002 0.7317
2446670.77417 0.7842
2446672.78076 0.7882
2446672.78809 0.7484
2446672.79297 0.7511
2446677.77612 0.7686
2446677.77979 0.8142
2446677.78369 0.7368
2446681.78174 0.7162
2446681.78491 0.7217
2446681.78784 0.7242
2446684.75952 0.7057
2446684.76270 0.6805
2446684.76587 0.6865
2446688.72705 0.7642
2446688.73022 0.7991
2446688.73340 0.7655
2446691.72827 0.7702
2446691.73145 0.7609
2446691.73462 0.7014
2446708.69312 0.7633
2446708.69604 0.7305
2446708.69922 0.6995
2446722.63135 0.7055
2446722.63623 0.7436
2446722.64136 0.7571
2446726.65918 0.7865
2446726.66284 0.7897
2446726.66748 0.8205
2446733.63062 0.6915
2446733.63452 0.6520
2446733.63794 0.6917
2446740.59595 0.7334
2446740.59912 0.7534
2446740.60278 0.7038
2446746.59399 0.7625
2446746.59766 0.7682
2446746.60107 0.7568
2446748.59082 0.7300
2446748.59448 0.7920
2446748.59863 0.7045
2446989.94409 0.6354
2446989.94897 0.6868
2446989.95410 0.6658
2446996.94238 0.6856
2446996.94727 0.7141
2446996.95190 0.7540
2447004.92920 0.7425
2447004.93188 0.7695
2447004.93506 0.7179
2447008.85010 0.7588
2447008.85229 0.7679
2447008.85400 0.8142
2447008.85962 0.7746
2447008.86157 0.8107
2447008.86377 0.7705
2447008.86572 0.7971
2447008.86768 0.8241
2447008.86987 0.7452
2447034.87744 0.7016
2447034.87891 0.7391
2447034.88062 0.7091
2447036.88208 0.7616
2447036.88403 0.7410
2447036.88574 0.7551
2447038.77734 0.9796
2447038.77856 0.9349
2447038.78003 0.9241
2447040.78271 0.5667
2447040.78442 0.6624
2447040.78589 0.7365
2447043.75854 0.6473
2447043.76074 0.6593
2447043.76294 0.6354
2447045.75757 0.5712
2447045.75928 0.5772
2447045.76123 0.5766
2447047.75537 0.6526
2447047.75684 0.6045
2447047.75806 0.6214
2447050.76245 0.5760
2447050.76489 0.5667
2447050.76709 0.5674
2447053.76489 0.6966
2447053.76611 0.6542
2447053.76733 0.6581
2447055.75293 0.6572
2447055.75415 0.7224
2447055.75537 0.6925
2447060.70605 0.7105
2447060.70776 0.7725
2447060.70898 0.8129
2447060.71045 0.7714
2447060.71216 0.7649
2447060.71362 0.7457
2447067.74829 0.7814
2447067.74976 0.7897
2447067.75146 0.7312
2447070.67383 0.6651
2447070.67529 0.7043
2447070.67700 0.6565
2447072.72632 0.6293
2447072.72803 0.6192
2447072.72998 0.6221
2447074.68701 0.6118
2447074.68872 0.5934
2447074.69019 0.6377
2447077.72192 0.5807
2447077.72363 0.6241
2447077.72559 0.5807
2447079.71143 0.5883
2447079.71387 0.5661
2447079.71631 0.5790
2447083.70020 0.6555
2447083.70215 0.6395
2447083.70459 0.5841
2447085.68701 0.6208
2447085.68970 0.6410
2447085.69238 0.6158
2447087.63989 0.6593
2447087.64136 0.6591
2447087.64307 0.6570
2447109.63477 0.6002
2447109.63599 0.6137
2447109.63794 0.5406
2447113.60962 0.6485
2447113.61255 0.6172
2447113.61670 0.6535
2447115.60010 0.6683
2447115.60132 0.6856
2447115.60254 0.7109
2447118.59424 0.6203
2447118.59595 0.6419
2447118.59766 0.6184
2447120.59863 0.7348
2447120.60034 0.7040
2447120.60229 0.7171
2447122.60303 0.6343
2447122.60522 0.6314
2447122.60669 0.6793
2447347.94824 0.6708
2447347.94995 0.6678
2447347.95166 0.7139
2447347.95361 0.6824
2447348.93970 0.6635
2447348.94238 0.6846
2447348.94507 0.7126
2447348.95093 0.7160
2447348.95361 0.7350
2447356.94702 0.6742
2447356.94897 0.6248
2447356.95093 0.6348
2447359.92480 0.5865
2447359.92700 0.5197
2447359.92969 0.5095
2447361.92725 0.5815
2447361.92969 0.5585
2447361.93188 0.6033
2447366.91553 0.6035
2447366.91797 0.5761
2447366.91992 0.5687
2447369.90405 0.6430
2447369.90601 0.6618
2447369.90845 0.6171
2447371.90918 0.6344
2447371.91162 0.6162
2447371.91406 0.6378
2447373.90771 0.6381
2447373.91089 0.6226
2447373.91626 0.6345
2447375.90381 0.6168
2447375.90698 0.5900
2447375.91016 0.5852
2447382.93628 0.6519
2447382.93970 0.6739
2447382.94385 0.6394
2447384.89209 0.6424
2447384.89673 0.6517
2447384.90063 0.6641
2447387.86450 0.5252
2447387.86719 0.5416
2447387.86890 0.6185
2447392.86548 0.5612
2447392.86841 0.5489
2447392.87183 0.5037
2447394.86499 0.6043
2447394.86792 0.5922
2447394.87134 0.5777
2447396.78467 0.6238
2447396.78809 0.6151
2447396.79028 0.6074
2447402.78833 0.6270
2447402.79102 0.6402
2447402.79419 0.6085
2447405.79126 0.5930
2447405.79395 0.6079
2447405.79663 0.5843
2447411.80542 0.6486
2447411.81128 0.6540
2447411.81738 0.6138
2447411.82300 0.6420
2447413.79688 0.6570
2447413.80273 0.5843
2447413.80737 0.6110
2447419.74829 0.5496
2447419.75220 0.5649
2447419.75586 0.5716
2447422.73608 0.5974
2447422.73926 0.5810
2447422.74146 0.6213
2447428.72461 0.6384
2447428.72681 0.6384
2447428.72949 0.6056
2447434.72632 0.6221
2447434.72925 0.6248
2447434.73218 0.6445
2447446.64038 0.6286
2447446.64111 0.5991
2447446.64185 0.6077
2447450.63574 0.6813
2447450.63940 0.6911
2447450.64258 0.7050
2447452.68018 0.5985
2447452.68115 0.6380
2447452.68237 0.6130
2447452.68750 0.6626
2447452.69043 0.6414
2447452.69336 0.6659
2447454.67603 0.6560
2447454.67847 0.6427
2447454.68115 0.6608
2447456.64331 0.6190
2447456.64673 0.5637
2447456.65015 0.5734
2447459.64917 0.5815
2447459.65283 0.5701
2447459.65649 0.5525
2447461.62598 0.5601
2447461.62964 0.5582
2447461.63281 0.5945
2447465.66162 0.6606
2447465.66455 0.6320
2447465.66748 0.6486
2447467.63721 0.6003
2447467.64111 0.5904
2447467.64551 0.6346
2447688.97656 0.7821
2447688.97949 0.8070
2447688.98291 0.7996
2447715.95581 0.7473
2447715.95801 0.7827
2447715.96021 0.7595
2447720.91870 0.7143
2447720.92041 0.7115
2447720.92236 0.6816
2447722.93042 0.6959
2447722.93262 0.7024
2447722.93433 0.7135
2447725.91113 0.7609
2447725.91333 0.7535
2447725.91528 0.7478
2447728.89624 0.8361
2447728.89819 0.8256
2447728.90015 0.8423
2447740.88379 0.8203
2447740.88574 0.8231
2447740.88770 0.7912
2447747.84033 0.7210
2447747.84253 0.7162
2447747.84473 0.7137
2447751.86841 0.7652
2447751.87061 0.7480
2447751.87280 0.7197
2447756.80396 0.8130
2447756.80591 0.8127
2447756.80786 0.8081
2447771.78833 0.7554
2447771.79028 0.7653
2447771.79224 0.7514
2447777.71851 0.7024
2447777.72095 0.7193
2447777.72314 0.7017
2447779.74731 0.7297
2447779.74927 0.7366
2447779.75146 0.7321
2447781.71118 0.7942
2447781.71289 0.7295
2447781.71460 0.7932
2447790.72217 0.8258
2447790.72437 0.8121
2447790.72656 0.7834
2447803.71411 0.7289
2447803.71655 0.7441
2447803.71875 0.7195
2447808.70020 0.6761
2447808.70239 0.7162
2447808.70483 0.6994
2447833.59424 0.6397
2447833.59692 0.6435
2447833.59863 0.7358
2448068.94189 0.6781
2448068.94458 0.6840
2448068.94727 0.6585
2448070.92529 0.7494
2448070.92773 0.7749
2448070.93018 0.7261
2448075.92969 0.7538
2448075.93335 0.6941
2448075.93652 0.7440
2448088.91992 0.7583
2448088.92383 0.7582
2448088.92749 0.7472
2448091.89600 0.6812
2448091.89917 0.6807
2448091.90234 0.7071
2448096.90820 0.6864
2448096.91113 0.7007
2448096.91406 0.7124
2448098.90479 0.7184
2448098.90723 0.7051
2448098.91016 0.6986
2448100.89746 0.7389
2448100.90039 0.6820
2448100.90283 0.6939
2448103.87744 0.6996
2448103.88086 0.6916
2448103.88379 0.6974
2448104.87451 0.6517
2448104.87793 0.7118
2448104.88135 0.7007
2448106.86523 0.6589
2448106.86865 0.6675
2448106.87158 0.6720
2448121.79688 0.7368
2448121.80029 0.7745
2448121.80371 0.7273
2448126.79199 0.7019
2448126.79541 0.7407
2448126.79834 0.7255
2448128.77881 0.7913
2448128.78271 0.7679
2448128.78662 0.7530
2448131.78857 0.7230
2448131.79248 0.7414
2448131.79639 0.6971
2448133.78516 0.7140
2448133.78857 0.6949
2448133.79199 0.7110
2448135.76855 0.7220
2448135.77148 0.7365
2448135.77490 0.6944
2448137.77002 0.7158
2448137.77246 0.7577
2448137.77539 0.7485
2448148.73145 0.7332
2448148.73438 0.7522
2448148.73682 0.7239
2448152.73584 0.7119
2448152.73926 0.7465
2448152.74268 0.7364
2448157.72363 0.8219
2448157.72705 0.8147
2448157.72949 0.8190
2448159.70459 0.7870
2448159.70703 0.7531
2448159.70947 0.7489
2448162.70361 0.7812
2448162.70703 0.7756
2448162.71045 0.7353
2448165.73633 0.7264
2448165.73975 0.7053
2448165.74268 0.7080
2448186.62744 0.7307
2448186.63037 0.7340
2448186.63330 0.7209
2448192.65771 0.6613
2448192.66260 0.6664
2448192.66699 0.6918
2448195.61377 0.7067
2448195.61719 0.6829
2448195.62109 0.6676
2448210.59277 0.7428
2448210.59619 0.7213
2448210.59961 0.7291
2448420.96094 0.7612
2448420.96436 0.7695
2448420.96777 0.7673
2448422.95801 0.7611
2448422.96191 0.7570
2448422.96582 0.7531
2448431.96191 0.7444
2448431.96729 0.7705
2448431.97217 0.7280
2448450.92920 0.6678
2448450.93262 0.7020
2448450.93604 0.6978
2448452.92432 0.7475
2448452.92920 0.7508
2448452.93457 0.7539
2448458.90088 0.8048
2448458.90479 0.8020
2448458.90869 0.7824
2448460.91260 0.7356
2448460.91602 0.7729
2448460.91992 0.7913
2448462.91357 0.6713
2448462.91846 0.6563
2448462.92188 0.7670
2448462.92773 0.7082
2448462.93164 0.6692
2448462.93555 0.6730
2448464.89404 0.6894
2448464.89844 0.6971
2448464.90283 0.6510
2448466.86719 0.6937
2448466.87061 0.7502
2448466.87451 0.7008
2448486.80322 0.7137
2448486.80713 0.6755
2448486.81104 0.7283
2448488.79443 0.6955
2448488.79883 0.6747
2448488.80322 0.6871
2448490.76514 0.7201
2448490.76904 0.7142
2448490.77344 0.7069
2448492.76318 0.6843
2448492.76709 0.6867
2448492.77148 0.6973
2448494.76709 0.7078
2448494.77148 0.7176
2448494.77539 0.7335
2448496.77881 0.6578
2448496.78320 0.6813
2448496.78760 0.6556
2448498.76660 0.6579
2448498.77100 0.6653
2448498.77539 0.6568
2448500.79053 0.6725
2448500.79443 0.6894
2448500.79883 0.6641
2448785.88086 0.7503
2448785.88281 0.7552
2448785.88525 0.7428
2448792.93799 0.7783
2448792.94043 0.7659
2448792.94287 0.7555
2448795.92529 0.7545
2448795.92725 0.7601
2448795.92969 0.7665
2448799.93848 0.7983
2448799.93994 0.8007
2448799.94092 0.7922
2448826.86230 0.7277
2448826.86475 0.6979
2448826.86719 0.7284
2448831.90527 0.6594
2448831.90771 0.7130
2448831.91016 0.6729
2448833.90918 0.7164
2448833.91113 0.7509
2448833.91357 0.7444
2448835.90137 0.6936
2448835.90381 0.6771
2448835.90674 0.6730
2448837.89014 0.6706
2448837.89258 0.6903
2448837.89551 0.6663
2448839.89551 0.6739
2448839.89844 0.6573
2448839.90137 0.6534
2448842.84277 0.6960
2448842.84521 0.6754
2448842.84717 0.6604
2448844.82861 0.6624
2448844.83057 0.6603
2448844.83301 0.6835
2448846.83691 0.6585
2448846.83936 0.6126
2448846.84131 0.6646
2448849.86230 0.6728
2448849.86523 0.6522
2448849.86768 0.6549
2448851.84619 0.6783
2448851.84814 0.6495
2448851.85059 0.6728
2448853.81494 0.7128
2448853.81738 0.6898
2448853.81982 0.7207
2448855.80420 0.6998
2448855.80615 0.7300
2448855.80859 0.7001
2448857.82275 0.7537
2448857.82617 0.6874
2448857.82910 0.6768
2448859.82324 0.6909
2448859.82666 0.6852
2448859.83008 0.6757
2448862.80176 0.6854
2448862.80469 0.6655
2448862.80811 0.6777
2448869.80762 0.6808
2448869.81152 0.7145
2448869.81494 0.6904
2448871.78418 0.7163
2448871.78711 0.6725
2448871.78955 0.6999
2448874.73779 0.7101
2448874.73975 0.7130
2448874.74219 0.7199
2448876.80127 0.7131
2448876.80420 0.6352
2448876.80713 0.6648
2448879.77588 0.6367
2448879.77881 0.6214
2448879.78174 0.6403
2448885.76611 0.6843
2448885.76904 0.6983
2448885.77197 0.6944
2448887.73975 0.6883
2448887.74268 0.6619
2448887.74561 0.6476
2448891.72314 0.6600
2448891.72607 0.6463
2448891.72900 0.6584
2448893.71631 0.6264
2448893.71924 0.6440
2448893.72168 0.6315
2448896.71973 0.6595
2448896.72217 0.6387
2448896.72461 0.6754
2448899.70703 0.6738
2448899.70996 0.6775
2448899.71240 0.6537
2448903.70801 0.6834
2448903.71045 0.6321
2448903.71289 0.6252
2448905.70654 0.6781
2448905.70898 0.6896
2448905.71191 0.7106
2448908.72266 0.6638
2448908.72559 0.6071
2448908.72852 0.6235
2448912.70410 0.7225
2448912.70752 0.6957
2448912.71094 0.6557
2448916.70312 0.6004
2448916.70703 0.5661
2448916.71045 0.5811
2449204.86816 0.6313
2449204.87305 0.6227
2449204.87744 0.6316
2449206.87793 0.6369
2449206.88330 0.5607
2449206.88965 0.6314
2449209.85889 0.6634
2449209.86377 0.5981
2449209.86914 0.7173
2449215.83887 0.7234
2449215.84375 0.7081
2449215.84863 0.6914
2449218.87500 0.6511
2449218.88232 0.5995
2449218.88965 0.5769
2449220.80713 0.7354
2449220.81250 0.7227
2449220.81836 0.6963
2449222.83203 0.7743
2449222.83740 0.7414
2449222.84229 0.8430
2449225.84033 0.7416
2449225.84814 0.7410
2449225.85645 0.7554
2449228.82617 0.6553
2449228.83203 0.6788
2449228.83789 0.6243
2449234.76611 0.6151
2449234.77148 0.6272
2449234.77734 0.6186
2449236.79932 0.5750
2449236.80469 0.5640
2449236.81104 0.5660
2449239.78955 0.5744
2449239.79395 0.5340
2449239.79834 0.5656
2449242.76074 0.5733
2449242.76562 0.6104
2449242.77051 0.5706
2449245.78760 0.6172
2449245.79346 0.6108
2449245.79932 0.6419
2449251.75244 0.7359
2449251.75684 0.7533
2449251.76123 0.7335
2449255.68115 0.7944
2449255.68604 0.7792
2449255.69092 0.7669
2449257.70605 0.7823
2449257.71045 0.7491
2449257.71533 0.7752
2449259.69336 0.7156
2449259.69775 0.7003
2449259.70264 0.6800
2449261.65479 0.6489
2449261.65967 0.6510
2449261.66504 0.6225
2449264.67285 0.6410
2449264.67725 0.6293
2449264.68213 0.6366
2449266.70361 0.5808
2449266.70898 0.5971
2449266.71436 0.5935
2449270.67529 0.5933
2449270.67920 0.5968
2449270.68408 0.6101
2449281.65771 0.6518
2449281.66016 0.7196
2449281.66260 0.6683
2449285.62891 0.6598
2449285.63232 0.6766
2449285.63574 0.6709
2449294.60400 0.6492
2449294.60791 0.6707
2449294.61230 0.6285
2449297.62695 0.6367
2449297.62891 0.5963
2449297.63037 0.6289
2449521.98535 0.7471
2449521.98877 0.7894
2449521.99219 0.7633
2449525.94971 0.7187
2449525.95312 0.7246
2449525.95654 0.7054
2449527.94141 0.6914
2449527.94482 0.7197
2449527.94824 0.7145
2449529.93262 0.6968
2449529.93604 0.7057
2449529.93945 0.7067
2449531.94971 0.6642
2449531.95312 0.6638
2449531.95703 0.7090
2449533.95215 0.7303
2449533.95557 0.6707
2449533.95898 0.6769
2449535.91943 0.7385
2449535.92334 0.7049
2449535.92676 0.7173
2449537.93311 0.7152
2449537.93701 0.7472
2449537.94043 0.7293
2449541.89209 0.7480
2449541.89307 0.7704
2449541.89453 0.7999
2449548.90527 0.7557
2449548.90674 0.7778
2449548.90820 0.6935
2449550.86963 0.7257
2449550.87305 0.7434
2449550.87646 0.7518
2449552.87305 0.7690
2449552.87646 0.7669
2449552.87988 0.7338
2449555.90137 0.6552
2449555.90332 0.6470
2449555.90479 0.6991
2449558.86279 0.7103
2449558.86621 0.6860
2449558.87012 0.6531
2449560.88770 0.6972
2449560.89111 0.6763
2449560.89502 0.6720
2449562.81055 0.6922
2449562.81445 0.6964
2449562.81787 0.7268
2449564.80322 0.7044
2449564.80713 0.7068
2449564.81055 0.7093
2449566.80713 0.7440
2449566.81055 0.7395
2449566.81396 0.7286
2449568.80518 0.7645
2449568.80859 0.7872
2449568.81250 0.7760
2449572.86279 0.7916
2449572.86475 0.8238
2449572.86719 0.8428
2449575.84375 0.8869
2449575.84521 0.9040
2449575.84619 0.8744
2449578.79492 0.7922
2449578.79639 0.8066
2449578.79834 0.7875
2449580.83154 0.6948
2449580.83301 0.6539
2449580.83398 0.7305
2449584.78809 0.7881
2449584.79004 0.8181
2449584.79150 0.8023
2449586.76807 0.6822
2449586.77051 0.7136
2449586.77246 0.6519
2449589.74756 0.7267
2449589.74854 0.6563
2449589.74951 0.6569
2449597.75098 0.8214
2449597.75244 0.7654
2449597.75391 0.7905
2449599.72705 0.7212
2449599.72900 0.7850
2449599.73145 0.7975
2449603.70654 0.7700
2449603.70752 0.7821
2449603.70898 0.7794
2449606.75635 0.7185
2449606.75928 0.7225
2449606.76172 0.7423
2449609.71045 0.7258
2449609.71240 0.7491
2449609.71436 0.6907
2449611.70264 0.7812
2449611.70410 0.7213
2449611.70605 0.7327
2449615.68213 0.8261
2449615.68359 0.7526
2449615.68506 0.8132
2449617.69385 0.7030
2449617.69531 0.7751
2449617.69678 0.6727
2449621.63379 0.7261
2449621.63623 0.6807
2449621.63867 0.7225
2449632.63232 0.6995
2449632.63477 0.7460
2449632.63721 0.7657
2449635.69238 0.7344
2449635.69434 0.7508
2449635.69678 0.7527
2449642.66016 0.7923
2449642.66211 0.8076
2449642.66406 0.7976
2449644.67334 0.7372
2449644.67529 0.7129
2449644.67676 0.8203
2449647.62939 0.6779
2449647.63135 0.7390
2449647.63281 0.7580
2449670.60498 0.7449
2449670.60693 0.7368
2449670.60938 0.6777
