45167.87805 0.8836
45167.87903 0.8598
45167.88098 0.8839
47815.67358 1.6308
47815.67505 1.6166
47815.67651 1.5719
47815.67798 1.5840
47815.67969 1.5835
47815.68115 1.5752
47816.61304 1.4164
47816.61426 1.4511
47816.61548 1.4324
47817.61377 1.5158
47817.61499 1.5049
47817.61621 1.4949
47818.61328 1.7498
47818.61426 1.7745
47818.61548 1.8043
47819.63916 1.4752
47819.64038 1.5142
47819.64160 1.5304
48757.94580 0.7710
48757.94727 0.7838
48757.94922 0.8175
48760.94043 1.6402
48760.94238 1.6668
48760.94434 1.6497
48761.94043 1.8571
48761.94287 1.8902
48761.94482 1.8782
48773.94092 1.6387
48773.94238 1.6723
48773.94385 1.6962
48775.94092 1.6232
48775.94238 1.6686
48775.94385 1.6636
48776.94092 1.5408
48776.94238 1.5035
48776.94385 1.5324
48777.94043 1.5737
48777.94189 1.5871
48777.94385 1.5892
48778.93506 1.8535
48778.93701 1.8193
48778.93848 1.8412
48781.90527 1.6776
48781.90625 1.7276
48781.90771 1.6973
48783.89648 1.5849
48783.89795 1.5699
48783.89893 1.6556
48785.86475 1.6986
48785.86670 1.7129
48785.86768 1.7140
48786.89990 1.6761
48786.90137 1.6307
48786.90283 1.6605
48787.88379 2.1293
48787.88525 2.1617
48787.88672 2.1600
48788.87988 1.6809
48788.88135 1.6791
48788.88232 1.6857
48789.89893 1.4822
48789.90088 1.5482
48789.90283 1.5371
48790.90039 1.6898
48790.90137 1.6802
48790.90283 1.6773
48872.87158 1.5437
48872.87256 1.5402
48872.87402 1.4914
48878.77490 1.4186
48878.77588 1.4657
48878.77734 1.4179
48885.78271 1.5194
48885.78418 1.5102
48885.78564 1.5392
48888.76855 1.4772
48888.77002 1.5106
48888.77148 1.5115
