44478.74799 0.1654
44478.74899 0.1685
45491.96600 0.3350
45491.96700 0.3408
45491.96800 0.3359
45495.94900 0.3315
45495.95000 0.3345
45495.95100 0.3326
45500.94000 0.3322
45500.94100 0.3497
45500.94300 0.3473
45503.92800 0.3352
45503.92800 0.3384
45503.92900 0.3360
45506.94900 0.3352
45506.95000 0.3388
45506.95100 0.3437
45509.92000 0.3274
45509.92100 0.3440
45509.92200 0.3288
45513.94500 0.3380
45513.94600 0.3380
45513.94700 0.3393
45521.96200 0.3341
45521.96200 0.3342
45521.96300 0.3236
45526.88100 0.3463
45526.88200 0.3421
45526.88200 0.3330
45532.88900 0.3326
45532.89000 0.3421
45532.89000 0.3400
45536.86100 0.3399
45536.86100 0.3407
45536.86200 0.3310
45541.90800 0.3529
45541.90800 0.3394
45541.90900 0.3515
45548.83600 0.3498
45548.83700 0.3312
45548.83800 0.3410
45552.75800 0.3351
45552.75900 0.3478
45552.76000 0.3441
45558.74700 0.3398
45558.74800 0.3474
45558.74900 0.3434
45568.82500 0.3479
45568.82600 0.3424
45568.82700 0.3355
45574.83900 0.3493
45574.84000 0.3568
45574.84000 0.3477
45581.70200 0.3368
45581.70300 0.3462
45581.70300 0.3365
45584.73300 0.3396
45584.73300 0.3264
45584.73400 0.3422
45591.72000 0.3305
45591.72100 0.3409
45591.72200 0.3444
45620.76300 0.3766
45620.76700 0.3932
45620.76900 0.3794
45982.73425 0.3458
45982.73560 0.3414
45982.73682 0.3353
45989.76514 0.3435
45989.76782 0.3350
45989.77087 0.3345
46006.66907 0.3503
46006.67017 0.3482
46006.67126 0.3520
46170.01709 0.3366
46170.01904 0.3361
46170.02100 0.3428
46186.98535 0.3379
46186.98730 0.3387
46186.98901 0.3462
46199.99414 0.3312
46199.99585 0.3365
46199.99756 0.3281
46215.96240 0.3384
46215.96533 0.3394
46215.96826 0.3350
46222.96753 0.3237
46222.96973 0.3387
46222.97168 0.3361
46230.94263 0.3324
46230.94604 0.3418
46230.94946 0.3418
46238.82764 0.3334
46238.82837 0.3403
46238.82935 0.3329
46249.97363 0.3451
46249.97510 0.3522
46249.97705 0.3486
46269.91724 0.3356
46269.91797 0.3271
46269.91895 0.3292
46278.81909 0.3248
46278.81982 0.3312
46278.82056 0.3240
46284.88647 0.3358
46284.88721 0.3351
46284.88794 0.3317
46288.81226 0.3206
46288.81274 0.3335
46288.81348 0.3194
46292.86914 0.3369
46292.86987 0.3287
46292.87061 0.3332
46296.79492 0.3369
46296.79590 0.3355
46296.79688 0.3354
46302.80420 0.3316
46302.80493 0.3270
46302.80542 0.3339
46311.80005 0.3330
46311.80103 0.3392
46311.80200 0.3439
46321.73682 0.3326
46321.73730 0.3377
46321.73804 0.3369
46331.76318 0.3273
46331.76392 0.3255
46331.76489 0.3252
46338.75366 0.3302
46338.75439 0.3353
46338.75488 0.3247
46349.67310 0.3342
46349.67407 0.3291
46349.67480 0.3291
46365.67993 0.3259
46365.68066 0.3338
46365.68140 0.3222
46372.64111 0.3230
46372.64209 0.3307
46372.64282 0.3307
46385.62988 0.3289
46385.63086 0.3369
46385.63159 0.3259
46397.64258 0.3359
46397.64331 0.3402
46397.64429 0.3370
46610.99512 0.3363
46610.99585 0.3397
46610.99683 0.3283
46618.97412 0.3400
46618.97510 0.3345
46618.97583 0.3393
46625.93677 0.3319
46625.93750 0.3274
46625.93823 0.3376
46631.94849 0.3367
46631.94922 0.3220
46631.94971 0.3384
46654.87378 0.3267
46654.87476 0.3294
46654.87573 0.3310
46661.87720 0.3401
46661.87866 0.3326
46661.87964 0.3305
46672.82056 0.3251
46672.82178 0.3389
46672.82275 0.3422
46679.81323 0.3364
46679.81396 0.3411
46679.81470 0.3461
46687.75562 0.3440
46687.75659 0.3363
46687.75781 0.3239
46710.69971 0.3423
46710.70044 0.3389
46710.70142 0.3335
46718.68848 0.3327
46718.68945 0.3371
46718.69043 0.3326
46738.61987 0.3312
46738.62061 0.3435
46738.62134 0.3377
46745.59155 0.3217
46745.59253 0.3449
46745.59351 0.3280
46957.95752 0.3369
46957.95923 0.3285
46957.96094 0.3407
47031.79443 0.3253
47031.79590 0.3259
47031.79712 0.3245
47112.67358 0.3306
47112.67432 0.3326
47112.67554 0.3309
47360.89917 0.3318
47360.90039 0.3319
47360.90161 0.3357
47427.73560 0.3260
47427.73682 0.3325
47427.73804 0.3368
47481.61743 0.3414
47481.61865 0.3416
47481.61987 0.3382
47718.97290 0.3427
47718.97388 0.3422
47718.97485 0.3437
47727.95654 0.3478
47727.95776 0.3501
47727.95874 0.3483
47737.88989 0.3513
47737.89087 0.3543
47737.89185 0.3504
47747.87793 0.3576
47747.87915 0.3535
47747.88037 0.3517
47758.80786 0.3475
47758.80884 0.3497
47758.81006 0.3489
47775.77783 0.3477
47775.77930 0.3501
47775.78052 0.3484
47791.71436 0.3483
47791.71509 0.3491
47791.71606 0.3406
47807.69116 0.3512
47807.69214 0.3516
47807.69312 0.3479
47817.65161 0.3452
47817.65259 0.3529
47817.65356 0.3488
47836.60840 0.3503
47836.60962 0.3539
47836.61084 0.3545
