45164.89795 0.1031
45164.89905 0.1011
45164.90002 0.1016
46597.96118 0.2322
46597.96191 0.2351
46597.96265 0.2311
46662.78247 0.2345
46662.78320 0.2302
46662.78442 0.2303
46724.66138 0.2362
46724.66211 0.2353
46724.66309 0.2345
46759.65430 0.2386
46759.65503 0.2312
46759.65576 0.2338
46986.96924 0.2362
46986.97021 0.2314
46986.97119 0.2350
46996.97632 0.2309
46996.97729 0.2337
46996.97827 0.2332
47006.94116 0.2383
47006.94165 0.2414
47006.94263 0.2418
47012.89551 0.2248
47012.89648 0.2193
47012.89746 0.2158
47035.84717 0.2333
47035.84790 0.2383
47035.84888 0.2352
47039.75732 0.2330
47039.75830 0.2326
47039.75903 0.2326
47045.78833 0.2419
47045.78906 0.2304
47045.79004 0.2282
47054.74438 0.2277
47054.74536 0.2358
47054.74658 0.2322
47067.80249 0.2269
47067.80347 0.2354
47067.80420 0.2367
47074.73169 0.2275
47074.73267 0.2277
47074.73340 0.2309
47085.72534 0.2302
47085.72632 0.2344
47085.72729 0.2366
47114.62964 0.2338
47114.63062 0.2374
47114.63159 0.2344
47122.63110 0.2323
47122.63208 0.2326
47122.63306 0.2283
47128.64282 0.2363
47128.64380 0.2335
47128.64453 0.2345
47346.95020 0.2315
47346.95117 0.2330
47346.95215 0.2324
47358.96753 0.2351
47358.96851 0.2264
47358.96973 0.2252
47366.95898 0.2286
47366.95996 0.2269
47366.96094 0.2246
47372.95313 0.2270
47372.95435 0.2290
47372.95532 0.2262
47379.90625 0.2328
47379.90747 0.2368
47379.90869 0.2317
47386.87012 0.2276
47386.87134 0.2285
47386.87231 0.2312
47393.89575 0.2324
47393.89673 0.2287
47393.89795 0.2315
47420.75073 0.2307
47420.75195 0.2375
47420.75342 0.2331
47431.74609 0.2280
47431.74731 0.2356
47431.74878 0.2313
47447.70557 0.2383
47447.70654 0.2374
47447.70776 0.2400
47455.70190 0.2305
47455.70313 0.2335
47455.70435 0.2317
47723.97168 0.2356
47723.97290 0.2377
47723.97388 0.2369
47737.92969 0.2383
47737.93042 0.2444
47737.93115 0.2433
47742.89722 0.2395
47742.89844 0.2434
47742.89966 0.2422
47752.89673 0.2366
47752.89771 0.2400
47752.89893 0.2406
47761.82471 0.2420
47761.82568 0.2409
47761.82690 0.2425
47775.79639 0.2374
47775.79761 0.2390
47775.79883 0.2385
47805.71802 0.2394
47805.71924 0.2398
47805.72021 0.2398
47816.68872 0.2402
47816.68994 0.2421
47816.69116 0.2421
47835.62207 0.2398
47835.62305 0.2409
47835.62402 0.2385
47844.61646 0.2429
47844.61768 0.2441
47844.61865 0.2385
48080.97021 0.2461
48080.97095 0.2454
48080.97192 0.2456
48087.93091 0.2471
48087.93140 0.2448
48087.93213 0.2436
48095.94360 0.2412
48095.94507 0.2445
48095.94629 0.2434
48127.86572 0.2430
48127.86670 0.2412
48127.86816 0.2412
48158.76318 0.2436
48158.76416 0.2446
48158.76563 0.2432
48491.78809 0.2378
48491.78955 0.2416
48491.79150 0.2419
48842.90283 0.2407
48842.90430 0.2433
48842.90576 0.2431
48847.87939 0.2415
48847.88086 0.2428
48847.88232 0.2394
48855.90088 0.2473
48855.90283 0.2456
48855.90430 0.2451
48874.77100 0.2409
48874.77197 0.2392
48874.77344 0.2389
48884.77637 0.2411
48884.77734 0.2429
48884.77881 0.2382
48901.78662 0.2452
48901.78809 0.2517
48901.78955 0.2495
48910.73340 0.2486
48910.73438 0.2519
48910.73535 0.2505
48937.64307 0.2548
48937.64404 0.2509
48937.64551 0.2529
48945.63379 0.2528
48945.63477 0.2525
48945.63623 0.2551
48972.59375 0.2486
48972.59473 0.2534
48972.59570 0.2525
49239.83252 0.2426
49239.83398 0.2424
49239.83545 0.2424
49251.78711 0.2443
49251.78857 0.2444
49251.79004 0.2468
49266.75000 0.2413
49266.75146 0.2465
49266.75244 0.2455
49279.71826 0.2458
49279.71924 0.2442
49279.72070 0.2433
49576.83545 0.2510
49576.83691 0.2517
49576.83789 0.2527
49583.78174 0.2535
49583.78271 0.2531
49583.78418 0.2541
49587.78613 0.2551
49587.78760 0.2589
49587.78857 0.2551
49603.74805 0.2499
49603.74902 0.2528
49603.75049 0.2556
49605.75146 0.2555
49605.75244 0.2553
49605.75391 0.2550
49615.70508 0.2514
49615.70605 0.2550
49615.70752 0.2521
49620.69629 0.2466
49620.69727 0.2502
49620.69824 0.2483
49628.69385 0.2534
49628.69482 0.2538
49628.69580 0.2570
49633.66602 0.2576
49633.66748 0.2524
49633.66846 0.2532
49638.65869 0.2500
49638.65967 0.2505
49638.66113 0.2496
49641.65137 0.2522
49641.65283 0.2545
49641.65381 0.2533
49647.66455 0.2501
49647.66602 0.2530
49647.66699 0.2495
49651.63184 0.2569
49651.63330 0.2530
49651.63428 0.2512
49660.66162 0.2541
49660.66260 0.2578
49660.66406 0.2508
49675.63965 0.2551
49675.64111 0.2623
49675.64209 0.2900
