45175.92004 0.3266
45175.92004 0.3372
45175.92102 0.3387
45502.99000 0.7247
45502.99100 0.7408
45502.99200 0.7246
45505.95900 0.7479
45505.95900 0.7370
45505.96000 0.7312
45509.97200 0.7140
45509.97300 0.7270
45509.97400 0.7270
45512.97400 0.7303
45512.97600 0.7274
45512.97700 0.7267
45516.99600 0.7306
45516.99800 0.7263
45516.99800 0.7271
45521.96600 0.7312
45521.96700 0.7329
45521.96700 0.7447
45526.89900 0.7218
45526.90000 0.7311
45526.90000 0.7372
45532.92600 0.7259
45532.92700 0.7484
45532.92700 0.7420
45537.85700 0.7246
45537.85800 0.7284
45537.85900 0.7284
45542.90100 0.7308
45542.90100 0.7444
45542.90200 0.7212
45571.78800 0.7127
45571.79000 0.7188
45571.79100 0.7018
45575.76800 0.6941
45575.77000 0.7113
45575.77100 0.6880
45581.73500 0.6976
45581.73600 0.6810
45581.73700 0.6726
45584.75900 0.6916
45584.76000 0.6979
45584.76100 0.6966
45591.70200 0.7252
45591.70300 0.7353
45591.70500 0.6833
45837.97144 0.6263
45837.97217 0.6205
45837.97278 0.6234
45843.99902 0.6429
45843.99963 0.6499
45844.00037 0.6494
45844.98669 0.6447
45844.98730 0.6410
45844.98779 0.6607
45861.98376 0.6584
45861.98450 0.6651
45861.98523 0.6679
45867.97278 0.6565
45867.97339 0.6427
45867.97400 0.6680
45873.95557 0.6405
45873.95630 0.6448
45873.95691 0.6419
45881.96899 0.6563
45881.96973 0.6539
45881.97046 0.6655
45886.95178 0.6738
45886.95264 0.6567
45886.95361 0.6758
45892.93835 0.6434
45892.93896 0.6502
45892.93970 0.6554
45898.96436 0.6612
45898.96497 0.6842
45898.96558 0.6828
45908.93518 0.6841
45908.93604 0.6792
45908.93689 0.6732
45911.92383 0.6874
45911.92456 0.6809
45911.92542 0.6758
45917.82043 0.6474
45917.82129 0.6625
45917.82227 0.6522
45923.90344 0.6814
45923.90454 0.6849
45923.90564 0.6437
45929.90051 0.6693
45929.90125 0.6814
45929.90186 0.6623
45934.83179 0.6324
45934.83301 0.6180
45934.83435 0.6937
45940.92468 0.6112
45940.92566 0.6048
45940.92639 0.6320
45946.82434 0.6572
45946.82642 0.6790
45946.82874 0.6738
45951.78589 0.6929
45951.78662 0.6839
45951.78723 0.6951
45958.75342 0.7220
45958.75720 0.6818
45958.76062 0.6975
45963.85913 0.7000
45963.86121 0.7069
45963.86328 0.7029
45982.68713 0.7003
45982.68896 0.6855
45982.69067 0.7014
45989.68835 0.6920
45989.69128 0.6997
45989.69482 0.6988
45999.66943 0.7071
45999.67102 0.7031
45999.67249 0.7079
46006.61414 0.7111
46006.61475 0.7070
46006.61536 0.7232
46015.69531 0.7391
46015.69617 0.7292
46015.69702 0.7220
46022.72180 0.7276
46022.72290 0.7032
46022.72375 0.7095
46036.63171 0.6753
46036.63293 0.6811
46036.63416 0.6721
46049.61670 0.7008
46049.61938 0.6805
46049.62183 0.6928
46190.00830 0.6860
46190.00903 0.7009
46190.01025 0.6845
46204.97754 0.7293
46204.97827 0.7109
46204.97900 0.7278
46218.96167 0.7184
46218.96240 0.7303
46218.96313 0.7200
46230.99561 0.6905
46230.99658 0.7066
46230.99756 0.6994
46239.00098 0.7426
46239.00195 0.7483
46239.00244 0.7455
46272.91968 0.6753
46272.92090 0.6840
46272.92139 0.6788
46280.89331 0.7010
46280.89404 0.6857
46280.89453 0.6972
46285.93164 0.6563
46285.93286 0.6931
46285.93384 0.6765
46290.89990 0.7023
46290.90063 0.6947
46290.90137 0.6898
46294.87964 0.6956
46294.88037 0.6947
46294.88159 0.6856
46303.79810 0.7010
46303.79883 0.6903
46303.79932 0.6932
46323.78882 0.7088
46323.78979 0.7090
46323.79053 0.7108
46329.74536 0.6868
46329.74609 0.6923
46329.74683 0.6849
46331.78955 0.6979
46331.79028 0.6982
46331.79102 0.7004
46339.74292 0.6866
46339.74390 0.6935
46339.74463 0.6745
46349.75513 0.6873
46349.75586 0.6992
46349.75659 0.6919
46357.72754 0.6751
46357.72803 0.6801
46357.72876 0.6763
46364.77271 0.6929
46364.77368 0.6763
46364.77441 0.7024
46370.69067 0.6810
46370.69141 0.6847
46370.69214 0.6951
46375.68799 0.7009
46375.68872 0.6943
46375.68970 0.7031
46385.69629 0.7015
46385.69727 0.6944
46385.69824 0.6905
46396.62012 0.6783
46396.62085 0.6743
46396.62158 0.6793
46403.64648 0.6614
46403.64697 0.6584
46403.64771 0.6495
46409.62256 0.6780
46409.62354 0.6542
46409.62451 0.6534
46423.60327 0.6683
46423.60376 0.6915
46423.60449 0.6653
46631.98193 0.7581
46631.98267 0.7426
46631.98364 0.7374
46631.98438 0.7421
46655.91992 0.7526
46655.92090 0.7422
46655.92163 0.7569
46663.90527 0.7398
46663.90601 0.7426
46663.90674 0.7262
46672.85645 0.7200
46672.85742 0.7075
46672.85840 0.7078
46682.79907 0.7451
46682.80005 0.7319
46682.80078 0.7510
46689.80054 0.7726
46689.80151 0.7779
46689.80225 0.7645
46710.72046 0.7370
46710.72144 0.7577
46710.72217 0.7295
46718.76099 0.7340
46718.76196 0.7372
46718.76270 0.7434
46737.65454 0.7109
46737.65552 0.7183
46737.65649 0.7037
46744.64917 0.6874
46744.65015 0.6832
46744.65088 0.6902
46750.65161 0.7024
46750.65234 0.6954
46750.65332 0.6894
46766.58960 0.6867
46766.59009 0.6716
46766.59082 0.6824
46773.60889 0.6904
46773.60962 0.6871
46773.61035 0.6945
46780.58325 0.7078
46780.58423 0.7145
46780.58521 0.7084
46989.95874 0.7084
46989.95972 0.7140
46989.96045 0.7291
47054.77930 0.7126
47054.78027 0.7107
47054.78174 0.7068
47115.64600 0.6303
47115.64697 0.6555
47115.64795 0.6560
47391.94360 0.6915
47391.94458 0.6827
47391.94556 0.6834
47452.73950 0.6349
47452.74023 0.6429
47452.74121 0.6561
47517.60156 0.6501
47517.60254 0.6489
47517.60352 0.6505
47732.95483 0.7321
47732.95557 0.7359
47732.95679 0.7255
47743.90283 0.7539
47743.90356 0.7543
47743.90454 0.7473
47752.92920 0.7300
47752.92993 0.7362
47752.93091 0.7305
47777.73267 0.7212
47777.73364 0.7214
47777.73486 0.7153
47806.75122 0.7131
47806.75220 0.7056
47806.75317 0.7042
47819.68311 0.7125
47819.68433 0.7192
47819.68530 0.7203
47837.64331 0.7702
47837.64453 0.7622
47837.64575 0.7635
47847.59741 0.7408
47847.59839 0.7261
47847.59937 0.7416
48844.91455 0.7548
48844.91602 0.7547
48844.91748 0.7528
48852.87402 0.7602
48852.87549 0.7579
48852.87695 0.7621
48861.89160 0.7709
48861.89355 0.7662
48861.89502 0.7731
48874.80078 0.7202
48874.80176 0.7314
48874.80322 0.7258
48887.83154 0.7544
48887.83301 0.7344
48887.83496 0.7406
48902.76904 0.7624
48902.77051 0.7551
48902.77148 0.7615
48911.74463 0.7420
48911.74609 0.7569
48911.74707 0.7626
48939.64355 0.7633
48939.64502 0.7675
48939.64600 0.7667
48970.61963 0.7782
48970.62109 0.7723
48970.62256 0.7585
49238.84033 0.8244
49238.84180 0.8165
49238.84326 0.8196
49266.76172 0.7650
49266.76318 0.7622
49266.76416 0.7635
49281.71973 0.7451
49281.72119 0.7534
49281.72266 0.7380
49300.61182 0.7662
49300.61328 0.7811
49300.61426 0.7703
49576.84082 0.8114
49576.84180 0.8103
49576.84277 0.8185
49583.81250 0.7911
49583.81396 0.7854
49583.81494 0.7905
49603.77148 0.7992
49603.77246 0.8096
49603.77344 0.8185
49611.76318 0.8041
49611.76416 0.7926
49611.76562 0.7860
49616.73730 0.8063
49616.73828 0.8088
49616.73926 0.8093
49623.71582 0.8042
49623.71729 0.8107
49623.71826 0.8070
49627.69531 0.7891
49627.69629 0.7992
49627.69775 0.8045
49633.68896 0.8326
49633.68994 0.8334
49633.69141 0.8443
49639.67773 0.8452
49639.67920 0.8415
49639.68018 0.8466
49646.72363 0.8304
49646.72461 0.8136
49646.72607 0.8201
49675.65771 0.7977
49675.65918 0.8023
49675.66016 0.7978
49695.61328 0.7753
49695.61426 0.7776
49695.61523 0.7795
