2439786.80000 0.4013
2439787.80000 0.4145
2439789.80000 0.4122
2439816.80000 0.4041
2439817.80000 0.4075
2439832.80000 0.4125
2439834.80000 0.4160
2439835.80000 0.4027
2440105.80000 0.4492
2440106.80000 0.4260
2440107.80000 0.4185
2440139.80000 0.4200
2440140.80000 0.4287
2440167.80000 0.4118
2440168.80000 0.4247
2440169.80000 0.4307
2440170.80000 0.4187
2440199.80000 0.4258
2440201.80000 0.4007
2440202.80000 0.4173
2440252.80000 0.4258
2440253.80000 0.4040
2440254.80000 0.3918
2440255.80000 0.3821
2440454.80000 0.4115
2440455.80000 0.3809
2440495.80000 0.4079
2440497.80000 0.4276
2440498.80000 0.4172
2440499.80000 0.4005
2440519.80000 0.4014
2440520.80000 0.4046
2440557.80000 0.4228
2440558.80000 0.4285
2440570.80000 0.3990
2440572.80000 0.3763
2440573.80000 0.3963
2440610.80000 0.3944
2440611.80000 0.4088
2440612.80000 0.4123
2440613.80000 0.4086
2440811.80000 0.3942
2440843.80000 0.4501
2440844.80000 0.4373
2440845.80000 0.4113
2440881.80000 0.4119
2440910.80000 0.4087
2440911.80000 0.4140
2440912.80000 0.3960
2440935.80000 0.4111
2440960.80000 0.3884
2440961.80000 0.3894
2440962.80000 0.3896
2441199.80000 0.3972
2441201.80000 0.3998
2441202.80000 0.4097
2441249.80000 0.4156
2441250.80000 0.4104
2441262.80000 0.3955
2441263.80000 0.3838
2441264.80000 0.3875
2441285.80000 0.3888
2441286.80000 0.4023
2441314.80000 0.3933
2441349.80000 0.3824
2441554.80000 0.4275
2441589.80000 0.4198
2441590.80000 0.4251
2441591.80000 0.4318
2441614.80000 0.3996
2441615.80000 0.4164
2441618.80000 0.4164
2441641.80000 0.4191
2441642.80000 0.4271
2441643.80000 0.4176
2441644.80000 0.4249
2441669.80000 0.4114
2441671.80000 0.3936
2441702.80000 0.4043
2441703.80000 0.3893
2441704.80000 0.3885
2441911.80000 0.4391
2441942.80000 0.3884
2441943.80000 0.3729
2441944.80000 0.3803
2441945.80000 0.3835
2441959.80000 0.4060
2441960.80000 0.3926
2441961.80000 0.3795
2442015.80000 0.4173
2442016.80000 0.4288
2442046.80000 0.3932
2442061.80000 0.3666
2442085.80000 0.4152
2442086.80000 0.4132
2442087.80000 0.4004
2442282.80000 0.3777
2442283.80000 0.3594
2442284.80000 0.3526
2442285.80000 0.3631
2442329.80000 0.3638
2442330.80000 0.3706
2442331.80000 0.3686
2442349.80000 0.3796
2442380.80000 0.3464
2442382.80000 0.3380
2442431.80000 0.4112
2442432.80000 0.3735
2442438.80000 0.3493
2442440.80000 0.3875
2442646.80000 0.3677
2442647.80000 0.3622
2442675.80000 0.3805
2442676.80000 0.3609
2442678.80000 0.3669
2442702.80000 0.3652
2442703.80000 0.3646
2442731.80000 0.3537
2442732.80000 0.3388
2442763.80000 0.3399
2442764.80000 0.3474
2442765.80000 0.3476
2442792.80000 0.3181
2442793.80000 0.3378
2442794.80000 0.3477
2443024.80000 0.3607
2443060.80000 0.3632
2443061.80000 0.3738
2443062.80000 0.3728
2443063.80000 0.3642
2443110.80000 0.3387
2443111.80000 0.3352
2443112.80000 0.3463
2443113.80000 0.3385
2443146.80000 0.3320
2443172.80000 0.3337
2443173.80000 0.3227
2443174.80000 0.3105
2443175.80000 0.3140
2443176.80000 0.3318
2443414.80000 0.2852
2443477.80000 0.2878
2443479.80000 0.3180
2443481.80000 0.3427
2443742.80000 0.3342
2443743.80000 0.3436
2443780.80000 0.3540
2443805.80000 0.3523
2443824.80000 0.3796
2443892.80000 0.3659
2443902.80000 0.3719
2444172.80000 0.3737
2444190.80000 0.3816
2444200.80000 0.3614
2444201.80000 0.3495
2444202.80000 0.3499
2444204.80000 0.3721
2444205.80000 0.3652
2444206.80000 0.3872
2444207.80000 0.3690
2444208.80000 0.3668
2444224.80000 0.3718
2444260.80000 0.3454
2444426.98401 0.3389
2444426.98401 0.3530
2444429.97699 0.3454
2444429.97699 0.3550
2444430.97900 0.3499
2444430.98001 0.3614
2444430.98001 0.3418
2444432.98300 0.3502
2444432.98300 0.3490
2444432.98401 0.3408
2444441.97000 0.3555
2444441.97000 0.3476
2444441.97101 0.3686
2444442.99100 0.3605
2444442.99100 0.3629
2444442.99200 0.3562
2444443.98499 0.3531
2444443.98499 0.3581
2444443.98499 0.3631
2444444.98199 0.3535
2444444.98300 0.3603
2444444.98300 0.3567
2444445.98499 0.3608
2444445.98599 0.3594
2444445.98599 0.3484
2444446.97198 0.3664
2444446.97299 0.3472
2444446.97299 0.3538
2444447.97198 0.3610
2444447.97299 0.3513
2444447.97299 0.3598
2444448.95700 0.3617
2444448.95700 0.3670
2444448.95801 0.3665
2444449.97501 0.3553
2444449.97501 0.3637
2444449.97501 0.3685
2444451.96301 0.3650
2444451.96301 0.3510
2444451.96399 0.3505
2444452.95901 0.3660
2444452.95901 0.3577
2444452.95999 0.3614
2444453.95901 0.3672
2444453.95999 0.3615
2444453.95999 0.3625
2444458.96100 0.3445
2444458.96100 0.3746
2444458.96100 0.3665
2444460.94101 0.3584
2444460.94199 0.3584
2444460.94199 0.3589
2444461.99100 0.3530
2444461.99100 0.3631
2444461.99200 0.3525
2444462.97900 0.3592
2444462.97900 0.3613
2444462.98001 0.3472
2444463.98099 0.3592
2444463.98099 0.3604
2444463.98199 0.3669
2444464.97501 0.3610
2444464.97501 0.3682
2444464.97601 0.3633
2444467.93500 0.3617
2444467.93600 0.3601
2444467.93600 0.3716
2444468.98901 0.3619
2444468.98999 0.3556
2444468.98999 0.3545
2444469.92801 0.3498
2444469.92801 0.3429
2444469.92801 0.3478
2444472.95700 0.3633
2444472.95801 0.3444
2444472.95801 0.3516
2444473.97699 0.3501
2444473.97800 0.3520
2444473.97800 0.3522
2444474.93100 0.3564
2444474.93201 0.3592
2444474.93201 0.3594
2444475.96201 0.3676
2444475.96201 0.3577
2444475.96301 0.3629
2444478.92401 0.3398
2444478.92499 0.3460
2444478.92499 0.3418
2444479.95401 0.3541
2444479.95499 0.3501
2444479.95499 0.3575
2444480.91501 0.3527
2444480.91599 0.3574
2444480.91599 0.3508
2444481.92899 0.3502
2444481.92899 0.3377
2444481.92999 0.3613
2444482.94501 0.3509
2444482.94601 0.3352
2444482.94601 0.3475
2444482.94699 0.3487
2444482.94800 0.3416
2444482.94901 0.3391
2444484.92200 0.3594
2444484.92300 0.3569
2444484.92401 0.3550
2444485.91199 0.3455
2444485.91299 0.3583
2444485.91299 0.3519
2444486.91599 0.3564
2444486.91599 0.3554
2444486.91699 0.3584
2444487.91599 0.3433
2444487.91699 0.3449
2444487.91800 0.3507
2444489.92999 0.3510
2444489.92999 0.3484
2444489.93100 0.3439
2444490.93201 0.3449
2444490.93301 0.3464
2444490.93301 0.3449
2444492.92700 0.3469
2444492.92700 0.3557
2444492.92801 0.3543
2444493.91299 0.3654
2444493.91400 0.3686
2444493.91501 0.3600
2444494.92300 0.3734
2444494.92300 0.3734
2444494.92401 0.3706
2444495.89899 0.3604
2444495.89899 0.3640
2444495.89999 0.3623
2444496.95901 0.3393
2444496.95999 0.3500
2444496.96100 0.3453
2444505.97198 0.3551
2444505.97198 0.3517
2444505.97299 0.3561
2444506.93701 0.3484
2444506.93799 0.3449
2444506.93799 0.3536
2444507.90900 0.3471
2444507.90900 0.3413
2444507.91000 0.3460
2444508.93500 0.3386
2444508.93600 0.3428
2444508.93600 0.3426
2444509.98499 0.3384
2444509.98499 0.3322
2444509.98599 0.3304
2444510.89700 0.3400
2444510.89801 0.3424
2444510.89899 0.3478
2444511.96899 0.3513
2444511.97000 0.3559
2444511.97101 0.3515
2444512.92200 0.3676
2444512.92297 0.3534
2444512.92401 0.3753
2444513.97803 0.3698
2444513.97900 0.3578
2444513.97900 0.3587
2444514.98499 0.3666
2444514.98700 0.3611
2444514.98798 0.3685
2444515.99103 0.3745
2444515.99103 0.3748
2444515.99200 0.3723
2444515.99200 0.3725
2444515.99200 0.3631
2444515.99200 0.3636
2444516.96600 0.3486
2444516.96802 0.3441
2444516.96899 0.3444
2444517.97198 0.3339
2444517.97302 0.3404
2444517.97400 0.3292
2444524.85199 0.3544
2444524.85602 0.3637
2444524.85901 0.3760
2444524.86298 0.3694
2444524.86700 0.3551
2444524.87097 0.3589
2444525.93903 0.3462
2444525.94000 0.3458
2444525.94098 0.3447
2444545.86401 0.3343
2444545.86499 0.3371
2444545.86603 0.3528
2444546.88501 0.3335
2444546.88501 0.3246
2444546.88599 0.3271
2444547.83099 0.3401
2444547.83099 0.3354
2444547.83197 0.3359
2444548.85498 0.3572
2444548.85602 0.3540
2444548.85699 0.3589
2444549.88397 0.3623
2444549.88702 0.3530
2444549.88898 0.3400
2444550.85602 0.3676
2444550.85699 0.3690
2444550.85797 0.3710
2444562.80298 0.3406
2444562.80402 0.3335
2444562.80499 0.3465
2444563.84003 0.3261
2444563.84100 0.3247
2444563.84198 0.3280
2444564.80298 0.3301
2444564.80402 0.3316
2444564.80499 0.3210
2444566.81897 0.3468
2444566.81897 0.3448
2444566.82001 0.3488
2444606.69598 0.3433
2444606.69702 0.3452
2444606.69800 0.3480
2444608.66101 0.3407
2444608.66199 0.3281
2444608.66302 0.3375
2444629.65698 0.3351
2444629.65900 0.3408
2444629.65997 0.3343
2444630.65100 0.3351
2444630.65198 0.3403
2444630.65302 0.3399
2444638.67603 0.3362
2444638.67700 0.3370
2444638.67798 0.3375
2444639.69702 0.3495
2444639.69800 0.3376
2444639.69897 0.3383
2444640.63702 0.3494
2444640.63800 0.3464
2444640.63898 0.3451
2444641.64301 0.3445
2444641.64398 0.3460
2444641.64502 0.3517
2444656.63098 0.3510
2444656.63300 0.3428
2444656.63501 0.3486
2444657.62799 0.3503
2444657.62903 0.3525
2444657.63000 0.3493
2444658.62598 0.3558
2444658.62701 0.3548
2444658.62799 0.3528
2444659.63397 0.3532
2444659.63501 0.3503
2444659.63599 0.3549
2444847.99799 0.3298
2444848.00000 0.3329
2444848.00098 0.3324
2444848.97302 0.3479
2444848.97400 0.3510
2444848.97498 0.3465
2444849.96899 0.3530
2444849.96997 0.3517
2444849.97101 0.3496
2444850.96997 0.3471
2444850.97101 0.3432
2444850.97198 0.3464
2444851.96600 0.3294
2444851.96698 0.3311
2444851.96802 0.3372
2444853.95300 0.3425
2444853.95502 0.3372
2444853.95599 0.3317
2444855.96399 0.3417
2444855.96503 0.3351
2444855.96600 0.3442
2444856.97101 0.3426
2444856.97198 0.3317
2444856.97302 0.3355
2444857.97198 0.3370
2444857.97302 0.3469
2444857.97400 0.3464
2444859.97699 0.3450
2444859.97803 0.3462
2444859.97900 0.3421
2444860.97400 0.3209
2444860.97601 0.3226
2444860.97699 0.3252
2444861.95697 0.3345
2444861.95898 0.3232
2444861.96002 0.3349
2444862.96600 0.3387
2444862.96698 0.3412
2444862.96802 0.3381
2444863.97101 0.3425
2444863.97198 0.3472
2444863.97400 0.3364
2444864.95801 0.3398
2444864.96002 0.3478
2444864.96100 0.3350
2444865.96399 0.3381
2444865.96503 0.3399
2444865.96698 0.3471
2444869.02002 0.3250
2444869.02100 0.3348
2444869.02197 0.3321
2444870.97601 0.3142
2444870.97699 0.3096
2444870.97699 0.3205
2444871.98401 0.3254
2444871.98499 0.3234
2444871.98700 0.3249
2444872.97900 0.3291
2444872.97998 0.3370
2444872.98102 0.3370
2444874.90100 0.3421
2444874.90302 0.3436
2444874.90503 0.3396
2444877.96002 0.3238
2444877.96100 0.3344
2444877.96301 0.3253
2444880.92700 0.3227
2444880.92902 0.3166
2444880.92999 0.3225
2444883.93201 0.3574
2444883.93298 0.3556
2444883.93402 0.3496
2444886.89600 0.3386
2444886.89697 0.3453
2444886.89801 0.3402
2444887.89801 0.3279
2444887.89899 0.3289
2444887.90002 0.3253
2444893.89203 0.3560
2444893.89301 0.3499
2444893.89398 0.3540
2444894.90698 0.3358
2444894.90802 0.3465
2444894.90997 0.3458
2444895.90503 0.3434
2444895.90601 0.3394
2444895.90802 0.3414
2444896.89502 0.3351
2444896.89600 0.3384
2444896.89697 0.3407
2444897.88702 0.3237
2444897.88898 0.3310
2444897.89001 0.3340
2444898.94397 0.3190
2444898.94501 0.3168
2444898.94702 0.3117
2444899.94098 0.3241
2444899.94202 0.3219
2444899.94397 0.3277
2444900.95697 0.3354
2444900.95801 0.3432
2444900.95898 0.3367
2445199.00806 0.3331
2445199.00903 0.3486
2445199.01001 0.3385
2445208.98999 0.3344
2445208.99194 0.3377
2445208.99304 0.3363
2445211.97705 0.3396
2445211.97705 0.3364
2445211.97803 0.3468
2445214.98804 0.3223
2445214.98804 0.3354
2445214.98901 0.3368
2445215.96301 0.3265
2445215.96399 0.3327
2445215.96497 0.3355
2445217.94800 0.3393
2445217.94897 0.3350
2445217.94897 0.3284
2445223.99500 0.3248
2445223.99597 0.3277
2445223.99695 0.3294
2445224.98999 0.3287
2445224.98999 0.3294
2445224.99097 0.3294
2445225.98303 0.3399
2445225.98303 0.3447
2445225.98401 0.3327
2445240.91101 0.3238
2445240.91199 0.3234
2445240.91296 0.3160
2445248.89600 0.3333
2445248.89697 0.3377
2445248.89795 0.3353
2445249.95801 0.3255
2445249.95898 0.3284
2445249.95996 0.3336
2445251.93005 0.3277
2445251.93103 0.3326
2445251.93201 0.3375
2445252.86304 0.3480
2445252.86499 0.3409
2445252.86597 0.3390
2445253.95105 0.3391
2445253.95203 0.3284
2445253.95300 0.3372
2445258.89795 0.3411
2445258.89905 0.3378
2445258.90002 0.3373
2445272.86304 0.3581
2445272.86401 0.3408
2445272.86499 0.3504
2445312.79797 0.3470
2445312.80103 0.3407
2445312.80298 0.3446
2445317.68799 0.3369
2445317.68896 0.3342
2445317.68994 0.3421
2445321.69995 0.3476
2445321.70105 0.3510
2445321.70203 0.3413
2445345.70703 0.3333
2445345.70996 0.3327
2445345.71399 0.3259
2445354.61499 0.3252
2445354.61597 0.3324
2445354.61694 0.3299
2445375.60803 0.3467
2445375.60999 0.3542
2445375.60999 0.3484
2445563.99100 0.3541
2445563.99200 0.3499
2445563.99300 0.3536
2445581.02900 0.3496
2445581.03000 0.3593
2445581.03100 0.3412
2445589.91300 0.3502
2445589.91400 0.3647
2445589.91500 0.3548
2445654.79700 0.3564
2445654.79800 0.3538
2445654.79900 0.3466
2445666.79700 0.3677
2445666.79800 0.3478
2445666.79900 0.3622
2445673.77400 0.3656
2445673.77600 0.3564
2445673.77900 0.3627
2445684.71200 0.3695
2445684.71200 0.3714
2445684.71300 0.3527
2445696.75000 0.3618
2445696.75100 0.3524
2445696.75200 0.3557
2445697.57700 0.3554
2445697.58000 0.3747
2445697.58300 0.3749
2445698.61000 0.3701
2445698.61100 0.3709
2445698.61100 0.3742
2445704.80600 0.3368
2445704.80700 0.3535
2445704.80700 0.3507
2445723.70700 0.3169
2445723.70800 0.3403
2445723.71000 0.3265
2445746.63000 0.3371
2445746.63000 0.3331
2445746.63100 0.3393
2445748.61600 0.3575
2445748.61700 0.3526
2445748.61800 0.3616
2445749.61700 0.3481
2445749.61800 0.3446
2445749.61800 0.3364
2445750.60900 0.3337
2445750.61000 0.3344
2445750.61000 0.3311
2445751.60800 0.3413
2445751.60900 0.3359
2445751.60900 0.3376
2445752.61100 0.3649
2445752.61200 0.3503
2445752.61200 0.3540
2445753.61700 0.3494
2445753.61800 0.3446
2445753.61900 0.3395
2445754.61400 0.3423
2445754.61500 0.3535
2445754.61600 0.3468
2445756.61200 0.3547
2445756.61300 0.3534
2445756.61400 0.3549
2445918.98364 0.3789
2445918.98450 0.3835
2445918.98535 0.3612
2445919.98096 0.3408
2445919.98181 0.3594
2445919.98267 0.3504
2445936.00171 0.3600
2445936.00244 0.3765
2445936.00293 0.3841
2445936.98584 0.3709
2445936.98657 0.4007
2445936.98743 0.3900
2445937.98413 0.3777
2445937.98523 0.3731
2445937.98608 0.3896
2445941.98596 0.3496
2445941.98669 0.3234
2445941.98755 0.3262
2445944.00549 0.3548
2445944.00635 0.3424
2445944.00696 0.3558
2445945.00061 0.3671
2445945.00208 0.3351
2445945.00342 0.3270
2445959.96252 0.3422
2445959.96338 0.3446
2445959.96423 0.3481
2445964.98865 0.3295
2445964.98926 0.3418
2445964.98999 0.3381
2445965.99731 0.3625
2445965.99780 0.3426
2445965.99829 0.3647
2445970.93701 0.3687
2445970.93762 0.3645
2445970.93835 0.3565
2445971.93823 0.3768
2445971.93933 0.3807
2445971.93994 0.3837
2445973.00671 0.3560
2445973.00842 0.3396
2445973.01050 0.3351
2445976.96094 0.3443
2445976.96167 0.3477
2445976.96265 0.3502
2445981.95239 0.3635
2445981.95313 0.3564
2445981.95386 0.3638
2445982.96838 0.3595
2445982.96960 0.3609
2445982.97095 0.3590
2445995.86157 0.3357
2445995.86304 0.3409
2445995.86462 0.3381
2445996.91797 0.3379
2445996.91919 0.3410
2445996.92029 0.3391
2445997.90320 0.3453
2445997.90503 0.3404
2445997.90674 0.3458
2445998.89685 0.3549
2445998.89832 0.3564
2445998.90002 0.3528
2445999.89795 0.3622
2445999.89893 0.3687
2445999.89990 0.3607
2446000.89746 0.3553
2446000.89880 0.3574
2446000.90015 0.3568
2446001.86560 0.3538
2446001.86646 0.3566
2446001.86731 0.3623
2446002.81934 0.3720
2446002.81995 0.3702
2446002.82043 0.3713
2446003.91614 0.3647
2446003.91711 0.3651
2446003.91833 0.3710
2446006.89709 0.3508
2446006.89771 0.3539
2446006.89844 0.3475
2446007.85767 0.3627
2446007.85840 0.3590
2446007.85913 0.3645
2446009.89795 0.3567
2446009.89880 0.3541
2446009.89966 0.3415
2446015.80591 0.3619
2446015.80676 0.3636
2446015.80750 0.3518
2446019.81628 0.3561
2446019.81714 0.3648
2446019.81787 0.3609
2446020.89075 0.3556
2446020.89136 0.3662
2446020.89197 0.3583
2446023.85620 0.3491
2446023.85730 0.3390
2446023.85852 0.3350
2446024.79761 0.3503
2446024.79834 0.3475
2446024.79932 0.3436
2446027.77966 0.3504
2446027.78198 0.3492
2446027.78540 0.3443
2446028.80737 0.3594
2446028.80811 0.3703
2446028.80872 0.3763
2446036.82629 0.3546
2446036.82703 0.3556
2446036.82776 0.3517
2446046.80566 0.3640
2446046.80688 0.3569
2446046.80811 0.3548
2446049.75000 0.3544
2446049.75073 0.3524
2446049.75122 0.3468
2446056.71655 0.3625
2446056.71729 0.3461
2446056.71826 0.3602
2446057.79248 0.3685
2446057.79346 0.3656
2446057.79468 0.3677
2446058.82861 0.3435
2446058.83105 0.3497
2446058.83350 0.3438
2446064.72021 0.3493
2446064.72095 0.3467
2446064.72192 0.3424
2446065.74146 0.3513
2446065.74243 0.3604
2446065.74365 0.3587
2446068.73560 0.3340
2446068.73608 0.3377
2446068.73682 0.3392
2446070.73535 0.3474
2446070.73633 0.3451
2446070.73730 0.3480
2446084.18774 0.3555
2446084.19360 0.3518
2446084.19897 0.3639
2446084.92944 0.3533
2446084.93506 0.3360
2446084.93970 0.3632
2446085.67432 0.3815
2446085.67969 0.3807
2446085.68530 0.3829
2446087.35303 0.3687
2446087.35864 0.3755
2446087.36450 0.3699
2446090.57764 0.3539
2446090.58643 0.3547
2446090.59448 0.3494
2446097.61206 0.3778
2446097.61816 0.3599
2446097.62451 0.3663
2446101.78540 0.3491
2446101.79248 0.3532
2446101.80322 0.3544
2446104.32666 0.3639
2446104.32788 0.3669
2446104.32886 0.3665
2446109.64380 0.3442
2446109.64453 0.3480
2446109.64551 0.3372
2446112.62500 0.3604
2446112.62573 0.3612
2446112.62622 0.3582
2446119.66211 0.3559
2446119.66309 0.3482
2446119.66406 0.3652
2446123.63037 0.3449
2446123.63110 0.3500
2446123.63184 0.3600
2446125.60547 0.3511
2446125.60645 0.3594
2446125.60718 0.3541
2446301.97070 0.3515
2446301.97168 0.3508
2446301.97241 0.3517
2446302.98242 0.3323
2446302.98389 0.3303
2446302.98535 0.3373
2446303.97852 0.3381
2446303.97925 0.3402
2446303.97998 0.3404
2446305.00562 0.3435
2446305.00635 0.3506
2446305.00732 0.3330
2446308.96362 0.3691
2446308.96484 0.3606
2446308.96606 0.3641
2446308.96875 0.3593
2446308.96973 0.3666
2446308.97095 0.3635
2446309.97266 0.3535
2446309.97339 0.3588
2446309.97437 0.3563
2446311.01025 0.3423
2446311.01099 0.3455
2446311.01147 0.3415
2446316.92163 0.3335
2446316.92310 0.3345
2446316.92383 0.3571
2446321.98608 0.3380
2446321.98682 0.3405
2446321.98755 0.3302
2446325.00903 0.3485
2446325.01001 0.3455
2446325.01099 0.3435
2446328.96265 0.3284
2446328.96338 0.3310
2446328.96436 0.3322
2446332.97437 0.3487
2446332.97534 0.3337
2446332.97632 0.3421
2446338.93213 0.3450
2446338.93286 0.3348
2446338.93384 0.3373
2446340.88599 0.3483
2446340.88696 0.3443
2446340.88770 0.3464
2446349.91162 0.3423
2446349.91260 0.3426
2446349.91333 0.3422
2446354.92505 0.3576
2446354.92603 0.3548
2446354.92700 0.3549
2446358.89233 0.3407
2446358.89355 0.3390
2446358.89453 0.3466
2446361.93066 0.3463
2446361.93164 0.3564
2446361.93237 0.3535
2446363.90723 0.3589
2446363.90820 0.3667
2446363.90894 0.3555
2446367.92310 0.3395
2446367.92383 0.3412
2446367.92456 0.3435
2446368.89502 0.3497
2446368.89575 0.3429
2446368.89673 0.3420
2446369.93970 0.3376
2446369.94043 0.3439
2446369.94116 0.3475
2446370.94141 0.3600
2446370.94214 0.3550
2446370.94287 0.3503
2446371.90820 0.3691
2446371.90894 0.3670
2446371.90967 0.3668
2446374.80908 0.3383
2446374.81006 0.3359
2446374.81104 0.3434
2446376.87134 0.3490
2446376.87207 0.3448
2446376.87280 0.3503
2446377.93823 0.3385
2446377.93896 0.3481
2446377.93994 0.3455
2446382.89233 0.3413
2446382.89355 0.3371
2446382.89453 0.3366
2446384.89014 0.3487
2446384.89087 0.3454
2446384.89209 0.3396
2446388.89893 0.3510
2446388.89966 0.3518
2446388.90063 0.3560
2446390.80542 0.3407
2446390.80640 0.3420
2446390.80737 0.3390
2446392.88623 0.3428
2446392.88721 0.3417
2446392.88818 0.3416
2446405.77661 0.3316
2446405.77734 0.3452
2446405.77808 0.3422
2446407.78613 0.3461
2446407.78711 0.3402
2446407.78809 0.3435
2446409.76758 0.3366
2446409.76855 0.3387
2446409.76953 0.3331
2446417.74292 0.3451
2446417.74390 0.3409
2446417.74512 0.3372
2446418.74609 0.3385
2446418.74683 0.3397
2446418.74780 0.3330
2446419.79468 0.3530
2446419.79565 0.3500
2446419.79663 0.3509
2446420.78198 0.3277
2446420.78247 0.3256
2446420.78320 0.3321
2446421.75928 0.3430
2446421.76025 0.3460
2446421.76123 0.3463
2446423.67871 0.3258
2446423.67920 0.3366
2446423.68018 0.3308
2446426.79419 0.3487
2446426.79492 0.3450
2446426.79565 0.3378
2446430.70068 0.3314
2446430.70166 0.3347
2446430.70239 0.3395
2446432.73267 0.3238
2446432.73364 0.3368
2446432.73462 0.3313
2446439.75391 0.3267
2446439.75464 0.3321
2446439.75562 0.3355
2446441.73096 0.3327
2446441.73193 0.3336
2446441.73291 0.3201
2446444.69800 0.3414
2446444.69946 0.3537
2446444.70752 0.3425
2446448.69751 0.3342
2446448.69824 0.3388
2446448.69897 0.3310
2446450.70215 0.3287
2446450.70313 0.3288
2446450.70386 0.3276
2446452.68726 0.3416
2446452.68994 0.3246
2446452.69165 0.3377
2446455.65601 0.3556
2446455.65698 0.3470
2446455.65771 0.3522
2446457.71265 0.3342
2446457.71338 0.3346
2446457.71411 0.3358
2446463.68579 0.3438
2446463.68652 0.3428
2446463.68750 0.3392
2446467.65356 0.3229
2446467.65454 0.3237
2446467.65527 0.3255
2446470.67896 0.3300
2446470.67944 0.3252
2446470.68042 0.3294
2446472.64209 0.3349
2446472.64282 0.3423
2446472.64380 0.3360
2446483.63281 0.3189
2446483.63354 0.3280
2446483.63452 0.3264
2446487.66528 0.3240
2446487.66626 0.3132
2446487.66724 0.3179
2446678.97437 0.3441
2446678.97534 0.3406
2446678.97607 0.3407
2446680.01147 0.3402
2446680.01245 0.3395
2446680.01318 0.3367
2446682.01001 0.3350
2446682.01074 0.3339
2446682.01147 0.3340
2446683.00903 0.3379
2446683.00952 0.3261
2446683.01025 0.3366
2446683.98779 0.3450
2446683.98853 0.3407
2446683.98950 0.3473
2446684.99048 0.3671
2446684.99121 0.3625
2446684.99219 0.3694
2446685.98462 0.3578
2446685.98560 0.3588
2446685.98657 0.3621
2446687.00171 0.3359
2446687.00269 0.3287
2446687.00342 0.3347
2446687.99854 0.3306
2446687.99927 0.3342
2446688.00000 0.3305
2446688.99536 0.3199
2446688.99609 0.3254
2446688.99707 0.3224
2446690.00732 0.3326
2446690.00806 0.3373
2446690.00879 0.3524
2446690.99194 0.3408
2446690.99292 0.3216
2446690.99390 0.3294
2446691.97827 0.3316
2446691.97925 0.3367
2446691.98022 0.3337
2446692.99658 0.3512
2446693.00049 0.3524
2446693.00513 0.3520
2446706.97510 0.3321
2446706.97632 0.3285
2446706.97729 0.3217
2446708.98462 0.3155
2446708.98511 0.3142
2446708.98584 0.3323
2446711.95386 0.3785
2446711.95459 0.3711
2446711.95532 0.3875
2446716.94482 0.3246
2446716.94604 0.3273
2446716.94727 0.3278
2446719.95483 0.3411
2446719.95557 0.3392
2446719.95654 0.3398
2446721.93555 0.3566
2446721.93677 0.3525
2446721.93774 0.3389
2446723.91968 0.3334
2446723.92041 0.3550
2446723.92114 0.3439
2446726.89087 0.3340
2446726.89185 0.3418
2446726.89258 0.3296
2446728.90503 0.3288
2446728.90576 0.3385
2446728.90649 0.3472
2446728.90698 0.3388
2446731.90234 0.3488
2446731.90332 0.3442
2446731.90430 0.3464
2446733.91650 0.3445
2446733.91772 0.3402
2446733.91919 0.3405
2446733.92017 0.3446
2446736.90015 0.3199
2446736.90112 0.3186
2446736.90210 0.3138
2446739.88037 0.3556
2446739.88135 0.3598
2446739.88208 0.3618
2446741.86182 0.3450
2446741.86304 0.3556
2446741.86401 0.3523
2446743.91333 0.3622
2446743.91431 0.3548
2446743.91528 0.3564
2446746.88672 0.3379
2446746.88745 0.3369
2446746.88843 0.3441
2446749.87012 0.3375
2446749.87109 0.3466
2446749.87207 0.3516
2446754.86719 0.3387
2446754.86792 0.3423
2446754.86865 0.3403
2446766.78931 0.3440
2446766.79004 0.3382
2446766.79102 0.3283
2446768.79834 0.3413
2446768.80054 0.3508
2446768.80371 0.3466
2446772.75879 0.3369
2446772.75977 0.3460
2446772.76074 0.3165
2446776.75391 0.3478
2446776.75464 0.3469
2446776.75562 0.3396
2446778.77002 0.3604
2446778.77124 0.3387
2446778.77197 0.3557
2446793.70459 0.3276
2446793.70557 0.3244
2446793.70654 0.3360
2446798.70776 0.3460
2446798.70874 0.3483
2446798.70972 0.3528
2446803.71313 0.3350
2446803.71387 0.3317
2446803.71460 0.3367
2446805.71191 0.3470
2446805.71338 0.3542
2446805.71533 0.3465
2446808.70313 0.3559
2446808.70386 0.3549
2446808.70508 0.3465
2446812.69800 0.3191
2446812.70020 0.3221
2446812.70264 0.3168
2446814.65479 0.3560
2446814.65601 0.3500
2446814.65674 0.3455
2446817.70605 0.3444
2446817.70679 0.3442
2446817.70728 0.3340
2446828.64453 0.3405
2446828.64526 0.3340
2446828.64600 0.3381
2446831.65405 0.3406
2446831.65552 0.3349
2446831.65723 0.3312
2446834.63696 0.3142
2446834.63794 0.3306
2446834.63892 0.3242
2446843.63794 0.3345
2446843.63892 0.3303
2446843.63989 0.3269
2447024.99097 0.3422
2447024.99194 0.3400
2447024.99292 0.3545
2447027.99390 0.3515
2447027.99463 0.3471
2447027.99561 0.3460
2447035.00024 0.3450
2447035.00122 0.3421
2447035.00220 0.3278
2447036.99927 0.3272
2447037.00000 0.3322
2447037.00049 0.3305
2447038.97852 0.3319
2447038.97949 0.3207
2447038.98071 0.3163
2447045.01294 0.3261
2447045.01392 0.3254
2447045.01489 0.3238
2447046.97729 0.3345
2447046.97803 0.3318
2447046.97900 0.3110
2447051.00293 0.3433
2447051.00391 0.3459
2447051.00488 0.3475
2447053.96338 0.3300
2447053.96436 0.3377
2447053.96509 0.3320
2447055.96851 0.3136
2447055.96948 0.3331
2447055.97021 0.3208
2447057.99683 0.3472
2447057.99780 0.3523
2447057.99927 0.3558
2447060.96753 0.3532
2447060.96826 0.3518
2447060.96899 0.3584
2447064.95483 0.3193
2447064.95557 0.3180
2447064.95654 0.3230
2447066.93433 0.3327
2447066.93506 0.3303
2447066.93604 0.3438
2447068.03271 0.3401
2447068.03345 0.3445
2447068.03418 0.3403
2447070.87036 0.3463
2447070.87134 0.3363
2447070.87256 0.3393
2447071.91577 0.3574
2447071.91699 0.3392
2447071.91846 0.3276
2447072.89648 0.3412
2447072.89722 0.3443
2447072.89795 0.3451
2447073.95386 0.3310
2447073.95459 0.3348
2447073.95557 0.3212
2447074.88428 0.3434
2447074.88525 0.3378
2447074.88599 0.3389
2447075.95386 0.3322
2447075.95508 0.3262
2447075.95654 0.3225
2447076.93994 0.3384
2447076.94092 0.3467
2447076.94189 0.3384
2447077.94629 0.3398
2447077.94702 0.3455
2447077.94775 0.3458
2447078.93408 0.3549
2447078.93506 0.3549
2447078.93604 0.3570
2447079.95142 0.3476
2447079.95239 0.3441
2447079.95337 0.3467
2447082.93237 0.3560
2447082.93335 0.3589
2447082.93457 0.3619
2447083.93262 0.3141
2447083.93359 0.3249
2447083.93457 0.3326
2447084.94458 0.3262
2447084.94556 0.3216
2447084.94678 0.3034
2447085.93872 0.3227
2447085.93945 0.3240
2447085.94043 0.3205
2447086.87549 0.3310
2447086.87646 0.3303
2447086.87744 0.3339
2447087.94116 0.3272
2447087.94214 0.3333
2447087.94312 0.3205
2447088.96533 0.3281
2447088.96631 0.3362
2447088.96704 0.3316
2447089.94507 0.3306
2447089.94604 0.3248
2447089.94678 0.3284
2447106.93237 0.3066
2447106.93335 0.3036
2447106.93433 0.3104
2447108.90015 0.3309
2447108.90137 0.3239
2447108.90259 0.3298
2447110.85522 0.3170
2447110.85620 0.3271
2447110.85718 0.3169
2447114.87939 0.3176
2447114.88062 0.3086
2447114.88208 0.3126
2447118.88892 0.3219
2447118.88989 0.3139
2447118.89063 0.3157
2447121.80957 0.3258
2447121.81055 0.3235
2447121.81177 0.3230
2447122.80713 0.3247
2447122.80786 0.3353
2447122.80859 0.3389
2447123.81128 0.3337
2447123.81226 0.3330
2447123.81323 0.3351
2447124.80176 0.3213
2447124.80249 0.3223
2447124.80347 0.3194
2447125.81519 0.3182
2447125.81641 0.3143
2447125.81738 0.3154
2447129.85669 0.3127
2447129.85767 0.3222
2447129.85864 0.2961
2447129.85986 0.3154
2447129.86084 0.2976
2447131.82886 0.3294
2447131.82983 0.3190
2447131.83081 0.3276
2447139.85303 0.3039
2447139.85400 0.3069
2447139.85498 0.3093
2447141.85229 0.3100
2447141.85327 0.3128
2447141.85400 0.3189
2447148.70264 0.3178
2447148.70337 0.3208
2447148.70435 0.3322
2447151.70239 0.3198
2447151.70361 0.3207
2447151.70483 0.3215
2447153.66821 0.3115
2447153.66943 0.3162
2447153.67065 0.3150
2447166.73877 0.3302
2447166.73975 0.3156
2447166.74072 0.3193
2447171.72217 0.3178
2447171.72314 0.3058
2447171.72437 0.3028
2447174.72705 0.3275
2447174.72827 0.3278
2447174.72949 0.3250
2447180.67944 0.3007
2447180.68042 0.2999
2447180.68140 0.3033
2447184.70215 0.3378
2447184.70337 0.3327
2447184.70459 0.3371
2447187.73633 0.3293
2447187.73730 0.3282
2447187.73804 0.3278
2447194.69678 0.3360
2447194.69775 0.3298
2447194.69897 0.3229
2447194.70020 0.3304
2447197.69434 0.3219
2447197.69556 0.3210
2447197.69629 0.3233
2447201.69824 0.3261
2447201.69922 0.3284
2447201.69995 0.3256
2447204.64258 0.3609
2447204.64355 0.3552
2447204.64453 0.3322
2447214.61719 0.3260
2447214.61816 0.3257
2447214.61914 0.3316
2447216.62598 0.3171
2447216.62720 0.3190
2447216.62842 0.3124
2447420.98267 0.3557
2447420.98364 0.3740
2447420.98486 0.3574
2447429.01440 0.3490
2447429.01538 0.3470
2447429.01636 0.3575
2447431.99487 0.3394
2447431.99585 0.3486
2447431.99707 0.3491
2447434.00903 0.3382
2447434.01025 0.3379
2447434.01147 0.3398
2447435.98730 0.3560
2447435.98853 0.3432
2447435.98950 0.3601
2447445.89868 0.3459
2447445.89966 0.3508
2447445.90112 0.3306
2447447.92749 0.3603
2447447.92822 0.3566
2447447.92920 0.3531
2447451.94385 0.3380
2447451.94507 0.3384
2447451.94604 0.3329
2447453.89063 0.3429
2447453.89185 0.3478
2447453.89307 0.3535
2447454.88867 0.3476
2447454.88989 0.3541
2447454.89111 0.3592
2447455.90820 0.3559
2447455.90942 0.3416
2447455.91040 0.3534
2447456.93286 0.3448
2447456.93408 0.3387
2447456.93530 0.3397
2447457.86328 0.3594
2447457.86450 0.3576
2447457.86572 0.3548
2447458.92969 0.3385
2447458.93091 0.3429
2447458.93188 0.3382
2447459.90894 0.3512
2447459.90991 0.3529
2447459.91113 0.3440
2447460.90503 0.3406
2447460.90601 0.3676
2447460.90698 0.3606
2447461.93066 0.3314
2447461.93188 0.3278
2447461.93311 0.3267
2447462.91626 0.3485
2447462.91748 0.3434
2447462.91870 0.3427
2447464.91309 0.3352
2447464.91406 0.3565
2447464.91553 0.3319
2447465.86865 0.3405
2447465.86987 0.3350
2447465.87109 0.3352
2447466.87427 0.3502
2447466.87500 0.3552
2447466.87622 0.3488
2447469.94702 0.3433
2447469.94800 0.3397
2447469.94897 0.3416
2447470.85962 0.3512
2447470.86035 0.3523
2447470.86157 0.3460
2447471.83960 0.3257
2447471.84033 0.3407
2447471.84082 0.3520
2447474.83472 0.3456
2447474.83569 0.3609
2447474.83667 0.3404
2447478.82007 0.3505
2447478.82104 0.3478
2447478.82178 0.3547
2447482.81909 0.3477
2447482.82031 0.3518
2447482.82178 0.3397
2447486.87939 0.3603
2447486.88062 0.3542
2447486.88208 0.3548
2447493.87500 0.3561
2447493.87622 0.3514
2447493.87744 0.3578
2447496.74316 0.3687
2447496.74438 0.3552
2447496.74585 0.3507
2447498.75049 0.3407
2447498.75171 0.3348
2447498.75293 0.3302
2447500.74756 0.3310
2447500.74878 0.3402
2447500.74976 0.3322
2447501.74170 0.3411
2447501.74292 0.3408
2447501.74438 0.3341
2447508.71558 0.3368
2447508.71655 0.3490
2447508.71777 0.3408
2447515.78027 0.3558
2447515.78174 0.3409
2447515.78320 0.3419
2447519.73633 0.3354
2447519.73779 0.3333
2447519.73877 0.3348
2447528.71362 0.3374
2447528.71460 0.3480
2447528.71558 0.3372
2447537.65820 0.3366
2447537.65942 0.3379
2447537.66040 0.3471
2447540.64160 0.3451
2447540.64258 0.3387
2447540.64355 0.3323
2447542.69385 0.3436
2447542.69482 0.3529
2447542.69580 0.3717
2447544.68164 0.3488
2447544.68237 0.3509
2447544.68335 0.3418
2447555.67627 0.3434
2447555.67773 0.3381
2447555.67920 0.3351
2447564.64380 0.3414
2447564.64551 0.3382
2447564.64722 0.3414
2447570.65601 0.3375
2447570.65747 0.3413
2447570.65869 0.3336
2447574.64307 0.3442
2447574.64429 0.3380
2447574.64551 0.3367
2447804.01514 0.3603
2447804.01611 0.3621
2447804.01709 0.3662
2447806.97583 0.3526
2447806.97681 0.3444
2447806.97827 0.3545
2447808.97778 0.3626
2447808.97900 0.3622
2447808.98022 0.3634
2447817.89233 0.3764
2447817.89355 0.3631
2447817.89478 0.3595
2447826.89697 0.3644
2447826.89844 0.3676
2447826.89941 0.3772
2447827.90259 0.3584
2447827.90381 0.3547
2447827.90479 0.3563
2447831.90796 0.3660
2447831.90918 0.3623
2447831.91064 0.3647
2447832.87817 0.3744
2447832.87915 0.3808
2447832.88037 0.3637
2447833.88452 0.3725
2447833.88574 0.3690
2447833.88672 0.3699
2447834.88208 0.3647
2447834.88330 0.3554
2447834.88452 0.3530
2447835.87939 0.3690
2447835.88062 0.3617
2447835.88159 0.3527
2447839.89233 0.3800
2447839.89355 0.3721
2447839.89453 0.3696
2447845.88135 0.3656
2447845.88257 0.3751
2447845.88379 0.3697
2447849.87988 0.3799
2447849.88086 0.3774
2447849.88208 0.3739
2447862.76660 0.3707
2447862.76807 0.3708
2447862.76978 0.3717
2447866.76611 0.3858
2447866.76782 0.3809
2447866.76953 0.3816
2447871.79346 0.3713
2447871.79492 0.3685
2447871.79639 0.3717
2447877.77563 0.3945
2447877.77686 0.3928
2447877.77832 0.3919
2447892.79297 0.3555
2447892.79419 0.3577
2447892.79541 0.3519
2447896.70410 0.3934
2447896.70532 0.3956
2447896.70703 0.3816
2447900.67944 0.3660
2447900.68066 0.3722
2447900.68213 0.3697
2447903.67505 0.3832
2447903.67798 0.3737
2447903.68921 0.3656
2447903.69116 0.3775
2447910.70435 0.3525
2447910.70581 0.3609
2447910.70728 0.3493
2447925.64185 0.3713
2447925.64331 0.3845
2447925.64453 0.3809
2447932.62744 0.3791
2447932.62842 0.3850
2447932.62939 0.3773
2447942.62915 0.3823
2447942.63062 0.3810
2447942.63208 0.3676
2448165.99658 0.3661
2448165.99805 0.3656
2448165.99902 0.3654
2448186.90332 0.3577
2448186.90479 0.3668
2448186.90576 0.3662
2448192.94092 0.3860
2448192.94238 0.3833
2448192.94385 0.3783
2448214.86719 0.3500
2448214.86865 0.3509
2448214.87012 0.3520
2448220.80225 0.3633
2448220.80322 0.3643
2448220.80420 0.3703
2448225.77930 0.3717
2448225.78076 0.3689
2448225.78174 0.3760
2448234.81787 0.3613
2448234.81885 0.3570
2448234.82031 0.3559
2448234.82178 0.3600
2448234.82275 0.3502
2448234.82373 0.3674
2448235.77002 0.3594
2448235.77148 0.3550
2448235.77246 0.3668
2448235.77344 0.3547
2448235.77490 0.3583
2448235.77588 0.3613
2448236.74756 0.3774
2448236.74902 0.3757
2448236.75000 0.3799
2448236.75146 0.3805
2448236.75293 0.3740
2448236.75439 0.3776
2448239.77490 0.3366
2448239.77637 0.3389
2448239.77783 0.3298
2448240.75879 0.3389
2448240.76025 0.3361
2448240.76172 0.3389
2448242.73389 0.3441
2448242.73535 0.3455
2448242.73682 0.3446
2448243.72754 0.3605
2448243.72900 0.3628
2448243.73047 0.3619
2448244.72168 0.3733
2448244.72314 0.3691
2448244.72461 0.3703
2448253.69629 0.3794
2448253.69775 0.3762
2448253.69971 0.3839
2448267.69385 0.3504
2448267.69482 0.3479
2448267.69580 0.3486
2448271.70166 0.3846
2448271.70264 0.3750
2448271.70410 0.3765
2448274.64404 0.3708
2448274.64502 0.3710
2448274.64648 0.3753
2448279.69141 0.3523
2448279.69238 0.3575
2448279.69385 0.3566
2448281.69971 0.3795
2448281.70117 0.3796
2448281.70264 0.3866
2448286.62988 0.3475
2448286.63135 0.3416
2448286.63281 0.3424
2448297.63086 0.3630
2448297.63232 0.3570
2448297.63379 0.3536
2448301.63281 0.3781
2448301.63379 0.3787
2448301.63525 0.3797
2448308.61084 0.3947
2448308.61279 0.3937
2448308.61475 0.3782
2448311.61426 0.3662
2448311.61523 0.3626
2448311.61670 0.3658
2448597.75000 0.3630
2448597.75098 0.3562
2448597.75293 0.3539
2448597.75977 0.3627
2448597.76172 0.3518
2448597.76318 0.3608
2448605.79346 0.3393
2448605.79443 0.3419
2448605.79590 0.3443
2448617.73389 0.3629
2448617.73535 0.3617
2448617.73633 0.3661
2448636.73096 0.3815
2448636.73242 0.3668
2448636.73340 0.3734
2448637.68701 0.3770
2448637.68848 0.3747
2448637.68994 0.3709
2448638.65234 0.3753
2448638.65332 0.3825
2448638.65479 0.3759
2448639.66406 0.3754
2448639.66553 0.3645
2448639.66699 0.3708
2448641.67822 0.3386
2448641.67920 0.3368
2448641.68066 0.3335
2448642.67041 0.3410
2448642.67188 0.3429
2448642.67334 0.3481
2448643.65381 0.3483
2448643.65527 0.3526
2448643.65674 0.3492
2448644.67383 0.3562
2448644.67529 0.3534
2448644.67676 0.3585
2448645.65430 0.3605
2448645.65576 0.3613
2448645.65674 0.3632
2448646.68311 0.3706
2448646.68457 0.3589
2448646.68604 0.3596
2448647.68164 0.3627
2448647.68359 0.3417
2448647.68506 0.3625
2448648.66602 0.3543
2448648.66748 0.3473
2448648.66895 0.3579
2448649.66211 0.3447
2448649.66406 0.3406
2448649.66553 0.3451
2448652.66260 0.3426
2448652.66455 0.3498
2448652.66602 0.3410
2448656.68799 0.3707
2448656.68945 0.3696
2448656.69092 0.3612
2448671.64893 0.3627
2448671.65088 0.3643
2448671.65283 0.3608
2448680.68896 0.3509
2448680.68994 0.3324
2448680.69141 0.3299
2448694.63135 0.3305
2448694.63330 0.3211
2448694.63477 0.3290
2448873.90723 0.3174
2448873.90869 0.3196
2448873.91016 0.3156
2448875.89062 0.3304
2448875.89209 0.3354
2448875.89355 0.3358
2448880.90381 0.3466
2448880.90479 0.3459
2448880.90625 0.3486
2448884.97314 0.3382
2448884.97461 0.3334
2448884.97607 0.3362
2448886.96924 0.3269
2448886.97021 0.3309
2448886.97168 0.3338
2448888.95850 0.3531
2448888.95996 0.3532
2448888.96094 0.3546
2448891.98096 0.3267
2448891.98242 0.3282
2448891.98438 0.3231
2448897.98291 0.3489
2448897.98438 0.3400
2448897.98633 0.3345
2448904.90479 0.3340
2448904.90625 0.3318
2448904.90771 0.3283
2448906.87158 0.3614
2448906.87305 0.3595
2448906.87451 0.3557
2448911.93408 0.3418
2448911.93555 0.3305
2448911.93701 0.3373
2448913.93604 0.3292
2448913.93701 0.3334
2448913.93848 0.3297
2448915.94629 0.3658
2448915.94775 0.3701
2448915.94922 0.3712
2448918.92188 0.3361
2448918.92383 0.3325
2448918.92627 0.3267
2448927.90674 0.3328
2448927.90771 0.3380
2448927.90918 0.3387
2448933.87354 0.3687
2448933.87500 0.3649
2448933.87646 0.3682
2448938.84717 0.3337
2448938.84863 0.3300
2448938.85010 0.3311
2448940.85205 0.3366
2448940.85303 0.3399
2448940.85449 0.3393
2448945.85547 0.3536
2448945.85693 0.3524
2448945.85840 0.3482
2448949.84570 0.3301
2448949.84717 0.3260
2448949.84912 0.3248
2448954.83643 0.3580
2448954.83740 0.3497
2448954.83838 0.3483
2448957.80371 0.3315
2448957.80518 0.3290
2448957.80615 0.3288
2448967.80371 0.3284
2448967.80518 0.3242
2448967.80664 0.3261
2448971.79639 0.3544
2448971.79736 0.3512
2448971.79883 0.3499
2448973.77881 0.3404
2448973.78027 0.3377
2448973.78174 0.3353
2448977.80078 0.3141
2448977.80225 0.3173
2448977.80371 0.3118
2448979.76367 0.3398
2448979.76514 0.3437
2448979.76660 0.3416
2448983.78174 0.3245
2448983.78271 0.3170
2448983.78418 0.3213
2448999.71875 0.3525
2448999.72021 0.3520
2448999.72168 0.3545
2449008.70215 0.3499
2449008.70312 0.3446
2449008.70459 0.3413
2449010.70850 0.3178
2449010.70996 0.3262
2449010.71094 0.3241
2449015.66699 0.3405
2449015.66846 0.3420
2449015.66943 0.3380
2449020.65723 0.3211
2449020.65918 0.3217
2449020.66113 0.3199
2449050.62256 0.3109
2449050.62451 0.3146
2449050.62598 0.3072
2449051.63721 0.3282
2449051.63867 0.3322
2449051.64062 0.3345
2449265.91650 0.3075
2449265.91846 0.3047
2449265.91992 0.3094
2449273.90820 0.3295
2449273.90918 0.3339
2449273.91113 0.3340
2449279.93604 0.3314
2449279.93799 0.3347
2449279.93994 0.3307
2449283.95508 0.3345
2449283.95703 0.3307
2449283.95898 0.3247
2449285.91211 0.3241
2449285.91309 0.3235
2449285.91455 0.3197
2449294.89893 0.3144
2449294.90039 0.3189
2449294.90186 0.3123
2449296.84961 0.3310
2449296.85107 0.3320
2449296.85254 0.3346
2449298.82568 0.3378
2449298.82715 0.3344
2449298.82861 0.3394
2449309.78320 0.3416
2449309.78516 0.3343
2449309.78662 0.3340
2449311.77148 0.3003
2449311.77246 0.3030
2449311.77393 0.3058
2449312.79199 0.3033
2449312.79297 0.3123
2449312.79443 0.3104
2449325.75049 0.3526
2449325.75146 0.3485
2449325.75244 0.3465
2449327.73486 0.3404
2449327.73584 0.3418
2449327.73730 0.3443
2449331.74902 0.3189
2449331.75049 0.3168
2449331.75195 0.3182
2449335.74463 0.3419
2449335.74609 0.3505
2449335.74756 0.3409
2449337.74072 0.3232
2449337.74170 0.3257
2449337.74316 0.3306
2449342.71289 0.3381
2449342.71436 0.3444
2449342.71631 0.3399
2449344.70850 0.3377
2449344.71045 0.3320
2449344.71143 0.3354
2449349.70508 0.3168
2449349.70654 0.3126
2449349.70801 0.3124
2449353.70166 0.3428
2449353.70312 0.3421
2449353.70410 0.3416
2449355.69482 0.3371
2449355.69678 0.3341
2449355.69824 0.3381
2449359.70459 0.3229
2449359.70605 0.3179
2449359.70801 0.3210
2449361.68457 0.3342
2449361.68604 0.3352
2449361.68701 0.3355
2449365.68115 0.3166
2449365.68262 0.3158
2449365.68408 0.3157
2449368.67627 0.3176
2449368.67773 0.3170
2449368.67871 0.3124
2449394.63623 0.3233
2449394.63770 0.3196
2449394.63916 0.3197
2449396.62451 0.3255
2449396.62598 0.3227
2449396.62744 0.3282
2449399.64600 0.3288
2449399.64746 0.3212
2449399.64893 0.3254
2449615.90723 0.3281
2449615.90869 0.3360
2449615.90967 0.3347
2449625.94531 0.3329
2449625.94629 0.3342
2449625.94775 0.3310
2449633.90332 0.3145
2449633.90479 0.3047
2449633.90576 0.3093
2449635.89209 0.3462
2449635.89355 0.3384
2449635.89453 0.3403
2449641.91455 0.2965
2449641.91553 0.3018
2449641.91699 0.2993
2449643.88330 0.3215
2449643.88428 0.3254
2449643.88574 0.3296
2449645.89307 0.3488
2449645.89453 0.3384
2449645.89551 0.3496
2449648.84424 0.3134
2449648.84570 0.3172
2449648.84668 0.3173
2449650.91016 0.3035
2449650.91113 0.3026
2449650.91260 0.3032
2449651.87451 0.3214
2449651.87549 0.3255
2449651.87695 0.3230
2449653.86377 0.3338
2449653.86475 0.3451
2449653.86621 0.3418
2449655.88281 0.3364
2449655.88379 0.3369
2449655.88477 0.3342
2449658.87256 0.3037
2449658.87402 0.3009
2449658.87500 0.3043
2449660.83154 0.3147
2449660.83252 0.3161
2449660.83398 0.3071
2449663.83154 0.3320
2449663.83252 0.3332
2449663.83398 0.3245
2449668.83496 0.3054
2449668.83643 0.3058
2449668.83740 0.3017
2449670.84229 0.3244
2449670.84375 0.3239
2449670.84473 0.3261
2449676.79932 0.3136
2449676.80029 0.3086
2449676.80176 0.3120
2449680.78857 0.3423
2449680.78955 0.3510
2449680.79102 0.3436
2449685.78662 0.3176
2449685.78760 0.3252
2449685.78906 0.3205
2449686.80518 0.3267
2449686.80615 0.3207
2449686.80762 0.3187
2449688.80322 0.3406
2449688.80420 0.3260
2449688.80566 0.3362
2449689.76270 0.3363
2449689.76416 0.3383
2449689.76514 0.3418
2449694.79053 0.3184
2449694.79150 0.3229
2449694.79248 0.3181
2449696.77002 0.3248
2449696.77100 0.3255
2449696.77246 0.3247
2449697.79980 0.3441
2449697.80078 0.3429
2449697.80176 0.3348
2449702.73730 0.3255
2449702.73877 0.3276
2449702.73975 0.3315
2449704.77295 0.3222
2449704.77393 0.3227
2449704.77539 0.3192
2449707.74512 0.3388
2449707.74658 0.3350
2449707.74756 0.3364
2449713.73145 0.3188
2449713.73242 0.3208
2449713.73389 0.3228
2449716.72217 0.3533
2449716.72314 0.3471
2449716.72412 0.3464
2449719.72168 0.3466
2449719.72266 0.3325
2449719.72363 0.3362
2449730.68652 0.3304
2449730.68750 0.3291
2449730.68896 0.3262
2449735.67969 0.3586
2449735.68066 0.3569
2449735.68213 0.3494
2449747.64746 0.3526
2449747.64844 0.3449
2449747.64990 0.3481
2449750.64795 0.3351
2449750.64893 0.3371
2449750.64990 0.3426
2449752.65234 0.3448
2449752.65332 0.3443
2449752.65479 0.3481
2449755.65869 0.3501
2449755.66016 0.3570
2449755.66113 0.3569
2449758.66309 0.3459
2449758.66455 0.3432
2449758.66553 0.3451
2449766.62305 0.3544
2449766.62402 0.3500
2449766.62500 0.3587
2449768.64648 0.3363
2449768.64795 0.3369
2449768.64893 0.3364
2449771.62012 0.3549
2449771.62109 0.3573
2449771.62256 0.3576
