45196.87195 0.3078
45196.87195 0.3001
45196.87305 0.3034
45491.98600 0.5471
45491.98700 0.5635
45491.98700 0.5592
45502.98000 0.5173
45502.98100 0.5112
45502.98200 0.4979
45505.97700 0.5246
45505.97800 0.5142
45505.97900 0.5207
45509.95500 0.5449
45509.95500 0.5274
45509.95600 0.5344
45512.94000 0.5516
45512.94100 0.5505
45512.94200 0.5607
45516.96500 0.5559
45516.96600 0.5466
45516.96600 0.5571
45522.95000 0.5626
45522.95100 0.5544
45522.95100 0.5686
45528.92200 0.6109
45528.92300 0.6096
45528.92300 0.5913
45534.93100 0.6108
45534.93200 0.6234
45534.93200 0.6086
45540.92200 0.6007
45540.92300 0.5965
45540.92400 0.6098
45545.92700 0.5980
45545.92800 0.5856
45545.92900 0.5776
45552.78200 0.5410
45552.78200 0.5378
45552.78300 0.5444
45558.77200 0.5367
45558.77200 0.5392
45558.77300 0.5485
45571.76900 0.5170
45571.77000 0.5070
45571.77100 0.5086
45575.75900 0.5094
45575.75900 0.5226
45575.76000 0.5112
45581.74400 0.5466
45581.74400 0.5369
45581.74500 0.5496
45584.74500 0.5544
45584.74600 0.5516
45584.74600 0.5617
45591.69500 0.6172
45591.69600 0.6168
45591.69600 0.6145
45860.96191 0.5644
45860.96265 0.5589
45860.96338 0.5808
45863.97437 0.5731
45863.97498 0.5573
45863.97559 0.5717
45866.98462 0.5664
45866.98535 0.5750
45866.98596 0.5872
45869.95313 0.5985
45869.95410 0.5927
45869.95483 0.5756
45871.99072 0.6039
45871.99146 0.6133
45871.99231 0.6047
45873.94702 0.7022
45873.94775 0.7011
45873.94873 0.6916
45877.93396 0.6249
45877.93481 0.6428
45877.93567 0.6381
45880.95398 0.6355
45880.95471 0.6282
45880.95532 0.6186
45886.94507 0.6241
45886.94568 0.6176
45886.94641 0.6251
45889.95837 0.6169
45889.95898 0.6155
45889.95959 0.6266
45892.93372 0.5998
45892.93420 0.6079
45892.93481 0.6088
45894.95483 0.6011
45894.95593 0.5966
45894.95703 0.5958
45898.95020 0.5787
45898.95081 0.5782
45898.95142 0.5822
45911.90918 0.5639
45911.91040 0.5635
45911.91138 0.5529
45917.81519 0.5316
45917.81580 0.5221
45917.81653 0.5247
45919.83276 0.5432
45919.83362 0.5397
45919.83435 0.5560
45928.79834 0.5188
45928.79895 0.5539
45928.79956 0.5352
45932.87280 0.5494
45932.87354 0.5577
45932.87415 0.5506
45934.79041 0.5756
45934.79102 0.5611
45934.79175 0.6097
45935.80920 0.5726
45935.80981 0.5960
45935.81042 0.5891
45936.78308 0.6222
45936.78369 0.6215
45936.78430 0.6155
45941.78931 0.5946
45941.79224 0.5971
45941.79297 0.6067
45946.81921 0.6497
45946.81995 0.6532
45946.82068 0.6448
45947.76013 0.7456
45947.76099 0.7487
45947.76184 0.7523
45950.76416 0.6161
45950.76526 0.6091
45950.76624 0.6199
45952.78687 0.6037
45952.78833 0.5997
45952.78979 0.5924
45957.76013 0.6115
45957.76099 0.6198
45957.76196 0.6117
45959.77197 0.6160
45959.77295 0.6303
45959.77393 0.6324
45964.72998 0.6014
45964.73132 0.5843
45964.73254 0.5907
45982.67590 0.5693
45982.67676 0.5638
45982.67786 0.5725
45984.69983 0.5643
45984.70117 0.5668
45984.70276 0.5610
45987.65637 0.5750
45987.65784 0.5867
45987.65906 0.5730
45989.66797 0.5834
45989.67053 0.5900
45989.67322 0.5860
46006.58923 0.6163
46006.59033 0.6171
46006.59143 0.6218
46009.63599 0.6092
46009.63672 0.6176
46009.63733 0.6045
46015.64185 0.6289
46015.64270 0.6103
46015.64355 0.6212
46019.66309 0.6156
46019.66431 0.6185
46019.66565 0.6037
46022.59155 0.6137
46022.59229 0.6322
46022.59290 0.6262
46024.58240 0.6287
46024.58301 0.6198
46024.58362 0.6307
46028.60352 0.5918
46028.60461 0.5889
46028.60571 0.6003
46035.59338 0.5951
46035.59448 0.5880
46035.59570 0.6098
46231.94336 0.5607
46231.94434 0.5742
46231.94531 0.5617
46233.97559 0.5475
46233.97632 0.5561
46233.97729 0.5520
46234.99438 0.5570
46234.99536 0.5468
46234.99634 0.5549
46238.95288 0.5272
46238.95361 0.5402
46238.95435 0.5304
46242.98364 0.5302
46242.98486 0.5301
46242.98584 0.5333
46267.91772 0.6086
46267.91870 0.6043
46267.91968 0.5962
46272.92554 0.6254
46272.92651 0.6271
46272.92749 0.6248
46275.92114 0.6267
46275.92188 0.6461
46275.92285 0.6275
46278.87451 0.6249
46278.87524 0.6155
46278.87573 0.6153
46281.92993 0.6080
46281.93091 0.5948
46281.93188 0.6107
46286.90649 0.5833
46286.90723 0.5772
46286.90820 0.5702
46289.86938 0.5870
46289.87012 0.5864
46289.87061 0.5880
46290.88306 0.5662
46290.88379 0.5711
46290.88452 0.5640
46294.86768 0.5464
46294.86841 0.5472
46294.86914 0.5551
46298.80664 0.5428
46298.80762 0.5452
46298.80859 0.5376
46302.81519 0.5251
46302.81592 0.5296
46302.81641 0.5241
46309.81128 0.5244
46309.81201 0.5223
46309.81299 0.5198
46324.74609 0.5230
46324.74707 0.5182
46324.74805 0.5187
46328.74634 0.5371
46328.74707 0.5349
46328.74780 0.5354
46338.72705 0.5730
46338.72778 0.5759
46338.72827 0.5727
46341.75049 0.5606
46341.75122 0.5586
46341.75195 0.5576
46349.72681 0.5910
46349.72803 0.5917
46349.72852 0.5745
46352.70776 0.5585
46352.70850 0.5660
46352.70947 0.5663
46362.60718 0.5253
46362.60791 0.5276
46362.60864 0.5302
46367.67236 0.5229
46367.67310 0.5358
46367.67407 0.5507
46371.67896 0.5139
46371.67993 0.5068
46371.68091 0.5105
46376.63794 0.5147
46376.63892 0.5114
46376.63989 0.5193
46384.62012 0.5045
46384.62109 0.4888
46384.62231 0.4906
46387.61157 0.4957
46387.61230 0.5021
46387.61304 0.5080
46390.61377 0.5245
46390.61475 0.5142
46390.61572 0.5142
46610.94873 0.5546
46610.94922 0.5415
46610.94995 0.5394
46622.95605 0.5374
46622.95679 0.5361
46622.95752 0.5276
46625.97607 0.5231
46625.97705 0.5257
46625.97778 0.5120
46629.96655 0.4953
46629.96729 0.5105
46629.96802 0.4957
46632.93188 0.4760
46632.93286 0.4852
46632.93359 0.4964
46654.89404 0.5142
46654.89478 0.4984
46654.89600 0.5130
46657.86963 0.5186
46657.87012 0.5264
46657.87085 0.5214
46663.80640 0.5553
46663.80737 0.5415
46663.80811 0.5505
46666.82764 0.5441
46666.82861 0.5573
46666.82959 0.5588
46671.81860 0.5679
46671.81934 0.5490
46671.82007 0.5590
46674.81519 0.5541
46674.81616 0.5528
46674.81714 0.5538
46677.78833 0.5818
46677.78906 0.5725
46677.78979 0.5633
46682.76367 0.5452
46682.76440 0.5239
46682.76514 0.5666
46685.74609 0.5507
46685.75342 0.5671
46685.75464 0.5399
46690.73706 0.5292
46690.73804 0.5209
46690.73901 0.5272
46695.77661 0.5266
46695.77759 0.5111
46695.77832 0.5053
46703.69043 0.4691
46703.69165 0.4665
46706.72363 0.4754
46706.72437 0.4923
46706.72510 0.4884
46709.73535 0.4798
46709.73633 0.4777
46709.73706 0.4787
46717.65918 0.4814
46717.65991 0.4827
46717.66089 0.4877
46720.70386 0.4921
46720.70459 0.5024
46720.70532 0.4790
46729.61572 0.5280
46729.61646 0.5226
46729.61743 0.5215
46736.63281 0.5142
46736.63354 0.5330
46736.63452 0.5176
46740.63867 0.5430
46740.63965 0.5513
46740.64063 0.5438
46744.62720 0.5317
46744.62817 0.5341
46744.62891 0.5358
46747.62207 0.5273
46747.62305 0.5375
46747.62402 0.5185
46754.60889 0.5351
46754.60962 0.5314
46754.61060 0.5337
46766.57813 0.4723
46766.58032 0.4903
46968.97778 0.4793
46968.97998 0.4708
46968.98193 0.4716
46986.97559 0.5128
46986.97632 0.5146
46986.97729 0.5146
46992.95557 0.5323
46992.95630 0.5247
46992.95703 0.5285
46996.98096 0.5668
46996.98193 0.5621
46996.98291 0.5581
47001.87842 0.5765
47001.87964 0.5872
47001.88062 0.5785
47008.89868 0.5559
47008.89990 0.5597
47008.90088 0.5492
47021.87451 0.5234
47021.87549 0.5291
47021.87671 0.5292
47033.87598 0.4585
47033.87695 0.4552
47033.87769 0.4656
47038.80396 0.4732
47038.80469 0.4769
47038.80566 0.4751
47041.77734 0.4908
47041.77808 0.4814
47041.77881 0.4910
47044.72778 0.4984
47044.72852 0.5039
47044.72900 0.4981
47047.76978 0.5128
47047.77075 0.5243
47047.77173 0.5227
47055.76953 0.5567
47055.77051 0.5555
47055.77173 0.5528
47064.71753 0.5926
47064.71826 0.6041
47064.71875 0.5984
47073.73584 0.5593
47073.73682 0.5660
47073.73804 0.5697
47076.71191 0.5565
47076.71289 0.5715
47076.71362 0.5675
47084.71460 0.5392
47084.71558 0.5450
47084.71655 0.5381
47087.67944 0.5248
47087.68042 0.5118
47087.68140 0.5116
47109.68164 0.5048
47109.68262 0.5013
47109.68359 0.5066
47116.61523 0.5589
47116.61670 0.5488
47116.61890 0.5447
47121.60425 0.5693
47121.60522 0.5688
47121.60620 0.5679
47131.65161 0.5510
47131.65259 0.5653
47131.65356 0.5756
47348.98145 0.5785
47348.98291 0.5852
47348.98413 0.5869
47360.94238 0.5665
47360.94336 0.5493
47360.94409 0.5570
47366.92627 0.5447
47366.92725 0.5430
47366.92847 0.5414
47371.92163 0.5358
47371.92261 0.5375
47371.92358 0.5192
47375.91748 0.5289
47375.91870 0.5164
47375.91968 0.5294
47385.87427 0.5246
47385.87524 0.5328
47385.87622 0.5308
47390.86646 0.5378
47390.86743 0.5334
47390.86816 0.5356
47394.87744 0.5438
47394.87842 0.5495
47394.87939 0.5416
47420.76099 0.5634
47420.76221 0.5576
47420.76343 0.5652
47429.73364 0.5445
47429.73486 0.5474
47429.73608 0.5545
47434.76147 0.5403
47434.76245 0.5403
47434.76367 0.5362
47446.67114 0.5110
47446.67188 0.5356
47446.67285 0.5184
47449.66357 0.5318
47449.66504 0.5216
47449.66675 0.5278
47454.71509 0.5339
47454.71655 0.5365
47454.71802 0.5366
47459.68481 0.5588
47459.68604 0.5541
47459.68701 0.5599
47484.60181 0.5520
47484.60278 0.5608
47484.60400 0.5571
47724.97241 0.5609
47724.97363 0.5546
47724.97485 0.5534
47728.97119 0.5471
47728.97217 0.5414
47728.97363 0.5451
47732.88037 0.5494
47732.88110 0.5577
47732.88159 0.5595
47735.90430 0.5538
47735.90527 0.5484
47735.90625 0.5521
47742.86768 0.5734
47742.86865 0.5716
47742.86963 0.5638
47750.83765 0.5859
47750.83862 0.5878
47750.83911 0.5868
47761.81616 0.5730
47761.81714 0.5855
47761.81787 0.5786
47775.80786 0.5758
47775.80908 0.5723
47775.81030 0.5653
47778.75757 0.5709
47778.75879 0.5637
47778.75977 0.5592
47782.76123 0.5802
47782.76245 0.5839
47782.76367 0.5785
47806.70728 0.5487
47806.70825 0.5641
47806.70947 0.5514
47816.70166 0.5730
47816.70313 0.5673
47816.70459 0.5802
47835.63574 0.5697
47835.63721 0.5712
47835.63867 0.5696
47839.63965 0.5861
47839.64087 0.5931
47839.64209 0.5870
47845.59912 0.5992
47845.60034 0.5996
47845.60156 0.5950
48071.96143 0.6112
48071.96265 0.5999
48071.96387 0.6059
48076.93384 0.5995
48076.93506 0.6039
48076.93579 0.6117
48080.96167 0.6220
48080.96265 0.6261
48080.96362 0.6252
48087.90674 0.6080
48087.90771 0.6108
48087.90869 0.6086
48092.93311 0.6190
48092.93408 0.6149
48092.93530 0.6168
48097.94531 0.5817
48097.94678 0.5874
48097.94775 0.5789
48103.90088 0.5651
48103.90234 0.5578
48103.90332 0.5682
48105.91113 0.5723
48105.91211 0.5821
48105.91357 0.5857
48117.82813 0.5841
48117.82959 0.5775
48117.83105 0.5819
48125.86572 0.5875
48125.86719 0.5798
48125.86816 0.5713
48150.76953 0.6076
48150.77051 0.5995
48150.77148 0.5965
48160.73096 0.6286
48160.73193 0.6292
48160.73291 0.6320
48213.58789 0.5858
48213.58984 0.5877
48213.59180 0.5852
48418.98730 0.5979
48418.98779 0.6037
48418.98828 0.6079
48457.92334 0.5578
48457.92383 0.5689
48457.92480 0.5638
48475.83350 0.6079
48475.83447 0.6094
48475.83545 0.6043
48479.83301 0.6059
48479.83447 0.5999
48479.83789 0.6161
48492.87500 0.6543
48492.87646 0.6498
48492.87842 0.6491
48844.84326 0.6228
48844.84424 0.6205
48844.84570 0.6238
48852.85986 0.5855
48852.86133 0.5816
48852.86279 0.5847
48860.81006 0.5776
48860.81152 0.5777
48860.81299 0.5758
48878.80176 0.6330
48878.80273 0.6294
48878.80420 0.6318
48905.73486 0.6738
48905.73584 0.6729
48905.73730 0.6795
48941.62354 0.6262
48941.62500 0.6288
48941.62646 0.6282
49268.73975 0.6159
49268.74072 0.6179
49268.74219 0.6217
49300.59521 0.6422
49300.59668 0.6420
49300.59814 0.6382
49575.89746 0.6487
49575.89844 0.6473
49575.89990 0.6412
49584.80908 0.6613
49584.81006 0.6548
49584.81152 0.6636
49603.76025 0.6656
49603.76123 0.6687
49603.76270 0.6618
49611.74609 0.6445
49611.74707 0.6389
49611.74854 0.6382
49619.77832 0.6382
49619.77930 0.6312
49619.78027 0.6369
49633.67236 0.6799
49633.67383 0.6801
49633.67480 0.6938
49637.66846 0.6997
49637.66992 0.6911
49637.67090 0.6961
49644.70459 0.7088
49644.70605 0.7292
49644.70703 0.7215
49647.67139 0.6984
49647.67236 0.7001
49647.67334 0.6835
49677.63867 0.6757
49677.63965 0.6790
49677.64062 0.6652
