45187.83606 0.1122
45187.83704 0.1137
45187.83899 0.1100
46600.96802 0.2521
46600.96875 0.2537
46600.96973 0.2571
46662.79224 0.2567
46662.79321 0.2663
46662.79395 0.2589
46728.62451 0.2451
46728.62524 0.2489
46728.62598 0.2515
47001.88647 0.2504
47001.88770 0.2488
47001.88916 0.2470
47035.85864 0.2473
47035.85938 0.2462
47035.86011 0.2509
47048.75977 0.2493
47048.76074 0.2482
47048.76172 0.2525
47087.68408 0.2465
47087.68506 0.2567
47087.68604 0.2650
47118.63379 0.2557
47118.63477 0.2501
47118.63574 0.2483
47391.80981 0.2512
47391.81079 0.2509
47391.81177 0.2525
47452.70020 0.2557
47452.70093 0.2652
47452.70215 0.2654
47756.87646 0.2587
47756.87793 0.2606
47756.87939 0.2635
48117.83643 0.2627
48117.83789 0.2601
48117.83887 0.2605
