44480.01300 0.2166
44480.01401 0.2224
46685.02026 0.4400
46685.02124 0.4506
46685.02271 0.4410
46718.95020 0.4226
46718.95361 0.4214
46718.95703 0.4198
46745.90283 0.3874
46745.90430 0.3904
46745.90576 0.4013
46774.77881 0.4095
46774.78101 0.4025
46774.78296 0.4265
46809.71558 0.4025
46809.71899 0.4058
46809.72241 0.3945
47078.97339 0.4214
47078.97437 0.4156
47078.97534 0.4260
47133.86743 0.4023
47133.86841 0.4002
47133.86938 0.4109
47206.62915 0.3948
47206.63013 0.3944
47206.63086 0.4091
47456.99243 0.4271
47456.99365 0.4209
47456.99487 0.4271
47508.76440 0.3957
47508.76538 0.3940
47508.76660 0.3887
47578.67041 0.3696
47578.67163 0.3722
47578.67285 0.3709
47807.95825 0.4026
47807.95923 0.4136
47807.96021 0.4121
47903.66553 0.4354
47903.66675 0.4347
47903.66772 0.4387
48939.83740 0.4431
48939.83887 0.4372
48939.83984 0.4403
48972.80371 0.4221
48972.80518 0.4151
48972.80664 0.4118
49297.87256 0.4663
49297.87402 0.4658
49297.87549 0.4615
49329.73242 0.4359
49329.73389 0.4367
49329.73535 0.4349
49363.67432 0.4225
49363.67578 0.4384
49363.67725 0.4288
49634.90723 0.4485
49634.90820 0.4415
49634.90918 0.4466
49662.85156 0.4697
49662.85303 0.4644
49662.85400 0.4673
49695.79785 0.4697
49695.79883 0.4700
49695.79980 0.4744
49731.71484 0.4658
49731.71631 0.4743
49731.71729 0.4686
49754.66260 0.4671
49754.66406 0.4630
49754.66504 0.4549
