45503.97000 0.2615
45503.97100 0.2597
45503.97300 0.2660
45506.96400 0.2718
45506.96500 0.2710
45506.96600 0.2612
45509.97600 0.2730
45509.97700 0.2673
45509.97800 0.2675
45512.96800 0.2678
45512.97000 0.2748
45512.97200 0.2770
45517.97300 0.2616
45517.97500 0.2603
45517.97700 0.2653
45523.98700 0.2674
45523.98800 0.2793
45523.98900 0.2774
45528.93000 0.2572
45528.93200 0.2585
45528.93300 0.2593
45529.92800 0.2584
45529.93000 0.2767
45529.93100 0.2674
45535.87600 0.2625
45535.87700 0.2743
45535.87800 0.2621
45541.94800 0.2768
45541.95000 0.2689
45541.95100 0.2678
45548.95900 0.2759
45548.96000 0.2808
45548.96100 0.2710
45552.89200 0.2698
45552.89400 0.2779
45552.89600 0.2719
45558.76000 0.2567
45558.76100 0.2607
45558.76200 0.2620
45571.84200 0.2597
45571.84300 0.2677
45571.84400 0.2589
45575.84000 0.2743
45575.84100 0.2612
45575.84200 0.2678
45581.72900 0.2524
45581.73000 0.2579
45581.73100 0.2644
45584.77000 0.2578
45584.77200 0.2543
45584.77300 0.2680
45591.70700 0.2638
45591.70800 0.2637
45591.70900 0.2617
45621.74700 0.2657
45621.75100 0.2642
45621.75500 0.2650
45660.66100 0.2730
45660.66600 0.2863
45660.67000 0.2810
46274.95435 0.2713
46274.95557 0.2652
46274.95703 0.2632
46284.92578 0.2587
46284.92676 0.2672
46284.92773 0.2712
46323.79468 0.2581
46323.79541 0.2576
46323.79639 0.2676
46367.68848 0.2685
46367.68921 0.2618
46367.69019 0.2583
46377.69946 0.2557
46377.70044 0.2593
46377.70142 0.2595
46414.60815 0.2462
46414.60889 0.2580
46414.60962 0.2561
