2445165.87805 0.1031
2445165.88000 0.1096
2445165.88306 0.1072
2449235.84082 0.0977
2449235.85010 0.1023
2449235.85938 0.1054
2449238.81787 0.0905
2449238.82422 0.1021
2449238.83057 0.1033
2449242.82715 0.1021
2449242.83301 0.1024
2449242.83789 0.1074
2449249.71826 0.1069
2449249.72412 0.1060
2449249.73047 0.1088
2449249.73535 0.2605
2449249.73877 0.2654
2449249.74219 0.2426
2449255.77686 0.1127
2449255.78467 0.1095
2449255.79248 0.1160
2449255.79980 0.2576
2449255.80566 0.2700
2449255.81055 0.2565
2449258.78223 0.0965
2449258.78857 0.1036
2449258.79590 0.1021
2449258.80469 0.2355
2449258.81006 0.2509
2449258.81494 0.2656
2449261.74561 0.0990
2449261.75342 0.0936
2449261.76221 0.0956
2449261.77686 0.2435
2449261.78223 0.2455
2449261.78760 0.2545
2449281.70361 0.1124
2449281.70703 0.1128
2449281.70996 0.1180
2449284.69580 0.2370
2449284.69824 0.2449
2449284.70020 0.2396
2449297.67969 0.1074
2449297.68213 0.1085
2449297.68506 0.1066
2449564.89258 0.1094
2449564.89502 0.1024
2449564.89746 0.1007
2449568.87256 0.1027
2449568.87354 0.1023
2449568.87500 0.1056
2449568.87793 0.0989
2449568.88037 0.1025
2449568.88281 0.1026
2449572.89600 0.1104
2449572.89844 0.1111
2449572.90137 0.1135
2449575.89014 0.0964
2449575.89209 0.1039
2449575.89404 0.1000
2449579.82861 0.1114
2449579.83154 0.1067
2449579.83447 0.1067
2449581.80273 0.1188
2449581.80615 0.1202
2449581.80957 0.1188
2449588.82471 0.0975
2449588.82666 0.0995
2449588.82910 0.0987
2449594.82764 0.1048
2449594.82959 0.1112
2449594.83154 0.1027
2449597.80371 0.1210
2449597.80664 0.1059
2449597.80957 0.1159
2449601.80078 0.1079
2449601.80322 0.1115
2449601.80469 0.1061
2449610.79004 0.1076
2449610.79150 0.1111
2449610.79395 0.1022
2449615.71191 0.1045
2449615.71484 0.0962
2449615.71729 0.1113
2449619.76758 0.1092
2449619.77051 0.1012
2449619.77295 0.1223
2449626.67236 0.1015
2449626.67480 0.1030
2449626.67676 0.1026
2449632.68555 0.1037
2449632.68896 0.1043
2449632.69189 0.0998
2449636.73047 0.0984
2449636.73340 0.1011
2449636.73633 0.1062
2449639.66064 0.1030
2449639.66553 0.1070
2449639.66992 0.1075
2449642.71240 0.1078
2449642.71582 0.0973
2449642.71875 0.0995
2449646.70361 0.0951
2449646.70605 0.1021
2449646.70898 0.1036
2449653.62598 0.1038
2449653.62842 0.1042
2449653.63086 0.1140
2449657.60645 0.1090
2449657.60840 0.1070
2449657.61084 0.1101
2449662.68506 0.1258
2449662.68750 0.1077
2449662.69043 0.1012
2449668.65234 0.1171
2449668.65527 0.1091
2449668.65869 0.1070
2449677.62939 0.1097
2449677.63232 0.1129
2449677.63525 0.1064
