45186.81104 0.2097
45186.81201 0.2054
45186.81299 0.2141
45502.98400 0.4891
45502.98500 0.4884
45502.98700 0.4869
45505.96900 0.4864
45505.96900 0.4847
45505.97000 0.4918
45510.95300 0.4689
45510.95400 0.4702
45510.95500 0.4677
45513.97800 0.4699
45513.97900 0.4700
45513.98000 0.4646
45521.99700 0.4543
45521.99900 0.4586
45522.00000 0.4571
45527.94800 0.4770
45527.94800 0.4686
45527.94900 0.4689
45532.95200 0.4735
45532.95300 0.4720
45532.95300 0.4748
45537.86000 0.4696
45537.86100 0.4639
45537.86100 0.4650
45542.91100 0.4636
45542.91200 0.4650
45542.91200 0.4591
45548.99300 0.4619
45548.99400 0.4590
45548.99400 0.4715
45552.88800 0.4784
45552.88900 0.4774
45552.88900 0.4799
45558.76400 0.4784
45558.76400 0.4859
45558.76500 0.4847
45571.80100 0.4861
45571.80200 0.4806
45571.80400 0.4765
45571.80700 0.4760
45571.80700 0.4808
45571.80800 0.4800
45578.81700 0.4867
45578.81800 0.4564
45578.81800 0.4763
45591.79300 0.4516
45591.79500 0.4618
45591.79600 0.4528
45652.69200 0.5294
45652.69300 0.5288
45652.69300 0.5323
45660.69100 0.5144
45660.69200 0.5091
45660.69300 0.5115
45861.98816 0.4817
45861.98889 0.4849
45861.98962 0.4948
45867.97803 0.4897
45867.97852 0.4878
45867.97913 0.4959
45872.98975 0.5028
45872.99036 0.4972
45872.99097 0.4939
45881.97412 0.5021
45881.97473 0.4941
45881.97534 0.5113
45886.95544 0.4901
45886.95605 0.4949
45886.95679 0.4929
45892.95007 0.4900
45892.95068 0.4964
45892.95129 0.4981
45898.95679 0.4987
45898.95740 0.5114
45898.95789 0.4969
45908.94971 0.4820
45908.95044 0.4735
45908.95129 0.4673
45911.96802 0.4712
45911.96863 0.4650
45911.96936 0.4666
45917.92188 0.4432
45917.92273 0.4781
45917.92358 0.4828
45923.92383 0.4952
45923.92444 0.4981
45923.92517 0.4874
45929.90491 0.4949
45929.90564 0.4953
45929.90625 0.4852
45934.84436 0.4904
45934.84546 0.4940
45934.84619 0.4872
45939.82190 0.4776
45939.82251 0.4819
45939.82324 0.4691
45943.81140 0.4783
45943.81201 0.4691
45943.81274 0.4817
45949.84180 0.4937
45949.84363 0.4934
45949.84546 0.4945
45958.76355 0.5108
45958.76465 0.5194
45958.76575 0.5223
45963.85266 0.5061
45963.85437 0.5008
45963.85596 0.5002
45982.79407 0.5000
45982.79602 0.5023
45982.79749 0.5035
45988.76868 0.4943
45988.76965 0.4961
45988.77063 0.5026
46006.61731 0.4700
46006.61780 0.4837
46006.61853 0.4732
46015.69202 0.4640
46015.69263 0.4729
46015.69336 0.4689
46022.62390 0.4839
46022.62451 0.4801
46022.62537 0.4738
46028.61951 0.4602
46028.62073 0.4569
46028.62183 0.4577
46036.62439 0.4392
46036.62549 0.4324
46036.62659 0.4266
46049.60767 0.4390
46049.60986 0.4427
46049.61206 0.4390
46218.98340 0.4885
46218.98413 0.4942
46218.98486 0.4898
46230.99097 0.4859
46230.99170 0.4838
46230.99268 0.4795
46238.99634 0.4846
46238.99707 0.4849
46238.99756 0.4883
46266.95630 0.5046
46266.95703 0.5055
46266.95776 0.5084
46272.94067 0.4948
46272.94165 0.5073
46272.94287 0.5030
46280.90039 0.4729
46280.90186 0.4641
46280.90332 0.4687
46285.95142 0.4538
46285.95215 0.4471
46285.95288 0.4480
46290.90796 0.4713
46290.90918 0.4666
46290.91040 0.4593
46294.88745 0.4713
46294.88843 0.4668
46294.88916 0.4632
46302.89307 0.4782
46302.89380 0.4832
46302.89453 0.4766
46323.86523 0.4919
46323.86597 0.4866
46323.86694 0.4818
46329.75415 0.4810
46329.75488 0.4852
46329.75537 0.4879
46339.75513 0.4861
46339.75586 0.4792
46339.75659 0.4812
46349.73999 0.4819
46349.74072 0.4780
46349.74170 0.4835
46362.71509 0.4859
46362.71606 0.4861
46362.71680 0.4855
46370.73730 0.4811
46370.73804 0.4921
46370.73901 0.4822
46375.69604 0.4806
46375.69678 0.4821
46375.69775 0.4818
46387.65967 0.4977
46387.66064 0.4940
46387.66162 0.4948
46408.59814 0.4842
46408.59912 0.4819
46408.60010 0.4890
46419.61279 0.4833
46419.61353 0.4922
46419.61426 0.4910
46632.95752 0.4490
46632.95825 0.4466
46632.95923 0.4409
46653.95801 0.4566
46653.95874 0.4590
46653.95972 0.4474
46659.87744 0.4609
46659.87817 0.4622
46659.87915 0.4606
46665.88159 0.4556
46665.88232 0.4491
46665.88306 0.4594
46672.87549 0.4917
46672.87671 0.4846
46672.87744 0.4948
46681.87451 0.4752
46681.87524 0.4708
46681.87598 0.4786
46690.78784 0.4710
46690.78882 0.4858
46690.78979 0.4706
46709.78369 0.4777
46709.78442 0.4787
46709.78516 0.4718
46718.76880 0.4738
46718.76978 0.4844
46718.77051 0.4835
46726.71484 0.4650
46726.71582 0.4564
46726.71680 0.4556
46738.65454 0.4646
46738.65552 0.4621
46738.65649 0.4651
46745.68530 0.4650
46745.68604 0.4599
46745.68677 0.4531
46751.62500 0.4643
46751.62598 0.4666
46751.62671 0.4580
46767.59521 0.4672
46767.59595 0.4683
46767.59644 0.4735
46773.62378 0.4763
46773.62476 0.4784
46773.62549 0.4808
46780.59131 0.4799
46780.59229 0.4817
46780.59302 0.4846
46970.98999 0.4571
46970.99048 0.4624
46970.99121 0.4767
46990.97974 0.4471
46990.98071 0.4495
46990.98169 0.4421
47001.94897 0.4532
47001.94971 0.4484
47001.95044 0.4491
47031.89014 0.4349
47031.89111 0.4324
47031.89185 0.4303
47038.83911 0.4353
47038.83984 0.4352
47038.84082 0.4327
47044.77148 0.4387
47044.77222 0.4490
47044.77295 0.4578
47050.80078 0.4595
47050.80151 0.4611
47050.80249 0.4613
47055.82227 0.4446
47055.82324 0.4390
47055.82422 0.4407
47064.75977 0.4423
47064.76074 0.4455
47064.76172 0.4498
47071.73120 0.4343
47071.73193 0.4403
47071.73291 0.4385
47078.74341 0.4261
47078.74414 0.4361
47078.74512 0.4286
47087.71069 0.4438
47087.71167 0.4407
47087.71265 0.4478
47109.71558 0.4606
47109.71655 0.4710
47109.71729 0.4764
47120.64893 0.4696
47120.64990 0.4759
47120.65088 0.4748
47127.67334 0.5119
47127.67432 0.4976
47127.67529 0.4985
47141.64575 0.4877
47141.64697 0.4870
47141.64795 0.4972
47379.94702 0.4634
47379.94800 0.4681
47379.94897 0.4624
47386.90771 0.4511
47386.90869 0.4595
47386.90991 0.4532
47394.91089 0.4511
47394.91162 0.4576
47394.91260 0.4480
47422.80493 0.4551
47422.80591 0.4540
47422.80713 0.4576
47434.78882 0.4707
47434.78979 0.4654
47434.79077 0.4745
47447.71631 0.4784
47447.71704 0.4719
47447.71802 0.4714
47454.73462 0.4698
47454.73560 0.4713
47454.73657 0.4684
47464.70972 0.4627
47464.71069 0.4558
47464.71167 0.4600
47470.62866 0.4474
47470.62964 0.4411
47470.63062 0.4496
47485.60889 0.4807
47485.60986 0.4794
47485.61084 0.4865
47729.94995 0.4738
47729.95093 0.4681
47729.95166 0.4718
47736.89648 0.4890
47736.89697 0.4951
47736.89771 0.4783
47742.92920 0.5177
47742.93042 0.5059
47742.93164 0.5071
47753.92920 0.5144
47753.93066 0.5146
47753.93213 0.5156
47777.75317 0.5129
47777.75439 0.5082
47777.75562 0.5082
47808.75366 0.5257
47808.75488 0.5295
47808.75635 0.5358
47837.68115 0.5126
47837.68262 0.5146
47837.68408 0.5274
47848.63428 0.5058
47848.63574 0.5005
47848.63745 0.5045
48092.94312 0.4781
48092.94409 0.4751
48092.94507 0.4799
48100.96045 0.4968
48100.96143 0.4953
48100.96289 0.5040
48130.88623 0.5374
48130.88721 0.5387
48130.88818 0.5358
48160.78662 0.5073
48160.78809 0.5080
48160.78955 0.5082
48391.97363 0.5095
48391.97510 0.5123
48391.97656 0.5148
48392.97021 0.5090
48392.97168 0.4975
48392.97266 0.5016
48393.97119 0.5155
48393.97314 0.5149
48393.97510 0.5152
48395.97021 0.5147
48395.97168 0.5214
48395.97314 0.5197
48397.96973 0.5222
48397.97119 0.5058
48397.97266 0.5106
48399.96533 0.5077
48399.96680 0.4962
48399.96826 0.5042
48401.96826 0.4910
48401.96973 0.4986
48401.97070 0.4942
48403.97119 0.4996
48403.97217 0.4976
48403.97412 0.5034
48405.96729 0.5102
48405.96875 0.5213
48405.97021 0.5133
48408.96436 0.5179
48408.96582 0.5107
48408.96680 0.5186
48415.98389 0.5109
48415.98438 0.5083
48415.98486 0.5132
48419.97119 0.4997
48419.97314 0.5043
48419.97461 0.5010
48421.97119 0.5058
48421.97266 0.5056
48421.97412 0.5061
48423.96826 0.5022
48423.96973 0.5072
48423.97119 0.5035
48426.96631 0.5054
48426.96826 0.5135
48426.96973 0.5080
48428.96338 0.4866
48428.96436 0.4927
48428.96582 0.4956
48430.96729 0.5029
48430.96875 0.5007
48430.97021 0.5011
48432.96582 0.5065
48432.96729 0.5107
48432.96875 0.5066
48450.97803 0.4933
48450.97949 0.4978
48450.98047 0.4946
48452.96680 0.4941
48452.96826 0.4840
48452.96973 0.4919
48459.89551 0.4756
48459.89697 0.4719
48459.89893 0.4694
48461.95459 0.4824
48461.95654 0.4786
48461.95801 0.4818
48463.95459 0.4901
48463.95605 0.4781
48463.95703 0.4798
48465.86816 0.4953
48465.86914 0.4814
48465.87061 0.4870
48467.91602 0.4940
48467.91748 0.4940
48467.91895 0.4912
48471.92529 0.5095
48471.92578 0.5074
48471.92627 0.5039
48475.84912 0.4944
48475.85059 0.5006
48475.85205 0.4949
48475.85303 0.4866
48475.85449 0.4938
48475.85547 0.4931
48475.87207 0.5022
48475.87256 0.4953
48475.87354 0.4971
48475.87598 0.4939
48475.87744 0.4950
48475.87891 0.5009
48490.87744 0.4891
48490.87891 0.4899
48490.88037 0.4894
48491.80566 0.4779
48491.80762 0.4835
48491.80859 0.4772
48493.83105 0.4790
48493.83203 0.4804
48493.83301 0.4720
48495.87988 0.4826
48495.88135 0.4758
48495.88232 0.4858
48497.87500 0.4832
48497.87646 0.4848
48497.87793 0.4863
48499.88037 0.4804
48499.88184 0.4790
48499.88330 0.4752
48551.68506 0.4997
48551.68701 0.4940
48551.68945 0.5017
48857.92578 0.4623
48857.92725 0.4581
48857.92871 0.4617
48878.82129 0.5094
48878.82275 0.5117
48878.82422 0.5052
48887.84619 0.4965
48887.84766 0.5004
48887.84912 0.5008
48905.74609 0.5020
48905.74756 0.5041
48905.74902 0.5009
48918.70703 0.4936
48918.70801 0.4910
48918.70947 0.4896
48939.66064 0.5192
48939.66162 0.5153
48939.66309 0.5118
48971.60645 0.5199
48971.60742 0.5201
48971.60889 0.5061
49239.85205 0.5206
49239.85352 0.5173
49239.85547 0.5158
49254.81201 0.4855
49254.81396 0.4843
49254.81592 0.4810
49266.78223 0.5148
49266.78320 0.5096
49266.78467 0.5065
49283.72754 0.5132
49283.72900 0.5153
49283.73096 0.5142
49311.58887 0.5087
49311.59033 0.5073
49311.59180 0.5065
49576.85107 0.4983
49576.85205 0.5024
49576.85303 0.5040
49583.82666 0.5189
49583.82764 0.5179
49583.82910 0.5135
49587.82324 0.5234
49587.82471 0.5148
49587.82568 0.5125
49601.81787 0.4840
49601.81885 0.4785
49601.82031 0.4813
49605.78564 0.4880
49605.78662 0.4834
49605.78809 0.4849
49615.73730 0.5172
49615.73828 0.5147
49615.73926 0.5187
49620.72754 0.5188
49620.72852 0.5240
49620.72949 0.5248
49634.70752 0.5048
49634.70898 0.5043
49634.70996 0.5064
49641.68506 0.5019
49641.68604 0.5018
49641.68701 0.5046
49647.68408 0.4970
49647.68555 0.4961
49647.68652 0.4893
49654.65430 0.5132
49654.65576 0.5102
49654.65674 0.5071
49661.63379 0.5328
49661.63477 0.5275
49661.63623 0.5263
49675.66309 0.5329
49675.66406 0.5191
49675.66553 0.5290
49696.61523 0.4959
49696.61621 0.4958
49696.61768 0.4939
