45503.97600 0.3963
45503.97600 0.3905
45503.97700 0.3910
45507.95400 0.4077
45507.95500 0.4030
45507.95600 0.4016
45510.94100 0.3918
45510.94200 0.3879
45510.94200 0.4004
45513.97400 0.3986
45513.97500 0.3909
45513.97600 0.3998
45522.96700 0.3963
45522.96800 0.4028
45522.96800 0.4002
45528.93400 0.3978
45528.93500 0.4073
45528.93600 0.3925
45534.93800 0.3993
45534.93800 0.4021
45534.93900 0.3898
45539.93000 0.4028
45539.93000 0.4009
45539.93100 0.3963
45545.99400 0.4049
45545.99400 0.3998
45545.99500 0.3992
45549.00500 0.4055
45549.00500 0.4108
45549.00600 0.4039
45552.89900 0.4111
45552.90000 0.3921
45552.90000 0.3987
45558.78600 0.3904
45558.78700 0.3921
45558.78700 0.3954
45571.79600 0.4057
45571.79700 0.3962
45571.79800 0.3974
45575.83700 0.3935
45575.83800 0.3962
45575.83800 0.3930
45581.72600 0.3895
45581.72600 0.3952
45581.72700 0.3951
45584.77700 0.3988
45584.77800 0.4012
45584.77900 0.3997
45591.71200 0.4005
45591.71300 0.3889
45591.71300 0.4008
45621.77900 0.3849
45621.78000 0.3931
45621.78100 0.3977
45652.68700 0.4014
45652.68800 0.3926
45652.68800 0.4042
45660.67400 0.4127
45660.67500 0.4157
45660.67600 0.4164
46234.96875 0.3985
46234.96997 0.3993
46234.97144 0.3917
46238.97998 0.3898
46238.98071 0.3827
46238.98169 0.3974
46243.98804 0.4023
46243.98877 0.4035
46243.98975 0.4025
46266.95044 0.3879
46266.95117 0.3872
46266.95190 0.3836
46272.94946 0.3973
46272.95020 0.4000
46272.95093 0.4014
46277.96460 0.3924
46277.96558 0.3995
46277.96655 0.3978
46280.91992 0.4086
46280.92065 0.4094
46280.92163 0.4184
46283.85254 0.3983
46283.85352 0.3946
46283.85449 0.3924
46286.92432 0.3966
46286.92505 0.3948
46286.92578 0.3927
46289.95264 0.3932
46289.95313 0.3924
46289.95386 0.3976
46292.89063 0.3970
46292.89160 0.3863
46292.89282 0.3889
46295.90454 0.3997
46295.90503 0.3903
46295.90576 0.3975
46299.88086 0.3920
46299.88159 0.3923
46299.88232 0.3897
46302.89819 0.3944
46302.89917 0.3984
46302.89990 0.3959
46310.93335 0.3917
46310.93384 0.3885
46310.93457 0.3860
46322.80103 0.3928
46322.80200 0.3875
46322.80298 0.3883
46329.74951 0.3925
46329.75024 0.3903
46329.75098 0.3869
46334.81226 0.3948
46334.81299 0.4001
46334.81372 0.3898
46339.74707 0.3915
46339.74780 0.3980
46339.74854 0.3993
46349.75879 0.3938
46349.75952 0.3878
46349.76025 0.3933
46356.71509 0.3864
46356.71606 0.3885
46356.71704 0.3918
46362.70825 0.3931
46362.70898 0.3885
46362.70972 0.3927
46365.69336 0.3859
46365.69409 0.4003
46365.69482 0.4032
46368.68530 0.3840
46368.68628 0.3879
46368.68701 0.3897
46372.66870 0.3916
46372.66943 0.3891
46372.67041 0.3957
46375.70068 0.3888
46375.70166 0.3889
46375.70264 0.3867
46384.66113 0.3835
46384.66187 0.3876
46384.66260 0.3856
46387.66626 0.3893
46387.66699 0.3838
46387.66797 0.3904
46390.64111 0.3953
46390.64185 0.3941
46390.64282 0.3904
46396.68823 0.3895
46396.68896 0.3978
46396.68994 0.3907
46403.65063 0.3921
46403.65161 0.3988
46403.65234 0.3925
46406.62866 0.3903
46406.62964 0.3849
46406.63062 0.3925
46409.63037 0.3893
46409.63135 0.3898
46409.63232 0.3931
46414.61694 0.3830
46414.61792 0.3789
46414.61865 0.3844
46419.62012 0.3950
46419.62109 0.3884
46419.62183 0.3895
46423.60645 0.3939
46423.60742 0.3897
46423.60815 0.3926
46632.95190 0.3883
46632.95264 0.3832
46632.95313 0.3869
46650.95190 0.3767
46650.95264 0.3848
46650.95361 0.3739
46654.93359 0.3890
46654.93433 0.3880
46654.93506 0.3944
46657.92090 0.3906
46657.92163 0.3842
46657.92261 0.3809
46663.91235 0.3809
46663.91333 0.3818
46663.91455 0.3889
46666.84814 0.3936
46666.84888 0.3972
46666.84961 0.3949
46671.85278 0.3868
46671.85327 0.3941
46671.85400 0.3990
46674.83423 0.3823
46674.83521 0.3844
46674.83594 0.3851
46678.86890 0.3952
46678.86987 0.3857
46678.87061 0.3910
46687.78589 0.4000
46687.78711 0.3937
46687.78833 0.3967
46691.79126 0.3806
46691.79199 0.3856
46691.79272 0.3892
46706.75049 0.3910
46706.75122 0.3883
46706.75195 0.3883
46711.74658 0.3850
46711.75854 0.3931
46716.64648 0.3988
46716.64746 0.4027
46716.64819 0.3962
46721.72266 0.3987
46721.72339 0.3913
46721.72412 0.3944
46724.70264 0.3797
46724.70361 0.3924
46724.70435 0.3878
46727.70972 0.3810
46727.71069 0.3907
46727.71167 0.3839
46731.71143 0.3924
46731.71313 0.3906
46731.71387 0.3898
46737.67822 0.4029
46737.67871 0.3978
46737.67969 0.3915
46741.67163 0.3972
46741.67285 0.3914
46741.67407 0.3804
46745.67969 0.3880
46745.68042 0.3849
46745.68115 0.3929
46748.67822 0.3862
46748.67896 0.3931
46748.67993 0.3764
46751.61768 0.3863
46751.61865 0.3961
46751.61963 0.3862
46755.62769 0.3906
46755.62842 0.3942
46755.62939 0.3772
46767.58862 0.3887
46767.58960 0.3905
46767.59033 0.3918
46773.61523 0.3941
46773.61621 0.3913
46773.61694 0.4008
46778.59009 0.3999
46778.59106 0.3903
46778.59204 0.3881
46782.58423 0.3971
46782.58496 0.3896
46782.58569 0.3838
47001.94189 0.3827
47001.94287 0.3902
47001.94385 0.3883
47007.94458 0.3939
47007.94556 0.3890
47007.94653 0.3897
47024.86401 0.3755
47024.86499 0.3791
47024.86597 0.3793
47029.88550 0.3815
47029.88647 0.3787
47029.88721 0.3830
47035.88428 0.3827
47035.88501 0.4007
47035.88550 0.3773
47035.88696 0.3902
47035.88770 0.3848
47035.88867 0.3803
47038.83130 0.3873
47038.83203 0.3823
47038.83276 0.3861
47042.86426 0.3885
47042.86523 0.3954
47042.86597 0.3892
47045.86621 0.3970
47045.86719 0.3880
47045.86792 0.4065
47049.80078 0.3856
47049.80151 0.3874
47049.80225 0.3921
47054.76270 0.3880
47054.76367 0.3819
47054.76440 0.3864
47057.89380 0.3917
47057.89478 0.3804
47057.89575 0.3919
47066.83862 0.3925
47066.83960 0.4009
47066.84033 0.3975
47070.75244 0.3811
47070.75366 0.3815
47070.75464 0.3780
47074.75854 0.3824
47074.75952 0.3851
47074.76050 0.3779
47078.73730 0.3983
47078.73804 0.3930
47078.73877 0.3964
47083.74414 0.3863
47083.74512 0.4056
47083.74609 0.4014
47088.76416 0.3877
47088.76514 0.3998
47088.76611 0.3885
47109.70679 0.3831
47109.70776 0.3865
47109.70850 0.3925
47114.66309 0.3963
47114.66406 0.3933
47114.66577 0.3944
47120.64136 0.3935
47120.64209 0.3894
47120.64307 0.3872
47124.63843 0.3916
47124.63940 0.4009
47124.64014 0.3961
47127.68140 0.3923
47127.68237 0.4094
47127.68359 0.4003
47132.68140 0.3862
47132.68188 0.3930
47132.68311 0.3977
47132.68408 0.3973
47132.68506 0.3852
47137.67896 0.3954
47137.67969 0.3921
47137.68066 0.3936
47374.97559 0.3803
47374.97656 0.3901
47374.97754 0.3943
47379.93408 0.3949
47379.93530 0.3926
47379.93628 0.3911
47382.98535 0.3885
47382.98657 0.3850
47382.98779 0.3862
47386.90137 0.3885
47386.90234 0.3876
47386.90332 0.3907
47389.92651 0.3963
47389.92749 0.3933
47389.92871 0.3885
47394.90186 0.3891
47394.90308 0.3814
47394.90405 0.3856
47412.86865 0.3840
47412.87012 0.3840
47412.87158 0.3788
47422.79736 0.3815
47422.79834 0.3802
47422.79956 0.3878
47433.76611 0.3910
47433.76733 0.3878
47433.76855 0.3881
47447.72754 0.3885
47447.72852 0.3867
47447.72900 0.3942
47453.71997 0.3989
47453.72095 0.3849
47453.72168 0.3901
47457.66528 0.3902
47457.66650 0.3937
47457.66797 0.3832
47462.67871 0.3813
47462.68188 0.3961
47462.68481 0.3983
47468.64868 0.3922
47468.64990 0.3904
47468.65137 0.3958
47471.62109 0.3787
47471.62207 0.3953
47471.62329 0.3880
47485.60083 0.3886
47485.60181 0.3948
47485.60303 0.3862
47494.61548 0.3954
47494.61670 0.3912
47494.61792 0.3961
47497.60083 0.4025
47497.60181 0.3976
47497.60254 0.3935
47732.96484 0.4034
47732.96558 0.4032
47732.96655 0.4074
47735.93506 0.4014
47735.93579 0.4021
47735.93677 0.4029
47742.91699 0.4046
47742.91846 0.3973
47742.91968 0.4009
47753.91724 0.4088
47753.91870 0.4051
47753.92017 0.4146
47777.74268 0.3992
47777.74365 0.3991
47777.74463 0.3979
47781.80371 0.4107
47781.80469 0.4169
47781.80566 0.4071
47806.75928 0.3996
47806.76050 0.3954
47806.76172 0.4027
47810.73828 0.4000
47810.73975 0.3985
47810.74121 0.3973
47837.67041 0.4033
47837.67188 0.4102
47837.67310 0.4014
47846.63940 0.4015
47846.64087 0.4033
47846.64258 0.4064
48091.95923 0.4041
48091.96021 0.4025
48091.96143 0.3951
48096.95264 0.4071
48096.95410 0.4093
48096.95557 0.4125
48099.96338 0.4103
48099.96484 0.4121
48099.96631 0.4085
48105.94189 0.4087
48105.94336 0.4052
48105.94434 0.4088
48127.89600 0.4041
48127.89697 0.4132
48127.89844 0.4111
48133.89844 0.4112
48133.89990 0.4115
48133.90137 0.4134
48160.77881 0.4131
48160.78027 0.4162
48160.78125 0.4150
48167.73877 0.4117
48167.73975 0.4094
48167.74121 0.4128
48214.65576 0.4038
48214.65723 0.4084
48214.65869 0.4005
48223.61670 0.4098
48223.61768 0.4121
48223.61914 0.4139
48228.59863 0.4130
48228.60010 0.4136
48228.60156 0.4089
