2445503.96300 0.5917
2445503.96400 0.5737
2445503.96400 0.5761
2445507.96000 0.5858
2445507.96100 0.5675
2445507.96200 0.5904
2445510.95900 0.5906
2445510.95900 0.5715
2445510.96000 0.5668
2445513.96400 0.5726
2445513.96500 0.5539
2445513.96600 0.5549
2445521.96800 0.5690
2445521.96900 0.5622
2445521.96900 0.5694
2445526.89600 0.5668
2445526.89600 0.5853
2445526.89700 0.5875
2445532.92200 0.5921
2445532.92300 0.5837
2445532.92300 0.5824
2445537.85500 0.5831
2445537.85500 0.5836
2445537.85600 0.5874
2445542.88900 0.5706
2445542.89000 0.5720
2445542.89000 0.5643
2445548.97300 0.5758
2445548.97300 0.5913
2445548.97400 0.5925
2445552.78700 0.5777
2445552.78800 0.5773
2445552.78800 0.5826
2445558.76800 0.5690
2445558.76900 0.5789
2445558.77000 0.5797
2445571.78200 0.5877
2445571.78200 0.5651
2445571.78300 0.5718
2445575.84400 0.5714
2445575.84400 0.5584
2445575.84500 0.5670
2445581.74100 0.5642
2445581.74200 0.5852
2445581.74200 0.5829
2445584.74800 0.5740
2445584.74900 0.5729
2445584.74900 0.5748
2445591.69800 0.5868
2445591.69900 0.5910
2445591.69900 0.5747
2446330.75977 0.5348
2446330.76025 0.5282
2446330.76099 0.5259
2446338.73291 0.5335
2446338.73364 0.5309
2446338.73413 0.5246
2446341.74268 0.5346
2446341.74341 0.5315
2446341.74390 0.5327
2446349.73218 0.5276
2446349.73291 0.5320
2446349.73340 0.5413
2446357.72192 0.5189
2446357.72266 0.5252
2446357.72339 0.5182
2446362.69678 0.5402
2446362.69751 0.5259
2446362.69849 0.5416
2446367.67603 0.5271
2446367.67676 0.5278
2446367.67749 0.5188
2446371.68408 0.5326
2446371.68481 0.5379
2446371.68555 0.5282
2446376.64209 0.5251
2446376.64307 0.5302
2446376.64380 0.5248
2446384.63525 0.5481
2446384.63647 0.5421
2446384.63818 0.5395
2446387.61743 0.5284
2446387.61841 0.5393
2446387.61938 0.5430
2446390.62939 0.5244
2446390.63037 0.5248
2446390.63135 0.5217
2446406.61401 0.5372
2446406.61475 0.5300
2446406.61523 0.5452
2446409.61377 0.5438
2446409.61499 0.5459
2446409.61597 0.5366
2446414.59229 0.5249
2446414.59302 0.5294
2446414.59399 0.5283
2446630.97632 0.5360
2446630.97705 0.5432
2446630.97778 0.5294
2446649.93604 0.5450
2446649.93677 0.5488
2446649.93774 0.5439
2446654.90869 0.5332
2446654.90967 0.5276
2446654.91064 0.5306
2446657.89624 0.5241
2446657.89722 0.5344
2446657.89795 0.5423
2446662.88354 0.5221
2446662.88452 0.5233
2446662.88550 0.5353
2446666.83936 0.5490
2446666.84009 0.5287
2446666.84106 0.5358
2446671.83862 0.5536
2446671.83936 0.5379
2446671.84009 0.5525
2446674.82446 0.5217
2446674.82544 0.5333
2446674.82617 0.5391
2446677.79443 0.5528
2446677.79517 0.5484
2446677.79590 0.5469
2446683.77612 0.5578
2446683.77710 0.5506
2446683.77808 0.5419
2446687.77295 0.5306
2446687.77368 0.5441
2446687.77441 0.5292
2446690.74463 0.5493
2446690.74561 0.5506
2446690.74658 0.5464
2446695.78271 0.5374
2446695.78369 0.5451
2446695.78467 0.5547
2446706.73682 0.5325
2446706.73755 0.5134
2446706.73828 0.5333
2446709.74146 0.5489
2446709.74219 0.5311
2446709.74316 0.5139
2446716.63623 0.5388
2446716.63696 0.5269
2446716.63794 0.5123
2446720.70996 0.5160
2446720.71069 0.5247
2446720.71143 0.5339
2446726.63550 0.5191
2446726.63647 0.5304
2446726.63770 0.5211
2446729.62109 0.5162
2446729.62183 0.5186
2446729.62280 0.5144
2446736.64893 0.5232
2446736.64966 0.5228
2446736.65063 0.5217
2446740.64502 0.5004
2446740.64575 0.5067
2446740.64673 0.5196
2446744.63452 0.5076
2446744.63550 0.5284
2446744.63599 0.5181
2446747.63818 0.5388
2446747.63916 0.5183
2446747.64014 0.5337
2446754.62158 0.5047
2446754.62231 0.4978
2446754.62305 0.5146
2446767.57495 0.5118
2446767.57593 0.5191
2446767.57666 0.5068
2447008.91382 0.5034
2447008.91455 0.5164
2447008.91553 0.5145
2447012.91846 0.4987
2447012.91943 0.4935
2447012.92017 0.4991
2447027.87378 0.5184
2447027.87476 0.5296
2447027.87573 0.5348
2448844.83691 0.5813
2448844.83838 0.5794
2448844.83936 0.5830
2448878.80713 0.5657
2448878.80859 0.5738
2448878.80957 0.5752
2448905.73975 0.6010
2448905.74121 0.5991
2448905.74268 0.6040
2448939.63623 0.6181
2448939.63721 0.6128
2448939.63867 0.6096
2449270.73633 0.5852
2449270.73779 0.5768
2449270.73926 0.5793
2449579.87109 0.5823
2449579.87256 0.5888
2449579.87354 0.5934
2449587.81250 0.5783
2449587.81396 0.5827
2449587.81494 0.5869
2449603.76562 0.5768
2449603.76709 0.5778
2449603.76807 0.5778
2449615.72656 0.5983
2449615.72754 0.5971
2449615.72900 0.5889
2449635.72998 0.5921
2449635.73096 0.5832
2449635.73242 0.5713
2449644.71045 0.6162
2449644.71143 0.6207
2449644.71289 0.6121
2449677.64502 0.6108
2449677.64648 0.6170
2449677.64746 0.6085
