2439668.80000 1.0112
2439670.80000 0.9906
2439692.80000 0.8574
2439694.80000 0.9486
2439719.80000 0.9808
2439721.80000 0.8581
2439722.80000 0.9059
2439723.80000 0.9190
2439786.80000 1.0338
2439787.80000 1.0077
2439788.80000 1.0454
2439789.80000 1.0150
2439817.80000 1.0717
2439832.80000 0.9920
2439834.80000 0.9892
2439835.80000 1.0176
2439964.80000 0.9473
2439978.80000 1.0551
2439979.80000 1.0816
2440010.80000 1.2856
2440011.80000 1.2187
2440012.80000 1.1734
2440045.80000 1.0950
2440046.80000 1.1231
2440047.80000 1.1227
2440048.80000 1.1244
2440077.80000 1.0175
2440078.80000 1.0139
2440079.80000 1.0702
2440080.80000 1.0381
2440105.80000 1.0135
2440106.80000 1.0333
2440107.80000 1.0245
2440138.80000 0.9030
2440139.80000 0.9459
2440140.80000 0.9630
2440167.80000 1.0361
2440168.80000 1.0645
2440169.80000 1.0144
2440170.80000 1.0720
2440199.80000 1.0818
2440201.80000 1.0914
2440202.80000 1.0400
2440312.80000 1.1660
2440339.80000 1.0681
2440340.80000 1.0937
2440341.80000 1.0605
2440342.80000 1.0831
2440404.80000 1.0286
2440405.80000 1.0475
2440406.80000 1.0209
2440407.80000 1.0286
2440437.80000 1.0194
2440438.80000 1.0384
2440439.80000 1.0253
2440440.80000 1.0095
2440454.80000 0.9907
2440455.80000 0.9585
2440456.80000 0.9740
2440457.80000 0.9476
2440495.80000 1.0603
2440496.80000 0.9859
2440497.80000 0.9748
2440498.80000 0.9883
2440499.80000 1.0319
2440517.80000 1.0458
2440519.80000 1.0176
2440520.80000 1.0445
2440555.80000 0.9689
2440558.80000 0.9734
2440570.80000 0.9775
2440572.80000 1.0490
2440573.80000 1.0911
2440685.80000 1.1410
2440687.80000 1.1334
2440688.80000 1.1270
2440725.80000 0.9866
2440726.80000 0.9818
2440727.80000 0.9356
2440728.80000 0.9414
2440729.80000 0.9505
2440760.80000 1.0368
2440761.80000 1.0109
2440762.80000 1.0111
2440777.80000 0.9568
2440778.80000 0.9730
2440779.80000 0.9789
2440780.80000 1.0968
2440809.80000 0.8611
2440810.80000 0.8457
2440811.80000 0.8726
2440812.80000 0.8894
2440843.80000 0.8981
2440844.80000 0.9275
2440845.80000 0.9017
2440910.80000 0.7636
2440911.80000 0.8062
2440912.80000 0.8098
2440935.80000 0.8925
2441050.80000 0.8721
2441051.80000 0.9113
2441052.80000 0.8871
2441053.80000 0.8710
2441082.80000 0.8588
2441083.80000 0.8344
2441084.80000 0.8278
2441085.80000 0.7960
2441112.80000 0.8460
2441113.80000 0.8772
2441114.80000 0.8529
2441133.80000 0.8256
2441134.80000 0.8280
2441135.80000 0.8261
2441136.80000 0.8376
2441168.80000 0.7847
2441169.80000 0.7766
2441170.80000 0.7884
2441199.80000 0.8006
2441200.80000 0.8093
2441201.80000 0.7773
2441202.80000 0.7913
2441249.80000 0.9635
2441250.80000 0.9389
2441262.80000 0.8293
2441264.80000 0.7771
2441285.80000 0.8963
2441286.80000 0.8895
2441428.80000 0.8606
2441429.80000 0.8679
2441430.80000 0.8518
2441459.80000 0.8925
2441460.80000 0.8786
2441461.80000 0.8530
2441487.80000 0.8957
2441488.80000 0.8533
2441502.80000 0.8912
2441503.80000 0.8827
2441554.80000 0.9079
2441555.80000 0.9313
2441589.80000 0.8976
2441590.80000 0.8880
2441591.80000 0.9096
2441592.80000 0.8994
2441614.80000 0.8979
2441615.80000 0.8977
2441618.80000 0.8757
2441641.80000 0.8352
2441642.80000 0.8665
2441643.80000 0.8688
2441644.80000 0.8584
2441669.80000 0.8705
2441671.80000 0.8348
2441787.80000 0.8475
2441788.80000 0.8669
2441819.80000 0.9650
2441820.80000 0.9614
2441821.80000 0.9542
2441822.80000 0.9603
2441835.80000 0.7564
2441836.80000 0.7515
2441884.80000 1.0197
2441885.80000 1.0543
2441886.80000 0.9978
2441909.80000 0.8880
2441910.80000 0.9112
2441911.80000 0.9355
2441942.80000 0.9151
2441943.80000 0.9172
2441944.80000 0.8974
2441945.80000 0.8947
2441959.80000 0.9503
2441960.80000 0.9388
2441961.80000 0.9769
2442015.80000 1.1213
2442016.80000 1.1556
2442147.80000 0.8938
2442148.80000 0.9397
2442166.80000 0.8871
2442167.80000 0.9083
2442168.80000 0.9197
2442169.80000 0.9347
2442208.80000 0.9944
2442209.80000 1.1948
2442210.80000 1.0404
2442218.80000 0.9948
2442219.80000 0.9401
2442259.80000 0.9549
2442260.80000 0.9350
2442261.80000 0.8779
2442262.80000 0.8501
2442282.80000 0.8830
2442283.80000 0.8699
2442284.80000 0.8757
2442285.80000 0.9086
2442329.80000 1.0006
2442330.80000 1.0220
2442331.80000 0.9910
2442348.80000 0.8298
2442350.80000 0.8605
2442380.80000 0.7688
2442381.80000 0.8299
2442382.80000 0.8038
2442525.80000 0.8946
2442557.80000 0.9396
2442559.80000 0.9852
2442560.80000 1.0041
2442590.80000 0.9850
2442591.80000 0.9392
2442592.80000 0.9674
2442613.80000 0.9453
2442614.80000 0.9449
2442615.80000 0.9656
2442616.80000 0.9503
2442644.80000 0.9026
2442645.80000 0.9144
2442646.80000 0.9501
2442647.80000 0.9356
2442675.80000 1.0053
2442676.80000 0.9642
2442677.80000 0.9831
2442678.80000 0.9866
2442702.80000 0.9714
2442703.80000 1.0106
2442704.80000 0.9556
2442731.80000 0.9725
2442732.80000 0.9726
2442763.80000 0.9389
2442764.80000 0.9644
2442765.80000 0.9545
2442910.80000 1.0259
2442911.80000 1.0292
2442912.80000 1.0545
2442913.80000 1.0598
2442940.80000 0.9980
2442973.80000 1.0633
2442974.80000 1.0843
2442975.80000 1.0502
2443025.80000 0.9977
2443060.80000 1.1222
2443061.80000 1.1372
2443062.80000 1.1234
2443063.80000 1.1068
2443110.80000 0.9842
2443111.80000 0.9973
2443112.80000 1.0452
2443113.80000 0.9752
2443235.80000 0.8639
2443236.80000 0.9483
2443237.80000 1.0047
2443238.80000 1.0161
2443239.80000 1.0702
2443255.80000 0.9036
2443256.80000 0.8958
2443256.80000 0.8757
2443257.80000 0.8940
2443257.80000 0.8928
2443273.80000 1.0692
2443294.80000 1.0845
2443295.80000 0.9109
2443297.80000 0.9552
2443346.80000 1.0600
2443347.80000 1.1141
2443347.80000 1.0611
2443349.80000 1.0808
2443349.80000 1.1058
2443350.80000 1.0628
2443350.80000 1.0581
2443351.80000 1.0759
2443351.80000 1.1030
2443414.80000 1.0962
2443415.80000 1.0378
2443415.80000 1.0367
2443663.80000 1.0517
2443706.80000 1.2421
2443742.80000 1.2412
2443743.80000 1.2533
2443777.80000 1.3070
2443778.80000 1.2574
2443779.80000 1.2647
2443805.80000 1.0658
2443997.80000 0.9434
2444002.80000 1.0598
2444003.80000 1.1132
2444004.80000 1.0698
2444051.80000 1.0476
2444052.80000 1.0849
2444142.80000 1.1643
2444170.80000 0.9703
2444411.85001 0.8510
2444411.85199 0.8839
2444411.85400 0.8673
2444411.85501 0.8609
2444411.85699 0.8770
2444411.85800 0.8742
2444411.85999 0.8864
2444411.86200 0.8903
2444411.86301 0.9140
2444411.86499 0.8827
2444411.86801 0.8889
2444411.86899 0.8623
2444411.87100 0.8958
2444411.87399 0.8257
2444411.87500 0.8528
2444411.93701 0.9375
2444411.93900 0.9269
2444411.94000 0.9517
2444411.94101 0.9260
2444411.94299 0.9389
2444423.80399 1.0670
2444423.80499 1.0882
2444423.86301 1.0510
2444423.86401 1.0973
2444424.78000 1.0670
2444424.78101 1.0522
2444424.89700 1.1302
2444424.89801 1.1522
2444426.76599 1.0054
2444426.76700 1.0464
2444426.83401 1.0387
2444426.83600 1.0594
2444426.83701 1.0459
2444428.86200 1.0481
2444428.86401 1.0462
2444429.73700 1.0150
2444429.73901 1.0634
2444429.80801 1.0363
2444429.80899 1.0111
2444429.81000 1.0262
2444430.78500 1.0512
2444430.78500 1.0555
2444430.78601 1.0526
2444430.78601 1.0512
2444430.78699 0.9842
2444430.78799 1.0178
2444430.78799 1.1014
2444430.86301 1.0817
2444430.86401 1.1258
2444430.86401 1.0730
2444430.86499 1.0754
2444430.86499 1.1088
2444430.86600 1.1671
2444430.86600 1.1069
2444430.86700 1.1671
2444430.87201 1.1556
2444430.87201 1.1438
2444430.87299 1.1573
2444430.87299 1.1244
2444430.87399 1.1158
2444430.87399 1.1870
2444430.87500 1.1330
2444430.87500 1.1578
2444432.80399 1.0577
2444432.80499 1.0066
2444432.80600 1.0490
2444441.76999 1.0111
2444441.76999 0.9935
2444441.77100 1.0200
2444441.87701 0.9829
2444441.87799 0.9848
2444441.87799 0.9990
2444442.79001 1.0179
2444442.79099 0.9843
2444442.79199 1.0115
2444442.79199 0.9564
2444442.79300 0.9942
2444442.79401 1.0175
2444443.81299 1.0089
2444443.81400 1.0082
2444443.81500 1.0089
2444444.78000 0.9620
2444444.78101 0.9603
2444444.78201 0.9548
2444445.79099 1.0142
2444445.79401 0.9581
2444445.79501 1.0209
2444445.83600 0.9966
2444445.83701 0.9755
2444445.83801 1.0110
2444446.79001 1.0398
2444446.79099 1.0514
2444446.79199 1.0263
2444446.83499 0.9939
2444446.83600 0.9991
2444446.83701 0.9641
2444447.82199 1.0183
2444447.82300 1.0307
2444447.82401 1.0108
2444448.81201 1.0475
2444448.81299 1.0119
2444448.81400 1.0753
2444449.78500 1.0655
2444449.78601 1.0592
2444449.78699 1.0231
2444449.83499 1.0580
2444449.83600 1.1027
2444449.83600 1.0707
2444451.81799 1.0895
2444451.81900 1.1132
2444451.82001 1.0776
2444452.68100 1.1583
2444452.68201 1.1174
2444452.68301 1.1293
2444452.82901 1.1367
2444452.82901 1.1457
2444452.82999 1.1408
2444453.79199 1.0868
2444453.79300 1.1387
2444454.69199 1.0860
2444454.69299 1.0852
2444454.69400 1.1339
2444454.69901 1.1487
2444454.70099 1.1706
2444454.70200 1.0988
2444454.70401 1.0886
2444454.81299 1.1088
2444454.81400 1.1519
2444454.81500 1.1413
2444458.79199 1.1623
2444458.84201 1.2362
2444458.84299 1.1847
2444458.84399 1.1721
2444460.75800 1.1122
2444460.75900 1.0842
2444460.76001 1.0882
2444461.79300 1.1275
2444461.79401 1.1157
2444461.79501 1.1425
2444461.79800 1.1747
2444461.79800 1.1577
2444461.79901 1.1204
2444462.81000 1.0796
2444462.81100 1.1107
2444462.81201 1.1016
2444463.76901 1.1153
2444463.76999 1.1153
2444463.76999 1.1281
2444464.77301 1.1145
2444464.77399 1.1054
2444464.77499 1.0946
2444464.77600 1.1446
2444464.77701 1.0906
2444464.77802 1.1153
2444465.80499 1.2015
2444465.80499 1.1728
2444465.80701 1.1580
2444465.81299 1.1882
2444465.81500 1.1559
2444465.81601 1.2125
2444465.81699 1.1237
2444465.81699 1.1535
2444465.81799 1.1293
2444465.81900 1.1765
2444465.82001 1.1457
2444465.82101 1.1851
2444465.82101 1.1723
2444465.82199 1.1075
2444465.82300 1.1992
2444465.82401 1.1751
2444465.89999 1.1479
2444465.89999 1.1440
2444465.90100 1.1362
2444466.80099 1.1425
2444466.80200 1.1474
2444466.80301 1.0789
2444467.78500 1.1415
2444467.78601 1.1115
2444467.78699 1.1174
2444468.75800 1.1263
2444468.75900 1.1871
2444468.76001 1.1155
2444468.80399 1.2534
2444468.80399 1.2323
2444468.80499 1.2485
2444468.80899 1.2428
2444468.80899 1.3325
2444468.81000 1.2548
2444468.81000 1.2243
2444468.81100 1.2109
2444468.81201 1.2648
2444468.81299 1.2629
2444468.81400 1.2592
2444468.81601 1.2534
2444468.81601 1.3128
2444468.81799 1.2074
2444468.81900 1.2165
2444468.82001 1.2328
2444468.82101 1.2384
2444468.82199 1.2555
2444468.82300 1.2489
2444468.82401 1.2543
2444468.82501 1.2196
2444468.82501 1.2707
2444468.82599 1.2563
2444468.82999 1.2055
2444468.83099 1.2241
2444468.83200 1.2062
2444468.84000 1.1838
2444468.84100 1.2211
2444468.84100 1.2058
2444468.84299 1.2229
2444469.76801 1.1988
2444469.76901 1.1579
2444469.76999 1.1291
2444469.77100 1.1340
2444469.77200 1.1823
2444469.77301 1.2059
2444470.77899 1.1641
2444470.78000 1.1454
2444470.78101 1.1323
2444472.76300 1.1492
2444472.76401 1.1348
2444472.76501 1.1956
2444473.81699 1.1032
2444473.81799 1.1069
2444473.81900 1.1594
2444473.81900 1.1136
2444473.82001 1.1296
2444474.76300 1.0800
2444474.76401 1.1486
2444474.76501 1.1314
2444475.78299 1.1240
2444475.78400 1.1329
2444475.78500 1.1211
2444476.75299 1.1505
2444476.75400 1.1439
2444476.75500 1.1662
2444476.76001 1.1156
2444476.76099 1.1347
2444478.73901 1.1139
2444478.73901 1.0950
2444478.73999 1.1439
2444479.64401 1.0917
2444479.64499 1.0883
2444479.64600 1.0954
2444480.74100 1.2000
2444480.74100 1.1956
2444480.74200 1.2658
2444480.74301 1.1956
2444480.74301 1.1803
2444480.74399 1.1777
2444480.74500 1.1607
2444480.74500 1.1749
2444480.74600 1.1828
2444480.74701 1.1956
2444480.74701 1.1887
2444480.75000 1.1840
2444480.75101 1.1649
2444480.75101 1.1779
2444481.74701 1.0876
2444481.74799 1.1431
2444481.74899 1.0928
2444482.76700 1.0812
2444482.76801 1.1018
2444482.76901 1.0343
2444484.75400 1.1223
2444484.75500 1.0539
2444484.75601 1.1100
2444485.74200 1.0965
2444485.74301 1.0819
2444485.74399 1.0654
2444486.73999 1.0177
2444486.74100 1.0795
2444486.74200 1.0546
2444487.74200 1.1221
2444487.74200 1.1454
2444487.74301 1.1168
2444488.73300 1.0921
2444488.73401 1.0710
2444488.73401 1.0358
2444489.72400 0.9925
2444489.72501 1.0519
2444489.72601 1.0112
2444490.72800 1.0853
2444490.72900 1.0723
2444490.73001 1.0836
2444491.72800 1.0417
2444491.72900 1.0181
2444491.73001 1.0385
2444492.72900 1.1081
2444492.73001 1.0966
2444492.73099 1.0268
2444493.72699 1.0666
2444493.72800 1.0980
2444493.72900 1.0798
2444494.71301 1.0784
2444494.71399 1.0878
2444494.71500 1.0535
2444494.90701 1.1091
2444494.90799 1.0787
2444494.90900 1.1062
2444495.71799 1.0852
2444495.71899 1.0929
2444495.71899 1.0778
2444496.73300 1.0926
2444496.73401 1.0144
2444496.73599 1.0561
2444505.75800 1.0987
2444505.75900 1.1200
2444505.76001 1.1281
2444506.70901 1.1244
2444506.70999 1.1424
2444506.71100 1.1307
2444507.70300 1.1477
2444507.70401 1.1452
2444507.70401 1.1347
2444508.69199 1.1724
2444508.69299 1.1601
2444508.69400 1.1169
2444509.72800 1.1144
2444509.72900 1.0631
2444509.73001 1.0951
2444510.75601 1.1185
2444510.75699 1.0799
2444510.75800 1.0806
2444511.71799 1.0760
2444511.71899 1.0768
2444511.71899 1.0964
2444512.80798 1.1382
2444512.81000 1.0970
2444512.81201 1.1229
2444513.72601 1.0865
2444513.72601 1.1074
2444513.72699 1.1000
2444514.71100 1.1095
2444514.71100 1.1125
2444514.71301 1.1103
2444515.70502 1.1165
2444515.70599 1.1092
2444515.70697 1.0978
2444516.71100 1.1403
2444516.71198 1.1339
2444516.71301 1.1029
2444517.75897 1.0796
2444517.76001 1.1213
2444517.76001 1.1009
2444524.62903 1.1278
2444524.63300 1.1075
2444524.63702 1.1312
2444525.73297 1.1681
2444525.73401 1.1451
2444525.73602 1.1046
2444526.73700 1.1218
2444528.69800 1.1076
2444528.70001 1.0947
2444528.70203 1.1350
2444545.74701 1.1155
2444545.74799 1.1007
2444545.74902 1.1143
2444546.65399 1.1178
2444546.65601 1.0519
2444546.65698 1.0757
2444547.63800 1.1090
2444547.63898 1.0691
2444547.64001 1.0770
2444548.64301 1.1677
2444548.64502 1.0945
2444548.64600 1.1500
2444549.62799 1.0973
2444549.62903 1.0873
2444549.63000 1.0239
2444550.62500 1.0872
2444550.62598 1.0399
2444550.62799 1.0652
2444562.67200 1.0498
2444562.67401 1.0171
2444562.67499 1.0486
2444563.63397 1.0677
2444563.63599 1.0484
2444563.63800 1.0118
2444564.62500 1.0613
2444564.62701 1.0852
2444564.62799 1.0534
2444566.61499 1.1620
2444566.61603 1.1797
2444566.61700 1.1514
2444771.92798 0.9776
2444771.92999 1.0368
2444771.93201 0.9431
2444773.92798 1.0371
2444773.92999 1.0214
2444773.93103 1.0564
2444774.98700 0.9579
2444774.98901 0.9745
2444774.98999 1.0079
2444775.89001 1.0709
2444775.89203 1.0005
2444775.89398 1.0395
2444776.93701 1.0028
2444776.93903 0.9798
2444776.94000 0.9833
2444777.92798 1.0325
2444777.92999 1.0145
2444777.93201 1.0014
2444778.94202 1.0335
2444778.94397 0.9570
2444778.94598 1.0370
2444779.96002 0.9589
2444779.96198 0.9476
2444779.96399 0.9132
2444780.94202 1.0048
2444780.94397 0.9884
2444780.94598 0.9328
2444781.91602 1.0012
2444781.91699 1.0055
2444781.91901 1.0297
2444782.91602 1.0124
2444782.91803 0.9989
2444782.91998 0.9826
2444783.94800 0.9721
2444783.95001 0.9465
2444783.95300 0.9451
2444784.91998 1.0277
2444784.92200 1.0227
2444784.92297 1.0484
2444785.91602 0.9696
2444785.91803 1.0210
2444785.91998 0.9838
2444794.90198 1.0045
2444794.90302 1.0299
2444794.90503 0.9987
2444795.91699 1.0591
2444795.91803 1.0127
2444795.91998 1.0145
2444796.89001 0.9855
2444796.89099 1.0067
2444796.89301 1.0561
2444797.90698 0.9578
2444797.90802 0.9157
2444797.90997 0.9475
2444798.90002 0.9290
2444798.90198 0.9328
2444798.90399 0.9508
2444799.89801 0.9743
2444799.90002 1.0018
2444799.90100 1.0074
2444802.84601 1.0589
2444802.84698 1.0597
2444802.84900 1.0704
2444803.86499 1.0013
2444803.86603 0.9844
2444803.86700 0.9817
2444804.88000 1.0530
2444804.88202 1.0581
2444804.88397 1.0407
2444805.79901 0.9815
2444805.80103 1.0541
2444805.80200 0.9387
2444807.82703 1.0127
2444807.82898 1.0200
2444807.83197 1.0198
2444808.85999 1.0230
2444808.86200 1.0302
2444808.86298 1.0455
2444810.82703 1.0363
2444810.82898 1.0137
2444810.83099 1.0643
2444821.81299 1.0419
2444821.81403 1.0588
2444821.81500 1.0480
2444822.82001 1.0823
2444822.82098 1.0692
2444822.82300 1.0542
2444823.81500 1.0299
2444823.81598 1.0342
2444823.81799 1.0072
2444824.81897 0.9779
2444824.82001 1.0091
2444824.82202 1.0109
2444825.91400 1.0134
2444825.91498 1.0764
2444825.91699 0.9874
2444826.80603 1.0007
2444826.80701 1.0082
2444826.80902 1.0136
2444828.94299 0.9591
2444828.94501 0.9377
2444828.94702 0.9859
2444833.78699 0.9453
2444833.78900 0.8995
2444833.78998 0.9415
2444834.78601 0.8677
2444834.78802 0.8557
2444834.78998 0.8496
2444835.77698 0.8713
2444835.77899 0.8494
2444835.78101 0.8537
2444836.77899 0.8527
2444836.78101 0.8216
2444836.78302 0.8820
2444847.73297 0.9179
2444847.73401 0.9788
2444847.73602 0.9104
2444848.73199 0.9123
2444848.73401 0.9976
2444848.73602 0.8813
2444849.74402 0.8981
2444849.74500 0.9031
2444849.74701 0.8514
2444850.72601 0.8027
2444850.72803 0.7883
2444850.72998 0.7861
2444851.72699 0.8951
2444851.72803 0.8784
2444851.72998 0.9462
2444852.73401 0.8916
2444852.73602 0.9114
2444852.73700 0.9132
2444853.73499 1.0045
2444853.73700 0.9544
2444853.73901 0.9551
2444855.73199 0.9027
2444855.73401 0.9475
2444855.73499 0.9241
2444856.72302 0.8753
2444856.72400 0.8270
2444856.72601 0.8550
2444857.72400 0.9146
2444857.72498 0.9238
2444857.72699 0.9189
2444860.70599 0.8815
2444860.70801 0.8680
2444860.70898 0.8797
2444861.71301 0.8680
2444861.71399 0.9049
2444861.71698 0.8549
2444862.70697 0.9878
2444862.70898 0.9838
2444862.71002 0.9290
2444863.69598 0.9802
2444863.69800 0.9706
2444863.69897 0.9412
2444864.69598 0.8651
2444864.69800 0.9016
2444864.70001 0.9135
2444865.69702 0.9062
2444865.69897 0.9105
2444865.70099 0.8693
2444868.65997 0.8144
2444868.66199 0.7799
2444868.66400 0.8403
2444869.66602 0.7804
2444869.66699 0.8118
2444869.66901 0.7804
2444870.68597 0.8630
2444870.68799 0.8445
2444870.69000 0.8988
2444871.69098 0.7726
2444871.69299 0.8164
2444871.69598 0.7663
2444872.72699 0.8437
2444872.72900 0.8619
2444872.73102 0.9054
2444874.71802 0.8794
2444874.71899 0.8887
2444874.72101 0.8950
2444875.69800 0.8346
2444875.70001 0.8229
2444875.70203 0.8553
2444883.64203 0.8650
2444883.64398 0.9037
2444883.64502 0.9456
2444897.66199 0.9139
2444897.66498 0.9127
2444897.66699 0.8974
2444899.66699 0.9574
2444899.66901 0.9092
2444899.67102 0.9382
2444900.67798 0.8572
2444900.67999 0.8028
2444900.68201 0.8694
2445108.94397 0.9351
2445108.94604 0.9344
2445108.94800 0.9553
2445109.97705 1.0438
2445109.97998 0.9597
2445109.98206 0.9787
2445111.97595 0.9595
2445111.97803 1.0389
2445111.97998 0.9158
2445112.96399 1.0394
2445112.96594 0.9718
2445112.96802 0.9581
2445113.98401 0.9431
2445113.98596 0.9726
2445113.98901 1.0118
2445114.96399 0.9467
2445114.96704 0.9586
2445114.96997 0.8970
2445119.94897 0.8804
2445119.95105 0.9187
2445119.95203 0.9404
2445120.95203 0.8780
2445120.95300 0.9007
2445120.95496 0.9071
2445121.95300 0.8643
2445121.95605 0.8287
2445121.95801 0.8945
2445122.96106 0.8933
2445122.96301 0.8769
2445122.96399 0.9435
2445123.94104 0.8964
2445123.94397 0.9432
2445123.94604 0.8950
2445124.94702 0.9175
2445124.94897 0.9460
2445124.95105 0.9463
2445125.95496 0.9512
2445125.95801 0.9010
2445125.95996 0.9391
2445126.95496 0.9595
2445126.95703 0.9431
2445126.95898 0.9300
2445128.94995 0.9043
2445128.95203 0.9046
2445128.95398 0.9089
2445129.97400 0.9474
2445129.97595 0.9305
2445129.97803 0.9315
2445131.98401 0.9879
2445131.98596 0.9887
2445131.98706 1.0092
2445132.97803 0.9271
2445132.97998 0.9011
2445132.98096 0.9052
2445133.96301 0.8956
2445133.96497 0.9346
2445133.96704 0.8814
2445134.93701 0.9410
2445134.93896 0.9548
2445134.94104 0.9658
2445135.96704 0.9648
2445135.96899 0.9392
2445135.96997 0.9648
2445136.97205 0.9470
2445136.97400 0.9685
2445136.97498 0.9861
2445137.94800 0.9562
2445137.94897 0.9764
2445137.95105 0.8878
2445139.96399 0.9663
2445139.96594 0.9521
2445139.96704 0.9862
2445140.96802 0.9479
2445140.96899 0.9638
2445140.97095 0.9337
2445141.95605 0.9581
2445141.95801 0.9356
2445141.95996 0.8970
2445142.97205 0.9767
2445142.97302 1.0021
2445142.97400 0.9335
2445143.93701 0.9500
2445143.93896 0.9343
2445143.94104 0.9717
2445144.93994 0.9913
2445144.94202 0.9539
2445144.94299 0.9815
2445145.93201 0.9163
2445145.93396 0.8941
2445145.93701 0.9300
2445152.90002 0.9315
2445152.90100 0.9878
2445152.90295 0.9729
2445153.93103 0.9354
2445153.93298 0.9078
2445153.93396 0.9144
2445154.89197 0.9063
2445154.89294 0.9448
2445154.89502 0.9089
2445155.94495 0.8860
2445155.94702 0.9015
2445155.94897 0.8659
2445156.93994 0.9318
2445156.94202 0.9411
2445156.94299 0.9268
2445157.96997 0.9694
2445157.97095 0.9360
2445157.97302 0.9694
2445158.93896 0.9096
2445158.94104 0.9075
2445158.94299 0.9084
2445159.92700 1.0019
2445159.92798 0.9558
2445159.92896 0.9613
2445161.93994 0.9477
2445161.94104 0.9382
2445161.94299 0.9001
2445162.94104 0.8672
2445162.94202 0.9307
2445162.94397 0.9007
2445163.90100 0.9703
2445163.90198 0.9538
2445163.90405 0.9480
2445165.89197 0.9921
2445165.89404 0.9697
2445165.89502 0.9575
2445166.91504 0.9282
2445166.91699 0.9593
2445166.91895 0.9275
2445167.87195 0.9836
2445167.87305 0.9754
2445167.87402 0.9943
2445169.91199 0.9671
2445169.91296 1.0204
2445169.91394 1.0261
2445170.87805 1.1049
2445170.88000 1.0381
2445170.88098 1.0365
2445172.89600 0.9501
2445172.89795 0.9798
2445172.90100 0.9715
2445173.93506 0.9629
2445173.93896 0.9511
2445173.93994 0.9923
2445176.93701 0.9742
2445176.93896 0.9399
2445176.94104 0.9917
2445184.88098 0.9365
2445184.88196 0.9563
2445184.88403 0.9415
2445185.80896 0.8936
2445185.81104 0.9177
2445185.81201 0.9018
2445189.81299 0.9166
2445189.81494 0.9011
2445189.81604 0.8781
2445192.79700 0.9171
2445192.79895 0.8874
2445192.80005 0.9113
2445195.75000 0.9337
2445195.75098 0.9253
2445195.75195 0.9211
2445197.77905 0.9327
2445197.78003 0.9630
2445197.78198 0.9613
2445198.80798 0.9266
2445198.80896 0.9894
2445198.81006 0.9434
2445203.77795 1.0072
2445203.78198 0.8881
2445203.78296 0.9629
2445204.77295 0.9348
2445204.77502 0.9490
2445204.77905 0.9773
2445205.74805 0.9776
2445205.74902 0.9438
2445205.75000 0.9310
2445208.77795 0.9656
2445208.78101 0.9420
2445208.78296 0.9861
2445209.74500 0.9988
2445209.74597 0.9948
2445209.74695 1.0279
2445211.75598 0.9594
2445211.75696 0.9357
2445211.75903 0.9703
2445214.71594 0.9836
2445214.71802 0.9374
2445214.71899 0.9157
2445215.70801 0.9365
2445215.70996 0.9710
2445215.71204 0.9384
2445216.67798 0.9276
2445216.68005 0.9274
2445216.68201 0.9028
2445217.70898 0.9189
2445217.71106 0.9239
2445217.71204 0.9411
2445218.68506 0.9056
2445218.68701 0.9095
2445218.68896 0.9274
2445219.72705 0.9093
2445219.72803 0.8897
2445219.72998 0.9049
2445224.72705 0.8388
2445224.72900 0.8575
2445224.73096 0.8528
2445225.70203 0.8643
2445225.70398 0.8376
2445225.70605 0.8017
2445235.73096 0.9852
2445235.73303 1.0043
2445235.73401 1.0452
2445240.66394 1.0392
2445240.66699 1.0097
2445240.67004 0.9696
2445243.66101 0.9431
2445243.66199 1.0307
2445243.66504 0.9926
2445245.62805 0.9412
2445245.63000 0.9599
2445245.63196 0.9545
2445247.66504 0.9516
2445247.66797 0.9470
2445247.67004 0.9549
2445249.65796 0.9647
2445249.66101 0.9151
2445249.66296 0.8915
2445250.65002 0.9583
2445250.65405 0.9234
2445250.65796 0.9776
2445251.65295 0.8927
2445251.65601 0.9033
2445251.65796 0.9276
2445252.62097 0.8783
2445252.62305 0.8957
2445252.62598 0.8785
2445253.63306 0.8936
2445253.63599 0.8793
2445253.63904 0.9036
2445254.62500 0.8773
2445254.62805 0.8916
2445254.63000 0.8833
2445255.64697 0.9081
2445255.64905 0.9431
2445255.65198 0.9169
2445256.64197 0.9005
2445256.64404 0.9401
2445256.64697 0.8827
2445260.63000 0.8978
2445260.63196 0.9206
2445260.63403 0.8764
2445261.63794 0.8697
2445261.64001 0.8719
2445261.64197 0.9222
2445262.60999 0.8931
2445262.61304 0.8827
2445262.61694 0.8635
2445274.62195 0.9853
2445274.62305 0.9927
2445274.62402 1.0215
2445477.96802 1.0514
2445477.96899 1.0653
2445477.97095 1.1233
2445478.93701 1.0378
2445478.93799 0.9965
2445478.93799 1.0328
2445479.97302 1.0181
2445479.97400 1.0472
2445479.97498 1.0291
2445480.97302 1.0224
2445480.97400 1.0025
2445480.97400 1.0438
2445481.97498 1.0272
2445481.97595 1.0423
2445481.97705 1.0136
2445501.96200 0.9581
2445501.96300 0.9105
2445501.96400 0.9798
2445504.91500 1.0057
2445504.91600 0.9870
2445504.91700 1.0205
2445507.94500 1.0216
2445507.94600 0.9955
2445507.94700 1.0266
2445508.90100 0.9926
2445508.90200 1.0123
2445508.90300 0.9952
2445514.91000 1.0384
2445514.91100 0.9698
2445514.91200 0.9851
2445516.90300 1.0060
2445516.90400 1.0050
2445516.90600 1.0422
2445518.95200 0.9155
2445518.95400 0.9454
2445518.95600 0.9020
2445523.97200 0.8967
2445523.97300 0.8871
2445523.97400 0.8843
2445525.93100 0.8987
2445525.93200 0.9346
2445525.93300 0.9289
2445527.91300 0.9573
2445527.91400 0.9237
2445527.91500 0.9281
2445528.89300 0.9270
2445528.89500 0.9420
2445528.89600 0.9195
2445531.90600 0.8835
2445531.90700 0.9476
2445531.90800 0.8840
2445533.91200 0.9262
2445533.91300 0.8616
2445533.91400 0.9436
2445535.81200 0.9645
2445535.81300 0.9910
2445535.81400 0.9457
2445536.80500 0.9417
2445536.80600 0.9541
2445536.80700 0.8959
2445538.81000 1.0201
2445538.81100 0.9336
2445538.81200 0.9522
2445539.82100 0.9892
2445539.82100 1.0448
2445539.82200 0.9314
2445540.82500 0.9864
2445540.82600 0.9434
2445540.82700 0.9877
2445542.78700 0.9892
2445542.78800 0.9691
2445542.78900 1.0132
2445543.94100 0.9682
2445543.94300 1.0152
2445543.94500 0.9622
2445545.97500 0.9993
2445545.97600 0.9991
2445545.97700 1.0099
2445547.79300 0.9574
2445547.79400 0.9540
2445547.79500 0.9589
2445550.94000 1.0098
2445550.94100 0.9628
2445550.94200 1.0273
2445551.93700 0.9719
2445551.93800 0.9907
2445551.93900 0.9653
2445554.82000 0.9890
2445554.82100 1.0046
2445554.82300 0.9971
2445556.95400 0.9314
2445556.95500 0.9489
2445556.95600 0.9221
2445557.90400 0.9811
2445557.90500 0.9826
2445557.90600 0.9913
2445563.94300 0.9455
2445563.94400 0.9366
2445563.94500 0.9789
2445569.78600 0.9287
2445569.78700 0.9450
2445569.78800 0.9519
2445572.73800 0.8927
2445572.73900 0.8754
2445572.74000 0.8781
2445574.73600 0.8736
2445574.73700 0.9169
2445574.73800 0.8846
2445575.74400 0.8951
2445575.74500 0.8765
2445575.74600 0.9216
2445578.76800 0.9400
2445578.76900 0.9020
2445578.77000 0.9620
2445579.77100 0.9305
2445579.77200 0.9892
2445579.77300 0.9687
2445582.76400 0.9084
2445582.76500 0.9002
2445582.76700 0.9040
2445585.71300 0.8496
2445585.71400 0.8563
2445585.71600 0.8607
2445588.73500 0.8108
2445588.73600 0.8306
2445588.73700 0.8594
2445590.66200 0.8843
2445590.66300 0.8464
2445590.66400 0.8994
2445594.74700 1.0292
2445594.74800 1.0321
2445594.74900 0.9624
2445619.70700 0.9413
2445619.70800 0.9305
2445619.71000 0.9361
2445621.67000 0.8883
2445621.67300 0.9134
2445621.67700 0.8559
2445625.70500 0.9066
2445625.70700 0.9376
2445625.70800 0.9156
2445627.65900 0.9416
2445627.66000 0.9722
2445627.66100 0.9625
2445631.67200 1.0210
2445631.67300 0.9346
2445631.67600 0.9371
2445633.63900 0.9197
2445633.64000 0.9192
2445633.64200 0.9538
2445635.64800 1.0077
2445635.64900 1.0200
2445635.65000 1.0263
2445665.63900 0.9708
2445665.64600 0.9561
2445665.65500 1.0237
2445666.60600 0.9679
2445666.60800 0.9489
2445666.61000 0.9581
2445668.61200 1.0003
2445668.61500 0.9769
2445668.61700 0.9973
2445839.97437 0.9511
2445839.97546 0.9487
2445839.97668 0.9331
2445840.97803 0.9457
2445840.97961 0.9920
2445840.98083 0.9346
2445841.97266 0.9464
2445841.97424 0.9370
2445841.97583 0.9775
2445843.94714 0.9993
2445843.94812 0.9781
2445843.94910 0.9761
2445844.99512 0.8962
2445844.99609 0.9839
2445844.99719 0.9509
2445853.98474 0.9388
2445853.98596 0.9361
2445853.98718 0.9388
2445860.97534 1.0155
2445860.97681 0.9515
2445860.97815 0.9064
2445862.95508 1.0151
2445862.95642 1.0071
2445862.95776 0.9788
2445863.91296 1.0621
2445863.91394 1.0189
2445863.91504 1.0134
2445864.96643 1.0256
2445864.96753 1.0466
2445864.96863 0.9948
2445865.98035 0.9503
2445865.98169 0.9529
2445865.98303 0.9354
2445869.90295 0.9426
2445869.90454 0.9367
2445869.90588 0.9401
2445870.90027 0.9701
2445870.90137 0.9021
2445870.90247 0.9490
2445871.96497 0.8986
2445871.96619 0.8532
2445871.96753 0.8666
2445872.94348 0.8874
2445872.94470 0.9147
2445872.94604 0.8784
2445873.91711 0.8928
2445873.91846 0.8843
2445873.91980 0.8787
2445874.95215 0.9094
2445874.95300 0.9277
2445874.95398 0.9381
2445877.92432 0.9521
2445877.92554 0.9576
2445877.92664 0.9702
2445879.92847 0.8916
2445879.92957 0.8735
2445879.93091 0.8678
2445880.93835 0.9188
2445880.93958 0.8911
2445880.94067 0.9478
2445882.98401 0.9344
2445882.98560 0.8612
2445882.98706 0.9130
2445885.95288 0.9055
2445885.95435 0.9522
2445885.95569 0.9537
2445886.87903 0.9282
2445886.88013 0.9609
2445886.88123 0.9630
2445887.79968 0.9061
2445887.80090 0.9432
2445887.80225 0.9231
2445888.98132 0.9065
2445888.98352 0.9187
2445888.98547 0.9335
2445889.90698 0.8916
2445889.90857 0.8873
2445889.91016 0.9696
2445890.95435 0.9764
2445890.95557 0.9842
2445890.95654 0.9619
2445891.91235 0.8873
2445891.91345 0.8595
2445891.91455 0.9137
2445892.89868 0.9921
2445892.89954 0.9426
2445892.90051 0.9961
2445893.93994 0.9421
2445893.94092 0.9882
2445893.94189 0.9316
2445894.91736 1.0107
2445894.91833 1.0076
2445894.91931 1.0458
2445898.98035 1.0791
2445898.98120 1.0631
2445898.98218 1.0238
2445899.94470 0.9573
2445899.94641 0.9747
2445899.94812 0.9370
2445901.82178 1.0053
2445901.82263 0.9809
2445901.82361 0.9399
2445905.89124 0.8663
2445905.89185 0.8947
2445905.89246 0.9696
2445906.91028 0.9125
2445906.91113 0.9482
2445906.91187 0.9570
2445907.89478 0.9148
2445907.89551 0.9027
2445907.89624 0.9038
2445912.78418 0.9501
2445912.78516 0.8402
2445912.78589 0.8955
2445913.92285 0.9022
2445913.92383 0.8677
2445913.92468 0.8693
2445914.95996 0.8760
2445914.96130 0.8852
2445914.96265 0.9145
2445915.94592 0.8507
2445915.94666 0.8555
2445915.94739 0.8583
2445916.93396 0.8502
2445916.93579 0.8880
2445916.93787 0.8672
2445917.91296 0.8905
2445917.91370 0.8966
2445917.91455 0.8502
2445918.80444 0.9216
2445918.80505 0.8885
2445918.80579 0.8825
2445919.79968 0.9704
2445919.80042 0.9478
2445919.80103 0.9393
2445921.81116 0.8979
2445921.81213 0.8791
2445921.81287 0.9205
2445923.80469 0.8694
2445923.80591 0.8763
2445923.80688 0.8827
2445928.83569 0.8446
2445928.83667 0.8633
2445928.83765 0.8851
2445929.81580 0.9819
2445929.81665 0.9230
2445929.81750 0.9863
2445932.82068 0.8570
2445932.82178 0.8422
2445932.82312 0.8796
2445933.78552 0.8752
2445933.78625 0.9253
2445933.78699 0.9037
2445934.82422 0.9953
2445934.82495 1.0244
2445934.82568 0.9955
2445935.79065 1.0301
2445935.79163 1.0281
2445935.79285 1.0035
2445936.77417 1.0535
2445936.77490 1.1353
2445936.77563 1.0794
2445937.76648 1.0610
2445937.76733 0.9800
2445937.76819 1.0417
2445938.81836 0.9792
2445938.81897 0.9584
2445938.81958 0.9891
2445940.89490 0.9772
2445940.89624 0.9808
2445940.89758 1.0065
2445941.81702 0.9800
2445941.81824 1.0152
2445941.81946 0.9436
2445942.89807 0.9374
2445942.89905 0.9615
2445942.90015 0.9782
2445943.82202 0.9543
2445943.82275 0.9904
2445943.82361 0.9733
2445944.80774 0.8393
2445944.80933 0.8389
2445944.81104 0.8399
2445946.86084 0.9319
2445946.86182 0.9058
2445946.86279 0.8464
2445947.78870 0.9095
2445947.78955 0.9206
2445947.79041 0.9029
2445949.69421 0.9361
2445949.69592 0.9483
2445949.69763 0.9059
2445950.81641 0.8994
2445950.81763 0.8925
2445950.81873 0.8856
2445951.73718 0.9001
2445951.73840 0.8851
2445951.73950 0.9502
2445952.83777 0.8865
2445952.83972 0.9162
2445952.84167 0.8914
2445957.83997 0.8620
2445957.84131 0.9032
2445957.84265 0.8789
2445958.79980 0.9190
2445958.80103 0.9217
2445958.80212 0.9118
2445959.79102 0.8853
2445959.79211 0.9583
2445959.79333 0.9442
2445961.76953 0.9864
2445961.77136 0.9662
2445961.77319 0.9840
2445963.80518 0.9295
2445963.80640 0.9194
2445963.80762 0.9733
2445964.79089 0.8926
2445964.79260 0.9283
2445964.79419 0.8776
2445965.82410 0.8700
2445965.82532 0.9747
2445965.82666 0.9696
2445969.74744 0.9900
2445969.74878 0.9556
2445969.75024 0.9633
2445971.69568 0.9876
2445971.69678 0.9444
2445971.69800 0.9737
2445972.75525 1.0406
2445972.75610 1.0365
2445972.75684 1.0393
2445977.70996 1.0368
2445977.71069 1.0223
2445977.71155 1.0266
2445981.76416 1.0103
2445981.76538 1.0000
2445981.76672 1.0354
2445982.75403 0.9809
2445982.75562 1.0354
2445982.75720 0.9882
2445983.68018 0.9488
2445983.68164 0.9596
2445983.68323 0.9473
2445984.72461 0.9244
2445984.72717 0.9267
2445984.72937 0.9819
2445986.67053 1.0334
2445986.67188 0.9600
2445986.67322 0.9984
2445987.72144 0.9229
2445987.72363 0.9460
2445987.72607 0.9180
2445988.68066 0.9738
2445988.68262 0.9318
2445988.68457 0.8922
2445989.78979 0.9671
2445989.79150 0.9237
2445989.79309 0.9160
2445995.74744 0.9041
2445995.74951 0.9210
2445995.75171 0.9435
2445996.65771 0.9577
2445996.65869 0.9351
2445996.65979 0.9510
2445998.64783 0.9420
2445998.64941 0.9692
2445998.65088 0.9539
2446000.62927 1.0105
2446000.63110 0.9836
2446000.63293 0.9778
2446002.67725 0.9615
2446002.67896 1.0052
2446002.68066 0.9779
2446003.74683 1.0201
2446003.74866 0.9738
2446003.75061 0.9963
2446004.73279 0.9557
2446004.73621 0.9640
2446004.74048 1.0033
2446006.64819 0.9898
2446006.64990 0.9909
2446006.65173 1.0059
2446007.66174 0.9811
2446007.66357 0.9874
2446007.66614 0.9778
2446009.71008 0.9875
2446009.71179 1.0015
2446009.71362 1.0106
2446015.66846 0.9331
2446015.67017 0.9971
2446015.67188 1.0235
2446016.67566 1.0182
2446016.67725 0.9808
2446016.67896 0.9629
2446019.68896 0.9268
2446019.69165 0.9528
2446019.69458 0.9519
2446024.62012 0.9892
2446024.62207 1.0072
2446024.62402 0.9767
2446027.62781 0.9589
2446027.62976 0.9388
2446027.63196 0.9098
2446031.61218 0.9580
2446031.61450 0.9361
2446031.61707 0.9409
2446033.68604 0.9626
2446033.68921 1.0466
2446033.69226 1.0082
2446036.60754 1.0307
2446036.60889 1.0022
2446036.61023 1.0119
2446037.62048 1.0312
2446037.62317 1.0208
2446037.62610 1.0345
2446041.61694 1.1120
2446041.61963 1.1017
2446041.62231 1.1189
2446237.89966 0.9851
2446237.90015 0.9907
2446237.90063 0.9968
2446242.95972 1.0053
2446242.96094 0.9872
2446242.96216 0.9793
2446244.93506 1.0100
2446244.93628 1.0142
2446244.93726 0.9574
2446266.92480 0.9820
2446266.92554 0.9744
2446266.92627 0.9600
2446268.95483 0.9874
2446268.95557 1.0196
2446268.95605 1.0121
2446271.94019 1.0544
2446271.94092 1.0099
2446271.94189 1.0538
2446273.90186 1.0642
2446273.90259 1.0704
2446273.90308 1.1451
2446275.85596 0.9966
2446275.85693 0.9950
2446275.85767 0.9994
2446277.83716 0.9390
2446277.83813 1.0124
2446277.83936 1.0147
2446279.94556 1.0085
2446279.94653 0.9793
2446279.94775 0.9742
2446279.94922 0.5150
2446279.94995 0.5034
2446279.95093 0.5053
2446282.87109 0.8828
2446282.87207 0.9242
2446282.87280 0.9251
2446284.90381 0.9573
2446284.90454 0.9416
2446284.90527 0.9571
2446285.88623 0.8972
2446285.88696 0.9250
2446285.88794 0.9199
2446286.79810 0.8793
2446286.79883 0.9137
2446286.79956 0.8585
2446287.88794 0.8837
2446287.88867 0.8787
2446287.88940 0.8699
2446289.84570 0.9402
2446289.84644 0.8815
2446289.84692 0.9766
2446291.88403 0.9710
2446291.88477 0.9559
2446291.88550 0.9860
2446293.88403 0.9759
2446293.88501 0.9742
2446293.88623 0.9929
2446297.88330 0.9833
2446297.88428 1.0010
2446297.88525 0.9794
2446300.87988 1.0567
2446300.88086 1.0884
2446300.88159 1.0915
2446301.86499 1.1632
2446301.86597 1.1594
2446301.86694 1.1598
2446302.77173 1.0652
2446302.77271 1.1007
2446302.77344 1.0440
2446303.78149 1.0703
2446303.78247 1.0284
2446303.78320 1.0656
2446304.88550 1.0650
2446304.88623 1.0686
2446304.88696 1.0702
2446308.89429 1.0190
2446308.89551 1.0237
2446308.89673 1.0485
2446308.89990 1.0201
2446308.90112 1.0271
2446308.90259 1.0119
2446309.76440 1.0344
2446309.76538 1.0812
2446309.76611 1.0264
2446310.83740 1.0372
2446310.83813 1.0295
2446310.83887 1.0111
2446316.73486 1.0223
2446316.73584 0.9932
2446316.73657 1.0075
2446321.75000 0.9087
2446321.75098 0.9278
2446321.75195 0.8907
2446325.80347 0.8932
2446325.80444 0.8743
2446325.80542 0.8599
2446328.73901 0.9134
2446328.73999 0.8856
2446328.74072 0.9080
2446330.74707 0.9315
2446330.74780 0.9909
2446330.74854 0.9399
2446332.80029 0.9291
2446332.80103 0.9541
2446332.80200 0.9456
2446334.79565 1.0667
2446334.79639 1.1019
2446334.79712 1.1031
2446338.76245 1.0523
2446338.76294 1.0493
2446338.76367 1.0793
2446340.71484 1.0852
2446340.71558 1.0730
2446340.71606 1.0415
2446341.72217 1.0072
2446341.72290 1.0274
2446341.72363 1.0194
2446349.68481 1.0321
2446349.68555 1.0195
2446349.68652 1.0754
2446352.70117 0.9935
2446352.70215 0.9621
2446352.70337 0.9941
2446354.71729 0.8996
2446354.71802 0.9805
2446354.71875 0.9689
2446356.70020 0.9392
2446356.70117 0.9268
2446356.70264 0.9188
2446358.68774 0.9337
2446358.68921 0.9321
2446358.69092 0.9016
2446361.65161 0.8974
2446361.65259 0.8615
2446361.65332 0.8796
2446362.65625 0.8793
2446362.65723 0.8616
2446362.65796 0.8958
2446364.74829 0.9271
2446364.74902 0.8936
2446364.75000 0.8994
2446367.66211 0.8300
2446367.66333 0.8325
2446367.66431 0.7911
2446368.66113 0.9118
2446368.66211 0.8737
2446368.66284 0.9201
2446370.64648 0.9178
2446370.64746 0.8625
2446370.64844 0.8747
2446372.64722 0.9927
2446372.64819 0.9708
2446372.64893 1.0053
2446375.61987 0.9620
2446375.62061 0.9626
2446375.62158 0.9565
2446376.68408 1.0063
2446376.68506 1.0105
2446376.68628 1.0033
2446383.64746 1.0815
2446383.64844 1.0927
2446383.64966 1.0432
2446386.64893 1.0764
2446386.64966 1.0835
2446386.65063 1.1047
2446389.60254 0.9911
2446389.60352 0.9879
2446389.60449 1.0151
2446391.62329 0.9961
2446391.62427 0.9960
2446391.62524 0.9797
2446392.59717 0.8892
2446392.59814 0.9125
2446392.59888 0.9199
2446396.65698 0.8519
2446396.65796 0.8527
2446396.65869 0.8071
2446397.65454 0.8939
2446397.65527 0.8465
2446397.65649 0.8334
2446406.59326 0.8713
2446406.59424 0.8642
2446406.59521 0.8420
2446608.95825 0.9817
2446608.95923 0.9998
2446608.96045 0.9319
2446622.97461 1.0007
2446622.97583 0.9876
2446622.97705 0.9704
2446623.97656 0.9667
2446623.97778 1.0176
2446623.97876 0.9913
2446625.96265 0.9974
2446625.96387 1.0130
2446625.96509 1.0345
2446628.98560 0.9790
2446628.98682 0.9407
2446628.98804 0.9782
2446629.95703 0.9513
2446629.95898 0.9628
2446629.96094 0.9345
2446631.97388 0.9691
2446631.97510 0.9989
2446631.97607 0.9970
2446639.97827 0.9037
2446639.97974 0.9038
2446639.98096 0.9255
2446649.91602 0.9561
2446649.91724 0.9754
2446649.91846 0.9385
2446650.91724 1.0214
2446650.91846 0.9719
2446650.91968 0.9855
2446653.93848 1.0077
2446653.93970 0.9762
2446653.94116 0.9908
2446655.89014 0.9773
2446655.89160 0.9268
2446655.89282 0.9490
2446656.90283 1.0167
2446656.90405 0.9621
2446656.90527 0.9538
2446658.89893 0.9738
2446658.90015 0.9622
2446658.90137 0.9691
2446659.86450 0.9544
2446659.86572 0.9875
2446659.86694 0.9717
2446663.88354 1.0659
2446663.88477 1.0325
2446663.88599 1.0243
2446664.87158 1.1116
2446664.87231 1.1002
2446664.87329 1.1155
2446666.81934 0.9750
2446666.82080 0.9948
2446666.82227 0.9997
2446667.83643 0.9633
2446667.83765 0.9951
2446667.83911 1.0449
2446670.80713 0.9459
2446670.80884 0.9855
2446670.81079 0.9399
2446671.81055 0.9595
2446671.81201 0.9595
2446671.81323 0.9448
2446673.76416 0.8222
2446673.76587 0.8682
2446673.76733 0.9287
2446676.78174 0.9581
2446676.78296 1.0002
2446676.78394 0.9654
2446678.79956 0.9561
2446678.80078 1.0109
2446678.80200 1.0229
2446682.75366 0.8680
2446682.75586 0.8632
2446682.75830 0.8677
2446683.79834 0.9100
2446683.80005 0.9049
2446683.80151 0.9092
2446685.72949 0.8917
2446685.73193 0.8599
2446685.73364 0.9374
2446688.78540 0.9820
2446688.78662 0.9723
2446688.78784 0.9879
2446689.77173 0.9654
2446689.77295 0.9556
2446689.77441 0.9788
2446691.76782 0.9275
2446691.76978 0.9346
2446691.77319 0.9438
2446695.76611 0.9457
2446695.76758 0.9588
2446695.76929 0.9403
2446706.71362 0.9386
2446706.71558 0.9339
2446706.71777 0.9134
2446707.73877 0.9801
2446707.74072 0.9884
2446707.74268 1.0096
2446709.72485 1.0141
2446709.72632 1.0405
2446709.72778 0.9812
2446711.72144 1.0040
2446711.72290 1.0090
2446711.72437 1.0161
2446716.61914 1.0267
2446716.62109 0.9766
2446716.62280 0.9862
2446717.69824 0.9238
2446717.69995 1.0098
2446717.70190 0.9391
2446720.68237 0.9083
2446720.68457 0.8636
2446720.68677 0.9016
2446722.67505 0.8981
2446722.67749 0.9120
2446722.68066 0.9032
2446723.68506 0.9794
2446723.68677 0.9795
2446723.68823 1.0066
2446726.69556 0.9475
2446726.69702 0.9937
2446726.69849 0.9164
2446728.70337 0.9133
2446728.70459 0.8954
2446728.70605 0.9048
2446731.65723 0.9057
2446731.65894 0.8692
2446731.66040 0.9134
2446738.63892 0.9481
2446738.64087 0.9617
2446738.64282 0.9380
2446739.63013 0.8966
2446739.63281 0.9056
2446739.63550 0.8862
2446741.63745 0.9332
2446741.64136 0.8903
2446741.64526 0.9324
2446743.64429 0.8964
2446743.64648 0.9112
2446743.64844 0.9450
2446746.64868 0.9900
2446746.65063 1.0222
2446746.65234 0.9395
2446747.61353 0.9430
2446747.61499 0.9479
2446747.61646 0.9574
2446749.59546 0.9385
2446749.59863 0.9038
2446749.60132 0.9548
2446755.61011 0.9644
2446755.61182 0.9696
2446755.61353 0.9997
2446759.64160 0.9493
2446759.64355 0.9798
2446759.64551 0.9494
2446985.97827 0.9878
2446985.98120 0.9565
2446985.98438 0.9143
2446987.97876 1.0166
2446987.98145 1.0163
2446987.98413 1.0146
2446988.97192 1.0274
2446988.97485 0.9518
2446988.97778 1.0220
2446996.96582 1.0313
2446996.96875 1.0838
2446996.97168 1.0363
2447000.97607 0.6216
2447000.97705 0.6053
2447000.97803 0.6405
2447005.95410 0.9756
2447005.95557 0.9884
2447005.95703 1.0078
2447008.88965 0.9808
2447008.89063 1.0177
2447008.89160 1.0828
2447020.87817 0.7995
2447020.87939 0.8137
2447020.88037 0.8206
2447021.86523 0.8711
2447021.86646 0.8933
2447021.86792 0.8650
2447024.82495 0.8628
2447024.82642 0.8831
2447024.82764 0.8740
2447027.86279 0.8649
2447027.86353 0.9228
2447027.86450 0.8995
2447032.90601 0.9757
2447032.90698 0.9681
2447032.90820 0.9537
2447035.84106 0.9253
2447035.84204 0.9977
2447035.84302 0.9563
2447036.91211 1.0248
2447036.91284 1.0269
2447036.91357 1.0385
2447038.79785 1.0707
2447038.79883 1.0282
2447038.79980 1.0264
2447040.79980 0.9439
2447040.80054 0.9878
2447040.80127 1.0090
2447041.80688 0.9677
2447041.80786 1.0023
2447041.80884 0.9860
2447043.78662 0.8675
2447043.78760 0.9106
2447043.78857 0.8937
2447044.75098 0.9343
2447044.75195 0.9550
2447044.75317 0.9063
2447046.79199 0.9617
2447046.79297 0.9152
2447046.79395 0.9301
2447048.74756 0.9193
2447048.74829 0.9076
2447048.74927 0.8996
2447050.78809 0.8724
2447050.78906 0.8304
2447050.78979 0.8633
2447053.78442 0.9406
2447053.78540 0.9505
2447053.78638 0.9595
2447054.72998 0.9120
2447054.73096 0.9412
2447054.73169 0.9458
2447056.76611 0.9378
2447056.76709 0.9489
2447056.76807 0.8928
2447057.81348 0.9034
2447057.81445 0.9243
2447057.81543 0.8915
2447060.76074 0.9203
2447060.76196 0.9042
2447060.76318 0.9130
2447063.82275 0.9489
2447063.82373 0.9664
2447063.82446 0.9550
2447067.79224 1.0112
2447067.79297 1.0125
2447067.79395 0.9501
2447069.71973 1.0074
2447069.72607 0.9840
2447069.72729 0.9977
2447070.71655 1.0247
2447070.71753 1.0503
2447070.71851 1.0442
2447072.74854 0.9715
2447072.74951 0.9517
2447072.75024 0.9750
2447074.71606 0.9788
2447074.71680 0.9849
2447074.71802 0.9625
2447075.72266 0.9397
2447075.72388 0.9334
2447075.72510 0.9530
2447077.73535 0.8922
2447077.73657 0.8781
2447077.73755 0.9107
2447079.72437 0.8449
2447079.72559 0.8631
2447079.72656 0.8626
2447082.70703 0.9183
2447082.70801 0.9185
2447082.70898 0.9127
2447086.71362 0.8772
2447086.71460 0.8528
2447086.71582 0.8287
2447087.66919 0.8605
2447087.67017 0.9011
2447087.67114 0.8524
2447107.66211 0.9828
2447107.66309 1.0344
2447107.66382 1.0215
2447110.69434 0.9506
2447110.69531 0.9743
2447110.69629 0.9750
2447110.69751 0.9621
2447110.69849 0.9638
2447115.61353 0.9245
2447115.61450 0.9164
2447115.61523 0.9377
2447118.62622 0.9164
2447118.62720 0.9125
2447118.62793 0.9646
2447120.62402 0.8850
2447120.62476 0.8631
2447120.62573 0.8661
2447122.62402 0.9364
2447122.62500 0.9421
2447122.62573 0.9309
2447124.62305 0.9334
2447124.62402 0.9073
2447124.62500 0.9594
2447125.61401 0.8689
2447125.61572 0.8391
2447125.61743 0.8332
2447128.63232 0.8380
2447128.63379 0.9019
2447128.63501 0.8758
2447128.63672 0.8307
2447128.63818 0.8574
2447130.64404 0.9707
2447130.64502 0.9405
2447130.64575 0.9794
2447132.63232 0.9816
2447132.63306 1.0097
2447132.63403 1.0027
2447132.63477 1.0006
2447132.63550 1.0137
2447140.60303 1.0208
2447140.60400 1.0519
2447140.60498 1.0577
2447309.97290 0.8780
2447309.97437 0.8651
2447309.97607 0.8648
2447312.96973 0.9330
2447312.97119 0.9330
2447312.97266 0.9402
2447313.96777 0.9614
2447313.96924 0.9450
2447313.97021 1.0115
2447314.95801 1.0128
2447314.95898 1.0155
2447314.96021 0.9739
2447315.96362 1.0213
2447315.96509 1.0142
2447315.96606 1.0176
2447346.99243 0.9001
2447346.99365 0.9208
2447346.99463 0.9112
2447347.98193 0.9499
2447347.98315 0.9366
2447347.98438 0.9018
2447347.98584 0.9718
2447349.98486 0.9485
2447349.98608 0.9200
2447349.98730 0.9366
2447350.96777 0.9954
2447350.96899 0.9532
2447350.97070 0.9469
2447356.97778 1.0749
2447356.97876 1.1083
2447356.97974 1.0888
2447358.95874 1.1733
2447358.95996 1.1605
2447358.96094 1.1196
2447359.96216 1.0763
2447359.96313 1.0655
2447359.96436 1.0924
2447361.95825 1.1187
2447361.95947 1.0970
2447361.96094 1.0808
2447362.96045 1.1894
2447362.96191 1.0724
2447362.96338 1.0703
2447365.94775 1.1003
2447365.94873 1.1197
2447365.94995 1.0595
2447366.94971 1.0660
2447366.95093 1.0588
2447366.95190 1.0914
2447368.96509 1.0653
2447368.96655 1.0671
2447368.96777 1.0588
2447370.93970 1.0452
2447370.94092 1.0377
2447370.94238 1.0349
2447371.95386 1.0386
2447371.95508 1.0442
2447371.95630 0.9954
2447373.94043 0.9541
2447373.94189 0.9369
2447373.94653 0.9605
2447374.93213 0.8942
2447374.93359 0.8626
2447374.93530 0.8633
2447375.93994 0.9299
2447375.94141 0.9245
2447375.94263 0.9079
2447379.89746 0.8625
2447379.89893 0.8576
2447379.90015 0.8710
2447381.95898 0.8664
2447381.96021 0.8923
2447381.96143 0.8896
2447382.97241 0.8406
2447382.97388 0.8259
2447382.97534 0.8479
2447382.97681 0.8647
2447384.93335 0.8528
2447384.93481 0.8455
2447384.93628 0.8530
2447386.85986 0.8443
2447386.86157 0.8208
2447386.86304 0.8592
2447388.90088 0.8779
2447388.90186 0.8666
2447388.90308 0.8760
2447389.90430 0.8752
2447389.90527 0.9266
2447389.90649 0.8791
2447392.90381 1.0106
2447392.90479 1.0051
2447392.90601 0.9905
2447395.88062 0.9653
2447395.88208 1.0394
2447395.88306 1.0441
2447396.87598 1.1111
2447396.87720 1.1417
2447396.87842 1.0761
2447402.86719 1.0305
2447402.86841 1.0800
2447402.86963 1.0790
2447405.86621 1.0044
2447405.86743 1.0314
2447405.86890 1.0414
2447411.86865 0.9444
2447411.86987 0.9066
2447411.87183 0.8664
2447411.87354 0.9475
2447411.87549 0.9446
2447411.87671 0.9914
2447412.83472 0.8790
2447412.83594 0.9300
2447412.83765 0.8917
2447412.83887 0.9033
2447412.84033 0.9133
2447414.81543 0.8394
2447414.81763 0.8312
2447414.81982 0.8537
2447419.76563 0.9014
2447419.76685 0.8960
2447419.76782 0.8847
2447422.76904 0.8536
2447422.77026 0.8814
2447422.77148 0.8793
2447428.76563 1.0050
2447428.76709 0.9899
2447428.76855 0.9915
2447432.74121 1.1123
2447432.74243 1.0670
2447432.74341 1.0655
2447434.75195 1.0706
2447434.75293 1.0519
2447434.75391 1.0789
2447435.74292 1.1331
2447435.74438 1.1251
2447435.74561 1.0837
2447437.69312 1.0716
2447437.69434 0.9365
2447437.69580 0.9750
2447446.62231 0.9082
2447446.62354 0.9389
2447446.62476 0.9083
2447447.65381 0.9714
2447447.65503 0.9777
2447447.65601 0.9506
2447450.67188 0.9177
2447450.67334 0.9190
2447450.67456 0.9170
2447451.69385 0.9138
2447451.69482 0.9117
2447451.69580 0.9321
2447453.74194 0.8866
2447453.74292 0.9641
2447453.74365 0.9450
2447456.68286 0.8616
2447456.68408 0.9217
2447456.68530 0.8726
2447457.63989 0.9660
2447457.64087 0.9346
2447457.64209 0.9230
2447459.67529 0.9725
2447459.67651 0.9413
2447459.67773 0.8736
2447461.67847 0.9573
2447461.67969 0.9579
2447461.68091 0.9463
2447464.65479 0.9329
2447464.65625 0.9527
2447464.65771 0.9392
2447465.69897 1.0106
2447465.69995 1.0431
2447465.70068 1.0314
2447467.68262 0.9615
2447467.68433 0.9414
2447467.68604 0.9486
2447482.60742 0.9470
2447482.60889 0.9976
2447482.61060 0.9594
2447638.96118 0.8627
2447638.96338 0.9153
2447638.96582 0.8697
2447717.97339 1.1504
2447717.97437 1.1196
2447717.97559 1.1350
2447720.97339 1.1630
2447720.97461 1.1518
2447720.97559 1.1261
2447722.96753 1.1132
2447722.96875 1.1152
2447722.97021 1.0720
2447723.94238 1.1696
2447723.94336 1.1619
2447723.94434 1.1652
2447725.95068 1.1397
2447725.95215 1.1434
2447725.95337 1.1251
2447726.96606 1.1055
2447726.96753 1.1253
2447726.96899 1.1559
2447728.95874 1.0633
2447728.96021 1.0577
2447728.96167 1.0519
2447729.92480 1.0440
2447729.92627 1.0221
2447729.92725 1.0654
2447737.94141 1.0445
2447737.94214 1.0406
2447737.94312 1.0512
2447740.90356 1.0051
2447740.90479 0.9797
2447740.90601 0.9815
2447747.89355 1.1193
2447747.89478 1.0997
2447747.89575 1.0760
2447751.88452 1.1498
2447751.88574 1.1653
2447751.88696 1.1835
2447753.88379 1.2533
2447753.88477 1.2544
2447753.88574 1.2266
2447758.90381 1.1625
2447758.90503 1.1880
2447758.90625 1.1396
2447759.87012 1.1337
2447759.87134 1.1031
2447759.87256 1.1443
2447773.84277 1.0259
2447773.84375 1.0301
2447773.84473 0.9975
2447778.74609 1.0559
2447778.74756 1.0274
2447778.74878 1.0330
2447779.76367 1.0182
2447779.76465 1.0079
2447779.76587 0.9887
2447781.75806 1.0515
2447781.75928 1.0280
2447781.76050 1.0125
2447790.76074 1.1716
2447790.76221 1.1583
2447790.76343 1.1562
2447803.73389 1.0020
2447803.73511 1.0141
2447803.73608 1.0062
2447808.73022 0.9761
2447808.73145 0.9657
2447808.73267 0.9613
2447810.70557 1.0168
2447810.70679 0.9868
2447810.70801 0.9955
2447818.68286 1.0134
2447818.68408 1.0332
2447818.68506 1.0303
2447833.63721 1.0796
2447833.63867 1.0546
2447833.63989 1.0761
2447837.60669 1.0609
2447837.60791 1.0368
2447837.60913 1.0666
2447839.62695 0.9836
2447839.62817 0.9453
2447839.62964 0.9611
2447842.61475 0.9719
2447842.61572 0.9832
2447842.61694 0.9846
2447844.60620 0.9759
2447844.60767 0.9545
2447844.60889 0.9836
2447846.60864 0.9703
2447846.60962 0.9564
2447846.61060 0.9688
2447848.60742 0.9442
2447848.60913 0.9391
2447848.61133 0.9212
2447850.60376 0.9875
2447850.60498 0.9931
2447850.60620 0.9763
2448070.94702 1.0502
2448070.94824 1.0858
2448070.94995 1.0518
2448075.96509 1.0861
2448075.96704 1.0618
2448075.96875 1.0523
2448088.95142 1.0340
2448088.95288 0.9973
2448088.95435 1.0235
2448090.94604 1.0416
2448090.94727 1.0090
2448090.94873 1.0446
2448093.94629 1.0323
2448093.94800 1.0386
2448093.94946 1.0113
2448095.92798 1.0467
2448095.92969 1.0242
2448095.93115 1.0199
2448097.93213 1.0199
2448097.93359 0.9902
2448097.93506 1.0061
2448099.94141 1.0334
2448099.94287 1.0125
2448099.94385 0.9850
2448100.92920 1.0529
2448100.93066 1.0522
2448100.93262 1.0377
2448102.90918 0.9865
2448102.91113 0.9672
2448102.91309 1.0015
2448104.91162 0.9859
2448104.91260 1.0091
2448104.91406 0.9928
2448106.90527 1.0040
2448106.90625 1.0138
2448106.90723 1.0207
2448107.88916 1.1454
2448107.89063 1.1324
2448107.89209 1.1672
2448121.86816 1.0184
2448121.86914 1.0310
2448121.87012 1.0240
2448126.87061 1.0160
2448126.87207 1.0064
2448126.87354 0.9935
2448128.80225 0.9888
2448128.80420 0.9786
2448128.80566 0.9932
2448130.80469 1.0174
2448130.80615 1.0214
2448130.80762 1.0421
2448132.87158 0.9560
2448132.87305 0.9648
2448132.87500 0.9881
2448134.80371 0.9968
2448134.80469 1.0100
2448134.80664 0.9762
2448136.80225 1.0223
2448136.80371 1.0157
2448136.80518 1.0063
2448148.76318 1.0988
2448148.76514 1.1157
2448148.76660 1.1072
2448152.75879 1.1147
2448152.76025 1.1120
2448152.76221 1.0930
2448154.75244 1.2074
2448154.75391 1.1678
2448154.75586 1.1157
2448157.76660 1.0457
2448157.76807 1.0824
2448157.76953 1.0570
2448159.73828 1.0558
2448159.73975 1.0087
2448159.74170 1.0765
2448161.74512 1.0616
2448161.74707 1.0496
2448161.74902 1.0866
2448163.73193 1.0066
2448163.73389 1.0108
2448163.73535 1.0229
2448165.76514 1.0160
2448165.76709 1.0120
2448165.76855 0.9866
2448167.71631 1.0071
2448167.71777 1.0020
2448167.71924 1.0027
2448185.67334 1.0870
2448185.67529 1.0832
2448185.67676 1.0959
2448187.64063 1.1136
2448187.64209 1.0746
2448187.64355 1.0466
2448192.70361 1.0469
2448192.70508 1.0503
2448192.70654 1.0424
2448194.70850 1.0711
2448194.70996 1.0710
2448194.71143 1.0804
2448210.62598 1.0408
2448210.62891 1.0684
2448210.63232 1.0384
2448214.59766 1.0377
2448214.59912 1.0046
2448214.60059 1.0626
2448220.59473 1.0796
2448220.59619 1.0742
2448220.59766 1.0532
2448450.95557 0.9241
2448450.95752 0.9124
2448450.95947 0.9180
2448451.94141 0.9148
2448451.94336 0.8969
2448451.94531 0.9000
2448453.95117 0.9245
2448453.95313 0.9021
2448453.95508 0.8931
2448459.87598 0.9222
2448459.87793 0.9489
2448459.87939 0.9506
2448460.93750 0.9274
2448460.93945 0.9591
2448460.94141 0.9696
2448462.95459 0.9804
2448462.95703 0.9673
2448462.95947 0.9022
2448464.92188 1.0050
2448464.92334 1.0027
2448464.92529 0.9735
2448466.89453 0.9648
2448466.89648 0.9727
2448466.89844 0.9594
2448467.89014 0.9147
2448467.89209 0.9372
2448467.89355 0.9239
2448486.87305 0.8411
2448486.87500 0.8781
2448486.87695 0.8482
2448487.86377 0.9019
2448487.86523 0.8788
2448487.86670 0.8637
2448489.87451 0.9022
2448489.87646 0.8723
2448489.87891 0.8979
2448491.87109 0.9612
2448491.87354 0.9736
2448491.87549 0.9160
2448492.80420 0.9377
2448492.80615 0.9517
2448492.80811 0.9032
2448494.87891 0.9615
2448494.88086 0.9333
2448494.88281 0.9251
2448496.87109 0.9480
2448496.87305 0.9290
2448496.87500 0.9294
2448498.87207 0.9405
2448498.87451 0.9181
2448498.87646 0.9115
2448499.80176 1.0253
2448499.80371 0.9963
2448499.80518 0.9792
2448551.63281 0.9653
2448551.63477 0.9198
2448551.63721 0.9140
2448805.93457 0.9764
2448805.93604 0.9617
2448805.93750 0.9699
2448831.95264 1.0164
2448831.95410 0.9842
2448831.95605 0.9956
2448833.94092 0.9645
2448833.94238 0.9565
2448833.94336 0.9956
2448835.94824 0.9982
2448835.94922 1.0130
2448835.95068 0.9966
2448837.94775 0.9765
2448837.94922 0.9437
2448837.95068 0.9476
2448839.94092 0.9057
2448839.94238 0.9051
2448839.94336 0.8973
2448842.89502 0.9273
2448842.89648 0.9342
2448842.89746 0.9236
2448843.90967 0.9067
2448843.91064 0.8796
2448843.91211 0.8860
2448846.91553 0.8482
2448846.91699 0.8532
2448846.91797 0.8794
2448847.87109 0.8987
2448847.87207 0.9386
2448847.87354 0.9222
2448850.91846 0.9040
2448850.91943 0.9168
2448850.92090 0.9285
2448851.89160 0.9149
2448851.89258 0.9011
2448851.89404 0.9325
2448853.89111 0.9570
2448853.89258 0.9801
2448853.89404 0.9392
2448855.88818 0.9536
2448855.88965 0.9567
2448855.89160 0.9571
2448857.86621 0.9438
2448857.86768 0.9588
2448857.86963 0.9274
2448858.88721 0.9135
2448858.88818 0.9411
2448858.88965 0.9572
2448860.85596 0.9541
2448860.85742 0.9282
2448860.85889 0.9571
2448862.87842 1.0230
2448862.87988 1.0389
2448862.88135 1.0341
2448864.88916 0.9678
2448864.89062 0.9864
2448864.89258 0.9740
2448865.87305 0.9916
2448865.87500 1.0075
2448865.87646 0.9733
2448868.79443 1.0788
2448868.79590 1.0775
2448868.79736 1.0568
2448870.79492 1.0390
2448870.79639 1.0081
2448870.79736 1.0244
2448871.84033 0.9889
2448871.84180 0.9846
2448871.84326 1.0184
2448873.77637 0.9382
2448873.77783 0.9247
2448873.77930 0.9360
2448875.78467 0.8898
2448875.78564 0.8648
2448875.78711 0.8700
2448877.76465 0.9106
2448877.76611 0.8661
2448877.76709 0.8713
2448878.79199 0.8900
2448878.79346 0.8878
2448878.79492 0.8892
2448880.78418 0.8786
2448880.78516 0.8871
2448880.78662 0.9021
2448884.76855 0.9067
2448884.77051 0.8914
2448884.77148 0.9262
2448887.80029 0.9283
2448887.80176 0.9556
2448887.80322 0.9433
2448891.76514 1.0429
2448891.76660 1.0114
2448891.76855 1.0307
2448893.74756 0.9861
2448893.74902 1.0194
2448893.75049 0.9864
2448895.76758 0.9690
2448895.76855 0.9517
2448895.77002 0.9755
2448897.72412 0.9935
2448897.72559 1.0084
2448897.72705 0.9675
2448899.74902 1.0553
2448899.75049 1.0417
2448899.75146 1.0572
2448901.77979 0.9865
2448901.78125 0.9842
2448901.78223 0.9621
2448903.75244 1.0420
2448903.75391 1.0568
2448903.75488 1.0319
2448904.76416 1.0139
2448904.76562 0.9951
2448904.76660 0.9940
2448906.71289 0.9836
2448906.71436 0.9564
2448906.71533 0.9541
2448908.75977 0.9504
2448908.76123 0.9580
2448908.76221 0.9344
2448910.72705 0.9075
2448910.72852 0.9021
2448910.72998 0.8667
2448911.73096 0.9358
2448911.73242 0.9442
2448911.73340 0.9137
2448913.70996 0.8612
2448913.71143 0.8461
2448913.71289 0.9059
2448915.71631 0.9312
2448915.71777 0.8951
2448915.71924 0.9319
2448917.71631 0.9276
2448917.71777 0.9268
2448917.71924 0.9220
2448927.63477 0.9807
2448927.63623 0.9590
2448927.63770 0.9403
2448935.65234 1.0047
2448935.65381 1.0152
2448935.65527 0.9944
2448937.63574 0.9384
2448937.63721 0.9665
2448937.63916 0.9331
2448938.63428 0.9557
2448938.63574 0.9909
2448938.63672 0.9800
2448940.63867 0.9642
2448940.64014 0.9892
2448940.64160 0.9349
2448944.65674 0.8761
2448944.65820 0.8966
2448944.65967 0.8889
2448945.62793 0.8964
2448945.62939 0.9034
2448945.63086 0.8911
2448948.64502 0.8706
2448948.64600 0.8819
2448948.64746 0.8734
2448967.60693 0.9033
2448967.60840 0.9040
2448967.60938 0.8937
2448970.60205 0.8959
2448970.60352 0.9060
2448970.60596 0.9024
2448971.59229 0.9793
2448971.59326 0.9524
2448973.58545 0.9484
2448973.58691 0.9221
2448973.58789 0.9572
2449204.92871 0.8376
2449204.93066 0.8496
2449204.93311 0.8331
2449205.88867 0.8940
2449205.89111 0.9170
2449205.89355 0.8742
2449217.89697 0.9905
2449217.89844 0.9885
2449217.90039 1.0043
2449218.91016 1.1607
2449218.91162 1.1377
2449218.91357 1.1582
2449220.89697 0.9550
2449220.89893 0.9756
2449220.90137 0.9849
2449220.90527 0.9934
2449220.90723 1.0140
2449220.90918 1.0038
2449220.91357 0.9631
2449220.91553 0.9838
2449220.91797 0.9870
2449220.92139 0.9648
2449220.92334 1.0119
2449220.92529 0.9585
2449220.93066 0.9454
2449220.93311 0.9781
2449220.93555 0.9610
2449220.93848 0.9694
2449220.94043 0.9843
2449220.94287 0.9084
2449220.94629 0.9418
2449220.94922 0.9289
2449220.95166 0.9279
2449222.87061 0.9872
2449222.87305 0.9969
2449222.87549 0.9703
2449225.89209 0.9737
2449225.89453 0.9595
2449225.89697 0.9499
2449226.88135 0.9805
2449226.88379 0.9456
2449226.88623 0.9301
2449228.87402 0.8905
2449228.87646 0.8742
2449228.87891 0.8928
2449230.85303 0.8364
2449230.85498 0.8677
2449230.85693 0.8454
2449234.83545 0.8687
2449234.83740 0.8300
2449234.83936 0.8268
2449236.83301 0.8208
2449236.83447 0.7962
2449236.83594 0.8133
2449237.82959 0.8788
2449237.83105 0.8716
2449237.83301 0.8631
2449239.82568 0.8259
2449239.82715 0.8658
2449239.82861 0.8291
2449242.81689 0.8847
2449242.81836 0.8477
2449242.81982 0.8996
2449245.82422 0.8800
2449245.82617 0.8881
2449245.82812 0.8815
2449250.79053 0.9264
2449250.79150 0.9413
2449250.79297 0.9389
2449254.77930 0.9593
2449254.78076 0.9267
2449254.78223 0.9408
2449256.73438 0.9684
2449256.73633 0.9657
2449256.73828 0.9354
2449258.76562 0.9520
2449258.76758 0.9117
2449258.76953 0.9280
2449260.76270 1.0014
2449260.76416 0.9496
2449260.76611 0.9843
2449261.72656 0.9450
2449261.72803 0.9205
2449261.72998 0.9305
2449264.74023 1.0259
2449264.74219 1.0230
2449264.74463 1.0312
2449265.74365 0.9264
2449265.74609 0.8848
2449265.74805 0.9192
2449267.74854 0.9130
2449267.74951 0.9105
2449267.75098 0.9121
2449269.74463 0.9055
2449269.74707 0.8752
2449269.74951 0.9001
2449273.70557 0.9152
2449273.70703 0.8744
2449273.70850 0.8916
2449280.70068 0.8943
2449280.70215 0.9226
2449280.70410 0.9014
2449281.69385 0.9520
2449281.69531 0.9423
2449281.69678 0.9504
2449284.68994 0.9510
2449284.69092 0.9341
2449284.69238 0.9210
2449285.70508 1.0067
2449285.70654 0.9184
2449285.70801 1.0064
2449293.65918 0.9331
2449293.66162 0.8998
2449293.66357 0.8927
2449296.68311 0.9191
2449296.68457 0.9451
2449296.68604 0.9006
2449297.67090 0.9445
2449297.67236 0.8892
2449297.67383 0.9168
2449300.58936 0.9136
2449300.59082 0.8930
2449300.59180 0.9028
2449538.95508 0.8520
2449538.95605 0.8537
2449538.95752 0.8262
2449550.92480 0.9096
2449550.92578 0.8769
2449550.92725 0.8658
2449552.93115 0.8142
2449552.93213 0.8191
2449552.93311 0.8246
2449558.91357 0.8515
2449558.91455 0.8676
2449558.91602 0.8694
2449559.91211 0.8152
2449559.91357 0.8432
2449559.91455 0.8751
2449573.86816 0.8304
2449573.86963 0.8089
2449573.87061 0.8339
2449576.76221 0.8592
2449576.76318 0.8499
2449576.76416 0.8724
2449578.84082 0.8924
2449578.84180 0.9039
2449578.84326 0.8833
2449579.84766 0.8451
2449579.84863 0.8463
2449579.84961 0.8415
2449581.76318 0.8586
2449581.76465 0.8014
2449581.76562 0.8573
2449582.76416 0.7744
2449582.76514 0.8321
2449582.76660 0.8342
2449584.77002 0.7933
2449584.77100 0.8010
2449584.77197 0.8153
2449589.79150 0.8465
2449589.79248 0.8599
2449589.79346 0.8587
2449599.76465 0.9050
2449599.76562 0.8823
2449599.76709 0.8747
2449600.76562 0.8678
2449600.76660 0.8738
2449600.76807 0.8851
2449602.79932 0.8367
2449602.80078 0.8640
2449602.80176 0.8740
2449607.75586 0.7828
2449607.75830 0.8084
2449607.76025 0.8125
2449609.75537 0.8107
2449609.75635 0.8543
2449609.75781 0.8528
2449610.74805 0.8206
2449610.74951 0.8604
2449610.75049 0.8242
2449613.74951 0.8109
2449613.75098 0.8138
2449613.75244 0.8371
2449614.76367 0.8607
2449614.76514 0.8707
2449614.76611 0.8629
2449616.72021 0.8215
2449616.72119 0.8171
2449616.72217 0.8019
2449619.73828 0.8196
2449619.73975 0.8125
2449619.74072 0.8389
2449621.67236 0.8378
2449621.67334 0.8384
2449621.67480 0.8578
2449623.70068 0.8541
2449623.70166 0.8577
2449623.70264 0.8524
2449625.66943 0.8402
2449625.67090 0.7819
2449625.67188 0.8141
2449627.68018 0.9436
2449627.68115 0.9301
2449627.68262 0.9240
2449628.68652 0.9236
2449628.68750 0.9353
2449628.68896 0.8805
2449632.67578 0.9709
2449632.67676 0.9566
2449632.67822 0.9819
2449634.67920 0.9698
2449634.68066 0.8971
2449634.68164 0.9023
2449637.65332 0.9543
2449637.65430 0.9102
2449637.65527 0.9607
2449639.64990 0.8868
2449639.65088 0.9069
2449639.65234 0.8951
2449641.64209 0.8746
2449641.64404 0.9151
2449641.64551 0.8489
2449642.72510 0.9183
2449642.72607 0.8861
2449642.72754 0.9283
2449645.71289 0.8350
2449645.71436 0.8683
2449645.71533 0.8700
2449650.64795 0.8065
2449650.64941 0.8218
2449650.65039 0.8221
2449652.63379 0.8107
2449652.63525 0.8032
2449652.63623 0.7873
2449654.62451 0.8366
2449654.62598 0.7705
2449654.62695 0.7592
2449656.63037 0.7940
2449656.63135 0.7854
2449656.63281 0.8176
2449661.61035 0.8403
2449661.61133 0.7959
2449661.61279 0.8536
2449662.65869 0.8962
2449662.65967 0.8909
2449662.66113 0.8656
2449670.64062 0.9802
2449670.64209 0.9726
2449670.64307 0.9944
2449671.61084 0.9418
2449671.61230 0.9462
2449671.61328 0.9245
