2445591.74600 0.3243
2445591.74700 0.3312
2445591.74700 0.3157
2445620.79600 0.3651
2445620.79600 0.3813
2445620.79700 0.3858
2445636.69000 0.3496
2445636.69100 0.3635
2445636.69200 0.3741
2445657.69500 0.3357
2445657.69600 0.3409
2445657.69800 0.3399
2445862.97388 0.3193
2445862.97473 0.3243
2445862.97546 0.3360
2445867.98987 0.3278
2445867.99072 0.3284
2445867.99146 0.3278
2445869.95996 0.3285
2445869.96094 0.3282
2445869.96179 0.3209
2445871.97192 0.3352
2445871.97266 0.3238
2445871.97327 0.3222
2445873.96533 0.3289
2445873.96643 0.3366
2445873.96704 0.3399
2445878.96118 0.3343
2445878.96204 0.3327
2445878.96277 0.3417
2445883.97009 0.3457
2445883.97070 0.3434
2445883.97131 0.3428
2445886.97034 0.3481
2445886.97107 0.3373
2445886.97180 0.3414
2445890.96033 0.3548
2445890.96094 0.3505
2445890.96167 0.3334
2445892.98218 0.3458
2445892.98303 0.3527
2445892.98376 0.3559
2445894.92468 0.3442
2445894.92542 0.3484
2445894.92615 0.3455
2445899.95422 0.3432
2445899.95508 0.3297
2445899.95593 0.3431
2445901.90552 0.3348
2445901.90710 0.3343
2445901.90881 0.3245
2445911.94043 0.3249
2445911.94141 0.3311
2445911.94238 0.3254
2445917.90552 0.3452
2445917.90613 0.3523
2445917.90674 0.3584
2445919.80383 0.3414
2445919.80481 0.3599
2445919.80591 0.3503
2445923.95496 0.3695
2445923.95581 0.3564
2445923.95667 0.3627
2445929.92834 0.3559
2445929.92908 0.3599
2445929.92993 0.3548
2445933.90979 0.3607
2445933.91040 0.3558
2445933.91101 0.3613
2445935.90015 0.3664
2445935.90137 0.3698
2445935.90283 0.3575
2445940.87439 0.3758
2445940.87500 0.3799
2445940.87585 0.3734
2445943.82898 0.3641
2445943.83032 0.3537
2445943.83167 0.3653
2445947.79382 0.4320
2445947.79504 0.4316
2445947.79626 0.4347
2445950.82593 0.3664
2445950.82825 0.3678
2445950.83069 0.3723
2445958.80896 0.3664
2445958.81091 0.3692
2445958.81287 0.3692
2445964.79858 0.3656
2445964.79980 0.3650
2445964.80200 0.3644
2445982.76709 0.3593
2445982.76807 0.3608
2445982.76904 0.3600
2445984.73669 0.3605
2445984.73792 0.3626
2445984.73889 0.3518
2445986.80078 0.3678
2445986.80310 0.3594
2445986.80615 0.3663
2446000.69934 0.3648
2446000.70178 0.3610
2446000.70374 0.3592
2446002.70032 0.3579
2446002.70105 0.3500
2446002.70190 0.3629
2446006.74695 0.3527
2446006.74792 0.3504
2446006.74878 0.3414
2446009.72778 0.3568
2446009.72949 0.3537
2446009.73181 0.3574
2446015.71436 0.3608
2446015.71521 0.3523
2446015.71582 0.3542
2446024.63318 0.3591
2446024.63403 0.3590
2446024.63489 0.3503
2446036.64148 0.3617
2446036.64258 0.3592
2446036.64343 0.3587
2446049.63574 0.3672
2446049.63892 0.3686
2446049.64185 0.3636
2446220.96948 0.3470
2446220.97217 0.3531
2446220.97485 0.3596
2446231.98193 0.3585
2446231.98389 0.3625
2446231.98584 0.3554
2446237.88672 0.3570
2446237.88721 0.3532
2446237.88794 0.3671
2446244.94312 0.3713
2446244.94409 0.3652
2446244.94482 0.3595
2446274.92798 0.3274
2446274.92871 0.3343
2446274.92944 0.3265
2446281.96582 0.3281
2446281.96680 0.3294
2446281.96802 0.3261
2446286.92871 0.3348
2446286.92944 0.3408
2446286.93018 0.3365
2446291.89355 0.3270
2446291.89429 0.3280
2446291.89502 0.3254
2446296.88354 0.3369
2446296.88428 0.3310
2446296.88525 0.3289
2446300.90723 0.3418
2446300.90820 0.3344
2446300.90918 0.3367
2446325.90259 0.3502
2446325.90356 0.3498
2446325.90454 0.3531
2446338.77539 0.3507
2446338.77612 0.3467
2446338.77661 0.3536
2446349.79297 0.3522
2446349.79370 0.3541
2446349.79443 0.3537
2446364.75269 0.3546
2446364.75317 0.3504
2446364.75391 0.3611
2446371.72705 0.3469
2446371.72778 0.3457
2446371.72852 0.3444
2446376.66479 0.3419
2446376.66528 0.3411
2446376.66602 0.3339
2446385.70483 0.3133
2446385.70581 0.3268
2446385.70654 0.3226
2446392.65161 0.3132
2446392.65234 0.3149
2446392.65308 0.3110
2446407.63013 0.3151
2446407.63110 0.3172
2446407.63208 0.3191
2446416.62964 0.3285
2446416.63110 0.3192
2446416.63208 0.3238
2446423.61816 0.3228
2446423.61890 0.3245
2446423.61963 0.3241
2447041.87354 0.3012
2447041.87451 0.2978
2447041.87549 0.2929
2447056.78491 0.3087
2447056.78589 0.3092
2447056.78711 0.3058
2447076.72559 0.3202
2447076.72656 0.3185
2447076.72729 0.3159
2447110.73926 0.3105
2447110.73975 0.3088
2447110.74072 0.3101
2447125.62354 0.3069
2447125.62451 0.3017
2447125.62549 0.3145
2447160.61694 0.3085
2447160.61792 0.3067
2447160.61890 0.3037
2447385.91357 0.3204
2447385.91479 0.3250
2447385.91577 0.3306
2447424.78198 0.2990
2447424.78296 0.3103
2447424.78394 0.3049
2447447.73560 0.3248
2447447.73682 0.3241
2447447.73828 0.3194
2447460.69678 0.3280
2447460.69800 0.3293
2447460.69922 0.3358
2447471.63330 0.3378
2447471.63477 0.3311
2447471.63574 0.3305
2447485.62964 0.3327
2447485.63062 0.3306
2447485.63159 0.3284
2447747.93359 0.3564
2447747.93506 0.3514
2447747.93628 0.3522
2447777.76440 0.3559
2447777.76563 0.3525
2447777.76685 0.3603
2447808.76489 0.3641
2447808.76587 0.3579
2447808.76709 0.3613
2447837.69507 0.3499
2447837.69629 0.3487
2447837.69727 0.3537
2448092.95483 0.3152
2448092.95581 0.3195
2448092.95728 0.3163
2448145.78906 1.5555
2448145.79102 1.5312
2448145.79248 1.5596
2448441.99121 0.3518
2448441.99219 0.3615
2448441.99316 0.3468
2448844.88184 0.4033
2448844.88330 0.4033
2448844.88525 0.3995
2448872.87793 0.3747
2448872.87939 0.3824
2448872.88086 0.3849
2448903.77246 0.3836
2448903.77344 0.3875
2448903.77490 0.3852
2448934.73096 0.4112
2448934.73193 0.4011
2448934.73340 0.4031
2448972.62061 0.4021
2448972.62207 0.4007
2448972.62305 0.3988
2449238.86035 0.3831
2449238.86182 0.3777
2449238.86328 0.3817
2449273.74316 0.3870
2449273.74463 0.3817
2449273.74609 0.3908
2449284.74170 0.3784
2449284.74316 0.3654
2449284.74463 0.3770
2449297.69482 0.3734
2449297.69580 0.3798
2449297.69727 0.3802
2449311.60498 0.3879
2449311.60645 0.3811
2449311.60791 0.3866
2449578.86865 0.3639
2449578.86963 0.3674
2449578.87109 0.3696
2449588.84131 0.3813
2449588.84277 0.3869
2449588.84375 0.3771
2449606.80811 0.4011
2449606.80908 0.3947
2449606.81055 0.3873
2449609.76709 0.3865
2449609.76807 0.3918
2449609.76953 0.3913
2449635.77490 0.4030
2449635.77588 0.4051
2449635.77734 0.4065
2449641.69141 0.3930
2449641.69238 0.3955
2449641.69336 0.3886
2449694.58301 0.3654
2449694.58447 0.3653
2449694.58545 0.3649
2449704.59570 0.3698
2449704.59717 0.3740
2449704.59814 0.3832
