2447041.88184 0.5053
2447041.88281 0.5072
2447041.88379 0.5110
2447071.74609 0.4975
2447071.74683 0.5033
2447071.74780 0.5065
2447110.75610 0.5101
2447110.75708 0.5085
2447110.75806 0.5098
2447141.66675 0.5000
2447141.66748 0.5137
2447141.66821 0.5118
2447379.96021 0.5024
2447379.96167 0.5041
2447379.96313 0.5087
2447445.72461 0.5053
2447445.72559 0.5143
2447445.72632 0.4880
2447471.64282 0.4924
2447471.64404 0.5129
2447471.64526 0.5305
2447733.00317 0.5376
2447733.00415 0.5362
2447733.00513 0.5386
2447784.78345 0.5334
2447784.78467 0.5485
2447784.78564 0.5392
2448147.80322 0.5390
2448147.80420 0.5457
2448147.80518 0.5395
