44191.80000 0.2676
44192.80000 0.2384
44423.84799 0.2227
44423.84900 0.2246
44424.85300 0.2292
44424.85300 0.2364
44424.85599 0.2340
44424.85599 0.2386
44424.85699 0.2395
44426.85400 0.2198
44426.85501 0.2227
44428.96100 0.2165
44428.96100 0.2198
44429.82800 0.2383
44429.82901 0.2302
44429.82901 0.2340
44430.85300 0.2222
44430.85300 0.2273
44430.85300 0.2186
44430.85400 0.2294
44430.85400 0.2206
44432.85999 0.2273
44432.86099 0.2160
44432.86099 0.2227
44441.83301 0.2204
44441.83401 0.2190
44441.83401 0.2098
44442.85699 0.2091
44442.85699 0.2072
44442.85699 0.2158
44442.86700 0.2221
44442.86801 0.2182
44442.86801 0.2295
44443.87399 0.2242
44443.87399 0.2230
44443.87399 0.2180
44444.84900 0.2175
44444.85001 0.2230
44444.85001 0.2204
44445.86600 0.2163
44445.86700 0.2151
44445.86700 0.2141
44446.85999 0.2045
44446.86099 0.2146
44446.86099 0.2051
44446.86200 0.2094
44447.84601 0.2353
44447.84601 0.2341
44447.84698 0.2356
44448.84299 0.2293
44448.84299 0.2182
44448.84399 0.2288
44449.85800 0.2073
44449.85800 0.2138
44449.85800 0.2080
44451.86401 0.2256
44451.86499 0.2239
44451.86499 0.2235
44452.85400 0.2266
44452.85501 0.2298
44452.85501 0.2247
44453.86099 0.2150
44453.86200 0.2191
44453.86200 0.2191
44454.89499 0.2119
44454.89600 0.2110
44454.89700 0.2073
44458.86600 0.2102
44458.86700 0.2191
44458.86700 0.2137
44460.82001 0.2268
44460.82001 0.2251
44460.82101 0.2216
44461.88300 0.2299
44461.88400 0.2205
44461.88400 0.2260
44462.87500 0.2186
44462.87500 0.2139
44462.87601 0.2218
44463.80399 0.2197
44463.80499 0.2261
44463.80499 0.2256
44464.87799 0.2203
44464.87900 0.2237
44464.87900 0.2200
44464.88000 0.2072
44464.88000 0.2213
44464.88101 0.2132
44465.91299 0.2263
44465.91299 0.2270
44465.91400 0.2152
44466.82999 0.2330
44466.83099 0.2291
44466.83099 0.2306
44467.81201 0.2121
44467.81201 0.2147
44467.81299 0.2177
44468.89301 0.2189
44468.89301 0.2023
44468.89301 0.2140
44469.83499 0.2263
44469.83600 0.2222
44469.83600 0.2270
44472.83600 0.2199
44472.83600 0.2121
44472.83701 0.2218
44473.84399 0.2198
44473.84399 0.2121
44473.84500 0.2203
44474.79599 0.2261
44474.79700 0.2335
44474.79700 0.2315
44475.81900 0.2425
44475.82001 0.2430
44475.82001 0.2435
44476.76700 0.2291
44476.76700 0.2332
44476.76801 0.2298
44478.84100 0.2268
44478.84100 0.2296
44478.84201 0.2308
44479.82199 0.2301
44479.82300 0.2242
44479.82300 0.2382
44480.79099 0.2339
44480.79199 0.2376
44480.79199 0.2334
44481.77802 0.2294
44481.77802 0.2237
44481.77899 0.2282
44482.79501 0.2069
44482.79501 0.2195
44482.79599 0.2214
44484.79001 0.2468
44484.79099 0.2504
44484.79099 0.2492
44485.77701 0.2278
44485.77701 0.2250
44485.77802 0.2280
44486.78601 0.2282
44486.78601 0.2344
44486.78699 0.2366
44487.78201 0.2403
44487.78201 0.2440
44487.78201 0.2440
44489.78299 0.2379
44489.78400 0.2334
44489.78500 0.2305
44490.78699 0.2306
44490.78799 0.2267
44490.78799 0.2306
44491.78601 0.2257
44491.78699 0.2281
44491.78799 0.2313
44492.78400 0.2363
44492.78400 0.2332
44492.78500 0.2329
44493.78601 0.2456
44493.78699 0.2452
44493.78799 0.2468
44494.76501 0.2274
44494.76599 0.2320
44494.76599 0.2329
44495.76700 0.2269
44495.76801 0.2279
44495.76801 0.2259
44496.80499 0.2440
44496.80600 0.2400
44496.80600 0.2370
44505.81900 0.2238
44505.81900 0.2299
44505.82001 0.2322
44506.80301 0.2335
44506.80301 0.2351
44506.80399 0.2351
44507.78201 0.2340
44507.78201 0.2383
44507.78299 0.2360
44508.78400 0.2326
44508.78500 0.2222
44508.78601 0.2246
44509.77899 0.2109
44509.77899 0.2069
44509.78000 0.2109
44510.84900 0.2294
44510.85001 0.2219
44510.85001 0.2266
44511.76401 0.2376
44511.76501 0.2384
44511.76599 0.2445
44512.82397 0.2367
44512.82501 0.2257
44512.82599 0.2198
44513.77399 0.2166
44513.77502 0.2237
44513.77502 0.2125
44514.76202 0.2234
44514.76300 0.2264
44514.76300 0.2264
44515.75500 0.2268
44515.75598 0.2288
44515.75702 0.2224
44516.75702 0.2381
44516.75702 0.2316
44516.75800 0.2329
44517.77399 0.2089
44517.77502 0.2109
44517.77600 0.2054
44524.70599 0.2247
44524.71002 0.2252
44524.71301 0.2252
44526.76703 0.2225
44526.77197 0.2270
44528.72998 0.2227
44528.73102 0.2249
44528.73199 0.2191
44545.78497 0.2046
44545.78601 0.2009
44545.78699 0.2039
44546.68298 0.2125
44546.68402 0.2076
44546.68500 0.2107
44547.66400 0.2315
44547.66498 0.2303
44547.66498 0.2251
44548.66998 0.2358
44548.67102 0.2279
44548.67200 0.2299
44549.65601 0.2162
44549.65698 0.2171
44549.65802 0.2143
44550.64600 0.2226
44550.64697 0.2187
44550.64801 0.2207
44562.69800 0.2191
44562.69897 0.2188
44562.70001 0.2215
44564.65997 0.2159
44564.66101 0.2177
44564.66101 0.2143
44566.66199 0.2354
44566.66302 0.2350
44566.66302 0.2358
45591.75000 0.4375
45591.75100 0.4383
45591.75200 0.4391
45593.80700 0.4632
45593.80800 0.4657
45593.80800 0.4588
45594.79900 0.4669
45594.80000 0.4661
45594.80100 0.4695
45595.75700 0.4404
45595.75800 0.4407
45595.75900 0.4388
45620.80000 0.4604
45620.80100 0.4522
45620.80100 0.4579
45627.79300 0.4762
45627.79400 0.4618
45627.79500 0.4563
45636.69500 0.4656
45636.69500 0.4701
45636.69600 0.4590
45657.68200 0.4623
45657.68300 0.4523
45657.68400 0.4624
45660.73000 0.4631
45660.73000 0.4658
45660.73100 0.4547
45864.97693 0.4596
45864.97754 0.4601
45864.97815 0.4598
45867.98413 0.4943
45867.98523 0.4897
45867.98596 0.4900
45869.96875 0.4733
45869.96948 0.4695
45869.97009 0.4700
45871.97559 0.4591
45871.97668 0.4665
45871.97742 0.4575
45873.96948 0.4587
45873.97021 0.4567
45873.97083 0.4559
45878.96973 0.4538
45878.97058 0.4538
45878.97156 0.4542
45883.97583 0.4505
45883.97705 0.4586
45883.97815 0.4664
45886.97522 0.4478
45886.97595 0.4570
45886.97668 0.4604
45890.96570 0.4636
45890.96655 0.4571
45890.96765 0.4559
45892.97937 0.4529
45892.97998 0.4466
45892.98071 0.4555
45894.92859 0.4955
45894.92932 0.4860
45894.93030 0.4889
45899.95850 0.4571
45899.95935 0.4543
45899.96008 0.4572
45901.91980 0.4427
45901.92078 0.4699
45901.92163 0.4269
45908.98462 0.4614
45908.98560 0.4586
45908.98645 0.4592
45911.94934 0.4304
45911.95032 0.4424
45911.95129 0.4451
45917.89709 0.4408
45917.89819 0.4390
45917.89929 0.4545
45919.80786 0.4336
45919.80847 0.4589
45919.80908 0.4465
45923.96338 0.4352
45923.96411 0.4430
45923.96472 0.4394
45929.94702 0.4362
45929.94788 0.4316
45929.94885 0.4547
45933.91479 0.4211
45933.91614 0.4513
45933.91711 0.4363
45935.90552 0.4581
45935.90613 0.4536
45935.90674 0.4690
45937.82788 0.4674
45937.82886 0.4655
45937.82996 0.4444
45939.90771 0.4497
45939.90845 0.4597
45939.90930 0.4661
45943.00012 0.4166
45943.00159 0.4675
45943.00281 0.4580
45947.79834 0.5545
45947.79895 0.5481
45947.79956 0.5504
45950.83289 0.4537
45950.83423 0.4581
45950.83582 0.4529
45958.82336 0.4805
45958.82422 0.4920
45958.82520 0.4937
45964.81250 0.4555
45964.81323 0.4563
45964.81482 0.4693
45982.77820 0.4549
45982.77930 0.4513
45982.78015 0.4587
45984.74194 0.4567
45984.74365 0.4591
45984.74585 0.4539
45986.80811 0.4561
45986.80908 0.4552
45986.81042 0.4510
45996.74280 0.4344
45996.74402 0.4484
45996.74536 0.4391
46006.75562 0.4513
46006.75623 0.4522
46006.75696 0.4585
46009.72278 0.4574
46009.72375 0.4454
46009.72485 0.4507
46015.72144 0.4588
46015.72217 0.4551
46015.72278 0.4566
46023.73535 0.4484
46023.73621 0.4579
46023.73694 0.4467
46024.63708 0.4460
46024.63770 0.4573
46024.63831 0.4521
46030.66602 0.4680
46030.66699 0.4551
46030.66809 0.4489
46036.65271 0.4587
46036.65381 0.4508
46036.65503 0.4677
46049.65796 0.4857
46049.65942 0.4956
46049.66089 0.4920
46239.96240 0.4666
46239.96313 0.4716
46239.96387 0.4678
46244.95874 0.4790
46244.95947 0.4803
46244.96045 0.4781
46273.97241 0.4762
46273.97412 0.4725
46273.97559 0.4681
46279.96899 0.4831
46279.97119 0.4806
46279.97363 0.4862
46281.98926 0.4777
46281.99023 0.4922
46281.99097 0.4855
46283.94092 0.4786
46283.94189 0.4813
46283.94336 0.4786
46285.90967 0.4951
46285.91040 0.4998
46285.91113 0.5051
46287.92603 0.4732
46287.92700 0.4704
46287.92773 0.4687
46289.85718 0.4919
46289.85864 0.4881
46289.86011 0.4872
46291.89722 0.4798
46291.89819 0.4700
46291.89917 0.4785
46293.92993 0.4796
46293.93140 0.4772
46293.93262 0.4809
46296.89087 0.4712
46296.89233 0.4729
46296.89380 0.4766
46298.91235 0.4855
46298.91406 0.4844
46298.91577 0.4903
46300.91479 0.4737
46300.91602 0.4708
46300.91699 0.4792
46302.91357 0.4763
46302.91455 0.4806
46302.91553 0.4657
46304.89966 0.5095
46304.90039 0.4956
46304.90137 0.4948
46316.90259 0.4823
46316.90332 0.4593
46316.90405 0.4601
46321.87720 0.4770
46321.87817 0.4744
46321.87915 0.4650
46323.90234 0.4563
46323.90332 0.4480
46323.90454 0.4508
46325.91016 0.4680
46325.91113 0.4606
46325.91235 0.4633
46328.78784 0.4491
46328.78857 0.4570
46328.78931 0.4578
46332.87720 0.4512
46332.87817 0.4506
46332.87891 0.4490
46337.79126 0.4497
46337.79175 0.4542
46337.79248 0.4437
46339.79712 0.4547
46339.79785 0.4594
46339.79858 0.4489
46341.76978 0.4615
46341.77051 0.4547
46341.77124 0.4535
46349.79712 0.4899
46349.79785 0.4896
46349.79834 0.4857
46354.79102 0.4596
46354.79199 0.4699
46354.79297 0.4619
46357.76514 0.4708
46357.76611 0.4644
46357.76685 0.4674
46361.73096 0.4750
46361.73193 0.4785
46361.73267 0.4724
46365.73682 0.4554
46365.73853 0.4635
46365.73926 0.4493
46367.72021 0.4947
46367.72119 0.5005
46367.72192 0.4907
46370.77612 0.4757
46370.77710 0.4750
46370.77808 0.4825
46372.69067 0.4711
46372.69165 0.4648
46372.69238 0.4632
46374.67944 0.4560
46374.68042 0.4549
46374.68140 0.4645
46376.66821 0.4819
46376.66895 0.4850
46376.66968 0.4838
46384.71265 0.4622
46384.71362 0.4562
46384.71460 0.4539
46386.74585 0.4874
46386.74683 0.4828
46386.74756 0.4705
46388.62183 0.4612
46388.62256 0.4551
46388.62305 0.4650
46390.69165 0.4639
46390.69238 0.4724
46390.69360 0.4576
46392.65698 0.4570
46392.65796 0.4531
46392.65894 0.4490
46396.73633 0.4590
46396.73706 0.4564
46396.73779 0.4570
46406.68726 0.4638
46406.68799 0.4651
46406.68896 0.4626
46409.68774 0.4643
46409.68848 0.4632
46409.68896 0.4664
46414.66528 0.4608
46414.66602 0.4613
46414.66699 0.4609
46416.64331 0.4717
46416.64404 0.4672
46416.64502 0.4601
46418.64478 0.4671
46418.64575 0.4557
46418.64648 0.4606
46421.62988 0.4693
46421.63062 0.4622
46421.63159 0.4622
46423.62427 0.4713
46423.62500 0.4651
46423.62573 0.4645
46426.67529 0.4639
46426.67627 0.4625
46426.67700 0.4495
46639.94946 0.4685
46639.95044 0.4687
46639.95142 0.4841
46649.97998 0.4914
46649.98071 0.4819
46649.98169 0.4884
46652.97656 0.4747
46652.97729 0.4806
46652.97803 0.4754
46652.98364 0.4712
46652.98462 0.4633
46652.98535 0.4712
46654.96948 0.4833
46654.97046 0.4828
46654.97119 0.4805
46656.94727 0.4668
46656.94800 0.4672
46656.94873 0.4608
46659.91455 0.4799
46659.91553 0.4905
46659.91626 0.4870
46662.93066 0.4741
46662.93140 0.4728
46662.93213 0.4724
46664.92236 0.4630
46664.92310 0.4665
46664.92358 0.4577
46666.91333 0.4569
46666.91406 0.4523
46666.91504 0.4639
46673.83887 0.4644
46673.83960 0.4625
46673.84082 0.4615
46676.80371 0.4655
46676.80444 0.4563
46676.80518 0.4738
46678.88135 0.4386
46678.88208 0.4420
46678.88306 0.4305
46683.88379 0.4397
46683.88477 0.4405
46683.88574 0.4200
46688.88989 0.4480
46688.89087 0.4457
46688.89185 0.4457
46690.86890 0.4509
46690.86963 0.4458
46690.87061 0.4491
46703.76782 0.4471
46703.77026 0.4603
46703.77319 0.4578
46706.79517 0.4474
46706.79590 0.4544
46706.79639 0.4413
46709.77637 0.4432
46709.77710 0.4407
46709.77783 0.4378
46711.79126 0.4492
46711.79248 0.4413
46711.79346 0.4370
46716.70166 0.4498
46716.70264 0.4537
46716.70361 0.4558
46721.75586 0.4458
46721.75659 0.4408
46721.75732 0.4352
46723.72778 0.4638
46723.72852 0.4570
46723.72925 0.4740
46726.75879 0.4660
46726.75952 0.4640
46726.76050 0.4649
46728.75513 0.4552
46728.75610 0.4465
46728.75684 0.4455
46733.71509 0.4485
46733.71655 0.4592
46733.71753 0.4628
46737.72754 0.4768
46737.72827 0.4734
46737.72900 0.4768
46739.70239 0.4727
46739.70313 0.4632
46739.70386 0.4649
46741.71606 0.5045
46741.71680 0.4841
46741.71753 0.4886
46744.70654 0.4810
46744.70728 0.4824
46744.70801 0.4808
46747.68066 0.4824
46747.68140 0.4899
46747.68213 0.4777
46749.64893 0.5072
46749.64990 0.5170
46749.65088 0.5067
46751.67847 0.4964
46751.67896 0.4841
46751.67969 0.4903
46754.66504 0.4986
46754.66626 0.4899
46754.66724 0.4945
46766.63916 0.4603
46766.64014 0.4519
46766.64087 0.4442
46772.62476 0.4801
46772.62549 0.4786
46772.62622 0.4681
46774.63867 0.4665
46774.63965 0.4509
46774.64087 0.4639
46778.62598 0.4656
46778.62695 0.4497
46778.62769 0.4547
46782.62598 0.4450
46782.62695 0.4402
46782.62793 0.4458
47001.99170 0.4430
47001.99292 0.4444
47001.99414 0.4373
47003.94189 0.4622
47003.94263 0.4570
47003.94336 0.4488
47003.94458 0.4517
47003.94531 0.4567
47003.94604 0.4603
47008.95532 0.4688
47008.95630 0.4615
47008.95703 0.4601
47020.93481 0.4337
47020.93604 0.4375
47020.93701 0.4352
47029.92578 0.4593
47029.92676 0.4642
47029.92749 0.4687
47033.96167 0.4517
47033.96265 0.4478
47033.96362 0.4560
47035.92554 0.4694
47035.92651 0.4680
47035.92700 0.4676
47038.87061 0.4643
47038.87134 0.4545
47038.87207 0.4601
47041.92871 0.4892
47041.92969 0.4836
47041.93066 0.4795
47043.89502 0.4647
47043.89624 0.4530
47043.89722 0.4672
47046.89575 0.4673
47046.89673 0.4783
47046.89746 0.4718
47048.86548 0.4590
47048.86621 0.4521
47048.86743 0.4523
47050.89185 0.4884
47050.89282 0.4853
47050.89380 0.4795
47053.85327 0.4814
47053.85400 0.4749
47053.85498 0.4816
47055.86548 0.4708
47055.86646 0.4647
47055.86743 0.4612
47061.82275 0.4501
47061.82373 0.4569
47061.82446 0.4475
47070.79517 0.4367
47070.79614 0.4413
47070.79736 0.4419
47072.78320 0.4508
47072.78394 0.4505
47072.78491 0.4551
47075.75757 0.4310
47075.75830 0.4319
47075.75928 0.4305
47078.78516 0.4506
47078.78613 0.4517
47078.78711 0.4543
47084.79639 0.4374
47084.79736 0.4280
47084.79834 0.4312
47088.78931 0.4283
47088.79053 0.4349
47088.79199 0.4337
47108.70386 0.4802
47108.70483 0.4800
47108.70581 0.4791
47119.72559 0.4863
47119.72681 0.4746
47119.72754 0.4814
47122.68213 0.4867
47122.68286 0.4917
47122.68384 0.4913
47124.70068 0.4847
47124.70190 0.4678
47124.70264 0.4726
47127.70630 0.4897
47127.70728 0.4928
47127.70825 0.4960
47129.69727 0.4651
47129.69824 0.4717
47129.69922 0.4635
47139.70752 0.4495
47139.70825 0.4621
47139.70923 0.4494
47139.71069 0.4499
47139.71216 0.4561
47141.69019 0.4722
47141.69092 0.4665
47141.69189 0.4875
47141.69385 0.4798
47141.69556 0.4827
47141.69751 0.4823
47144.62646 0.4673
47144.62720 0.4775
47144.62793 0.4806
47151.63086 0.4621
47151.63184 0.4627
47151.63281 0.4668
47160.63501 0.4724
47160.63599 0.4692
47160.63818 0.4673
47385.93823 0.4907
47385.93896 0.4802
47385.93994 0.4850
47389.80127 0.4715
47389.80249 0.4809
47389.80371 0.4797
47393.78247 0.4569
47393.78345 0.4618
47393.78467 0.4585
47399.79419 0.4662
47399.79565 0.4694
47399.79712 0.4804
47402.91968 0.4439
47402.92090 0.4564
47402.92188 0.4545
47423.87402 0.4635
47423.87500 0.4829
47423.87622 0.4746
47433.80713 0.4611
47433.80811 0.4605
47433.80908 0.4486
47444.76123 0.4555
47444.76196 0.4510
47444.76294 0.4458
47450.71216 0.4961
47450.71338 0.4909
47450.71533 0.4931
47452.77612 0.4793
47452.77710 0.4596
47452.77832 0.4590
47455.75757 0.4751
47455.75879 0.4834
47455.76001 0.4844
47459.73340 0.5070
47459.73438 0.5106
47459.73535 0.5240
47462.73926 0.4922
47462.74048 0.4899
47462.74170 0.4758
47465.77905 0.4870
47465.78027 0.4864
47465.78149 0.4862
47486.71411 0.5473
47486.71509 0.5468
47486.71631 0.5415
47495.61597 0.5387
47495.61719 0.5393
47495.61816 0.5410
47497.65552 0.5204
47497.65649 0.5273
47497.65723 0.5237
47737.95898 0.4944
47737.95972 0.5148
47737.96069 0.5024
47743.96606 0.4965
47743.96729 0.5045
47743.96826 0.4964
47752.97461 0.5043
47752.97583 0.5071
47752.97681 0.4994
47762.90308 0.5252
47762.90381 0.5310
47762.90430 0.5247
47775.91821 0.5248
47775.91968 0.5120
47775.92114 0.5073
47779.87671 0.5134
47779.87769 0.5163
47779.87866 0.5203
47807.78809 0.4695
47807.78931 0.4757
47807.79077 0.4695
47815.73950 0.4925
47815.74072 0.4901
47815.74194 0.4920
47819.73608 0.4865
47819.73755 0.4900
47819.73901 0.4864
47836.70996 0.5113
47836.71094 0.5045
47836.71216 0.5073
47842.70801 0.5188
47842.70898 0.5134
47842.70996 0.5135
47846.70508 0.5087
47846.70630 0.5231
47846.70728 0.5057
47850.66821 0.5203
47850.66943 0.5023
47850.67065 0.5033
47864.62695 0.5194
47864.62817 0.5146
47864.62939 0.5119
47868.63062 0.5112
47868.63159 0.5119
47868.63281 0.5115
47875.62671 0.4986
47875.62793 0.4908
47875.62915 0.4911
48124.89551 0.5231
48124.89697 0.5058
48124.89795 0.5206
48131.92041 0.5048
48131.92188 0.4976
48131.92285 0.4999
48187.69629 0.5050
48187.69727 0.5105
48187.69873 0.5089
48213.67383 0.5011
48213.67529 0.4992
48213.67627 0.4971
48225.68408 0.5096
48225.68506 0.5038
48225.68652 0.5041
48228.66504 0.5217
48228.66602 0.5197
48228.66699 0.5297
48473.93408 0.5470
48473.93506 0.5448
48473.93652 0.5285
48844.88818 0.4902
48844.88965 0.4954
48844.89062 0.4875
48853.96045 0.5033
48853.96191 0.4948
48853.96338 0.4982
48872.89111 0.5167
48872.89209 0.5245
48872.89355 0.5135
48875.81592 0.5142
48875.81689 0.5145
48875.81836 0.5131
48877.79639 0.5157
48877.79736 0.5200
48877.79834 0.5204
48880.79980 0.5131
48880.80078 0.5166
48880.80225 0.5167
48887.89551 0.5394
48887.89697 0.5449
48887.89795 0.5542
48903.77734 0.5499
48903.77881 0.5463
48903.77979 0.5426
48905.78662 0.5452
48905.78809 0.5508
48905.78906 0.5546
48912.77393 0.5383
48912.77539 0.5399
48912.77686 0.5424
48916.76074 0.5373
48916.76172 0.5457
48916.76318 0.5465
48934.74365 0.5459
48934.74512 0.5363
48934.74609 0.5464
48937.68555 0.5336
48937.68652 0.5446
48937.68799 0.5458
48939.69531 0.5228
48939.69678 0.5237
48939.69824 0.5238
48945.67334 0.5376
48945.67480 0.5364
48945.67627 0.5295
48949.75244 0.5338
48949.75391 0.5284
48949.75488 0.5256
48972.62598 0.5163
48972.62744 0.5278
48972.62891 0.5313
48979.60352 0.5521
48979.60498 0.5500
48979.60645 0.5540
48999.59326 0.5200
48999.59424 0.5251
48999.59570 0.5274
49236.88184 0.4754
49236.88281 0.4772
49236.88428 0.4820
49238.86670 0.4848
49238.86816 0.4852
49238.86914 0.4833
49265.79150 0.4801
49265.79297 0.4788
49265.79395 0.4765
49267.81299 0.4615
49267.81445 0.4539
49267.81543 0.4620
49270.76465 0.5056
49270.76611 0.5037
49270.76758 0.5002
49273.75000 0.4930
49273.75098 0.4898
49273.75244 0.4982
49280.75928 0.5208
49280.76074 0.5008
49280.76221 0.5021
49284.74756 0.5127
49284.74902 0.5161
49284.75000 0.5160
49297.70020 0.5228
49297.70166 0.5291
49297.70264 0.5263
49309.63232 0.5074
49309.63379 0.5059
49309.63525 0.5170
49311.61328 0.5187
49311.61475 0.5180
49311.61572 0.5214
49328.59375 0.5024
49328.59521 0.4971
49328.59668 0.5035
49331.59277 0.4760
49331.59424 0.4790
49331.59570 0.4770
49342.59326 0.4893
49342.59424 0.4992
49342.59570 0.4954
49573.88184 0.5133
49573.88281 0.5233
49573.88428 0.5194
49578.87842 0.5092
49578.87939 0.5046
49578.88086 0.5156
49580.90771 0.5403
49580.90918 0.5435
49580.91016 0.5342
49583.85742 0.5300
49583.85889 0.5313
49583.85986 0.5307
49588.84668 0.5391
49588.84766 0.5412
49588.84912 0.5399
49600.84717 0.5233
49600.84863 0.5228
49600.84961 0.5187
49602.81592 0.5344
49602.81689 0.5327
49602.81836 0.5409
49606.81934 0.5359
49606.82031 0.5398
49606.82178 0.5391
49609.77783 0.5154
49609.77881 0.5242
49609.77979 0.5177
49611.83594 0.5233
49611.83691 0.5313
49611.83838 0.5251
49614.77051 0.5176
49614.77197 0.5189
49614.77295 0.5216
49616.79785 0.5500
49616.79883 0.5509
49616.79980 0.5429
49620.78516 0.5177
49620.78613 0.5257
49620.78711 0.5194
49622.76465 0.5001
49622.76611 0.5078
49622.76709 0.5041
49627.75391 0.4865
49627.75537 0.4858
49627.75635 0.4967
49627.75928 0.4904
49632.75293 0.4880
49632.75391 0.4744
49632.75488 0.4843
49634.74512 0.5192
49634.74609 0.5114
49634.74756 0.5217
49637.72510 0.4839
49637.72656 0.4929
49637.72754 0.4921
49641.70557 0.4658
49641.70703 0.4593
49641.70801 0.4748
49643.73291 0.5043
49643.73438 0.4991
49643.73535 0.5060
49646.75342 0.4776
49646.75488 0.4892
49646.75586 0.4911
49651.68701 0.4844
49651.68848 0.4799
49651.68945 0.4889
49653.69287 0.5455
49653.69385 0.5568
49653.69531 0.5228
49656.67773 0.5127
49656.67920 0.5177
49656.68018 0.5125
49661.66504 0.5329
49661.66650 0.5291
49661.66748 0.5300
49663.66748 0.5267
49663.66846 0.5239
49663.66992 0.5288
49670.69531 0.5376
49670.69678 0.5434
49670.69775 0.5422
49677.70215 0.5144
49677.70312 0.5153
49677.70459 0.5071
49689.60742 0.5574
49689.60889 0.5518
49689.60986 0.5475
49694.59375 0.5241
49694.59473 0.5306
49694.59619 0.5288
49696.58643 0.5190
49696.58740 0.5273
49696.58887 0.5284
49704.61182 0.5346
49704.61328 0.5330
49704.61426 0.5283
