45163.93994 0.0955
45163.94104 0.0946
45163.94299 0.0938
46330.77954 0.2800
46330.78003 0.2799
46330.78101 0.2900
46366.68213 0.2672
46366.68286 0.2769
46366.68359 0.2809
46377.71167 0.2794
46377.71240 0.2732
46377.71338 0.2766
46413.66040 0.2597
46413.66138 0.2677
46413.66211 0.2576
46640.00488 0.2790
46640.00586 0.2815
46640.00684 0.2843
46657.92725 0.2667
46657.92822 0.2679
46657.92896 0.2636
46687.79297 0.2645
46687.79370 0.2619
46687.79443 0.2636
46718.77808 0.2764
46718.77881 0.2777
46718.77979 0.2833
46742.67773 0.2717
46742.67896 0.2701
46742.68018 0.2702
46774.61914 0.2648
46774.62036 0.2662
46774.62134 0.2686
47034.91602 0.2683
47034.91675 0.2640
47034.91748 0.2715
47047.79639 0.2509
47047.79736 0.2559
47047.79834 0.2583
47084.74243 0.2609
47084.74341 0.2558
47084.74438 0.2538
47118.67163 0.2699
47118.67236 0.2714
47118.67334 0.2707
47149.60034 0.2766
47149.60107 0.2723
47149.60205 0.2680
47381.98901 0.2732
47381.98999 0.2702
47381.99097 0.2725
47429.77368 0.2634
47429.77490 0.2650
47429.77612 0.2670
47447.72095 0.2719
47447.72192 0.2667
47447.72290 0.2727
47486.60938 0.2675
47486.61060 0.2745
47486.61157 0.2625
47732.99268 0.2726
47732.99365 0.2723
47732.99463 0.2723
47784.77612 0.2788
47784.77710 0.2780
47784.77832 0.2808
48474.92920 0.2739
48474.93018 0.2691
48474.93115 0.2774
