39723.80000 0.1472
39786.80000 0.1494
39787.80000 0.1535
39789.80000 0.1562
40077.80000 0.1522
40078.80000 0.1504
40105.80000 0.1468
40106.80000 0.1543
40107.80000 0.1453
40139.80000 0.1483
40170.80000 0.1504
40438.80000 0.1536
40439.80000 0.1569
40498.80000 0.1580
40777.80000 0.1561
40810.80000 0.1512
40812.80000 0.1522
40843.80000 0.1592
40845.80000 0.1544
40910.80000 0.1533
40911.80000 0.1564
40912.80000 0.1560
41133.80000 0.1499
41134.80000 0.1533
41135.80000 0.1521
41136.80000 0.1498
41168.80000 0.1490
41169.80000 0.1497
41170.80000 0.1511
41199.80000 0.1494
41200.80000 0.1510
41249.80000 0.1498
41250.80000 0.1471
41262.80000 0.1546
41264.80000 0.1482
41286.80000 0.1569
41554.80000 0.1498
41589.80000 0.1528
41590.80000 0.1485
41591.80000 0.1576
41592.80000 0.1590
41614.80000 0.1484
41615.80000 0.1529
41618.80000 0.1495
41641.80000 0.1520
41642.80000 0.1558
41643.80000 0.1497
41644.80000 0.1529
41884.80000 0.1524
41885.80000 0.1501
41886.80000 0.1561
41909.80000 0.1500
41910.80000 0.1570
41911.80000 0.1595
41942.80000 0.1540
41943.80000 0.1525
41944.80000 0.1484
41959.80000 0.1508
41960.80000 0.1544
41961.80000 0.1512
42218.80000 0.1575
42219.80000 0.1543
42259.80000 0.1520
42260.80000 0.1503
42261.80000 0.1547
42282.80000 0.1505
42283.80000 0.1506
42284.80000 0.1494
42285.80000 0.1537
42329.80000 0.1486
42330.80000 0.1502
42331.80000 0.1474
42350.80000 0.1458
42382.80000 0.1509
42613.80000 0.1519
42614.80000 0.1594
42615.80000 0.1526
42616.80000 0.1569
42644.80000 0.1561
42645.80000 0.1554
42646.80000 0.1592
42647.80000 0.1518
42675.80000 0.1583
42676.80000 0.1538
42677.80000 0.1592
42678.80000 0.1545
42702.80000 0.1509
42731.80000 0.1539
42973.80000 0.1560
42975.80000 0.1590
43025.80000 0.1536
43060.80000 0.1580
43061.80000 0.1592
43112.80000 0.1585
43113.80000 0.1537
43347.80000 0.1638
43349.80000 0.1604
43350.80000 0.1602
43351.80000 0.1650
43706.80000 0.1549
43742.80000 0.1540
43777.80000 0.1685
43778.80000 0.1688
43805.80000 0.1655
43824.80000 0.1781
44051.80000 0.1584
44052.80000 0.1662
44142.80000 0.1558
44143.80000 0.1532
44169.80000 0.1583
44170.80000 0.1552
44171.80000 0.1565
44190.80000 0.1679
44199.80000 0.1595
44411.90601 0.1463
44411.90799 0.1511
44411.91101 0.1502
44423.88800 0.1574
44423.89099 0.1622
44424.91101 0.1565
44424.91400 0.1596
44426.91599 0.1555
44426.91699 0.1570
44426.91901 0.1555
44426.92001 0.1493
44426.92099 0.1565
44428.94400 0.1510
44428.94601 0.1481
44429.91101 0.1483
44429.91299 0.1500
44429.91400 0.1550
44430.92599 0.1550
44430.92700 0.1579
44430.92700 0.1562
44432.94000 0.1586
44432.94101 0.1610
44432.94199 0.1541
44441.90601 0.1595
44441.90799 0.1556
44441.90900 0.1544
44442.91699 0.1593
44442.91800 0.1600
44442.91901 0.1581
44443.92200 0.1538
44443.92300 0.1548
44443.92401 0.1552
44444.88400 0.1584
44444.88501 0.1598
44444.88699 0.1593
44445.90900 0.1573
44445.91101 0.1507
44445.91199 0.1528
44446.89899 0.1558
44446.89999 0.1553
44446.90100 0.1543
44447.89401 0.1565
44447.89600 0.1574
44447.89700 0.1544
44448.87799 0.1562
44448.87900 0.1567
44448.88000 0.1536
44449.89700 0.1601
44449.89801 0.1586
44449.89899 0.1572
44451.90302 0.1655
44451.90500 0.1593
44451.90601 0.1659
44452.89001 0.1594
44452.89200 0.1566
44452.89301 0.1571
44453.89899 0.1604
44453.90100 0.1574
44453.90100 0.1599
44454.90100 0.1487
44454.90302 0.1593
44454.90500 0.1619
44458.88199 0.1558
44458.88300 0.1588
44458.88400 0.1560
44460.87500 0.1637
44460.87601 0.1645
44460.87701 0.1599
44461.92001 0.1611
44461.92001 0.1648
44461.92099 0.1599
44462.91400 0.1599
44462.91501 0.1530
44462.91599 0.1599
44463.89801 0.1561
44463.89899 0.1610
44463.89999 0.1608
44464.91299 0.1518
44464.91400 0.1602
44464.91501 0.1582
44465.94800 0.1548
44465.95001 0.1578
44465.95099 0.1576
44467.84900 0.1557
44467.84900 0.1591
44467.85001 0.1567
44468.90799 0.1593
44468.90900 0.1603
44468.91000 0.1542
44472.88800 0.1545
44472.88901 0.1578
44472.89001 0.1533
44473.90900 0.1611
44473.91000 0.1591
44473.91199 0.1640
44474.86499 0.1608
44474.86600 0.1634
44474.86801 0.1583
44475.89200 0.1618
44475.89301 0.1581
44475.89401 0.1628
44478.86899 0.1602
44478.87000 0.1558
44478.87000 0.1566
44479.82999 0.1616
44479.83099 0.1610
44479.83200 0.1572
44480.85599 0.1639
44480.85599 0.1604
44480.85699 0.1665
44481.86301 0.1616
44481.86499 0.1621
44481.86600 0.1614
44482.85400 0.1647
44482.85501 0.1564
44482.85699 0.1559
44484.80600 0.1596
44484.80701 0.1591
44484.80801 0.1560
44485.79300 0.1634
44485.79401 0.1673
44485.79501 0.1624
44486.79999 0.1551
44486.80099 0.1579
44486.80200 0.1609
44487.79501 0.1576
44487.79599 0.1544
44487.79700 0.1551
44489.80099 0.1581
44489.80200 0.1549
44489.80399 0.1544
44490.80499 0.1566
44490.80701 0.1647
44490.80801 0.1612
44491.80099 0.1534
44491.80200 0.1557
44491.80301 0.1571
44492.79700 0.1588
44492.79800 0.1514
44492.79999 0.1521
44493.79901 0.1556
44493.79999 0.1516
44493.80200 0.1544
44494.77899 0.1516
44494.78000 0.1528
44494.78101 0.1544
44495.78201 0.1484
44495.78400 0.1467
44495.78500 0.1547
44496.82101 0.1549
44496.82199 0.1527
44496.82300 0.1552
44505.79001 0.1555
44505.79099 0.1523
44505.79199 0.1555
44506.78500 0.1567
44506.78601 0.1574
44506.78699 0.1579
44507.76599 0.1519
44507.76700 0.1563
44507.76801 0.1568
44508.76599 0.1570
44508.76700 0.1578
44508.76801 0.1573
44526.78900 0.1623
44528.74402 0.1628
44528.74597 0.1644
44528.74799 0.1557
44546.69397 0.1567
44546.69501 0.1553
44546.69702 0.1583
44547.68903 0.1647
44547.69098 0.1560
44547.69202 0.1605
44549.69000 0.1557
44549.69202 0.1601
44549.69299 0.1594
44564.64099 0.1506
44564.64301 0.1511
44564.64398 0.1511
44566.62097 0.1517
44566.62201 0.1534
44566.62402 0.1522
44796.96100 0.1712
44796.96301 0.1676
44796.96503 0.1678
44798.96100 0.1632
44798.96399 0.1624
44798.96698 0.1705
44802.97998 0.1625
44802.98199 0.1638
44802.98401 0.1610
44803.96301 0.1594
44803.96503 0.1632
44803.96802 0.1614
44804.95398 0.1579
44804.95599 0.1575
44804.95801 0.1546
44805.96198 0.1705
44805.96399 0.1610
44805.96600 0.1610
44807.95599 0.1608
44807.95801 0.1554
44807.96002 0.1578
44808.94800 0.1475
44808.95099 0.1503
44808.95300 0.1541
44810.95099 0.1487
44810.95398 0.1538
44810.95599 0.1525
44821.91302 0.1607
44821.91400 0.1601
44821.91602 0.1578
44823.90997 0.1551
44823.91199 0.1531
44823.91400 0.1553
44824.91400 0.1596
44824.91602 0.1598
44824.91803 0.1603
44825.93799 0.1629
44825.94000 0.1604
44825.94202 0.1650
44826.90503 0.1621
44826.90698 0.1664
44826.90900 0.1556
44828.92401 0.1705
44828.92603 0.1633
44828.92798 0.1628
44832.92102 0.1669
44832.92297 0.1621
44832.92499 0.1623
44834.91602 0.1643
44834.91803 0.1625
44834.91998 0.1555
44835.89697 0.1658
44835.89899 0.1615
44835.90002 0.1598
44836.88501 0.1712
44836.88702 0.1587
44836.88898 0.1630
44847.79602 0.1698
44847.79797 0.1633
44847.79901 0.1671
44848.80298 0.1716
44848.80499 0.1721
44848.80701 0.1696
44849.79700 0.1715
44849.79797 0.1646
44849.79999 0.1745
44850.79700 0.1729
44850.79901 0.1709
44850.79999 0.1682
44851.79199 0.1706
44851.79303 0.1671
44851.79498 0.1688
44852.79901 0.1625
44852.80103 0.1678
44852.80298 0.1660
44853.79797 0.1689
44853.79999 0.1702
44853.80200 0.1612
44854.81500 0.1711
44854.81702 0.1686
44854.81897 0.1686
44855.79401 0.1671
44855.79602 0.1664
44855.79797 0.1687
44856.79700 0.1615
44856.79797 0.1652
44856.79999 0.1670
44857.79303 0.1620
44857.79498 0.1605
44857.79700 0.1630
44862.79999 0.1627
44862.80103 0.1579
44862.80298 0.1624
44863.78802 0.1604
44863.78998 0.1615
44863.79199 0.1552
44864.75598 0.1660
44864.75800 0.1637
44864.76001 0.1619
44865.74103 0.1592
44865.74298 0.1648
44865.74597 0.1627
44868.79303 0.1667
44868.79498 0.1647
44868.79602 0.1629
44869.78802 0.1685
44869.78998 0.1604
44869.79199 0.1647
44870.80402 0.1691
44870.80603 0.1642
44870.80701 0.1711
44871.81598 0.1644
44871.81702 0.1649
44871.81897 0.1695
44872.78998 0.1675
44872.79199 0.1656
44872.79401 0.1699
44874.78802 0.1715
44874.78900 0.1696
44874.78998 0.1713
44883.72601 0.1580
44883.72699 0.1651
44883.72900 0.1625
44885.74500 0.1642
44885.74701 0.1616
44885.74902 0.1629
44886.73199 0.1603
44886.73401 0.1623
44886.73602 0.1614
44887.72699 0.1643
44887.72803 0.1601
44887.72998 0.1650
44893.69800 0.1619
44893.70001 0.1641
44893.70300 0.1674
44894.70599 0.1736
44894.70801 0.1678
44894.71100 0.1647
44895.72498 0.1645
44895.72699 0.1634
44895.72998 0.1620
44896.71997 0.1680
44896.72198 0.1686
44896.72400 0.1683
44897.71600 0.1534
44897.71899 0.1626
44897.72101 0.1570
44899.71198 0.1727
44899.71399 0.1661
44899.71600 0.1689
44900.74701 0.1606
44900.74902 0.1634
44900.75098 0.1728
44901.67700 0.1672
44901.67902 0.1712
44901.68103 0.1670
45145.96399 0.1551
45145.96594 0.1544
45145.96802 0.1625
45152.92896 0.1510
45152.93201 0.1539
45152.93396 0.1548
45153.95898 0.1518
45153.95996 0.1530
45153.96204 0.1515
45154.93896 0.1555
45154.94104 0.1625
45154.94299 0.1531
45158.96802 0.1708
45158.96997 0.1606
45158.97095 0.1625
45159.95898 0.1648
45159.96106 0.1664
45159.96301 0.1652
45160.96704 0.1675
45160.96899 0.1727
45160.96997 0.1634
45197.89001 0.1555
45197.89197 0.1568
45197.89404 0.1545
45198.91895 0.1594
45198.92004 0.1625
45198.92102 0.1604
45207.89197 0.1644
45207.89600 0.1687
45207.90002 0.1809
45208.81702 0.1665
45208.81897 0.1748
45208.81995 0.1665
45209.87598 0.1671
45209.87805 0.1729
45209.87903 0.1750
45211.80701 0.1731
45211.80896 0.1647
45211.81006 0.1729
45214.78503 0.1716
45214.78601 0.1806
45214.78796 0.1818
45217.77295 0.1708
45217.77502 0.1715
45217.77698 0.1666
45218.79504 0.1622
45218.79700 0.1591
45218.79797 0.1669
45219.77905 0.1667
45219.78101 0.1664
45219.78296 0.1604
45223.83801 0.1619
45223.83997 0.1582
45223.84204 0.1641
45224.79895 0.1569
45224.80103 0.1621
45224.80396 0.1616
45225.77600 0.1593
45225.77795 0.1516
45225.78101 0.1606
45235.75903 0.1550
45235.76099 0.1538
45235.76294 0.1513
45240.74402 0.1546
45240.74695 0.1477
45240.74902 0.1492
45241.82202 0.1529
45241.82397 0.1485
45241.82703 0.1575
45244.72400 0.1601
45244.72705 0.1568
45244.72998 0.1585
45245.72900 0.1489
45245.72998 0.1536
45245.73303 0.1474
45246.73901 0.1561
45246.74097 0.1618
45246.74402 0.1642
45247.72302 0.1527
45247.72595 0.1566
45247.72900 0.1518
45249.71704 0.1531
45249.71899 0.1590
45249.72205 0.1607
45251.72498 0.1612
45251.72803 0.1495
45251.72998 0.1590
45254.71704 0.1531
45254.71997 0.1606
45254.72302 0.1591
45255.70801 0.1682
45255.70996 0.1682
45255.71301 0.1616
45256.70203 0.1634
45256.70398 0.1605
45256.70605 0.1641
45258.74695 0.1695
45258.74902 0.1692
45258.75098 0.1751
45259.73999 0.1740
45259.74194 0.1740
45259.74402 0.1660
45260.72705 0.1664
45260.72900 0.1692
45260.73096 0.1714
45261.73901 0.1731
45261.73999 0.1756
45261.74194 0.1731
45274.65601 0.1673
45274.65796 0.1681
45274.66003 0.1653
45275.64001 0.1672
45275.64294 0.1703
45275.64600 0.1634
45277.67200 0.1707
45277.67505 0.1699
45277.67700 0.1764
45279.63098 0.1546
45279.63306 0.1616
45279.63501 0.1623
45301.60706 0.1514
45301.60901 0.1570
45301.61096 0.1590
45309.60706 0.1617
45309.60901 0.1637
45309.60999 0.1679
45310.61804 0.1617
45310.62000 0.1577
45310.62195 0.1697
45541.96000 0.1489
45541.96100 0.1545
45541.96200 0.1486
45546.01500 0.1508
45546.01600 0.1608
45546.01700 0.1487
45547.96000 0.1570
45547.96100 0.1624
45547.96200 0.1599
45550.98400 0.1552
45550.98500 0.1529
45550.98600 0.1645
45552.00500 0.1636
45552.00600 0.1613
45552.00700 0.1509
45554.94700 0.1543
45554.94800 0.1520
45554.95000 0.1481
45557.95600 0.1597
45557.95800 0.1594
45557.96000 0.1562
45568.93700 0.1505
45568.93800 0.1524
45568.93900 0.1502
45573.89900 0.1505
45573.90000 0.1510
45573.90100 0.1482
45575.92600 0.1517
45575.92700 0.1530
45575.92800 0.1558
45577.92000 0.1468
45577.92100 0.1538
45577.92200 0.1551
45578.85000 0.1520
45578.85100 0.1500
45578.85200 0.1496
45579.83500 0.1510
45579.83600 0.1495
45579.83700 0.1475
45582.84000 0.1553
45582.84100 0.1488
45582.84200 0.1509
45583.92100 0.1568
45583.92200 0.1536
45583.92300 0.1522
45585.82500 0.1542
45585.82600 0.1532
45585.82800 0.1578
45588.79600 0.1499
45588.79700 0.1501
45588.79800 0.1481
45590.82200 0.1618
45590.82300 0.1632
45590.82400 0.1591
45592.79600 0.1515
45592.79700 0.1519
45592.79800 0.1529
45594.90300 0.1639
45594.90600 0.1667
45594.90800 0.1680
45595.77700 0.1527
45595.77800 0.1572
45595.77900 0.1628
45633.74500 0.1556
45633.74700 0.1643
45633.74900 0.1569
45635.77300 0.1611
45635.77500 0.1549
45635.77700 0.1615
45641.71800 0.1634
45641.72100 0.1605
45641.72400 0.1643
45642.67500 0.1676
45642.67700 0.1675
45642.67800 0.1653
45643.70200 0.1653
45643.70300 0.1619
45643.70400 0.1597
45644.69100 0.1620
45644.69300 0.1618
45644.69500 0.1642
45658.70800 0.1549
45658.71100 0.1641
45658.71400 0.1532
45660.71700 0.1545
45660.72200 0.1551
45660.72600 0.1504
45666.63800 0.1577
45666.64100 0.1543
45666.64300 0.1558
45675.64000 0.1523
45675.64500 0.1615
45675.65100 0.1583
45864.98975 0.1557
45864.99158 0.1558
45864.99316 0.1539
45870.98425 0.1584
45870.98547 0.1610
45870.98669 0.1599
45874.98669 0.1537
45874.98767 0.1544
45874.98865 0.1570
45880.98254 0.1536
45880.98376 0.1471
45880.98486 0.1623
45883.95276 0.3526
45883.95337 0.3448
45883.95410 0.3528
45885.97119 0.1546
45885.97314 0.1561
45885.97473 0.1530
45887.92786 0.1523
45887.92944 0.1519
45887.93091 0.1548
45889.97327 0.1551
45889.97510 0.1562
45889.97693 0.1527
45892.96570 0.1714
45892.96692 0.1549
45892.96814 0.1588
45894.94482 0.1535
45894.94617 0.1500
45894.94775 0.1514
45907.93262 0.1441
45907.93372 0.1461
45907.93481 0.1470
45912.92908 0.1471
45912.93005 0.1533
45912.93115 0.1562
45916.99463 0.1569
45916.99597 0.1541
45916.99719 0.1529
45918.90808 0.1521
45918.90881 0.1521
45918.90955 0.1522
45921.95508 0.1488
45921.95581 0.1418
45921.95654 0.1393
45929.91443 0.1481
45929.91516 0.1523
45929.91589 0.1531
45933.98242 0.1531
45933.98376 0.1471
45933.98499 0.1497
45935.83252 0.1561
45935.83350 0.1545
45935.83435 0.1594
45940.93970 0.1546
45940.94067 0.1535
45940.94165 0.1434
45942.93384 0.1498
45942.93518 0.1488
45942.93665 0.1474
45947.82654 0.1762
45947.82751 0.1787
45947.82861 0.1768
45951.82080 0.1551
45951.82312 0.1510
45951.82532 0.1559
45958.85132 0.1461
45958.85229 0.1554
45958.85339 0.1473
45961.82703 0.1526
45961.82837 0.1525
45961.82959 0.1533
45971.77466 0.1562
45971.77551 0.1552
45971.77637 0.1511
45977.79797 0.1501
45977.79907 0.1498
45977.80005 0.1498
45982.81958 0.1600
45982.82153 0.1582
45982.82373 0.1540
45984.78931 0.1607
45984.79089 0.1511
45984.79272 0.1551
45986.74585 0.1538
45986.74683 0.1568
45986.74768 0.1589
45995.77148 0.1487
45995.77307 0.1502
45995.77478 0.1523
46000.75073 0.1468
46000.75244 0.1488
46000.75427 0.1487
46002.77368 0.1518
46002.77478 0.1553
46002.77588 0.1506
46016.73621 0.1486
46016.73853 0.1534
46016.74060 0.1504
46025.68445 0.1518
46025.68701 0.1487
46025.68945 0.1480
46033.63062 0.1700
46033.63318 0.1609
46033.63574 0.1691
46037.67017 0.1596
46037.67297 0.1615
46037.67542 0.1595
46273.93164 0.1561
46273.93311 0.1604
46273.93433 0.1598
46278.92090 0.1524
46278.92212 0.1518
46278.92310 0.1529
46280.94800 0.1503
46280.94946 0.1518
46280.95068 0.1506
46282.94214 0.1524
46282.94312 0.1506
46282.94385 0.1540
46284.93604 0.1584
46284.93677 0.1579
46284.93750 0.1547
46286.93823 0.1570
46286.93896 0.1545
46286.93970 0.1570
46288.88721 0.1536
46288.88818 0.1524
46288.88916 0.1549
46290.94580 0.1507
46290.94653 0.1499
46290.94727 0.1487
46292.93579 0.1525
46292.93677 0.1523
46292.93774 0.1541
46294.92554 0.1618
46294.92676 0.1569
46294.92773 0.1578
46296.92676 0.1564
46296.92798 0.1567
46296.92871 0.1599
46298.92334 0.1564
46298.92383 0.1578
46298.92456 0.1554
46301.89233 0.1526
46301.89307 0.1525
46301.89380 0.1520
46303.88232 0.1577
46303.88330 0.1544
46303.88428 0.1539
46309.92822 0.1582
46309.92944 0.1553
46309.93091 0.1599
46321.89209 0.1594
46321.89282 0.1549
46321.89355 0.1596
46325.87744 0.1545
46325.87842 0.1522
46325.87939 0.1592
46328.80420 0.1510
46328.80493 0.1552
46328.80591 0.1535
46337.80542 0.1524
46337.80615 0.1522
46337.80688 0.1541
46339.76904 0.1554
46339.77002 0.1590
46339.77100 0.1530
46341.80103 0.1521
46341.80176 0.1575
46341.80249 0.1554
46352.76318 0.1525
46352.76392 0.1541
46352.76465 0.1470
46356.75317 0.1568
46356.75391 0.1596
46356.75464 0.1562
46358.73340 0.1584
46358.73438 0.1547
46358.73511 0.1564
46362.76343 0.1561
46362.76440 0.1557
46362.76538 0.1571
46365.74780 0.1548
46365.74854 0.1580
46365.74927 0.1552
46367.75098 0.1567
46367.75195 0.1605
46367.75269 0.1602
46370.75439 0.1528
46370.75537 0.1521
46370.75659 0.1545
46371.74316 0.1538
46371.74390 0.1539
46371.74487 0.1562
46375.72827 0.1535
46375.72925 0.1504
46375.73047 0.1500
46383.66455 0.1518
46383.66553 0.1512
46383.66650 0.1524
46386.65552 0.1526
46386.65649 0.1531
46386.65771 0.1516
46388.65796 0.1568
46388.65894 0.1523
46388.65967 0.1492
46391.65283 0.1543
46391.65381 0.1526
46391.65454 0.1493
46396.70630 0.2135
46396.70703 0.2151
46396.70801 0.2143
46407.59570 0.1507
46407.59668 0.1499
46407.59741 0.1551
46416.59229 0.1516
46416.59351 0.1513
46416.59473 0.1508
46418.60669 0.1509
46418.60742 0.1477
46418.60815 0.1494
46420.64209 0.1524
46420.64307 0.1556
46420.64380 0.1569
46643.96753 0.1485
46643.96875 0.1485
46643.96997 0.1514
46650.98047 0.1514
46650.98169 0.1453
46650.98315 0.1479
46653.97632 0.1463
46653.97778 0.1506
46653.97925 0.1431
46655.95166 0.1472
46655.95361 0.1528
46655.95532 0.1507
46657.94897 0.1518
46657.95020 0.1474
46657.95142 0.1451
46659.92920 0.1426
46659.93018 0.1468
46659.93140 0.1468
46664.89771 0.1495
46664.89917 0.1466
46664.90039 0.1442
46666.88892 0.1489
46666.89063 0.1496
46666.89233 0.1503
46670.87256 0.1438
46670.87451 0.1525
46670.87671 0.1518
46671.87256 0.1544
46671.87402 0.1518
46671.87524 0.1489
46673.79883 0.1453
46673.80029 0.1510
46673.80176 0.1476
46676.86768 0.1525
46676.86914 0.1420
46676.87061 0.1515
46681.88989 0.1519
46681.89160 0.1447
46681.89331 0.1455
46688.86914 0.1494
46688.87036 0.1523
46688.87158 0.1528
46704.77344 0.1551
46704.77466 0.1466
46704.77612 0.1463
46708.79028 0.1451
46708.79248 0.1464
46708.79468 0.1463
46710.77759 0.1481
46710.77954 0.1492
46710.78174 0.1552
46717.73926 0.1535
46717.74097 0.1508
46717.74268 0.1531
46722.73511 0.1519
46722.73828 0.1502
46722.74097 0.1551
46724.73145 0.1500
46724.73291 0.1492
46724.73462 0.1484
46726.77588 0.1505
46726.77881 0.1472
46726.78076 0.1506
46728.76953 0.1434
46728.77148 0.1516
46728.77319 0.1515
46728.77515 0.1415
46733.73511 0.1419
46733.73730 0.1434
46733.73926 0.1421
46740.70703 0.1519
46740.70850 0.1461
46740.71021 0.1502
46743.69604 0.1448
46743.69873 0.1485
46743.70117 0.1477
46746.70605 0.1461
46746.70801 0.1489
46746.70996 0.1485
46749.67407 0.1471
46749.67676 0.1454
46749.67969 0.1443
46767.63550 0.1456
46767.63745 0.1459
46767.63916 0.1519
46776.60327 0.1517
46776.60547 0.1506
46776.60767 0.1530
46779.59985 0.1517
46779.60229 0.1499
46779.60498 0.1462
47008.97192 0.1397
47008.97290 0.1503
47008.97388 0.1419
47024.91357 0.1448
47024.91455 0.1437
47024.91528 0.1382
47027.89282 0.1438
47027.89355 0.1443
47027.89429 0.1404
47031.91528 0.1425
47031.91602 0.1471
47031.91699 0.1431
47035.94458 0.1492
47035.94556 0.1440
47035.94653 0.1474
47038.90796 0.1440
47038.90894 0.1486
47038.90967 0.1477
47039.83057 0.1525
47039.83154 0.1502
47039.83228 0.1470
47041.90405 0.1420
47041.90479 0.1472
47041.90576 0.1441
47043.86670 0.1425
47043.86768 0.1472
47043.86841 0.1451
47046.86865 0.1427
47046.86987 0.1437
47046.87085 0.1486
47048.87451 0.1446
47048.87549 0.1469
47048.87622 0.1440
47050.86572 0.1500
47050.86670 0.1471
47050.86768 0.1485
47053.80542 0.1485
47053.80640 0.1473
47053.80762 0.1484
47055.87402 0.1537
47055.87476 0.1522
47055.87573 0.1454
47057.91821 0.1383
47057.91943 0.1375
47057.92065 0.1373
47063.89844 0.1436
47063.89941 0.1465
47063.90063 0.1531
47067.83862 0.1496
47067.83960 0.1498
47067.84033 0.1467
47070.77539 0.1569
47070.77661 0.1552
47070.77759 0.1531
47072.80273 0.1512
47072.80396 0.1559
47072.80518 0.1550
47074.79346 0.1504
47074.79443 0.1456
47074.79541 0.1506
47077.78882 0.1543
47077.78979 0.1545
47077.79077 0.1539
47079.77515 0.1595
47079.77588 0.1460
47079.77637 0.1526
47082.75708 0.1573
47082.75806 0.1536
47082.75903 0.1564
47084.76196 0.1448
47084.76294 0.1511
47084.76416 0.1504
47087.75244 0.1508
47087.75342 0.1475
47087.75415 0.1453
47107.69580 0.1437
47107.69678 0.1437
47107.69775 0.1462
47109.73926 0.1476
47109.74048 0.1447
47109.74170 0.1442
47115.71265 0.1479
47115.71411 0.1446
47115.71509 0.1480
47119.67285 0.1495
47119.67383 0.1454
47119.67480 0.1504
47123.66211 0.1459
47123.66284 0.1509
47123.66357 0.1487
47128.66309 0.1488
47128.66431 0.1495
47128.66553 0.1530
47130.69556 0.1492
47130.69653 0.1475
47130.69775 0.1493
47150.59326 0.1544
47150.59424 0.1507
47150.59521 0.1504
47167.58179 0.1493
47167.58276 0.1485
47167.58350 0.1577
47387.93872 0.1474
47387.93994 0.1517
47387.94092 0.1532
47389.94995 0.1550
47389.95093 0.1602
47389.95239 0.1599
47392.98242 0.1466
47392.98389 0.1437
47392.98535 0.1455
47394.95825 0.1470
47394.95947 0.1470
47394.96069 0.1467
47401.88379 0.1479
47401.88525 0.1482
47401.88672 0.1589
47405.90210 0.1476
47405.90308 0.1484
47405.90430 0.1486
47416.85767 0.1485
47416.85986 0.1462
47416.86182 0.1562
47419.87524 0.1408
47419.87622 0.1459
47419.87720 0.1421
47437.88354 0.1534
47437.88452 0.1457
47437.88525 0.1435
47444.78027 0.1585
47444.78125 0.1580
47444.78223 0.1635
47449.74365 0.1482
47449.74487 0.1509
47449.74658 0.1511
47451.73730 0.1536
47451.73828 0.1506
47451.73926 0.1464
47453.80151 0.1584
47453.80249 0.1586
47453.80347 0.1547
47456.72632 0.1522
47456.72729 0.1481
47456.72852 0.1520
47460.73413 0.1563
47460.73535 0.1446
47460.73682 0.1576
47464.74341 0.1419
47464.74463 0.1501
47464.74585 0.1474
47467.75708 0.1448
47467.75903 0.1477
47467.76074 0.1487
47469.69531 0.1520
47469.69678 0.1515
47469.69800 0.1436
47471.69800 0.1503
47471.69922 0.1530
47471.70044 0.1502
47478.64673 0.1683
47478.64795 0.1606
47478.64868 0.1574
47482.66772 0.1580
47482.66943 0.1473
47482.67090 0.1574
47486.68286 0.1491
47486.68408 0.1455
47486.68530 0.1499
47492.63062 0.1463
47492.63208 0.1491
47492.63354 0.1441
47495.64526 0.1433
47495.64648 0.1487
47495.64771 0.1507
47499.63843 0.1505
47499.63989 0.1514
47499.64136 0.1456
47501.61353 0.1442
47501.61499 0.1444
47501.61646 0.1418
47505.60596 0.1441
47505.61060 0.1485
47508.59985 0.1519
47508.60059 0.1541
47508.60156 0.1598
47510.63501 0.1493
47510.63794 0.1466
47510.64087 0.1444
47736.95679 0.1420
47736.95776 0.1493
47736.95898 0.1458
47740.96680 0.1474
47740.96826 0.1586
47740.96973 0.1543
47750.97168 0.1431
47750.97266 0.1453
47750.97388 0.1428
47759.91895 0.1511
47759.92017 0.1432
47759.92114 0.1441
47768.89136 0.1449
47768.89258 0.1466
47768.89355 0.1451
47773.85547 0.1443
47773.85669 0.1498
47773.85767 0.1482
47778.88965 0.1525
47778.89111 0.1543
47778.89233 0.1552
47780.87158 0.1605
47780.87305 0.1592
47780.87427 0.1543
47782.87671 0.1532
47782.87793 0.1515
47782.87915 0.1491
47789.85425 0.1496
47789.85547 0.1507
47789.85693 0.1550
47803.79565 0.1471
47803.79639 0.1444
47803.79736 0.1464
47810.77881 0.1461
47810.77979 0.1491
47810.78101 0.1477
47832.69727 0.1526
47832.69824 0.1490
47832.69922 0.1515
47837.72681 0.1543
47837.72827 0.1547
47837.72974 0.1483
47839.70581 0.1485
47839.70679 0.1470
47839.70825 0.1515
47842.68335 0.1517
47842.68433 0.1458
47842.68579 0.1566
47847.66089 0.1494
47847.66211 0.1459
47847.66357 0.1442
47849.66187 0.1501
47849.66309 0.1485
47849.66431 0.1532
47863.63843 0.1492
47863.63965 0.1561
47863.64136 0.1534
47866.62427 0.1484
47866.62573 0.1489
47866.62720 0.1469
47869.62793 0.1610
47869.62915 0.1603
47869.63037 0.1601
47873.62524 0.1551
47873.62646 0.1501
47873.62769 0.1525
47878.61304 0.1491
47878.61450 0.1513
47878.61621 0.1502
48121.90527 0.1426
48121.90625 0.1432
48121.90771 0.1420
48128.89844 0.1459
48128.89941 0.1441
48128.90088 0.1430
48132.91260 0.1460
48132.91406 0.1452
48132.91553 0.1459
48134.87646 0.1442
48134.87793 0.1430
48134.87939 0.1475
48136.87402 0.1435
48136.87549 0.1409
48136.87695 0.1436
48147.83643 0.1524
48147.83740 0.1529
48147.83887 0.1460
48151.79395 0.1430
48151.79590 0.1414
48151.79785 0.1460
48159.78564 0.1420
48159.78711 0.1495
48159.78857 0.1471
48162.79053 0.1402
48162.79150 0.1424
48162.79297 0.1455
48185.75000 0.1468
48185.75342 0.1433
48185.75635 0.1432
48187.70850 0.1424
48187.70947 0.1482
48187.71094 0.1459
48191.70898 0.1371
48191.70947 0.1399
48191.71045 0.1397
48194.75244 0.1412
48194.75391 0.1440
48194.75488 0.1415
48212.68896 0.1473
48212.69043 0.1495
48212.69189 0.1470
48217.66064 0.1488
48217.66211 0.1480
48217.66406 0.1437
48224.65186 0.1444
48224.65332 0.1491
48224.65527 0.1475
48226.62598 0.1481
48226.62744 0.1504
48226.62891 0.1449
48459.95166 0.1447
48459.95361 0.1423
48459.95557 0.1439
48465.92480 0.1499
48465.92725 0.1465
48465.92969 0.1473
48467.94678 0.1476
48467.94971 0.1428
48467.95313 0.1457
48486.95508 0.1445
48486.95703 0.1416
48486.95898 0.1448
48489.92090 0.1418
48489.92236 0.1432
48489.92432 0.1443
48491.92236 0.1429
48491.92432 0.1374
48491.92627 0.1453
48495.93604 0.1421
48495.93799 0.1402
48495.93994 0.1476
48497.93359 0.1449
48497.93555 0.1472
48497.93750 0.1449
48499.91992 0.1449
48499.92188 0.1436
48499.92432 0.1337
48550.71631 0.1442
48550.71826 0.1429
48550.71973 0.1433
48852.94629 0.1436
48852.94824 0.1443
48852.94971 0.1415
48854.92969 0.1438
48854.93115 0.1437
48854.93311 0.1413
48856.91162 0.1451
48856.91309 0.1423
48856.91455 0.1428
48858.90088 0.1430
48858.90234 0.1407
48858.90381 0.1412
48860.90576 0.1404
48860.90723 0.1438
48860.90820 0.1393
48862.88916 0.1429
48862.89062 0.1425
48862.89209 0.1418
48868.86035 0.1380
48868.86182 0.1434
48868.86328 0.1409
48870.85986 0.1414
48870.86084 0.1401
48870.86230 0.1428
48874.85352 0.1429
48874.85498 0.1381
48874.85645 0.1410
48878.86621 0.1328
48878.86719 0.1415
48878.86865 0.1367
48881.78418 0.1397
48881.78564 0.1404
48881.78711 0.1423
48884.80127 0.1397
48884.80273 0.1457
48884.80420 0.1440
48886.80469 0.1415
48886.80664 0.1418
48886.80811 0.1387
48890.80225 0.1450
48890.80371 0.1442
48890.80518 0.1465
48892.78955 0.1462
48892.79102 0.1481
48892.79248 0.1437
48894.79248 0.1429
48894.79346 0.1444
48894.79492 0.1415
48896.80029 0.1470
48896.80176 0.1455
48896.80371 0.1477
48900.76367 0.1469
48900.76514 0.1460
48900.76660 0.1493
48906.76221 0.1452
48906.76318 0.1445
48906.76416 0.1433
48911.77344 0.1457
48911.77490 0.1484
48911.77637 0.1510
48915.78418 0.1411
48915.78516 0.1443
48915.78613 0.1411
48920.73096 0.1419
48920.73242 0.1450
48920.73438 0.1422
48927.71533 0.1431
48927.71680 0.1427
48927.71826 0.1440
48940.68799 0.1441
48940.68945 0.1426
48940.69092 0.1441
48952.64941 0.1457
48952.65186 0.1471
48952.65332 0.1502
48958.64844 0.1447
48958.65088 0.1432
48958.65283 0.1439
48977.61963 0.1372
48977.62109 0.1462
48977.62256 0.1440
48983.63379 0.1416
48983.63574 0.1422
48983.63721 0.1465
49219.90039 0.1536
49219.90283 0.1556
49219.90527 0.1563
49232.88867 0.1404
49232.89111 0.1415
49232.89355 0.1400
49237.89307 0.1368
49237.89502 0.1436
49237.89746 0.1442
49239.88037 0.1377
49239.88232 0.1333
49239.88477 0.1397
49266.80371 0.1543
49266.80615 0.1517
49266.80908 0.1475
49268.79395 0.1453
49268.79688 0.1532
49268.79980 0.1527
49279.77393 0.1522
49279.77588 0.1465
49279.77783 0.1492
49285.75537 0.1394
49285.75732 0.1412
49285.75879 0.1438
49293.71436 0.1483
49293.71631 0.1457
49293.71826 0.1482
49297.72070 0.1457
49297.72217 0.1449
49297.72314 0.1469
49300.66748 0.1476
49300.66846 0.1459
49300.66992 0.1482
49307.62549 0.1487
49307.62695 0.1520
49307.62842 0.1495
49309.65527 0.1486
49309.65674 0.1521
49309.65820 0.1453
49327.57959 0.1494
49327.58105 0.1512
49327.58252 0.1540
49329.59570 0.1470
49329.59766 0.1476
49329.59912 0.1521
49332.60498 0.1496
49332.60596 0.1478
49332.60742 0.1474
49566.93457 0.1590
49566.93604 0.1570
49566.93701 0.1620
49568.93457 0.1552
49568.93555 0.1572
49568.93701 0.1547
49569.93848 0.1547
49569.93994 0.1543
49569.94092 0.1557
49579.89502 0.1595
49579.89600 0.1573
49579.89697 0.1620
49581.84473 0.1586
49581.84570 0.1537
49581.84717 0.1585
49584.84766 0.1578
49584.84912 0.1588
49584.85010 0.1540
49586.84717 0.1609
49586.84814 0.1540
49586.84912 0.1552
49587.86670 0.1563
49587.86768 0.1635
49587.86914 0.1595
49589.85303 0.1612
49589.85449 0.1609
49589.85547 0.1639
49598.86719 0.1554
49598.86816 0.1500
49598.86914 0.1478
49601.85400 0.1642
49601.85498 0.1573
49601.85645 0.1561
49603.82715 0.1539
49603.82812 0.1548
49603.82959 0.1568
49609.83643 0.1569
49609.83789 0.1525
49609.83887 0.1543
49611.81299 0.1597
49611.81445 0.1501
49611.81543 0.1540
49615.77246 0.1622
49615.77393 0.1618
49615.77490 0.1574
49617.76562 0.1612
49617.76709 0.1621
49617.76807 0.1601
49621.73047 0.1566
49621.73193 0.1559
49621.73291 0.1546
49623.75391 0.1646
49623.75488 0.1575
49623.75586 0.1570
49625.72998 0.1583
49625.73145 0.1551
49625.73242 0.1565
49628.75439 0.1637
49628.75586 0.1659
49628.75684 0.1630
49633.73926 0.1614
49633.74023 0.1585
49633.74170 0.1550
49633.74316 0.1546
49633.74463 0.1610
49636.76025 0.1587
49636.76172 0.1609
49636.76270 0.1562
49638.73291 0.1619
49638.73389 0.1612
49638.73535 0.1576
49642.75635 0.1505
49642.75732 0.1564
49642.75830 0.1532
49644.74268 0.1558
49644.74365 0.1500
49644.74512 0.1592
49647.70703 0.1545
49647.70850 0.1508
49647.70947 0.1479
49650.71680 0.1534
49650.71826 0.1559
49650.71924 0.1551
49652.69336 0.1537
49652.69434 0.1529
49652.69580 0.1544
49654.68896 0.1514
49654.68994 0.1532
49654.69141 0.1560
49656.68555 0.1572
49656.68701 0.1591
49656.68799 0.1574
49661.68066 0.1566
49661.68164 0.1537
49661.68311 0.1566
49663.67822 0.1577
49663.67969 0.1562
49663.68164 0.1603
49678.63867 0.1615
49678.64014 0.1629
49678.64111 0.1654
49695.66016 0.1621
49695.66113 0.1642
49695.66211 0.1652
49703.61523 0.1596
49703.61621 0.1590
49703.61768 0.1593
