45170.95496 0.2020
45170.95605 0.2224
45170.95703 0.2248
46650.90601 0.4022
46650.90698 0.3924
46650.90796 0.3901
46708.75439 0.4058
46708.75586 0.4032
46708.75781 0.3909
46768.58374 0.4358
46768.58545 0.4331
46768.58667 0.4367
47012.96313 0.4100
47012.96436 0.4189
47012.96533 0.4073
47040.90869 0.4130
47040.90967 0.4211
47040.91064 0.4411
47071.75903 0.4164
47071.76001 0.4089
47071.76099 0.4094
47121.68384 0.4147
47121.68457 0.4166
47121.68555 0.4140
47144.63599 0.4077
47144.63721 0.3942
47144.63818 0.4134
47391.96069 0.4074
47391.96191 0.4086
47391.96289 0.4266
47452.71484 0.4056
47452.71582 0.4032
47452.71680 0.4049
47517.61743 0.4356
47517.61890 0.4100
47517.62012 0.4227
47757.93311 0.4551
47757.93433 0.4537
47757.93530 0.4600
