44205.80000 0.1098
45172.91101 0.1118
45172.91296 0.1103
45172.91394 0.1130
46652.91553 0.2344
46652.91650 0.2363
46652.91724 0.2387
46717.79419 0.2400
46717.79492 0.2341
46717.79565 0.2380
46777.60620 0.2372
46777.60718 0.2332
46777.60815 0.2375
47012.97827 0.2281
47012.97925 0.2268
47012.98047 0.2260
47036.90747 0.2377
47036.90820 0.2389
47036.90918 0.2317
47054.86694 0.2395
47054.86768 0.2423
47054.86865 0.2436
47084.78687 0.2402
47084.78784 0.2392
47084.78882 0.2323
47114.73364 0.2388
47114.73438 0.2384
47114.73535 0.2370
47151.64917 0.2372
47151.65015 0.2396
47151.65112 0.2412
47391.96997 0.2360
47391.97119 0.2382
47391.97241 0.2413
47452.72388 0.2363
47452.72461 0.2335
47452.72559 0.2428
47517.63428 0.2423
47517.63550 0.2419
47517.63672 0.2395
