45170.97302 0.1875
45170.97400 0.1972
45170.97498 0.1981
46653.91821 0.3589
46653.91968 0.3557
46653.92114 0.3564
46717.78418 0.3509
46717.78638 0.3471
46717.78882 0.3422
46777.59521 0.3407
46777.59741 0.3460
46777.59985 0.3557
47032.95654 0.3517
47032.95752 0.3439
47032.95850 0.3446
47044.86865 0.3499
47044.86938 0.3591
47044.87036 0.3646
47083.78320 0.3493
47083.78394 0.3550
47083.78491 0.3431
47118.68750 0.3565
47118.68848 0.3576
47118.68921 0.3624
47150.62695 0.3577
47150.62793 0.3429
47150.62891 0.3481
47392.92847 0.3422
47392.92944 0.3344
47392.93066 0.3387
47451.78174 0.3501
47451.78320 0.3294
47451.78467 0.3423
47517.59204 0.3599
47517.59375 0.3735
47517.59595 0.3604
