44205.80000 0.1473
45542.00800 0.2836
45542.00800 0.2931
45542.00900 0.2840
45548.99800 0.2803
45548.99900 0.2789
45549.00000 0.2832
45552.95300 0.2784
45552.95400 0.2831
45552.95400 0.2941
45558.91500 0.2778
45558.91500 0.2771
45558.91600 0.2822
45571.83800 0.2800
45571.83900 0.2825
45571.83900 0.2804
45574.80700 0.2889
45574.80800 0.2843
45574.80900 0.2886
45578.85400 0.2855
45578.85500 0.2814
45578.85600 0.2831
45584.81700 0.2865
45584.81800 0.2893
45584.81800 0.2951
45591.80300 0.2987
45591.80400 0.2961
45591.80500 0.2955
45636.73300 0.2946
45636.73400 0.3047
45636.73500 0.3055
45657.65600 0.2921
45657.65700 0.2879
45657.65900 0.2960
46036.71326 0.2787
46036.71460 0.2840
46036.71594 0.2766
46049.58618 0.2826
46049.58862 0.2804
46049.59082 0.2847
46234.97510 0.2994
46234.97729 0.3072
46234.97925 0.3154
46244.97632 0.3101
46244.97705 0.3137
46244.97778 0.3060
46273.98682 0.2780
46273.98755 0.2736
46273.98828 0.2742
46278.94702 0.2690
46278.94775 0.2685
46278.94824 0.2687
46282.97559 0.2708
46282.97632 0.2755
46282.97705 0.2736
46285.96338 0.2686
46285.96411 0.2703
46285.96484 0.2673
46288.93237 0.2739
46288.93311 0.2715
46288.93408 0.2716
46291.91772 0.2745
46291.91846 0.2688
46291.91919 0.2699
46295.93896 0.2674
46295.93970 0.2716
46295.94043 0.2699
46299.94189 0.2696
46299.94312 0.2732
46299.94409 0.2704
46303.91724 0.2712
46303.91797 0.2702
46303.91870 0.2693
46316.88940 0.2677
46316.89038 0.2695
46316.89185 0.2700
46323.92432 0.2787
46323.92529 0.2798
46323.92627 0.2718
46328.80078 0.2811
46328.80127 0.2761
46328.80200 0.2810
46334.89355 0.2833
46334.89429 0.2844
46334.89502 0.2809
46337.82349 0.2823
46337.82422 0.2878
46337.82471 0.2889
46652.92163 0.2802
46652.92236 0.2868
46652.92334 0.2752
46662.96045 0.2781
46662.96143 0.2791
46662.96240 0.2821
46665.90894 0.2803
46665.90967 0.2829
46665.91064 0.2767
46670.86743 0.2815
46670.86816 0.2899
46670.86890 0.2808
46673.82056 0.2858
46673.82153 0.2768
46673.82227 0.2794
46677.90186 0.2648
46677.90259 0.2695
46677.90332 0.2728
46683.89795 0.2605
46683.89893 0.2732
46683.89966 0.2664
46689.88672 0.2794
46689.88745 0.2787
46689.88818 0.2754
46692.79395 0.2849
46692.79492 0.2738
46692.79565 0.2784
46709.80859 0.2650
46709.80957 0.2737
46709.81030 0.2647
46712.76660 0.2671
46712.76733 0.2691
46712.76807 0.2663
46716.71655 0.2720
46716.71753 0.2705
46716.71851 0.2747
46721.77954 0.2701
46721.78101 0.2709
46721.78223 0.2671
46724.75757 0.2654
46724.75854 0.2660
46724.75952 0.2644
46727.74194 0.2744
46727.74268 0.2675
46727.74365 0.2722
46731.75293 0.2719
46731.75391 0.2742
46731.75488 0.2728
46736.70605 0.2719
46736.70703 0.2751
46736.70776 0.2640
46739.72363 0.2705
46739.72437 0.2712
46739.72510 0.2742
46744.73242 0.2602
46744.73315 0.2713
46744.73389 0.2674
46747.70166 0.2661
46747.70239 0.2651
46747.70313 0.2618
46751.69189 0.2622
46751.69287 0.2626
46751.69385 0.2637
46755.68701 0.2637
46755.68799 0.2648
46755.68896 0.2633
46768.65918 0.2712
46768.66016 0.2723
46768.66138 0.2672
46772.63892 0.2670
46772.64038 0.2723
46772.64185 0.2652
46775.65649 0.2767
46775.65747 0.2639
46775.65845 0.2688
46782.64038 0.2744
46782.64136 0.2746
46782.64233 0.2775
47008.92700 0.2611
47008.92798 0.2584
47008.92896 0.2620
47012.98608 0.2502
47012.98730 0.2471
47012.98853 0.2453
47029.96021 0.2616
47029.96118 0.2501
47029.96216 0.2530
47032.96436 0.2579
47032.96533 0.2577
47032.96631 0.2583
47035.95020 0.2566
47035.95093 0.2555
47035.95166 0.2554
47038.92310 0.2563
47038.92407 0.2550
47038.92505 0.2559
47042.89404 0.2663
47042.89502 0.2635
47042.89600 0.2620
47045.89697 0.2639
47045.89771 0.2615
47045.89868 0.2627
47049.87939 0.2639
47049.88037 0.2660
47049.88135 0.2645
47054.87231 0.2657
47054.87329 0.2602
47054.87427 0.2626
47066.87915 0.2659
47066.87988 0.2703
47066.88062 0.2648
47069.73706 0.2599
47069.73804 0.2604
47069.73877 0.2569
47072.86523 0.2631
47072.86597 0.2625
47072.86670 0.2595
47075.78198 0.2680
47075.78271 0.2649
47075.78345 0.2638
47079.79443 0.2642
47079.79541 0.2656
47079.79614 0.2698
47083.78882 0.2746
47083.78979 0.2719
47083.79077 0.2696
47087.77051 0.2735
47087.77148 0.2753
47087.77246 0.2755
47107.71997 0.2795
47107.72095 0.2780
47107.72192 0.2714
47110.77930 0.2768
47110.78003 0.2790
47110.78076 0.2755
47114.73999 0.2810
47114.74097 0.2806
47114.74219 0.2798
47121.69897 0.2812
47121.69971 0.2822
47121.70044 0.2826
47125.68164 0.2812
47125.68262 0.2785
47125.68359 0.2821
47131.70093 0.2827
47131.70166 0.2779
47131.70264 0.2791
47139.74121 0.2756
47139.74243 0.2727
47139.74316 0.2732
47157.70020 0.2656
47157.70093 0.2656
47157.70190 0.2659
47174.63525 0.2563
47174.63623 0.2570
47174.63721 0.2549
47387.96777 0.2726
47387.96875 0.2772
47387.96973 0.2769
47390.96021 0.2745
47390.96118 0.2710
47390.96216 0.2715
47395.94116 0.2710
47395.94238 0.2751
47395.94360 0.2759
47403.92920 0.2671
47403.93018 0.2680
47403.93140 0.2683
47423.89233 0.2624
47423.89355 0.2698
47423.89478 0.2671
47433.86279 0.2534
47433.86401 0.2518
47433.86523 0.2523
47445.76001 0.2487
47445.76074 0.2558
47445.76147 0.2556
47450.73315 0.2517
47450.73438 0.2526
47450.73560 0.2516
47454.78296 0.2521
47454.78418 0.2433
47454.78516 0.2499
47457.70898 0.2539
47457.71021 0.2501
47457.71143 0.2484
47461.74365 0.2472
47461.74463 0.2522
47461.74536 0.2506
47470.69214 0.2483
47470.69312 0.2542
47470.69385 0.2545
47485.70044 0.2671
47485.70166 0.2685
47485.70264 0.2709
47493.66797 0.2770
47493.66919 0.2722
47493.67041 0.2775
47497.69019 0.2771
47497.69141 0.2766
47497.69263 0.2809
47542.60059 0.2832
47542.60132 0.2803
47542.60205 0.2792
47737.00024 0.2720
47737.00122 0.2704
47737.00195 0.2751
47742.97192 0.2704
47742.97290 0.2681
47742.97412 0.2704
47751.97534 0.2751
47751.97607 0.2755
47751.97705 0.2739
47760.98193 0.2698
47760.98291 0.2747
47760.98413 0.2751
47763.94702 0.2750
47763.94775 0.2773
47763.94849 0.2771
47767.94800 0.2780
47767.94873 0.2784
47767.94971 0.2759
47774.90039 0.2847
47774.90137 0.2844
47774.90259 0.2864
47779.89819 0.2841
47779.89941 0.2854
47779.90063 0.2832
47805.79834 0.2914
47805.79932 0.2944
47805.80029 0.2918
47815.78687 0.2996
47815.78784 0.2972
47815.78882 0.2981
47835.71655 0.2971
47835.71753 0.2929
47835.71875 0.2983
47844.70386 0.2899
47844.70483 0.2946
47844.70605 0.2910
47849.68994 0.2808
47849.69116 0.2858
47849.69238 0.2841
47864.65747 0.2755
47864.65845 0.2785
47864.65967 0.2778
47867.64136 0.2742
47867.64307 0.2747
47867.64453 0.2802
47871.63965 0.2735
47871.64063 0.2733
47871.64160 0.2667
47877.63184 0.2742
47877.63281 0.2763
47877.63403 0.2785
48087.98633 0.2865
48087.98755 0.2918
48087.98877 0.2947
48124.91748 0.2841
48124.91895 0.2811
48124.91992 0.2815
48130.92871 0.2880
48130.92969 0.2895
48130.93115 0.2880
48136.91162 0.2932
48136.91309 0.2956
48136.91406 0.2934
48149.86719 0.3012
48149.86865 0.3009
48149.87012 0.3038
48153.86621 0.3007
48153.86768 0.3020
48153.86865 0.3054
48166.78662 0.3028
48166.78809 0.2995
48166.78955 0.2953
48187.74072 0.2840
48187.74219 0.2829
48187.74365 0.2839
48193.75879 0.2812
48193.76025 0.2782
48193.76172 0.2790
48210.70020 0.2812
48210.70166 0.2850
48210.70264 0.2837
48222.68311 0.2938
48222.68457 0.2897
48222.68604 0.2921
48227.63916 0.2875
48227.64063 0.2922
48227.64160 0.2875
48465.96045 0.2871
48465.96191 0.2893
48465.96387 0.2885
48492.91504 0.3240
48492.91699 0.3256
48492.91846 0.3245
48853.97314 0.2824
48853.97412 0.2785
48853.97559 0.2758
48859.94287 0.2866
48859.94482 0.2848
48859.94629 0.2811
48864.94434 0.2841
48864.94629 0.2915
48864.94775 0.2869
48871.87695 0.2893
48871.87842 0.2868
48871.87939 0.2861
48874.87402 0.2962
48874.87549 0.2864
48874.87695 0.2901
48878.89160 0.2884
48878.89307 0.2932
48878.89453 0.2933
48887.88770 0.2923
48887.88965 0.2938
48887.89111 0.2933
48890.78467 0.2972
48890.78564 0.2991
48890.78711 0.2960
48901.82812 0.3067
48901.82959 0.3065
48901.83105 0.3019
48904.80420 0.3024
48904.80518 0.3021
48904.80664 0.3039
48908.78955 0.3093
48908.79053 0.3054
48908.79199 0.3116
48918.76611 0.3206
48918.76807 0.3128
48918.76953 0.3120
48933.70312 0.3078
48933.70459 0.3112
48933.70557 0.3104
48938.67188 0.3066
48938.67334 0.3061
48938.67480 0.3096
48941.68555 0.3103
48941.68701 0.3134
48941.68848 0.3115
48948.68994 0.3110
48948.69141 0.3148
48948.69287 0.3138
48967.65186 0.3034
48967.65332 0.3090
48967.65430 0.3021
48971.64258 0.3084
48971.64355 0.3108
48971.64502 0.3142
48976.62061 0.3057
48976.62158 0.3035
48976.62305 0.3015
48979.65283 0.3052
48979.65381 0.3079
48979.65527 0.3048
49008.59424 0.3161
49008.59570 0.3105
49008.59668 0.3086
49222.95068 0.2901
49222.95215 0.2877
49222.95361 0.2887
49226.94238 0.2847
49226.94336 0.2841
49226.94482 0.2882
49229.90430 0.2850
49229.90576 0.2900
49229.90674 0.2849
49234.91260 0.2803
49234.91406 0.2800
49234.91602 0.2837
49238.90820 0.2822
49238.90967 0.2879
49238.91162 0.2858
49254.83740 0.3012
49254.83838 0.2953
49254.83936 0.2948
49266.81396 0.2999
49266.81543 0.3113
49266.81689 0.3088
49269.79492 0.3094
49269.79639 0.3111
49269.79736 0.3108
49279.78125 0.3216
49279.78320 0.3223
49279.78516 0.3271
49285.77734 0.3105
49285.77979 0.3105
49285.78223 0.3067
49294.70703 0.3112
49294.70898 0.3080
49294.71045 0.3130
49296.73682 0.3146
49296.73828 0.3198
49296.73975 0.3167
49300.68115 0.3112
49300.68262 0.3107
49300.68359 0.3082
49307.64502 0.3010
49307.64648 0.3041
49307.64795 0.3032
49310.63867 0.2948
49310.64014 0.2953
49310.64160 0.2913
49327.59521 0.2800
49327.59717 0.2807
49327.59863 0.2770
49331.61182 0.2770
49331.61328 0.2815
49331.61475 0.2771
49344.59082 0.2782
49344.59229 0.2824
49344.59375 0.2784
49567.92871 0.3074
49567.93018 0.3042
49567.93115 0.3060
49570.90137 0.2984
49570.90283 0.3036
49570.90381 0.2942
49579.91309 0.2977
49579.91455 0.2997
49579.91553 0.3020
49582.84277 0.3062
49582.84424 0.2997
49582.84521 0.2974
49585.87158 0.2972
49585.87256 0.2964
49585.87402 0.2951
49587.88525 0.2916
49587.88623 0.2893
49587.88770 0.2929
49599.84424 0.2827
49599.84521 0.2820
49599.84668 0.2782
49602.85645 0.2784
49602.85742 0.2778
49602.85889 0.2794
49606.86719 0.2841
49606.86865 0.2823
49606.86963 0.2858
49609.85645 0.2894
49609.85791 0.2832
49609.85889 0.2824
49612.83008 0.2975
49612.83105 0.3128
49612.83252 0.2942
49616.81250 0.2940
49616.81396 0.3012
49616.81494 0.2973
49622.77344 0.3034
49622.77490 0.3028
49622.77588 0.3020
49626.73877 0.3086
49626.73975 0.3124
49626.74072 0.3093
49632.76709 0.3179
49632.76807 0.3219
49632.76953 0.3219
49634.75293 0.3152
49634.75391 0.3159
49634.75537 0.3231
49637.74121 0.3176
49637.74219 0.3089
49637.74365 0.3190
49641.74121 0.3118
49641.74268 0.3208
49641.74365 0.3244
49644.76270 0.3207
49644.76367 0.3250
49644.76465 0.3156
49651.69482 0.3213
49651.69580 0.3255
49651.69727 0.3232
49653.71387 0.3106
49653.71533 0.3122
49653.71631 0.3088
49656.70361 0.3167
49656.70459 0.3121
49656.70605 0.3130
49660.71143 0.3106
49660.71240 0.3157
49660.71338 0.3132
49668.69727 0.3023
49668.69824 0.2992
49668.69971 0.3054
49671.68701 0.2971
49671.68799 0.3047
49671.68945 0.2942
49675.70752 0.3014
49675.70850 0.2953
49675.70996 0.3068
49689.62012 0.2993
49689.62109 0.2959
49689.62256 0.3039
49694.64697 0.3059
49694.64795 0.2987
49694.64941 0.3097
49703.63428 0.3022
49703.63525 0.3041
49703.63623 0.3105
49707.63477 0.3077
49707.63623 0.3085
49707.63721 0.3027
49730.59277 0.3030
49730.59375 0.3032
49730.59521 0.3080
