44207.80000 1.2812
44424.92899 0.9478
44424.92999 1.0416
44424.93100 1.0258
44424.93100 1.0406
44424.93100 1.0313
44424.93100 1.0279
44424.93100 1.0133
44426.85800 0.9492
44426.85800 0.9312
44426.85901 0.9386
44426.85901 0.9502
44426.85901 0.9586
44426.85901 0.9290
44426.85901 0.9353
44428.96399 0.8626
44428.96399 0.9718
44428.96500 0.8892
44428.97299 0.8638
44428.97400 0.9653
44428.97400 0.9427
44428.97400 0.9362
44429.84100 0.8573
44429.84100 0.9137
44429.84100 0.9233
44429.84201 0.8575
44429.84201 0.9132
44429.84201 0.9295
44430.88501 0.8362
44430.88501 0.9446
44430.88501 0.8299
44430.88699 0.8261
44430.88699 0.8700
44430.88699 0.8414
44430.88699 0.9701
44430.88800 0.8993
44430.88800 0.8878
44430.88800 0.8270
44430.88800 0.9521
44430.88800 0.9960
44430.88901 0.9396
44432.90799 0.8669
44432.90799 0.8854
44432.90799 0.9060
44432.90799 0.8866
44432.90900 0.9046
44432.90900 0.9773
44441.83600 1.0821
44441.83600 1.1288
44441.83600 1.1556
44441.83701 1.1460
44441.83701 1.0823
44441.83701 1.1233
44441.99200 1.0002
44441.99200 1.0166
44441.99200 1.0402
44441.99301 0.9590
44441.99301 1.0708
44441.99399 1.0359
44441.99701 1.0455
44441.99701 1.0698
44441.99701 1.0600
44441.99799 1.0453
44441.99799 1.0125
44441.99799 1.0068
44441.99799 1.0629
44441.99799 1.0561
44441.99799 1.0619
44441.99899 0.9954
44442.87399 1.0026
44442.87399 0.9985
44442.87399 0.9918
44443.87701 0.9572
44443.87701 1.0056
44443.87701 0.9832
44444.96201 0.9527
44444.96201 0.9868
44444.96301 0.9515
44444.96301 0.9735
44444.96399 0.9728
44444.96399 0.9806
44444.96500 0.9924
44444.96500 0.9577
44444.96500 0.9904
44444.96600 0.9615
44444.96600 0.9779
44444.96701 0.9279
44444.96701 0.9789
44444.96701 0.9697
44444.96799 0.9781
44444.96799 0.9721
44444.96899 0.9692
44444.96899 0.9880
44444.97000 0.9498
44444.97000 0.9755
44444.97000 0.9186
44444.97101 0.9697
44444.97101 0.9373
44444.97198 0.9656
44444.97198 0.9591
44444.97198 0.9498
44444.97299 0.9830
44444.97299 0.9553
44444.97400 0.9912
44444.97400 0.9145
44444.97501 0.9301
44444.97501 0.9871
44444.97501 0.9806
44444.97501 0.9811
44444.97601 0.9644
44444.97601 0.9349
44444.97601 0.9750
44444.97601 0.9787
44444.97601 0.9685
44444.97699 0.9668
44445.87000 0.9298
44445.87000 0.9190
44445.87000 0.9909
44445.87000 0.9406
44445.87100 0.9952
44445.87100 0.9075
44445.87100 0.9459
44445.87100 0.9149
44445.87201 0.9663
44445.87201 0.9707
44445.87201 1.0046
44446.86401 1.0388
44446.86401 1.0440
44446.86499 1.0573
44447.84799 0.9386
44447.84900 0.9763
44447.84900 0.9405
44447.85001 0.9528
44447.85001 0.9555
44448.84601 0.9483
44448.84601 0.9839
44448.84601 0.9272
44449.86401 0.9072
44449.86401 0.9606
44449.86499 0.9142
44451.86700 1.0057
44451.86700 0.9700
44451.86801 0.9430
44452.85800 0.9264
44452.85800 0.9236
44452.85901 0.9011
44453.86600 0.8495
44453.86600 0.9316
44453.86600 0.8987
44453.86600 0.9021
44453.86700 0.9089
44453.86700 0.9272
44453.86700 0.8671
44453.86700 0.8945
44453.86700 0.9215
44453.86700 0.9614
44453.86700 0.9156
44453.86801 0.8723
44453.86801 0.9092
44454.91501 0.9137
44454.91599 0.9200
44454.91599 0.9272
44458.87100 0.8304
44458.87100 0.9073
44458.87201 0.9209
44460.84201 0.9149
44460.84299 0.9111
44460.84299 0.8847
44461.89001 0.9231
44461.89001 0.9224
44461.89099 0.9419
44461.89099 0.9187
44461.89200 0.9185
44462.88000 0.9674
44462.88000 0.9488
44462.88000 0.9975
44462.88101 0.9716
44462.88101 0.9557
44462.88101 0.9694
44463.81201 0.9176
44463.81299 0.9460
44463.81299 0.9477
44463.81400 0.9468
44463.81500 0.9338
44463.81500 0.9227
44464.88400 0.9544
44464.88400 0.9236
44464.88400 0.9778
44465.91501 1.0249
44465.91501 0.9980
44465.91501 1.0511
44466.83401 0.9631
44466.83401 0.9972
44466.83401 1.0373
44467.81601 0.9566
44467.81601 0.9588
44467.81699 0.9510
44468.89899 0.9853
44468.89899 1.0078
44468.89999 0.9985
44469.83801 0.9725
44469.83801 0.9239
44469.83801 0.9025
44469.83899 0.9629
44469.83899 0.9251
44472.84000 1.0663
44472.84000 1.0583
44472.84100 1.0423
44472.84100 1.0675
44472.84201 1.0389
44472.84201 1.0612
44473.84698 1.0304
44473.84799 1.0334
44473.84900 1.0176
44473.84900 1.0139
44473.85001 1.0067
44474.82901 1.0275
44474.82999 1.0100
44474.82999 1.0773
44474.83099 1.0453
44474.83200 1.0667
44474.83200 1.0500
44475.86200 1.0455
44475.86200 1.0406
44475.86301 1.0446
44476.77200 1.0455
44476.77301 1.0770
44476.77301 1.0658
44478.84500 1.0516
44478.84500 1.0458
44478.84601 1.0169
44479.82599 1.0006
44479.82700 1.0478
44479.82700 1.0387
44480.79401 1.0458
44480.79401 1.0212
44480.79501 1.0236
44481.78101 1.0424
44481.78101 1.0453
44481.78201 1.0591
44482.79800 0.9993
44482.79901 1.0143
44482.79901 1.0106
44484.79700 1.1414
44484.79700 1.1460
44484.79700 1.1756
44485.78000 1.0252
44485.78000 1.0249
44485.78101 1.0124
44486.79001 0.9783
44486.79001 0.9577
44486.79099 0.9913
44487.78400 1.0188
44487.78400 1.0262
44487.78400 0.9881
44487.78500 0.9849
44487.78500 0.9524
44487.78601 0.9787
44488.89001 1.0088
44488.89099 1.0358
44488.89200 1.0228
44489.78799 0.9335
44489.78799 0.9053
44489.78900 0.9158
44490.79401 1.0256
44490.79501 1.0091
44490.79501 1.0281
44491.79099 0.9845
44491.79099 0.9680
44491.79199 1.0083
44492.78601 1.0936
44492.78699 1.0790
44492.78699 1.0635
44493.78900 1.0487
44493.79001 1.0796
44493.79001 1.0654
44494.76801 1.0299
44494.76901 1.0539
44494.76901 0.9950
44495.77301 1.0883
44495.77399 1.0412
44495.77399 1.0466
44496.80801 1.1340
44496.80899 1.1528
44496.80899 1.1562
44505.82999 1.0283
44505.82999 1.0374
44505.83099 1.0105
44506.80701 0.9860
44506.80801 0.9915
44506.80801 0.9865
44507.78601 0.9801
44507.78699 0.9807
44507.78699 0.9894
44508.78799 0.9847
44508.78799 0.9604
44508.78900 1.0019
44509.84500 0.9851
44509.84601 0.9653
44509.84601 0.9913
44509.84698 0.9616
44509.84698 0.9915
44509.84799 0.9883
44509.84799 0.9752
44509.84900 0.9809
44509.84900 0.9804
44509.85001 0.9804
44509.85101 0.9787
44509.85101 0.9832
44509.85199 0.9777
44509.85199 0.9832
44509.85300 0.9733
44509.85300 0.9779
44509.85400 0.9789
44509.85400 0.9733
44509.85501 0.9666
44509.85501 0.9812
44509.85699 0.9876
44509.85699 1.0042
44509.85800 0.9839
44509.85800 0.9782
44509.85901 0.9653
44509.85901 0.9789
44509.85999 0.9816
44509.85999 0.9666
44509.86099 0.9775
44509.86099 0.9795
44509.86200 0.9690
44509.86200 0.9466
44509.86301 0.9881
44509.86401 0.9869
44509.86401 0.9784
44509.86499 0.9750
44509.86499 0.9777
44509.86600 0.9824
44509.86600 0.9765
44509.86700 0.9717
44509.86700 0.9834
44509.86801 0.9623
44509.86801 0.9717
44509.86899 0.9750
44509.86899 0.9816
44509.87000 0.9614
44509.87000 0.9722
44509.87100 0.9692
44509.87201 0.9599
44509.87201 0.9725
44509.87299 0.9556
44509.87299 0.9494
44509.87399 0.9688
44509.87399 0.9618
44509.87500 0.9593
44509.87500 0.9480
44509.87601 0.9443
44509.87601 0.9651
44509.87701 0.9569
44509.87701 0.9494
44509.88400 0.9591
44509.88501 0.9896
44509.88501 0.9510
44509.88599 0.9846
44509.88699 0.9725
44509.88699 0.9970
44509.88800 0.9968
44509.88800 0.9869
44509.88901 0.9998
44509.88901 0.9906
44509.89001 0.9698
44509.89001 0.9908
44509.89099 0.9819
44509.89099 0.9933
44509.89200 0.9782
44509.89200 0.9940
44509.89301 0.9643
44509.89301 0.9928
44509.89401 0.9701
44509.89499 1.0072
44509.89700 0.9871
44509.89801 0.9849
44509.89801 0.9839
44509.89899 0.9655
44509.89899 0.9767
44509.89999 0.9717
44509.89999 1.0047
44509.90100 0.9586
44509.90100 0.9763
44509.90201 0.9851
44509.90201 0.9824
44509.90302 0.9814
44509.90302 0.9844
44509.90399 0.9899
44509.90500 0.9821
44509.90500 0.9579
44509.90601 0.9849
44509.90601 0.9621
44509.90701 0.9965
44509.90701 0.9901
44509.91299 0.9747
44509.91400 0.9759
44509.91400 0.9866
44509.91501 0.9859
44509.91501 0.9901
44509.91599 0.9807
44509.91599 0.9569
44509.91699 0.9869
44509.92001 0.9943
44509.92099 0.9581
44509.92099 0.9844
44509.92200 0.9759
44509.92200 0.9908
44509.92300 0.9958
44509.92401 0.9911
44509.92401 0.9849
44509.92499 0.9977
44509.92499 0.9948
44509.92599 1.0007
44509.92599 0.9862
44509.92700 0.9812
44509.92700 0.9787
44509.92801 0.9871
44509.92801 0.9933
44509.92899 0.9958
44509.92899 0.9874
44509.92999 0.9754
44509.92999 0.9943
44509.93100 0.9673
44509.93201 0.9876
44509.93201 0.9636
44509.93301 0.9812
44509.93301 0.9913
44509.93399 0.9765
44509.93399 0.9846
44509.93500 0.9717
44509.93500 0.9759
44509.93600 0.9733
44509.93600 0.9883
44509.93701 0.9920
44509.93701 0.9767
44509.93799 0.9789
44509.93900 1.0002
44509.93900 0.9713
44509.94000 0.9777
44509.94000 0.9658
44509.94101 0.9715
44509.94101 0.9759
44509.94400 0.9933
44509.94501 0.9745
44509.94601 0.9740
44509.94601 0.9851
44509.94699 0.9824
44509.94699 0.9631
44509.94800 0.9752
44509.94800 0.9614
44509.94901 0.9641
44509.94901 0.9759
44509.95001 0.9668
44509.95001 0.9775
44509.95099 0.9738
44509.95099 0.9685
44509.95200 0.9722
44509.95300 0.9890
44509.95300 0.9537
44509.95401 0.9894
44509.95401 0.9824
44509.95499 0.9685
44509.95499 0.9782
44509.95599 0.9648
44509.95599 0.9655
44509.95700 0.9639
44509.95700 0.9540
44509.95801 0.9816
44509.95801 0.9430
44509.95901 0.9602
44509.95999 0.9720
44509.95999 0.9747
44509.96100 0.9809
44509.96100 0.9462
44509.96201 0.9690
44509.96201 0.9634
44509.96301 0.9915
44509.96301 0.9552
44509.96399 0.9579
44509.96399 0.9915
44509.96500 0.9673
44509.96500 0.9740
44509.96899 0.9604
44509.97000 0.9586
44509.97000 0.9690
44509.97101 0.9759
44509.97101 0.9795
44509.97198 0.9685
44509.97198 0.9666
44509.97299 0.9903
44509.97299 0.9517
44509.97400 0.9963
44509.97400 0.9821
44509.97501 0.9728
44509.97601 0.9542
44509.97601 0.9690
44509.97699 0.9862
44509.97699 0.9874
44509.97800 0.9754
44509.97800 0.9779
44509.97900 0.9750
44509.97900 0.9680
44510.85400 0.9191
44510.85501 0.8901
44510.85599 0.9065
44511.81201 0.9408
44511.81201 0.9606
44511.81299 0.9723
44511.81299 0.9458
44511.81400 0.9760
44511.81400 0.9362
44511.81500 0.9602
44511.81500 0.9649
44511.81601 0.9666
44511.81601 0.9544
44511.81699 0.9713
44511.81699 0.9680
44511.81799 0.9540
44511.81799 0.9614
44511.81900 0.9614
44511.82001 0.9783
44511.82001 0.9726
44511.82101 0.9710
44511.82101 0.9708
44511.82199 0.9627
44511.82199 0.9649
44511.82300 0.9705
44511.82300 0.9800
44511.82401 0.9634
44511.82401 0.9406
44511.82501 0.9505
44511.82501 0.9631
44511.82599 0.9751
44511.82599 0.9668
44511.82700 0.9827
44511.82800 0.9590
44511.82800 0.9510
44511.82901 0.9708
44511.82901 0.9745
44511.82999 0.9817
44511.82999 0.9602
44511.83099 0.9622
44511.83099 0.9689
44511.83200 0.9574
44511.83200 0.9622
44511.83401 0.9698
44511.83499 0.9579
44511.83499 0.9659
44511.83600 0.9577
44511.83600 0.9590
44511.83701 0.9611
44511.83701 0.9671
44511.83801 0.9730
44511.83801 0.9480
44511.83899 0.9641
44511.84000 0.9577
44511.84000 0.9619
44511.84100 0.9792
44511.84100 0.9602
44511.84201 0.9659
44511.84201 0.9627
44511.84299 0.9636
44511.84299 0.9424
44511.84399 0.9450
44511.84399 0.9597
44511.84500 0.9686
44511.84500 0.9689
44511.84601 0.9622
44511.84601 0.9597
44511.84698 0.9718
44511.84799 0.9498
44511.84799 0.9590
44511.84900 0.9295
44511.84900 0.9691
44511.85001 0.9671
44511.85001 0.9666
44511.85101 0.9619
44511.85101 0.9592
44511.85199 0.9560
44511.85199 0.9124
44511.85300 0.9560
44511.85300 0.9480
44511.85400 0.9585
44511.85400 0.9599
44511.85501 0.9470
44511.85800 0.9438
44511.85901 0.9364
44511.85999 0.9404
44511.85999 0.9431
44511.86099 0.9445
44511.86099 0.9240
44511.86200 0.9404
44511.86301 0.9454
44511.86301 0.9411
44511.86401 0.9443
44511.86401 0.9351
44511.86499 0.9475
44511.86499 0.9468
44511.86600 0.9406
44511.86600 0.9525
44511.86700 0.9622
44511.86700 0.9448
44511.86801 0.9379
44511.86801 0.9441
44511.86899 0.9369
44511.86899 0.9419
44511.87000 0.9389
44511.87100 0.9396
44511.87100 0.9362
44511.87201 0.9488
44511.87201 0.9431
44511.87299 0.9671
44511.87299 0.9507
44511.87399 0.9572
44511.87399 0.9482
44511.88101 0.9458
44511.88199 0.9606
44511.88199 0.9602
44511.88300 0.9530
44511.88300 0.9535
44511.88400 0.9325
44511.88400 0.9553
44511.88501 0.9520
44511.88599 0.9518
44511.88599 0.9542
44511.88699 0.9441
44511.88699 0.9396
44511.88800 0.9445
44511.88800 0.9518
44511.88901 0.9544
44511.88901 0.9512
44511.89001 0.9649
44511.89001 0.9537
44511.89099 0.9436
44511.89099 0.9629
44511.89200 0.9488
44511.89200 0.9614
44511.89301 0.9641
44511.89401 0.9537
44511.89401 0.9530
44511.89499 0.9837
44511.89499 0.9673
44511.89600 0.9760
44511.89600 0.9547
44511.89700 0.9535
44511.89700 0.9703
44511.89801 0.9857
44511.89801 0.9728
44511.89899 0.9542
44511.89899 0.9656
44511.89999 0.9728
44511.90100 0.9689
44511.90100 0.9528
44511.90201 0.9758
44511.90201 0.9629
44511.90399 0.9619
44511.90399 0.9560
44511.90500 0.9602
44511.90500 0.9542
44511.90601 0.9416
44511.90601 0.9520
44511.90701 0.9689
44511.90701 0.9659
44511.90799 0.9587
44511.90900 0.9590
44511.90900 0.9594
44511.91000 0.9555
44511.91000 0.9691
44511.91101 0.9567
44511.91101 0.9597
44511.91199 0.9396
44511.91199 0.9622
44511.91299 0.9597
44511.91299 0.9408
44511.91400 0.9532
44511.91400 0.9500
44511.91501 0.9678
44511.91501 0.9532
44511.91599 0.9678
44511.91699 0.9530
44511.91699 0.9547
44511.91800 0.9466
44511.91800 0.9581
44511.91901 0.9629
44511.91901 0.9512
44511.92001 0.9448
44511.92001 0.9491
44511.92099 0.9404
44511.92099 0.9691
44511.92200 0.9549
44511.92200 0.9609
44511.92300 0.9654
44511.92300 0.9542
44511.92401 0.9557
44511.92499 0.9369
44511.92599 0.9535
44511.92599 0.9413
44511.92700 0.9528
44511.92700 0.9542
44511.92801 0.9565
44511.92801 0.9478
44511.92899 0.9624
44511.92999 0.9617
44511.92999 0.9572
44511.93100 0.9705
44511.93100 0.9466
44511.93201 0.9748
44511.93201 0.9408
44511.93301 0.9416
44511.93301 0.9604
44511.93399 0.9507
44511.93399 0.9619
44511.93500 0.9579
44511.93500 0.9592
44511.93600 0.9609
44511.93600 0.9547
44511.93701 0.9652
44511.93799 0.9532
44511.93799 0.9553
44511.93900 0.9544
44511.93900 0.9322
44511.94000 0.9560
44511.94000 0.9493
44511.94101 0.9512
44511.94101 0.9544
44511.94199 0.9673
44511.94199 0.9708
44511.94299 0.9537
44511.94299 0.9473
44511.94400 0.9581
44512.83002 0.9288
44512.83002 0.9308
44512.83099 0.9223
44513.78003 0.9206
44513.78003 0.9435
44513.78101 0.9375
44513.78101 0.9393
44513.78198 0.9507
44513.78198 0.9214
44514.78302 0.9135
44514.78302 0.9219
44514.78400 0.9027
44514.78400 0.9101
44514.78497 0.8999
44514.78497 0.8824
44514.78601 0.9145
44514.78601 0.9010
44514.78699 0.9170
44514.78802 0.9108
44514.78802 0.9306
44514.78900 0.9140
44514.78900 0.9197
44514.78998 0.8864
44514.78998 0.9313
44514.79303 0.9145
44514.79303 0.8807
44514.79401 0.9244
44514.79401 0.9333
44514.79498 0.9394
44514.79498 0.8826
44514.79602 0.8967
44514.79602 0.9147
44514.79700 0.8958
44514.79700 0.9365
44514.79797 0.9041
44514.79797 0.9385
44514.79901 0.8980
44514.79901 0.8654
44514.79999 0.9187
44514.80103 0.8867
44514.80103 0.9232
44514.80200 0.8946
44514.80200 0.9126
44514.80298 0.9108
44514.80298 0.9054
44514.80402 0.9150
44514.80402 0.8869
44514.80499 0.9316
44514.80499 0.9059
44514.80603 0.9135
44514.80603 0.9041
44514.80701 0.9002
44514.80701 0.9165
44514.80798 0.9158
44514.80902 0.9279
44514.80902 0.9017
44514.81000 0.9123
44514.81000 0.8928
44514.81097 0.9150
44514.81097 0.9267
44514.81201 0.8978
44514.81201 0.9168
44514.81299 0.9283
44514.81299 0.9140
44514.81500 0.8975
44514.81500 0.8978
44514.81598 0.9108
44514.81598 0.8761
44514.81702 0.9219
44514.81799 0.9219
44514.81799 0.9177
44514.81897 0.9135
44514.81897 0.8891
44514.82001 0.8904
44514.82001 0.8812
44514.82098 0.8824
44514.82098 0.8856
44514.82202 0.8879
44514.82202 0.8881
44514.82300 0.8936
44514.82300 0.8867
44514.82397 0.9138
44514.82397 0.9069
44514.82501 0.9156
44514.82501 0.8950
44514.82599 0.9143
44514.82703 0.9227
44514.82703 0.9133
44514.82800 0.8938
44514.82800 0.9073
44514.82898 0.9094
44514.82898 0.9190
44514.83002 0.9039
44514.83002 0.8699
44514.83099 0.9106
44514.83099 0.9212
44514.83197 0.9234
44514.83197 0.9264
44514.83301 0.9367
44514.83301 0.9177
44514.83398 0.9163
44514.83398 0.9177
44514.83502 0.8999
44514.83600 0.9175
44514.83698 0.9195
44514.83801 0.9131
44514.83801 0.9039
44514.83899 0.9244
44514.83899 0.9047
44514.84003 0.9128
44514.84100 0.8839
44514.84100 0.9165
44514.84198 0.9032
44514.84198 0.9320
44514.84302 0.9106
44514.84302 0.9135
44514.84399 0.9242
44514.84399 0.9177
44514.84497 0.9135
44514.84497 0.9246
44514.84601 0.8987
44514.84601 0.9108
44514.84698 0.9187
44514.84698 0.9209
44514.84802 0.9160
44514.84900 0.9034
44514.84900 0.9232
44514.84998 0.9128
44514.84998 0.9091
44514.85101 0.9182
44514.85101 0.9110
44514.85199 0.9115
44514.85199 0.9041
44514.85303 0.9096
44514.85303 0.8995
44514.85400 0.9184
44514.85400 0.9091
44514.85498 0.9121
44514.85498 0.9180
44514.85602 0.8990
44514.85699 0.9172
44514.85699 0.8973
44514.86401 0.8946
44514.86499 0.8973
44514.86499 0.9121
44514.86603 0.9304
44514.86603 0.9140
44514.86700 0.9187
44514.86700 0.9318
44514.86798 0.9126
44514.86902 0.9082
44514.86902 0.9187
44514.87000 0.9061
44514.87000 0.9032
44514.87097 0.9177
44514.87097 0.9205
44514.87201 0.9143
44514.87201 0.9128
44514.87299 0.8958
44514.87299 0.9156
44514.87402 0.9230
44514.87402 0.9202
44514.87500 0.9020
44514.87500 0.9096
44514.87598 0.9101
44514.87701 0.9209
44514.87701 0.9221
44514.87799 0.8869
44514.87799 0.9195
44514.87903 0.9135
44514.87903 0.9217
44514.88000 0.9098
44514.88000 0.9022
44514.88098 0.9158
44514.88098 0.9106
44514.88202 0.9059
44514.88202 0.9140
44514.88300 0.9049
44514.88300 0.9274
44514.88397 0.9008
44514.88397 0.9234
44514.88501 0.9020
44514.88599 0.9202
44514.88702 0.9160
44514.88800 0.9168
44514.88800 0.9158
44514.88898 0.9187
44514.88898 0.9246
44514.89001 0.9288
44514.89001 0.9227
44514.89099 0.9145
44514.89099 0.9244
44514.89203 0.9041
44514.89203 0.9249
44514.89301 0.9138
44514.89301 0.9131
44514.89398 0.9059
44514.89398 0.9108
44514.89502 0.9299
44514.89600 0.9004
44514.89600 0.9138
44514.89697 0.9197
44514.89697 0.9177
44514.89801 0.9177
44514.89801 0.9138
44514.89899 0.9150
44514.89899 0.9082
44514.90002 0.9143
44514.90002 0.9096
44514.90100 0.9182
44514.90100 0.9091
44514.90198 0.9119
44514.90198 0.9156
44514.90302 0.9221
44514.90399 0.9193
44514.90399 0.9140
44514.90503 0.8946
44514.90503 0.9254
44514.90601 0.9153
44514.90601 0.9045
44514.90698 0.9024
44514.90698 0.9244
44514.90900 0.9089
44514.90900 0.9135
44514.90997 0.9254
44514.90997 0.9417
44514.91101 0.9156
44514.91101 0.9397
44514.91199 0.9328
44514.91199 0.9380
44514.91302 0.9360
44514.91302 0.9353
44514.91400 0.9447
44514.91400 0.9225
44514.91498 0.9258
44514.91602 0.9336
44514.91602 0.9325
44514.91699 0.9402
44514.91699 0.9397
44514.91803 0.9353
44514.91803 0.9283
44514.91901 0.9195
44514.91901 0.9313
44514.91998 0.8948
44514.91998 0.9343
44514.92102 0.9059
44514.92102 0.9291
44514.92200 0.9333
44514.92200 0.8819
44514.92297 0.9431
44514.92401 0.9410
44514.92401 0.9390
44514.92499 0.9115
44514.92499 0.9405
44514.92603 0.9242
44514.92603 0.9209
44514.92700 0.9365
44514.92700 0.9219
44514.92798 0.9394
44514.92798 0.9308
44514.93103 0.8948
44514.93103 0.8826
44514.93201 0.8881
44514.93201 0.8854
44514.93298 0.9106
44514.93402 0.9066
44514.93402 0.9054
44514.93500 0.8936
44514.93500 0.9071
44514.93597 0.9047
44514.93597 0.9214
44514.93701 0.9187
44514.93701 0.9032
44514.93799 0.9184
44514.93799 0.9333
44514.93903 0.9452
44514.93903 0.9392
44514.94000 0.9362
44514.94000 0.9419
44514.94098 0.9447
44514.94098 0.9491
44514.94202 0.9362
44514.94299 0.9399
44514.94299 0.9205
44514.94397 0.9357
44514.94397 0.9230
44514.94501 0.9271
44514.94501 0.9264
44514.94598 0.9422
44514.94598 0.9375
44515.76001 0.9254
44515.76099 0.8864
44515.76099 0.9113
44515.76202 0.9195
44515.76202 0.9943
44515.76300 0.8742
44515.76300 0.9911
44515.76300 0.9252
44515.76398 0.9411
44515.76398 0.9264
44516.78497 0.9747
44516.78497 0.9979
44516.78601 1.0284
44516.78601 0.9621
44516.78699 1.0011
44516.78699 1.0244
44516.78802 1.0045
44516.78900 1.0190
44516.78900 1.0045
44516.78998 1.0334
44516.78998 1.0259
44516.79102 0.9936
44516.79102 1.0391
44516.79199 0.9660
44516.79199 0.9573
44516.79303 0.9658
44516.79303 1.0144
44516.79401 0.8727
44516.79401 0.9738
44516.79498 1.0043
44516.79498 0.9703
44516.79602 1.0093
44516.79700 1.0061
44516.79700 0.9832
44516.79797 0.9800
44516.79797 0.9852
44516.79901 0.9514
44516.79901 0.9430
44516.79999 0.9328
44516.79999 0.8715
44516.80103 0.8732
44516.80103 0.8956
44516.80200 0.9594
44516.80200 1.0371
44516.80298 0.9715
44516.80298 1.0041
44516.80402 0.9430
44516.80499 0.9981
44516.80499 0.8704
44516.80603 0.9383
44516.81097 0.9522
44516.81201 1.0160
44516.81201 0.9671
44516.81299 1.0172
44516.81299 0.9554
44516.81403 0.9876
44516.81403 1.0004
44516.81500 0.9864
44516.81500 1.0272
44516.81598 0.9544
44516.81598 1.0224
44516.81702 1.0070
44516.81702 0.9802
44516.81799 1.0336
44516.81897 0.9735
44516.81897 1.0272
44516.82001 0.9892
44516.82001 1.0073
44516.82098 0.9904
44516.82098 0.9601
44516.82202 1.0296
44516.82202 0.9708
44516.82300 1.0236
44516.82300 0.9800
44516.82397 0.9871
44516.82397 0.9951
44516.82501 0.9844
44516.82501 1.0020
44516.82599 0.9782
44516.82599 1.0029
44516.82703 1.0110
44516.82800 0.9971
44516.82800 0.9976
44516.82898 1.0043
44516.82898 1.0088
44516.83002 0.9628
44516.83002 1.0098
44516.83099 0.9864
44516.83099 0.9549
44516.83197 1.0187
44516.83398 0.9942
44516.83398 0.9784
44516.83502 0.9946
44516.83502 1.0023
44516.83600 0.9772
44516.83600 1.0261
44516.83698 0.9486
44516.83801 1.0192
44516.83801 0.9946
44516.83899 0.9818
44516.83899 0.9966
44516.84003 0.9974
44516.84003 1.0222
44516.84100 0.9855
44516.84100 1.0058
44516.84198 0.9933
44516.84198 0.9887
44516.84302 0.9720
44516.84302 0.9720
44516.84399 0.9921
44516.84399 0.9731
44516.84497 0.9963
44516.84601 0.9763
44516.84601 0.9735
44516.84698 1.0115
44516.84698 0.9912
44516.84802 1.0011
44516.84802 0.9586
44516.84900 0.9942
44516.84900 1.0013
44516.84998 0.9733
44516.84998 1.0132
44516.85101 0.9961
44516.85101 1.0006
44516.85199 0.9882
44516.85199 0.9864
44516.85303 0.9921
44516.85400 0.9857
44516.85400 1.0120
44516.85901 0.9669
44516.85999 0.9793
44516.85999 0.9669
44516.86102 1.0023
44516.86102 0.9745
44516.86200 0.9822
44516.86200 0.9871
44516.86298 0.9944
44516.86298 0.9936
44516.86401 0.9639
44516.86401 0.9745
44516.86499 0.9919
44516.86499 0.9639
44516.86603 0.9839
44516.86700 0.9825
44516.86700 0.9884
44516.86798 0.9698
44516.86798 0.9880
44516.86902 0.9896
44516.86902 0.9701
44516.87000 0.9882
44516.87000 0.9658
44516.87097 1.0050
44516.87097 0.9782
44516.87201 0.9683
44516.87201 0.9710
44516.87299 0.9628
44516.87299 0.9788
44516.87402 0.9763
44516.87500 0.9880
44516.87500 0.9797
44516.87598 0.9685
44516.87598 0.9678
44516.87701 0.9639
44516.87701 0.9814
44516.87799 0.9683
44516.87799 0.9924
44516.87903 0.9611
44516.87903 0.9822
44516.88000 0.9857
44516.88202 0.9621
44516.88202 0.9238
44516.88300 0.9882
44516.88300 0.9224
44516.88397 0.9497
44516.88397 0.9392
44516.88501 0.9433
44516.88501 0.9546
44516.88599 0.9390
44516.88702 0.9549
44516.88702 0.9256
44516.88800 0.9437
44516.88800 0.9358
44516.88898 0.9154
44516.88898 0.9378
44516.89001 0.9167
44516.89001 0.9410
44516.89099 0.9275
44516.89099 0.9151
44516.89203 0.9333
44516.89203 0.9132
44516.89301 0.9365
44516.89301 0.9335
44516.89398 0.9238
44516.89502 0.9085
44516.89502 0.9355
44516.89600 0.9424
44516.89600 0.8919
44516.89697 0.9665
44516.89697 0.9114
44516.89801 0.9226
44516.89801 0.9199
44516.89899 0.9216
44516.89899 0.9305
44516.90002 0.9256
44516.90002 0.9827
44516.90100 0.9673
44516.90100 0.9892
44516.90198 0.9713
44516.90198 0.9135
44516.90399 0.9524
44516.90503 0.9135
44516.90503 0.9378
44516.90601 0.9380
44516.90601 0.9045
44516.90698 0.9135
44516.90698 0.8936
44516.90802 0.9249
44516.90802 0.9135
44516.90900 0.9062
44516.90900 0.8977
44516.90997 0.9094
44516.90997 0.9268
44516.91101 0.9147
44516.91101 0.9201
44516.91199 0.9172
44516.91302 0.9107
44516.91302 0.9085
44516.91400 0.9192
44516.91400 0.9234
44516.91498 0.8862
44516.91498 0.9271
44516.91602 0.9013
44516.91602 0.9077
44516.91699 0.9075
44516.91699 0.9080
44516.91803 0.9174
44516.91803 0.8973
44516.91901 0.9181
44516.91901 0.9206
44516.91998 0.9263
44516.91998 0.9206
44516.92102 0.9305
44516.92200 0.9328
44516.92200 0.8889
44516.92297 0.9281
44516.92297 0.9275
44516.92401 0.9291
44516.92401 0.9199
44516.92603 0.9484
44516.92700 0.9768
44516.92700 0.9288
44516.92798 0.9408
44516.92798 1.0091
44516.92902 0.9335
44516.92902 0.9452
44516.92999 0.9497
44516.92999 0.9648
44516.93103 0.9882
44516.93103 0.9539
44516.93201 0.9889
44516.93201 0.9660
44516.93298 0.9708
44516.93298 0.9788
44516.93402 0.9797
44516.93402 0.9855
44516.93500 0.9641
44516.93597 0.9770
44516.93597 0.9226
44517.77899 0.9945
44517.77899 1.0148
44517.78003 0.9494
44517.78003 0.9764
44517.78101 0.9737
44524.67902 1.0487
44524.68298 1.1812
44524.68701 1.1215
44524.69098 1.1465
44524.69501 1.1060
44524.69897 1.0980
44528.73499 1.0579
44528.73602 1.0954
44528.73700 1.0830
44546.72699 0.9393
44546.72699 0.9921
44546.72803 0.9389
44547.70801 1.0150
44547.70898 1.0066
44547.70898 1.0256
44548.70898 1.1012
44548.70898 1.0901
44548.71002 1.0977
44549.72101 1.0922
44549.72198 1.0939
44549.72198 1.0968
44550.67700 1.0990
44550.67700 1.1142
44550.67798 1.1106
44562.71600 0.9935
44562.71698 1.0110
44562.71698 1.0205
44564.66498 0.9851
44564.66498 0.9928
44564.66602 0.9831
44566.68597 0.9646
44566.68701 0.9879
44566.68701 1.0095
44606.58899 1.0577
44606.58899 1.1010
44606.59003 1.0540
44608.58801 1.1089
44608.58899 1.1040
44608.59003 1.1136
45541.99400 1.4391
45541.99400 1.4771
45541.99500 1.4445
45547.98900 1.4317
45547.99000 1.4285
45547.99200 1.4369
45552.92800 1.3683
45552.92800 1.3898
45552.92900 1.3593
45558.80600 1.4421
45558.80700 1.4543
45558.80700 1.4587
45573.82800 1.4920
45573.82900 1.4768
45573.82900 1.4901
45581.78800 1.4802
45581.78900 1.4922
45581.79000 1.4809
45584.79800 1.4535
45584.80000 1.4511
45584.80000 1.4483
45591.76600 1.4883
45591.76600 1.4815
45591.76700 1.4828
45593.76300 1.4553
45593.76400 1.4728
45593.76400 1.4875
45595.76000 1.5379
45595.76100 1.5315
45595.76200 1.5192
45620.83300 1.5526
45620.83400 1.6048
45620.83600 1.5297
45627.80400 1.4564
45627.80500 1.5645
45627.80600 1.5059
45636.68000 1.3778
45636.68100 1.3819
45636.68200 1.4045
45657.67200 1.6415
45657.67300 1.6121
45657.67400 1.6225
45870.96204 1.6891
45870.96265 1.5760
45870.96326 1.5719
45873.97583 1.5605
45873.97644 1.5484
45873.97717 1.5520
45883.96533 1.5135
45883.96631 1.6410
45883.96741 1.5947
45886.97925 1.5874
45886.97986 1.6175
45886.98169 1.6269
45890.97327 1.5308
45890.97388 1.5576
45890.97461 1.5030
45892.97595 1.5635
45892.97656 1.5873
45892.97717 1.6089
45894.93213 1.6330
45894.93286 1.6205
45894.93347 1.6447
45915.98096 1.7165
45915.98181 1.7681
45915.98254 1.7733
45917.89148 1.6115
45917.89246 1.5981
45917.89343 1.5343
45919.81140 1.5540
45919.81201 1.4669
45919.81262 1.6367
45923.97156 1.6391
45923.97217 1.6966
45923.97278 1.6302
45929.93909 1.6947
45929.93982 1.7283
45929.94226 1.7586
45932.96448 1.5432
45932.96509 1.5332
45932.96570 1.5605
45934.92200 1.7121
45934.92310 1.5875
45934.92407 1.5924
45936.82556 1.7081
45936.82605 1.7097
45936.82666 1.7864
45939.91650 1.5527
45939.91724 1.5764
45939.91797 1.6045
45942.99512 1.4958
45942.99597 1.6331
45942.99695 1.5394
45947.80359 1.6331
45947.80420 1.5803
45947.80469 1.6197
45958.82751 1.5503
45958.82837 1.5511
45958.82935 1.5770
45962.92871 1.5222
45962.92993 1.5013
45962.93115 1.5221
45964.82141 1.4130
45964.82239 1.3979
45969.79041 1.5275
45969.79150 1.5553
45969.79260 1.5469
45977.81006 1.6182
45977.81177 1.6183
45977.81360 1.5688
45982.78235 1.6705
45982.78333 1.6701
45982.78430 1.6259
45984.75134 1.6753
45984.75244 1.6824
45984.75378 1.6674
45986.81250 1.5935
45986.81335 1.6194
45986.81421 1.6233
45988.85217 1.6279
45988.85291 1.6303
45988.85376 1.6251
45996.75256 1.3071
45996.75366 1.3379
45996.75476 1.3372
46000.71875 1.3259
46000.71997 1.3409
46000.72131 1.3366
46003.81006 1.2926
46003.81079 1.2880
46003.81140 1.2916
46006.76025 1.3871
46006.76196 1.3735
46006.76367 1.3334
46009.73486 1.3852
46009.73572 1.3469
46009.73645 1.3608
46015.72522 1.4291
46015.72595 1.4390
46015.72656 1.4553
46023.73999 1.5920
46023.74060 1.5981
46023.74133 1.5923
46027.70020 1.6745
46027.70093 1.6354
46027.70166 1.6499
46030.67273 1.6326
46030.67358 1.5899
46030.67444 1.6930
46033.70959 1.5941
46033.71045 1.5803
46033.71118 1.5969
46036.66113 1.5537
46036.66187 1.5799
46036.66260 1.5415
46051.70386 1.5560
46051.70508 1.5911
46051.70654 1.5673
46065.62231 1.4001
46065.62329 1.3663
46065.62451 1.3888
46244.96411 1.4598
46244.96484 1.4796
46244.96558 1.4777
46274.97607 1.3062
46274.97705 1.2932
46274.97778 1.2562
46279.97974 1.2317
46279.98096 1.2258
46279.98218 1.2140
46281.98022 1.2964
46281.98145 1.2939
46281.98242 1.2591
46283.94922 1.3323
46283.95068 1.3553
46283.95166 1.3545
46285.91895 1.3858
46285.91968 1.4374
46285.92041 1.3986
46287.92090 1.4560
46287.92212 1.4214
46287.92310 1.4545
46289.86304 1.4286
46289.86353 1.4094
46289.86401 1.4224
46291.90161 1.4177
46291.90234 1.3665
46291.90308 1.3628
46293.93921 1.4258
46293.94043 1.3735
46293.94141 1.4061
46295.94678 1.4807
46295.94775 1.4470
46295.94897 1.4293
46297.94678 1.4077
46297.94800 1.4148
46297.94897 1.3925
46299.95142 1.5152
46299.95190 1.5279
46299.95264 1.5204
46302.91992 1.4412
46302.92090 1.4248
46302.92188 1.4193
46304.93018 1.4553
46304.93115 1.4123
46304.93213 1.4429
46316.89526 1.4073
46316.89600 1.3878
46316.89722 1.3868
46321.88354 1.3832
46321.88428 1.3870
46321.88501 1.3621
46323.91040 1.3631
46323.91113 1.3509
46323.91211 1.3706
46325.91943 1.3163
46325.92017 1.3059
46325.92114 1.3284
46328.79639 1.2638
46328.79712 1.2831
46328.79810 1.2744
46330.81519 1.2172
46330.81567 1.2092
46330.81641 1.1995
46332.88770 1.2315
46332.88843 1.2345
46332.88940 1.2403
46337.83887 1.3082
46337.83984 1.2894
46337.84058 1.3136
46339.79272 1.3656
46339.79346 1.3578
46339.79443 1.3862
46341.79248 1.3501
46341.79321 1.3750
46341.79370 1.3743
46349.80273 1.3684
46349.80371 1.4011
46349.80493 1.4238
46354.79932 1.3920
46354.80054 1.4321
46354.80176 1.4223
46356.78979 1.4146
46356.79077 1.4371
46356.79199 1.4389
46361.74951 1.5028
46361.75073 1.4231
46361.75195 1.4473
46365.74316 1.4036
46365.74365 1.4217
46365.74438 1.4761
46367.72534 1.5060
46367.72607 1.5152
46367.72681 1.5469
46370.76758 1.3902
46370.76855 1.4061
46370.76929 1.3889
46372.69678 1.3731
46372.69775 1.3530
46372.69849 1.4055
46374.72388 1.3354
46374.72461 1.3210
46374.72559 1.3264
46376.71191 1.3599
46376.71289 1.3330
46376.71362 1.3322
46384.70532 1.2392
46384.70654 1.2495
46384.70752 1.2777
46386.73730 1.2518
46386.73926 1.2569
46386.74023 1.2983
46388.62964 1.2955
46388.63086 1.3050
46388.63208 1.2836
46390.69971 1.3862
46390.70044 1.3891
46390.70117 1.3594
46392.66235 1.3610
46392.66309 1.3419
46392.66406 1.3641
46396.74292 1.3793
46396.74365 1.3512
46396.74438 1.3957
46403.71875 1.3814
46403.71948 1.3643
46403.71997 1.3496
46406.69336 1.4953
46406.69409 1.5782
46406.69482 1.4969
46409.69604 1.4195
46409.69678 1.4144
46409.69751 1.3985
46414.67212 1.4161
46414.67285 1.4389
46414.67358 1.4611
46416.65137 1.3925
46416.65259 1.3688
46416.65381 1.4015
46418.65259 1.4342
46418.65356 1.4904
46418.65479 1.4423
46421.63745 1.3780
46421.63867 1.3359
46421.63965 1.4068
46423.64551 1.5180
46423.64648 1.4544
46423.64746 1.4442
46426.66675 1.4248
46426.66748 1.4314
46426.66821 1.4417
46432.67139 1.3179
46432.67236 1.3180
46432.67334 1.3088
46438.60327 1.2760
46438.60425 1.2687
46438.60498 1.2834
46639.95654 1.3856
46639.95728 1.3775
46639.95776 1.3912
46654.00366 1.3505
46654.00464 1.3796
46654.00562 1.3555
46655.98608 1.3474
46655.98682 1.3692
46655.98755 1.3816
46658.94360 1.3626
46658.94434 1.3620
46658.94507 1.3265
46662.93726 1.4890
46662.93823 1.4738
46662.93896 1.4542
46664.93115 1.6661
46664.93188 1.6518
46664.93286 1.6141
46666.90820 1.4793
46666.90918 1.4989
46666.91016 1.4809
46671.89429 1.4502
46671.89600 1.4692
46671.89673 1.4548
46673.83252 1.4129
46673.83350 1.4506
46673.83423 1.4983
46676.88794 1.4550
46676.88867 1.4610
46676.88965 1.4551
46678.88721 1.4257
46678.88794 1.4383
46678.88892 1.4366
46682.89282 1.4307
46682.89355 1.4112
46682.89429 1.4623
46687.89014 1.4254
46687.89111 1.4309
46687.89209 1.4311
46689.88062 1.4026
46689.88135 1.4051
46689.88232 1.4021
46692.80078 1.4177
46692.80200 1.3841
46692.80322 1.3774
46703.78174 1.5293
46703.78247 1.5039
46703.78320 1.5071
46706.80103 1.4760
46706.80176 1.4632
46706.80249 1.5017
46711.81421 1.3261
46711.81494 1.3660
46711.81567 1.3299
46717.80859 1.3964
46717.80908 1.4077
46717.80981 1.4663
46719.77759 1.4213
46719.77856 1.4241
46719.77930 1.4114
46722.74854 1.4220
46722.74927 1.4450
46722.75024 1.4431
46724.76440 1.5265
46724.76514 1.5114
46724.76611 1.4952
46726.76465 1.5145
46726.76563 1.5018
46726.76636 1.5216
46728.75977 1.5099
46728.76074 1.4948
46728.76172 1.4689
46733.72119 1.4524
46733.72217 1.4484
46733.72339 1.4620
46737.73633 1.5515
46737.73730 1.5440
46737.73853 1.5236
46739.71021 1.5230
46739.71118 1.4873
46739.71191 1.5178
46741.72290 1.5307
46741.72363 1.5586
46741.72461 1.5426
46744.72607 1.5246
46744.72681 1.5368
46744.72778 1.5241
46747.68848 1.5682
46747.68921 1.5813
46747.68994 1.5658
46749.65649 1.6204
46749.65771 1.5101
46749.65869 1.5718
46751.68433 1.6402
46751.68530 1.6459
46751.68628 1.6586
46754.68481 1.6238
46754.68579 1.6144
46754.68652 1.6060
46766.64600 1.5133
46766.64673 1.4862
46766.64795 1.4678
46772.63135 1.5037
46772.63232 1.4548
46772.63306 1.4234
46774.66162 1.5226
46774.66235 1.5515
46774.66309 1.5290
46777.63330 1.5979
46777.63403 1.6132
46777.63525 1.6216
46782.63281 1.6475
46782.63379 1.6626
46782.63452 1.6265
46785.65723 1.5478
46785.65845 1.5594
46785.65967 1.5379
46795.60132 1.6282
46795.60229 1.6729
46795.60303 1.6830
46970.97021 1.3805
46970.97095 1.3860
46970.97192 1.3930
47007.98755 1.6213
47007.98828 1.6378
47007.98901 1.5922
47007.98999 1.6559
47007.99072 1.6229
47007.99146 1.6276
47007.99414 1.6295
47007.99487 1.6105
47007.99561 1.6278
47007.99707 1.6142
47007.99780 1.6145
47007.99854 1.6221
47007.99927 1.5991
47008.00024 1.6260
47008.00098 1.6349
47008.94897 1.5992
47008.95020 1.5533
47008.95166 1.6011
47029.94165 1.4319
47029.94263 1.4417
47029.94360 1.4255
47032.97485 1.5828
47032.97583 1.5969
47032.97681 1.5547
47032.97754 1.5425
47032.97852 1.5628
47032.97949 1.5412
47032.98047 1.5909
47032.98145 1.5513
47035.95679 1.7472
47035.95752 1.7813
47035.95850 1.6973
47035.95923 1.7359
47035.95996 1.6928
47036.95801 1.6772
47036.95874 1.6369
47036.95947 1.7090
47036.96143 1.6599
47036.96167 1.6829
47036.96216 1.6248
47039.85278 1.7806
47039.85352 1.7660
47039.85449 1.7526
47041.93628 1.6593
47041.93701 1.6423
47041.93774 1.6872
47043.90210 1.7153
47043.90308 1.6647
47043.90430 1.7053
47046.90381 1.6753
47046.90454 1.5910
47046.90576 1.5865
47048.89233 1.5380
47048.89331 1.5719
47048.89429 1.5664
47050.89868 1.5571
47050.89966 1.5643
47050.90112 1.5727
47053.84570 1.6015
47053.84644 1.5562
47053.84717 1.5883
47055.85059 1.5105
47055.85156 1.5094
47055.85254 1.4821
47061.81567 1.6359
47061.81665 1.6953
47061.81787 1.6687
47066.88574 1.6823
47066.88672 1.6398
47066.88770 1.6403
47070.80078 1.5843
47070.80151 1.5816
47070.80249 1.5737
47073.79199 1.5759
47073.79297 1.6053
47073.79395 1.5868
47075.76392 1.5248
47075.76489 1.5436
47075.76587 1.5767
47078.79321 1.5227
47078.79395 1.5202
47078.79565 1.5282
47084.80566 1.5352
47084.80615 1.5126
47084.80713 1.4929
47087.78076 1.5618
47087.78198 1.5470
47087.78320 1.5810
47107.72852 1.6670
47107.72925 1.6698
47107.72998 1.6516
47110.76758 1.6242
47110.76831 1.6382
47110.76929 1.6188
47110.77002 1.5888
47110.77100 1.5987
47116.71533 1.6097
47116.71655 1.6138
47116.71753 1.6199
47119.74316 1.5384
47119.74414 1.5836
47119.74487 1.6046
47122.69727 1.5757
47122.69849 1.5395
47122.69922 1.6296
47124.70923 1.7009
47124.70996 1.6040
47124.71094 1.6400
47127.72241 1.5227
47127.72363 1.5200
47127.72485 1.5319
47129.70459 1.5370
47129.70557 1.5192
47129.70679 1.5003
47129.70825 1.5366
47129.70923 1.5014
47132.77710 1.5245
47132.77832 1.4882
47132.77930 1.4947
47137.74023 1.5041
47137.74121 1.5454
47137.74268 1.5469
47137.74390 1.5254
47137.74536 1.5482
47139.72998 1.6751
47139.73096 1.6095
47139.73218 1.6144
47139.73413 1.6172
47139.73511 1.6059
47139.73608 1.6019
47150.64282 1.5926
47150.64355 1.5705
47150.64429 1.5860
47157.70728 1.6082
47157.70850 1.6210
47157.70972 1.6205
47174.64136 1.6367
47174.64209 1.6277
47174.64307 1.6245
47387.97583 1.7548
47387.97729 1.7164
47387.97876 1.6916
47389.97266 1.8793
47389.97412 1.8514
47389.97559 1.8580
47393.96851 1.5351
47393.97021 1.5534
47393.97192 1.5907
47395.95020 1.5084
47395.95166 1.4862
47395.95288 1.4655
47402.93945 1.4188
47402.94067 1.3930
47402.94189 1.4180
47423.88330 1.7239
47423.88428 1.6290
47423.88574 1.6096
47429.86572 1.5550
47429.86694 1.5545
47429.86816 1.5814
47434.88892 1.7018
47434.89014 1.6686
47434.89136 1.6786
47445.74976 1.6292
47445.75073 1.5418
47445.75146 1.5797
47450.72510 1.4778
47450.72583 1.4784
47450.72705 1.4695
47454.79126 1.5429
47454.79248 1.5331
47454.79395 1.5676
47456.75586 1.4550
47456.75708 1.4430
47456.75830 1.4314
47458.73999 1.5383
47458.74121 1.5574
47458.74243 1.5381
47461.75366 1.6451
47461.75513 1.5846
47461.75635 1.5936
47465.79028 1.5971
47465.79150 1.5763
47465.79272 1.6259
47472.69775 1.7386
47472.69873 1.7176
47472.69971 1.6952
47485.71143 1.4823
47485.71289 1.4712
47485.71387 1.5168
47493.67749 1.6694
47493.67847 1.6454
47493.67920 1.6413
47497.68066 1.6836
47497.68164 1.7025
47497.68286 1.7185
47536.65234 1.5472
47536.65308 1.5574
47536.65381 1.5242
47735.97388 1.7033
47735.97510 1.7225
47735.97607 1.6858
47743.97656 1.8796
47743.97778 1.8650
47743.97876 1.8723
47750.99292 1.8311
47750.99390 1.8575
47750.99463 1.8016
47753.97534 1.9267
47753.97656 1.8871
47753.97803 1.9070
47760.96582 1.8600
47760.96680 1.8243
47760.96753 1.8617
47762.91821 1.7668
47762.91943 1.7377
47762.92041 1.7631
47774.91016 1.5086
47774.91162 1.5016
47774.91284 1.5443
47778.91406 1.5319
47778.91504 1.5565
47778.91626 1.4807
47781.89282 1.5400
47781.89404 1.5700
47781.89502 1.5306
47807.80029 1.8785
47807.80127 1.8408
47807.80273 1.8655
47815.75171 1.6843
47815.75293 1.6527
47815.75415 1.6857
47817.75269 1.6326
47817.75391 1.6713
47817.75488 1.6666
47819.74951 1.7037
47819.75098 1.6284
47819.75244 1.6369
47836.72119 1.6867
47836.72266 1.6739
47836.72388 1.6712
47842.71851 1.7694
47842.71948 1.7618
47842.72046 1.7840
47846.71582 1.9426
47846.71851 1.9222
47846.72192 1.9134
47850.67969 2.1017
47850.68091 2.0131
47850.68188 2.0695
47864.66699 1.8116
47864.66797 1.8030
47864.66919 1.7850
47867.66089 1.7534
47867.66235 1.7423
47867.66382 1.8522
47871.66089 1.6607
47871.66211 1.6573
47871.66309 1.6778
47877.64258 1.7359
47877.64380 1.7578
47877.64478 1.7633
48081.95801 1.8290
48081.95874 1.8262
48081.95972 1.8029
48124.92822 2.2901
48124.92969 2.2546
48124.93115 2.3010
48128.93164 2.1686
48128.93311 2.1418
48128.93457 2.1967
48131.94385 2.0580
48131.94531 2.0865
48131.94678 2.0027
48134.91943 1.9120
48134.92139 1.9175
48134.92285 1.9359
48136.92188 1.8994
48136.92383 1.8872
48136.92529 1.8816
48149.87842 1.5888
48149.87988 1.5659
48149.88135 1.5800
48153.87646 1.6989
48153.87793 1.7010
48153.87939 1.6998
48160.87744 1.6045
48160.87939 1.6541
48160.88232 1.6545
48166.79736 1.7229
48166.79883 1.7822
48166.80078 1.7456
48187.75146 1.9686
48187.75342 1.9768
48187.75488 1.9563
48193.77295 1.7963
48193.77393 1.8181
48193.77490 1.7942
48210.71094 1.4738
48210.71191 1.5299
48210.71289 1.5181
48219.67188 1.4976
48219.67285 1.5236
48219.67432 1.5083
48223.67334 1.6533
48223.67432 1.6559
48223.67529 1.6633
48227.65869 1.8447
48227.66016 1.8315
48227.66162 1.8071
48256.62695 1.5709
48256.62842 1.5844
48256.62939 1.5732
48457.99756 1.8648
48457.99805 1.8492
48457.99854 1.8498
48472.99219 1.5396
48472.99316 1.5546
48472.99414 1.5378
48474.95898 1.5397
48474.95996 1.5790
48474.96045 1.5630
48478.97363 1.4716
48478.97510 1.4695
48478.97607 1.4511
48492.93164 1.7359
48492.93262 1.7000
48492.93359 1.7044
48872.89795 1.9333
48872.89893 1.9541
48872.90039 1.9819
48875.82178 1.9756
48875.82324 1.9709
48875.82422 1.9466
48877.80176 1.9140
48877.80273 1.8908
48877.80420 1.9241
48880.80566 2.0030
48880.80664 2.0012
48880.80811 1.9979
48887.91406 1.8581
48887.91602 1.8216
48887.91748 1.8492
48901.83496 1.6121
48901.83643 1.6017
48901.83740 1.6033
48903.78906 1.5265
48903.79004 1.5253
48903.79150 1.5332
48906.78564 1.4994
48906.78662 1.5142
48906.78809 1.4883
48908.79883 1.6844
48908.80029 1.6783
48908.80127 1.6814
48912.78076 1.6456
48912.78223 1.6335
48912.78369 1.6044
48916.76855 1.7872
48916.77002 1.7852
48916.77100 1.7875
48934.75098 2.0044
48934.75195 1.9813
48934.75342 1.9802
48938.69336 2.0951
48938.69482 2.1413
48938.69629 2.1000
48939.70264 2.0585
48939.70410 2.0423
48939.70508 2.0596
48945.68164 1.9635
48945.68311 1.9652
48945.68457 1.9708
48949.73779 1.8578
48949.73926 1.8930
48949.74023 1.8907
48971.64795 1.9432
48971.64941 1.9734
48971.65039 1.9704
48976.62695 2.1096
48976.62793 2.1050
48976.62939 2.1120
48979.61816 2.0451
48979.61963 2.0427
48979.62109 2.0173
48999.60010 2.0512
48999.60107 2.0397
48999.60254 2.0631
49223.95459 1.8508
49223.95557 1.8611
49223.95703 1.8587
49227.93799 1.8340
49227.93896 1.8241
49227.94043 1.8122
49236.88721 1.5688
49236.88818 1.5579
49236.88965 1.5680
49238.88086 1.6401
49238.88184 1.5679
49238.88330 1.5996
49254.84424 1.8606
49254.84570 1.8596
49254.84717 1.8629
49265.80518 1.8786
49265.80615 1.8742
49265.80811 1.8668
49267.80420 1.8616
49267.80615 1.8442
49267.80762 1.8247
49270.77783 1.9070
49270.77930 1.8720
49270.78027 1.8518
49273.76123 1.9439
49273.76270 1.9258
49273.76367 1.9324
49280.76562 1.6945
49280.76758 1.6493
49280.76904 1.6940
49284.75342 1.5452
49284.75439 1.5295
49284.75586 1.4652
49296.74316 1.7160
49296.74463 1.7483
49296.74561 1.7437
49309.63867 1.9496
49309.64014 1.9365
49309.64160 1.9582
49311.61963 2.0315
49311.62109 2.0502
49311.62256 2.0525
49328.60254 1.8058
49328.60352 1.8169
49328.60498 1.8186
49331.59912 1.7545
49331.60010 1.7603
49331.60156 1.7511
49342.59961 1.7316
49342.60156 1.7221
49342.60303 1.7197
49573.88818 1.8519
49573.88965 1.8624
49573.89062 1.8560
49578.88428 1.9952
49578.88525 1.9687
49578.88623 1.9934
49580.90186 1.9405
49580.90283 1.9153
49580.90430 1.9426
49582.85059 1.9326
49582.85205 1.9383
49582.85303 1.9257
49589.80371 2.0816
49589.80518 2.0862
49589.80615 2.0973
49599.85449 1.6816
49599.85596 1.7006
49599.85693 1.6750
49600.85547 1.7869
49600.85693 1.7588
49600.85791 1.8635
49602.82178 1.6649
49602.82275 1.6680
49602.82422 1.6702
49606.82471 1.6803
49606.82568 1.6859
49606.82666 1.6676
49609.78271 1.7609
49609.78418 1.7664
49609.78516 1.7661
49611.84082 1.9960
49611.84229 1.9947
49611.84326 2.0171
49614.77539 1.7809
49614.77686 1.7765
49614.77783 1.7834
49616.80566 1.8147
49616.80664 1.8068
49616.80762 1.7884
49620.79590 1.7844
49620.79736 1.7904
49620.79834 1.7641
49622.78271 1.6883
49622.78369 1.6917
49622.78467 1.7504
49627.76367 1.9250
49627.76465 1.8788
49627.76562 1.8902
49633.76660 2.2034
49633.76758 2.2052
49633.76904 2.2124
49635.78467 2.1592
49635.78613 2.1514
49635.78711 2.1489
49637.73242 2.0304
49637.73389 2.0420
49637.73486 2.0585
49639.74268 1.9904
49639.74365 2.0201
49639.74512 2.0496
49643.73877 1.9775
49643.73975 1.9946
49643.74121 1.9975
49646.75879 1.8608
49646.76025 1.8819
49646.76123 1.8747
49651.70117 1.7361
49651.70215 1.7368
49651.70361 1.7307
49653.70703 1.7769
49653.70801 1.7586
49653.70947 1.7565
49656.71094 1.8658
49656.71240 1.8601
49656.71338 1.8632
49657.69824 1.8252
49657.69922 1.8076
49657.70068 1.8237
49661.67285 1.8241
49661.67432 1.7915
49661.67529 1.8087
49670.70068 1.9328
49670.70166 1.9669
49670.70312 1.9504
49677.70703 1.9261
49677.70850 1.9169
49677.70947 1.9256
49687.62402 2.2300
49687.62549 2.2388
49687.62646 2.1991
49689.61328 2.2686
49689.61475 2.2719
49689.61572 2.2893
49694.60742 2.0426
49694.60840 2.0353
49694.60986 2.0232
49696.59717 2.1886
49696.59814 2.1807
49696.59961 2.1932
49704.62305 1.7393
49704.62402 1.7424
49704.62500 1.7239
