2444208.80000 0.1083
2446278.94360 0.2186
2446278.94434 0.2243
2446278.94482 0.2286
2446338.81177 0.2196
2446338.81274 0.2196
2446338.81348 0.2207
2446352.79443 0.2249
2446352.79541 0.2213
2446352.79663 0.2214
2446397.72168 0.2170
2446397.72266 0.2194
2446397.72314 0.2215
2446413.62744 0.2279
2446413.62817 0.2209
2446413.62891 0.2232
2446653.92578 0.2221
2446653.92676 0.2179
2446653.92773 0.2128
2446717.80127 0.2229
2446717.80200 0.2196
2446717.80298 0.2216
2446777.61304 0.2281
2446777.61377 0.2225
2446777.61475 0.2187
2447031.86108 0.2160
2447031.86206 0.2184
2447031.86279 0.2161
2447112.70581 0.2217
2447112.70679 0.2259
2447112.70776 0.2251
2447171.62085 0.2276
2447171.62183 0.2418
2447171.62280 0.2462
2447387.96069 0.2298
2447387.96191 0.2270
2447387.96289 0.2231
2447445.76514 0.2329
2447445.76587 0.2207
2447445.76685 0.2278
2447474.68115 0.2240
2447474.68213 0.2287
2447474.68335 0.2251
2447496.62085 0.2232
2447496.62207 0.2207
2447496.62305 0.2229
2447542.60474 0.2225
2447542.60596 0.2239
2447542.60693 0.2237
2448492.92188 0.2333
2448492.92383 0.2368
2448492.92578 0.2372
