2446683.02246 0.5494
2446683.02417 0.5703
2446683.02612 0.5729
2446743.88477 0.5681
2446743.88623 0.5690
2446743.88794 0.5842
2446805.69946 0.5927
2446805.70288 0.5970
2446805.70630 0.5699
2447037.01172 0.5439
2447037.01270 0.5400
2447037.01392 0.5535
2447046.99146 0.5502
2447046.99243 0.5490
2447046.99316 0.5438
2447084.92798 0.5828
2447084.92896 0.5854
2447084.93018 0.5630
2447115.90967 0.5787
2447115.91064 0.5676
2447115.91162 0.5824
2447149.76660 0.5469
2447149.76782 0.5582
2447149.76953 0.5439
2447171.75806 0.5673
2447171.76099 0.5699
2447171.76636 0.5781
2447203.65820 0.5819
2447203.65942 0.5811
2447203.66040 0.5859
2447481.87622 0.5642
2447481.87744 0.5485
2447481.87842 0.5784
2447546.69800 0.5543
2447546.69946 0.5513
2447546.70068 0.5393
2447578.62817 0.5500
2447578.62964 0.5547
2447578.63086 0.5370
2447872.73486 0.5776
2447872.73584 0.5820
2447872.73706 0.5666
