44192.80000 0.1775
44465.01001 0.1737
44465.01099 0.1826
44465.01099 0.1929
44467.97699 0.1740
44467.97800 0.1640
44467.97900 0.1616
44469.00699 0.1711
44469.00800 0.1796
44469.00800 0.1819
44469.97299 0.1644
44469.97400 0.1695
44469.97501 0.1681
44472.99701 0.1628
44472.99701 0.1582
44472.99799 0.1609
44474.01901 0.1651
44474.01999 0.1660
44474.02100 0.1702
44474.97501 0.1708
44474.97601 0.1676
44474.97699 0.1713
44476.00500 0.1633
44476.00601 0.1683
44476.00699 0.1611
44478.96399 0.1538
44478.96500 0.1524
44478.96500 0.1612
44479.97601 2.4999
44479.97601 2.4959
44479.97800 0.1638
44479.97900 0.1633
44479.97900 0.1680
44480.97501 0.1641
44480.97699 0.1607
44480.97699 0.1695
44481.96899 0.1602
44481.97000 0.1688
44481.97101 0.1641
44482.97101 0.1778
44482.97198 0.1778
44482.97299 0.1737
44484.94299 0.1633
44484.94400 0.1614
44484.94501 0.1591
44485.93701 0.1604
44485.93799 0.1599
44485.93900 0.1595
44486.93900 0.1850
44486.94000 0.1818
44486.94199 0.1936
44487.93799 0.1637
44487.93799 0.1676
44487.93900 0.1699
44489.95099 0.1804
44489.95200 0.1822
44489.95300 0.1733
44490.95300 0.1684
44490.95401 0.1679
44490.95499 0.1661
44492.94901 0.1669
44492.95001 0.1797
44492.95001 0.1753
44493.93399 0.1625
44493.93500 0.1661
44493.93500 0.1681
44494.94000 0.1633
44494.94101 0.1631
44494.94199 0.1651
44495.91699 0.1698
44495.91800 0.1822
44495.91800 0.1749
44496.98199 0.1934
44496.98199 0.1917
44496.98300 0.1892
44505.98300 0.1653
44505.98401 0.1637
44505.98499 0.1590
44506.96100 0.1679
44506.96201 0.1716
44506.96201 0.1720
44507.93701 0.1680
44507.93799 0.1707
44507.93900 0.1732
44508.94699 0.1736
44508.94800 0.1734
44508.94901 0.1752
44510.00299 0.1698
44510.00500 0.1636
44510.00500 0.1708
44510.90701 0.1734
44510.90799 0.1672
44510.90900 0.1709
44511.98499 0.1666
44511.98599 0.1636
44511.98700 0.1710
44512.94598 0.1737
44512.94800 0.1762
44512.94897 0.1737
44513.98798 0.1744
44513.98901 0.1771
44513.98999 0.1761
44514.99902 0.1705
44514.99902 0.1701
44514.99902 0.1696
44514.99902 0.1689
44515.00000 0.1656
44515.00000 0.1647
44516.00000 0.1773
44516.00098 0.1741
44516.00201 0.1751
44516.98102 0.1768
44516.98199 0.1780
44516.98297 0.1756
44517.98102 0.1804
44517.98199 0.1710
44517.98401 0.1834
44524.92401 0.1780
44524.92798 0.1832
44524.93201 0.1712
44525.95697 0.2144
44525.95801 0.2008
44525.96002 0.2061
44525.96100 0.2040
44547.89502 0.1733
44547.89600 0.1735
44547.89697 0.1784
44550.87299 0.1742
44550.87402 0.1759
44550.87500 0.1764
44564.82599 0.1669
44564.82703 0.1664
44564.82800 0.1620
44566.82300 0.1603
44566.82397 0.1635
44566.82501 0.1633
44606.72498 0.1671
44606.72601 0.1706
44606.72699 0.1681
44639.66998 0.1663
44639.67200 0.1673
44639.67297 0.1683
45558.97600 0.3903
45558.97700 0.3823
45558.97700 0.3717
45581.94300 0.3928
45581.94300 0.3935
45581.94400 0.3863
45584.93800 0.3918
45584.93800 0.3910
45584.93900 0.3788
45591.90800 0.3817
45591.90900 0.3878
45591.90900 0.3829
45620.95600 0.3802
45620.95700 0.3792
45620.95800 0.3689
45636.80500 0.3735
45636.80600 0.3725
45636.80700 0.3801
45657.76500 0.3895
45657.76600 0.3833
45657.76700 0.3842
45683.81700 0.3769
45683.81800 0.3890
45683.81900 0.3844
45687.78400 0.3904
45687.78400 0.3703
45687.78500 0.3846
45696.76700 0.3885
45696.77000 0.4024
45696.77200 0.3916
45723.72700 0.3758
45723.72900 0.3688
45723.73000 0.4094
45753.66800 0.3525
45753.66900 0.3611
45753.67000 0.3492
45919.00671 0.4255
45919.00732 0.4239
45919.00806 0.4225
45936.01526 0.4131
45936.01599 0.4204
45936.01672 0.3991
45944.01062 0.3894
45944.01135 0.3811
45944.01208 0.4211
45951.01709 0.4030
45951.01904 0.4047
45951.02112 0.4056
45958.95947 0.3988
45958.96167 0.4003
45958.96362 0.4056
45966.02075 0.2034
45966.02173 0.2001
45966.02258 0.2018
45982.95203 0.3791
45982.95313 0.3803
45982.95410 0.3827
45989.97571 0.3923
45989.97778 0.3889
45989.98022 0.3849
46019.84448 0.3885
46019.84534 0.4065
46019.84607 0.3820
46036.83777 0.4131
46036.83899 0.3919
46036.84009 0.3933
46049.77954 0.3898
46049.78149 0.3856
46049.78369 0.3883
46056.75073 0.3855
46056.75391 0.3865
46056.75684 0.3798
46064.74023 0.3839
46064.74146 0.3935
46064.74243 0.3869
46069.74561 0.4017
46069.74780 0.3960
46069.75024 0.3887
46085.03564 0.4220
46085.04565 0.4196
46085.05493 0.4179
46090.79810 0.4413
46090.80811 0.4370
46090.81812 0.4329
46109.64941 0.4149
46109.65088 0.4164
46109.65234 0.4188
46112.67627 0.4064
46112.67773 0.4119
46112.67944 0.4071
46121.65674 0.3923
46121.65796 0.3962
46121.65918 0.3981
46322.00757 0.3896
46322.00830 0.3882
46322.00903 0.3873
46328.97266 0.3916
46328.97314 0.3968
46328.97388 0.3839
46334.99756 0.3859
46334.99829 0.3935
46334.99878 0.3896
46349.94067 0.3958
46349.94165 0.3952
46349.94238 0.3966
46362.95142 0.4078
46362.95215 0.4078
46362.95313 0.4054
46365.92651 0.4058
46365.92749 0.4090
46365.92822 0.4060
46368.96411 0.3910
46368.96484 0.3899
46368.96558 0.3951
46372.95776 0.4046
46372.95850 0.4000
46372.95923 0.3967
46375.93408 0.3892
46375.93506 0.3925
46375.93604 0.3910
46383.89941 0.3840
46383.90063 0.3820
46383.90161 0.3969
46392.93018 0.3869
46392.93091 0.3854
46392.93164 0.3860
46409.89526 0.4106
46409.89600 0.4013
46409.89697 0.4080
46416.75684 0.4122
46416.75781 0.4175
46416.75854 0.4146
46419.87891 0.4084
46419.87988 0.4027
46419.88110 0.4145
46426.80322 0.4032
46426.80420 0.4027
46426.80493 0.4098
46439.76636 0.4025
46439.76709 0.4057
46439.76807 0.4011
46443.75049 0.4034
46443.75122 0.3938
46443.75220 0.4043
46448.74048 0.4032
46448.74146 0.4020
46448.74219 0.4059
46451.72607 0.4057
46451.72705 0.4004
46451.72778 0.4108
46455.68457 0.3923
46455.68530 0.3897
46455.68628 0.3980
46459.65942 0.3916
46459.66064 0.3974
46459.66187 0.3960
46463.70068 0.3941
46463.70166 0.4012
46463.70264 0.3967
46467.68555 0.4000
46467.68628 0.4050
46467.68701 0.3955
46471.64795 0.4093
46471.64868 0.3985
46471.64917 0.3930
46484.64526 0.4098
46484.64600 0.3986
46484.64697 0.4074
46487.67017 0.3960
46487.67090 0.3869
46487.67163 0.3973
46492.66162 0.3931
46492.66260 0.3862
46492.66333 0.3828
46665.95630 0.4146
46665.95703 0.3986
46665.95776 0.3968
46671.95850 0.3958
46671.95947 0.3925
46671.96021 0.3952
46678.98853 0.3937
46678.98926 0.4063
46678.98999 0.4035
46684.02466 0.3856
46684.02588 0.3990
46684.02686 0.3992
46689.02295 0.4082
46689.02368 0.3988
46689.02441 0.3919
46702.97803 0.3853
46702.97876 0.3913
46702.97949 0.3811
46707.95752 0.3869
46707.95996 0.3800
46707.96216 0.3884
46710.97168 0.3923
46710.97266 0.3894
46710.97681 0.3753
46715.95874 0.3829
46715.95996 0.3829
46715.96118 0.3965
46718.97095 0.3742
46718.97485 0.3689
46718.97778 0.3802
46722.96436 0.3802
46722.96509 0.3916
46722.96606 0.3841
46725.87866 0.3848
46725.88086 0.3783
46725.88354 0.4013
46739.89331 0.3902
46739.89453 0.3890
46739.89551 0.3871
46744.88965 0.3841
46744.89063 0.3960
46744.89136 0.3769
46747.88892 0.3805
46747.88965 0.3819
46747.89038 0.3747
46754.88208 0.4004
46754.88281 0.3996
46754.88379 0.3844
46765.81934 0.3786
46765.82031 0.3810
46765.82153 0.3815
46769.78247 0.3682
46769.78369 0.3830
46769.78516 0.3736
46772.78003 0.3762
46772.78198 0.3872
46772.78442 0.3814
46776.76709 0.3890
46776.76807 0.3829
46776.76880 0.3771
46779.78857 0.3855
46779.79102 0.3752
46779.80054 0.3749
46785.73682 0.3883
46785.73975 0.3933
46785.74219 0.3933
46791.72949 0.3732
46791.72998 0.3716
46791.73071 0.3690
46806.72144 0.3973
46806.72217 0.4065
46806.72314 0.4134
46810.74097 0.4066
46810.74243 0.4143
46810.74390 0.4150
46813.68311 0.4308
46813.68506 0.4156
46813.68652 0.4196
46817.72583 0.4068
46817.72705 0.4048
46817.72876 0.3969
46834.67456 0.3968
46834.67871 0.4186
46834.68262 0.4235
46839.65039 0.4103
46839.65308 0.4281
46839.65625 0.4187
46846.64160 0.4083
46846.64258 0.4077
46846.64380 0.3957
46857.63623 0.4084
46857.63721 0.3768
46857.63818 0.3849
47035.01416 0.3974
47035.01489 0.4011
47035.01563 0.3978
47039.00659 0.3992
47039.00732 0.3908
47039.00806 0.4023
47046.99805 0.3909
47046.99927 0.3930
47047.00000 0.3985
47055.97339 0.3899
47055.97412 0.3919
47055.97485 0.3929
47071.93091 0.3711
47071.93164 0.3743
47071.93262 0.3736
47076.98682 0.3817
47076.98779 0.3881
47076.98877 0.3896
47084.93530 0.3945
47084.93628 0.3895
47084.93750 0.3941
47087.96924 0.3810
47087.96973 0.3834
47087.97070 0.3806
47107.88550 0.3944
47107.88647 0.3966
47107.88721 0.3992
47115.91724 0.3966
47115.91821 0.4027
47115.91919 0.3940
47121.87231 0.3937
47121.87329 0.3951
47121.87427 0.3945
47124.88086 0.4071
47124.88159 0.4091
47124.88257 0.4136
47128.90747 0.3900
47128.90820 0.3961
47128.90918 0.3947
47131.84131 0.4011
47131.84229 0.3980
47131.84302 0.3949
47139.88770 0.3885
47139.88892 0.3918
47139.89014 0.3901
47148.73584 0.3980
47148.73730 0.3990
47148.73828 0.4014
47157.84131 0.4089
47157.84180 0.3976
47157.84326 0.4085
47157.84424 0.4010
47157.84521 0.4084
47167.70947 0.4003
47167.71045 0.3992
47167.71143 0.3992
47173.70117 0.3989
47173.70215 0.4045
47173.70313 0.3991
47181.73877 0.3877
47181.73999 0.3944
47181.74121 0.3973
47197.72217 0.3952
47197.72363 0.3921
47197.72485 0.3883
47202.73633 0.3870
47202.73779 0.3880
47202.73999 0.3819
47205.70190 0.4022
47205.70288 0.4007
47205.70410 0.4007
47212.66748 0.4037
47212.66846 0.4002
47212.66968 0.4008
47215.63354 0.4009
47215.63477 0.3832
47215.63599 0.3788
47227.63770 0.3851
47227.63867 0.3862
47227.63965 0.3864
47434.99658 0.3940
47434.99780 0.4059
47434.99878 0.4001
47449.90796 0.3705
47449.90894 0.3739
47449.90967 0.3805
47458.96167 0.3792
47458.96313 0.3767
47458.96460 0.3704
47466.91333 0.3636
47466.91431 0.3689
47466.91528 0.3658
47472.86792 0.3758
47472.86890 0.3709
47472.86987 0.3721
47484.90161 0.3798
47484.90308 0.3767
47484.90454 0.3840
47494.86719 0.4148
47494.86890 0.4145
47494.87085 0.4186
47497.80029 0.3860
47497.80176 0.3803
47497.80298 0.3832
47517.74414 0.3850
47517.74536 0.3915
47517.74683 0.3940
47525.76514 0.3756
47525.76636 0.3758
47525.76758 0.3787
47541.71313 1.1209
47541.71387 1.1384
47541.71484 1.1403
47555.70557 0.3885
47555.70679 0.3852
47555.70801 0.3903
47762.99976 0.3795
47763.00073 0.3804
47763.00195 0.3832
47768.00684 0.3876
47768.00781 0.3855
47768.00879 0.3843
47805.99756 0.3994
47805.99878 0.3908
47806.00000 0.3935
47815.99927 0.3850
47816.00024 0.3880
47816.00146 0.3918
47834.92163 0.3792
47834.92310 0.3765
47834.92456 0.3776
47838.88818 0.3795
47838.88940 0.3699
47838.89038 0.3761
47849.90723 0.3783
47849.90869 0.3841
47849.90991 0.3738
47863.80811 0.3808
47863.80933 0.3884
47863.81055 0.3869
47868.80151 0.3800
47868.80273 0.3851
47868.80396 0.3902
47873.80444 0.3875
47873.80566 0.3941
47873.80688 0.3864
47878.76367 0.3926
47878.76489 0.3886
47878.76611 0.3940
47882.82129 0.3933
47882.82251 0.3952
47882.82422 0.3914
47891.78735 0.4296
47891.78809 0.4053
47891.78906 0.3969
47891.79077 0.3954
47897.77759 0.4090
47897.77905 0.3985
47897.78027 0.4091
47901.70850 0.4024
47901.70923 0.4061
47901.71045 0.3991
47917.69336 0.3946
47917.69458 0.3891
47917.69580 0.3949
47931.64038 0.3907
47931.64160 0.3926
47931.64258 0.3859
47938.64282 0.3878
47938.64380 0.3908
47938.64502 0.3874
48187.91211 0.4315
48187.91309 0.4317
48187.91455 0.4269
48193.93994 0.4320
48193.94141 0.4282
48193.94238 0.4328
48224.86768 0.4362
48224.86914 0.4427
48224.87109 0.4479
48933.90527 0.4956
48933.90625 0.4913
48933.90771 0.4942
48938.87988 0.4979
48938.88135 0.5002
48938.88232 0.4930
48967.84033 0.5055
48967.84180 0.4912
48967.84277 0.4996
48971.82959 0.4960
48971.83105 0.5000
48971.83252 0.4917
48979.77881 0.4992
48979.78027 0.4890
48979.78174 0.4961
49010.72021 0.4862
49010.72217 0.4770
49010.72363 0.4821
49250.93311 0.5100
49250.93506 0.5118
49250.93652 0.5135
49297.88086 0.4880
49297.88281 0.4889
49297.88428 0.4861
49300.84521 0.4792
49300.84619 0.4851
49300.84766 0.4809
49310.82227 0.4978
49310.82324 0.4932
49310.82471 0.4995
49327.76221 0.5161
49327.76367 0.5178
49327.76562 0.5281
49331.78418 0.5104
49331.78564 0.5107
49331.78711 0.5093
49343.74805 0.5628
49343.74951 0.5696
49343.75049 0.5431
49359.72168 0.5123
49359.72314 0.5178
49359.72412 0.5180
49363.68701 0.5185
49363.68848 0.5241
49363.68994 0.5228
49368.71729 0.5252
49368.71875 0.5291
49368.72021 0.5196
49396.66309 0.5144
49396.66455 0.5166
49396.66602 0.5112
49633.93262 0.5306
49633.93359 0.5232
49633.93506 0.5280
49636.94189 0.5129
49636.94287 0.5052
49636.94434 0.5068
49643.90039 0.5427
49643.90137 0.5423
49643.90283 0.5245
49647.85156 0.5376
49647.85254 0.5308
49647.85400 0.5382
49660.85449 0.6756
49660.85547 0.6425
49660.85645 0.6210
49668.86816 0.5297
49668.86963 0.5316
49668.87061 0.5284
49694.83350 0.5306
49694.83447 0.5245
49694.83594 0.5369
49697.80957 0.7550
49697.81055 0.6923
49697.81152 0.6597
49702.83105 0.5299
49702.83252 0.5187
49702.83350 0.5191
49706.79053 0.5103
49706.79199 0.5192
49706.79297 0.5150
49730.71582 0.4945
49730.71680 0.4944
49730.71826 0.4828
49735.71582 0.4855
49735.71680 0.4893
49735.71826 0.5066
49753.68213 0.4901
49753.68359 0.4961
49753.68457 0.4946
49756.65527 0.5114
49756.65674 0.5220
49756.65771 0.5348
49766.65381 0.5258
49766.65527 0.5302
49766.65625 0.5208
49769.64648 0.5355
49769.64746 0.4936
49769.64893 0.5157
