44192.80000 0.1056
44207.80000 0.1034
45982.99036 0.2206
45982.99219 0.2154
45982.99426 0.2166
45989.96582 0.2267
45989.96826 0.2189
45989.97070 0.2187
45998.92175 0.2195
45998.92322 0.2159
45998.92444 0.2180
46007.93970 0.2216
46007.94067 0.2253
46007.94177 0.2172
46013.95044 0.2202
46013.95190 0.2177
46013.95337 0.2177
46019.84863 0.2219
46019.84973 0.2160
46019.85083 0.2212
46030.89148 0.2187
46030.89307 0.2168
46030.89478 0.2191
46065.75146 0.2184
46065.75317 0.2177
46065.75488 0.2163
46111.67627 0.2245
46111.67700 0.2234
46111.67773 0.2240
46339.94800 0.2162
46339.94849 0.2215
46339.94922 0.2173
46369.96436 0.2206
46369.96509 0.2275
46369.96582 0.2195
46372.92896 0.2151
46372.92969 0.2178
46372.93066 0.2152
46414.88647 0.2207
46414.88745 0.2184
46414.88818 0.2192
46442.73926 0.2148
46442.74023 0.2152
46442.74121 0.2168
46488.69116 0.2113
46488.69214 0.2120
46488.69287 0.2130
46519.64209 0.2141
46519.64551 0.2225
46519.65210 0.2226
46705.04224 0.2173
46705.04321 0.2133
46705.04419 0.2177
46745.91187 0.2130
46745.91260 0.2108
46745.91333 0.2156
46775.79150 0.2149
46775.79297 0.2253
46775.79443 0.2148
46812.72705 0.2221
46812.72949 0.2176
46812.73169 0.2138
46845.66284 0.2225
46845.66504 0.2198
46845.66748 0.2212
47078.98169 0.2156
47078.98267 0.2184
47078.98389 0.2186
47144.77393 0.2243
47144.77490 0.2211
47144.77612 0.2213
47206.63623 0.2168
47206.63696 0.2215
47206.63794 0.2208
47481.89258 0.2149
47481.89404 0.2170
47481.89526 0.2179
47546.73730 0.2153
47546.73877 0.2167
47546.74023 0.2126
47609.62866 0.2162
47609.63013 0.2207
47609.63159 0.2236
48939.84570 0.2350
48939.84717 0.2339
48939.84863 0.2324
48972.81934 0.2314
48972.82031 0.2346
48972.82178 0.2350
49298.86475 0.2299
49298.86572 0.2293
49298.86670 0.2293
49328.78711 0.2320
49328.78857 0.2313
49328.79004 0.2315
49360.70215 0.2298
49360.70312 0.2341
49360.70459 0.2306
49397.66113 0.2392
49397.66260 0.2335
49397.66357 0.2333
49636.95459 0.2402
49636.95557 0.2369
49636.95654 0.2372
49662.86377 0.2393
49662.86523 0.2362
49662.86621 0.2352
49695.80225 0.2364
49695.80371 0.2334
49695.80469 0.2345
49731.73193 0.2408
49731.73291 0.2383
49731.73438 0.2370
49754.68164 0.2389
49754.68262 0.2379
49754.68359 0.2370
