39390.80000 0.3176
39391.80000 0.3066
39422.80000 0.3159
39423.80000 0.3294
39515.80000 0.2953
39516.80000 0.3044
39787.80000 0.3049
39789.80000 0.3114
39817.80000 0.2953
39835.80000 0.3063
40107.80000 0.3005
40140.80000 0.2901
40169.80000 0.2871
40202.80000 0.2972
40223.80000 0.2836
40224.80000 0.2936
40252.80000 0.3030
40253.80000 0.2985
40254.80000 0.2891
40255.80000 0.2963
40498.80000 0.2967
40499.80000 0.2965
40519.80000 0.2925
40520.80000 0.2854
40557.80000 0.2982
40558.80000 0.3003
40572.80000 0.2962
40573.80000 0.2979
40574.80000 0.2981
40610.80000 0.3252
40611.80000 0.3178
40612.80000 0.3116
40843.80000 0.2855
40844.80000 0.2829
40845.80000 0.2814
40881.80000 0.2835
40910.80000 0.2753
40911.80000 0.2810
40912.80000 0.2763
40935.80000 0.2748
40960.80000 0.2667
40961.80000 0.2691
40962.80000 0.2680
41199.80000 0.3046
41202.80000 0.2998
41250.80000 0.2726
41262.80000 0.2698
41263.80000 0.2788
41264.80000 0.2775
41285.80000 0.2709
41286.80000 0.2731
41313.80000 0.2569
41314.80000 0.2683
41349.80000 0.2755
41589.80000 0.3069
41614.80000 0.2955
41615.80000 0.3109
41617.80000 0.2993
41618.80000 0.3019
41641.80000 0.3011
41642.80000 0.2894
41643.80000 0.2861
41644.80000 0.2889
41669.80000 0.2853
41671.80000 0.2789
41702.80000 0.2939
41703.80000 0.2859
41911.80000 0.3034
41943.80000 0.2900
41944.80000 0.2883
41959.80000 0.2879
41960.80000 0.2914
41961.80000 0.2911
42015.80000 0.3013
42016.80000 0.3074
42046.80000 0.2854
42061.80000 0.2898
42085.80000 0.3144
42086.80000 0.3135
42087.80000 0.3089
42329.80000 0.3104
42330.80000 0.3074
42331.80000 0.3059
42350.80000 0.3000
42380.80000 0.2886
42382.80000 0.3014
42431.80000 0.2880
42432.80000 0.2818
42438.80000 0.2703
42440.80000 0.3051
42467.80000 0.2813
42468.80000 0.2790
42469.80000 0.2849
42470.80000 0.2913
42675.80000 0.2965
42676.80000 0.2890
42678.80000 0.2988
42702.80000 0.2863
42731.80000 0.2838
42732.80000 0.2849
42765.80000 0.2854
42792.80000 0.2800
42793.80000 0.2878
42794.80000 0.2896
42820.80000 0.2769
42821.80000 0.2766
43061.80000 0.2803
43063.80000 0.2754
43110.80000 0.2688
43111.80000 0.2729
43112.80000 0.2753
43113.80000 0.2679
43146.80000 0.2800
43172.80000 0.2752
43173.80000 0.2752
43174.80000 0.2808
43175.80000 0.2760
43176.80000 0.2830
43780.80000 0.2716
43807.80000 0.2658
43824.80000 0.2849
43892.80000 0.2781
43898.80000 0.2777
44172.80000 0.2936
44190.80000 0.2909
44200.80000 0.2848
44201.80000 0.2859
44202.80000 0.2786
44203.80000 0.2908
44204.80000 0.2916
44205.80000 0.2874
44206.80000 0.2970
44208.80000 0.2905
44224.80000 0.2882
44260.80000 0.2844
44278.80000 0.2866
44447.00400 0.2696
44448.00000 0.2843
44448.00101 0.2887
44448.00201 0.2843
44448.98599 0.3019
44448.98801 0.3050
44448.98999 0.2877
44449.99500 0.2784
44449.99701 0.2784
44449.99799 0.2824
44451.98700 0.2702
44451.98901 0.2784
44451.98999 0.2849
44452.98401 0.2840
44452.98499 0.2801
44452.98700 0.2872
44453.97699 0.2806
44453.97800 0.2705
44453.97900 0.2838
44455.00699 0.2880
44455.00800 0.2948
44455.00900 0.2764
44458.97900 0.2960
44458.98001 0.2913
44458.98099 0.2908
44460.97101 0.2825
44460.97198 0.2925
44460.97299 0.2823
44462.01001 0.3011
44462.01099 0.3038
44462.01099 0.2963
44463.41699 0.1862
44463.41901 0.1309
44463.42001 0.1850
44464.00601 0.2919
44464.00699 0.2983
44464.00699 0.2788
44464.99500 0.2802
44464.99600 0.2906
44464.99799 0.2913
44465.99500 0.2996
44465.99600 0.2913
44465.99701 0.2848
44467.95801 0.2911
44468.93500 0.2815
44468.93600 0.2866
44468.93701 0.2812
44469.95401 0.2920
44469.95599 0.2880
44469.95700 0.2840
44472.98300 0.2807
44472.98401 0.2793
44472.98499 0.2850
44474.00299 0.2851
44474.00400 0.2800
44474.00500 0.2800
44474.95901 0.2879
44474.95999 0.2766
44474.96100 0.2830
44475.98901 0.2867
44475.98999 0.2869
44475.99100 0.2934
44478.97299 0.2929
44478.97299 0.2954
44478.97400 0.2865
44479.98599 0.2848
44479.98700 0.2878
44479.98801 0.2838
44480.98401 0.2860
44480.98499 0.2904
44480.98599 0.2913
44481.95901 0.2773
44481.95999 0.2881
44481.96100 0.2830
44482.98700 0.2836
44482.98801 0.2861
44482.98901 0.2924
44484.97101 0.2845
44484.97198 0.2884
44484.97299 0.2866
44485.96399 0.2777
44485.96500 0.2742
44485.96600 0.2833
44486.96600 0.2828
44486.96701 0.2841
44486.96799 0.2867
44487.96301 0.2780
44487.96399 0.2883
44487.96500 0.2851
44489.98300 0.2853
44489.98401 0.2907
44489.98499 0.2840
44490.98001 0.2927
44490.98099 0.2969
44490.98199 0.2980
44492.97900 0.2831
44492.98001 0.2858
44492.98099 0.2841
44493.96100 0.2792
44493.96201 0.2910
44493.96301 0.2920
44494.96701 0.2983
44494.96701 0.3052
44494.96799 0.2974
44495.94699 0.3078
44495.94800 0.3022
44495.94901 0.2951
44497.00900 0.2930
44497.01099 0.2859
44497.01199 0.2861
44505.99500 0.2785
44505.99600 0.2790
44505.99701 0.2795
44506.98401 0.2896
44506.98499 0.2956
44506.98499 0.3000
44507.96201 0.2973
44507.96301 0.2995
44507.96399 0.2973
44508.97101 0.2975
44508.97198 0.2909
44508.97299 0.2851
44510.02701 0.2894
44510.02802 0.2866
44510.03000 0.2960
44510.92899 0.2946
44510.92999 0.2919
44510.93100 0.2912
44512.01398 0.2933
44512.01501 0.2857
44512.01703 0.2908
44512.97803 0.2851
44512.97998 0.3046
44512.98199 0.2905
44514.01099 0.2898
44514.01202 0.2868
44514.01300 0.2906
44515.02002 0.2851
44515.02100 0.3004
44515.02197 0.3050
44516.02002 0.2952
44516.02100 0.2910
44516.02301 0.2920
44517.00299 0.2994
44517.00403 0.3064
44517.00500 0.2935
44518.00403 0.2947
44518.00598 0.2959
44518.00800 0.2934
44524.95203 0.2969
44524.95502 0.3112
44524.96002 0.3005
44525.97601 0.3012
44525.97699 0.3025
44525.97900 0.3017
44546.91803 0.2982
44546.91901 0.3002
44546.91998 0.3021
44548.88800 0.3149
44548.88898 0.3066
44548.89001 0.3056
44550.88800 0.3019
44550.88898 0.3065
44550.89001 0.2987
44564.82001 0.3034
44564.82098 0.2960
44564.82300 0.3006
44566.83899 0.3032
44566.84003 0.3081
44566.84100 0.3014
44606.74200 0.3066
44606.74298 0.3051
44606.74402 0.3004
44630.69397 0.3009
44630.69501 0.3031
44630.69702 0.3061
44638.72900 0.2932
44638.72998 0.3034
44638.73199 0.2997
44639.71600 0.2957
44639.71698 0.2915
44639.71899 0.2893
44640.67999 0.3029
44640.68201 0.2967
44640.68298 0.2942
44641.70001 0.2986
44641.70099 0.2962
44641.70203 0.3078
44657.65900 0.2931
44657.65997 0.2941
44657.66199 0.3000
44658.64398 0.2977
44658.64600 0.2907
44658.64697 0.2972
44659.66602 0.2925
44659.66699 0.2980
44659.66803 0.2967
44672.63800 0.2901
44672.64001 0.3007
44672.64301 0.2920
44868.95099 0.2890
44868.95300 0.2859
44868.95398 0.2865
44870.99500 0.2905
44870.99597 0.2843
44870.99701 0.3017
44872.00098 0.2844
44872.00299 0.2954
44872.00500 0.2903
44873.00000 0.2951
44873.00201 0.2876
44873.00403 0.2818
44874.94501 0.2881
44874.94598 0.2776
44874.94800 0.2878
44878.00000 0.2929
44878.00201 0.2798
44878.00403 0.2891
44880.96698 0.2766
44880.96899 0.2781
44880.97198 0.2817
44883.96100 0.2995
44883.96198 0.2896
44883.96301 0.2880
44886.94598 0.2804
44886.94800 0.2990
44886.95001 0.2886
44891.97699 0.2834
44891.97900 0.2800
44891.98102 0.2800
44892.96002 0.2841
44892.96198 0.2921
44892.96399 0.2877
44893.92401 0.2994
44893.92603 0.2992
44893.92798 0.3063
44894.93701 0.2904
44894.93903 0.2897
44894.94202 0.2929
44895.94202 0.2934
44895.94397 0.2954
44895.94598 0.2976
44896.92999 0.2884
44896.93201 0.2782
44896.93402 0.2878
44897.92902 0.2966
44897.92999 0.2860
44897.93201 0.2926
44898.96100 0.2815
44898.96198 0.2936
44898.96399 0.2807
44899.96399 0.2734
44899.96600 0.2790
44899.96802 0.2873
44900.98199 0.2819
44900.98401 0.2774
44900.98499 0.2830
44976.78003 0.3105
44976.78198 0.2819
44976.78497 0.3079
45217.98706 0.2622
45217.98901 0.2662
45217.98999 0.2683
45248.91797 0.2703
45248.92004 0.2585
45248.92200 0.2713
45277.90002 0.2869
45277.90198 0.2898
45277.90295 0.2848
45309.95203 0.2750
45309.95398 0.2812
45309.95605 0.2838
45317.90698 0.2836
45317.91003 0.2790
45317.91296 0.2755
45342.81006 0.2732
45342.81396 0.2776
45342.81702 0.2701
45349.75806 0.2619
45349.75903 0.2681
45349.76001 0.2667
45386.71802 0.2814
45386.71899 0.2862
45386.72095 0.2805
45564.00400 0.2942
45564.00500 0.2894
45564.00600 0.2938
45569.98300 0.2904
45569.98400 0.2831
45569.98600 0.2925
45573.00900 0.2879
45573.01000 0.2907
45573.01100 0.2912
45581.02200 0.3037
45581.02300 0.2939
45581.02400 0.2865
45589.97300 0.2831
45589.97400 0.2794
45589.97500 0.2866
45710.75900 0.2902
45710.76000 0.2984
45710.76100 0.2919
45715.72300 0.3014
45715.72400 0.2885
45715.72500 0.3002
45728.69800 0.2835
45728.69900 0.2879
45728.70100 0.2888
45750.67500 0.2773
45750.67700 0.2814
45750.68000 0.2904
45752.66000 0.2867
45752.66200 0.2745
45752.66400 0.2863
46019.86157 0.2964
46019.86328 0.2893
46019.86511 0.2802
46069.75610 0.2842
46069.76001 0.2844
46069.76367 0.2829
46086.77368 0.2870
46086.78613 0.2929
46086.79858 0.2934
46109.67871 0.2760
46109.68140 0.2877
46109.68408 0.2860
46112.69775 0.2800
46112.70142 0.2856
46112.70508 0.2815
46113.68604 0.2845
46113.68970 0.2758
46113.69434 0.2770
46120.69409 0.2890
46120.69751 0.2765
46120.70142 0.2695
46121.67114 0.2819
46121.67358 0.2710
46121.67603 0.2814
46123.63940 0.3997
46123.64282 0.3939
46123.64624 0.3967
46125.62720 0.2804
46125.63062 0.2857
46125.63428 0.2858
46328.98145 0.2904
46328.98218 0.2908
46328.98291 0.2764
46329.98340 0.2930
46329.98438 0.2904
46329.98511 0.2958
46331.01025 0.2921
46331.01123 0.2913
46331.01196 0.3005
46335.01099 0.2870
46335.01172 0.2847
46335.01270 0.2918
46338.95874 0.2883
46338.95947 0.2951
46338.96021 0.2844
46339.95752 0.2884
46339.95850 0.2957
46339.95923 0.2955
46340.90796 0.2930
46340.90869 0.2892
46340.90967 0.2864
46349.92993 0.2903
46349.93066 0.2986
46349.93164 0.2903
46354.95142 0.2868
46354.95215 0.2902
46354.95313 0.2910
46356.95605 0.2893
46356.95703 0.2857
46356.95776 0.2926
46357.96704 0.2927
46357.96802 0.2889
46357.96899 0.2938
46358.92163 0.2932
46358.92261 0.2890
46358.92358 0.2943
46361.96631 0.2870
46361.96753 0.2865
46361.96851 0.2882
46363.93506 0.2957
46363.93604 0.2920
46363.93701 0.2872
46364.96484 0.2869
46364.96582 0.2902
46364.96680 0.2961
46365.93701 0.2938
46365.93799 0.2924
46365.93872 0.2916
46367.94165 0.2856
46367.94238 0.2859
46367.94312 0.2903
46368.94434 0.2982
46368.94507 0.2949
46368.94604 0.2944
46370.96191 0.2881
46370.96265 0.2873
46370.96362 0.2793
46371.91895 0.2925
46371.91968 0.2893
46371.92065 0.2891
46372.94043 0.2845
46372.94116 0.2884
46372.94214 0.2849
46374.92139 0.2847
46374.92212 0.2773
46374.92310 0.2873
46375.92920 0.2797
46375.93042 0.2757
46375.93140 0.2808
46376.89111 0.2820
46376.89209 0.2821
46376.89307 0.2841
46384.94238 0.2824
46384.94336 0.2792
46384.94434 0.2707
46385.92334 0.2809
46385.92432 0.2901
46385.92505 0.2860
46387.92554 0.2723
46387.92676 0.2793
46387.92798 0.2752
46389.93652 0.2766
46389.93726 0.2755
46389.93823 0.2764
46391.88940 0.2777
46391.89038 0.2753
46391.89136 0.2817
46392.92285 0.2802
46392.92358 0.2815
46392.92456 0.2668
46403.91455 0.2810
46403.91553 0.2825
46403.91675 0.2852
46405.90308 0.2766
46405.90430 0.2770
46405.90527 0.2809
46409.79761 0.2787
46409.79858 0.2867
46409.79956 0.2902
46414.79980 0.2904
46414.80078 0.2909
46414.80176 0.2815
46415.79346 0.2819
46415.79443 0.2891
46415.79541 0.2811
46417.80591 0.2716
46417.80688 0.2877
46417.80762 0.2887
46418.79565 0.2853
46418.79639 0.2915
46418.79712 0.2798
46419.89624 0.2825
46419.89697 0.2831
46419.89795 0.2825
46420.81250 0.2798
46420.81323 0.2889
46420.81421 0.2892
46421.79395 0.2820
46421.79492 0.2809
46421.79565 0.2791
46426.83618 0.2794
46426.83691 0.2822
46426.83789 0.2858
46427.81177 0.2867
46427.81250 0.2840
46427.81348 0.2828
46437.76733 0.2898
46437.76929 0.2823
46437.77148 0.2781
46438.74097 0.2802
46438.74170 0.2887
46438.74243 0.2865
46441.75806 0.2915
46441.75903 0.2910
46441.76001 0.2866
46443.76416 0.2968
46443.76514 0.2829
46443.76587 0.2905
46447.69897 0.2899
46447.69995 0.2821
46447.70093 0.2787
46448.72705 0.2833
46448.72778 0.2787
46448.72852 0.2884
46450.76489 0.2817
46450.76587 0.2917
46450.76660 0.2803
46451.70264 0.2680
46451.70361 0.2868
46451.70459 0.2851
46455.67749 0.2809
46455.67822 0.2789
46455.67896 0.2808
46456.70044 0.2858
46456.70117 0.2744
46456.70190 0.2798
46457.73999 0.2759
46457.74072 0.2771
46457.74146 0.2829
46459.67212 0.2752
46459.67310 0.2796
46459.67407 0.2724
46463.73364 0.2726
46463.73462 0.2836
46463.73560 0.2845
46467.69873 0.2833
46467.69971 0.2825
46467.70068 0.2770
46470.70044 0.2754
46470.70190 0.2872
46470.70337 0.2795
46483.66333 0.2695
46483.66455 0.2791
46483.66602 0.2865
46484.67310 0.2824
46484.67480 0.2809
46484.67651 0.2813
46485.65308 0.2828
46485.65430 0.2886
46485.65552 0.2857
46487.67456 0.2752
46487.67529 0.2680
46487.67627 0.2768
46492.66724 0.2896
46492.66943 0.2791
46492.67163 0.2865
46493.65649 0.2891
46493.65771 0.2825
46493.65894 0.2745
46495.66968 0.2845
46495.67432 0.2771
46495.67578 0.2855
46496.61719 0.2798
46496.61865 0.2814
46496.62012 0.2857
46497.63501 0.2800
46497.63623 0.2829
46497.63721 0.2808
46687.02319 0.2698
46687.02466 0.2735
46687.02612 0.2705
46690.02856 0.2749
46690.03076 0.2595
46690.03271 0.2764
46692.02417 0.2664
46692.02563 0.2674
46692.02734 0.2672
46695.97876 0.2537
46695.98145 0.2508
46695.98315 0.2609
46707.01440 0.2588
46707.01685 0.2614
46707.01929 0.2736
46709.01563 0.2659
46709.01758 0.2498
46709.01978 0.2504
46710.00610 0.2638
46710.00781 0.2530
46710.00928 0.2562
46712.01196 0.2712
46712.01440 0.2611
46712.01636 0.2654
46712.96558 0.2674
46712.96729 0.2638
46712.96899 0.2544
46716.00073 0.2599
46716.00342 0.2647
46716.00659 0.2561
46717.00439 0.2635
46717.00586 0.2577
46717.00732 0.2627
46718.00269 0.2660
46718.00439 0.2691
46718.00586 0.2624
46719.98511 0.2656
46719.98706 0.2644
46719.98877 0.2720
46721.00513 0.2681
46721.00806 0.2612
46721.01074 0.2643
46722.94873 0.2709
46722.95068 0.2825
46722.95239 0.2712
46723.95190 0.2686
46723.95386 0.2674
46723.95581 0.2664
46725.91455 0.2728
46725.91650 0.2743
46725.91895 0.2610
46727.90039 0.2624
46727.90259 0.2665
46727.90527 0.2637
46728.96460 0.2514
46728.96655 0.2603
46728.96826 0.2708
46731.95410 0.3447
46731.95728 0.3444
46731.95972 0.3463
46733.96582 0.3066
46733.96973 0.2865
46733.97192 0.2751
46738.93921 0.2777
46738.94165 0.2603
46738.94385 0.2713
46740.91919 0.2830
46740.92090 0.2823
46740.92285 0.2713
46741.89648 0.2818
46741.90039 0.2757
46741.90405 0.2832
46743.95923 0.2679
46743.96118 0.2679
46743.96338 0.2767
46744.92432 0.2827
46744.92578 0.2977
46744.92700 0.2811
46746.94434 0.2785
46746.94604 0.2717
46746.94800 0.2814
46747.91919 0.2740
46747.92065 0.2771
46747.92212 0.2764
46748.94897 0.2769
46748.95117 0.2697
46748.95410 0.2742
46754.90869 0.2741
46754.91089 0.2787
46754.91309 0.2796
46755.91528 0.2752
46755.91675 0.2826
46755.91821 0.2849
46758.87866 0.2809
46758.88159 0.2751
46758.88525 0.2811
46759.83667 0.2892
46759.83887 0.2808
46759.84155 0.2798
46767.80811 0.2925
46767.80957 0.2831
46767.81079 0.2790
46773.81519 0.2745
46773.81714 0.2738
46773.81934 0.2804
46775.87793 0.2757
46775.88037 0.2953
46775.88281 0.2891
46777.81299 0.2665
46777.81494 0.2752
46777.81665 0.2781
46778.78540 0.2872
46778.78711 0.2852
46778.78882 0.2783
46781.87622 0.2835
46781.87842 0.2843
46781.88013 0.2787
46806.75952 0.2607
46806.76147 0.2689
46806.76416 0.2588
46807.73486 0.2859
46807.73657 0.2842
46807.73828 0.2788
46810.76636 0.2813
46810.76904 0.2806
46810.77222 0.2708
46828.70532 0.2727
46828.70728 0.2866
46828.70898 0.2670
46830.70264 0.2803
46830.70508 0.2807
46830.70776 0.2828
46843.68726 0.2853
46843.68921 0.2751
46843.69141 0.2865
46846.67456 0.2710
46846.67847 0.2652
46846.68262 0.2701
47053.99902 0.2667
47053.99976 0.2776
47054.00073 0.2643
47055.00610 0.2672
47055.00732 0.2618
47055.00903 0.2655
47055.98096 0.2633
47055.98193 0.2696
47055.98291 0.2735
47058.00830 0.2654
47058.00928 0.2650
47058.01025 0.2657
47061.00732 0.2626
47061.00854 0.2667
47061.00952 0.2765
47071.95752 0.2683
47071.95850 0.2552
47071.95972 0.2702
47074.01099 0.2680
47074.01172 0.2659
47074.01294 0.2603
47077.00537 0.2734
47077.00659 0.2757
47077.00781 0.2706
47077.99463 0.2755
47077.99561 0.2722
47077.99683 0.2666
47082.97852 0.3075
47082.97949 0.3010
47082.98047 0.3019
47083.95264 0.2789
47083.95337 0.2791
47083.95435 0.2768
47085.97314 0.2756
47085.97412 0.2771
47085.97485 0.2749
47087.98535 0.2807
47087.98633 0.2790
47087.98730 0.2738
47088.99365 0.2736
47088.99438 0.2707
47088.99536 0.2762
47106.96387 0.2669
47106.96509 0.2658
47106.96606 0.2657
47109.81812 0.2709
47109.81909 0.2730
47109.81982 0.2677
47110.88550 0.2684
47110.88647 0.2596
47110.88745 0.2618
47114.92505 0.2598
47114.92651 0.2612
47114.92798 0.2612
47118.95068 0.2780
47118.95166 0.2865
47118.95239 0.2771
47121.92358 0.2772
47121.92456 0.2715
47121.92529 0.2764
47122.89551 0.2827
47122.89673 0.2721
47122.89795 0.2792
47124.92358 0.2798
47124.92456 0.2769
47124.92554 0.2788
47125.89526 0.2818
47125.89746 0.2703
47125.89990 0.2775
47127.92944 0.2808
47127.93091 0.2793
47127.93213 0.2801
47128.93652 0.2801
47128.93750 0.2777
47128.93872 0.2796
47131.86060 0.2763
47131.86182 0.2746
47131.86279 0.2746
47132.87549 0.2762
47132.87646 0.2710
47132.87769 0.2733
47139.91699 0.2732
47139.91797 0.2734
47139.91919 0.2765
47140.84106 0.2817
47140.84180 0.2777
47140.84277 0.2811
47141.88818 0.2762
47141.89014 0.2779
47141.89185 0.2749
47148.75537 0.2768
47148.75659 0.2818
47148.75806 0.2789
47151.73999 0.2863
47151.74121 0.2813
47151.74219 0.2860
47157.85669 0.2751
47157.85791 0.2785
47157.85889 0.2813
47162.82959 0.2794
47162.83081 0.2793
47162.83203 0.2838
47166.78784 0.2757
47166.78906 0.2792
47166.79028 0.2720
47169.72778 0.2758
47169.72876 0.2907
47169.72998 0.2851
47173.73682 0.2763
47173.73804 0.2757
47173.73877 0.2812
47180.71753 0.2837
47180.71875 0.2710
47180.71997 0.2814
47184.73804 0.2728
47184.73901 0.2845
47184.73999 0.2746
47186.81738 0.2679
47186.81836 0.2782
47186.81958 0.2722
47194.75977 0.2743
47194.76074 0.2747
47194.76221 0.2631
47197.73950 0.2660
47197.74072 0.2710
47197.74219 0.2698
47199.73120 0.2686
47199.73218 0.2679
47199.73315 0.2643
47201.75195 0.2732
47201.75342 0.2629
47201.75464 0.2644
47203.67700 0.2660
47203.67798 0.2710
47203.67896 0.2726
47204.68262 0.2692
47204.68384 0.2625
47204.68481 0.2593
47205.72510 0.2692
47205.72632 0.2667
47205.72729 0.2677
47214.67334 0.2683
47214.67432 0.2681
47214.67529 0.2732
47216.64941 0.2614
47216.65039 0.2732
47216.65137 0.2762
47223.63745 0.2761
47223.63843 0.2761
47223.63965 0.2760
47224.61426 0.2890
47224.61523 0.2779
47224.61621 0.2828
47228.65503 0.2732
47228.65674 0.2687
47228.65869 0.2782
47229.67676 0.2652
47229.67798 0.2721
47229.67871 0.2767
47229.67993 0.2734
47421.00732 0.2751
47421.00854 0.2795
47421.00977 0.2711
47435.01367 0.2774
47435.01538 0.2686
47435.01685 0.2745
47438.97314 0.2818
47438.97461 0.2776
47438.97607 0.2760
47444.84717 0.2725
47444.84814 0.2775
47444.84912 0.2692
47444.85205 0.2739
47444.85278 0.2721
47444.85400 0.2658
47447.94629 0.2693
47447.94727 0.2803
47447.94824 0.2758
47449.93481 0.2721
47449.93604 0.2650
47449.93726 0.2770
47451.99512 0.2671
47451.99658 0.2653
47451.99805 0.2678
47455.95239 0.2695
47455.95386 0.2675
47455.95557 0.2712
47457.92017 0.2775
47457.92163 0.2702
47457.92310 0.2753
47459.95654 0.2592
47459.95825 0.2576
47459.95972 0.2614
47460.92944 0.2766
47460.93042 0.2703
47460.93164 0.2782
47462.97729 0.2722
47462.97900 0.2729
47462.98071 0.2710
47464.94995 0.2663
47464.95117 0.2702
47464.95288 0.2604
47465.91846 0.2715
47465.91992 0.2708
47465.92139 0.2681
47466.94287 0.2757
47466.94409 0.2735
47466.94556 0.2696
47469.93872 0.2817
47469.94019 0.2832
47469.94141 0.2796
47470.89331 0.2756
47470.89453 0.2727
47470.89575 0.2690
47471.87744 0.2762
47471.87842 0.2621
47471.87939 0.2719
47474.87329 0.2868
47474.87451 0.2856
47474.87573 0.2938
47475.85889 0.2772
47475.86035 0.2823
47475.86133 0.2844
47478.86719 0.2706
47478.86816 0.2829
47478.86914 0.2690
47480.88477 0.2912
47480.88599 0.2737
47480.88721 0.2723
47482.87085 0.2690
47482.87207 0.2755
47482.87354 0.2725
47485.88354 0.2785
47485.88501 0.2832
47485.88623 0.2862
47492.91138 0.2733
47492.91309 0.2757
47492.91479 0.2733
47494.89453 0.2635
47494.89697 0.2652
47494.89917 0.2638
47495.78857 0.2666
47495.79028 0.2745
47495.79199 0.2601
47496.82715 0.2713
47496.82861 0.2703
47496.83008 0.2675
47499.81934 0.2692
47499.82080 0.2613
47499.82202 0.2611
47500.80957 0.2563
47500.81030 0.2663
47500.81128 0.2664
47508.80493 0.2768
47508.80591 0.2749
47508.80664 0.2682
47509.78638 0.2760
47509.78735 0.2881
47509.78833 0.2720
47517.77686 0.2781
47517.77832 0.2711
47517.77954 0.2818
47525.79175 0.2817
47525.79346 0.2769
47525.79517 0.2760
47528.78052 0.2681
47528.78247 0.2655
47528.78442 0.2666
47537.72095 0.2637
47537.72363 0.2708
47537.72729 0.2710
47538.65796 0.2539
47538.66260 0.2809
47538.66797 0.2668
47539.72559 0.2578
47539.72803 0.2602
47539.73071 0.2615
47540.66602 0.2643
47540.66724 0.2626
47540.66870 0.2678
47542.73535 0.2791
47542.73633 0.2675
47542.73730 0.2686
47543.69897 0.2621
47543.70020 0.2649
47543.70166 0.2631
47544.72290 0.2600
47544.72437 0.2717
47544.72607 0.2544
47555.74121 0.2645
47555.74414 0.2597
47555.74707 0.2552
47558.70264 0.2603
47558.70410 0.2592
47558.70557 0.2642
47569.64453 0.2568
47569.64697 0.2639
47569.64966 0.2520
47570.70703 0.2627
47570.70923 0.2536
47570.71118 0.2577
47574.65674 0.2630
47574.65796 0.2609
47574.65918 0.2540
47808.01025 0.2813
47808.01147 0.2789
47808.01270 0.2814
47809.00977 0.2844
47809.01099 0.2751
47809.01221 0.2774
47818.98291 0.2824
47818.98389 0.2892
47818.98486 0.2771
47832.92212 0.2892
47832.92334 0.2952
47832.92456 0.2837
47836.92163 0.2811
47836.92285 0.2864
47836.92407 0.2827
47839.93628 0.2862
47839.93774 0.2827
47839.93921 0.2837
47845.93677 0.2836
47845.93848 0.2802
47845.93994 0.2796
47849.93799 0.2783
47849.93921 0.2757
47849.94043 0.2800
47862.87744 0.2774
47862.87842 0.2758
47862.87939 0.2835
47865.80322 0.2790
47865.80444 0.2876
47865.80542 0.2850
47872.86963 0.2847
47872.87158 0.2834
47872.87280 0.2864
47878.78101 0.2848
47878.78223 0.2840
47878.78345 0.2866
47895.75098 0.2802
47895.75244 0.2901
47895.75366 0.2894
47899.76758 0.2748
47899.76953 0.2761
47899.77393 0.2849
47901.74976 0.2873
47901.75122 0.2884
47901.75244 0.2890
47910.76270 0.2796
47910.76392 0.2781
47910.76514 0.2800
47912.71558 0.2872
47912.71680 0.2858
47912.71875 0.2906
47925.68872 0.2953
47925.68994 0.2888
47925.69116 0.2868
47931.65723 0.2938
47931.65845 0.2835
47931.65967 0.2810
47933.67822 0.2848
47933.67969 0.2847
47933.68115 0.2865
47935.71191 0.2823
47935.71362 0.2949
47935.71509 0.2866
47938.68188 0.2885
47938.68311 0.2888
47938.68457 0.2792
47942.69019 0.2875
47942.69141 0.2899
47942.69287 0.2824
47956.62061 0.2768
47956.62231 0.2752
47956.62378 0.2805
48121.99268 0.2850
48121.99365 0.2879
48121.99512 0.2813
48167.97705 0.2919
48167.97803 0.2899
48167.97949 0.2911
48185.93262 0.2887
48185.93457 0.2879
48185.93604 0.2845
48187.94434 0.2906
48187.94580 0.2859
48187.94775 0.2839
48192.99951 0.2861
48193.00146 0.2924
48193.00342 0.2849
48194.96387 0.2866
48194.96533 0.2798
48194.96680 0.2861
48209.89648 0.2846
48209.89844 0.2816
48209.89990 0.2862
48213.88770 0.2871
48213.88916 0.2905
48213.89063 0.2878
48217.89697 0.2905
48217.89893 0.2923
48217.90088 0.2886
48219.88770 0.2847
48219.88916 0.2880
48219.89111 0.2890
48223.88574 0.2844
48223.88721 0.2886
48223.88818 0.2871
48226.87207 0.2817
48226.87354 0.2900
48226.87500 0.2861
48228.87500 0.2869
48228.87646 0.2937
48228.87842 0.2887
48242.78857 0.3035
48242.79053 0.3034
48242.79248 0.3106
48252.76367 0.3016
48252.76514 0.3070
48252.76660 0.2981
48256.76123 0.3023
48256.76318 0.3015
48256.76514 0.3079
48267.73828 0.3012
48267.74023 0.3073
48267.74170 0.3035
48270.71680 0.3054
48270.71826 0.3008
48270.71973 0.2973
48275.73975 0.3079
48275.74121 0.2919
48275.74219 0.3031
48278.70898 0.3014
48278.71094 0.3029
48278.71289 0.3058
48280.73047 0.2969
48280.73145 0.2921
48280.73291 0.2869
48281.75635 0.2816
48281.75781 0.2886
48281.75928 0.2884
48283.72754 0.2952
48283.72949 0.2950
48283.73145 0.2967
48285.73047 0.2880
48285.73291 0.2867
48285.73535 0.2901
48297.67871 0.2943
48297.67969 0.3053
48297.68115 0.2958
48300.67578 0.2912
48300.67773 0.2937
48300.67969 0.2879
48301.69238 0.2886
48301.69385 0.2931
48301.69531 0.2933
48308.68262 0.3030
48308.68457 0.2977
48308.68701 0.2860
48309.63477 0.2976
48309.63770 0.2943
48309.64014 0.2948
48311.67188 0.2990
48311.67383 0.2997
48311.67529 0.2923
48637.70703 0.2946
48637.70850 0.2976
48637.71045 0.3041
48641.79102 0.3035
48641.79248 0.3079
48641.79443 0.3000
48642.70703 0.3184
48642.70801 0.3118
48642.70947 0.3177
48644.68994 0.3105
48644.69189 0.3086
48644.69385 0.3128
48645.71289 0.3089
48645.71484 0.2999
48645.71680 0.3024
48647.71045 0.3078
48647.71191 0.2976
48647.71387 0.3031
48648.70508 0.2961
48648.70752 0.3029
48648.70947 0.2986
48651.76758 0.2945
48651.76953 0.3102
48651.77197 0.3008
48652.71582 0.3109
48652.71826 0.3057
48652.72021 0.3026
48654.80469 0.3053
48657.66211 0.3075
48657.66357 0.3071
48657.66504 0.3004
48695.64795 0.2976
48695.65088 0.2996
48695.65381 0.2970
48911.99805 0.2868
48911.99951 0.2864
48912.00098 0.2839
48912.97168 0.2915
48912.97314 0.2888
48912.97461 0.2862
48913.99316 0.2854
48913.99414 0.2807
48913.99512 0.2870
48914.98877 0.2936
48914.99023 0.2850
48914.99219 0.2881
48927.96240 0.2944
48927.96387 0.2875
48927.96533 0.2899
48928.95215 0.2829
48928.95361 0.2821
48928.95508 0.2815
48933.92725 0.2863
48933.92871 0.2746
48933.92969 0.2829
48938.90137 0.2812
48938.90283 0.2832
48938.90381 0.2912
48939.86084 0.2909
48939.86230 0.2851
48939.86328 0.2819
48940.91943 0.2760
48940.92090 0.2832
48940.92285 0.2812
48944.89746 0.2937
48944.89844 0.2917
48944.90039 0.2921
48945.90967 0.2826
48945.91113 0.2831
48945.91211 0.2910
48949.91602 0.2783
48949.91846 0.2756
48949.92188 0.2793
48956.80273 0.2868
48956.80469 0.2765
48956.80713 0.2835
48967.87061 0.2827
48967.87207 0.2821
48967.87305 0.2887
48971.86719 0.2835
48971.86865 0.2877
48971.87012 0.2969
48972.83643 0.2903
48972.83740 0.2951
48972.83887 0.2891
48976.83740 0.2872
48976.83936 0.2972
48976.84082 0.2963
48977.83740 0.2933
48977.83887 0.2921
48977.84082 0.2873
48979.81348 0.2974
48979.81494 0.2875
48979.81641 0.2948
48991.78906 0.2817
48991.79102 0.2804
48991.79248 0.2724
49011.73242 0.2886
49011.73389 0.2921
49011.73584 0.2805
49015.71973 0.2879
49015.72168 0.2890
49015.72314 0.2805
49019.71484 0.2841
49019.71680 0.2883
49019.71875 0.2841
49279.99707 0.2807
49279.99951 0.2842
49280.00244 0.2865
49280.96240 0.2847
49280.96387 0.2786
49280.96533 0.2944
49283.99707 0.2908
49283.99902 0.2884
49284.00098 0.2839
49294.95703 0.2854
49294.95898 0.2938
49294.96143 0.2760
49296.90332 0.2859
49296.90479 0.2869
49296.90576 0.2818
49297.90332 0.2789
49297.90479 0.2836
49297.90576 0.2894
49298.87402 0.2876
49298.87549 0.2966
49298.87646 0.2864
49299.86475 0.2889
49299.86572 0.2862
49299.86670 0.2955
49307.84814 0.2871
49307.84961 0.2897
49307.85107 0.2947
49309.84131 0.2882
49309.84277 0.2946
49309.84375 0.2913
49310.84766 0.2984
49310.84912 0.2900
49310.85059 0.2912
49311.82764 0.2847
49311.82910 0.2860
49311.83008 0.2821
49312.83301 0.2780
49312.83447 0.2829
49312.83643 0.2934
49318.80762 0.2953
49318.80908 0.2807
49318.81152 0.2833
49325.76953 0.2807
49325.77051 0.2749
49325.77148 0.2781
49326.78271 0.2847
49326.78467 0.2805
49326.78662 0.2876
49327.79443 0.2782
49327.79590 0.2732
49327.79736 0.2769
49329.77588 0.2846
49329.77734 0.2835
49329.77832 0.2831
49331.81396 0.2909
49331.81543 0.2851
49331.81689 0.2834
49332.79199 0.2830
49332.79297 0.2765
49332.79443 0.2776
49342.76758 0.2728
49342.76904 0.2682
49342.77002 0.2782
49343.76025 0.2720
49343.76221 0.2832
49343.76367 0.2741
49344.75879 0.2808
49344.76025 0.2812
49344.76172 0.2745
49349.74951 0.2865
49349.75098 0.2848
49349.75244 0.2829
49350.73389 0.2815
49350.73584 0.2744
49350.73779 0.2798
49353.75049 0.2801
49353.75195 0.2878
49353.75342 0.2828
49355.75391 0.2862
49355.75586 0.2828
49355.75732 0.2813
49359.74023 0.2892
49359.74219 0.2823
49359.74365 0.2876
49360.71777 0.2842
49360.71924 0.2784
49360.72021 0.2811
49361.72852 0.2842
49361.72998 0.2797
49361.73096 0.2825
49362.71777 0.2873
49362.71973 0.2825
49362.72119 0.2873
49365.72998 0.2918
49365.73145 0.2950
49365.73242 0.2996
49368.74805 0.2805
49368.74902 0.2824
49368.75049 0.2869
49370.69238 0.2920
49370.69434 0.2876
49370.69629 0.2858
49394.66846 0.2781
49394.66992 0.2848
49394.67139 0.2803
49396.68799 0.2887
49396.68945 0.2899
49396.69092 0.2874
49397.67871 0.2761
49397.68018 0.2873
49397.68164 0.2860
49636.96533 0.2672
49636.96582 0.2697
49636.96680 0.2852
49642.95459 0.2883
49642.95703 0.2855
49642.95947 0.2898
49644.93750 0.2870
49644.93994 0.2880
49644.94189 0.2843
49645.93408 0.2951
49645.93506 0.2987
49645.93652 0.2756
49646.89160 0.2903
49646.89307 0.2955
49646.89404 0.2912
49648.86572 0.2862
49648.86670 0.2887
49648.86768 0.2916
49651.91162 0.2817
49651.91260 0.2795
49651.91406 0.2876
49652.91602 0.2860
49652.91748 0.2937
49652.91846 0.2804
49653.89453 0.2768
49653.89600 0.2813
49653.89697 0.2855
49654.91113 0.2839
49654.91260 0.2857
49654.91357 0.2796
49655.91309 0.2784
49655.91406 0.2791
49655.91553 0.2877
49656.89941 0.2880
49656.90088 0.2927
49656.90186 0.2817
49657.89404 0.2846
49657.89502 0.2868
49657.89600 0.2942
49658.93213 0.2861
49658.93457 0.2818
49658.93701 0.2796
49661.93164 0.2799
49661.93262 0.2763
49661.93359 0.2802
49662.87305 0.2907
49662.87402 0.2838
49662.87549 0.2725
49668.88867 0.2902
49668.88965 0.2895
49668.89062 0.2802
49670.89355 0.2726
49670.89502 0.2773
49670.89600 0.2786
49676.87012 0.2803
49676.87109 0.2844
49676.87256 0.2867
49677.86475 0.2787
49677.86572 0.2870
49677.86719 0.2721
49679.85352 0.2817
49679.85449 0.2898
49679.85596 0.2850
49680.86377 0.2982
49680.86475 0.2825
49680.86621 0.2802
49689.81641 0.2818
49689.81738 0.2735
49689.81836 0.2789
49694.85498 0.2740
49694.85596 0.2665
49694.85693 0.2712
49695.82861 0.2720
49695.83008 0.2732
49695.83105 0.2740
49696.81201 0.2759
49696.81299 0.2747
49696.81445 0.2829
49702.78906 0.2780
49702.79004 0.2929
49702.79102 0.2759
49703.77344 0.2762
49703.77441 0.2758
49703.77588 0.2773
49704.80713 0.2855
49704.80811 0.2856
49704.80957 0.2927
49706.80713 0.2774
49706.80811 0.2756
49706.80957 0.2756
49707.78369 0.2744
49707.78467 0.2742
49707.78613 0.2784
49713.78516 0.2744
49713.78613 0.2637
49713.78760 0.2779
49716.77734 0.2810
49716.77832 0.2796
49716.77930 0.2752
49717.73340 0.2723
49717.73486 0.2777
49717.73584 0.2817
49719.77148 0.2668
49719.77246 0.2673
49719.77393 0.2773
49730.73486 0.2734
49730.73633 0.2721
49730.73730 0.2747
49731.74316 0.2722
49731.74414 0.2733
49731.74512 0.2742
49735.73828 0.2797
49735.73975 0.2636
49735.74072 0.2675
49736.72266 0.2650
49736.72363 0.2696
49736.72510 0.2745
49747.69922 0.2723
49747.70020 0.2723
49747.70166 0.2725
49750.70605 0.2667
49750.70752 0.2716
49750.70850 0.2724
49751.69043 0.2744
49751.69141 0.2832
49751.69287 0.2774
49752.69775 0.2731
49752.69873 0.2794
49752.69971 0.2759
49754.69873 0.2748
49754.69971 0.2771
49754.70068 0.2743
49755.69092 0.2673
49755.69287 0.2673
49755.69385 0.2667
49758.70654 0.2789
49758.70801 0.2641
49758.70947 0.2657
49759.68555 0.2795
49759.68701 0.2645
49759.68799 0.2705
49766.67773 0.2797
49766.67871 0.2659
49766.68018 0.2721
49767.64404 0.2887
49767.64502 0.2769
49767.64600 0.2719
49768.67676 0.2794
49768.67773 0.2779
49768.67920 0.2585
49771.65332 0.2613
49771.65479 0.2646
49771.65576 0.2746
49772.63525 0.2765
49772.63672 0.2786
49772.63770 0.2776
