45581.97300 0.3679
45581.97400 0.3784
45581.97400 0.3670
45584.96300 0.3639
45584.96400 0.3727
45584.96500 0.3755
45591.93200 0.3808
45591.93300 0.3806
45591.93400 0.3613
45620.96000 0.3634
45620.96100 0.3619
45620.96100 0.3598
45657.78900 0.3429
45657.79000 0.3433
45657.79100 0.3320
45683.82200 0.3498
45683.82300 0.3732
45683.82400 0.3592
45687.78900 0.3628
45687.79000 0.3602
45687.79100 0.3508
45710.77000 0.3938
45710.77000 0.3819
45710.77100 0.3803
45723.80300 0.3691
45723.80400 0.3680
45723.80600 0.3721
45983.99646 0.4183
45983.99792 0.4174
45983.99927 0.4172
45990.00330 0.4238
45990.00415 0.4149
45990.00500 0.4159
45998.94263 0.4055
45998.94434 0.4054
45998.94714 0.4110
46001.96790 0.3930
46001.96985 0.4067
46001.97180 0.4022
46019.93469 0.3600
46019.93542 0.3649
46019.93628 0.3640
46022.96387 0.3528
46022.96497 0.3488
46022.96582 0.3614
46028.88550 0.3494
46028.88672 0.3449
46028.88782 0.3493
46049.82031 0.3285
46049.82153 0.3365
46049.82300 0.3290
46056.79541 0.3329
46056.79834 0.3326
46056.80103 0.3303
46064.78955 0.3448
46064.79199 0.3386
46064.79419 0.3382
46069.79639 0.3402
46069.79810 0.3402
46069.79980 0.3406
46085.17847 0.3659
46085.19141 0.3571
46085.20435 0.3549
46097.86084 0.3599
46097.88135 0.3676
46097.90454 0.3640
46108.68384 0.3627
46108.68530 0.3664
46108.68677 0.3646
46111.65894 0.3677
46111.66089 0.3705
46111.66284 0.3626
46125.64478 0.3590
46125.64600 0.3715
46125.64771 0.3703
46338.99609 0.3282
46338.99683 0.3385
46338.99731 0.3299
46341.95239 0.3300
46341.95288 0.3333
46341.95361 0.3298
46348.93188 0.3425
46348.93286 0.3408
46348.93384 0.3339
46358.96680 0.3312
46358.96777 0.3407
46358.96875 0.3373
46363.94287 0.3428
46363.94360 0.3378
46363.94434 0.3475
46367.95874 0.3319
46367.95947 0.3371
46367.95996 0.3369
46371.92334 0.3342
46371.92407 0.3360
46371.92480 0.3392
46374.91138 0.3365
46374.91211 0.3351
46374.91309 0.3325
46385.79932 0.3390
46385.80054 0.3335
46385.80151 0.3360
46392.91260 0.3281
46392.91333 0.3246
46392.91431 0.3285
46403.91919 0.3308
46403.91992 0.3304
46403.92090 0.3304
46409.91064 0.3371
46409.91138 0.3387
46409.91211 0.3346
46416.79004 0.3429
46416.79102 0.3371
46416.79199 0.3390
46419.92529 0.3376
46419.92603 0.3341
46419.92700 0.3355
46427.83545 0.3322
46427.83618 0.3446
46427.83716 0.3440
46432.79956 0.3414
46432.80054 0.3235
46432.80127 0.3302
46437.72729 0.3296
46437.72827 0.3235
46437.72949 0.3260
46443.77417 0.3330
46443.77490 0.3337
46443.77563 0.3322
46449.73047 0.3196
46449.73120 0.3156
46449.73218 0.3184
46452.75635 0.3229
46452.75708 0.3229
46452.75781 0.3243
46456.72144 0.3265
46456.72217 0.3253
46456.72290 0.3270
46459.70264 0.3238
46459.70337 0.3320
46459.70410 0.3344
46467.72900 0.3350
46467.72998 0.3350
46467.73096 0.3350
46472.66797 0.3418
46472.66846 0.3401
46472.66919 0.3374
46486.67188 0.3490
46486.67261 0.3518
46486.67358 0.3432
46490.69019 0.3421
46490.69116 0.3474
46490.69189 0.3344
46494.70142 0.3475
46494.70239 0.3364
46494.70337 0.3426
46497.66284 0.3442
46497.66357 0.3330
46497.66455 0.3347
46665.96704 0.3488
46665.96777 0.3429
46665.96851 0.3390
46671.96777 0.3393
46671.96851 0.3344
46671.96924 0.3449
46703.02295 0.3193
46703.02368 0.3308
46703.02441 0.3275
46707.99609 0.3365
46707.99805 0.3499
46707.99951 0.3349
46710.99463 0.3225
46710.99561 0.3353
46710.99634 0.3436
46717.01270 0.3453
46717.01367 0.3375
46717.01465 0.3357
46721.96411 0.3579
46721.96582 0.3463
46721.96777 0.3411
46725.94922 0.3396
46725.95020 0.3416
46725.95117 0.3436
46728.97656 0.3307
46728.97754 0.3257
46728.97852 0.3467
46738.97144 0.3471
46738.97217 0.3528
46738.97290 0.3522
46741.90918 0.3406
46741.91064 0.3588
46741.91187 0.3545
46745.91919 0.3555
46745.92017 0.3478
46745.92114 0.3379
46748.95850 0.3483
46748.95923 0.3465
46748.95996 0.3482
46765.85571 0.3507
46765.85669 0.3426
46765.85767 0.3534
46772.87573 0.3525
46772.87720 0.3664
46772.87842 0.3580
46777.87549 0.3583
46777.87646 0.3555
46777.87720 0.3603
46793.81982 0.3508
46793.82129 0.3540
46793.82251 0.3639
46803.74829 0.3457
46803.74927 0.3392
46803.75024 0.3499
46807.75195 0.3356
46807.75269 0.3474
46807.75342 0.3437
46812.79053 0.3237
46812.79224 0.3335
46812.79419 0.3366
46816.75317 0.3309
46816.75464 0.3149
46816.75610 0.3367
46829.65552 0.3108
46829.65869 0.3123
46829.66016 0.3221
46834.69287 0.3101
46834.69385 0.3114
46834.69507 0.3022
46846.69312 0.3080
46846.69507 0.3029
46846.69727 0.3193
46882.64014 0.3385
46882.64185 0.3515
46882.64355 0.3371
47064.97876 0.3535
47064.97974 0.3519
47064.98071 0.3479
47073.98511 0.3459
47073.98608 0.3489
47073.98706 0.3448
47078.00220 0.3418
47078.00317 0.3525
47078.00391 0.3544
47084.97241 0.3469
47084.97339 0.3397
47084.97437 0.3464
47108.85791 0.3278
47108.85889 0.3287
47108.85962 0.3186
47121.90503 0.3052
47121.90576 0.3094
47121.90674 0.3046
47124.89648 0.3032
47124.89746 0.3127
47124.89844 0.3013
47127.94702 0.3044
47127.94800 0.3020
47127.94897 0.3027
47131.86694 0.3054
47131.86792 0.3014
47131.86865 0.3071
47140.85229 0.3074
47140.85327 0.3041
47140.85425 0.3048
47150.79028 0.3246
47150.79126 0.3236
47150.79224 0.3229
47162.85913 0.3371
47162.86035 0.3349
47162.86133 0.3367
47168.75659 0.3408
47168.75757 0.3365
47168.75879 0.3367
47175.71143 0.3335
47175.71240 0.3386
47175.71362 0.3396
47183.73682 0.3415
47183.73755 0.3455
47183.73853 0.3510
47196.73511 0.3495
47196.73584 0.3487
47196.73657 0.3464
47200.68945 0.3446
47200.69043 0.3413
47200.69141 0.3464
47203.70923 0.3488
47203.71021 0.3449
47203.71118 0.3490
47214.68091 0.3606
47214.68164 0.3665
47214.68262 0.3640
47227.70215 0.3635
47227.70313 0.3611
47227.70459 0.3639
47234.67090 0.3633
47234.67188 0.3611
47234.67285 0.3685
47445.97729 0.3895
47445.97803 0.3789
47445.97876 0.3791
47450.90967 0.3821
47450.91089 0.3863
47450.91211 0.3775
47457.92896 0.3753
47457.92993 0.3694
47457.93091 0.3697
47461.97876 0.3648
47461.97974 0.3701
47461.98071 0.3737
47471.88330 0.3515
47471.88428 0.3501
47471.88550 0.3417
47475.86987 0.3464
47475.87061 0.3546
47475.87158 0.3469
47482.90039 0.3512
47482.90161 0.3493
47482.90283 0.3493
47486.92017 0.3445
47486.92114 0.3549
47486.92212 0.3466
47494.90503 0.3491
47494.90649 0.3487
47494.90796 0.3508
47497.81421 0.3471
47497.81543 0.3547
47497.81641 0.3513
47508.81470 0.3506
47508.81592 0.3472
47508.81689 0.3470
47522.78271 0.3624
47522.78394 0.3652
47522.78540 0.3558
47540.68140 0.3718
47540.68237 0.3795
47540.68359 0.3740
47556.68237 0.3764
47556.68384 0.3942
47556.68555 0.3843
47585.64551 0.3906
47585.64673 0.3866
47585.64819 0.3912
47766.01831 0.3459
47766.01929 0.3468
47766.02026 0.3467
47827.97998 0.3802
47827.98145 0.3782
47827.98291 0.3822
47831.95117 0.3819
47831.95239 0.3866
47831.95361 0.3816
47839.94727 0.3787
47839.94824 0.3792
47839.94946 0.3767
47849.94922 0.3795
47849.95044 0.3809
47849.95166 0.3851
47865.86694 0.3956
47865.86792 0.3973
47865.86890 0.3972
47898.73462 0.3674
47898.73560 0.3702
47898.73657 0.3656
47902.73267 0.3578
47902.73389 0.3554
47902.73486 0.3558
47931.66797 0.3756
47931.66943 0.3777
47931.67065 0.3809
47934.65967 0.3898
47934.66113 0.3845
47934.66431 0.3805
48214.91260 0.3773
48214.91406 0.3755
48214.91553 0.3789
48580.90479 0.3250
48580.90625 0.3362
48580.90723 0.3359
48908.90967 0.3624
48908.91113 0.3679
48908.91260 0.3611
48933.93994 0.3885
48933.94092 0.3900
48933.94238 0.3922
48938.90723 0.3938
48938.90820 0.3949
48938.90967 0.3941
48972.84863 0.3897
48972.85010 0.3999
48972.85156 0.3933
49011.74023 0.4234
49011.74170 0.4223
49011.74268 0.4267
49250.94873 0.3888
49250.95068 0.3777
49250.95264 0.3906
49297.91357 0.4245
49297.91455 0.4252
49297.91602 0.4240
49300.85742 0.4267
49300.85889 0.4260
49300.86035 0.4276
49304.87744 0.4238
49304.87842 0.4200
49304.87988 0.4219
49327.80225 0.3888
49327.80371 0.3832
49327.80518 0.3854
49331.82129 0.3868
49331.82275 0.3846
49331.82373 0.3819
49342.77441 0.3780
49342.77588 0.3765
49342.77783 0.3848
49360.72949 0.3774
49360.73096 0.3879
49360.73242 0.3788
49363.73633 0.3757
49363.73828 0.3744
49363.73975 0.3749
49394.67578 0.4025
49394.67725 0.3935
49394.67871 0.4019
49397.69141 0.3944
49397.69238 0.3872
49397.69336 0.4006
49634.92480 0.3932
49634.92578 0.3975
49634.92725 0.3930
49646.90381 0.3939
49646.90479 0.4002
49646.90625 0.4049
49660.87988 0.3928
49660.88135 0.3974
49660.88281 0.4072
49668.89990 0.3935
49668.90137 0.3980
49668.90234 0.3903
49694.86475 0.4160
49694.86621 0.4177
49694.86719 0.4238
49697.83154 0.4160
49697.83301 0.4043
49697.83398 0.4229
49702.84766 0.4193
49702.84863 0.4188
49702.85010 0.4177
49708.77686 0.4106
49708.77783 0.4137
49708.77930 0.4072
49730.74023 0.3762
49730.74121 0.3842
49730.74219 0.3809
49735.74902 0.3823
49735.75049 0.3799
49735.75146 0.3812
49753.70166 0.3805
49753.70312 0.3735
49753.70410 0.3836
49767.66553 0.4047
49767.66699 0.3938
49767.66797 0.4022
49771.66553 0.3938
49771.66699 0.3955
49771.66797 0.3966
