45581.98600 0.4107
45581.98700 0.4194
45581.98900 0.4120
45584.95200 0.4117
45584.95300 0.4038
45584.95400 0.4095
45591.92100 0.4114
45591.92100 0.4082
45591.92200 0.4007
45636.82100 0.3871
45636.82200 0.3870
45636.82300 0.3822
45655.90800 0.3785
45655.90800 0.3727
45655.90900 0.3832
45657.82600 0.3744
45657.82800 0.3811
45657.82800 0.3778
45679.81800 0.3759
45679.81800 0.3830
45679.81900 0.3826
45684.73700 0.3699
45684.73800 0.3779
45684.73800 0.3762
45685.81800 0.3944
45685.81900 0.3824
45685.81900 0.4033
45696.79300 0.3899
45696.79400 0.3869
45696.79400 0.3920
45702.76600 0.4318
45702.76700 0.4430
45702.76800 0.4324
45709.77600 0.3903
45709.77700 0.3812
45709.77800 0.3946
45721.76500 0.3896
45721.76600 0.3781
45721.76700 0.3874
45727.80200 0.3820
45727.80300 0.3779
45727.80400 0.3832
45749.73000 0.3830
45749.73100 0.3828
45749.73200 0.3793
45754.71900 0.3641
45754.71900 0.3489
45754.72000 0.3798
45758.63200 0.3787
45758.63300 0.3824
45758.63400 0.3771
45763.71100 0.3675
45763.71200 0.3750
45763.71300 0.3739
45769.65906 0.3640
45769.66016 0.3648
45769.66101 0.3587
45772.72461 0.3615
45772.72522 0.3640
45772.72583 0.3677
45777.65100 0.3794
45777.65200 0.3585
45777.65400 0.3666
45782.62700 0.3656
45782.62800 0.3646
45782.62900 0.3717
45784.64392 0.3695
45784.64465 0.3733
45784.64526 0.3666
45787.64087 0.3634
45787.64136 0.3517
45787.64209 0.3475
45789.64200 0.3608
45789.64300 0.3683
45789.64500 0.3683
45958.00330 0.3597
45958.00415 0.3668
45958.00488 0.3654
45965.03540 0.3632
45965.03711 0.3635
45965.03882 0.3603
45971.98840 0.3569
45971.99023 0.3598
45971.99207 0.3562
45977.00745 0.3529
45977.00928 0.3570
45977.01086 0.3528
45981.98206 0.3582
45981.98291 0.3536
45981.98364 0.3546
45988.98523 0.3972
45988.98669 0.3684
45988.98828 0.3667
45995.97754 0.3579
45995.97852 0.3500
45995.97937 0.3579
45999.98108 0.3477
45999.98279 0.3559
45999.98450 0.3525
46002.95984 0.3669
46002.96057 0.3613
46002.96179 0.3711
46006.97681 0.3664
46006.97742 0.3656
46006.97803 0.3629
46013.97485 0.3653
46013.97607 0.3705
46013.97754 0.3755
46017.00049 0.3642
46017.00159 0.3601
46017.00281 0.3614
46019.98584 0.3671
46019.98706 0.3783
46019.98840 0.3641
46022.85596 0.3706
46022.85669 0.3755
46022.85742 0.3722
46027.92944 0.3552
46027.93054 0.3648
46027.93152 0.3604
46049.81177 0.3776
46049.81274 0.3738
46049.81372 0.3809
46056.78247 0.3739
46056.78369 0.3697
46056.78491 0.3678
46064.75952 0.3708
46064.76025 0.3751
46064.76123 0.3733
46083.77710 0.3769
46083.78442 0.3783
46083.79248 0.3764
46097.29956 0.3789
46097.31348 0.3725
46097.32837 0.3705
46105.38989 0.3602
46105.39160 0.3669
46105.39307 0.3638
46111.69922 0.3636
46111.70044 0.3595
46111.70142 0.3670
46116.71558 0.3711
46116.71729 0.3699
46116.71899 0.3762
46123.68628 0.3717
46123.68750 0.3768
46123.68872 0.3755
46129.69263 0.3772
46129.69482 0.3792
46129.69727 0.3730
46140.67236 0.3772
46140.67480 0.3761
46140.67651 0.3798
46156.63428 0.3662
46156.63599 0.3778
46156.63989 0.3745
46326.00439 0.3573
46326.00537 0.3591
46326.00635 0.3608
46328.99902 0.3540
46328.99976 0.3555
46329.00049 0.3550
46332.01465 0.3595
46332.01563 0.3563
46332.01611 0.3595
46339.96704 0.3543
46339.96802 0.3506
46339.96899 0.3491
46348.94897 0.3498
46348.94995 0.3506
46348.95068 0.3477
46354.97437 0.3485
46354.97534 0.3542
46354.97632 0.3385
46357.99170 0.3356
46357.99268 0.3355
46357.99365 0.3380
46361.99927 0.3435
46362.00024 0.3358
46362.00098 0.3360
46364.94556 0.3441
46364.94629 0.3453
46364.94702 0.3539
46368.95850 0.3412
46368.95947 0.3399
46368.96021 0.3468
46372.99316 0.3336
46372.99390 0.3309
46372.99487 0.3455
46375.95288 0.3349
46375.95386 0.3370
46375.95483 0.3428
46382.95532 0.3425
46382.95630 0.3338
46382.95728 0.3416
46385.94946 0.3239
46385.95044 0.3383
46385.95117 0.3410
46388.95557 0.3335
46388.95654 0.3402
46388.95752 0.3347
46391.93408 0.3448
46391.93506 0.3343
46391.93604 0.3358
46403.95605 0.3481
46403.95654 0.3410
46403.95728 0.3364
46407.89795 0.3398
46407.89917 0.3382
46407.89990 0.3462
46411.90332 0.3493
46411.90405 0.3522
46411.90479 0.3527
46414.90698 0.3537
46414.90796 0.3513
46414.90894 0.3520
46417.89404 0.3485
46417.89478 0.3555
46417.89551 0.3532
46420.91748 0.3434
46420.91846 0.3492
46420.91943 0.3376
46427.82935 0.3569
46427.83008 0.3578
46427.83105 0.3548
46432.79443 0.3459
46432.79517 0.3538
46432.79614 0.3490
46437.71313 0.3539
46437.71411 0.3580
46437.71533 0.3530
46441.80444 0.3551
46441.80542 0.3518
46441.80640 0.3634
46448.76831 0.3579
46448.76904 0.3624
46448.76978 0.3607
46451.76465 0.3569
46451.76563 0.3519
46451.76636 0.3554
46455.70361 0.3556
46455.70459 0.3537
46455.70557 0.3576
46459.74072 0.3600
46459.74146 0.3621
46459.74219 0.3568
46463.76660 0.3520
46463.76758 0.3637
46463.76831 0.3611
46467.72314 0.3586
46467.72388 0.3558
46467.72461 0.3629
46470.72827 0.3631
46470.72925 0.3606
46470.72998 0.3685
46484.70605 0.3582
46484.70703 0.3582
46484.70776 0.3567
46487.70337 0.3627
46487.70410 0.3619
46487.70483 0.3575
46491.67627 0.3652
46491.67700 0.3662
46491.67749 0.3603
46495.71924 0.3629
46495.72021 0.3596
46495.72095 0.3620
46517.65356 0.3610
46517.65430 0.3579
46517.65503 0.3584
46665.97998 0.3764
46665.98071 0.3779
46665.98169 0.3791
46671.98242 0.3637
46671.98291 0.3629
46671.98364 0.3637
46704.00366 0.3460
46704.00464 0.3552
46704.00537 0.3534
46710.03369 0.3452
46710.03442 0.3395
46710.03540 0.3440
46712.97461 0.3436
46712.97534 0.3447
46712.97632 0.3466
46719.01099 0.3470
46719.01196 0.3438
46719.01270 0.3469
46722.98364 0.3497
46722.98438 0.3461
46722.98535 0.3418
46725.93555 0.3467
46725.93628 0.3457
46725.93726 0.3379
46731.97363 0.3535
46731.97437 0.3544
46731.97510 0.3460
46736.95190 0.3601
46736.95288 0.3550
46736.95386 0.3547
46739.94092 0.3481
46739.94165 0.3492
46739.94263 0.3473
46742.94336 0.3419
46742.94409 0.3475
46742.94458 0.3579
46746.96460 0.3529
46746.96533 0.3529
46746.96631 0.3533
46754.92993 0.3513
46754.93091 0.3551
46754.93164 0.3585
46765.84180 0.3553
46765.84253 0.3518
46765.84326 0.3546
46769.87988 0.3595
46769.88086 0.3619
46769.88184 0.3582
46772.90503 0.3517
46772.90601 0.3541
46772.90674 0.3486
46776.80078 0.3498
46776.80151 0.3554
46776.80225 0.3548
46781.80786 0.3587
46781.80884 0.3551
46781.80957 0.3473
46785.76660 0.3495
46785.76733 0.3593
46785.76807 0.3662
46791.75952 0.3544
46791.76050 0.3508
46791.76123 0.3555
46798.76123 0.3565
46798.76196 0.3423
46798.76270 0.3516
46801.78320 0.3483
46801.78394 0.3448
46801.78467 0.3527
46804.74414 0.3463
46804.74561 0.3425
46804.74731 0.3503
46808.73291 0.3508
46808.73389 0.3410
46808.73438 0.3430
46812.75854 0.3350
46812.75952 0.3424
46812.76050 0.3358
46816.72656 0.3511
46816.72778 0.3505
46816.72852 0.3425
46827.69897 0.3374
46827.69971 0.3361
46827.70068 0.3396
46827.70142 0.3378
46827.70239 0.3412
46830.72290 0.3517
46830.72388 0.3405
46830.72461 0.3499
46839.69385 0.3390
46839.69458 0.3389
46839.69556 0.3440
46847.63501 0.3391
46847.63599 0.3305
46847.63672 0.3367
46857.66650 0.3370
46857.66724 0.3421
46857.66821 0.3281
46883.64917 0.3346
46883.64990 0.3490
46883.65088 0.3581
47055.99536 0.3616
47055.99634 0.3577
47055.99707 0.3587
47061.02710 0.3546
47061.02808 0.3518
47061.02905 0.3478
47071.97290 0.3557
47071.97388 0.3600
47071.97510 0.3631
47075.99707 0.3553
47075.99780 0.3639
47075.99927 0.3622
47083.97070 0.3630
47083.97168 0.3635
47083.97266 0.3647
47109.83789 0.3462
47109.83887 0.3485
47109.83984 0.3479
47114.94604 0.3526
47114.94702 0.3512
47114.94775 0.3495
47119.95581 0.3483
47119.95630 0.3404
47119.95703 0.3491
47122.91650 0.3510
47122.91748 0.3529
47122.91846 0.3551
47125.91895 0.3570
47125.91968 0.3559
47125.92041 0.3597
47129.90283 0.3622
47129.90356 0.3579
47129.90430 0.3525
47132.89697 0.3587
47132.89795 0.3528
47132.89893 0.3613
47140.86255 0.3530
47140.86353 0.3554
47140.86450 0.3552
47149.78979 0.3582
47149.79028 0.3545
47149.79126 0.3597
47164.71362 0.3592
47164.71509 0.3532
47164.71631 0.3505
47169.74463 0.3639
47169.74561 0.3635
47169.74658 0.3635
47174.79712 0.3589
47174.79810 0.3597
47174.79883 0.3614
47180.74121 0.3659
47180.74243 0.3722
47180.74365 0.3756
47194.81396 0.3786
47194.81519 0.3714
47194.81592 0.3760
47199.75488 0.3672
47199.75610 0.3668
47199.75732 0.3663
47204.70288 0.3712
47204.70386 0.3666
47204.70483 0.3698
47208.70972 0.3658
47208.71118 0.3595
47208.71240 0.3594
47212.70801 0.3674
47212.70923 0.3603
47212.71045 0.3691
47215.70752 0.3701
47215.70825 0.3721
47215.70898 0.3661
47224.64502 0.3640
47224.64600 0.3658
47224.64697 0.3645
47227.68115 0.3542
47227.68213 0.3522
47227.68286 0.3618
47234.69775 0.3590
47234.69873 0.3571
47234.69995 0.3579
47438.00781 0.3503
47438.00879 0.3522
47438.01001 0.3459
47446.93115 0.3553
47446.93188 0.3533
47446.93262 0.3606
47455.98022 0.3365
47455.98120 0.3366
47455.98242 0.3387
47460.95703 0.3421
47460.95825 0.3449
47460.95923 0.3373
47465.95166 0.3339
47465.95264 0.3437
47465.95361 0.3391
47472.89868 0.3365
47472.89966 0.3398
47472.90088 0.3355
47480.90430 0.3395
47480.90527 0.3413
47480.90625 0.3426
47484.93872 0.3340
47484.93970 0.3381
47484.94067 0.3361
47493.92310 0.3338
47493.92456 0.3307
47493.92554 0.3323
47496.77295 0.3360
47496.77393 0.3374
47496.77490 0.3367
47508.82446 0.3404
47508.82544 0.3410
47508.82666 0.3388
47517.80103 0.3406
47517.80200 0.3385
47517.80298 0.3415
47522.76807 0.3470
47522.76929 0.3464
47522.77026 0.3417
47529.77124 0.3367
47529.77246 0.3422
47529.77368 0.3424
47540.69141 0.3477
47540.69238 0.3458
47540.69336 0.3464
47554.70996 0.3527
47554.71094 0.3528
47554.71191 0.3563
47564.69629 0.3588
47564.69727 0.3635
47564.69824 0.3626
47579.66602 0.3489
47579.66724 0.3548
47579.66870 0.3531
47583.64478 0.3443
47583.64575 0.3436
47583.64673 0.3414
47586.64453 0.3464
47586.64600 0.3440
47586.64722 0.3406
47817.97778 0.3466
47817.97876 0.3477
47817.97998 0.3459
47827.94922 0.3548
47827.95068 0.3570
47827.95166 0.3503
47833.94775 0.3564
47833.94897 0.3603
47833.95020 0.3544
47838.92773 0.3555
47838.92896 0.3552
47838.93018 0.3590
47847.95068 0.3631
47847.95190 0.3655
47847.95288 0.3605
47860.82813 0.3748
47860.82959 0.3669
47860.83081 0.3677
47864.88843 0.3715
47864.88965 0.3695
47864.89087 0.3702
47869.88159 0.3703
47869.88257 0.3646
47869.88354 0.3701
47873.88428 0.3749
47873.88550 0.3749
47873.88672 0.3730
47881.78931 0.3608
47881.79053 0.3703
47881.79199 0.3684
47891.75024 0.3629
47891.75098 0.3641
47891.75171 0.3680
47895.78345 0.3543
47895.78491 0.3588
47895.78613 0.3558
47900.73999 0.3562
47900.74170 0.3558
47900.74316 0.3609
47916.71167 0.3597
47916.71265 0.3615
47916.71387 0.3564
47923.66919 0.3564
47923.67041 0.3635
47923.67163 0.3604
47932.70239 0.3568
47932.70337 0.3507
47932.70459 0.3577
47943.66284 0.3506
47943.66455 0.3493
47943.66699 0.3553
47946.67871 0.3579
47946.67993 0.3530
47946.68091 0.3580
47957.62793 0.3601
47957.62939 0.3628
47957.63062 0.3663
48148.01270 0.3869
48148.01367 0.3859
48148.01416 0.3908
48175.90137 0.3898
48175.90186 0.3853
48175.90283 0.3870
48178.99512 0.3883
48178.99609 0.3895
48178.99658 0.3899
48191.96582 0.3880
48191.96631 0.3822
48191.96729 0.3842
48211.92920 0.3834
48211.93018 0.3830
48211.93164 0.3794
48220.91504 0.3865
48220.91650 0.3920
48220.91797 0.3808
48243.77588 0.3997
48243.77734 0.3918
48243.77881 0.3964
48253.73193 0.3928
48253.73340 0.3989
48253.73438 0.3980
48269.72021 0.3973
48269.72119 0.4163
48269.72266 0.3995
48274.68457 0.4142
48274.68604 0.4090
48274.68750 0.4147
48284.69434 0.4038
48284.69580 0.4025
48284.69678 0.3988
48296.68457 0.4045
48296.68555 0.3993
48296.68604 0.3994
48306.64941 0.4001
48306.65088 0.4069
48306.65234 0.4107
48310.65527 0.4010
48310.65771 0.3986
48310.66016 0.4014
48576.85254 0.4139
48576.85400 0.4077
48576.85498 0.4040
48580.86572 0.4030
48580.86670 0.4010
48580.86768 0.4009
48597.79248 0.4038
48597.79395 0.4079
48597.79492 0.4029
48639.70117 0.4108
48639.70264 0.4101
48639.70410 0.4042
48657.68408 0.4118
48657.68555 0.4109
48657.68652 0.4171
48939.88379 0.4195
48939.88525 0.4171
48939.88623 0.4196
48941.88428 0.4181
48941.88574 0.4156
48941.88721 0.4198
48956.83691 0.4150
48956.83887 0.4189
48956.84033 0.4173
48967.89307 0.4129
48967.89404 0.4126
48967.89551 0.4132
48971.88525 0.4046
48971.88623 0.4071
48971.88770 0.4037
48975.81836 0.4060
48975.81934 0.4084
48975.82080 0.4037
48980.83643 0.3980
48980.83789 0.4043
48980.83936 0.4054
49010.74854 0.3900
49010.75000 0.3857
49010.75146 0.3846
49057.63379 0.3929
49057.63525 0.3992
49057.63672 0.4005
49296.92383 0.4470
49296.92480 0.4502
49296.92627 0.4499
49299.88086 0.4473
49299.88184 0.4561
49299.88281 0.4511
49325.78516 0.4639
49325.78613 0.4690
49325.78711 0.4609
49328.81543 0.4686
49328.81689 0.4662
49328.81836 0.4692
49332.81104 0.4575
49332.81250 0.4664
49332.81348 0.4638
49338.80518 0.4545
49338.80664 0.4585
49338.80811 0.4630
49344.76611 0.4479
49344.76758 0.4623
49344.76904 0.4544
49351.72559 0.4452
49351.72705 0.4458
49351.72852 0.4466
49360.73633 0.4229
49360.73730 0.4245
49360.73877 0.4239
49369.70166 0.4214
49369.70312 0.4234
49369.70459 0.4216
49395.67920 0.4092
49395.68066 0.4105
49395.68213 0.4093
49408.54297 0.5239
49408.54395 0.5206
49408.54541 0.5080
49647.87109 0.4205
49647.87256 0.4175
49647.87354 0.4196
49660.89160 0.4025
49660.89258 0.4128
49660.89355 0.4026
49668.91699 0.4212
49668.91846 0.4203
49668.91943 0.4200
49694.87695 0.4313
49694.87842 0.4335
49694.87939 0.4317
49697.85693 0.4275
49697.85791 0.4330
49697.85938 0.4359
49707.80908 0.4411
49707.81055 0.4348
49707.81152 0.4365
49723.80127 0.4525
49723.80273 0.4584
49723.80371 0.4514
49735.76221 0.4642
49735.76367 0.4659
49735.76465 0.4730
49753.71631 0.4577
49753.71729 0.4507
49753.71875 0.4504
49758.72217 0.4513
49758.72363 0.4536
49758.72461 0.4466
49767.67676 0.4399
49767.67773 0.4429
49767.67871 0.4360
49772.67627 0.4393
49772.67773 0.4412
49772.67871 0.4380
