2445581.99300 0.4246
2445581.99300 0.4039
2445581.99500 0.4257
2445584.95700 0.4238
2445584.95800 0.4173
2445584.95800 0.4269
2445591.92500 0.4344
2445591.92600 0.4252
2445591.92700 0.4459
2445620.98500 0.4461
2445620.98600 0.4356
2445620.98700 0.4473
2445657.77800 0.4478
2445657.78000 0.4560
2445657.78200 0.4669
2445683.82800 0.4752
2445683.82900 0.4750
2445683.82900 0.4877
2445685.80700 0.4682
2445685.80700 0.4701
2445685.80800 0.4622
2445711.71700 0.4593
2445711.71800 0.4514
2445711.71900 0.4715
2445722.76600 0.4349
2445722.76700 0.4377
2445722.76800 0.4369
2445784.66858 0.4661
2445784.66992 0.4701
2445784.67139 0.4824
2446046.78137 0.4479
2446046.78210 0.4459
2446046.78284 0.4490
2446065.82617 0.4350
2446065.82813 0.4276
2446065.83032 0.4360
2446111.70508 0.4247
2446111.70630 0.4198
2446111.70752 0.4454
2446329.00269 0.4460
2446329.00342 0.4422
2446329.00415 0.4539
2446340.96289 0.4648
2446340.96338 0.4611
2446340.96411 0.4646
2446372.98901 0.4436
2446372.98999 0.4554
2446372.99072 0.4509
2446413.91479 0.4306
2446413.91577 0.4396
2446413.91699 0.4381
2446442.76318 0.4383
2446442.76416 0.4292
2446442.76489 0.4241
2446486.68896 0.4310
2446486.68970 0.4222
2446486.69067 0.4271
2446517.63647 0.4295
2446517.63721 0.4340
2446517.63794 0.4358
2446665.98779 0.4659
2446665.98877 0.4703
2446665.98975 0.4600
2446686.02441 0.4494
2446686.02515 0.4425
2446686.02588 0.4521
2446696.00635 0.4466
2446696.00732 0.4490
2446696.00806 0.4489
2446709.02661 0.4356
2446709.02734 0.4437
2446709.02832 0.4339
2446724.98364 0.4434
2446724.98462 0.4466
2446724.98535 0.4356
2446738.99487 0.4209
2446738.99561 0.4287
2446738.99683 0.4266
2446754.94556 0.4266
2446754.94629 0.4221
2446754.94702 0.4294
2446769.89307 0.4255
2446769.89380 0.4212
2446769.89478 0.4236
2446785.77954 0.4099
2446785.78076 0.3997
2446785.78174 0.4059
2446801.79590 0.4255
2446801.79688 0.4330
2446801.79785 0.4279
2446813.75513 0.4322
2446813.75610 0.4410
2446813.75708 0.4307
2446829.66626 0.4212
2446829.66992 0.4242
2446829.67090 0.4342
2447053.98608 0.4514
2447053.98706 0.4550
2447053.98804 0.4564
2447071.98511 0.4451
2447071.98608 0.4424
2447071.98682 0.4490
2447109.84741 0.4528
2447109.84814 0.4467
2447109.84912 0.4513
2447122.93091 0.4451
2447122.93213 0.4509
2447122.93311 0.4483
2447140.87427 0.4428
2447140.87524 0.4365
2447140.87598 0.4307
2447167.73413 0.4422
2447167.73486 0.4347
2447167.73584 0.4461
2447195.77612 0.4278
2447195.77734 0.4291
2447195.77832 0.4243
2447205.74927 0.4509
2447205.75073 0.4468
2447205.75195 0.4459
2447224.66113 0.4685
2447224.66235 0.4561
2447224.66406 0.4735
2447437.99829 0.4257
2447437.99951 0.4272
2447438.00098 0.4262
2447452.00562 0.3949
2447452.00684 0.3971
2447452.00830 0.4005
2447482.91772 0.4193
2447482.91919 0.4223
2447482.92041 0.4180
2447495.83716 0.4309
2447495.83862 0.4228
2447495.84058 0.4282
2447498.81372 0.3974
2447498.81519 0.4076
2447498.81641 0.3999
2447525.80127 0.4339
2447525.80249 0.4330
2447525.80347 0.4290
2447540.70117 0.4320
2447540.70215 0.4330
2447540.70313 0.4274
2447555.75635 0.4350
2447555.75757 0.4295
2447555.75879 0.4302
2447818.00317 0.4512
2447818.00464 0.4487
2447818.00610 0.4538
2447835.94629 0.4466
2447835.94727 0.4535
2447835.94849 0.4513
2447868.87573 0.4601
2447868.87695 0.4621
2447868.87817 0.4604
2447898.74536 0.4428
2447898.74658 0.4416
2447898.74780 0.4398
2447932.72217 0.4469
2447932.72363 0.4545
2447932.72510 0.4442
2449059.62744 0.4858
2449059.62891 0.5001
2449059.62988 0.5018
2449298.88672 0.4972
2449298.88770 0.5044
2449298.88916 0.4916
2449327.81055 0.4940
2449327.81201 0.4824
2449327.81299 0.4968
2449344.77295 0.4904
2449344.77441 0.4860
2449344.77588 0.4923
2449361.74023 0.4796
2449361.74170 0.4743
2449361.74268 0.4765
2449396.69580 0.5001
2449396.69727 0.4995
2449396.69824 0.4864
2449647.88428 0.5295
2449647.88525 0.5354
2449647.88672 0.5310
2449662.87842 0.4965
2449662.87939 0.5148
2449662.88086 0.5093
2449683.88672 0.5179
2449683.88770 0.5115
2449683.88867 0.5119
2449695.84570 0.5070
2449695.84717 0.5137
2449695.84814 0.5122
2449736.73926 0.5023
2449736.74023 0.4939
2449736.74170 0.5026
2449754.71436 0.5298
2449754.71533 0.5224
2449754.71680 0.5151
2449768.68311 0.5226
2449768.68408 0.5254
2449768.68555 0.5156
2449793.65625 0.5355
2449793.65723 0.5308
2449793.65869 0.5236
