2446101.89453 0.1425
2446101.93335 0.1409
2446101.96777 0.1475
2446104.39453 0.1456
2446104.39722 0.1406
2446104.39966 0.1452
2446107.63354 0.1465
2446107.63599 0.1431
2446107.63818 0.1394
2448928.97461 0.1585
2448928.97607 0.1571
2448928.97803 0.1568
2448940.94336 0.1541
2448940.94482 0.1585
2448940.94629 0.1537
2448971.90332 0.1590
2448971.90527 0.1526
2448971.90723 0.1582
2448977.86279 0.1532
2448977.86426 0.1535
2448977.86572 0.1568
2448980.88232 0.1502
2448980.88428 0.1567
2448980.88623 0.1568
2449020.70703 0.1543
2449020.70850 0.1566
2449020.71045 0.1547
2449057.65771 0.1540
2449057.66016 0.1581
2449057.66260 0.1523
2449296.94580 0.1500
2449296.94727 0.1476
2449296.94873 0.1474
2449299.89697 0.1499
2449299.89795 0.1493
2449299.89893 0.1516
2449304.90381 0.1506
2449304.90527 0.1535
2449304.90674 0.1528
2449310.87500 0.1471
2449310.87695 0.1471
2449310.87891 0.1446
2449326.81641 0.1424
2449326.81836 0.1393
2449326.81982 0.1459
2449329.81055 0.1491
2449329.81201 0.1492
2449329.81348 0.1448
2449342.79980 0.1421
2449342.80176 0.1488
2449342.80322 0.1431
2449350.77051 0.1445
2449350.77295 0.1488
2449350.77490 0.1505
2449353.78174 0.1459
2449353.78369 0.1443
2449353.78516 0.1422
2449360.76562 0.1497
2449360.76709 0.1488
2449360.76807 0.1477
2449363.77734 0.3664
2449363.77881 0.3726
2449363.78076 0.3648
2449368.77100 0.3640
2449368.77295 0.3724
2449368.77441 0.3708
2449394.70361 0.1404
2449394.70508 0.1474
2449394.70654 0.1478
2449397.71875 0.1432
2449397.72070 0.1423
2449397.72217 0.1518
2449427.64453 0.1477
2449427.64551 0.1484
2449427.64648 0.1430
2449644.97314 0.1528
2449644.97412 0.1479
2449644.97559 0.1467
2449647.90527 0.1492
2449647.90674 0.1581
2449647.90820 0.1548
2449652.95361 0.1418
2449652.95508 0.1400
2449652.95605 0.1375
2449655.94141 0.1470
2449655.94238 0.1427
2449655.94336 0.1429
2449657.93359 0.1361
2449657.93457 0.1371
2449657.93604 0.1387
2449661.95264 0.1370
2449661.95361 0.1402
2449661.95508 0.1475
2449668.93896 0.1368
2449668.93994 0.1468
2449668.94092 0.1494
2449676.90381 0.1415
2449676.90479 0.1433
2449676.90576 0.1480
2449679.88916 0.1340
2449679.89062 0.1392
2449679.89160 0.1408
2449694.90186 0.1368
2449694.90332 0.1450
2449694.90479 0.1396
2449702.86475 0.1391
2449702.86621 0.1409
2449702.86719 0.1400
2449717.75830 0.1393
2449717.75928 0.1357
2449717.76025 0.1373
2449723.82471 0.1388
2449723.82617 0.1451
2449723.82715 0.1451
2449730.76025 0.1431
2449730.76123 0.1384
2449730.76270 0.1395
2449735.78076 0.1517
2449735.78320 0.1470
2449735.78564 0.1514
2449749.70898 0.1402
2449749.71045 0.1396
2449749.71143 0.1463
2449752.72266 0.1427
2449752.72363 0.1415
2449752.72510 0.1384
2449755.70459 0.1450
2449759.71582 0.1466
2449759.71729 0.1475
2449759.71924 0.1414
2449766.69873 0.1450
2449766.70068 0.1405
2449766.70215 0.1389
2449769.68066 0.1456
2449769.68213 0.1422
2449769.68359 0.1442
