2439786.80000 0.3164
2439787.80000 0.3275
2439789.80000 0.3214
2439817.80000 0.3101
2439834.80000 0.3249
2439835.80000 0.3261
2440140.80000 0.3303
2440168.80000 0.3392
2440169.80000 0.3139
2440170.80000 0.3187
2440201.80000 0.3327
2440223.80000 0.3260
2440252.80000 0.3269
2440253.80000 0.3088
2440254.80000 0.3231
2440255.80000 0.3373
2440497.80000 0.3218
2440498.80000 0.3296
2440499.80000 0.3312
2440519.80000 0.3278
2440520.80000 0.3187
2440558.80000 0.3342
2440572.80000 0.3225
2440574.80000 0.3114
2440610.80000 0.2973
2440611.80000 0.3056
2440612.80000 0.2920
2440613.80000 0.2965
2440845.80000 0.2940
2440881.80000 0.3098
2440910.80000 0.3202
2440911.80000 0.3220
2440912.80000 0.3091
2440935.80000 0.3163
2440960.80000 0.3122
2440961.80000 0.3241
2441202.80000 0.3306
2441249.80000 0.3160
2441250.80000 0.3041
2441262.80000 0.3016
2441263.80000 0.3054
2441264.80000 0.3022
2441285.80000 0.2950
2441286.80000 0.3058
2441349.80000 0.3009
2441589.80000 0.3204
2441614.80000 0.3020
2441615.80000 0.3177
2441618.80000 0.3121
2441641.80000 0.3084
2441643.80000 0.3001
2441644.80000 0.3078
2441669.80000 0.2987
2441671.80000 0.2909
2441702.80000 0.2897
2441703.80000 0.2915
2441942.80000 0.3100
2441943.80000 0.3000
2441944.80000 0.2910
2441945.80000 0.2900
2441959.80000 0.3127
2441960.80000 0.3023
2441961.80000 0.3037
2442015.80000 0.3204
2442046.80000 0.2938
2442061.80000 0.2927
2442085.80000 0.2850
2442086.80000 0.2983
2442282.80000 0.3045
2442283.80000 0.3133
2442284.80000 0.2981
2442285.80000 0.3141
2442329.80000 0.2851
2442330.80000 0.2845
2442331.80000 0.2871
2442349.80000 0.2697
2442350.80000 0.2672
2442380.80000 0.3057
2442382.80000 0.2807
2442431.80000 0.2854
2442432.80000 0.2911
2442438.80000 0.2721
2442440.80000 0.2912
2442467.80000 0.2931
2442468.80000 0.2994
2442469.80000 0.3183
2442470.80000 0.3230
2442675.80000 0.3367
2442676.80000 0.3319
2442677.80000 0.3276
2442702.80000 0.3243
2442703.80000 0.3231
2442731.80000 0.3002
2442732.80000 0.3031
2442763.80000 0.2845
2442764.80000 0.2880
2442765.80000 0.2954
2442792.80000 0.2972
2442793.80000 0.2938
2442820.80000 0.2911
2443060.80000 0.2820
2443061.80000 0.2851
2443062.80000 0.2724
2443063.80000 0.2669
2443110.80000 0.2800
2443111.80000 0.2843
2443112.80000 0.2925
2443113.80000 0.2904
2443146.80000 0.2835
2443172.80000 0.2730
2443173.80000 0.2786
2443174.80000 0.2851
2443175.80000 0.2875
2443176.80000 0.2933
2443476.80000 0.2453
2443477.80000 0.2425
2443542.80000 0.2832
2443780.80000 0.2862
2443807.80000 0.2933
2443824.80000 0.2932
2443892.80000 0.3027
2443898.80000 0.2857
2444169.80000 0.2950
2444172.80000 0.3061
2444190.80000 0.3032
2444200.80000 0.2847
2444201.80000 0.2913
2444202.80000 0.3020
2444203.80000 0.3026
2444204.80000 0.3172
2444205.80000 0.2998
2444206.80000 0.3126
2444207.80000 0.3037
2444208.80000 0.3017
2444224.80000 0.2977
2444260.80000 0.2834
2444278.80000 0.2877
2444483.02899 0.2970
2444483.03000 0.2998
2444483.03101 0.2954
2444484.99399 0.2887
2444484.99500 0.3018
2444484.99500 0.3013
2444485.98401 0.2889
2444485.98401 0.2981
2444485.98499 0.3015
2444486.98300 0.2969
2444486.98300 0.3027
2444486.98401 0.3025
2444487.98499 0.3048
2444487.98499 0.3137
2444487.98599 0.3083
2444490.00000 0.2995
2444490.00000 0.2983
2444490.00101 0.2997
2444490.99701 0.3019
2444490.99799 0.2972
2444490.99899 0.2952
2444492.99500 0.2923
2444492.99600 0.2930
2444492.99600 0.2923
2444493.97900 0.2952
2444493.98001 0.3008
2444493.98099 0.3001
2444494.98099 0.2958
2444494.98199 0.3061
2444494.98300 0.3089
2444495.96201 0.3039
2444495.96201 0.3078
2444495.96301 0.2905
2444497.02701 0.2972
2444497.02802 0.3032
2444497.02802 0.3026
2444506.01801 0.2910
2444506.01801 0.2975
2444506.01901 0.2923
2444507.00400 0.2831
2444507.00500 0.3000
2444507.00601 0.2871
2444507.97900 0.3030
2444507.98001 0.2938
2444507.98001 0.2970
2444508.98801 0.3117
2444508.98901 0.2988
2444508.98999 0.3112
2444510.04099 0.2993
2444510.04199 0.2995
2444510.04401 0.3022
2444510.94501 0.2909
2444510.94501 0.2912
2444510.94601 0.2981
2444512.02802 0.2935
2444512.02802 0.2995
2444512.02899 0.3034
2444512.99902 0.2964
2444513.00098 0.2960
2444513.00201 0.2980
2444514.02600 0.2874
2444514.02600 0.3023
2444514.02698 0.2925
2444515.03302 0.2878
2444515.03400 0.2868
2444515.03497 0.2890
2444516.03302 0.2922
2444516.03302 0.3039
2444516.03400 0.2897
2444517.01801 0.3084
2444517.01801 0.2952
2444517.01898 0.3047
2444524.97400 0.3030
2444524.97803 0.2997
2444524.98199 0.3057
2444525.98199 0.2987
2444525.98297 0.2951
2444525.98401 0.2951
2444548.92297 0.2768
2444548.92401 0.2743
2444548.92401 0.2788
2444563.88702 0.2731
2444563.88898 0.2706
2444563.89099 0.2721
2444564.90900 0.2823
2444564.90997 0.2870
2444564.91101 0.2858
2444566.84601 0.3022
2444566.84698 0.2999
2444566.84698 0.2992
2444606.75098 0.2573
2444606.75201 0.2737
2444606.75299 0.2760
2444606.75598 0.2758
2444606.75598 0.2610
2444606.75702 0.2792
2444639.73199 0.2716
2444639.73297 0.2744
2444639.73401 0.3039
2444640.66101 0.2765
2444640.66199 0.2707
2444640.66302 0.2735
2444641.65198 0.2843
2444641.65302 0.2793
2444641.65399 0.2813
2444648.65503 0.2774
2444648.65601 0.2812
2444648.65802 0.2837
2444657.64001 0.2993
2444657.64099 0.2897
2444657.64203 0.2869
2444659.64398 0.2799
2444659.64600 0.2851
2444659.64600 0.2912
2444869.00897 0.2938
2444869.01001 0.2802
2444869.01099 0.2852
2444871.02502 0.2684
2444871.02600 0.2805
2444871.02600 0.2925
2444874.95599 0.2841
2444874.95697 0.2926
2444874.95801 0.2907
2444878.01300 0.2931
2444878.01398 0.2916
2444878.01501 0.2868
2444886.98102 0.2959
2444886.98199 0.2852
2444886.98401 0.2992
2444892.97803 0.2673
2444892.97900 0.2538
2444892.98199 0.2586
2444893.94800 0.2853
2444893.94897 0.2749
2444893.95099 0.2828
2444894.96399 0.2929
2444894.96600 0.2842
2444894.96802 0.2850
2444896.96198 0.2990
2444896.96399 0.3062
2444896.96503 0.3079
2444898.98297 0.2851
2444898.98401 0.2974
2444898.98499 0.2878
2444899.97601 0.2744
2444899.97803 0.2826
2444899.97900 0.2846
2444900.99402 0.2672
2444900.99597 0.2616
2444900.99799 0.2754
2445026.66699 0.2720
2445026.66895 0.2782
2445026.67297 0.2602
2445248.96594 0.2885
2445248.96704 0.2941
2445248.96899 0.2812
2445249.98596 0.2988
2445249.98804 0.3100
2445249.99097 0.3008
2445250.96802 0.2885
2445250.96997 0.2929
2445250.97205 0.2951
2445251.95105 0.2889
2445251.95398 0.2879
2445251.95605 0.2884
2445252.90100 0.3671
2445252.90503 0.3317
2445252.90698 0.2947
2445253.97803 0.3136
2445253.97998 0.2961
2445253.98206 0.2942
2445277.92004 0.3026
2445277.92102 0.3134
2445277.92200 0.3022
2445349.71899 0.2731
2445349.72302 0.2715
2445349.72400 0.2772
2445581.02600 0.3047
2445581.02700 0.3103
2445581.02700 0.2910
2445590.00300 0.2949
2445590.00400 0.2961
2445590.00500 0.3027
2445592.04000 0.2922
2445592.04100 0.2901
2445592.04100 0.2945
2445595.98500 0.3063
2445595.98600 0.2943
2445595.98700 0.2947
2445660.92700 0.2945
2445660.92900 0.2907
2445660.93000 0.2969
2445666.93200 0.2978
2445666.93300 0.3139
2445666.93500 0.3074
2445686.79900 0.3064
2445686.80000 0.3058
2445686.80200 0.3152
2445688.79800 0.3130
2445688.80000 0.3085
2445688.80200 0.3130
2445706.76500 0.2834
2445706.76700 0.2764
2445706.76800 0.2715
2445709.78400 0.2870
2445709.78500 0.2984
2445709.78600 0.2830
2445711.74100 0.3036
2445711.74200 0.2960
2445711.74400 0.2985
2445714.72200 0.2907
2445714.72300 0.2892
2445714.72500 0.2833
2445715.75700 0.2835
2445715.75700 0.2815
2445715.75800 0.2758
2445723.74000 0.2854
2445723.74400 0.2848
2445723.75000 0.2790
2445725.72000 0.2737
2445725.72100 0.2783
2445725.72100 0.2796
2445741.67000 0.2937
2445741.67100 0.2838
2445741.67200 0.2795
2445750.68700 0.2999
2445750.68900 0.2923
2445750.69200 0.2908
2445753.67400 0.2845
2445753.67600 0.2791
2445753.67900 0.2791
2445756.64900 0.2691
2445756.65200 0.2668
2445756.65400 0.2783
2445958.01819 0.3084
2445958.02039 0.2972
2445958.02234 0.3037
2445970.99670 0.2884
2445970.99731 0.2921
2445970.99792 0.2798
2445977.97595 0.3061
2445977.97668 0.2998
2445977.97754 0.3079
2445981.98999 0.3097
2445981.99060 0.2973
2445981.99146 0.3029
2445987.97351 0.3029
2445987.97461 0.3013
2445987.97571 0.3052
2445996.94263 0.3038
2445996.94385 0.3146
2445996.94507 0.3098
2446001.98779 0.2972
2446001.98889 0.2933
2446001.99011 0.2997
2446003.94019 0.3032
2446003.94104 0.2908
2446003.94189 0.3108
2446009.92786 0.2860
2446009.92896 0.2833
2446009.93005 0.2862
2446020.90686 0.3078
2446020.90894 0.2986
2446020.91284 0.2980
2446023.87524 0.3008
2446023.87817 0.2960
2446023.88098 0.2952
2446024.91077 0.2944
2446024.91223 0.2871
2446024.91382 0.2912
2446028.87512 0.2985
2446028.87769 0.2978
2446028.87939 0.2909
2446058.84106 0.2998
2446058.84253 0.2993
2446058.84424 0.2953
2446068.75732 0.2977
2446068.75854 0.2901
2446068.75977 0.2887
2446070.77393 0.2887
2446070.77637 0.2918
2446070.77881 0.2922
2446085.97217 0.3042
2446085.97803 0.2924
2446085.98267 0.2963
2446110.63354 0.2895
2446110.63550 0.2917
2446110.63696 0.3033
2446112.63525 0.2931
2446112.63647 0.2965
2446112.63770 0.2883
2446122.64014 0.2895
2446122.64160 0.2948
2446122.64258 0.2888
2446329.99341 0.2970
2446329.99414 0.3068
2446329.99463 0.3039
2446340.98120 0.3033
2446340.98193 0.2990
2446340.98267 0.2961
2446349.95654 0.2939
2446349.95752 0.2940
2446349.95874 0.2890
2446356.96875 0.2986
2446356.96997 0.3027
2446356.97095 0.3002
2446358.93530 0.2914
2446358.93628 0.2900
2446358.93750 0.2866
2446361.97314 0.2933
2446361.97412 0.2988
2446361.97510 0.2969
2446362.97290 0.3016
2446362.97363 0.3033
2446362.97437 0.3012
2446363.93896 0.3063
2446363.93970 0.3048
2446363.94043 0.3078
2446365.94556 0.3042
2446365.94629 0.3061
2446365.94702 0.3042
2446367.97534 0.2961
2446367.97607 0.2944
2446367.97681 0.2863
2446369.94946 0.2916
2446369.95044 0.2832
2446369.95142 0.2859
2446371.94238 0.2952
2446371.94312 0.2945
2446371.94385 0.3007
2446372.96899 0.3002
2446372.96973 0.2953
2446372.97046 0.3054
2446374.93115 0.2969
2446374.93213 0.2977
2446374.93286 0.3006
2446375.96094 0.2962
2446375.96167 0.2875
2446375.96265 0.2901
2446376.90405 0.2949
2446376.90503 0.2921
2446376.90601 0.2879
2446384.92188 0.3029
2446384.92285 0.3021
2446384.92358 0.3017
2446385.91333 0.3040
2446385.91406 0.2963
2446385.91479 0.3032
2446387.94946 0.3008
2446387.95020 0.2977
2446387.95093 0.3099
2446389.90503 0.2852
2446389.90601 0.2837
2446389.90698 0.2873
2446390.89575 0.2848
2446390.89673 0.2861
2446390.89746 0.2928
2446392.94409 0.2956
2446392.94458 0.2983
2446392.94531 0.2995
2446405.91309 0.2836
2446405.91406 0.2920
2446405.91479 0.2804
2446415.79932 0.2808
2446415.80029 0.2872
2446415.80103 0.2847
2446417.79419 0.2778
2446417.79492 0.2774
2446417.79590 0.2783
2446418.80176 0.2882
2446418.80273 0.2857
2446418.80371 0.2852
2446420.87573 0.2884
2446420.87646 0.2851
2446420.87720 0.2811
2446421.80005 0.2875
2446421.80054 0.3007
2446421.80127 0.2891
2446438.76343 0.2650
2446438.76440 0.2699
2446438.76538 0.2713
2446441.76343 0.2794
2446441.76416 0.2727
2446441.76514 0.2780
2446443.78540 0.2994
2446443.78638 0.2867
2446443.78760 0.2876
2446447.70508 0.2924
2446447.70581 0.2766
2446447.70654 0.2848
2446449.76978 0.2710
2446449.77075 0.2698
2446449.77222 0.2664
2446450.74121 0.2741
2446450.74219 0.2703
2446450.74341 0.2746
2446455.71851 0.2837
2446455.71899 0.2972
2446455.71973 0.3008
2446457.75073 0.2912
2446457.75195 0.2766
2446457.75293 0.2856
2446472.70044 0.2759
2446472.70117 0.2746
2446472.70215 0.2797
2446484.62427 0.2762
2446484.62524 0.2701
2446484.62622 0.2850
2446488.65210 0.2766
2446488.65308 0.2837
2446488.65405 0.2850
2446491.69019 0.3046
2446491.69116 0.2925
2446491.69238 0.2905
2446494.68848 0.2741
2446494.69019 0.2727
2446494.69238 0.2711
2446496.62500 0.2732
2446496.62598 0.2875
2446496.62720 0.2870
2446497.64233 0.2774
2446497.64331 0.2753
2446497.64453 0.2737
2446708.02417 0.2670
2446708.02661 0.2652
2446708.02905 0.2619
2446711.02319 0.2613
2446711.02710 0.2693
2446711.02832 0.2655
2446716.02661 0.2794
2446716.02856 0.2776
2446716.03052 0.2815
2446717.03735 0.2921
2446717.03857 0.2834
2446717.03955 0.2861
2446723.97192 0.2729
2446723.97314 0.2813
2446723.97412 0.2780
2446724.97363 0.2815
2446724.97485 0.2875
2446724.97607 0.2773
2446726.91504 0.2742
2446726.91626 0.2690
2446726.91724 0.2734
2446738.95142 0.2822
2446738.95313 0.2702
2446738.95483 0.2799
2446740.94141 0.2807
2446740.94238 0.2819
2446740.94360 0.2841
2446744.94409 0.2826
2446744.94531 0.2687
2446744.94653 0.2797
2446745.94702 0.2708
2446745.94824 0.2619
2446745.94995 0.2543
2446747.90503 0.2783
2446747.90576 0.2761
2446747.90674 0.2817
2446755.90063 0.2754
2446755.90186 0.2723
2446755.90308 0.2639
2446758.86719 0.2743
2446758.86890 0.2729
2446758.87134 0.2704
2446759.86865 0.2750
2446759.87085 0.2678
2446759.87280 0.2717
2446766.87988 0.2808
2446766.88208 0.2727
2446766.88428 0.2591
2446767.86499 0.2749
2446767.86572 0.2916
2446767.86670 0.2803
2446769.81104 0.2858
2446769.81372 0.2825
2446769.81665 0.2845
2446772.81421 0.2787
2446772.81665 0.2863
2446772.81909 0.2848
2446774.81079 0.2785
2446774.81274 0.2650
2446774.81470 0.2679
2446776.81323 0.2825
2446776.81421 0.2829
2446776.81543 0.2715
2446778.79419 0.2762
2446778.79565 0.2770
2446778.79712 0.2758
2446793.76025 0.2768
2446793.76367 0.2803
2446793.76685 0.2746
2446798.77515 0.2721
2446798.77637 0.2719
2446798.77783 0.2754
2446806.77002 0.2718
2446806.77148 0.2654
2446806.77319 0.2679
2446808.74658 0.2708
2446808.74780 0.2617
2446808.74902 0.2677
2446813.70410 0.2808
2446813.70825 0.2703
2446813.71216 0.2769
2446814.70728 0.2689
2446814.70850 0.2819
2446814.70947 0.2830
2446828.71655 0.2679
2446828.71777 0.2779
2446828.71924 0.2683
2446844.69971 0.2761
2446844.70288 0.2742
2446844.70605 0.2757
2447074.00122 0.2934
2447074.00195 0.2950
2447074.00293 0.2924
2447076.01147 0.2918
2447076.01318 0.2833
2447076.01367 0.2829
2447078.99585 0.2999
2447078.99707 0.2958
2447078.99805 0.3075
2447085.00439 0.2969
2447085.00537 0.2904
2447085.00635 0.2899
2447109.88696 0.2843
2447109.88794 0.2857
2447109.88867 0.2884
2447110.89233 0.2947
2447110.89307 0.3037
2447110.89380 0.2935
2447115.94312 0.2926
2447115.94434 0.2929
2447115.94531 0.2940
2447118.94067 0.2908
2447118.94189 0.2863
2447118.94287 0.2814
2447121.88062 0.2989
2447121.88159 0.2947
2447121.88257 0.2873
2447123.90210 0.2866
2447123.90283 0.2788
2447123.90381 0.2848
2447129.91577 0.2896
2447129.91699 0.2891
2447129.91772 0.2915
2447131.81470 0.2843
2447131.81543 0.2831
2447131.81616 0.2851
2447140.87988 0.2895
2447140.88086 0.2970
2447140.88184 0.2906
2447148.77246 0.2896
2447148.77344 0.2785
2447148.77441 0.2855
2447151.74780 0.2995
2447151.74878 0.3012
2447151.74976 0.2960
2447167.74170 0.2932
2447167.74243 0.2951
2447167.74316 0.2942
2447169.77173 0.2850
2447169.77222 0.2825
2447169.77295 0.2876
2447173.74463 0.2785
2447173.74561 0.2793
2447173.74683 0.2779
2447184.74561 0.2892
2447184.74634 0.2794
2447184.74731 0.2827
2447200.72827 0.2839
2447200.72925 0.2803
2447200.73022 0.2787
2447206.66064 0.2720
2447206.66138 0.2824
2447206.66235 0.2758
2447208.62817 0.2861
2447208.62939 0.2806
2447208.63037 0.2942
2447213.67358 0.2717
2447213.67456 0.2699
2447213.67603 0.2590
2447215.66113 0.2695
2447215.66211 0.2639
2447215.66309 0.2618
2447223.66016 0.2861
2447223.66138 0.2916
2447223.66260 0.2859
2447446.94702 0.2834
2447446.94775 0.2822
2447446.94897 0.2781
2447459.00171 0.2885
2447459.00293 0.2962
2447459.00415 0.2856
2447460.99731 0.2757
2447460.99854 0.2716
2447461.00024 0.2627
2447462.99976 0.3034
2447463.00073 0.2860
2447463.00195 0.2821
2447465.98193 0.2938
2447465.98340 0.2915
2447465.98486 0.2932
2447466.95898 0.2951
2447466.95996 0.2977
2447466.96094 0.2943
2447474.88745 0.2985
2447474.88818 0.2870
2447474.88916 0.2848
2447478.88135 0.2981
2447478.88208 0.2906
2447478.88306 0.2995
2447485.89380 0.2941
2447485.89526 0.2939
2447485.89673 0.2889
2447492.86768 0.2924
2447492.86890 0.2898
2447492.87036 0.2955
2447496.83691 0.2900
2447496.83789 0.3057
2447496.83862 0.3030
2447497.85474 0.3009
2447497.85596 0.2880
2447497.85742 0.2871
2447498.79810 0.2855
2447498.80029 0.2814
2447498.80151 0.2802
2447500.82397 0.2870
2447500.82520 0.2946
2447500.82690 0.2843
2447508.84180 0.3003
2447508.84277 0.2897
2447508.84399 0.2873
2447509.80518 0.3059
2447509.80688 0.3038
2447509.80811 0.3077
2447526.75049 0.2979
2447526.75146 0.3003
2447526.75269 0.2881
2447529.78955 0.2906
2447529.79102 0.2803
2447529.79248 0.2897
2447536.73340 0.3029
2447536.73438 0.2964
2447536.73535 0.2931
2447541.74268 0.2986
2447541.74365 0.3040
2447541.74438 0.3025
2447543.73340 0.3159
2447543.73413 0.3197
2447543.73511 0.3050
2447557.71313 0.3024
2447557.71460 0.2955
2447557.71582 0.3021
2447569.69092 0.3145
2447569.69238 0.2974
2447569.69385 0.3106
2447573.69629 0.2897
2447573.69727 0.2828
2447573.69824 0.2720
2447580.65381 0.3018
2447580.65479 0.3090
2447580.65576 0.3019
2447584.61523 0.3006
2447584.61670 0.2936
2447584.61792 0.2925
2447589.63379 0.3179
2447589.63550 0.3137
2447589.63770 0.3029
2447592.62939 0.3180
2447592.63086 0.2953
2447592.63232 0.2956
2447603.63989 0.2785
2447603.64185 0.2845
2447603.64307 0.2847
2447832.93384 0.3120
2447832.93506 0.3091
2447832.93628 0.3048
2447837.91797 0.2918
2447837.91895 0.2880
2447837.91992 0.2891
2447863.90454 0.2940
2447863.90576 0.2897
2447863.90698 0.2878
2447868.86450 0.3021
2447868.86548 0.3048
2447868.86646 0.3071
2447897.80518 0.2902
2447897.80688 0.2920
2447897.80884 0.2942
2447900.77637 0.3085
2447900.77759 0.3039
2447900.77856 0.3064
2447912.74316 0.2979
2447912.74487 0.2969
2447912.74585 0.2985
2447918.74390 0.2893
2447918.74487 0.2930
2447918.74878 0.2904
2447928.70898 0.2863
2447928.71045 0.2806
2447928.71191 0.2903
2448193.97656 0.3063
2448193.97803 0.3068
2448193.97949 0.2936
2448213.91260 0.3120
2448213.91406 0.3042
2448213.91553 0.3070
2448219.90186 0.3002
2448219.90283 0.3106
2448219.90381 0.2970
2448226.89502 0.3101
2448226.89697 0.3077
2448226.89893 0.2919
2448252.79053 0.3383
2448252.79199 0.3378
2448252.79346 0.3313
2448270.72949 0.3040
2448270.73047 0.3111
2448270.73193 0.2950
2448274.70947 0.3120
2448274.71240 0.3295
2448274.71484 0.3114
2448280.74268 0.2913
2448280.74414 0.2934
2448280.74561 0.2993
2448307.63428 0.3246
2448307.63574 0.3257
2448307.63721 0.3222
2448309.67383 0.3169
2448309.67627 0.3224
2448309.67773 0.3221
2448312.63525 0.3102
2448312.63672 0.3151
2448312.63818 0.3053
2448643.69482 0.3103
2448643.69580 0.3103
2448643.69727 0.3143
2448644.72119 0.3281
2448644.72266 0.3115
2448644.72412 0.3208
2448646.72510 0.3064
2448646.72656 0.3024
2448646.72803 0.3066
2448652.74316 0.3140
2448652.74463 0.3307
2448652.74609 0.3157
2448656.70654 0.3108
2448656.70801 0.3087
2448656.70947 0.3116
2448657.70947 0.3140
2448657.71094 0.3120
2448657.71240 0.3192
2448928.96240 0.3091
2448928.96436 0.3087
2448928.96631 0.3056
2448941.92236 0.2921
2448941.92383 0.3366
2448971.89746 0.2905
2448971.89844 0.2821
2448971.89990 0.2876
2448972.88330 0.2892
2448972.88477 0.2901
2448972.88623 0.2895
2448978.85107 0.3169
2448978.85254 0.3091
2448978.85400 0.2948
2449015.73340 0.2959
2449015.73486 0.2941
2449015.73633 0.2992
2449020.69434 0.3255
2449020.69629 0.3246
2449020.69824 0.3191
2449280.98926 0.3029
2449280.99170 0.2950
2449280.99463 0.3025
2449294.98682 0.3009
2449294.98926 0.3054
2449294.99121 0.3006
2449296.93945 0.2967
2449296.94092 0.2983
2449296.94238 0.2962
2449297.94775 0.2914
2449297.94971 0.2910
2449297.95068 0.2943
2449299.89062 0.2956
2449299.89160 0.2920
2449299.89258 0.3004
2449300.87061 0.3107
2449300.87207 0.3150
2449300.87402 0.3089
2449304.89844 0.3091
2449304.89990 0.3111
2449304.90088 0.3109
2449309.86572 0.2998
2449309.86719 0.2951
2449309.86816 0.2943
2449311.86035 0.3057
2449311.86182 0.3007
2449311.86377 0.3029
2449326.80566 0.3145
2449326.80762 0.3142
2449326.80908 0.3198
2449327.82666 0.3109
2449327.82812 0.3036
2449327.82910 0.3049
2449329.80322 0.3044
2449329.80518 0.3032
2449329.80664 0.3021
2449331.83447 0.3218
2449331.83594 0.3174
2449331.83740 0.3135
2449342.78906 0.3080
2449342.79053 0.3090
2449342.79199 0.3142
2449343.79492 0.3090
2449343.79688 0.3107
2449343.79883 0.3160
2449350.75928 0.3238
2449350.76074 0.3187
2449350.76221 0.3218
2449353.76270 0.3213
2449353.76465 0.3199
2449353.76709 0.3079
2449355.76562 0.3229
2449355.76709 0.3206
2449355.76904 0.3136
2449360.75928 0.3278
2449360.76123 0.3179
2449360.76221 0.3257
2449361.76660 0.3043
2449361.76807 0.3118
2449361.76904 0.3153
2449363.77100 0.3005
2449363.77246 0.3021
2449363.77393 0.2990
2449365.77344 0.3232
2449365.77539 0.3191
2449365.77734 0.3246
2449369.72607 0.3348
2449369.72754 0.3217
2449369.72949 0.3275
2449394.69727 0.3218
2449394.69873 0.3238
2449394.70020 0.3229
2449396.71289 0.3244
2449396.71436 0.3102
2449396.71631 0.3092
2449397.71143 0.3137
2449397.71240 0.3296
2449397.71387 0.3124
2449642.97705 0.3001
2449642.97852 0.2915
2449642.97949 0.2958
2449644.96436 0.2882
2449644.96582 0.3033
2449644.96680 0.3023
2449645.95898 0.2945
2449645.96045 0.2918
2449645.96143 0.2900
2449647.89697 0.3052
2449647.89795 0.3029
2449647.89941 0.3031
2449652.94189 0.3078
2449652.94287 0.3081
2449652.94434 0.3133
2449654.93652 0.3020
2449654.93799 0.3000
2449654.93896 0.2989
2449656.92725 0.2987
2449656.92822 0.2961
2449656.92920 0.3022
2449657.92139 0.2859
2449657.92236 0.2702
2449657.92383 0.2777
2449658.94775 0.2872
2449658.95020 0.2882
2449658.95215 0.2887
2449660.91797 0.3186
2449660.92041 0.3110
2449660.92285 0.3180
2449661.94824 0.2999
2449661.94922 0.3057
2449661.95020 0.3053
2449668.93311 0.2755
2449668.93408 0.2719
2449668.93555 0.2838
2449676.89355 0.3019
2449676.89502 0.3077
2449676.89600 0.3089
2449677.89307 0.2888
2449677.89404 0.2928
2449677.89551 0.3010
2449679.87939 0.2814
2449679.88086 0.2826
2449679.88184 0.2761
2449694.89502 0.2984
2449694.89600 0.2991
2449694.89746 0.3026
2449695.86182 0.2938
2449695.86328 0.2921
2449695.86426 0.2949
2449702.86035 0.2723
2449702.86133 0.2691
2449702.86230 0.2592
2449703.79004 0.2878
2449703.79102 0.2902
2449703.79248 0.2861
2449716.79932 0.2991
2449716.80029 0.2973
2449716.80176 0.2922
2449723.81836 0.2976
2449723.81934 0.2898
2449723.82031 0.2756
2449730.75537 0.2915
2449730.75684 0.2841
2449730.75781 0.2892
2449731.75000 0.2874
2449731.75098 0.2848
2449731.75195 0.2815
2449736.74902 0.2930
2449736.75098 0.2774
2449736.75195 0.2884
2449749.69824 0.3110
2449749.69971 0.2997
2449749.70068 0.3003
2449751.71240 0.2909
2449751.71338 0.2965
2449751.71484 0.2942
2449753.73340 0.2797
2449753.73486 0.2966
2449753.73584 0.2717
2449754.72607 0.2949
2449754.72754 0.2897
2449754.72852 0.2834
2449758.73438 0.3008
2449758.73584 0.2897
2449758.73682 0.2994
2449759.70996 0.2979
2449759.71094 0.2977
2449759.71191 0.3020
2449766.69336 0.2965
2449766.69482 0.2881
2449766.69580 0.2882
2449767.68848 0.2851
2449767.68994 0.2753
2449767.69092 0.2898
2449769.67529 0.2653
2449769.67627 0.2939
2449769.67725 0.2850
2449771.67578 0.2893
2449771.67725 0.2854
2449771.67822 0.2892
