46720.00586 0.3297
46720.00806 0.3126
46720.01025 0.3220
46781.77856 0.3623
46781.78052 0.3597
46781.78247 0.3533
46844.62964 0.3333
46844.63257 0.3547
46844.63550 0.3533
47082.99487 0.3543
47082.99585 0.3567
47082.99683 0.3541
47144.78174 0.3460
47144.78271 0.3363
47144.78369 0.3249
47206.64380 0.3369
47206.64453 0.3373
47206.64551 0.3388
47446.96338 0.3547
47446.96484 0.3614
47446.96631 0.3554
47498.82104 0.3434
47498.82227 0.3489
47498.82349 0.3360
47540.70654 0.3276
47540.70850 0.3403
47540.71021 0.3380
47974.66528 0.3782
47974.66675 0.3744
47974.66797 0.3742
