2445778.65198 0.4965
2445778.65283 0.5003
2445778.65344 0.5177
2445785.62900 0.4880
2445785.63000 0.4769
2445785.63000 0.4739
2445790.67261 0.4606
2445790.67383 0.4746
2445790.67517 0.4568
2445949.00195 0.4594
2445949.00391 0.4687
2445949.00598 0.4577
2445958.99451 0.4552
2445958.99536 0.4547
2445958.99622 0.4469
2445990.04260 0.4450
2445990.04370 0.4467
2445990.04468 0.4434
2445997.96729 0.4506
2445997.96851 0.4488
2445997.97009 0.4510
2446007.97144 0.4468
2446007.97229 0.4539
2446007.97327 0.4490
2446017.02588 0.4424
2446017.02673 0.4384
2446017.02759 0.4426
2446023.91541 0.4449
2446023.91626 0.4420
2446023.91711 0.4542
2446029.91931 0.4391
2446029.92065 0.4265
2446029.92212 0.4349
2446049.82617 0.4597
2446049.82690 0.4601
2446049.82764 0.4688
2446064.76563 0.4564
2446064.76807 0.4511
2446064.77075 0.4592
2446085.24731 0.4533
2446085.25952 0.4584
2446085.27173 0.4588
2446097.36548 0.4556
2446097.38574 0.4519
2446097.40723 0.4500
2446108.68994 0.4384
2446108.69092 0.4439
2446108.69214 0.4314
2446116.72876 0.4465
2446116.73120 0.4518
2446116.73389 0.4490
2446120.74585 0.4476
2446120.74707 0.4416
2446120.74780 0.4375
2446129.70142 0.4359
2446129.70313 0.4414
2446129.70508 0.4386
2446140.68921 0.4520
2446140.69092 0.4516
2446140.69263 0.4467
2446339.98608 0.4533
2446339.98657 0.4596
2446339.98755 0.4663
2446339.98926 0.4550
2446339.99023 0.4616
2446339.99072 0.4650
2446340.92456 0.4576
2446340.92529 0.4639
2446340.92603 0.4688
2446348.95313 0.4472
2446348.95410 0.4449
2446348.95483 0.4433
2446358.95410 0.4553
2446358.95508 0.4568
2446358.95605 0.4523
2446363.94702 0.4588
2446363.94800 0.4545
2446363.94897 0.4537
2446370.99390 0.4429
2446370.99463 0.4522
2446370.99536 0.4350
2446376.92651 0.4461
2446376.92749 0.4377
2446376.92822 0.4417
2446383.92065 0.4313
2446383.92139 0.4411
2446383.92236 0.4389
2446392.91650 0.4461
2446392.91724 0.4302
2446392.91797 0.4389
2446403.92798 0.4286
2446403.92871 0.4361
2446403.92944 0.4353
2446416.77661 0.4381
2446416.77759 0.4377
2446416.77856 0.4383
2446433.86670 0.4631
2446433.86743 0.4546
2446433.86816 0.4548
2446439.79028 0.4649
2446439.79102 0.4685
2446439.79199 0.4597
2446449.73657 0.4740
2446449.73755 0.4677
2446449.73828 0.4728
2446456.72998 0.4793
2446456.73096 0.4900
2446456.73193 0.4748
2446467.74292 0.4706
2446467.74390 0.4768
2446467.74463 0.4709
2446472.67627 0.4536
2446472.67676 0.4658
2446472.67749 0.4689
2446486.71069 0.4844
2446486.71143 0.4745
2446486.71216 0.4783
2446492.75293 0.4435
2446492.75366 0.4758
2446492.75464 0.4681
2446495.65479 0.4616
2446495.65576 0.4596
2446495.65674 0.4704
2446504.67627 0.4816
2446504.67725 0.4845
2446504.67822 0.4746
2446509.62451 0.4779
2446509.62549 0.4778
2446509.62622 0.4703
2446515.63940 0.4668
2446515.64014 0.4681
2446515.64063 0.4768
2446721.01660 0.4501
2446721.01758 0.4430
2446721.01855 0.4510
2446758.95557 0.4528
2446758.95605 0.4359
2446758.95679 0.4471
2446767.90186 0.4403
2446767.90259 0.4487
2446767.90332 0.4458
2446773.89453 0.4486
2446773.89526 0.4441
2446773.89600 0.4428
2446778.86743 0.4465
2446778.86841 0.4525
2446778.86914 0.4616
2446793.80981 0.4187
2446793.81055 0.4157
2446793.81152 0.4212
2446798.79492 0.4410
2446798.79565 0.4428
2446798.79639 0.4429
2446806.78857 0.4361
2446806.78955 0.4331
2446806.79028 0.4361
2446813.74292 0.4428
2446813.74365 0.4264
2446813.74438 0.4390
2446828.75635 0.4387
2446828.75732 0.4371
2446828.75806 0.4375
2446833.76807 0.4630
2446833.77222 0.4460
2446839.73169 0.4409
2446839.73877 0.4562
2446839.74097 0.4603
2446846.73145 0.4657
2446846.73218 0.4660
2446846.73315 0.4532
2446859.64648 0.4577
2446859.64746 0.4566
2446859.64819 0.4485
2446867.63892 0.4425
2446867.63989 0.4593
2446867.64087 0.4360
2446883.69141 0.4331
2446883.69238 0.4285
2446883.69336 0.4383
2447058.02417 0.4452
2447058.02515 0.4599
2447058.02588 0.4625
2447086.01831 0.4592
2447086.01929 0.4652
2447086.02051 0.4500
2447109.87866 0.4665
2447109.87988 0.4667
2447109.88110 0.4555
2447119.98730 0.4631
2447119.98828 0.4704
2447119.98975 0.4651
2447127.98291 0.4694
2447127.98389 0.4683
2447127.98486 0.4625
2447140.93579 0.4550
2447140.93652 0.4647
2447140.93726 0.4650
2447140.93799 0.4608
2447140.93896 0.4680
2447150.89111 0.4600
2447150.89209 0.4650
2447150.89307 0.4619
2447156.78735 0.4643
2447156.78833 0.4722
2447156.78955 0.4711
2447168.78882 0.4841
2447168.78979 0.4733
2447168.79077 0.4680
2447181.78711 0.4732
2447181.78809 0.4723
2447181.78931 0.4666
2447190.79858 0.4713
2447190.80029 0.4781
2447190.80127 0.4734
2447197.78906 0.4664
2447197.78979 0.4654
2447197.79077 0.4696
2447205.76709 0.4666
2447205.76831 0.4578
2447205.76929 0.4609
2447214.71899 0.4536
2447214.71997 0.4593
2447214.72070 0.4544
2447225.67920 0.4809
2447225.68018 0.4732
2447225.68091 0.4672
2447235.69482 0.4525
2447235.69580 0.4570
2447235.69678 0.4487
2447235.69775 0.4525
2447252.65894 0.4543
2447252.66040 0.4476
2447252.66162 0.4506
2447450.95923 0.4563
2447450.95972 0.4650
2447450.96021 0.4501
2447460.01147 0.4494
2447460.01270 0.4410
2447460.01367 0.4346
2447482.93652 0.4337
2447482.93774 0.4456
2447482.93896 0.4408
2447498.82715 0.4387
2447498.82837 0.4150
2447498.83008 0.4222
2447540.73413 0.4443
2447540.73511 0.4486
2447540.73608 0.4563
2447556.73608 0.4339
2447556.73779 0.4315
2447556.73975 0.4348
2447585.66260 0.4254
2447585.66406 0.4222
2447585.66577 0.4182
2447592.64795 0.4478
2447592.64917 0.4257
2447592.65063 0.4292
2447835.97095 0.4818
2447835.97217 0.4866
2447835.97339 0.4783
2447865.90991 0.4683
2447865.91113 0.4685
2447865.91235 0.4686
2447898.80347 0.4890
2447898.80469 0.4829
2447898.80591 0.5046
2447932.74609 0.4635
2447932.74707 0.4613
2447932.74829 0.4574
2448972.87207 0.4922
2448972.87354 0.4879
2448972.87451 0.4831
2449011.76270 0.4991
2449011.76416 0.4857
2449011.76514 0.5002
2449059.64893 0.5207
2449059.64990 0.5222
2449059.65137 0.5287
2449299.94092 0.5297
2449299.94141 0.5185
2449299.94238 0.5160
2449325.83447 0.5253
2449325.83594 0.5249
2449325.83740 0.5178
2449332.82959 0.5341
2449332.83105 0.5323
2449332.83252 0.5286
2449344.78857 0.5419
2449344.79053 0.5390
2449344.79297 0.5384
2449359.77148 0.5213
2449359.77246 0.5331
2449359.77344 0.5405
2449397.72998 0.4958
2449397.73145 0.5006
2449397.73291 0.4965
2449408.57031 0.5244
2449408.57129 0.5208
2449408.57227 0.5192
2449425.64600 0.4806
2449425.64746 0.4788
2449425.64844 0.4759
2449660.92773 0.5173
2449660.92920 0.5209
2449660.93018 0.5236
2449695.87549 0.4956
2449695.87646 0.4989
2449695.87744 0.4826
2449697.86719 0.5060
2449697.86865 0.4903
2449697.86963 0.4940
2449731.78564 0.5315
2449731.78662 0.5275
2449731.78809 0.5241
2449754.73291 0.5187
2449754.73389 0.5188
2449754.73535 0.5263
2449767.69580 0.5418
2449767.69678 0.5415
2449767.69775 0.5326
