46721.02661 0.2780
46721.02954 0.2767
46721.03247 0.2788
46781.78760 0.3019
46781.78979 0.2994
46781.79272 0.2982
46845.62280 0.2900
46845.62598 0.3020
46845.62866 0.2975
47079.99951 0.2994
47080.00049 0.3025
47080.00146 0.3034
47144.79639 0.3044
47144.79688 0.3110
47144.79761 0.3066
47206.68262 0.2981
47206.68359 0.2970
47206.68457 0.2969
47457.96021 0.3029
47457.96143 0.3000
47457.96265 0.3013
47482.94580 0.2850
47482.94702 0.2881
47482.94849 0.2788
47498.83740 0.2922
47498.83911 0.2868
47498.84155 0.2766
47540.73901 0.2974
47540.73975 0.3001
47540.74048 0.3029
47974.63477 0.3194
47974.63599 0.3114
47974.63721 0.3203
49300.87744 0.3304
49300.87891 0.3332
49300.88037 0.3301
49329.82520 0.3248
49329.82617 0.3259
49329.82764 0.3292
49426.65918 0.3325
49426.66016 0.3303
49426.66162 0.3169
49695.88037 0.3294
49695.88135 0.3243
49695.88232 0.3321
49754.73877 0.3291
49754.73975 0.3261
49754.74072 0.3311
