45803.62900 0.2329
45803.63000 0.2386
45803.63100 0.2328
45990.04724 0.2511
45990.04846 0.2399
45990.04993 0.2448
46003.98242 0.2419
46003.98328 0.2414
46003.98425 0.2406
46022.95862 0.2413
46022.95996 0.2345
46022.96106 0.2414
46029.93286 0.2464
46029.93530 0.2379
46029.93811 0.2353
46065.80933 0.2350
46065.81030 0.2343
46065.81128 0.2402
46111.71460 0.2383
46111.71558 0.2328
46111.71631 0.2360
46367.97168 0.2386
46367.97241 0.2460
46367.97314 0.2381
46377.95728 0.2394
46377.95801 0.2435
46377.95898 0.2394
46413.90771 0.2364
46413.90845 0.2401
46413.90918 0.2367
46442.75122 0.2377
46442.75195 0.2380
46442.75293 0.2340
46486.69873 0.2394
46486.69971 0.2377
46486.70068 0.2352
46523.65137 0.2467
46523.65503 0.2488
46523.66016 0.2500
46666.00049 0.2414
46666.00146 0.2363
46666.00220 0.2313
46726.95776 0.2292
46726.95874 0.2356
46726.95972 0.2339
46785.80786 0.2335
46785.80981 0.2344
46785.81177 0.2350
46844.65552 0.2454
46844.65698 0.2335
46844.65845 0.2443
47082.98755 0.2581
47082.98853 0.2570
47082.98950 0.2590
47144.78931 0.2366
47144.79053 0.2421
47144.79150 0.2395
47206.69604 0.2358
47206.69702 0.2340
47206.69800 0.2376
47457.96899 0.2356
47457.97021 0.2395
47457.97144 0.2335
47482.92822 0.2391
47482.92944 0.2328
47482.93091 0.2378
47496.84937 0.2367
47496.85059 0.2378
47496.85229 0.2373
47540.72974 0.2345
47540.73047 0.2333
47540.73145 0.2370
47974.64404 0.2572
47974.64502 0.2552
47974.64600 0.2546
