2444192.80000 0.1117
2445172.96497 0.1081
2445172.96704 0.1037
2445172.96802 0.1054
2445962.91211 0.2470
2445962.91418 0.2426
2445962.91638 0.2450
2445969.80115 0.2445
2445969.80286 0.2466
2445969.80469 0.2478
2445984.81482 0.2438
2445984.81616 0.2402
2445984.81812 0.2428
2445999.77429 0.2445
2445999.77576 0.2451
2445999.77734 0.2459
2446016.76697 0.2424
2446016.76782 0.2456
2446016.76868 0.2484
2446022.77161 0.2467
2446022.77246 0.2454
2446022.77332 0.2446
2446030.74280 0.2389
2446030.74500 0.2383
2446030.74683 0.2451
2446065.65186 0.2493
2446065.65308 0.2369
2446065.65405 0.2409
2446328.86670 0.2458
2446328.86792 0.2432
2446328.86865 0.2433
2446331.91260 0.2435
2446331.91333 0.2403
2446331.91406 0.2397
2446337.87402 0.2445
2446337.87451 0.2407
2446337.87524 0.2365
2446340.74170 0.2440
2446340.74243 0.2420
2446340.74316 0.2426
2446349.88159 0.2412
2446349.88257 0.2427
2446349.88330 0.2402
2446362.88086 0.2435
2446362.88159 0.2429
2446362.88257 0.2439
2446367.80908 0.2446
2446367.80981 0.2515
2446367.81055 0.2445
2446371.77490 0.2428
2446371.77588 0.2439
2446371.77686 0.2454
2446375.74805 0.2444
2446375.74878 0.2460
2446375.74976 0.2421
2446383.72607 0.2422
2446383.72705 0.2408
2446383.72778 0.2435
2446386.75195 0.2419
2446386.75269 0.2388
2446386.75342 0.2407
2446389.70996 0.2381
2446389.71118 0.2434
2446389.71216 0.2396
2446392.70068 0.2459
2446392.70166 0.2418
2446392.70264 0.2450
2446396.76880 0.2396
2446396.76978 0.2458
2446396.77051 0.2361
2446397.75000 0.2425
2446397.75073 0.2371
2446397.75171 0.2418
2446403.72925 0.2376
2446403.73022 0.2415
2446403.73096 0.2403
2446406.70068 0.2399
2446406.70166 0.2436
2446406.70239 0.2395
2446409.70386 0.2436
2446409.70483 0.2435
2446409.70581 0.2370
2446416.68506 0.2427
2446416.68579 0.2463
2446416.68652 0.2451
2446419.64526 0.2385
2446419.64600 0.2363
2446419.64673 0.2377
2446423.65674 0.2430
2446423.65771 0.2345
2446423.65845 0.2395
2446426.74365 0.2415
2446426.74463 0.2437
2446426.74536 0.2451
2446430.68896 0.2434
2446430.68994 0.2392
2446430.69067 0.2386
2446437.62500 0.2397
2446437.62573 0.2408
2446437.62671 0.2437
2446443.65674 0.2437
2446443.65747 0.2400
2446443.65820 0.2378
2446449.62183 0.2384
2446449.62280 0.2371
2446449.62354 0.2405
2446452.59717 0.2425
2446452.59814 0.2399
2446452.59888 0.2366
2446466.64087 0.2410
2446466.64160 0.2416
2446466.64233 0.2370
2446658.98779 0.2360
2446658.98853 0.2397
2446658.98926 0.2436
2446664.00220 0.2374
2446664.00317 0.2376
2446664.00415 0.2392
2446678.91553 0.2408
2446678.91626 0.2401
2446678.91724 0.2349
2446683.91675 0.2438
2446683.91724 0.2476
2446683.91797 0.2431
2446689.92212 0.2390
2446689.92310 0.2378
2446689.92383 0.2398
2446692.91138 0.2466
2446692.91235 0.2494
2446692.91309 0.2455
2446707.87842 0.2418
2446707.87915 0.2414
2446707.87988 0.2475
2446712.79883 0.2429
2446712.79956 0.2381
2446712.80054 0.2412
2446716.73535 0.2384
2446716.73633 0.2425
2446716.73730 0.2443
2446721.79517 0.2429
2446721.79590 0.2430
2446721.79688 0.2470
2446725.78882 0.2291
2446725.79102 0.2317
2446725.79248 0.2471
2446728.80029 0.2406
2446728.80127 0.2403
2446728.80225 0.2371
2446736.75830 0.2433
2446736.75928 0.2431
2446736.76025 0.2400
2446740.75146 0.2389
2446740.75220 0.2405
2446740.75269 0.2422
2446743.73511 0.2449
2446743.73633 0.2406
2446743.73706 0.2374
2446747.77026 0.2450
2446747.77124 0.2418
2446747.77222 0.2405
2446751.69873 0.2352
2446751.69971 0.2457
2446751.70068 0.2358
2446754.71460 0.2471
2446754.71533 0.2438
2446754.71631 0.2374
2446766.66772 0.2367
2446766.66870 0.2413
2446766.66968 0.2383
2446772.66602 0.2475
2446772.66699 0.2432
2446772.66821 0.2411
2446778.63354 0.2389
2446778.63428 0.2386
2446778.63550 0.2375
2446785.66748 0.2351
2446785.66968 0.2451
2446785.67212 0.2463
2446804.60400 0.2494
2446804.60669 0.2398
2446804.61182 0.2494
2446810.61938 0.2414
2446810.62036 0.2418
2446810.62109 0.2487
2447036.99951 0.2424
2447037.00049 0.2438
2447037.00122 0.2408
2447040.96460 0.2479
2447040.96558 0.2429
2447040.96655 0.2403
2447043.93286 0.2423
2447043.93384 0.2426
2447043.93457 0.2412
2447047.88867 0.2415
2447047.88965 0.2426
2447047.89087 0.2402
2447050.93066 0.2436
2447050.93164 0.2457
2447050.93237 0.2460
2447054.87793 0.2422
2447054.87891 0.2448
2447054.87964 0.2443
2447058.96875 0.2412
2447058.96973 0.2411
2447058.97070 0.2438
2447063.93970 0.2428
2447063.94043 0.2457
2447063.94116 0.2402
2447071.80981 0.2400
2447071.81055 0.2397
2447071.81152 0.2424
2447076.80884 0.2394
2447076.80981 0.2392
2447076.81104 0.2384
2447079.87573 0.2460
2447079.87671 0.2512
2447079.87769 0.2456
2447083.79492 0.2427
2447083.79614 0.2477
2447083.79712 0.2469
2447086.85156 0.2478
2447086.85254 0.2431
2447086.85327 0.2451
2447108.71094 0.2404
2447108.71191 0.2329
2447108.71289 0.2391
2447114.76563 0.2457
2447114.76685 0.2440
2447114.76782 0.2464
2447119.75781 0.2454
2447119.75854 0.2428
2447119.75952 0.2410
2447123.74048 0.2409
2447123.74146 0.2440
2447123.74219 0.2404
2447128.78760 0.2430
2447128.78833 0.2449
2447128.78906 0.2473
2447130.72900 0.2433
2447130.72998 0.2409
2447130.73096 0.2467
2447137.77295 0.2442
2447137.77441 0.2405
2447137.77563 0.2397
2447141.72095 0.2391
2447141.72168 0.2413
2447141.72266 0.2398
2447167.62085 0.2355
2447167.62183 0.2494
2447167.62280 0.2434
2447172.65430 0.2393
2447172.65503 0.2386
2447172.65576 0.2360
2447181.63257 0.2363
2447181.63330 0.2406
2447181.63428 0.2403
2447195.62817 0.2477
2447195.62891 0.2450
2447195.62988 0.2470
2447388.98657 0.2419
2447388.98755 0.2420
2447388.98877 0.2389
2447395.98706 0.2420
2447395.98828 0.2395
2447395.98926 0.2418
2447402.98706 0.2417
2447402.98804 0.2385
2447402.98926 0.2384
2447420.88086 0.2412
2447420.88208 0.2389
2447420.88330 0.2392
2447432.91406 0.2399
2447432.91528 0.2405
2447432.91650 0.2389
2447450.74927 0.2380
2447450.75024 0.2381
2447450.75122 0.2396
2447457.72681 0.2397
2447457.72803 0.2355
2447457.72925 0.2346
2447461.79956 0.2410
2447461.80078 0.2388
2447461.80176 0.2417
2447484.70068 0.2434
2447484.70190 0.2428
2447484.70288 0.2433
2447493.72144 0.2388
2447493.72266 0.2355
2447493.72412 0.2394
2447499.72510 0.2379
2447499.72632 0.2380
2447499.72754 0.2396
2447508.62549 0.2412
2447508.62671 0.2434
2447508.62793 0.2376
2447526.64429 0.2366
2447526.64575 0.2438
2447526.64722 0.2456
2447542.62695 0.2409
2447542.62769 0.2375
2447542.62866 0.2452
