2446664.98730 0.2481
2446664.98804 0.2509
2446664.98877 0.2453
2446728.80542 0.2428
2446728.80640 0.2421
2446728.80737 0.2394
2446803.64136 0.2416
2446803.64258 0.2457
2446803.64355 0.2411
2447040.95288 0.2459
2447040.95386 0.2469
2447040.95483 0.2470
2447112.79199 0.2497
2447112.79297 0.2443
2447112.79395 0.2449
2447173.61182 0.2457
2447173.61255 0.2538
2447173.61353 0.2546
2447395.99341 0.2494
2447395.99438 0.2496
2447395.99536 0.2494
2447428.90161 0.2516
2447428.90283 0.2495
2447428.90381 0.2512
2447456.78149 0.2484
2447456.78247 0.2459
2447456.78369 0.2469
2447474.69727 0.2510
2447474.69824 0.2549
2447474.69922 0.2541
2447496.63940 0.2491
2447496.64087 0.2525
2447496.64233 0.2494
2447542.63062 0.2492
2447542.63159 0.2501
2447542.63257 0.2538
