2445584.98500 0.5606
2445584.98600 0.5697
2445584.98700 0.5626
2445591.94000 0.5551
2445591.94100 0.5531
2445591.94100 0.5592
2445621.00400 0.5647
2445621.00500 0.5676
2445621.00600 0.5587
2445657.91100 0.5768
2445657.91200 0.5513
2445657.91300 0.5625
2445667.96700 0.5552
2445667.96800 0.5676
2445667.96900 0.5809
2445687.86500 0.5387
2445687.86600 0.5560
2445687.86700 0.5527
2445710.79400 0.5453
2445710.79500 0.5600
2445710.79600 0.5597
2445722.77600 0.5607
2445722.77700 0.5619
2445722.77700 0.5366
2445737.74300 0.5324
2445737.74400 0.5508
2445737.74500 0.5380
2445750.72500 0.5781
2445750.72600 0.5154
2445750.72700 0.5493
2445756.68500 0.5742
2445756.68600 0.5440
2445756.68700 0.5679
2445763.75100 0.5561
2445763.75200 0.5430
2445763.75300 0.5504
2445784.68103 0.5742
2445784.68201 0.5643
2445784.68298 0.5760
2445784.69495 0.5521
2445784.69592 0.5592
2445784.69678 0.5491
2445788.66931 0.5814
2445788.67029 0.5607
2445788.67139 0.5715
2445793.63400 0.5678
2445793.63500 0.5590
2445793.63600 0.5520
2445949.02026 0.5770
2445949.02185 0.5782
2445949.02344 0.5889
2445959.00879 0.5600
2445959.01147 0.5444
2445959.01416 0.5575
2445983.01648 0.5407
2445983.01758 0.5416
2445983.01880 0.5500
2445995.99219 0.5445
2445995.99414 0.5369
2445995.99622 0.5397
2446002.02307 0.5514
2446002.02405 0.5399
2446002.02515 0.5437
2446007.98059 0.5510
2446007.98145 0.5444
2446007.98242 0.5427
2446017.03516 0.5432
2446017.03638 0.5511
2446017.03735 0.5521
2446024.93225 0.5519
2446024.93311 0.5445
2446024.93396 0.5471
2446030.93640 0.5608
2446030.93811 0.5469
2446030.93970 0.5448
2446068.77612 0.5400
2446068.77686 0.5428
2446068.77734 0.5547
2446110.70459 0.5346
2446110.70581 0.5469
2446110.70679 0.5655
2446141.66797 0.5413
2446141.66895 0.5376
2446141.66968 0.5490
2446340.95508 0.5523
2446340.95581 0.5398
2446340.95654 0.5473
2446373.00830 0.5321
2446373.00903 0.5341
2446373.00977 0.5316
2446413.94263 0.5326
2446413.94409 0.5253
2446413.94531 0.5368
2446440.86499 0.5296
2446440.86572 0.5391
2446440.86646 0.5362
2446486.72461 0.5564
2446486.72559 0.5547
2446486.72632 0.5518
2446520.67773 0.5504
2446520.68530 0.5607
2446520.69287 0.5387
2447066.98047 0.5416
2447066.98120 0.5305
2447066.98218 0.5355
2447109.91382 0.5523
2447109.91479 0.5457
2447109.91577 0.5462
2447223.69824 0.5449
2447223.69922 0.5407
2447223.70020 0.5437
2447256.67017 0.5473
2447256.67139 0.5347
2447256.67261 0.5488
2447256.67407 0.5368
2447485.97974 0.5499
2447485.98096 0.5398
2447485.98242 0.5424
2447544.82397 0.5337
2447544.82568 0.5473
2447544.82739 0.5432
2447612.63037 0.5533
2447612.63281 0.5611
2447612.63428 0.5409
2447916.78613 0.5769
2447916.78760 0.5721
2447916.78906 0.5697
2448145.99463 0.5661
2448145.99561 0.5787
2448145.99658 0.5749
2448145.99756 0.5616
2448145.99805 0.5643
2448145.99902 0.5822
