2444207.80000 0.1209
2445185.00598 0.1157
2445185.00598 0.1157
2445185.00696 0.1140
2446759.72827 0.2416
2446759.72900 0.2411
2446759.72998 0.2362
2446766.67822 0.2389
2446766.67896 0.2343
2446766.67993 0.2385
2446773.70459 0.2277
2446773.70532 0.2279
2446773.70630 0.2340
2446782.68652 0.2396
2446782.68726 0.2371
2446782.68823 0.2295
2446804.62451 0.2400
2446804.62720 0.2394
2446804.62866 0.2349
2446813.59131 0.2341
2446813.59229 0.2396
2446813.59302 0.2373
2447033.96948 0.2417
2447033.97046 0.2344
2447033.97144 0.2374
2447043.94116 0.2387
2447043.94214 0.2394
2447043.94287 0.2388
2447049.92432 0.2363
2447049.92505 0.2350
2447049.92578 0.2362
2447056.86963 0.2390
2447056.87036 0.2369
2447056.87109 0.2335
2447073.87915 0.2397
2447073.87988 0.2381
2447073.88086 0.2340
2447085.86865 0.2451
2447085.86938 0.2409
2447085.87036 0.2407
2447108.75195 0.2316
2447108.75317 0.2365
2447108.75415 0.2344
2447116.72339 0.2412
2447116.72461 0.2443
2447116.72559 0.2421
2447123.74878 0.2449
2447123.74976 0.2480
2447123.75098 0.2442
2447129.71362 0.2416
2447129.71484 0.2398
2447129.71606 0.2428
2447137.75244 0.2396
2447137.75366 0.2436
2447137.75488 0.2344
2447144.72046 0.2337
2447144.72144 0.2373
2447144.72217 0.2360
2447168.60083 0.2464
2447168.60205 0.2489
2447168.60327 0.2451
2447183.62866 0.2496
2447183.63062 0.2318
2447183.63208 0.2350
2447195.64331 0.2405
2447195.64404 0.2375
2447195.64478 0.2396
2447426.88452 0.2393
2447426.88574 0.2394
2447426.88696 0.2402
2447434.89990 0.2387
2447434.90088 0.2366
2447434.90186 0.2392
2447450.75928 0.2378
2447450.76025 0.2355
2447450.76147 0.2378
2447459.77710 0.2371
2447459.77832 0.2355
2447459.77954 0.2374
2447470.71729 0.2329
2447470.71826 0.2397
2447470.71875 0.2363
2447484.71045 0.2396
2447484.71167 0.2415
2447484.71289 0.2426
2447496.64893 0.2400
2447496.65039 0.2409
2447496.65259 0.2349
2447509.64209 0.2371
2447509.64331 0.2376
2447509.64429 0.2360
2447544.61133 0.2397
2447544.61206 0.2425
2447544.61279 0.2412
