2445984.03503 0.5274
2445984.03699 0.5318
2445984.03882 0.5204
2445990.03101 0.5506
2445990.03381 0.5531
2445990.03638 0.5513
2446003.04602 0.5014
2446003.04724 0.5130
2446003.04846 0.5012
2446022.98315 0.5345
2446022.98608 0.5225
2446022.98853 0.5217
2446030.96558 0.5395
2446030.96875 0.5181
2446030.97229 0.5133
2446064.81494 0.5354
2446064.81665 0.5070
2446064.81812 0.5059
2446109.73657 0.5482
2446109.73853 0.5546
2446109.74023 0.5547
2446141.68213 0.5400
2446141.68408 0.5420
2446141.68604 0.5483
2446159.64087 0.5666
2446159.64307 0.5640
2446159.64526 0.5435
2446342.00732 0.5966
2446342.00806 0.5901
2446342.00879 0.5890
2446365.96924 0.5927
2446365.96997 0.5932
2446365.97070 0.5797
2446374.97437 0.6014
2446374.97510 0.5911
2446374.97607 0.5865
2446392.97729 0.5846
2446392.97827 0.5885
2446392.97900 0.5800
2446413.95728 0.5605
2446413.96289 0.5880
2446413.96411 0.5619
2446427.93433 0.5634
2446427.93506 0.5734
2446427.93579 0.5774
2446440.88159 0.5799
2446440.88257 0.5646
2446440.88330 0.5740
2446457.79517 0.5705
2446457.79614 0.5739
2446457.79688 0.5651
2446486.75000 0.5468
2446486.75073 0.5527
2446486.75171 0.5600
2446517.70483 0.5944
2446517.70630 0.5757
2446517.70776 0.5849
2447107.92017 0.5708
2447107.92090 0.5800
2447107.92163 0.5741
2447139.99878 0.5960
2447140.00000 0.5826
2447140.00098 0.5882
2447183.79565 0.5524
2447183.79663 0.5386
2447183.79736 0.5388
2447201.80664 0.5301
2447201.80786 0.5450
2447201.80908 0.5314
2447201.81055 0.5314
2447201.81177 0.5414
2447240.72021 0.5397
2447240.72168 0.5562
2447240.72314 0.5521
2447240.72461 0.5374
2447240.72632 0.5493
2447263.67627 0.5270
2447263.67773 0.5367
2447263.67920 0.5496
2447263.68042 0.5420
2447263.68188 0.5354
2447449.98828 0.5385
2447449.98926 0.5437
2447449.99023 0.5235
2447478.94751 0.5845
2447478.94849 0.5543
2447478.94971 0.5602
2447500.86548 0.5564
2447500.86670 0.5454
2447500.86816 0.5363
2447509.84521 0.5608
2447509.84619 0.5520
2447509.84741 0.5690
2447540.79736 0.5673
2447540.79858 0.5590
2447540.79980 0.5536
2447579.72705 0.5831
2447579.72827 0.5671
2447579.72974 0.5541
2447612.65015 0.5941
2447612.65234 0.5917
2447612.65503 0.5777
2447881.89209 0.6092
2447881.89307 0.6055
2447881.89429 0.6010
2447916.76392 0.5795
2447916.76489 0.5831
2447916.76611 0.5753
2449058.69287 0.6218
2449058.69531 0.6326
2449058.69775 0.6012
2449304.92920 0.6642
2449304.93066 0.6633
2449304.93213 0.6765
2449329.85205 0.6621
2449329.85303 0.6488
2449329.85449 0.6488
2449422.67676 0.6144
2449422.67773 0.6276
2449422.67871 0.6566
2449695.91504 0.6372
2449695.91650 0.6424
2449695.91748 0.6525
2449702.89844 0.6487
2449702.89941 0.6650
2449702.90039 0.6581
2449731.80859 0.6156
2449731.81006 0.6354
2449731.81104 0.6217
2449754.76807 0.6379
2449754.76904 0.6179
2449754.77051 0.6300
2449772.70605 0.7092
2449772.70703 0.7164
2449772.70850 0.6889
