2445785.63500 0.2429
2445785.63700 0.2412
2445785.64000 0.2392
2446720.03516 0.2492
2446720.03613 0.2415
2446720.03687 0.2442
2446726.96387 0.2394
2446726.96460 0.2447
2446726.96533 0.2420
2446745.95679 0.2450
2446745.95752 0.2353
2446745.95825 0.2357
2446775.88892 0.2357
2446775.88989 0.2414
2446775.89111 0.2453
2446809.78979 0.2472
2446809.79077 0.2345
2446809.79199 0.2353
2446847.66870 0.2434
2446847.67017 0.2450
2446847.67139 0.2402
2446874.65283 0.2504
2446874.65479 0.2361
2446874.65674 0.2463
2447110.96436 0.2402
2447110.96533 0.2401
2447110.96606 0.2455
2447173.76147 0.2430
2447173.76221 0.2446
2447173.76318 0.2448
2447239.63257 0.2434
2447239.63354 0.2431
2447239.63428 0.2459
2447481.93726 0.2518
2447481.93823 0.2433
2447481.93921 0.2453
2447546.72974 0.2405
2447546.73120 0.2382
2447546.73242 0.2462
2447609.63867 0.2435
2447609.64038 0.2428
2447609.64282 0.2420
