2444192.80000 0.1091
2445986.96704 0.2291
2445986.96851 0.2319
2445986.96973 0.2286
2446006.99841 0.2305
2446006.99988 0.2273
2446007.00134 0.2298
2446022.99927 0.2315
2446022.99988 0.2311
2446023.00061 0.2324
2446068.80688 0.2365
2446068.80737 0.2270
2446068.80811 0.2301
2446112.75049 0.2343
2446112.75122 0.2359
2446112.75195 0.2319
2446141.70361 0.2287
2446141.70435 0.2311
2446141.70483 0.2311
2446330.01611 0.2302
2446330.01685 0.2318
2446330.01733 0.2332
2446340.93750 0.2330
2446340.93848 0.2368
2446340.93921 0.2319
2446373.01855 0.2361
2446373.01929 0.2314
2446373.02002 0.2224
2446414.95728 0.2285
2446414.95825 0.2309
2446414.95923 0.2329
2446440.89307 0.2200
2446440.89380 0.2161
2446440.89478 0.2249
2446486.75513 0.2296
2446486.75586 0.2361
2446486.75659 0.2277
2446517.68799 0.2261
2446517.68896 0.2255
2446517.68945 0.2256
2447107.92554 0.2314
2447107.92651 0.2347
2447107.92725 0.2288
2447214.76099 0.2300
2447214.76172 0.2302
2447214.76270 0.2277
2447256.69458 0.2285
2447256.69580 0.2329
2447256.69751 0.2269
2447482.98535 0.2249
2447482.98730 0.2226
2447482.98901 0.2235
2447543.80493 0.2249
2447543.80688 0.2210
2447543.80859 0.2296
2447589.69507 0.2227
2447589.69604 0.2259
2447589.69727 0.2265
2447916.80200 0.2274
2447916.80273 0.2258
