2445170.99597 0.1872
2445170.99597 0.1882
2445170.99695 0.1843
2445181.95801 0.1928
2445181.95801 0.1909
2445181.95898 0.1866
2445181.95898 0.1914
2445573.93800 0.3719
2445573.93900 0.3804
2445573.94100 0.3671
2445627.81600 0.3453
2445627.81700 0.3475
2445627.81800 0.3630
2445658.74100 0.3370
2445658.74200 0.3380
2445658.74200 0.3401
2445684.64900 0.3680
2445684.65000 0.3681
2445684.65100 0.3744
2445709.60500 0.3683
2445709.60700 0.3741
2445709.60900 0.3914
2445913.99072 0.4582
2445913.99158 0.4575
2445913.99231 0.4704
2445919.94470 0.4735
2445919.94531 0.4794
2445919.94592 0.4820
2445928.93896 0.4493
2445928.93982 0.4359
2445928.94055 0.4526
2445933.97168 0.4343
2445933.97302 0.4612
2445933.97375 0.4508
2445938.90637 0.4438
2445938.90710 0.4411
2445938.90796 0.4503
2445942.94885 0.4736
2445942.94971 0.4577
2445942.95081 0.4581
2445950.90906 0.4080
2445950.90991 0.4044
2445950.91064 0.4095
2445957.94739 0.3828
2445957.95117 0.3906
2445957.95471 0.4088
2445971.80798 0.3800
2445971.80994 0.3750
2445971.81201 0.3806
2445983.81665 0.3862
2445983.81738 0.3768
2445983.81824 0.3758
2445999.76404 0.3817
2445999.76477 0.3868
2445999.76550 0.3888
2446041.64771 0.3763
2446041.64856 0.3803
2446041.65002 0.3801
2446049.70996 0.3902
2446049.71118 0.3937
2446049.71289 0.3891
2446056.65967 0.4056
2446056.66333 0.3978
2446056.66504 0.3995
2446065.61206 0.4105
2446065.61328 0.4147
2446065.61475 0.4092
2446083.90991 0.4642
2446083.91821 0.4625
2446083.92529 0.4640
2446283.98047 0.4002
2446283.98145 0.3984
2446283.98242 0.3862
2446286.98218 0.3830
2446286.98315 0.3860
2446286.98413 0.3791
2446291.93311 0.3828
2446291.93384 0.3750
2446291.93481 0.3782
2446294.94751 0.3724
2446294.94873 0.3794
2446294.94971 0.3831
2446297.92969 0.3667
2446297.93066 0.3674
2446297.93164 0.3696
2446301.93506 0.3667
2446301.93604 0.3631
2446301.93701 0.3671
2446304.96875 0.3758
2446304.96997 0.3670
2446304.97144 0.3686
2446322.88525 0.3653
2446322.88623 0.3584
2446322.88721 0.3620
2446328.88379 0.3645
2446328.88501 0.3476
2446328.88599 0.3610
2446331.87207 0.3637
2446331.87305 0.3569
2446331.87378 0.3604
2446338.83228 0.3578
2446338.83301 0.3547
2446338.83374 0.3619
2446341.82373 0.3546
2446341.82446 0.3535
2446341.82520 0.3518
2446358.77197 0.3359
2446358.77271 0.3400
2446358.77393 0.3395
2446362.78467 0.3340
2446362.78564 0.3340
2446362.78638 0.3358
2446367.79102 0.3371
2446367.79150 0.3414
2446367.79224 0.3439
2446371.79883 0.3414
2446371.79956 0.3403
2446371.80005 0.3449
2446374.71484 0.3528
2446374.71558 0.3395
2446374.71655 0.3376
2446383.71167 0.3541
2446383.71265 0.3555
2446383.71338 0.3542
2446386.75830 0.3533
2446386.75903 0.3496
2446386.75977 0.3542
2446389.69531 0.3528
2446389.69629 0.3566
2446389.69702 0.3577
2446392.69116 0.3541
2446392.69189 0.3471
2446392.69263 0.3530
2446406.70752 0.3666
2446406.70850 0.3691
2446406.70947 0.3674
2446409.71875 0.3622
2446409.71948 0.3713
2446409.72046 0.3700
2446414.68140 0.3815
2446414.68237 0.3777
2446414.68335 0.3818
2446418.66284 0.3943
2446418.66357 0.3851
2446418.66431 0.3833
2446421.64575 0.3945
2446421.64673 0.3937
2446421.64746 0.3858
2446437.62036 0.4061
2446437.62109 0.4047
2446437.62183 0.4089
2446443.63184 0.4086
2446443.63257 0.4086
2446443.63330 0.4027
2446658.98047 0.3939
2446658.98120 0.3921
2446658.98193 0.3883
2446664.99292 0.3875
2446664.99390 0.3890
2446664.99512 0.3847
2446671.93604 0.3602
2446671.93652 0.3640
2446671.93726 0.3606
2446674.91626 0.3624
2446674.91724 0.3505
2446674.91797 0.3579
2446677.90894 0.3500
2446677.90967 0.3463
2446677.91040 0.3542
2446682.90161 0.3349
2446682.90234 0.3427
2446682.90308 0.3395
2446685.88037 0.3328
2446685.88232 0.3379
2446685.88403 0.3342
2446689.91553 0.3316
2446689.91626 0.3341
2446689.91699 0.3328
2446692.90454 0.3234
2446692.90527 0.3275
2446692.90601 0.3221
2446706.81519 0.3284
2446706.81616 0.3161
2446706.81689 0.3290
2446712.79150 0.3185
2446712.79224 0.3265
2446712.79321 0.3258
2446716.74536 0.3310
2446716.74609 0.3337
2446716.74683 0.3300
2446721.78735 0.3456
2446721.78833 0.3488
2446721.78931 0.3468
2446724.77368 0.3568
2446724.77466 0.3496
2446724.77563 0.3569
2446727.78101 0.3601
2446727.78149 0.3610
2446727.78271 0.3514
2446727.78345 0.3556
2446727.78442 0.3589
2446736.76563 0.3745
2446736.76660 0.3702
2446736.76758 0.3682
2446740.74341 0.3808
2446740.74414 0.3729
2446740.74487 0.3773
2446743.72827 0.3808
2446743.72900 0.3844
2446743.72974 0.3798
2446747.71045 0.3885
2446747.71118 0.3888
2446747.71216 0.3942
2446750.71338 0.3895
2446750.71436 0.3894
2446750.71533 0.3926
2446754.70630 0.4000
2446754.70728 0.3996
2446754.70801 0.4027
2446766.66064 0.4053
2446766.66138 0.4041
2446766.66211 0.4005
2446772.67334 0.3945
2446772.67407 0.4100
2446772.67505 0.3993
2446776.64087 0.4057
2446776.64185 0.4042
2446776.64258 0.4045
2446779.63013 0.4118
2446779.63062 0.4131
2446779.63135 0.4150
2446805.60742 0.3986
2446805.60840 0.3914
2446805.60938 0.3890
2446809.60620 0.3880
2446809.60693 0.3917
2446809.60791 0.3922
2446812.59570 0.3851
2446812.59644 0.3791
2446812.59790 0.3851
2446815.58887 0.3923
2446815.59033 0.3905
2446815.59155 0.3764
2447038.92822 0.3313
2447038.92896 0.3280
2447038.92969 0.3337
2447041.94678 0.3301
2447041.94751 0.3348
2447041.94849 0.3311
2447044.91333 0.3440
2447044.91406 0.3558
2447044.91504 0.3429
2447048.90210 0.3497
2447048.90283 0.3411
2447048.90381 0.3493
2447053.88330 0.3552
2447053.88428 0.3537
2447053.88525 0.3544
2447056.84375 0.3305
2447056.84497 0.3298
2447056.84595 0.3447
2447060.86987 0.3578
2447060.87012 0.3531
2447060.87036 0.3584
2447070.83813 0.3410
2447070.83862 0.3427
2447070.83936 0.3476
2447073.80249 0.3476
2447073.80347 0.3510
2447073.80469 0.3446
2447077.86768 0.3551
2447077.86865 0.3622
2447077.86963 0.3572
2447082.81152 0.3829
2447082.81250 0.3808
2447082.81372 0.3896
2447085.80005 0.3567
2447085.80127 0.3581
2447085.80225 0.3475
2447089.78247 0.3480
2447089.78320 0.3453
2447089.78418 0.3511
2447107.73853 0.3799
2447107.73950 0.3739
2447107.74023 0.3775
2447116.73389 0.3721
2447116.73560 0.3666
2447116.73755 0.3562
2447121.72217 0.3690
2447121.72290 0.3607
2447121.72363 0.3703
2447125.71606 0.3670
2447125.71704 0.3635
2447125.71777 0.3634
2447129.74561 0.3639
2447129.74683 0.3655
2447129.74756 0.3621
2447140.66650 0.3366
2447140.66748 0.3533
2447140.66870 0.3527
2447150.65405 0.3431
2447150.65552 0.3390
2447150.65674 0.3512
2447168.59253 0.3353
2447168.59351 0.3478
2447168.59448 0.3491
2447172.58618 0.3359
2447172.58716 0.3383
2447172.58838 0.3374
2447181.59692 0.3329
2447181.59790 0.3258
2447181.59888 0.3263
2447420.88965 0.3627
2447420.89063 0.3654
2447420.89136 0.3734
2447431.88721 0.3798
2447431.88843 0.3800
2447431.88965 0.3755
2447435.88501 0.3738
2447435.88623 0.3742
2447435.88745 0.3803
2447437.92529 0.3832
2447437.93335 0.3706
2447437.93457 0.3792
2447437.93555 0.3837
2447455.78613 0.3788
2447455.78760 0.3786
2447455.78906 0.3850
2447460.76758 0.3677
2447460.76904 0.3638
2447460.77075 0.3706
2447470.72681 0.3683
2447470.72852 0.3552
2447470.73022 0.3615
2447484.69067 0.3404
2447484.69189 0.3420
2447484.69312 0.3455
2447493.69824 0.3378
2447493.69922 0.3400
2447493.69995 0.3338
2447497.70044 0.3286
2447497.70215 0.3282
2447497.70386 0.3224
2447509.64868 0.3204
2447509.64966 0.3231
2447509.65063 0.3191
2447522.63232 0.3168
2447522.63330 0.3163
2447522.63477 0.3154
2447526.62817 0.3111
2447526.62915 0.3120
2447526.63062 0.3099
2447536.60693 0.3151
2447536.60767 0.3161
2447536.60815 0.3158
2447761.95215 0.3898
2447761.95337 0.3898
2447761.95435 0.3914
2447765.93018 0.3957
2447765.93140 0.3996
2447765.93237 0.3957
2447768.91504 0.4015
2447768.91626 0.3995
2447768.91748 0.3930
2447773.93262 0.4005
2447773.93384 0.3994
2447773.93506 0.3999
2447778.92603 0.4062
2447778.92725 0.4056
2447778.92822 0.3947
2447781.91113 0.4006
2447781.91235 0.3997
2447781.91357 0.4009
2447804.87085 0.4159
2447804.87207 0.4086
2447804.87329 0.4068
2447809.85107 0.4055
2447809.85254 0.4140
2447809.85376 0.4130
2447816.83130 0.4073
2447816.83276 0.4071
2447816.83398 0.4055
2447835.75220 0.4012
2447835.75342 0.3941
2447835.75464 0.3988
2447847.70825 0.3871
2447847.70972 0.3828
2447847.71094 0.3845
2447864.69287 0.3538
2447864.69434 0.3556
2447864.69556 0.3567
2447867.68433 0.3601
2447867.68530 0.3603
2447867.68652 0.3533
2447871.68481 0.3456
2447871.68604 0.3534
2447871.68726 0.3509
2447898.59814 0.3553
2447898.59961 0.3491
2447898.60083 0.3506
2448135.94043 0.4580
2448135.94141 0.4637
2448135.94238 0.4700
2448150.90771 0.4734
2448150.90869 0.4717
2448150.91016 0.4710
2448193.79834 0.4050
2448193.79932 0.3961
2448193.80029 0.4021
2448214.69922 0.4135
2448214.70068 0.4069
2448214.70215 0.4032
2448227.69629 0.4165
2448227.69775 0.4234
2448227.69922 0.4153
2448471.98779 0.4323
2448471.98828 0.4384
2448471.98877 0.4398
2448476.01953 0.4308
2448476.02051 0.4343
2448476.02148 0.4293
2448476.99365 0.4415
2448476.99414 0.4295
2448476.99463 0.4382
2448580.70850 0.4393
2448580.70898 0.4425
2448580.70947 0.4440
2448875.91504 0.4057
2448875.91602 0.4068
2448875.91748 0.4063
2448903.81787 0.4196
2448903.81982 0.4217
2448903.82080 0.4259
2448934.78418 0.4440
2448934.78613 0.4457
2448934.78711 0.4466
2448977.69092 0.4302
2448977.69238 0.4347
2448977.69385 0.4357
2449269.83057 0.4178
2449269.83154 0.4185
2449269.83301 0.4214
2449297.77441 0.4344
2449297.77588 0.4406
2449297.77734 0.4375
2449310.68262 0.4492
2449310.68408 0.4437
2449310.68555 0.4472
2449329.65381 0.4762
2449329.65576 0.4712
2449329.65771 0.4780
2449332.65869 0.4779
2449332.66016 0.4787
2449332.66113 0.4778
2449344.63623 0.4835
2449344.63770 0.4775
2449344.63916 0.4835
2449600.90381 0.4534
2449600.90527 0.4494
2449600.90625 0.4550
2449610.87451 0.4420
2449610.87549 0.4429
2449610.87646 0.4405
2449617.79590 0.4388
2449617.79688 0.4390
2449617.79785 0.4386
2449633.81982 0.4380
2449633.82080 0.4418
2449633.82178 0.4400
2449641.81055 0.4637
2449641.81152 0.4667
2449641.81299 0.4629
2449647.75000 0.4836
2449647.75146 0.4777
2449647.75244 0.4734
2449657.75977 0.5138
2449657.76074 0.5144
2449657.76221 0.5149
2449663.73047 0.5383
2449663.73145 0.5376
2449663.73291 0.5391
2449675.72705 0.5507
2449675.72803 0.5483
2449675.72949 0.5496
2449679.70557 0.5635
2449679.70703 0.5623
2449679.70801 0.5486
2449695.68945 0.4998
2449695.69043 0.4974
2449695.69189 0.5057
2449703.66309 0.5085
2449703.66455 0.5040
2449703.66553 0.4954
