43826.80000 0.3373
43892.80000 0.5105
44200.80000 0.5203
45591.99800 0.5248
45591.99900 0.5624
45592.00000 0.5583
45596.01600 0.5415
45596.01700 0.5558
45596.01800 0.5467
45653.99200 0.5440
45653.99300 0.5503
45653.99500 0.5628
45660.97700 0.5254
45660.98100 0.5339
45660.98500 0.5191
45666.97600 0.5415
45666.97800 0.5585
45666.98000 0.5497
45673.94300 0.5521
45673.94600 0.5385
45673.94900 0.5504
45683.94600 0.5524
45683.94800 0.5386
45683.95100 0.5097
45704.91100 0.5555
45704.91400 0.5994
45704.91700 0.5424
45706.92400 0.5942
45706.92700 0.5705
45706.93000 0.5396
45709.82500 0.5218
45709.82700 0.5279
45709.82900 0.5404
45715.80200 0.5702
45715.80400 0.5500
45715.80500 0.5594
45724.81500 0.5372
45724.81600 0.5709
45724.81700 0.5605
45728.79400 0.5651
45728.79500 0.5776
45728.79600 0.5712
45737.77600 0.5661
45737.77800 0.5630
45737.78000 0.5591
45739.76200 0.5514
45739.76400 0.5565
45739.76600 0.5329
45741.72700 0.5231
45741.73000 0.5351
45741.73300 0.5280
45746.78800 0.5945
45746.78900 0.5457
45746.79000 0.5861
45749.74600 0.5383
45749.74700 0.5340
45749.74900 0.5230
45751.78800 0.5430
45751.79000 0.5511
45751.79200 0.5470
45753.70700 0.5759
45753.70900 0.5709
45753.71100 0.5541
45755.71600 0.5818
45755.71700 0.6118
45755.71900 0.5719
45760.73200 0.5899
45760.73300 0.5842
45760.73400 0.5999
45762.73600 0.5830
45762.73700 0.5271
45762.73900 0.5650
45765.74000 0.5428
45765.74300 0.5158
45765.74500 0.5271
45771.73486 0.5452
45771.73779 0.5516
45771.74158 0.5353
45779.68400 0.5557
45779.68500 0.5722
45779.68700 0.5601
45782.67200 0.5441
45782.67400 0.5466
45782.67500 0.5532
45784.70361 0.5349
45784.70642 0.5228
45784.70959 0.5236
45787.66943 0.5468
45787.67139 0.5497
45787.67383 0.5351
45790.70032 0.5051
45790.70313 0.4982
45790.70569 0.5057
45793.65200 0.5131
45793.65400 0.5156
45793.65600 0.5185
45802.66223 0.5572
45802.66443 0.5101
45802.66687 0.5403
46069.84766 0.5232
46069.85010 0.5055
46069.85205 0.5379
46086.29907 0.5493
46086.30859 0.5568
46086.31812 0.5419
46109.75659 0.5515
46109.75830 0.5327
46109.76001 0.5349
46112.77759 0.5430
46112.77954 0.5365
46112.78149 0.5394
46116.76392 0.5439
46116.76611 0.5387
46116.76855 0.5305
46118.70313 0.5142
46118.70679 0.5084
46118.71045 0.4923
46122.75781 0.5528
46122.76001 0.5558
46122.76221 0.5540
46140.72046 0.5304
46140.72314 0.5488
46140.72583 0.5286
46142.64673 0.5155
46142.64819 0.5300
46142.65015 0.5163
46144.66406 0.5171
46144.66650 0.5319
46144.66895 0.5307
46148.63745 0.5454
46148.63892 0.5380
46148.64063 0.5467
46156.67651 0.5387
46156.68091 0.5167
46156.68506 0.5130
46158.65308 0.5607
46158.65527 0.5490
46158.65771 0.5414
46160.65259 0.4923
46160.65552 0.4840
46160.65918 0.4925
46163.66382 0.5008
46163.66602 0.4983
46163.66846 0.5113
46165.64502 0.5272
46165.64746 0.5142
46165.64990 0.5390
46167.64355 0.4973
46167.64648 0.5028
46167.64917 0.5315
46170.63721 0.5136
46170.64038 0.4888
46170.64355 0.4740
46340.98877 0.4935
46340.98926 0.5169
46340.98999 0.4796
46348.97876 0.4735
46348.98047 0.4473
46348.98193 0.4638
46359.00562 0.4818
46359.00708 0.5105
46359.00903 0.4925
46364.01221 0.5094
46364.01318 0.4851
46364.01416 0.4693
46365.97754 0.4903
46365.97827 0.4979
46365.97900 0.4839
46368.98926 0.4890
46368.99023 0.4829
46368.99097 0.4827
46371.00977 0.4657
46371.01050 0.4664
46371.01147 0.4653
46373.02734 0.5195
46373.02808 0.5212
46373.02881 0.5196
46374.98608 0.5143
46374.98682 0.5188
46374.98755 0.5095
46376.96436 0.4967
46376.96533 0.4972
46376.96631 0.4962
46382.98462 0.4739
46382.98608 0.4881
46382.98779 0.4763
46384.99023 0.4907
46384.99121 0.4888
46384.99219 0.4998
46387.99780 0.4618
46387.99951 0.4627
46388.00122 0.4753
46389.97705 0.4998
46389.97803 0.5068
46389.97900 0.4980
46391.95068 0.4677
46391.95142 0.4856
46391.95239 0.4647
46396.95410 0.4473
46396.95483 0.4632
46396.95581 0.4478
46403.98462 0.4536
46403.98535 0.4605
46403.98633 0.4532
46405.95703 0.4747
46405.95801 0.4633
46405.95923 0.4707
46407.93628 0.4743
46407.93750 0.4597
46407.93848 0.4750
46409.96680 0.4508
46409.96777 0.4655
46409.96899 0.4407
46417.92773 0.4403
46417.92871 0.4439
46417.92969 0.4431
46419.96460 0.4636
46419.96533 0.4747
46419.96606 0.4789
46421.90259 0.4870
46421.90381 0.4697
46421.90454 0.5165
46426.91333 0.4535
46426.91406 0.4520
46426.91504 0.4506
46441.87573 0.4571
46441.87646 0.4740
46441.87720 0.4734
46443.81030 0.4359
46443.81152 0.4361
46443.81250 0.4496
46448.80054 0.4878
46448.80127 0.4777
46448.80200 0.4794
46450.79858 0.4410
46450.79932 0.4429
46450.80029 0.4529
46452.78638 0.4549
46452.78735 0.4363
46452.78857 0.4488
46455.77246 0.4866
46455.77368 0.4874
46455.77466 0.4904
46457.84595 0.4700
46457.84692 0.4577
46457.84766 0.4763
46463.81128 0.4726
46463.81250 0.4596
46463.81372 0.4635
46467.78247 0.4563
46467.78369 0.4528
46467.78516 0.4623
46470.77466 0.4635
46470.77612 0.4709
46470.77808 0.4594
46472.74438 0.4635
46472.74561 0.4562
46472.74634 0.4741
46483.72705 0.4676
46483.72827 0.4711
46483.72949 0.4573
46487.76343 0.4501
46487.76440 0.4431
46487.76538 0.4400
46490.73022 0.4347
46490.73120 0.4409
46490.73218 0.4455
46492.76514 0.4753
46492.76709 0.4750
46492.76953 0.4878
46494.73218 0.4706
46494.73340 0.4431
46494.73486 0.4678
46496.68433 0.4109
46496.68604 0.4219
46496.68774 0.4163
46508.66748 0.4329
46508.66992 0.4482
46508.67261 0.4553
46510.67700 0.4729
46510.67822 0.4765
46510.67993 0.4552
46514.66675 0.4369
46514.66846 0.4677
46514.67017 0.4459
46516.68335 0.4313
46516.68530 0.4424
46516.68750 0.4433
