2445986.97583 0.6366
2445986.97925 0.6193
2445986.98267 0.6297
2446007.00671 0.6462
2446007.00952 0.6326
2446007.01196 0.6430
2446023.00586 0.6587
2446023.00916 0.6396
2446023.01306 0.6226
2446068.81079 0.7105
2446068.81274 0.6679
2446068.81470 0.6783
2446112.73853 0.6581
2446112.74048 0.6452
2446112.74243 0.6555
2446141.72363 0.6705
2446141.72681 0.6762
2446141.72949 0.6738
2446340.94092 0.6483
2446340.94165 0.6548
2446340.94263 0.6723
2446377.97510 0.6743
2446377.97632 0.6808
2446377.97729 0.6909
2446414.95093 0.6981
2446414.95190 0.6548
2446414.95264 0.6807
2446440.89746 0.6588
2446440.89819 0.6399
2446440.89893 0.6496
2446486.75977 0.6901
2446486.76074 0.7058
2446486.76196 0.7008
2446517.69336 0.6133
2446517.69507 0.6547
2446517.69678 0.6392
2447107.93091 0.8231
2447107.93188 0.8219
2447107.93262 0.8272
2447140.95752 0.7491
2447140.95874 0.7565
2447140.96021 0.7591
2447174.84497 0.8504
2447174.84644 0.8493
2447174.84766 0.8596
2447201.81592 0.8141
2447201.81714 0.8053
2447201.81860 0.7951
2447201.81982 0.8215
2447201.82129 0.8172
2447201.82349 0.7969
2447201.82471 0.8115
2447240.73169 0.7982
2447240.73315 0.8003
2447240.73462 0.7750
2447240.73608 0.7995
2447240.73755 0.7847
2447482.99561 0.7322
2447482.99658 0.7480
2447482.99780 0.7287
2447509.85571 0.6944
2447509.85693 0.7209
2447509.85840 0.7152
2447542.79199 0.7121
2447542.79321 0.7519
2447542.79443 0.7389
2447581.75562 0.7299
2447581.75732 0.7094
2447581.75903 0.7289
2447615.62695 0.7446
2447615.62866 0.7355
2447615.63037 0.7778
2447916.80811 0.7815
2447916.80908 0.7828
2447916.81006 0.7704
2448296.76416 0.8372
2448296.76514 0.8775
2448296.76611 0.9008
