45585.01600 0.4388
45585.01700 0.4512
45585.01700 0.4379
45591.96400 0.4401
45591.96400 0.4497
45591.96500 0.4439
45620.99600 0.4698
45620.99700 0.4763
45620.99700 0.4709
45661.00000 0.4476
45661.00100 0.4565
45661.00200 0.4504
45664.93600 0.4506
45664.93900 0.4431
45664.94100 0.4431
45673.82600 0.4375
45673.82700 0.4562
45673.82800 0.4531
45683.92200 0.4704
45683.92300 0.4640
45683.92400 0.4574
45711.81900 0.4508
45711.82000 0.4439
45711.82100 0.4518
45724.82000 0.4351
45724.82000 0.4388
45724.82100 0.4409
45788.73242 0.4393
45788.73303 0.4336
45788.73364 0.4231
47107.94946 0.4313
47107.95068 0.4346
47107.95142 0.4249
47140.96484 0.4250
47140.96558 0.4189
47140.96631 0.4129
47174.85205 0.4412
47174.85303 0.4471
47174.85376 0.4441
47201.82935 0.4477
47201.83032 0.4569
47201.83130 0.4356
47201.83228 0.4414
47201.83350 0.4398
47242.70728 0.4279
47242.70850 0.4318
47242.70947 0.4227
47483.00464 0.4165
47483.00586 0.4195
47483.00732 0.4197
47509.86206 0.4483
47509.86328 0.4425
47509.86450 0.4426
47542.79834 0.4383
47542.79956 0.4372
47542.80078 0.4411
47570.79175 0.4393
47570.79297 0.4437
47570.79443 0.4308
47615.63745 0.4140
47615.63867 0.4217
47615.63989 0.4101
47890.88843 0.4751
47890.88965 0.4694
47890.89087 0.4691
47921.80688 0.4525
47921.80762 0.4454
47921.80811 0.4593
47951.72998 0.4604
47951.73047 0.4570
47951.73120 0.4740
48148.99951 0.4595
48149.00049 0.4613
48149.00195 0.4606
48149.00342 0.4586
48149.00488 0.4568
48149.00586 0.4612
48296.77148 0.4663
48296.77246 0.4675
48296.77344 0.4675
