2445807.63037 0.5067
2445807.63184 0.4908
2445807.63306 0.5055
2446725.98950 0.4345
2446725.99390 0.4443
2446725.99927 0.4150
2446785.90942 0.4369
2446785.91382 0.4551
2446785.91797 0.4378
2446858.65576 0.4735
2446858.65918 0.4993
2446858.66382 0.4764
2447108.02661 0.4884
2447108.02734 0.4969
2447108.02832 0.4880
2447138.96460 0.4939
2447138.96606 0.4856
2447138.96777 0.4818
2447170.89331 0.4527
2447170.89453 0.4650
2447170.89600 0.4517
2447170.89722 0.4711
2447204.79077 0.4886
2447204.79175 0.4842
2447204.79272 0.4934
2447242.70044 0.4377
2447242.70117 0.4632
2447242.70215 0.4681
2447242.70288 0.4696
2447242.70361 0.4434
2447525.86743 0.4432
2447525.86987 0.4391
2447525.87207 0.4270
2447578.71753 0.4714
2447578.71973 0.4506
2447578.72168 0.4520
2447599.67676 0.4306
2447599.68066 0.4515
2447599.68555 0.4385
2447977.65063 0.5375
2447977.65186 0.5402
2447977.65308 0.5423
2448296.73096 0.5047
2448296.73193 0.5137
2448296.73291 0.5201
