43827.80000 0.9550
43892.80000 0.4733
44191.80000 0.8843
44200.80000 0.5734
45591.99100 0.5343
45591.99200 0.5238
45591.99400 0.5144
45594.01700 0.9855
45594.01800 1.0238
45594.01900 1.0410
45653.99800 0.9607
45653.99900 0.9752
45654.00000 0.9266
45660.99000 0.9203
45660.99300 0.9045
45660.99700 0.9331
45666.95700 0.8719
45666.95900 0.8789
45666.96000 0.8596
45670.94600 0.9753
45670.94800 0.9906
45670.95000 0.9887
45673.96300 0.8267
45673.96500 0.8289
45673.96700 0.8351
45676.98800 0.4796
45676.99200 0.4604
45676.99500 0.4658
45683.93000 0.4825
45683.93300 0.4627
45683.93600 0.4745
45706.93500 0.5287
45706.93800 0.5698
45706.94100 0.5856
45708.82700 0.8323
45708.83000 0.8223
45708.83200 0.8592
45710.84800 0.5140
45710.85000 0.5291
45710.85200 0.5656
45715.80900 0.7656
45715.81100 0.8079
45715.81200 0.7755
45724.83500 0.5344
45724.83700 0.5142
45724.83800 0.5261
45728.78700 0.5050
45728.78900 0.4876
45728.79100 0.4939
45737.78300 0.9349
45737.78500 0.9625
45737.78600 0.8930
45739.77000 0.4156
45739.77300 0.4164
45739.77600 0.4315
45741.74000 0.5631
45741.74300 0.5440
45741.74600 0.5671
45746.79300 0.4436
45746.79500 0.4080
45746.79700 0.4128
45749.75300 0.5078
45749.75500 0.5169
45749.75700 0.5283
45751.79500 0.8922
45751.79700 0.8718
45751.79800 0.9175
45753.71500 0.4237
45753.71800 0.4180
45753.72100 0.4390
45755.72200 0.5807
45755.72400 0.5535
45755.72700 0.5677
45760.77200 0.3778
45760.77400 0.3946
45760.77600 0.3757
45761.75300 0.8944
45761.75400 0.9308
45761.75500 0.9118
45763.76300 0.4900
45763.76500 0.4807
45763.76700 0.4599
45765.74900 0.9338
45765.75000 0.9433
45765.75200 0.9872
45779.69000 0.9494
45779.69100 0.9340
45779.69200 0.9794
45782.67800 0.8670
45782.67900 0.8815
45782.68000 0.8970
45785.69300 0.8191
45785.69600 0.8213
45785.69900 0.8006
45788.69446 0.4337
45788.69885 0.4595
45788.70374 0.4463
45790.70874 0.5873
45790.71057 0.5623
45790.71265 0.5972
45793.65800 0.9322
45793.65900 0.9208
45793.66100 0.9778
45797.66800 0.5794
45797.67100 0.5697
45797.67300 0.5374
45802.67053 0.4495
45802.67358 0.4550
45802.67737 0.4579
45805.65900 0.5959
45805.66200 0.6153
45805.66400 0.5751
46109.76660 0.4411
46109.76904 0.4284
46109.77148 0.4331
46112.78564 0.4297
46112.78833 0.4638
46112.79175 0.4653
46118.73291 0.9087
46118.73657 0.8806
46118.74048 0.8481
46119.72363 0.4704
46119.72681 0.4457
46119.73120 0.4629
46122.80225 0.6663
46122.80469 0.7095
46122.80737 0.6844
46125.66968 0.9125
46125.67114 0.9078
46125.67261 0.9387
46140.73120 0.4792
46140.73486 0.4750
46140.73901 0.4779
46142.65381 0.8800
46142.65527 0.8818
46142.65649 0.9163
46144.67407 0.4333
46144.67773 0.4243
46144.68091 0.4563
46146.65283 0.9179
46146.65503 0.9028
46146.65723 0.9551
46158.66284 0.4189
46158.66626 0.4412
46158.66943 0.4178
46160.66284 0.9217
46160.66504 0.9338
46160.66699 0.9045
46163.67163 0.8584
46163.67334 0.8458
46163.67480 0.8306
46165.65820 0.4374
46165.66162 0.4445
46165.66528 0.4345
46167.65649 0.9096
46167.65845 0.9294
46167.66064 0.8752
46170.67261 0.8084
46170.67651 0.7939
46170.68042 0.8420
48151.99121 0.4240
48151.99365 0.4422
48151.99658 0.4353
48151.99902 0.4404
48152.00146 0.4240
48152.00391 0.4332
