2439341.80000 0.2720
2439342.80000 0.2885
2439368.80000 0.2898
2439371.80000 0.2949
2439390.80000 0.2699
2439391.80000 0.2742
2439424.80000 0.2863
2439722.80000 0.2417
2439723.80000 0.2373
2439787.80000 0.2589
2439788.80000 0.2615
2439789.80000 0.2664
2439817.80000 0.2533
2439832.80000 0.2358
2440077.80000 0.2514
2440078.80000 0.2482
2440079.80000 0.2504
2440105.80000 0.2632
2440106.80000 0.2593
2440107.80000 0.2589
2440139.80000 0.2412
2440140.80000 0.2440
2440167.80000 0.2409
2440168.80000 0.2487
2440169.80000 0.2506
2440170.80000 0.2588
2440406.80000 0.2434
2440438.80000 0.2313
2440439.80000 0.2321
2440440.80000 0.2327
2440454.80000 0.2552
2440455.80000 0.2469
2440456.80000 0.2513
2440457.80000 0.2505
2440495.80000 0.2526
2440497.80000 0.2484
2440498.80000 0.2461
2440499.80000 0.2484
2440517.80000 0.2553
2440519.80000 0.2601
2440520.80000 0.2627
2440555.80000 0.2478
2440570.80000 0.2454
2440572.80000 0.2374
2440573.80000 0.2397
2440809.80000 0.2262
2440811.80000 0.2179
2440812.80000 0.2205
2440843.80000 0.2266
2440844.80000 0.2182
2440845.80000 0.2174
2440881.80000 0.2117
2440910.80000 0.2098
2440911.80000 0.2165
2440912.80000 0.2115
2440935.80000 0.2256
2441168.80000 0.2137
2441169.80000 0.2121
2441170.80000 0.2089
2441199.80000 0.2148
2441200.80000 0.2110
2441201.80000 0.2117
2441202.80000 0.2132
2441249.80000 0.2162
2441250.80000 0.2106
2441262.80000 0.2128
2441264.80000 0.2132
2441285.80000 0.2043
2441286.80000 0.2113
2441314.80000 0.2178
2441554.80000 0.2097
2441589.80000 0.2076
2441590.80000 0.2101
2441591.80000 0.2076
2441592.80000 0.2138
2441614.80000 0.2095
2441615.80000 0.2152
2441618.80000 0.2177
2441641.80000 0.2015
2441643.80000 0.2031
2441644.80000 0.2013
2441669.80000 0.2036
2441671.80000 0.2030
2441885.80000 0.2191
2441886.80000 0.2182
2441909.80000 0.2057
2441910.80000 0.2145
2441911.80000 0.2091
2441942.80000 0.2100
2441943.80000 0.2025
2441944.80000 0.2118
2441945.80000 0.2163
2441959.80000 0.2154
2441960.80000 0.2193
2441961.80000 0.2201
2442015.80000 0.2184
2442016.80000 0.2204
2442046.80000 0.2046
2442260.80000 0.2269
2442261.80000 0.2244
2442282.80000 0.2326
2442283.80000 0.2304
2442284.80000 0.2324
2442285.80000 0.2279
2442329.80000 0.2233
2442330.80000 0.2300
2442331.80000 0.2294
2442380.80000 0.2162
2442382.80000 0.2173
2442615.80000 0.2388
2442616.80000 0.2420
2442644.80000 0.2502
2442645.80000 0.2423
2442646.80000 0.2517
2442647.80000 0.2449
2442675.80000 0.2628
2442676.80000 0.2618
2442677.80000 0.2693
2442678.80000 0.2686
2442702.80000 0.2463
2442703.80000 0.2487
2442704.80000 0.2407
2442731.80000 0.2356
2442732.80000 0.2340
2442763.80000 0.2552
2442764.80000 0.2530
2442765.80000 0.2569
2442973.80000 0.2384
2442975.80000 0.2419
2443024.80000 0.2400
2443025.80000 0.2383
2443060.80000 0.2533
2443061.80000 0.2540
2443062.80000 0.2392
2443063.80000 0.2379
2443110.80000 0.2473
2443111.80000 0.2474
2443112.80000 0.2507
2443113.80000 0.2428
2443347.80000 0.2341
2443347.80000 0.2352
2443349.80000 0.2403
2443349.80000 0.2379
2443350.80000 0.2442
2443350.80000 0.2369
2443351.80000 0.2444
2443351.80000 0.2445
2443414.80000 0.2280
2443477.80000 0.2355
2443478.80000 0.2455
2443479.80000 0.2336
2443481.80000 0.2513
2443742.80000 0.2229
2443743.80000 0.2257
2443777.80000 0.2244
2443779.80000 0.2210
2443805.80000 0.2182
2443824.80000 0.2420
2443892.80000 0.2188
2444172.80000 0.2111
2444190.80000 0.2097
2444200.80000 0.2150
2444225.80000 0.2133
2444226.80000 0.2055
2444411.97101 0.1856
2444411.97400 0.1801
2444411.97800 0.1835
2444423.92099 0.1987
2444423.92499 0.1994
2444424.95300 0.2014
2444424.95599 0.1975
2444426.95300 0.2047
2444426.95401 0.1985
2444429.89700 0.1831
2444429.89899 0.1846
2444429.89999 0.1922
2444430.91101 0.1978
2444430.91199 0.1932
2444430.91400 0.1968
2444432.93301 0.1973
2444432.93399 0.2028
2444432.93600 0.2090
2444441.86499 0.2065
2444441.86801 0.2006
2444441.87000 0.2004
2444442.93600 0.2002
2444442.93799 0.2050
2444442.93900 0.2021
2444443.91501 0.1990
2444443.91699 0.1995
2444443.91800 0.1993
2444444.87701 0.1952
2444444.87900 0.1961
2444444.88101 0.2038
2444445.90201 0.1918
2444445.90399 0.1923
2444445.90601 0.1969
2444446.88901 0.2019
2444446.89200 0.1959
2444446.89401 0.1936
2444447.88699 0.1927
2444447.88901 0.1925
2444447.89099 0.1944
2444448.86899 0.1935
2444448.87100 0.1925
2444448.87299 0.1933
2444449.88699 0.1960
2444449.88901 0.1940
2444449.89099 0.2014
2444451.89200 0.1907
2444451.89301 0.2023
2444451.89499 0.1958
2444452.88199 0.1951
2444452.88300 0.1964
2444452.88501 0.1956
2444453.89200 0.1931
2444453.89401 0.1925
2444453.89499 0.1957
2444454.94299 0.1937
2444454.94400 0.1910
2444454.94501 0.1974
2444458.90500 0.2010
2444458.90601 0.2010
2444458.90701 0.1956
2444460.86600 0.1952
2444460.86801 0.2005
2444460.86899 0.2046
2444461.91101 0.2014
2444461.91199 0.1989
2444461.91299 0.1987
2444462.90399 0.1963
2444462.90500 0.2012
2444462.90701 0.1963
2444463.89001 0.1994
2444463.89200 0.1963
2444463.89401 0.1994
2444464.90601 0.2019
2444464.90799 0.2001
2444464.90900 0.2013
2444465.94000 0.1934
2444465.94199 0.1950
2444465.94400 0.1988
2444467.84100 0.1928
2444467.84201 0.1923
2444467.84399 0.2043
2444468.94901 0.1945
2444468.95001 0.2053
2444468.95099 0.1904
2444472.88000 0.1954
2444472.88199 0.1939
2444472.88400 0.1890
2444473.89999 0.2010
2444473.90201 0.2016
2444473.90302 0.1998
2444474.85901 0.1977
2444474.86099 0.2011
2444474.86200 0.1962
2444475.88400 0.2000
2444475.88599 0.1969
2444475.88699 0.1969
2444478.86401 0.2013
2444478.86499 0.1978
2444479.91400 0.2001
2444479.91501 0.1982
2444479.91699 0.1970
2444480.87299 0.2044
2444480.87399 0.2004
2444480.87500 0.2046
2444481.85599 0.2031
2444481.85800 0.1989
2444481.85901 0.1992
2444482.88501 0.2180
2444482.88699 0.2047
2444482.88901 0.2079
2444484.86801 0.2056
2444484.86899 0.1985
2444484.87100 0.1936
2444485.86200 0.1983
2444485.86301 0.1948
2444485.86499 0.1983
2444486.86600 0.1918
2444486.86801 0.1955
2444486.86899 0.1990
2444487.86401 0.1906
2444487.86600 0.1938
2444487.86700 0.1903
2444489.87201 0.1920
2444489.87399 0.2018
2444489.87601 0.1908
2444490.88599 0.1952
2444490.88800 0.1919
2444490.88901 0.1991
2444492.87201 0.1910
2444492.87299 0.1984
2444492.87500 0.1975
2444493.86499 0.1980
2444493.86600 0.1926
2444493.86801 0.1993
2444494.86200 0.1982
2444494.86301 0.1973
2444494.86401 0.2012
2444495.85599 0.1915
2444495.85699 0.1896
2444495.85901 0.1977
2444496.89001 0.1919
2444496.89301 0.1904
2444496.89499 0.1959
2444505.91299 0.1974
2444505.91501 0.1940
2444505.91699 0.1940
2444506.87701 0.1982
2444506.87900 0.1944
2444506.88101 0.2059
2444507.85001 0.2009
2444507.85101 0.1935
2444507.85199 0.1994
2444508.87201 0.1966
2444508.87299 0.1909
2444508.87500 0.1926
2444525.88300 0.2006
2444525.88501 0.1990
2444525.88702 0.1965
2444546.77899 0.1893
2444546.78101 0.2011
2444546.78302 0.1999
2444547.75598 0.1991
2444547.75800 0.2016
2444547.76001 0.2020
2444548.75403 0.1991
2444548.75598 0.2028
2444548.75702 0.1989
2444549.74597 0.1966
2444549.74799 0.2069
2444549.75000 0.2027
2444550.73901 0.2067
2444550.74103 0.2037
2444550.74298 0.2074
2444564.73798 0.1940
2444564.74103 0.1911
2444564.74298 0.1900
2444566.74597 0.1936
2444566.74799 0.1875
2444566.75000 0.1936
2444606.61200 0.2006
2444606.61499 0.2075
2444606.61603 0.2001
2444608.61200 0.1918
2444608.61401 0.1972
2444608.61603 0.1950
2444808.98700 0.2049
2444808.98901 0.1982
2444808.99103 0.2015
2444821.97302 0.2162
2444821.97498 0.2142
2444821.97699 0.2081
2444823.95898 0.2119
2444823.96100 0.2147
2444823.96301 0.2117
2444824.96002 0.2139
2444824.96301 0.2117
2444824.96600 0.2124
2444825.98297 0.2192
2444825.98499 0.2209
2444825.98700 0.2131
2444826.99799 0.2147
2444827.00000 0.2207
2444827.00201 0.2212
2444828.98199 0.2223
2444828.98401 0.2181
2444828.98700 0.2178
2444832.96997 0.2317
2444832.97302 0.2222
2444832.97498 0.2282
2444833.96100 0.2160
2444833.96301 0.2137
2444833.96503 0.2211
2444836.94598 0.2204
2444836.94800 0.2204
2444836.95099 0.2192
2444847.92999 0.1955
2444847.93298 0.2121
2444847.93500 0.2157
2444848.90900 0.2199
2444848.91101 0.2094
2444848.91400 0.2081
2444849.90601 0.2131
2444849.90900 0.2084
2444849.91101 0.2084
2444850.89697 0.2042
2444850.89899 0.2106
2444850.90100 0.2072
2444851.90002 0.2024
2444851.90198 0.2061
2444851.90399 0.2003
2444855.90601 0.2113
2444855.90802 0.2019
2444855.90997 0.2028
2444856.91602 0.2062
2444856.91803 0.2122
2444856.91998 0.2120
2444857.91400 0.2134
2444857.91699 0.2080
2444857.91901 0.2096
2444860.90198 0.2053
2444860.90399 0.2132
2444860.90601 0.2172
2444861.88898 0.2245
2444861.89099 0.2194
2444861.89301 0.2248
2444868.85901 0.2195
2444868.85999 0.2276
2444868.86200 0.2205
2444869.82800 0.2377
2444869.82898 0.2289
2444869.83099 0.2314
2444870.86603 0.2244
2444870.86700 0.2249
2444870.86902 0.2325
2444871.93298 0.2264
2444871.93500 0.2206
2444871.93701 0.2191
2444872.84497 0.2184
2444872.84698 0.2285
2444872.84900 0.2250
2444874.83502 0.2248
2444874.83698 0.2166
2444874.83801 0.2198
2444883.77399 0.2134
2444883.77600 0.2082
2444883.77802 0.2129
2444886.79797 0.2104
2444886.80103 0.2110
2444886.80298 0.2117
2444887.79700 0.2076
2444887.79999 0.2134
2444887.80298 0.2213
2444892.79901 0.2083
2444892.80200 0.2053
2444892.80603 0.1980
2444893.77802 0.2129
2444893.78101 0.2113
2444893.78400 0.2124
2444894.77698 0.2225
2444894.78003 0.2065
2444894.78302 0.2085
2444895.78601 0.2121
2444895.78900 0.2108
2444895.79303 0.2153
2444896.77399 0.2087
2444896.77600 0.2105
2444896.77802 0.2116
2444897.78302 0.2173
2444897.78497 0.2124
2444897.78699 0.2183
2444898.80701 0.2217
2444898.80798 0.2148
2444898.81000 0.2059
2444899.79797 0.2206
2444899.79999 0.2230
2444899.80103 0.2181
2444900.81403 0.2155
2444900.81500 0.2376
2444900.81702 0.2173
2444920.70502 0.2092
2444920.70697 0.2169
2444920.70898 0.2101
2445197.95300 0.2488
2445197.95398 0.2514
2445197.95605 0.2509
2445198.95703 0.2651
2445198.95801 0.2539
2445198.95996 0.2592
2445208.95300 0.2471
2445208.95496 0.2369
2445208.95703 0.2435
2445210.93799 0.2426
2445210.93994 0.2498
2445210.94299 0.2407
2445211.91394 0.2380
2445211.91602 0.2443
2445211.91797 0.2418
2445214.89197 0.2243
2445214.89294 0.2359
2445214.89404 0.2245
2445214.89697 0.2380
2445214.89905 0.2400
2445214.90100 0.2426
2445215.89905 0.2425
2445215.90100 0.2367
2445215.90295 0.2301
2445218.94104 0.2440
2445218.94202 0.2481
2445218.94397 0.2418
2445219.91699 0.2552
2445219.91895 0.2497
2445219.92102 0.2445
2445223.92603 0.2593
2445223.92798 0.2593
2445223.93103 0.2470
2445224.92102 0.2654
2445224.92297 0.2548
2445224.92505 0.2512
2445225.92004 0.2448
2445225.92200 0.2549
2445225.92505 0.2530
2445235.80603 0.2481
2445235.80896 0.2492
2445235.81104 0.2492
2445241.85498 0.2407
2445241.85706 0.2409
2445241.85901 0.2438
2445243.75598 0.2483
2445243.75903 0.2441
2445243.76099 0.2409
2445244.77295 0.2677
2445244.77502 0.2596
2445244.77698 0.2525
2445247.78796 0.2560
2445247.79199 0.2476
2445247.79504 0.2522
2445250.81201 0.2562
2445250.81396 0.2623
2445250.81702 0.2505
2445251.78296 0.2575
2445251.78601 0.2438
2445251.78894 0.2396
2445253.80103 0.2636
2445253.80298 0.2563
2445253.80603 0.2664
2445254.79504 0.2565
2445254.79797 0.2489
2445254.80005 0.2463
2445256.76904 0.2535
2445256.77197 0.2426
2445256.77405 0.2485
2445258.79700 0.2555
2445258.80005 0.2534
2445258.80200 0.2604
2445260.79797 0.2614
2445260.80005 0.2578
2445260.80200 0.2565
2445272.79797 0.2621
2445272.80005 0.2603
2445272.80298 0.2512
2445275.68396 0.2596
2445275.68604 0.2562
2445275.68896 0.2620
2445277.77502 0.2582
2445277.77600 0.2576
2445277.77795 0.2491
2445279.69897 0.2635
2445279.70203 0.2541
2445279.70398 0.2638
2445301.64905 0.2756
2445301.65100 0.2672
2445301.65405 0.2495
2445312.70203 0.2351
2445312.70496 0.2166
2445312.70801 0.2293
2445321.64001 0.2497
2445321.64197 0.2516
2445321.64502 0.2657
2445323.63196 0.2518
2445323.63403 0.2449
2445323.63599 0.2537
2445554.98400 0.2565
2445554.98500 0.2696
2445554.98700 0.2731
2445557.97900 0.2583
2445557.98000 0.2612
2445557.98100 0.2754
2445568.97700 0.2720
2445568.97800 0.2524
2445568.97900 0.2447
2445572.88900 0.2422
2445572.89000 0.2523
2445572.89100 0.2640
2445574.97400 0.2662
2445574.97500 0.2588
2445574.97600 0.2469
2445575.94900 0.2565
2445575.95000 0.2563
2445575.95200 0.2608
2445579.92600 0.2585
2445579.92700 0.2611
2445579.92800 0.2609
2445582.92600 0.2586
2445582.92700 0.2660
2445582.92800 0.2641
2445585.93500 0.2536
2445585.93700 0.2561
2445585.93800 0.2491
2445588.91500 0.2624
2445588.91600 0.2642
2445588.91700 0.2686
2445590.90300 0.2562
2445590.90400 0.2643
2445590.90500 0.2620
2445592.94100 0.2861
2445592.94200 0.2627
2445592.94300 0.2691
2445626.76100 0.2779
2445626.76300 0.2786
2445626.76500 0.2738
2445633.82000 0.2810
2445633.82100 0.2811
2445633.82300 0.2863
2445635.80400 0.2801
2445635.80600 0.2763
2445635.80700 0.2737
2445652.73400 0.2447
2445652.73700 0.2498
2445652.74100 0.2501
2445654.72700 0.2459
2445654.72900 0.2473
2445654.73000 0.2523
2445655.69500 0.2661
2445655.70000 0.2649
2445655.70300 0.2547
2445662.70900 0.2571
2445662.71100 0.2650
2445662.71300 0.2613
2445666.74600 0.2698
2445666.74900 0.2570
2445666.75200 0.2649
2445684.66400 0.2797
2445684.66600 0.2792
2445684.66800 0.2769
2445688.65600 0.2718
2445688.65800 0.2635
2445688.66100 0.2689
2445705.64900 0.2593
2445705.65300 0.2563
2445705.65600 0.2563
2445706.68400 0.2670
2445706.68600 0.2656
2445706.68900 0.2628
2445707.63400 0.2614
2445707.63600 0.2637
2445707.63800 0.2701
2445711.64800 0.2631
2445711.65100 0.2628
2445711.65500 0.2543
2445714.64800 0.2602
2445714.65100 0.2621
2445714.65300 0.2655
2445717.64100 0.2689
2445717.64200 0.2670
2445717.64300 0.2809
2445725.64900 0.2553
2445725.65100 0.2572
2445725.65200 0.2540
2445735.60700 0.2428
2445735.60800 0.2409
2445735.61000 0.2411
2445736.63200 0.2448
2445736.63400 0.2386
2445736.63600 0.2376
2445887.95471 0.2483
2445887.95630 0.2539
2445887.95776 0.2473
2445905.96448 0.2651
2445905.96533 0.2483
2445905.96606 0.2511
2445907.97400 0.2674
2445907.97485 0.2633
2445907.97571 0.2584
2445912.96716 0.2828
2445912.96838 0.2657
2445912.96985 0.2536
2445917.96802 0.2520
2445917.96887 0.2520
2445917.96948 0.2552
2445918.91992 0.2584
2445918.92090 0.2615
2445918.92188 0.2623
2445919.90955 0.2506
2445919.91016 0.2606
2445919.91077 0.2593
2445928.96216 0.2224
2445928.96301 0.2307
2445928.96375 0.2284
2445933.01257 0.2560
2445933.01379 0.2346
2445933.01489 0.2310
2445933.98779 0.2422
2445933.98877 0.2588
2445933.98987 0.2516
2445934.99133 0.2600
2445934.99231 0.2509
2445934.99329 0.2433
2445935.94763 0.2614
2445935.94824 0.2660
2445935.94885 0.2581
2445936.93726 0.2716
2445936.93823 0.2738
2445936.93909 0.2591
2445937.91541 0.2755
2445937.91626 0.2665
2445937.91699 0.2830
2445938.94165 0.2549
2445938.94250 0.2641
2445938.94336 0.2625
2445940.98950 0.2795
2445940.99072 0.2619
2445940.99194 0.2750
2445943.01587 0.2819
2445943.01709 0.2781
2445943.01831 0.2912
2445943.94690 0.2892
2445943.94775 0.2941
2445943.94861 0.2848
2445944.95618 0.2806
2445944.95752 0.2706
2445944.95886 0.2789
2445948.95886 0.3017
2445948.95984 0.2928
2445948.96094 0.2924
2445949.99353 0.2981
2445949.99487 0.2956
2445949.99670 0.2850
2445950.94727 0.2944
2445950.94824 0.3028
2445950.94934 0.2964
2445951.92249 0.2949
2445951.92395 0.2857
2445951.92554 0.2885
2445959.91687 0.2520
2445959.91833 0.2581
2445959.91968 0.2554
2445963.98657 0.2448
2445963.98804 0.2554
2445963.98950 0.2464
2445965.93298 0.2572
2445965.93457 0.2552
2445965.93652 0.2431
2445969.89307 0.2667
2445969.89441 0.2612
2445969.89575 0.2708
2445971.78882 0.2735
2445971.78979 0.2648
2445971.79065 0.2628
2445972.92053 0.2657
2445972.92212 0.2565
2445972.92334 0.2620
2445976.86694 0.2746
2445976.86853 0.2758
2445976.87000 0.2771
2445983.91052 0.2904
2445983.91235 0.2796
2445983.91418 0.2741
2445984.82043 0.2830
2445984.82141 0.2858
2445984.82239 0.2767
2445987.81165 0.2975
2445987.81287 0.2871
2445987.81396 0.2875
2445996.78308 0.2623
2445996.78467 0.2641
2445996.78625 0.2650
2445998.77856 0.2549
2445998.78015 0.2605
2445998.78162 0.2531
2446001.83679 0.2550
2446001.83838 0.2647
2446001.84021 0.2753
2446016.79724 0.2729
2446016.79956 0.2795
2446016.80176 0.2874
2446019.74524 0.2830
2446019.74744 0.2777
2446019.74976 0.2790
2446020.78418 0.2781
2446020.79260 0.2877
2446020.79529 0.2841
2446023.82092 0.2842
2446023.82385 0.2959
2446023.82764 0.2784
2446024.71851 0.2828
2446024.72009 0.2887
2446024.72156 0.2863
2446028.70874 0.2775
2446028.71082 0.2668
2446028.71252 0.2714
2446031.72388 0.2659
2446031.72595 0.2653
2446031.72791 0.2616
2446058.61914 0.2841
2446058.62134 0.2845
2446058.62354 0.2933
2446068.65771 0.2777
2446068.65991 0.2832
2446068.66284 0.2633
2446070.67261 0.2725
2446070.67480 0.2762
2446070.67773 0.2762
2446087.08667 0.2802
2446087.09351 0.2776
2446087.10010 0.2849
2446284.99976 0.2310
2446285.00122 0.2272
2446285.00220 0.2365
2446287.98779 0.2424
2446287.98828 0.2386
2446287.98901 0.2298
2446290.98926 0.2279
2446290.99023 0.2278
2446290.99097 0.2363
2446293.97900 0.2371
2446293.97998 0.2360
2446293.98096 0.2414
2446295.98291 0.2331
2446295.98364 0.2352
2446295.98462 0.2335
2446297.99121 0.2385
2446297.99219 0.2395
2446297.99292 0.2359
2446299.99170 0.2300
2446299.99243 0.2325
2446299.99316 0.2322
2446301.94312 0.2333
2446301.94385 0.2369
2446301.94482 0.2345
2446304.98315 0.2396
2446304.98438 0.2416
2446304.98560 0.2383
2446321.93091 0.2374
2446321.93188 0.2416
2446321.93286 0.2366
2446323.96680 0.2329
2446323.96777 0.2321
2446323.96851 0.2407
2446328.88940 0.2347
2446328.89063 0.2309
2446328.89160 0.2319
2446331.89746 0.2368
2446331.89819 0.2395
2446331.89917 0.2403
2446334.91333 0.2415
2446334.91406 0.2411
2446334.91479 0.2397
2446338.83643 0.2322
2446338.83740 0.2307
2446338.83838 0.2223
2446340.74902 0.2355
2446340.74976 0.2431
2446340.75049 0.2343
2446358.78638 0.2390
2446358.78735 0.2398
2446358.78857 0.2332
2446361.79980 0.2382
2446361.80078 0.2290
2446361.80151 0.2348
2446364.88574 0.2311
2446364.88647 0.2409
2446364.88721 0.2319
2446368.71997 0.2424
2446368.72095 0.2495
2446368.72192 0.2386
2446371.80273 0.2398
2446371.80371 0.2304
2446371.80469 0.2270
2446374.76587 0.2252
2446374.76685 0.2427
2446374.76758 0.2337
2446376.74316 0.2315
2446376.74390 0.2386
2446376.74487 0.2325
2446384.76367 0.2329
2446384.76489 0.2340
2446384.76587 0.2494
2446387.76416 0.2365
2446387.76514 0.2311
2446387.76611 0.2364
2446389.76050 0.2366
2446389.76123 0.2345
2446389.76172 0.2278
2446391.75122 0.2315
2446391.75195 0.2314
2446391.75317 0.2266
2446396.78735 0.2292
2446396.78857 0.2173
2446396.78979 0.2286
2446406.74048 0.2282
2446406.74170 0.2202
2446406.74268 0.2277
2446411.69458 0.2272
2446411.69629 0.2216
2446411.69824 0.2206
2446414.70728 0.2366
2446414.70825 0.2295
2446414.70898 0.2274
2446418.70068 0.2288
2446418.70142 0.2351
2446418.70215 0.2369
2446420.70435 0.2330
2446420.70557 0.2277
2446420.70679 0.2301
2446423.69214 0.2274
2446423.69385 0.2347
2446423.69531 0.2281
2446426.73413 0.2246
2446426.73535 0.2396
2446426.73633 0.2271
2446444.63354 0.2204
2446444.63501 0.2211
2446444.63647 0.2231
2446449.64648 0.2292
2446449.64746 0.2281
2446449.64819 0.2250
2446451.59839 0.2295
2446451.59937 0.2205
2446451.60059 0.2301
2446659.98267 0.2224
2446659.98389 0.2167
2446659.98535 0.2120
2446663.99390 0.2197
2446663.99561 0.2166
2446663.99731 0.2169
2446670.92090 0.2221
2446670.92383 0.2243
2446670.92578 0.2249
2446672.95459 0.2128
2446672.95630 0.2216
2446672.95776 0.2225
2446674.92432 0.2131
2446674.92676 0.2136
2446674.92944 0.2085
2446677.94092 0.2128
2446677.94238 0.2107
2446677.94409 0.2225
2446679.94678 0.2158
2446679.94849 0.2210
2446679.95020 0.2230
2446682.95264 0.2090
2446682.95508 0.2127
2446682.95752 0.2115
2446686.92749 0.2084
2446686.93042 0.2143
2446686.93335 0.2122
2446690.91626 0.2085
2446690.91846 0.2094
2446690.92041 0.2211
2446706.88892 0.2456
2446706.89111 0.2248
2446706.89380 0.2366
2446709.89087 0.2272
2446709.89282 0.2270
2446709.89502 0.2289
2446712.87573 0.2307
2446712.87817 0.2299
2446712.88037 0.2226
2446715.87646 0.2216
2446715.87939 0.2244
2446715.88232 0.2183
2446717.89478 0.2116
2446717.89697 0.2159
2446717.89941 0.2157
2446721.86938 0.2175
2446721.87329 0.2238
2446721.87769 0.2136
2446723.78223 0.2174
2446723.78418 0.2164
2446723.78613 0.2189
2446727.78882 0.2244
2446727.79077 0.2232
2446727.79321 0.2150
2446731.80811 0.2147
2446731.81030 0.2178
2446731.81250 0.2121
2446733.79297 0.2182
2446733.79517 0.2112
2446733.79712 0.2164
2446739.78345 0.2238
2446739.78540 0.2188
2446739.78735 0.2198
2446742.78955 0.2227
2446742.79248 0.2198
2446742.79590 0.2218
2446748.75928 0.2218
2446748.76245 0.2268
2446748.76538 0.2193
2446750.75342 0.2144
2446750.75586 0.2150
2446750.75830 0.2244
2446755.75244 0.2089
2446755.75464 0.2154
2446755.75732 0.2190
2446767.72119 0.2082
2446767.72363 0.2114
2446767.72583 0.2131
2446773.68604 0.2227
2446773.68823 0.2246
2446773.69067 0.2091
2446776.69116 0.2111
2446776.69409 0.2245
2446776.69629 0.2185
2446779.68115 0.2207
2446779.68384 0.2195
2446779.68652 0.2269
2446798.63086 0.2149
2446798.63330 0.2238
2446798.63599 0.2167
2446806.63306 0.2108
2446806.63574 0.2166
2446806.63867 0.2212
2446808.64771 0.2197
2446808.65015 0.2155
2446808.65283 0.2148
2446814.60376 0.2212
2446814.60620 0.2232
2446814.61011 0.2211
2446816.59302 0.2260
2446816.59741 0.2309
2446816.60205 0.2266
2447027.94604 0.2042
2447027.94702 0.2013
2447027.94800 0.2112
2447029.99243 0.1967
2447029.99365 0.2017
2447029.99512 0.1969
2447037.01733 0.2038
2447037.01807 0.2030
2447037.01904 0.2030
2447042.93066 0.2144
2447042.93164 0.2154
2447042.93237 0.2124
2447044.92017 0.2065
2447044.92114 0.2133
2447044.92212 0.2109
2447046.92700 0.2299
2447046.92822 0.2296
2447046.92944 0.2348
2447049.91138 0.2154
2447049.91211 0.2128
2447049.91309 0.2150
2447053.93384 0.2221
2447053.93481 0.2091
2447053.93579 0.2162
2447055.90894 0.2151
2447055.90991 0.2172
2447055.91089 0.2137
2447058.94971 0.2135
2447058.95068 0.2079
2447058.95166 0.2029
2447060.87769 0.2041
2447060.87915 0.2078
2447060.88208 0.2043
2447070.84888 0.2118
2447070.84961 0.2127
2447070.85059 0.2075
2447074.86670 0.2182
2447074.86768 0.2097
2447074.86865 0.2195
2447076.80103 0.2253
2447076.80225 0.2190
2447076.80322 0.2335
2447078.88525 0.2185
2447078.88623 0.2222
2447078.88696 0.2216
2447083.87280 0.2197
2447083.87378 0.2200
2447083.87500 0.2130
2447086.80396 0.2233
2447086.80469 0.2254
2447086.80542 0.2204
2447088.87451 0.2184
2447088.87549 0.2151
2447088.87646 0.2093
2447107.78638 0.2076
2447107.78735 0.2066
2447107.78809 0.2035
2447109.77368 0.2069
2447109.77466 0.2086
2447109.77539 0.2037
2447114.78101 0.2116
2447114.78223 0.2143
2447114.78394 0.2158
2447118.75195 0.2219
2447118.75269 0.2185
2447118.75366 0.2154
2447122.74512 0.2147
2447122.74609 0.2183
2447122.74707 0.2102
2447124.74219 0.2096
2447124.74316 0.2147
2447124.74438 0.2047
2447127.76587 0.2057
2447127.76685 0.2096
2447127.76831 0.2071
2447130.76758 0.2102
2447130.76880 0.2094
2447130.77002 0.2141
2447139.77563 0.2005
2447139.77734 0.2035
2447139.77954 0.2003
2447141.73242 0.2076
2447141.73364 0.1998
2447141.73486 0.2026
2447149.68530 0.2085
2447149.68677 0.2069
2447149.68823 0.2113
2447167.65234 0.2027
2447167.65332 0.2045
2447167.65405 0.2052
2447172.64722 0.2037
2447172.64844 0.2068
2447172.64941 0.2077
2447183.63794 0.1982
2447183.63989 0.2005
2447183.64136 0.2029
2447196.64209 0.2053
2447196.64502 0.2052
2447196.64795 0.1991
2447405.96655 0.2065
2447405.96826 0.2018
2447405.96997 0.1992
2447421.90698 0.1853
2447421.90796 0.1907
2447421.90918 0.1891
2447426.89478 0.1900
2447426.89673 0.1974
2447426.89893 0.2020
2447431.90576 0.1911
2447431.90723 0.1984
2447431.90894 0.1921
2447433.90845 0.1966
2447433.91016 0.1956
2447433.91162 0.1931
2447435.91919 0.2020
2447435.92041 0.1968
2447435.92188 0.1932
2447447.86426 0.1947
2447447.86523 0.1970
2447447.86646 0.1979
2447450.76904 0.1952
2447450.76978 0.1961
2447450.77051 0.1960
2447457.73755 0.1932
2447457.73877 0.1871
2447457.73999 0.1927
2447460.77930 0.1887
2447460.78052 0.1950
2447460.78198 0.1930
2447462.80688 0.1917
2447462.80811 0.1958
2447462.80981 0.1853
2447465.80835 0.1913
2447465.80957 0.1919
2447465.81079 0.1957
2447467.80566 0.1931
2447467.80762 0.1897
2447467.80957 0.2008
2447477.73950 0.1947
2447477.74097 0.2033
2447477.74243 0.2013
2447478.69897 0.1989
2447478.70020 0.2047
2447478.70166 0.2023
2447482.72925 0.1981
2447482.73120 0.2010
2447482.73315 0.1926
2447486.73877 0.1916
2447486.73999 0.1942
2447486.74146 0.1896
2447492.74121 0.1963
2447492.74292 0.1983
2447492.74463 0.1899
2447495.67651 0.1879
2447495.67798 0.1929
2447495.67969 0.1951
2447497.71216 0.1932
2447497.71362 0.1860
2447497.71533 0.1848
2447500.65967 0.1882
2447500.66113 0.1901
2447500.66235 0.1894
2447508.64404 0.1986
2447508.64526 0.1984
2447508.64673 0.1927
2447519.64722 0.1995
2447519.64941 0.1913
2447519.65161 0.2008
2447526.69336 0.2011
2447526.69507 0.2004
2447526.69678 0.2078
2447529.63940 0.1977
2447529.64136 0.1919
2447529.64331 0.2028
2447541.64307 0.1891
2447541.64478 0.2019
2447541.64697 0.2002
2447543.63940 0.1971
2447543.64136 0.1934
2447543.64404 0.1892
2447771.94385 0.2062
2447771.94580 0.1956
2447771.94727 0.2047
2447775.96362 0.2000
2447775.96484 0.2022
2447775.96631 0.2012
2447777.94116 0.2023
2447777.94238 0.1986
2447777.94336 0.2065
2447779.95020 0.2012
2447779.95166 0.2043
2447779.95288 0.2053
2447782.96289 0.2057
2447782.96387 0.2047
2447782.96533 0.2017
2447789.91846 0.2062
2447789.91968 0.2097
2447789.92090 0.2128
2447803.89258 0.1979
2447803.89404 0.2025
2447803.89526 0.2000
2447806.87500 0.2034
2447806.87598 0.2039
2447806.87720 0.1963
2447808.86768 0.2051
2447808.86914 0.2015
2447808.87061 0.2070
2447818.83740 0.1964
2447818.83862 0.1948
2447818.83984 0.1971
2447832.77686 0.2038
2447832.77808 0.1985
2447832.77954 0.1990
2447837.78491 0.2004
2447837.78638 0.2094
2447837.78784 0.2035
2447839.77368 0.1952
2447839.77490 0.1984
2447839.77612 0.2011
2447844.74829 0.2051
2447844.74951 0.2013
2447844.75098 0.2020
2447847.74316 0.2048
2447847.74438 0.1983
2447847.74561 0.2035
2447850.73901 0.1991
2447850.74048 0.1997
2447850.74170 0.1958
2447862.66211 0.1990
2447862.66357 0.2056
2447862.66528 0.1972
2447866.69580 0.2044
2447866.69727 0.1985
2447866.69873 0.2003
2447870.69312 0.1945
2447870.69458 0.2016
2447870.69580 0.1986
2447873.70361 0.2028
2447873.70483 0.1958
2447873.70605 0.1984
2447878.70117 0.1951
2447878.70239 0.1970
2447878.70337 0.1989
2447896.59863 0.1990
2447896.60059 0.1963
2447896.60254 0.1942
2448122.95996 0.2027
2448122.96143 0.2060
2448122.96289 0.2061
2448126.96582 0.2147
2448126.96680 0.2098
2448126.96777 0.2105
2448130.95166 0.2136
2448130.95313 0.2084
2448130.95459 0.2080
2448133.97461 0.2133
2448133.97656 0.2010
2448133.97852 0.2035
2448136.95703 0.2009
2448136.95898 0.2033
2448136.96045 0.2015
2448149.91699 0.2147
2448149.91846 0.2122
2448149.92041 0.2066
2448151.90283 0.2100
2448151.90381 0.2125
2448151.90527 0.2095
2448154.90576 0.2102
2448154.90723 0.2121
2448154.90918 0.2109
2448159.91016 0.2181
2448159.91162 0.2070
2448159.91309 0.2108
2448162.89307 0.2069
2448162.89551 0.2144
2448162.89746 0.2121
2448166.87891 0.2194
2448166.88086 0.2173
2448166.88281 0.2120
2448186.76172 0.2104
2448186.76367 0.2170
2448186.76514 0.2143
2448192.82129 0.2143
2448192.82275 0.2151
2448192.82422 0.2141
2448194.82617 0.2236
2448194.82764 0.2114
2448194.82910 0.2163
2448210.76367 0.2095
2448210.76660 0.2170
2448210.77051 0.2136
2448214.72266 0.2036
2448214.72461 0.2101
2448214.72607 0.2053
2448217.73779 0.2065
2448217.73926 0.2107
2448217.74121 0.2022
2448219.71289 0.2076
2448219.71484 0.2107
2448219.71680 0.2068
2448224.72363 0.2142
2448224.72510 0.2065
2448224.72705 0.2082
2448227.70752 0.2107
2448227.70898 0.2130
2448227.71094 0.2108
2448242.65723 0.2168
2448242.65918 0.2160
2448242.66162 0.2230
2448252.68164 0.2118
2448252.68408 0.2130
2448252.68652 0.2062
2448492.97168 0.2388
2448492.97412 0.2322
2448492.97607 0.2327
2448500.96631 0.2347
2448500.96875 0.2310
2448500.97168 0.2284
2448550.78711 0.2276
2448550.78857 0.2376
2448550.79004 0.2335
2448597.65723 0.2561
2448597.65869 0.2466
2448597.65967 0.2370
2448597.66113 0.2507
2448597.66211 0.2408
2448597.66357 0.2476
2448617.66162 0.2223
2448617.66406 0.2149
2448617.66650 0.2225
2448637.64941 0.2505
2448637.65186 0.2436
2448637.65479 0.2442
2448638.60840 0.2473
2448638.61035 0.2493
2448638.61182 0.2384
2448639.62451 0.2321
2448639.62695 0.2367
2448639.62891 0.2415
2448641.60547 0.2491
2448641.60840 0.2532
2448641.61084 0.2394
2448642.62744 0.2401
2448642.63037 0.2340
2448642.63232 0.2385
2448643.61182 0.2375
2448643.61426 0.2387
2448643.61670 0.2400
2448645.59814 0.2387
2448645.60010 0.2320
2448645.60205 0.2319
2448646.60986 0.2310
2448646.61182 0.2254
2448646.61426 0.2361
2448649.60938 0.2313
2448649.61133 0.2230
2448649.61328 0.2246
2448869.96094 0.2496
2448869.96289 0.2525
2448869.96533 0.2522
2448871.92285 0.2535
2448871.92383 0.2513
2448871.92529 0.2561
2448876.91504 0.2577
2448876.91602 0.2590
2448876.91748 0.2590
2448877.86328 0.2558
2448877.86426 0.2566
2448877.86523 0.2581
2448881.89160 0.2653
2448881.89355 0.2625
2448881.89502 0.2611
2448885.88916 0.2617
2448885.89062 0.2588
2448885.89160 0.2549
2448889.88770 0.2536
2448889.88916 0.2603
2448889.89062 0.2560
2448892.90039 0.2561
2448892.90234 0.2421
2448892.90479 0.2477
2448895.90088 0.2427
2448895.90234 0.2485
2448895.90430 0.2550
2448897.89014 0.2392
2448897.89160 0.2423
2448897.89307 0.2449
2448902.86035 0.2465
2448902.86182 0.2452
2448902.86279 0.2447
2448904.82812 0.2547
2448904.82910 0.2497
2448904.83057 0.2519
2448908.84570 0.2500
2448908.84717 0.2601
2448908.84814 0.2555
2448910.88086 0.2496
2448910.88232 0.2576
2448910.88330 0.2594
2448915.83447 0.2652
2448915.83643 0.2614
2448915.83789 0.2602
2448928.77686 0.2473
2448928.77881 0.2520
2448928.78076 0.2511
2448938.77344 0.2524
2448938.77441 0.2460
2448938.77588 0.2441
2448940.75586 0.2449
2448940.75781 0.2455
2448940.75928 0.2447
2448945.75635 0.2405
2448945.75830 0.2380
2448945.75977 0.2453
2448948.75586 0.2432
2448948.75732 0.2437
2448948.75928 0.2448
2448954.73047 0.2624
2448954.73193 0.2562
2448954.73291 0.2602
2448958.71680 0.2651
2448958.71777 0.2640
2448958.71924 0.2667
2448967.71484 0.2508
2448967.71582 0.2576
2448967.71729 0.2565
2448971.69141 0.2546
2448971.69287 0.2495
2448971.69434 0.2497
2448973.70117 0.2401
2448973.70264 0.2417
2448973.70410 0.2409
2448976.71533 0.2510
2448976.71680 0.2442
2448976.71826 0.2477
2448978.72363 0.2420
2448978.72461 0.2410
2448978.72656 0.2387
2448999.64746 0.2562
2448999.64844 0.2568
2448999.64990 0.2529
2449248.97168 0.2375
2449248.97461 0.2340
2449248.97803 0.2331
2449251.89600 0.2379
2449251.89795 0.2461
2449251.90039 0.2336
2449255.89062 0.2443
2449255.89307 0.2479
2449255.89502 0.2510
2449258.89307 0.2430
2449258.89502 0.2571
2449258.89648 0.2601
2449262.90186 0.2612
2449262.90381 0.2612
2449262.90527 0.2645
2449265.84570 0.2649
2449265.84766 0.2571
2449265.85010 0.2689
2449267.84668 0.2620
2449267.84814 0.2736
2449267.85010 0.2652
2449270.84229 0.2631
2449270.84424 0.2629
2449270.84570 0.2704
2449273.80908 0.2648
2449273.81055 0.2680
2449273.81152 0.2565
2449279.84033 0.2604
2449279.84277 0.2637
2449279.84473 0.2572
2449284.79004 0.2382
2449284.79150 0.2376
2449284.79297 0.2452
2449294.76660 0.2468
2449294.76855 0.2474
2449294.77051 0.2423
2449296.77832 0.2503
2449296.77930 0.2539
2449296.78076 0.2586
2449299.74463 0.2527
2449299.74609 0.2529
2449299.74707 0.2530
2449307.70166 0.2556
2449307.70312 0.2653
2449307.70459 0.2508
2449309.69922 0.2675
2449309.70068 0.2591
2449309.70215 0.2625
2449318.67969 0.2545
2449318.68164 0.2628
2449318.68311 0.2623
2449324.68652 0.2485
2449324.68750 0.2425
2449324.68848 0.2477
2449327.64844 0.2465
2449327.64990 0.2431
2449327.65137 0.2457
2449329.66162 0.2563
2449329.66309 0.2499
2449329.66455 0.2499
2449332.66992 0.2511
2449332.67139 0.2529
2449332.67334 0.2528
2449335.65430 0.2492
2449335.65576 0.2545
2449335.65723 0.2573
2449337.66455 0.2471
2449337.66602 0.2440
2449337.66748 0.2499
2449342.63330 0.2513
2449342.63428 0.2594
2449342.63623 0.2511
2449344.64258 0.2587
2449344.64404 0.2515
2449344.64551 0.2456
2449360.60498 0.2448
2449360.60596 0.2505
2449360.60742 0.2505
2449363.60400 0.2520
2449363.60547 0.2475
2449363.60693 0.2496
2449368.60205 0.2451
2449368.60352 0.2449
2449368.60498 0.2435
2449581.92725 0.2353
2449581.92871 0.2396
2449581.92969 0.2309
2449599.92041 0.2698
2449599.92188 0.2771
2449599.92285 0.2733
2449601.90771 0.2689
2449601.90869 0.2711
2449601.91016 0.2775
2449606.91162 0.2591
2449606.91309 0.2511
2449606.91406 0.2652
2449609.90527 0.2511
2449609.90674 0.2459
2449609.90771 0.2426
2449611.90234 0.2491
2449611.90381 0.2346
2449611.90479 0.2398
2449614.87891 0.2400
2449614.87988 0.2439
2449614.88135 0.2487
2449617.80078 0.2458
2449617.80225 0.2495
2449617.80322 0.2572
2449620.86328 0.2488
2449620.86475 0.2554
2449620.86670 0.2461
2449622.79980 0.2458
2449622.80127 0.2446
2449622.80225 0.2485
2449628.84033 0.2454
2449628.84229 0.2405
2449628.84375 0.2452
2449632.83447 0.2473
2449632.83545 0.2531
2449632.83691 0.2584
2449634.81982 0.2650
2449634.82129 0.2546
2449634.82227 0.2388
2449636.82910 0.2581
2449636.83057 0.2599
2449636.83154 0.2502
2449641.82812 0.2569
2449641.82910 0.2533
2449641.83057 0.2631
2449646.79932 0.2466
2449646.80029 0.2444
2449646.80176 0.2345
2449648.79736 0.2394
2449648.79834 0.2415
2449648.79932 0.2440
2449650.79102 0.2453
2449650.79248 0.2412
2449650.79346 0.2464
2449652.76953 0.2395
2449652.77051 0.2398
2449652.77148 0.2420
2449654.74951 0.2478
2449654.75146 0.2422
2449654.75391 0.2444
2449656.75391 0.2475
2449656.75537 0.2412
2449656.75635 0.2445
2449658.79688 0.2354
2449658.79834 0.2502
2449658.79980 0.2411
2449660.74121 0.2455
2449660.74414 0.2512
2449660.74609 0.2499
2449663.73975 0.2290
2449663.74121 0.2359
2449663.74316 0.2384
2449668.76074 0.2296
2449668.76221 0.2331
2449668.76318 0.2468
2449670.75342 0.2400
2449670.75439 0.2384
2449670.75586 0.2348
2449676.72021 0.2387
2449676.72168 0.2432
2449676.72266 0.2407
2449679.72119 0.2457
2449679.72217 0.2308
2449679.72314 0.2415
2449685.70020 0.2483
2449685.70117 0.2478
2449685.70215 0.2426
2449687.67725 0.2485
2449687.67822 0.2390
2449687.67969 0.2468
2449690.70459 0.2412
2449690.70654 0.2425
2449690.70898 0.2475
2449694.71631 0.2404
2449694.71729 0.2343
2449694.71875 0.2253
2449696.69238 0.2315
2449696.69336 0.2292
2449696.69482 0.2393
2449702.64893 0.2357
2449702.65039 0.2340
2449702.65137 0.2371
2449704.66992 0.2295
2449704.67090 0.2329
2449704.67188 0.2319
2449707.67578 0.2275
2449707.67676 0.2328
2449707.67773 0.2315
2449714.63379 0.2403
2449714.63525 0.2352
2449714.63623 0.2385
2449719.61768 0.2421
2449719.61963 0.2480
2449719.62207 0.2394
2449730.62305 0.2431
2449730.62451 0.2403
2449730.62549 0.2461
2449735.60303 0.2277
2449735.60400 0.2349
2449735.60498 0.2333
