46330.90796 0.4523
46330.90894 0.4492
46330.90991 0.4451
46363.78320 0.4449
46363.78369 0.4564
46363.78442 0.4358
46377.87354 0.4657
46377.87427 0.4587
46377.87524 0.4606
46413.72192 0.4503
46413.72266 0.4563
46413.72339 0.4615
46439.66943 0.4498
46439.67017 0.4573
46439.67114 0.4685
46659.99097 0.4564
46659.99170 0.4553
46659.99292 0.4536
46686.95679 0.4689
46686.95776 0.4690
46686.95850 0.4632
46719.90747 0.4586
46719.90869 0.4533
46719.90991 0.4470
46745.74927 0.4494
46745.75024 0.4440
46745.75171 0.4686
46776.72192 0.4436
46776.72290 0.4466
46776.72388 0.4518
46814.61572 0.4643
46814.61694 0.4602
46814.61816 0.4481
47033.97754 0.4532
47033.97852 0.4551
47033.97949 0.4453
47054.88550 0.4470
47054.88672 0.4565
47054.88794 0.4434
47086.80835 0.4602
47086.80933 0.4630
47086.81030 0.4656
47119.76636 0.4609
47119.76733 0.4480
47119.76807 0.4556
47150.67822 0.4547
47150.67920 0.4632
47150.68018 0.4643
47181.64038 0.4569
47181.64185 0.4541
47181.64307 0.4560
47428.90942 0.4497
47428.91064 0.4514
47428.91187 0.4562
47456.78906 0.4412
47456.79004 0.4470
47456.79126 0.4492
47474.71289 0.4590
47474.71411 0.4657
47474.71533 0.4545
47496.65991 0.4661
47496.66138 0.4584
47496.66260 0.4576
47542.63647 0.4625
47542.63745 0.4738
47542.63843 0.4532
47784.91260 0.4721
47784.91406 0.4649
47784.91528 0.4714
47819.82764 0.4671
47819.82935 0.4779
47819.83081 0.4810
