45621.03600 0.2556
45621.03700 0.2536
45621.03700 0.2509
45657.94100 0.2568
45657.94200 0.2540
45657.94300 0.2519
45667.98000 0.2606
45667.98100 0.2549
45667.98300 0.2462
45678.93200 0.2521
45678.93400 0.2562
45678.93500 0.2508
45710.83000 0.2389
45710.83100 0.2464
45710.83100 0.2489
45724.79500 0.2311
45724.79700 0.2433
45724.79900 0.2478
45739.74000 0.2459
45739.74100 0.2393
45739.74200 0.2434
45750.74200 0.2443
45750.74400 0.2381
45750.74600 0.2440
45756.66800 0.2500
45756.66900 0.2441
45756.67100 0.2441
45785.64200 0.2483
45785.64400 0.2501
45785.64600 0.2525
45996.03357 0.2467
45996.03589 0.2493
45996.03809 0.2455
46003.00012 0.2478
46003.00171 0.2489
46003.00330 0.2473
46017.01257 0.2484
46017.01343 0.2465
46017.01440 0.2517
46024.00293 0.2509
46024.00574 0.2607
46024.00830 0.2521
46049.90869 0.2454
46049.91016 0.2438
46049.91187 0.2512
46065.84424 0.2518
46065.84521 0.2583
46065.84619 0.2535
46108.72754 0.2472
46108.72852 0.2421
46108.72925 0.2409
46121.73169 0.2488
46121.73242 0.2524
46121.73315 0.2487
46141.64258 0.2454
46141.64331 0.2507
46141.64404 0.2396
46365.98706 0.2464
46365.98779 0.2497
46365.98828 0.2519
46377.98828 0.2488
46377.98901 0.2505
46377.98975 0.2488
46393.01660 0.2490
46393.01733 0.2471
46393.01807 0.2519
46408.89893 0.2408
46408.89966 0.2453
46408.90063 0.2486
46418.95508 0.2418
46418.95605 0.2461
46418.95703 0.2430
46442.87695 0.2506
46442.87793 0.2393
46442.87915 0.2472
46458.82886 0.2463
46458.82983 0.2499
46458.83081 0.2425
46488.71143 0.2523
46488.71240 0.2536
46488.71338 0.2524
46516.69995 0.2542
46516.70093 0.2481
46516.70190 0.2502
46740.98706 0.2414
46740.98804 0.2342
46740.98853 0.2500
46804.79175 0.2587
46804.79517 0.2498
46804.79980 0.2408
46858.66992 0.2598
46858.67163 0.2424
46858.67383 0.2517
47110.97217 0.2460
47110.97314 0.2451
47110.97437 0.2485
47173.79175 0.2444
47173.79272 0.2449
47173.79395 0.2451
47239.64233 0.2578
47239.64331 0.2542
47239.64429 0.2481
47470.97729 0.2510
47470.97827 0.2506
47470.97925 0.2434
47478.98535 0.2485
47478.98657 0.2425
47478.98755 0.2513
47497.92188 0.2481
47497.92310 0.2401
47497.92432 0.2433
47509.90454 0.2411
47509.90552 0.2394
47509.90674 0.2395
47529.86841 0.2498
47529.86963 0.2414
47529.87109 0.2484
47543.81323 0.2406
47543.81445 0.2464
47543.81592 0.2440
47564.77954 0.2474
47564.78101 0.2513
47564.78247 0.2520
47581.73413 0.2434
47581.73560 0.2439
47581.73706 0.2494
47590.70142 0.2461
47590.70264 0.2488
47590.70386 0.2470
47613.62915 0.2429
47613.63013 0.2404
47613.63135 0.2403
47623.63525 0.2456
47623.63672 0.2388
47623.63794 0.2477
47977.66064 0.2546
47977.66162 0.2585
47977.66260 0.2598
49790.67480 0.2796
49790.67578 0.2721
49790.67676 0.2679
49790.68066 0.2743
49790.68359 0.2671
49790.68555 0.2744
49792.66357 0.2653
49792.66455 0.2603
49792.66602 0.2645
