44191.80000 0.1662
45621.03200 0.3476
45621.03300 0.3346
45621.03400 0.3363
45657.94600 0.3472
45657.94700 0.3375
45657.94800 0.3480
45667.98600 0.3279
45667.98800 0.3379
45667.98900 0.3403
45678.93800 0.3658
45678.94000 0.3534
45678.94200 0.3635
45710.83400 0.3189
45710.83500 0.3228
45710.83600 0.3205
45724.80200 0.3491
45724.80300 0.3345
45724.80300 0.3336
46049.91553 0.3135
46049.91748 0.3172
46049.91919 0.3168
46065.84912 0.3664
46065.85010 0.3423
46065.85132 0.3423
46108.73193 0.3019
46108.73291 0.2956
46108.73389 0.3084
46121.73535 0.3147
46121.73633 0.3114
46121.73755 0.3066
46141.64673 0.3210
46141.64795 0.3208
46141.64941 0.3166
46365.99146 0.3309
46365.99243 0.3291
46365.99341 0.3304
46377.99146 0.3260
46377.99219 0.3272
46377.99316 0.3292
46393.01318 0.3496
46393.01392 0.3476
46393.01465 0.3359
46408.90479 0.3308
46408.90576 0.3362
46408.90674 0.3393
46418.96118 0.3190
46418.96216 0.3065
46418.96289 0.3159
46442.88159 0.3140
46442.88257 0.3075
46442.88354 0.3072
46458.83594 0.2986
46458.83691 0.3024
46458.83789 0.2996
46488.71582 0.2825
46488.71655 0.2883
46488.71753 0.2876
46516.71191 0.3050
46516.71362 0.2980
46516.71558 0.3059
46740.99316 0.3174
46740.99414 0.3379
46740.99512 0.3545
46804.80664 0.3400
46804.80933 0.3450
46804.81274 0.3203
46858.68091 0.3065
46858.68799 0.3346
46858.69043 0.3089
47110.97925 0.3195
47110.98022 0.3126
47110.98145 0.3160
47173.80029 0.3194
47173.80151 0.3257
47173.80249 0.3163
47239.65063 0.3033
47239.65186 0.3019
47239.65332 0.3080
47470.98267 0.3550
47470.98364 0.3308
47470.98486 0.3291
47485.99072 0.3646
47485.99194 0.3644
47485.99341 0.3555
47497.92822 0.3464
47497.92969 0.3203
47497.93115 0.3228
47509.90967 0.3378
47509.91064 0.3349
47509.91162 0.3435
47529.87866 0.3358
47529.87988 0.3366
47529.88159 0.3343
47543.81982 0.2914
47543.82202 0.2889
47543.82422 0.3042
47564.78784 0.3039
47564.79004 0.2970
47564.79175 0.3122
47581.74194 0.2924
47581.74365 0.2946
47581.74512 0.2961
47590.71069 0.2906
47590.71240 0.2899
47590.71411 0.2913
47613.63794 0.2962
47613.63989 0.3002
47613.64209 0.2937
47623.64380 0.2967
47623.64526 0.3068
47623.64648 0.3080
47977.67041 0.3225
47977.67163 0.3353
47977.67310 0.3392
49067.68457 0.3007
49067.68701 0.3045
49067.68896 0.2988
49299.98828 0.3260
49299.98926 0.3323
49299.98975 0.3446
49330.90381 0.2934
49330.90527 0.3055
49330.90625 0.3036
49359.80859 0.2914
49359.80957 0.2922
49359.81152 0.3018
49427.68604 0.3390
49427.68701 0.3123
49427.68799 0.3225
49696.88867 0.3085
49696.88965 0.2939
49696.89111 0.3102
49772.73193 0.3069
49772.73291 0.3190
49772.73438 0.3106
