2443806.80000 0.1527
2443855.80000 0.1624
2448958.00977 0.1511
2448958.01172 0.1505
2448958.01367 0.1486
2448976.95459 0.1518
2448976.95605 0.1530
2448976.95752 0.1503
2448979.92627 0.1531
2448979.92822 0.1518
2448979.92969 0.1516
2449012.82715 0.1565
2449012.82910 0.1554
2449012.83105 0.1534
2449015.80371 0.1481
2449015.80518 0.1487
2449015.80615 0.1480
2449029.80371 0.1531
2449029.80518 0.1473
2449029.80615 0.1508
2449057.72363 0.1545
2449057.72510 0.1541
2449057.72656 0.1544
2449065.69434 0.1524
2449065.69580 0.1521
2449065.69727 0.1529
2449068.68701 0.1578
2449068.68799 0.1566
2449068.68945 0.1555
2449089.66504 0.1484
2449089.66650 0.1493
2449089.66748 0.1466
2449300.01172 0.1580
2449300.01270 0.1565
2449300.01318 0.1533
2449311.92822 0.1492
2449311.92969 0.1542
2449311.93115 0.1486
2449326.89404 0.1432
2449326.89551 0.1465
2449326.89746 0.1455
2449329.89990 0.1465
2449329.90234 0.1455
2449329.90381 0.1456
2449334.87256 0.1536
2449334.87354 0.1561
2449334.87500 0.1489
2449361.83545 0.1510
2449361.83740 0.1526
2449361.83887 0.1518
2449365.81641 0.1506
2449365.81738 0.1511
2449365.81885 0.1518
2449396.76514 0.1513
2449396.76660 0.1535
2449396.76758 0.1499
2449414.72852 0.1531
2449414.72949 0.1562
2449414.73096 0.1535
2449421.65674 0.1467
2449421.65771 0.1489
2449421.65918 0.1472
2449425.70117 0.1524
2449425.70264 0.1502
2449425.70361 0.1509
2449428.69873 0.1519
2449428.69971 0.1540
2449428.70117 0.1577
2449680.95557 0.1481
2449680.95654 0.1462
2449680.95752 0.1507
2449703.86621 0.1471
2449703.86719 0.1451
2449703.86865 0.1502
2449759.79980 0.1512
2449759.80078 0.1518
2449759.80225 0.1518
2449767.76758 0.1565
2449767.76904 0.1532
2449767.77002 0.1565
2449772.73779 0.1513
2449772.73926 0.1501
2449772.74023 0.1538
2449793.67725 0.1435
2449793.67822 0.1466
2449793.67969 0.1484
