2444206.80000 0.1113
2446558.65015 0.2153
2446726.98438 0.2140
2446726.98535 0.2150
2446726.98657 0.2201
2446742.03345 0.2141
2446742.03589 0.2204
2446742.03931 0.2245
2446774.94922 0.2222
2446774.95093 0.2255
2446774.95264 0.2253
2446807.89111 0.2200
2446807.89233 0.2167
2446807.89355 0.2268
2446831.79736 0.2249
2446831.79980 0.2177
2446831.80225 0.2265
2446872.69482 0.2262
2446872.69702 0.2174
2446872.69922 0.2265
2446897.65283 0.2148
2446897.65625 0.2191
2446897.66016 0.2146
2447113.02319 0.2276
2447113.02441 0.2244
2447113.02539 0.2278
2447169.82837 0.2216
2447169.82910 0.2220
2447169.82983 0.2220
2447239.69873 0.2259
2447239.69971 0.2235
2447239.70068 0.2234
2447525.88721 0.2241
2447525.88892 0.2218
2447525.89038 0.2203
2447578.73022 0.2218
2447578.73193 0.2182
2447578.73364 0.2154
2447645.67432 0.2265
2447645.67603 0.2350
2447645.67749 0.2261
2447892.86084 0.2319
2447892.86230 0.2334
2447892.86353 0.2326
