2443892.80000 0.1634
2443898.80000 0.1593
2444169.80000 0.1591
2444192.80000 0.1578
2444205.80000 0.1646
2446102.02637 0.1598
2446102.04932 0.1617
2446102.06812 0.1512
2446105.40112 0.1605
2446105.40283 0.1521
2446105.40454 0.1552
2448159.98535 0.1616
2448159.98682 0.1565
2448159.98828 0.1577
2448159.98975 0.1562
2448159.99121 0.1581
2448159.99268 0.1568
2448955.00781 0.1574
2448955.00977 0.1588
2448955.01123 0.1578
2448976.96484 0.1544
2448976.96631 0.1575
2448976.96777 0.1603
2448979.93896 0.1605
2448979.94043 0.1593
2448979.94238 0.1623
2449010.81885 0.1568
2449010.82031 0.1651
2449010.82178 0.1572
2449014.80322 0.1585
2449014.80469 0.1577
2449014.80615 0.1543
2449029.81885 0.1557
2449029.81982 0.1547
2449029.82129 0.1602
2449052.69971 0.1522
2449052.70508 0.1646
2449052.70752 0.1564
2449056.70166 0.1601
2449056.70361 0.1601
2449056.70557 0.1604
2449059.70459 0.1629
2449059.70605 0.1562
2449059.70801 0.1554
2449065.70166 0.1633
2449065.70312 0.1558
2449065.70459 0.1525
2449068.69922 0.1609
2449068.70117 0.1583
2449068.70361 0.1588
2449088.64941 0.1578
2449088.65137 0.1654
2449088.65283 0.1552
2449091.64600 0.1578
2449091.64795 0.1583
2449091.64990 0.1567
2449299.99951 0.1561
2449300.00049 0.1553
2449300.00244 0.1591
2449300.94922 0.1578
2449300.95068 0.1582
2449300.95166 0.1591
2449307.95020 0.1570
2449307.95166 0.1525
2449307.95312 0.1589
2449310.95166 0.1591
2449310.95361 0.1577
2449310.95508 0.1589
2449325.90186 0.1564
2449325.90283 0.1584
2449325.90430 0.1553
2449329.92090 0.1563
2449329.92236 0.1566
2449329.92432 0.1584
2449331.87549 0.1583
2449331.87695 0.1598
2449331.87842 0.1560
2449335.89258 0.1518
2449335.89404 0.1550
2449335.89551 0.1539
2449338.89355 0.1576
2449338.89551 0.1494
2449338.89795 0.1558
2449342.87891 0.1556
2449342.88037 0.1591
2449342.88232 0.1557
2449344.84863 0.1564
2449344.85156 0.1590
2449344.85352 0.1590
2449359.81641 0.1564
2449359.81738 0.1574
2449359.81885 0.1553
2449363.82764 0.1539
2449363.82910 0.1553
2449363.83008 0.1541
2449368.81836 0.1587
2449368.81982 0.1537
2449368.82129 0.1554
2449380.76807 0.1342
2449380.77002 0.1590
2449380.77197 0.1641
2449394.76074 0.1541
2449394.76221 0.1579
2449394.76367 0.1560
2449397.79199 0.1587
2449397.79346 0.1653
2449397.79492 0.1586
2449404.75439 0.1572
2449404.75537 0.1559
2449404.75684 0.1571
2449408.62695 0.1548
2449408.62842 0.1551
2449408.62939 0.1538
2449412.74316 0.1498
2449412.74414 0.1501
2449412.74512 0.1488
2449413.73584 0.1496
2449413.73682 0.1477
2449413.73828 0.1469
2449414.73633 0.1486
2449414.73730 0.1508
2449414.73828 0.1512
2449420.73682 0.1607
2449420.73828 0.1639
2449420.73926 0.1561
2449423.74902 0.1675
2449423.75049 0.1609
2449423.75146 0.1607
2449426.71289 0.1589
2449426.71387 0.1586
2449426.71533 0.1550
2449433.68848 0.1566
2449433.68994 0.1579
2449433.69092 0.1526
2449456.65625 0.1560
2449456.65723 0.1516
2449456.65869 0.1569
2449662.95752 0.1655
2449662.95850 0.1557
2449662.95996 0.1590
2449676.97510 0.1580
2449676.97607 0.1548
2449676.97754 0.1554
2449679.97559 0.1572
2449679.97705 0.1573
2449679.97803 0.1589
2449683.94971 0.1640
2449683.95215 0.1552
2449683.95459 0.1573
2449685.93701 0.1603
2449685.93799 0.1591
2449685.93896 0.1541
2449688.92188 0.1611
2449688.92334 0.1589
2449688.92432 0.1588
2449696.89990 0.1537
2449696.90137 0.1583
2449696.90234 0.1601
2449702.93262 0.1555
2449702.93408 0.1556
2449702.93506 0.1550
2449704.87451 0.1534
2449704.87549 0.1567
2449704.87695 0.1586
2449707.89453 0.1586
2449707.89551 0.1653
2449707.89648 0.1571
2449717.88232 0.1562
2449717.88330 0.1523
2449717.88477 0.1586
2449719.87988 0.1568
2449719.88135 0.1516
2449719.88232 0.1548
2449723.88281 0.1604
2449723.88379 0.1568
2449723.88525 0.1556
2449730.85010 0.1597
2449730.85107 0.1622
2449730.85205 0.1558
2449736.87842 0.1559
2449736.87939 0.1536
2449736.88086 0.1572
2449747.78125 0.1550
2449747.78223 0.1523
2449747.78369 0.1612
2449749.77295 0.1602
2449749.77441 0.1547
2449749.77539 0.1552
2449752.78711 0.1598
2449752.78857 0.1563
2449752.78955 0.1604
2449759.78809 0.1570
2449759.78906 0.1605
2449759.79053 0.1579
2449766.76221 0.1525
2449766.76367 0.1582
2449766.76465 0.1615
2449771.76953 0.1537
2449771.77100 0.1553
2449771.77197 0.1585
2449774.72363 0.1601
2449774.72461 0.1604
2449774.72607 0.1608
2449784.70410 0.1646
2449784.70557 0.1622
2449784.70654 0.1644
2449792.67578 0.1528
2449792.67725 0.1499
2449792.67920 0.1484
2449801.65723 0.1550
2449801.65918 0.1649
2449801.66162 0.1611
2449819.63770 0.1408
2449819.63916 0.1452
2449819.64014 0.1389
