2444207.80000 0.1649
2446559.65210 0.3210
2446559.65454 0.3252
2446559.65698 0.3343
2446744.03247 0.3425
2446744.03467 0.3442
2446744.03662 0.3319
2446775.95996 0.3516
2446775.96265 0.3296
2446775.96484 0.3486
2446809.90088 0.3497
2446809.90381 0.3348
2446809.90674 0.3543
2446844.80322 0.3305
2446844.80664 0.3266
2446844.81006 0.3239
2446877.68042 0.3343
2446877.68408 0.3159
2446877.68726 0.3348
2446898.66211 0.3289
2446898.66504 0.3460
2446898.66870 0.3205
2447144.88770 0.3307
2447144.88892 0.3301
2447144.88989 0.3348
2447206.76172 0.3573
2447206.76245 0.3612
2447206.76318 0.3489
2447276.68311 0.3665
2447276.68433 0.3482
2447276.68579 0.3628
2447525.91113 0.3602
2447525.91235 0.3645
2447525.91333 0.3650
2447578.75610 0.3445
2447578.75757 0.3376
2447578.75903 0.3422
2447645.65698 0.3436
2447645.65894 0.3361
2447645.66089 0.3445
2447917.82861 0.3613
2447917.82983 0.3577
2447917.83105 0.3640
2447951.80322 0.3492
2447951.80542 0.3477
2447951.80737 0.3625
2449057.73047 0.3951
2449057.73193 0.4067
2449057.73389 0.3998
2449090.66113 0.4092
2449090.66357 0.4033
2449090.66504 0.4094
2449331.89209 0.3765
2449331.89404 0.3803
2449331.89600 0.3819
2449365.82129 0.3589
2449365.82227 0.3735
2449365.82324 0.3818
2449421.71924 0.3926
2449421.72021 0.3899
2449421.72168 0.3779
2449456.66211 0.3941
2449456.66309 0.3923
2449456.66406 0.3920
2449696.91846 0.4286
2449696.92139 0.4006
2449696.92383 0.4078
2449754.80859 0.3927
2449754.80957 0.3851
2449754.81104 0.3881
2449819.64941 0.3913
2449819.65039 0.3922
2449819.65137 0.4001
