45657.95500 0.2598
45657.95700 0.2698
45657.95800 0.2578
45664.96200 0.2669
45664.96800 0.2620
45664.97400 0.2489
45667.07200 0.2637
45667.07400 0.2559
45667.07500 0.2574
45678.95300 0.2673
45678.95600 0.2635
45678.95800 0.2667
45686.94000 0.2668
45686.94200 0.2711
45686.94300 0.2671
45700.93700 0.2587
45700.93900 0.2630
45700.94200 0.2533
45710.92100 0.2671
45710.92200 0.2632
45710.92300 0.2625
45715.81500 0.2636
45715.81600 0.2718
45715.81700 0.2592
45716.82600 0.2479
45716.82800 0.2671
45716.82900 0.2614
45716.93100 0.2490
45716.93200 0.2563
45716.93300 0.2519
45717.90800 0.2593
45717.90900 0.2614
45717.91000 0.2681
45724.85100 0.2540
45724.85200 0.2521
45724.85300 0.2466
45727.82500 0.2551
45727.82700 0.2539
45727.82900 0.2533
45737.81400 0.2502
45737.81600 0.2601
45737.81700 0.2395
45739.79200 0.2589
45739.79400 0.2666
45739.79600 0.2565
45748.81300 0.2485
45748.81500 0.2470
45748.81600 0.2448
45753.74800 0.2448
45753.75000 0.2576
45753.75100 0.2505
45755.73200 0.2531
45755.73300 0.2506
45755.73500 0.2545
45759.65200 0.2502
45759.65400 0.2498
45759.65500 0.2567
45762.75200 0.2435
45762.75300 0.2521
45762.75400 0.2596
45765.75500 0.2523
45765.75600 0.2504
45765.75700 0.2503
45767.75800 0.2572
45767.75900 0.2532
45767.76100 0.2548
45777.72800 0.2631
45777.73300 0.2668
45777.73800 0.2582
45779.70100 0.2552
45779.70200 0.2587
45779.70300 0.2626
45782.69200 0.2584
45782.69300 0.2527
45782.69400 0.2573
45784.73669 0.2529
45784.73828 0.2582
45784.73975 0.2593
45786.74400 0.2618
45786.75000 0.2660
45786.75400 0.2674
45788.73975 0.2606
45788.74170 0.2537
45788.74341 0.2498
45793.67700 0.2539
45793.67800 0.2492
45793.68000 0.2554
45797.69500 0.2522
45797.69700 0.2552
45797.69800 0.2527
45799.68958 0.2673
45799.69250 0.2637
45799.69519 0.2670
45801.69910 0.2510
45801.70142 0.2604
45801.70361 0.2551
45803.70500 0.2466
45803.70700 0.2606
45803.70800 0.2586
45805.67000 0.2579
45805.67100 0.2558
45805.67200 0.2554
45807.65515 0.2497
45807.65625 0.2463
45807.65723 0.2578
45810.69800 0.2703
45810.70200 0.2622
45810.70600 0.2504
45812.63100 0.2470
45812.63200 0.2554
45812.63300 0.2557
45814.64100 0.2482
45814.64200 0.2533
45814.64300 0.2483
45816.65800 0.2650
45816.66100 0.2710
45816.66500 0.2712
46003.01929 0.2641
46003.02026 0.2571
46003.02112 0.2651
46023.04443 0.2597
46023.04749 0.2605
46023.05017 0.2611
46064.91284 0.2522
46064.91577 0.2601
46064.91846 0.2634
46084.61572 0.2616
46084.63452 0.2633
46084.65503 0.2665
46096.59961 0.2748
46096.62256 0.2705
46096.64429 0.2665
46108.71948 0.2658
46108.72217 0.2591
46108.72510 0.2597
46116.80005 0.2760
46116.80347 0.2600
46116.80688 0.2682
46123.73193 0.2688
46123.73438 0.2624
46123.73682 0.2577
46124.76514 0.2619
46124.76733 0.2684
46124.76978 0.2669
46129.72754 0.2661
46129.73193 0.2698
46129.73779 0.2620
46137.68701 0.2513
46137.68994 0.2557
46137.69312 0.2524
46144.69043 0.2596
46144.69482 0.2560
46144.69946 0.2629
46155.68286 0.2574
46155.68774 0.2542
46155.69214 0.2445
46163.63599 0.2582
46163.63843 0.2528
46163.64087 0.2517
46169.64136 0.2583
46169.64429 0.2561
46169.64722 0.2556
46178.67676 0.2638
46178.68042 0.2600
46178.68359 0.2597
46185.65479 0.2535
46186.65259 0.2568
46186.65625 0.2586
46186.65991 0.2577
46366.01074 0.2615
46366.01123 0.2521
46366.01196 0.2532
46371.98242 0.2603
46371.98340 0.2558
46371.98438 0.2573
46376.98413 0.2602
46376.98535 0.2577
46376.98657 0.2566
46383.98926 0.2553
46383.99023 0.2597
46383.99121 0.2548
46389.01660 0.2622
46389.01733 0.2589
46389.01831 0.2491
46397.01074 0.2623
46397.01172 0.2563
46397.01245 0.2611
46404.01538 0.2629
46404.01611 0.2625
46404.01685 0.2585
46409.99194 0.2579
46409.99268 0.2630
46409.99341 0.2605
46416.92188 0.2568
46416.92285 0.2546
46416.92358 0.2605
46421.91821 0.2582
46421.91919 0.2578
46421.91992 0.2546
46427.95215 0.2562
46427.95313 0.2657
46427.95386 0.2577
46438.91138 0.2582
46438.91235 0.2597
46438.91333 0.2597
46443.88623 0.2533
46443.88721 0.2655
46443.88794 0.2566
46448.87744 0.2586
46448.87817 0.2692
46448.87891 0.2544
46455.87793 0.2565
46455.87866 0.2577
46455.87964 0.2566
46464.84033 0.2552
46464.84106 0.2551
46464.84204 0.2571
46481.78125 0.2615
46481.78247 0.2616
46481.78418 0.2616
46487.78247 0.2585
46487.78345 0.2559
46487.78467 0.2522
46493.77856 0.2534
46493.77954 0.2546
46493.78027 0.2616
46498.77734 0.2609
46498.77881 0.2639
46498.78052 0.2494
46504.69922 0.2584
46504.69995 0.2571
46504.70093 0.2560
46511.68628 0.2651
46511.68701 0.2566
46511.68799 0.2557
46519.73804 0.2476
46519.73901 0.2512
46519.73999 0.2492
46529.65503 0.2525
46529.65625 0.2550
46529.65723 0.2559
46544.64307 0.2572
46544.64429 0.2545
46544.64575 0.2571
46550.66382 0.2558
46550.66528 0.2586
46550.66650 0.2595
46745.00879 0.2569
46745.01001 0.2483
46745.01147 0.2519
46805.87402 0.2617
46805.87744 0.2531
46805.88062 0.2663
46864.66895 0.2605
46864.67114 0.2447
46864.67334 0.2560
47144.92163 0.2566
47144.92236 0.2562
47144.92334 0.2606
47206.75439 0.2593
47206.75537 0.2558
47206.75635 0.2590
47276.67700 0.2540
47276.67798 0.2597
47276.67896 0.2561
47471.98901 0.2562
47471.99048 0.2543
47471.99170 0.2598
47480.99512 0.2457
47480.99634 0.2512
47480.99731 0.2563
47494.00391 0.2509
47494.00513 0.2508
47494.00635 0.2493
47497.94238 0.2502
47497.94409 0.2542
47497.94580 0.2525
47505.90503 0.2568
47505.90723 0.2558
47505.90918 0.2518
47508.91064 0.2591
47508.91162 0.2536
47508.91260 0.2536
47522.89746 0.2613
47522.89868 0.2637
47522.89990 0.2550
47529.91846 0.2552
47529.91968 0.2570
47529.92090 0.2613
47540.83057 0.2508
47540.83154 0.2564
47540.83228 0.2561
47546.80884 0.2491
47546.81030 0.2516
47546.81152 0.2516
47557.77246 0.2549
47557.77393 0.2540
47557.77539 0.2516
47580.73242 0.2576
47580.73389 0.2599
47580.73560 0.2548
47589.73047 0.2451
47589.73291 0.2468
47589.73511 0.2499
47607.68921 0.2573
47607.69067 0.2567
47607.69189 0.2565
47616.68579 0.2572
47616.68726 0.2573
47616.68848 0.2587
47622.66992 0.2514
47622.67139 0.2484
47622.67285 0.2425
47628.64600 0.2531
47628.64746 0.2546
47628.64893 0.2474
48582.97266 0.2779
48582.97363 0.2716
48582.97461 0.2773
