2443853.80000 0.1891
2446468.89355 0.1650
2446468.89429 0.1650
2446468.89526 0.1656
2446470.89893 0.1661
2446470.89990 0.1655
2446470.90039 0.1665
2446471.87109 0.1684
2446471.87183 0.1667
2446471.87280 0.1659
2446472.79712 0.1653
2446472.79785 0.1664
2446472.79858 0.1657
2446481.80786 0.1638
2446481.80859 0.1593
2446481.80933 0.1634
2446482.77734 0.1627
2446482.77832 0.1625
2446482.77930 0.1641
2446483.75000 0.1622
2446483.75073 0.1619
2446483.75146 0.1593
2446484.76636 0.1666
2446484.76733 0.1639
2446484.76855 0.1642
2446485.76074 0.1660
2446485.76147 0.1659
2446485.76221 0.1655
2446487.79834 0.1611
2446487.79932 0.1628
2446487.80005 0.1657
2446488.73096 0.1629
2446488.73169 0.1609
2446488.73242 0.1613
2446489.77515 0.1663
2446489.77612 0.1709
2446489.77710 0.1643
2446491.73779 0.1662
2446491.73853 0.1685
2446491.73950 0.1632
2446492.79907 0.1675
2446492.80029 0.1646
2446492.80127 0.1634
2446493.78345 0.1639
2446493.78442 0.1652
2446493.78516 0.1649
2446495.76270 0.1650
2446495.76367 0.1660
2446495.76440 0.1656
2446496.71045 0.1565
2446496.71191 0.1630
2446496.71265 0.1600
2446497.70679 0.1674
2446497.70801 0.1628
2446497.70898 0.1666
2446498.75977 0.1660
2446498.76099 0.1689
2446498.76196 0.1684
2446504.71240 0.1652
2446504.71313 0.1654
2446504.71411 0.1661
2446507.71313 0.1688
2446507.71411 0.1680
2446507.71509 0.1703
2446508.70630 0.1656
2446508.70703 0.1661
2446508.70776 0.1658
2446509.69263 0.1631
2446509.69360 0.1643
2446509.69434 0.1598
2446510.69238 0.1599
2446510.69312 0.1638
2446510.69409 0.1650
2446512.66968 0.1679
2446512.67041 0.1629
2446512.67114 0.1608
2446513.67358 0.1727
2446513.67432 0.1714
2446513.67529 0.1634
2446514.69727 0.1668
2446514.69824 0.1708
2446514.69922 0.1676
2446515.68823 0.1624
2446515.68921 0.1631
2446515.68994 0.1607
2446517.74194 0.1656
2446517.74292 0.1596
2446517.74414 0.1604
2446519.74243 0.1656
2446519.74341 0.1643
2446519.74414 0.1643
2446523.70898 0.1669
2446523.70972 0.1661
2446523.71069 0.1622
2446525.67920 0.1634
2446525.67993 0.1626
2446525.68091 0.1650
2446528.64307 0.1683
2446528.64380 0.1703
2446528.64453 0.1718
2446529.63770 0.1606
2446529.63843 0.1602
2446529.63916 0.1591
2446530.64526 0.1664
2446530.64600 0.1691
2446530.64697 0.1720
2446532.68970 0.1619
2446532.69043 0.1643
2446532.69141 0.1728
2446535.64551 0.1616
2446535.64624 0.1629
2446535.64697 0.1625
2446539.66357 0.1636
2446539.66455 0.1669
2446539.66553 0.1657
2446540.64844 0.1682
2446540.64917 0.1671
2446540.65015 0.1637
2446541.64990 0.1605
2446541.65063 0.1634
2446541.65137 0.1631
2446543.67896 0.1702
2446543.68018 0.1742
2446543.68140 0.1698
2446544.65356 0.1680
2446544.65454 0.1700
2446544.65527 0.1715
2446545.62988 0.1650
2446545.63086 0.1699
2446545.63232 0.1695
2446553.67285 0.1691
2446553.67358 0.1689
2446553.67432 0.1664
2447107.01123 0.1637
2447107.01245 0.1640
2447107.01392 0.1586
2447108.99878 0.1607
2447108.99951 0.1705
2447109.00049 0.1703
2447109.94727 0.1599
2447109.94849 0.1632
2447109.94922 0.1570
2447111.04688 0.1628
2447111.04785 0.1623
2447111.04883 0.1607
2447115.03027 0.1674
2447115.03125 0.1705
2447115.03198 0.1689
2447116.02612 0.1579
2447116.02710 0.1599
2447116.02808 0.1576
2447119.01855 0.1687
2447119.01929 0.1705
2447119.02026 0.1610
2447120.03833 0.1717
2447120.03931 0.1678
2447120.04004 0.1632
2447122.01782 0.1595
2447122.01880 0.1645
2447122.01978 0.1688
2447123.01538 0.1629
2447123.01660 0.1642
2447123.01758 0.1637
2447123.99341 0.1647
2447123.99438 0.1631
2447123.99561 0.1654
2447125.99780 0.1642
2447125.99878 0.1630
2447125.99976 0.1679
2447128.02368 0.1637
2447128.02490 0.1594
2447128.02588 0.1609
2447129.00684 0.1607
2447129.00781 0.1604
2447129.00879 0.1619
2447129.99194 0.1602
2447129.99292 0.1642
2447129.99414 0.1624
2447131.99512 0.1595
2447131.99609 0.1630
2447131.99683 0.1601
2447132.99121 0.1635
2447132.99219 0.1624
2447132.99316 0.1634
2447139.01245 0.1614
2447139.01367 0.1630
2447139.01489 0.1545
2447140.03809 0.1659
2447140.03906 0.1600
2447140.04004 0.1684
2447140.99048 0.1649
2447140.99146 0.1620
2447140.99243 0.1620
2447141.97998 0.1642
2447141.98096 0.1631
2447141.98193 0.1605
2447149.90723 0.1633
2447149.90820 0.1630
2447149.90918 0.1626
2447151.87866 0.1678
2447151.87988 0.1600
2447151.88086 0.1639
2447156.98608 0.1639
2447156.98706 0.1606
2447156.98804 0.1666
2447157.96606 0.1644
2447157.96729 0.1620
2447157.96826 0.1598
2447160.95679 0.1664
2447160.95825 0.1551
2447160.95947 0.1587
2447162.94263 0.1584
2447162.94385 0.1631
2447162.94458 0.1588
2447166.85767 0.1649
2447166.85864 0.1677
2447166.85962 0.1684
2447167.80811 0.1627
2447167.80884 0.1584
2447167.80957 0.1660
2447168.89746 0.1668
2447168.89819 0.1673
2447168.89917 0.1624
2447170.90723 0.1684
2447170.90820 0.1719
2447170.90918 0.1590
2447170.90991 0.1581
2447170.91431 0.1568
2447170.91553 0.1578
2447170.91675 0.1534
2447170.91821 0.1597
2447173.86108 0.1615
2447173.86230 0.1630
2447173.86353 0.1586
2447174.87891 0.1635
2447174.88013 0.1637
2447174.88110 0.1643
2447180.86670 0.1649
2447180.86816 0.1673
2447180.86938 0.1648
2447182.85156 0.1614
2447182.85254 0.1703
2447182.85352 0.1651
2447184.87329 0.1672
2447184.87451 0.1606
2447184.87573 0.1631
2447185.77222 0.1658
2447185.77295 0.1681
2447185.77368 0.1658
2447186.87573 0.1637
2447186.87646 0.1632
2447186.87744 0.1655
2447190.87134 0.1644
2447190.87231 0.1632
2447190.87329 0.1665
2447194.90967 0.1617
2447194.91040 0.1629
2447194.91162 0.1586
2447195.83276 0.1638
2447195.83447 0.1634
2447195.83594 0.1628
2447197.84058 0.1647
2447197.84155 0.1634
2447197.84229 0.1632
2447200.87671 0.1637
2447200.87793 0.1632
2447200.87866 0.1710
2447200.87988 0.1667
2447203.79907 0.1604
2447203.79980 0.1671
2447203.80078 0.1690
2447205.81152 0.1636
2447205.81226 0.1633
2447205.81323 0.1626
2447207.79150 0.1630
2447207.79272 0.1564
2447207.79395 0.1607
2447209.77588 0.1621
2447209.77686 0.1630
2447209.77783 0.1603
2447213.77051 0.1665
2447213.77148 0.1709
2447213.77222 0.1672
2447214.78760 0.1580
2447214.78833 0.1609
2447214.78931 0.1657
2447215.75708 0.1664
2447215.75806 0.1608
2447215.75879 0.1563
2447224.72974 0.1607
2447224.73120 0.1615
2447224.73242 0.1598
2447226.71558 0.1675
2447226.71631 0.1698
2447226.71704 0.1724
2447229.75220 0.1580
2447229.75342 0.1687
2447229.75464 0.1700
2447234.79248 0.1616
2447234.79346 0.1578
2447234.79419 0.1652
2447239.73804 0.1625
2447239.73901 0.1599
2447239.73999 0.1614
2447241.72144 0.1719
2447241.72241 0.1685
2447241.72363 0.1770
2447242.74316 0.1658
2447242.74438 0.1642
2447242.74536 0.1633
2447252.71118 0.1661
2447252.71265 0.1630
2447252.71436 0.1645
2447253.65845 0.1720
2447253.65918 0.1665
2447253.66016 0.1620
2447255.66455 0.1750
2447255.66553 0.1745
2447255.66650 0.1605
2447256.71411 0.1626
2447256.71509 0.1674
2447256.71606 0.1690
2447257.67651 0.1601
2447257.67749 0.1645
2447257.67871 0.1651
2447257.68237 0.1619
2447257.68359 0.1619
2447258.68457 0.1660
2447258.68555 0.1590
2447258.68677 0.1583
2447260.72119 0.1635
2447260.72266 0.1607
2447260.72412 0.1608
2447262.71826 0.1731
2447262.71924 0.1679
2447262.71997 0.1717
2447263.71606 0.1672
2447263.71729 0.1696
2447263.71826 0.1627
2447263.72241 0.1667
2447467.00562 0.1612
2447467.00708 0.1600
2447467.00781 0.1620
2447472.00928 0.1648
2447472.01001 0.1612
2447472.01074 0.1654
2447472.99463 0.1630
2447472.99634 0.1639
2447472.99756 0.1658
2447481.98169 0.1687
2447481.98267 0.1666
2447481.98389 0.1678
2447483.04395 0.1709
2447483.04614 0.1718
2447483.04810 0.1717
2447485.00879 0.1744
2447485.01050 0.1742
2447485.01147 0.1747
2447487.01025 0.1713
2447487.01123 0.1725
2447487.01245 0.1674
2447495.90674 0.1638
2447495.90796 0.1641
2447495.90894 0.1620
2447496.92261 0.1662
2447496.92383 0.1658
2447496.92505 0.1659
2447500.95142 0.1653
2447500.95264 0.1672
2447500.95386 0.1642
2447506.96875 0.1749
2447506.96973 0.1748
2447506.97095 0.1785
2447508.93335 0.1611
2447508.93433 0.1711
2447508.93506 0.1789
2447517.94189 0.1658
2447517.94287 0.1671
2447517.94409 0.1647
2447525.95483 0.1750
2447525.95581 0.1699
2447525.95703 0.1728
2447529.93774 0.1670
2447529.93921 0.1665
2447529.94116 0.1673
2447535.85864 0.1654
2447535.85986 0.1670
2447535.86084 0.1720
2447540.84839 0.1832
2447540.84937 0.1764
2447540.85010 0.1775
2447541.81958 0.1738
2447541.82056 0.1766
2447541.82153 0.1745
2447546.85059 0.1706
2447546.85181 0.1726
2447546.85254 0.1688
2447555.88965 0.1654
2447555.89111 0.1663
2447555.89233 0.1667
2447558.79321 0.1682
2447558.79443 0.1650
2447558.79565 0.1668
2447568.72900 0.1903
2447568.72974 0.1896
2447568.73071 0.1853
2447573.74707 0.1933
2447573.74805 0.1896
2447573.74927 0.2076
2447575.75073 0.1776
2447575.75195 0.1777
2447575.75293 0.1756
2447581.76587 0.1797
2447581.76709 0.1779
2447581.76807 0.1816
2447583.76514 0.1722
2447583.76611 0.1661
2447583.76709 0.1679
2447584.73291 0.1718
2447584.73389 0.1666
2447584.73511 0.1671
2447585.73315 0.1714
2447585.73462 0.1680
2447585.73560 0.1683
2447589.74194 0.1649
2447589.74365 0.1657
2447589.74536 0.1630
2447591.72534 0.1645
2447591.72632 0.1621
2447591.72729 0.1633
2447592.72754 0.1760
2447592.72876 0.1782
2447592.72998 0.1762
2447596.70288 0.1684
2447596.70410 0.1722
2447596.70508 0.1712
2447599.65015 0.1619
2447599.65186 0.1648
2447599.65356 0.1627
2447608.67554 0.1692
2447608.67651 0.1698
2447608.67749 0.1685
2447616.70410 0.1677
2447616.70508 0.1710
2447616.70630 0.1747
2447617.65771 0.1686
2447617.65894 0.1687
2447617.65991 0.1731
2447622.68945 0.1707
2447622.69067 0.1669
2447622.69189 0.1701
2447624.65308 0.1641
2447624.65430 0.1698
2447624.65552 0.1690
2447625.64575 0.1822
2447625.64697 0.1808
2447625.64819 0.1792
2447627.65332 0.1805
2447627.65430 0.1797
2447627.65527 0.1818
2447631.65405 0.1852
2447631.65503 0.1929
2447631.65601 0.1846
2447838.00513 0.1676
2447838.00635 0.1674
2447838.00757 0.1665
2447848.02393 0.1643
2447848.02539 0.1636
2447848.02686 0.1640
2447863.99023 0.1717
2447863.99146 0.1720
2447863.99292 0.1707
2447864.96362 0.1662
2447864.96509 0.1704
2447864.96655 0.1652
2447867.98657 0.1660
2447867.98804 0.1646
2447867.98950 0.1654
2447868.94849 0.1663
2447868.94971 0.1670
2447868.95093 0.1606
2447874.96753 0.1649
2447874.96875 0.1676
2447874.97021 0.1665
2447878.92334 0.1662
2447878.92480 0.1651
2447878.92603 0.1684
2447895.88794 0.1667
2447895.88892 0.1638
2447895.89014 0.1653
2447897.88135 0.1672
2447897.88257 0.1678
2447897.88403 0.1662
2447900.90210 0.1664
2447900.90332 0.1658
2447900.90479 0.1681
2447912.86890 0.1702
2447912.86987 0.1713
2447912.87109 0.1681
2447931.76392 0.1656
2447931.76514 0.1679
2447931.76685 0.1652
2447935.76025 0.1638
2447935.76147 0.1630
2447935.76270 0.1671
2447956.71240 0.1654
2447956.71362 0.1647
2447956.71484 0.1639
2447975.72388 0.1685
2447975.72510 0.1701
2447975.72632 0.1661
2447977.70801 0.1688
2447977.70923 0.1672
2447977.71045 0.1656
2448243.92139 0.1734
2448243.92236 0.1730
2448243.92334 0.1736
2448256.88379 0.1815
2448256.88525 0.1797
2448256.88721 0.1829
2448269.83301 0.1700
2448269.83447 0.1714
2448269.83545 0.1705
2448274.80273 0.1684
2448274.80420 0.1694
2448274.80566 0.1672
2448280.80566 0.1746
2448280.80664 0.1714
2448280.80811 0.1717
2448284.80566 0.1692
2448284.80713 0.1681
2448284.80859 0.1653
2448297.77588 0.1608
2448297.77686 0.1637
2448297.77783 0.1625
2448300.77686 0.1672
2448300.77832 0.1635
2448300.77979 0.1667
2448306.75146 0.1704
2448306.75293 0.1677
2448306.75439 0.1689
2448308.74268 0.1628
2448308.74414 0.1619
2448308.74512 0.1638
2448312.73340 0.1677
2448312.73486 0.1661
2448312.73584 0.1653
2448328.67188 0.1692
2448328.67334 0.1661
2448328.67480 0.1649
2448347.65967 0.1680
2448347.66113 0.1652
2448347.66211 0.1655
2448361.65186 0.1679
2448361.65381 0.1717
2448361.65527 0.1717
2448582.98145 0.1683
2448582.98291 0.1720
2448582.98389 0.1715
2448639.78125 0.1617
2448639.78320 0.1655
2448639.78516 0.1677
2448641.80078 0.1704
2448641.80225 0.1691
2448641.80371 0.1720
2448643.76660 0.1676
2448643.76855 0.1664
2448643.77002 0.1706
2448644.76074 0.1653
2448644.76221 0.1666
2448644.76367 0.1647
2448645.76611 0.1701
2448645.76758 0.1676
2448645.76855 0.1662
2448651.73242 0.1645
2448651.73389 0.1660
2448651.73584 0.1646
2448654.87500 0.1638
2448654.87646 0.1651
2448654.87793 0.1642
2448655.74707 0.1681
2448655.74854 0.1680
2448655.75000 0.1660
2448656.76367 0.1714
2448656.76563 0.1704
2448656.76709 0.1701
2448657.75586 0.1664
2448657.75732 0.1710
2448657.75879 0.1687
2448671.73779 0.1689
2448671.73926 0.1669
2448671.74023 0.1632
2448677.72070 0.1658
2448677.72217 0.1664
2448677.72314 0.1658
2448691.66016 0.1655
2448691.66162 0.1625
2448691.66309 0.1650
2448692.64404 0.1645
2448692.64551 0.1658
2448692.64648 0.1640
2448693.72754 0.1646
2448693.72900 0.1665
2448693.73047 0.1729
2448694.71094 0.1672
2448694.71240 0.1676
2448694.71387 0.1646
2448695.75098 0.1666
2448695.75244 0.1689
2448695.75391 0.1698
2448696.71240 0.1699
2448696.71436 0.1706
2448696.71582 0.1698
2448698.68848 0.1676
2448698.68994 0.1668
2448698.69141 0.1690
2448705.66455 0.1594
2448705.66602 0.1554
2448705.66748 0.1552
2448719.68311 0.1679
2448719.68506 0.1647
2448719.68701 0.1678
2448720.67090 0.1655
2448720.67236 0.1719
2448720.67383 0.1684
2448721.67285 0.1643
2448721.67432 0.1711
2448721.67529 0.1660
2448722.66064 0.1673
2448722.66211 0.1636
2448722.66357 0.1714
2448726.64502 0.1684
2448726.64600 0.1719
2448726.64746 0.1725
2448729.65771 0.1699
2448729.65967 0.1702
2448729.66064 0.1661
2448731.66309 0.1728
2448731.66455 0.1717
2448731.66602 0.1733
2448732.66602 0.1716
2448732.66748 0.1715
2448732.66895 0.1699
2449058.74414 0.1697
2449058.74561 0.1669
2449058.74707 0.1683
2449069.67383 0.4155
2449069.67529 0.4153
2449069.67627 0.4105
2449090.67090 0.4215
2449090.67285 0.4234
2449090.67432 0.4250
2449327.90137 0.1690
2449327.90234 0.1702
2449327.90332 0.1691
2449335.90479 0.1662
2449335.90625 0.1651
2449335.90820 0.1664
2449360.81982 0.1626
2449360.82129 0.1614
2449360.82227 0.1626
2449396.80566 0.1624
2449396.80713 0.1605
2449396.80859 0.1615
2449425.74121 0.1639
2449425.74219 0.1674
2449425.74365 0.1647
2449457.66064 0.1710
2449457.66162 0.1705
2449457.66309 0.1715
2449463.66504 0.1665
2449463.66602 0.1652
2449463.66748 0.1654
2449696.93994 0.2271
2449696.94092 0.2333
2449696.94238 0.2345
2449713.89502 0.1653
2449713.89648 0.1639
2449713.89746 0.1654
2449735.83105 0.1742
2449735.83252 0.1746
2449735.83350 0.1750
2449753.80420 0.2834
2449753.80566 0.2661
2449753.80664 0.2773
2449761.81348 0.1935
2449761.81494 0.1980
2449761.81592 0.1955
2449793.69189 0.2768
2449793.69287 0.2804
2449793.69434 0.2634
2449796.73291 0.2042
2449796.73438 0.1764
2449796.73535 0.3530
2449796.73682 0.3856
2449796.73828 0.3815
2449796.73926 0.3030
2449801.63135 0.1771
2449801.63281 0.1770
2449801.63379 0.1788
2449802.64648 0.3688
2449802.64746 0.3297
2449802.64844 0.4471
2449803.70703 0.1976
2449803.70801 0.1995
2449803.70947 0.1985
2449804.69189 0.2516
2449804.69287 0.2445
2449804.69434 0.2468
2449804.70215 0.1786
2449804.70312 0.1755
2449804.70410 0.1763
2449817.65674 0.1687
2449817.65771 0.1711
2449817.65918 0.1715
