44206.80000 0.1053
46562.64771 0.2364
46562.64893 0.2253
46562.65015 0.2264
46743.02979 0.2227
46743.03101 0.2264
46743.03198 0.2360
46775.97144 0.2257
46775.97241 0.2243
46775.97339 0.2261
46805.88599 0.2355
46805.88745 0.2390
46805.88892 0.2332
46844.77197 0.2210
46844.77319 0.2304
46844.77441 0.2190
46867.70508 0.2222
46867.70654 0.2249
46867.70776 0.2221
46893.65698 0.2400
46893.65796 0.2348
46893.65894 0.2307
47144.92944 0.2287
47144.93042 0.2303
47144.93140 0.2322
47206.74780 0.2335
47206.74878 0.2266
47206.74976 0.2339
47276.66089 0.2278
47276.66211 0.2287
47276.66333 0.2312
47525.93091 0.2258
47525.93237 0.2319
47525.93384 0.2308
47578.76953 0.2236
47578.77100 0.2223
47578.77222 0.2277
47645.68042 0.2314
47645.68164 0.2237
47645.68311 0.2352
47890.87939 0.2354
47890.88062 0.2354
47890.88184 0.2327
47921.82129 0.2373
47921.82202 0.2356
47921.82300 0.2375
