44206.80000 0.1265
44207.80000 0.1529
45657.97000 0.2445
45657.97200 0.2421
45657.97200 0.2452
45668.01100 0.2494
45668.01200 0.2480
45668.01200 0.2477
45684.97400 0.2457
45684.97500 0.2423
45684.97500 0.2476
45689.96700 0.2504
45689.96900 0.2438
45689.97000 0.2485
45700.92400 0.2473
45700.92500 0.2389
45700.92700 0.2390
45710.94600 0.2583
45710.94700 0.2486
45710.94800 0.2494
45724.86100 0.2398
45724.86100 0.2355
45724.86200 0.2475
45739.80200 0.2446
45739.80300 0.2463
45739.80400 0.2396
45750.77300 0.2415
45750.77400 0.2504
45750.77400 0.2394
45756.72100 0.2441
45756.72200 0.2409
45756.72300 0.2396
45764.70600 0.2414
45764.70800 0.2442
45764.71000 0.2442
45778.73718 0.2460
45778.73792 0.2567
45778.73914 0.2506
45784.74365 0.2557
45784.74426 0.2466
45784.74487 0.2485
45794.75073 0.2545
45794.75134 0.2497
45794.75183 0.2533
45801.70874 0.2501
45801.70996 0.2432
45801.71118 0.2453
45808.66650 0.2433
45808.66724 0.2460
45808.66785 0.2423
45819.66800 0.2418
45819.66900 0.2429
45819.66900 0.2431
45998.01538 0.2444
45998.01648 0.2397
45998.01733 0.2462
46024.03381 0.2396
46024.03564 0.2375
46024.03772 0.2460
46032.00049 0.2691
46032.00781 0.2356
46069.96069 0.2344
46069.96191 0.2484
46069.96289 0.2486
46110.75024 0.2407
46110.75098 0.2404
46110.75195 0.2481
46142.71948 0.2443
46142.72021 0.2352
46142.72070 0.2437
46168.62280 0.2492
46168.62354 0.2531
46168.62451 0.2396
46366.01807 0.2450
46366.01880 0.2425
46366.01953 0.2396
46378.00952 0.2419
46378.01001 0.2461
46378.01074 0.2403
46408.94141 0.2386
46408.94238 0.2408
46408.94336 0.2413
46440.93018 0.2364
46440.93091 0.2399
46440.93188 0.2376
46486.80127 0.2373
46486.80200 0.2438
46486.80273 0.2435
46521.69214 0.2328
46521.69287 0.2388
46521.69385 0.2434
46553.69458 0.2458
46553.69531 0.2394
46553.69604 0.2444
46749.02954 0.2428
46749.03052 0.2439
46749.03149 0.2451
46808.87280 0.2429
46808.87354 0.2334
46808.87427 0.2430
46867.67651 0.2387
46867.67798 0.2328
46867.67944 0.2346
47148.87720 0.2394
47148.87842 0.2366
47148.87964 0.2462
47211.75464 0.2403
47211.75562 0.2422
47211.75659 0.2353
47276.71094 0.2449
47276.71216 0.2402
47276.71313 0.2452
47472.00024 0.2401
47472.00122 0.2399
47472.00220 0.2422
47497.96021 0.2383
47497.96143 0.2359
47497.96240 0.2430
47541.84033 0.2505
47541.84131 0.2481
47541.84229 0.2434
47579.77271 0.2404
47579.77417 0.2444
47579.77539 0.2437
47613.69531 0.2373
47613.69678 0.2398
47613.69800 0.2432
