2444204.80000 0.1231
2446555.67773 0.2393
2446555.67969 0.2419
2446555.68018 0.2385
2446744.04834 0.2341
2446744.04907 0.2385
2446744.04980 0.2395
2446774.99829 0.2336
2446774.99902 0.2345
2446775.00000 0.2400
2446806.88379 0.2396
2446806.88477 0.2325
2446806.88574 0.2390
2446829.77515 0.2328
2446829.77734 0.2389
2446829.78027 0.2398
2446859.71265 0.2336
2446859.71484 0.2344
2446859.72192 0.2295
2446896.66724 0.2304
2446896.66821 0.2362
2446896.66895 0.2336
2447144.91309 0.2384
2447144.91406 0.2381
2447144.91504 0.2321
2447206.78516 0.2387
2447206.78589 0.2367
2447206.78662 0.2389
2447276.70313 0.2387
2447276.70435 0.2360
2447276.70532 0.2374
2447525.94629 0.2420
2447525.94751 0.2451
2447525.94873 0.2423
2447578.77539 0.2419
2447578.77686 0.2380
2447578.77808 0.2409
2447645.69336 0.2401
2447645.69434 0.2464
2447645.69531 0.2404
