45654.00300 0.1709
45654.00400 0.1755
45654.00500 0.1657
45667.99800 0.1640
45668.00000 0.1634
45668.00100 0.1698
45673.89800 0.1754
45673.90000 0.1752
45673.90200 0.1715
45678.98800 0.1744
45678.99000 0.1667
45678.99200 0.1778
45684.93400 0.1742
45684.93600 0.1647
45684.93700 0.1743
45689.94700 0.1719
45689.95000 0.1670
45689.95300 0.1720
45700.89900 0.1732
45700.90100 0.1730
45700.90300 0.1693
45705.95800 0.1699
45705.96000 0.1748
45705.96300 0.1699
45706.89600 0.1680
45706.89700 0.1648
45706.89800 0.1630
45709.89500 0.1592
45709.89600 0.1674
45709.89700 0.1645
45711.84000 0.1709
45711.84200 0.1672
45711.84300 0.1723
45714.90200 0.1699
45714.90300 0.1686
45714.90500 0.1700
45715.89500 0.1740
45715.89600 0.1648
45715.89700 0.1688
45716.80900 0.1472
45716.81100 0.1523
45716.81200 0.1539
45724.86900 0.1574
45724.86900 0.1627
45724.87000 0.1631
45727.83500 0.1634
45727.83600 0.1612
45727.83800 0.1642
45737.80000 0.1616
45737.80100 0.1644
45737.80200 0.1681
45739.81600 0.1690
45739.81800 0.1639
45739.82000 0.1584
45741.76100 0.1626
45741.76300 0.1645
45741.76400 0.1634
45746.78200 0.1586
45746.78300 0.1600
45746.78300 0.1609
45748.73300 0.1632
45748.73400 0.1648
45748.73600 0.1657
45751.78000 0.1587
45751.78100 0.1633
45751.78200 0.1665
45753.75500 0.1641
45753.75700 0.1664
45753.75800 0.1601
45755.74000 0.1640
45755.74200 0.1709
45755.74400 0.1740
45760.74700 0.1637
45760.74800 0.1635
45760.74900 0.1607
45761.74800 0.1650
45761.74900 0.1667
45761.75000 0.1576
45765.71900 0.1598
45765.72000 0.1620
45765.72200 0.1678
45778.70789 0.1726
45778.71118 0.1670
45778.71484 0.1648
45780.68600 0.1618
45780.68700 0.1667
45780.68800 0.1627
45782.68600 0.1688
45782.68700 0.1705
45782.68800 0.1658
45785.70300 0.1755
45785.70700 0.1706
45785.71400 0.1636
45787.69641 0.1634
45787.69763 0.1672
45787.69910 0.1632
45790.71558 0.1649
45790.71667 0.1666
45790.71802 0.1610
45794.73804 0.1669
45794.73999 0.1621
45794.74243 0.1592
45797.67600 0.1658
45797.67700 0.1693
45797.67900 0.1647
45801.68445 0.1655
45801.68701 0.1709
45801.68945 0.1643
45803.66500 0.1718
45803.66700 0.1693
45803.66800 0.1659
45805.66600 0.1742
45805.66700 0.1689
45805.66900 0.1736
45811.64000 0.1669
45811.64200 0.1718
45811.64400 0.1688
45814.64500 0.1647
45814.64600 0.1631
45814.64700 0.1645
46010.00464 0.1626
46010.00586 0.1659
46010.00696 0.1598
46024.98792 0.1661
46024.98962 0.1640
46024.99109 0.1692
46028.01953 0.1615
46028.02173 0.1598
46028.02405 0.1659
46033.98535 0.1650
46033.98828 0.1627
46033.99109 0.1647
46058.93408 0.1667
46058.93628 0.1647
46058.93872 0.1644
46068.96118 0.1650
46068.96240 0.1694
46068.96362 0.1658
46070.86206 0.1693
46070.86353 0.1653
46070.86475 0.1638
46086.48511 0.1642
46086.49219 0.1645
46086.49951 0.1645
46109.78564 0.1666
46109.78662 0.1635
46109.78784 0.1590
46111.73975 0.1655
46111.74097 0.1665
46111.74243 0.1672
46113.75488 0.1615
46113.75684 0.1643
46113.75879 0.1637
46116.82227 0.1610
46116.82446 0.1678
46116.82690 0.1732
46119.78223 0.1642
46119.78442 0.1607
46119.78638 0.1675
46121.75415 0.1664
46121.75537 0.1586
46121.75635 0.1593
46123.74487 0.1686
46123.74658 0.1638
46123.74780 0.1680
46125.69238 0.1568
46125.69360 0.1647
46125.69482 0.1602
46128.73511 0.1623
46128.73682 0.1616
46128.73853 0.1674
46138.72559 0.1596
46138.72705 0.1645
46138.72876 0.1627
46140.74463 0.1634
46140.74683 0.1681
46140.74902 0.1706
46142.66260 0.1654
46142.66357 0.1659
46142.66455 0.1623
46144.65527 0.1604
46144.65674 0.1625
46144.65820 0.1644
46146.66992 0.1669
46146.67310 0.1668
46146.67554 0.1666
46148.65991 0.1601
46148.66064 0.1627
46148.66162 0.1649
46149.65259 0.1575
46149.65356 0.1621
46149.65479 0.1593
46157.65601 0.1671
46157.65723 0.1644
46157.65845 0.1650
46159.67358 0.1601
46159.67603 0.1733
46159.67798 0.1659
46161.62500 0.1642
46161.62622 0.1642
46161.62769 0.1730
46163.65723 0.1657
46163.65845 0.1583
46163.65942 0.1638
46165.63867 0.1671
46165.63989 0.1655
46165.64111 0.1692
46167.62964 0.1677
46167.63110 0.1631
46167.63257 0.1693
46169.65796 0.1620
46169.65967 0.1640
46169.66113 0.1667
46371.99316 0.1643
46371.99414 0.1676
46371.99487 0.1606
46375.01270 0.1607
46375.01343 0.1569
46375.01416 0.1637
46376.99316 0.1633
46376.99414 0.1614
46376.99512 0.1611
46385.01221 0.1661
46385.01318 0.1626
46385.01392 0.1603
46388.02515 0.1681
46388.02637 0.1616
46388.02783 0.1612
46393.02075 0.1632
46393.02148 0.1609
46393.02246 0.1633
46407.97949 0.1678
46407.98047 0.1690
46407.98145 0.1702
46409.98267 0.1690
46409.98389 0.1657
46409.98486 0.1666
46411.94629 0.1695
46411.94727 0.1614
46411.94800 0.1633
46417.93701 0.1635
46417.93823 0.1657
46417.93921 0.1643
46419.97314 0.1632
46419.97437 0.1654
46419.97559 0.1641
46421.91040 0.1612
46421.91138 0.1641
46421.91235 0.1619
46426.95361 0.1611
46426.95459 0.1658
46426.95532 0.1624
46438.93335 0.1617
46438.93408 0.1604
46438.93506 0.1612
46441.89941 0.1610
46441.90039 0.1660
46441.90112 0.1625
46443.89429 0.1642
46443.89502 0.1599
46443.89600 0.1627
46447.87695 0.1647
46447.87769 0.1651
46447.87842 0.1691
46449.80811 0.1629
46449.80908 0.1629
46449.81006 0.1670
46451.88110 0.1617
46451.88281 0.1575
46451.88403 0.1627
46455.88745 0.1589
46455.88818 0.1556
46455.88916 0.1644
46457.87549 0.1603
46457.87646 0.1658
46457.87769 0.1619
46459.87427 0.1712
46459.87500 0.1711
46459.87598 0.1652
46463.91138 0.1597
46463.91260 0.1634
46463.91406 0.1634
46467.79956 0.1651
46467.80029 0.1660
46467.80151 0.1636
46482.78467 0.1555
46482.78662 0.1617
46482.78882 0.1628
46484.80640 0.1632
46484.80762 0.1563
46484.80859 0.1564
46488.74438 0.1658
46488.74512 0.1662
46488.74609 0.1651
46490.79419 0.1646
46490.79517 0.1657
46490.79614 0.1643
46492.79053 0.1681
46492.79297 0.1678
46492.79492 0.1677
46495.76733 0.1656
46495.76831 0.1644
46495.76953 0.1695
46508.71387 0.1632
46508.71582 0.1676
46508.71753 0.1643
46510.68506 0.1673
46510.68579 0.1732
46510.68677 0.1764
46512.67578 0.1670
46512.67651 0.1724
46512.67749 0.1617
46515.69482 0.1605
46515.69580 0.1643
46515.69678 0.1628
46521.72949 0.1576
46521.73120 0.1611
46521.73291 0.1628
46525.67407 0.1688
46525.67554 0.1627
46525.67700 0.1669
46530.65210 0.1659
46530.65308 0.1730
46530.65405 0.1664
46532.69897 0.1666
46532.70288 0.1641
46532.70532 0.1564
46535.65234 0.1662
46535.65332 0.1629
46535.65454 0.1659
46539.67310 0.1723
46539.67676 0.1633
46542.63818 0.1610
46542.63892 0.1657
46542.63965 0.1687
48978.91699 0.1683
48978.91895 0.1689
48978.92041 0.1676
49010.84180 0.1664
49010.84326 0.1679
49010.84521 0.1700
49014.83496 0.1735
49014.83691 0.1718
49014.83887 0.1720
49029.83105 0.1663
49029.83252 0.1642
49029.83398 0.1650
49052.71533 0.1559
49052.71729 0.1600
49052.71973 0.1664
49056.72461 0.1693
49056.72656 0.1681
49056.72852 0.1653
49059.73291 0.1634
49059.73389 0.1682
49059.73535 0.1652
49065.72266 0.1719
49065.72412 0.1707
49065.72559 0.1732
49068.71777 0.1650
49068.71973 0.1708
49068.72119 0.1637
49088.67188 0.1696
49088.67334 0.1795
49088.67529 0.1770
49091.66455 0.1724
49091.66699 0.1729
49091.66943 0.1754
49096.65088 0.1690
49096.65283 0.1677
49096.65430 0.1713
49100.64893 0.1687
49100.65137 0.1732
49100.65332 0.1746
49309.97119 0.1646
49309.97217 0.1621
49309.97363 0.1647
49310.99072 0.1645
49310.99268 0.1654
49310.99463 0.1662
49325.92822 0.1668
49325.92969 0.1615
49325.93115 0.1635
49330.90918 0.1646
49330.91113 0.1610
49330.91211 0.1635
49334.88477 0.1612
49334.88574 0.1641
49334.88721 0.1634
49337.88281 0.1613
49337.88477 0.1601
49337.88623 0.1625
49342.89014 0.1598
49342.89209 0.1669
49342.89404 0.1623
49344.86572 0.1609
49344.86768 0.1624
49344.87012 0.1635
49350.86914 0.1627
49350.87061 0.1606
49350.87256 0.1629
49355.87744 0.1632
49355.87842 0.1673
49355.87988 0.1672
49359.84521 0.1598
49359.84619 0.1594
49359.84766 0.1575
49363.84082 0.1603
49363.84229 0.1653
49363.84424 0.1639
49368.83203 0.1620
49368.83350 0.1646
49368.83496 0.1676
49380.78271 0.1634
49380.78467 0.1650
49380.78662 0.1648
49394.77295 0.1639
49394.77441 0.1642
49394.77588 0.1669
49397.81738 0.1612
49397.81885 0.1629
49397.81982 0.1641
49405.76074 0.1642
49405.76270 0.1618
49405.76416 0.1659
49408.64160 0.1617
49408.64258 0.1635
49408.64404 0.1639
49413.77539 0.1655
49413.77686 0.1717
49413.77783 0.1697
49420.76270 0.1621
49420.76416 0.1580
49420.76514 0.1579
49423.76172 0.1659
49423.76270 0.1622
49423.76367 0.1596
49426.72461 0.1623
49426.72607 0.1674
49426.72705 0.1642
49433.70459 0.1647
49433.70557 0.1672
49433.70654 0.1621
49438.73047 0.1664
49438.73145 0.1638
49438.73291 0.1622
49441.66064 0.1686
49441.66211 0.1605
49441.66309 0.1652
49454.67236 0.1604
49454.67334 0.1612
49454.67480 0.1644
49457.67334 0.1642
49457.67432 0.1659
49457.67529 0.1630
49463.67041 0.1644
49463.67139 0.1653
49463.67285 0.1679
49676.99414 0.1631
49676.99512 0.1591
49676.99609 0.1619
49680.98242 0.1580
49680.98340 0.1551
49680.98486 0.1586
49683.98047 0.1563
49683.98291 0.1623
49683.98535 0.1553
49685.95801 0.1607
49685.95947 0.1593
49685.96045 0.1582
49687.93750 0.1632
49687.93848 0.1632
49687.93994 0.1638
49689.93262 0.1614
49689.93359 0.1619
49689.93506 0.1662
49702.94385 0.1623
49702.94531 0.1552
49702.94629 0.1599
49704.88672 0.1584
49704.88770 0.1573
49704.88916 0.1594
49707.90576 0.1608
49707.90674 0.1614
49707.90820 0.1624
49714.89062 0.1609
49714.89160 0.1593
49714.89307 0.1559
49717.89404 0.1577
49717.89502 0.1630
49717.89648 0.1632
49719.89062 0.1596
49719.89209 0.1593
49719.89307 0.1595
49723.89990 0.1616
49723.90088 0.1585
49723.90234 0.1611
49730.86035 0.1638
49730.86133 0.1602
49730.86279 0.1674
49736.90137 0.1618
49736.90283 0.1668
49736.90381 0.1720
49747.79102 0.1583
49747.79199 0.1576
49747.79346 0.1572
49749.78467 0.1585
49749.78613 0.1562
49749.78711 0.1627
49753.81885 0.1621
49753.82031 0.1602
49753.82129 0.1594
49759.81689 0.1587
49759.81787 0.1626
49759.81934 0.1656
49766.78027 0.1598
49766.78125 0.1602
49766.78271 0.1676
49771.78027 0.1608
49771.78125 0.1617
49771.78271 0.1656
49774.74756 0.1642
49774.74902 0.1633
49774.75000 0.1631
49784.72461 0.1658
49784.72559 0.1643
49784.72656 0.1614
49792.69629 0.1582
49792.69824 0.1582
49792.69971 0.1598
49802.67285 0.1612
49802.67383 0.1619
49802.67480 0.1626
49813.68506 0.1788
49813.68848 0.1805
49813.69336 0.1796
49818.65527 0.1626
49818.65625 0.1631
49818.65771 0.1647
