2443853.80000 0.1730
2443854.80000 0.1736
2443892.80000 0.1676
2444200.80000 0.1731
2448978.93066 0.1747
2448978.93408 0.1749
2448978.93750 0.1763
2448991.89502 0.1684
2448991.89746 0.1712
2448991.89941 0.1717
2449010.85596 0.1707
2449010.86084 0.1693
2449010.86719 0.1639
2449050.70459 0.1742
2449050.70947 0.1698
2449050.71436 0.1761
2449069.68359 0.1699
2449069.68896 0.1738
2449069.69385 0.1770
2449307.98242 0.1649
2449307.98584 0.1676
2449307.98926 0.1746
2449312.94824 0.1754
2449312.95068 0.1721
2449312.95312 0.1686
2449326.92432 0.1662
2449326.92725 0.1685
2449326.92969 0.1672
2449331.91260 0.1715
2449331.91357 0.1643
2449331.91553 0.1654
2449337.89697 0.1679
2449337.90039 0.1712
2449337.90381 0.1661
2449343.88379 0.1667
2449343.88623 0.1667
2449343.88867 0.1695
2449351.87158 0.1630
2449351.87402 0.1618
2449351.87646 0.1630
2449355.88916 0.1688
2449355.89160 0.1668
2449355.89404 0.1681
2449362.85840 0.1701
2449362.86279 0.1642
2449362.86719 0.1710
2449380.79541 0.1668
2449380.79883 0.1681
2449380.80176 0.1679
2449396.81396 0.1581
2449396.81641 0.1751
2449396.81885 0.1691
2449406.77344 0.1605
2449406.77490 0.1599
2449406.77588 0.1596
2449421.74170 0.1659
2449421.74268 0.1684
2449421.74365 0.1726
2449434.71387 0.1706
2449434.71631 0.1715
2449434.71924 0.1591
2449440.66650 0.1730
2449440.66748 0.1723
2449440.66846 0.1648
2449456.68066 0.1694
2449456.68213 0.1706
2449456.68359 0.1758
2449463.67725 0.1719
2449463.67871 0.1770
2449463.67969 0.1654
2449677.96924 0.1627
2449677.97266 0.1631
2449677.97607 0.1611
2449685.97803 0.1644
2449685.97998 0.1578
2449685.98242 0.1664
2449688.94678 0.1713
2449688.94922 0.1789
2449688.95117 0.1840
2449703.89307 0.1706
2449703.89551 0.1667
2449703.89795 0.1695
2449714.90234 0.1635
2449714.90430 0.1654
2449714.90674 0.1656
2449735.86182 0.1717
2449735.86523 0.1639
2449735.86865 0.1678
2449747.80518 0.1633
2449747.80859 0.1652
2449747.81250 0.1682
2449751.79102 0.1724
2449751.79346 0.1662
2449751.79541 0.1685
2449767.78516 0.1922
2449767.78760 0.1817
2449767.78955 0.1884
2449775.72461 0.1735
2449775.72852 0.1727
2449775.73193 0.1606
2449819.65723 0.1541
2449819.65967 0.1582
2449819.66260 0.1506
