2443750.80000 0.1627
2443826.80000 0.1740
2445532.99900 0.1679
2445533.00000 0.1718
2445533.00100 0.1688
2445539.97100 0.1757
2445539.97200 0.1712
2445539.97300 0.1712
2448280.60107 0.1724
2448280.60303 0.1745
2448280.60498 0.1740
2448280.60645 0.1735
2448280.60938 0.1724
2448280.61084 0.1745
2448870.95459 0.1704
2448870.95605 0.1707
2448870.95752 0.1665
2448877.87646 0.1683
2448877.87744 0.1672
2448877.87891 0.1669
2448886.89697 0.1649
2448886.89844 0.1644
2448886.89990 0.1612
2448901.86182 0.1700
2448901.86328 0.1721
2448901.86475 0.1673
2448912.85547 0.1717
2448912.85742 0.1711
2448912.85889 0.1683
2448933.79639 0.1700
2448933.79736 0.1720
2448933.79883 0.1651
2448972.69678 0.1689
2448972.69775 0.1685
2448972.69922 0.1725
2448979.68848 0.1681
2448979.68994 0.1688
2448979.69092 0.1700
2449011.61084 0.1741
2449011.61230 0.1691
2449011.61377 0.1688
2449268.84912 0.1612
2449268.85010 0.1597
2449268.85156 0.1669
2449311.68652 0.1678
2449311.68799 0.1712
2449311.68896 0.1743
2449325.67529 0.1686
2449325.67627 0.1710
2449325.67676 0.1705
2449359.61963 0.1669
2449359.62109 0.1672
2449359.62207 0.1673
2449598.93115 0.1745
2449598.93262 0.1752
2449598.93359 0.1722
2449611.85889 0.1816
2449611.85986 0.1724
2449611.86084 0.1741
2449635.80762 0.1786
2449635.80859 0.1723
2449635.81006 0.1731
2449642.81055 0.1730
2449642.81152 0.1656
2449642.81250 0.1647
2449651.77734 0.1687
2449651.77881 0.1682
2449651.77979 0.1670
2449661.79785 0.1629
2449661.79932 0.1659
2449661.80029 0.1642
2449677.72510 0.1677
2449677.72607 0.1709
2449677.72754 0.1693
2449695.72705 0.1696
2449695.72803 0.1686
2449695.72900 0.1715
2449704.70508 0.1652
2449704.70605 0.1664
2449704.70752 0.1660
