44192.80000 0.2882
44423.94299 0.3012
44423.94400 0.3024
44424.97601 0.2909
44424.97699 0.2923
44426.95599 0.2957
44426.95700 0.2945
44429.90601 0.2834
44429.90701 0.2842
44429.90799 0.2861
44430.92001 0.2791
44430.92099 0.2988
44430.92099 0.2851
44441.89999 0.2963
44441.89999 0.2889
44441.90100 0.2961
44442.95200 0.2814
44442.95300 0.2834
44442.95300 0.2865
44443.94501 0.2963
44443.94601 0.2814
44443.94601 0.3052
44444.90799 0.3066
44444.90799 0.2985
44444.90900 0.3016
44445.92700 0.3053
44445.92801 0.3022
44445.92801 0.3055
44446.91901 0.2793
44446.92001 0.2917
44446.92099 0.2883
44446.92200 0.2837
44447.91400 0.3001
44447.91501 0.3001
44447.91501 0.2981
44448.89700 0.2990
44448.89801 0.3005
44448.89801 0.2981
44449.91699 0.3016
44449.91800 0.3019
44449.91901 0.3063
44451.92200 0.3131
44451.92200 0.3164
44451.92300 0.3085
44452.90799 0.3060
44452.90799 0.3025
44452.90900 0.3032
44453.91699 0.2958
44453.91699 0.2981
44453.91800 0.3136
44454.94699 0.2971
44454.94800 0.3084
44454.94901 0.3175
44458.91599 0.3109
44458.91699 0.3121
44458.91800 0.2990
44460.89401 0.2828
44460.89401 0.2866
44460.89499 0.2837
44461.94800 0.3097
44461.94901 0.3058
44461.94901 0.3060
44462.93399 0.3188
44462.93500 0.3290
44462.93500 0.3257
44463.92001 0.3183
44463.92099 0.3027
44463.92200 0.3057
44463.92300 0.3090
44463.92401 0.3155
44463.92499 0.3090
44464.93201 0.3036
44464.93201 0.3019
44464.93301 0.3041
44465.96899 0.2898
44465.97000 0.2962
44465.97101 0.2925
44467.87100 0.3143
44467.87201 0.3050
44467.87299 0.3146
44468.95300 0.3079
44468.95401 0.3130
44468.95401 0.3159
44469.88101 0.2981
44469.88199 0.2908
44469.88199 0.2897
44472.91101 0.2659
44472.91199 0.2680
44472.91199 0.2707
44473.92999 0.3126
44473.92999 0.3022
44473.93100 0.3119
44474.88501 0.3187
44474.88599 0.3057
44474.88699 0.3145
44475.00201 0.3104
44475.00299 0.3015
44475.00299 0.3111
44475.91199 0.3091
44475.91199 0.3119
44475.91299 0.3082
44476.82001 0.3039
44476.82101 0.3062
44476.82199 0.3181
44478.88199 0.2942
44478.88199 0.2988
44478.88300 0.2851
44479.84698 0.3013
44479.84698 0.2996
44479.84799 0.2910
44479.92999 0.2969
44479.93100 0.2971
44479.93100 0.2898
44480.88101 0.3048
44480.88101 0.2925
44480.88199 0.2941
44480.88300 0.3024
44480.88300 0.2941
44480.88400 0.2933
44480.88501 0.2946
44480.88501 0.2928
44481.88199 0.3070
44481.88300 0.2967
44481.88400 0.3088
44482.90900 0.2989
44482.91000 0.2937
44482.91000 0.3031
44484.89200 0.3070
44484.89301 0.3055
44484.89401 0.2945
44485.88101 0.3239
44485.88199 0.3121
44485.88199 0.3217
44486.88599 0.3092
44486.88599 0.3141
44486.88699 0.3084
44487.88400 0.3065
44487.88501 0.3039
44487.88501 0.3085
44489.89700 0.3123
44489.89700 0.3034
44489.89801 0.3093
44490.89801 0.2901
44490.89801 0.3004
44490.89899 0.3006
44491.96399 0.3037
44491.96500 0.2983
44491.96500 0.3148
44492.89301 0.2972
44492.89401 0.3016
44492.89499 0.2925
44493.88400 0.3106
44493.88501 0.2967
44493.88599 0.2986
44494.88000 0.3145
44494.88000 0.3158
44494.88101 0.3098
44495.87201 0.3017
44495.87299 0.2943
44495.87299 0.2995
44496.92099 0.3002
44496.92200 0.2979
44496.92300 0.3023
44505.92801 0.3046
44505.92801 0.3042
44505.92899 0.3076
44506.90500 0.3077
44506.90500 0.2970
44506.90601 0.3050
44507.87701 0.2803
44507.87701 0.2831
44507.87799 0.2796
44508.88501 0.3018
44508.88501 0.3083
44508.88599 0.3021
44509.79099 0.2914
44509.79199 0.2859
44509.79300 0.2921
44510.86200 0.2845
44510.86301 0.2872
44510.86301 0.2865
44511.78201 0.2960
44511.78299 0.3163
44511.78400 0.3013
44512.88501 0.3063
44512.88599 0.3105
44512.88702 0.3033
44513.79999 0.2911
44513.80103 0.2920
44513.80200 0.2933
44514.77502 0.3004
44514.77600 0.3034
44514.77698 0.2992
44515.77600 0.3098
44515.77600 0.2979
44515.77698 0.3052
44516.77002 0.3011
44516.77002 0.3031
44516.77100 0.2935
44517.79602 0.3071
44517.79602 0.3198
44517.79700 0.3086
44524.76099 0.3080
44524.76398 0.3082
44524.76703 0.3042
44525.89001 0.2989
44525.89099 0.2894
44525.89203 0.2946
44545.83502 0.3040
44545.83600 0.3099
44545.83698 0.3077
44546.78900 0.2988
44546.78998 0.2997
44546.79102 0.3111
44547.77301 0.3009
44547.77399 0.2933
44547.77502 0.2909
44548.76300 0.3034
44548.76300 0.3026
44548.76398 0.3071
44549.75500 0.3049
44549.75500 0.2978
44549.75598 0.3086
44550.74799 0.3085
44550.74902 0.3061
44550.75000 0.3087
44562.75800 0.3087
44562.75800 0.3114
44562.75897 0.3158
44564.74701 0.3047
44564.74799 0.3154
44564.74902 0.3008
44566.75403 0.2884
44566.75500 0.2921
44566.75598 0.2921
44606.62299 0.2996
44606.62299 0.2989
44606.62402 0.2846
44608.62598 0.2973
44608.62701 0.3052
44608.62799 0.2890
45549.99800 0.6357
45549.99900 0.6209
45550.00000 0.6303
45552.94900 0.6212
45552.94900 0.6183
45552.95000 0.6145
45558.94000 0.6005
45558.94000 0.6236
45558.94100 0.6067
45573.96300 0.6318
45573.96400 0.6426
45573.96400 0.6507
45581.82300 0.5759
45581.82300 0.5750
45581.82400 0.5653
45584.89600 0.6275
45584.89700 0.6050
45584.89700 0.6144
45589.79700 0.6172
45589.79800 0.6331
45589.79900 0.6118
45591.82400 0.6395
45591.82500 0.6365
45591.82500 0.6287
45620.90100 0.6302
45620.90100 0.6348
45620.90200 0.6234
45636.75400 0.6050
45636.75500 0.6059
45636.75600 0.5822
45658.74600 0.6318
45658.74600 0.6430
45658.74700 0.6054
45664.77400 0.6104
45664.77500 0.6121
45664.77600 0.6036
45686.70600 0.6437
45686.70600 0.6588
45686.70700 0.6128
45688.67800 0.6328
45688.67900 0.6131
45688.67900 0.6474
45696.68900 0.5975
45696.68900 0.6101
45696.69000 0.5995
45706.65000 0.6262
45706.65100 0.6431
45706.65200 0.6203
45711.65800 0.5963
45711.65900 0.6044
45711.66000 0.6133
45717.65600 0.6338
45717.65600 0.6212
45717.65700 0.6319
45887.94995 0.6337
45887.95093 0.6255
45887.95178 0.6447
45892.99048 0.6337
45892.99109 0.6592
45892.99170 0.6455
45894.98120 0.6531
45894.98279 0.6733
45913.98047 0.5567
45913.98120 0.5549
45913.98193 0.5667
45917.97571 0.5834
45917.97632 0.5867
45917.97693 0.5880
45919.91321 0.5670
45919.91382 0.5739
45919.91443 0.5740
45924.00330 0.6085
45924.00476 0.6270
45924.00574 0.6162
45932.98291 0.6045
45932.98352 0.6213
45932.98413 0.6180
45934.98682 0.5913
45934.98743 0.5881
45934.98804 0.5803
45935.95105 0.6057
45935.95178 0.6034
45935.95251 0.6083
45936.91748 0.5830
45936.91833 0.5919
45936.91907 0.6048
45938.93469 0.6088
45938.93542 0.6025
45938.93616 0.5791
45943.95154 0.5994
45943.95276 0.6325
45943.95410 0.6164
45947.97192 0.6956
45947.97266 0.6865
45947.97339 0.6787
45950.92371 0.5965
45950.92517 0.5975
45950.92688 0.5934
45971.79602 0.5956
45971.79724 0.5934
45971.79834 0.6147
45977.88879 0.5964
45977.88977 0.5883
45977.89063 0.5945
45983.94751 0.5961
45983.94885 0.5850
45983.95032 0.5965
45987.82532 0.6093
45987.82678 0.5989
45987.82813 0.6030
45998.78699 0.5990
45998.78870 0.5968
45998.79004 0.5955
46006.84387 0.5941
46006.84460 0.5977
46006.84534 0.5948
46015.76965 0.5936
46015.77051 0.6169
46015.77112 0.6138
46022.81091 0.6006
46022.81165 0.5753
46022.81238 0.5828
46024.72913 0.6251
46024.72986 0.6440
46024.73047 0.6266
46028.71680 0.5931
46028.71765 0.5863
46028.71838 0.5593
46031.73364 0.5839
46031.73450 0.5819
46031.73547 0.5810
46084.35376 0.6194
46084.36938 0.6176
46084.38477 0.6211
46084.70801 0.6316
46084.71558 0.6371
46084.72266 0.6297
46087.13403 0.6376
46087.14185 0.6232
46087.14966 0.6325
46285.98511 0.5871
46285.98560 0.5926
46285.98608 0.6007
46287.99170 0.6326
46287.99243 0.6387
46287.99341 0.6330
46288.98584 0.6170
46288.98657 0.6097
46288.98730 0.6135
46289.98218 0.6066
46289.98340 0.6121
46289.98462 0.6163
46290.99316 0.6019
46290.99390 0.6032
46290.99463 0.5983
46291.95313 0.6141
46291.95386 0.6157
46291.95483 0.6140
46292.96924 0.6496
46292.97021 0.6323
46292.97119 0.6289
46293.98560 0.6054
46293.98608 0.5962
46293.98682 0.6158
46294.95483 0.6171
46294.95581 0.6220
46294.95654 0.6157
46295.95825 0.6376
46295.95898 0.6211
46295.95972 0.6363
46296.97485 0.6120
46296.97583 0.6040
46296.97705 0.6031
46297.96240 0.5881
46297.96338 0.5911
46297.96436 0.5919
46298.98706 0.6304
46298.98804 0.6327
46298.98877 0.6352
46299.96265 0.6180
46299.96338 0.6183
46299.96411 0.6056
46300.96362 0.6121
46300.96460 0.6049
46300.96558 0.6085
46301.94873 0.6290
46301.94946 0.6246
46301.95044 0.6376
46302.96045 0.5999
46302.96167 0.6085
46302.96289 0.6031
46303.92139 0.6079
46303.92212 0.5991
46303.92310 0.5899
46304.98901 0.6227
46304.98999 0.6411
46304.99097 0.6264
46321.92700 0.6193
46321.92773 0.6194
46321.92871 0.6193
46322.89282 0.6078
46322.89380 0.6252
46322.89453 0.6206
46323.93530 0.6004
46323.93604 0.6016
46323.93677 0.6026
46324.94873 0.5595
46324.94946 0.5692
46324.95020 0.5704
46325.95435 0.5858
46325.95557 0.5805
46325.95654 0.5702
46328.90894 0.5995
46328.90967 0.5900
46328.91064 0.6030
46329.90234 0.5958
46329.90308 0.5921
46329.90381 0.5979
46330.91870 0.5883
46330.91968 0.5966
46330.92065 0.5850
46331.91943 0.6121
46331.92090 0.6136
46331.92261 0.6210
46332.91309 0.6229
46332.91382 0.6220
46332.91479 0.6283
46334.92212 0.5842
46334.92285 0.5911
46334.92358 0.5940
46337.88208 0.6187
46337.88281 0.6278
46337.88354 0.6160
46338.90503 0.6045
46338.90576 0.6034
46338.90649 0.5991
46339.85571 0.5969
46339.85645 0.6024
46339.85693 0.5987
46340.76636 0.6136
46340.76709 0.6093
46340.76782 0.6036
46354.87939 0.5975
46354.88037 0.5901
46354.88159 0.5885
46356.80151 0.5975
46356.80249 0.6065
46356.80322 0.6017
46357.87036 0.5743
46357.87109 0.5656
46357.87207 0.5747
46358.77930 0.5656
46358.78003 0.5628
46358.78101 0.5719
46361.87280 0.6091
46361.87354 0.6190
46361.87451 0.6156
46362.87305 0.5726
46362.87402 0.5785
46362.87476 0.5821
46364.89307 0.6013
46364.89380 0.6110
46364.89453 0.6068
46365.78174 0.6086
46365.78223 0.6111
46365.78296 0.6023
46367.81226 0.6009
46367.81299 0.6104
46367.81372 0.6115
46368.72388 0.5865
46368.72485 0.5765
46368.72559 0.5890
46371.82593 0.6099
46371.82690 0.6130
46371.82764 0.6136
46372.74219 0.5981
46372.74316 0.5961
46372.74390 0.5981
46374.71948 0.5616
46374.71997 0.5733
46374.72070 0.5609
46375.75122 0.5752
46375.75220 0.5810
46375.75293 0.5797
46376.71826 0.6215
46376.71924 0.6154
46376.72021 0.6229
46383.71899 0.6258
46383.71997 0.6141
46383.72095 0.6244
46384.72729 0.5898
46384.72803 0.5898
46384.72876 0.5881
46385.73047 0.6132
46385.73120 0.6165
46385.73193 0.6172
46386.76514 0.5954
46386.76685 0.5805
46387.71802 0.6393
46387.71899 0.6622
46387.71973 0.6341
46389.70239 0.6081
46389.70313 0.6193
46389.70386 0.6126
46390.74976 0.6055
46390.75073 0.5905
46390.75146 0.6001
46391.76367 0.6108
46391.76465 0.6101
46391.76563 0.6097
46392.69531 0.6038
46392.69629 0.6039
46392.69727 0.6034
46397.75610 0.6071
46397.75708 0.6090
46397.75830 0.6176
46405.73438 0.5851
46405.73535 0.6007
46405.73608 0.5978
46406.71436 0.6021
46406.71509 0.5890
46406.71606 0.6003
46407.71973 0.6157
46407.72070 0.6077
46407.72144 0.6086
46409.71143 0.6068
46409.71216 0.5994
46409.71313 0.6077
46411.75659 0.5826
46411.75757 0.5786
46411.75854 0.5922
46414.68799 0.5998
46414.68872 0.5998
46414.68970 0.6078
46416.70679 0.5871
46416.70776 0.5763
46416.70874 0.5835
46418.66895 0.6279
46418.66992 0.6263
46418.67065 0.6309
46419.65112 0.6253
46419.65161 0.6280
46419.65234 0.6289
46420.72778 0.6339
46420.72852 0.6277
46420.72925 0.6362
46421.65210 0.6230
46421.65283 0.6128
46421.65356 0.6178
46423.70557 0.6018
46423.70654 0.5902
46423.70752 0.6160
46426.74731 0.6148
46426.74805 0.6250
46426.74878 0.6220
46427.75269 0.6001
46427.75342 0.6054
46427.75391 0.5977
46430.72876 0.5910
46430.72974 0.6011
46430.73096 0.6075
46439.67358 0.5737
46439.67432 0.5680
46439.67529 0.5638
46441.67505 0.5818
46441.67578 0.5881
46441.67651 0.5967
46443.71875 0.5995
46443.71973 0.6195
46443.72046 0.6194
46447.62817 0.6063
46447.62915 0.6087
46447.62988 0.6113
46448.62500 0.6135
46448.62573 0.6140
46448.62671 0.6098
46449.63330 0.5985
46449.63428 0.5952
46449.63525 0.6036
46451.60498 0.5947
46451.60571 0.5956
46451.60669 0.6032
46452.60938 0.6344
46452.61035 0.6296
46452.61108 0.6157
46666.99902 0.5905
46666.99976 0.5922
46667.00049 0.5986
46670.92798 0.5825
46670.92871 0.5901
46670.92944 0.5838
46672.95996 0.6087
46672.96045 0.5991
46672.96118 0.6160
46673.89795 0.5908
46673.89868 0.5931
46673.89966 0.5915
46674.93262 0.5885
46674.93359 0.5935
46674.93408 0.5985
46676.94653 0.5817
46676.94727 0.5812
46676.94824 0.5799
46677.91602 0.6423
46677.91675 0.6429
46677.91772 0.6306
46678.92163 0.5987
46678.92261 0.6182
46678.92358 0.6160
46681.95020 0.6098
46681.95117 0.5920
46681.95215 0.6045
46682.90723 0.5839
46682.90796 0.5778
46682.90869 0.5827
46683.92212 0.6165
46683.92261 0.6190
46683.92358 0.6322
46685.90771 0.5950
46685.90869 0.5823
46685.90942 0.5843
46686.96948 0.6201
46686.97021 0.6173
46686.97119 0.6262
46688.92578 0.5975
46688.92676 0.6152
46688.92749 0.6022
46689.92773 0.5721
46689.92847 0.5933
46689.92920 0.5839
46690.87598 0.6152
46690.87671 0.6101
46690.87769 0.5967
46692.91748 0.6090
46692.91797 0.6222
46692.91870 0.6147
46695.90845 0.6049
46695.90942 0.6116
46695.91040 0.5882
46703.90601 0.5924
46703.90674 0.5657
46703.90771 0.5822
46706.90015 0.6527
46706.90063 0.6621
46706.90137 0.6441
46707.88452 0.6244
46707.88525 0.6174
46707.88599 0.6373
46708.88794 0.5855
46708.88867 0.5971
46708.88965 0.5922
46710.87964 0.6052
46710.88062 0.5917
46710.88135 0.5814
46712.86816 0.6020
46712.86890 0.5912
46712.86963 0.5960
46715.91528 0.6021
46715.91602 0.6187
46715.91675 0.5992
46716.79761 0.6061
46716.79834 0.5979
46716.79907 0.6231
46717.90503 0.6203
46717.90576 0.6051
46717.90649 0.6002
46720.87231 0.5727
46720.87329 0.5967
46720.87402 0.6021
46722.86523 0.6061
46722.86621 0.5927
46722.86694 0.6054
46723.79028 0.5859
46723.79102 0.5984
46723.79199 0.5891
46725.79785 0.5774
46725.79907 0.5822
46725.80005 0.5757
46727.79785 0.5938
46727.79883 0.6101
46727.79980 0.5945
46731.81641 0.5868
46731.81738 0.5976
46731.81860 0.6192
46733.80322 0.5976
46733.80469 0.5800
46733.80591 0.5927
46736.77222 0.5975
46736.77319 0.5835
46736.77417 0.5856
46738.79004 0.5904
46738.79077 0.5538
46738.79150 0.5726
46740.75732 0.5987
46740.75830 0.5942
46740.75903 0.5943
46741.77612 0.6220
46741.77710 0.6360
46741.77808 0.5905
46742.80005 0.5938
46742.80078 0.5982
46742.80176 0.5663
46745.77148 0.5751
46745.77222 0.5945
46745.77319 0.5797
46747.77808 0.6002
46747.77881 0.6245
46747.77954 0.6218
46748.77026 0.6101
46748.77100 0.6053
46748.77148 0.5989
46749.77222 0.6005
46749.77295 0.6095
46749.77368 0.6223
46751.74707 0.6003
46751.74829 0.5860
46751.74976 0.5946
46754.72241 0.5831
46754.72314 0.6026
46754.72412 0.5868
46766.68555 0.6092
46766.68652 0.6055
46766.68726 0.5972
46768.69458 0.5693
46768.69507 0.5807
46768.69580 0.5933
46772.68042 0.6307
46772.68115 0.6229
46772.68213 0.6355
46773.69727 0.6177
46773.69824 0.6390
46773.69897 0.6282
46774.71826 0.5743
46774.71948 0.5693
46774.72070 0.5681
46779.63623 0.6195
46779.63696 0.6203
46779.63770 0.6089
46782.68066 0.6219
46782.68140 0.6280
46782.68213 0.6006
46785.67920 0.5936
46785.68164 0.5737
46785.68457 0.5751
46798.64014 0.6095
46798.64111 0.5927
46798.64185 0.6029
46804.64551 0.6234
46804.64697 0.6246
46804.64819 0.6355
46809.62598 0.6222
46809.62744 0.6355
46809.62891 0.6241
46812.61792 0.6157
46812.61914 0.5870
46812.62085 0.5958
46813.61157 0.6486
46813.61304 0.6171
46813.61450 0.5999
46814.62207 0.6478
46814.62305 0.6346
46814.62378 0.6301
46816.60815 0.6191
46816.61035 0.6139
46816.61230 0.5884
46817.58911 0.6180
46817.59009 0.6034
46817.59082 0.6098
47008.96655 0.6141
47008.96753 0.5965
47008.96802 0.6054
47024.92822 0.6112
47024.92944 0.6165
47024.93066 0.6245
47030.00000 0.6080
47030.00098 0.5960
47030.00195 0.6067
47033.98340 0.5440
47033.98413 0.5391
47033.98486 0.5372
47033.98657 0.5322
47033.98755 0.5477
47033.98853 0.5498
47038.93604 0.5877
47038.93701 0.5898
47038.93799 0.5914
47040.97681 0.6448
47040.97778 0.6353
47040.97852 0.6320
47042.93628 0.6268
47042.93726 0.6345
47042.93823 0.6325
47043.95435 0.6224
47043.95557 0.6101
47043.95654 0.6205
47044.92578 0.6088
47044.92676 0.5974
47044.92773 0.5997
47046.93359 0.6240
47046.93457 0.6161
47046.93555 0.6130
47047.92505 0.6334
47047.92578 0.6384
47047.92676 0.6098
47048.93481 0.6236
47048.93555 0.6220
47048.93652 0.6220
47050.93652 0.6180
47050.93750 0.6102
47050.93848 0.6150
47054.89111 0.5943
47054.89258 0.5884
47054.89331 0.5983
47055.92358 0.6072
47055.92432 0.6075
47055.92505 0.6019
47056.88525 0.6012
47056.88623 0.5977
47056.88721 0.5978
47057.95557 0.5821
47057.95630 0.6102
47057.95728 0.6088
47058.95557 0.6417
47058.95630 0.6420
47058.95703 0.6417
47060.88599 0.6036
47060.88794 0.5953
47060.88892 0.6068
47063.94653 0.6503
47063.94727 0.6260
47063.94849 0.6416
47063.94922 0.6490
47063.94971 0.6519
47066.91260 0.6182
47066.91357 0.6051
47066.91455 0.6062
47067.97632 0.6246
47067.97729 0.6220
47067.97803 0.6208
47073.87305 0.6304
47073.87378 0.6132
47073.87451 0.6252
47075.89355 0.6028
47075.89453 0.6067
47075.89526 0.5954
47077.88892 0.6179
47077.88989 0.6336
47077.89087 0.6496
47078.89185 0.6602
47078.89258 0.6406
47078.89331 0.6293
47079.88330 0.6156
47079.88403 0.6324
47079.88501 0.6079
47082.87476 0.6503
47082.87598 0.6409
47082.87720 0.6447
47085.88281 0.6544
47085.88379 0.6357
47085.88477 0.6324
47086.81274 0.6477
47086.81372 0.6563
47086.81445 0.6452
47087.80859 0.6228
47087.80957 0.6237
47087.81030 0.5973
47088.88672 0.6248
47088.88745 0.6261
47088.88818 0.6193
47089.80884 0.6057
47089.80957 0.6052
47089.81079 0.6106
47107.79395 0.5913
47107.79492 0.5885
47107.79590 0.5958
47108.78052 0.6020
47108.78149 0.6089
47108.78247 0.6026
47109.78003 0.6076
47109.78101 0.6065
47109.78198 0.5968
47110.81274 0.6331
47110.81348 0.6213
47110.81445 0.6207
47110.81519 0.6230
47114.78784 0.6336
47114.78857 0.6306
47114.78955 0.6343
47118.75830 0.6141
47118.75903 0.6183
47118.76001 0.6305
47121.74609 0.6393
47121.74707 0.6351
47121.74805 0.6488
47123.76294 0.6322
47123.76392 0.6450
47123.76489 0.6423
47125.74316 0.5627
47125.74390 0.5616
47125.74463 0.5793
47127.74512 0.6189
47127.74634 0.6057
47127.74756 0.5987
47127.74829 0.6134
47127.74878 0.6150
47128.79956 0.6058
47128.80103 0.6013
47128.80225 0.6084
47129.75391 0.6133
47129.75488 0.6082
47129.75586 0.6103
47130.77588 0.6273
47130.77710 0.6363
47130.77856 0.6249
47131.73804 0.6024
47131.73877 0.6066
47131.73975 0.5959
47132.80273 0.3033
47132.80396 0.3083
47132.80518 0.3034
47137.80005 0.6032
47137.80078 0.6033
47137.80176 0.6032
47140.69604 0.6010
47140.69702 0.5987
47140.69800 0.5947
47141.73975 0.6252
47141.74048 0.6209
47141.74121 0.6191
47157.73853 0.6031
47157.73950 0.5969
47157.74023 0.6004
47167.62964 0.5913
47167.63062 0.6143
47167.63159 0.6043
47172.66187 0.6157
47172.66260 0.6298
47172.66357 0.6150
47183.65723 0.6339
47183.65820 0.6438
47183.65894 0.6318
47197.61011 0.5605
47197.61108 0.5722
47197.61206 0.5643
47405.97583 0.5773
47405.97705 0.5782
47405.97852 0.5659
47421.91455 0.6046
47421.91577 0.6043
47421.91675 0.5997
47426.91138 0.6244
47426.91260 0.6334
47426.91382 0.6150
47429.89453 0.6289
47429.89575 0.6316
47429.89697 0.6282
47432.92261 0.6039
47432.92358 0.6207
47432.92480 0.6125
47433.91724 0.5945
47433.91821 0.5936
47433.91919 0.6046
47434.90918 0.6106
47434.91016 0.6160
47434.91138 0.6157
47450.88379 0.5943
47450.88477 0.5950
47450.88599 0.5911
47457.74585 0.5942
47457.74707 0.6085
47457.74805 0.5927
47459.79443 0.6037
47459.79565 0.6005
47459.79712 0.6024
47460.78784 0.6113
47460.78906 0.6078
47460.79004 0.6031
47464.79663 0.6048
47464.79761 0.6064
47464.79883 0.6073
47465.81567 0.6012
47465.81689 0.6068
47465.81812 0.6081
47470.73511 0.5689
47470.73608 0.5665
47470.73682 0.5780
47478.78540 0.6188
47478.78662 0.6404
47478.78760 0.6471
47484.71997 0.6081
47484.72095 0.6249
47484.72192 0.6184
47485.76318 0.5994
47485.76416 0.5967
47485.76514 0.5991
47493.71313 0.6096
47493.71411 0.6192
47493.71509 0.6220
47497.72632 0.5790
47497.72778 0.5849
47497.72900 0.5837
47499.73120 0.6031
47499.73218 0.6079
47499.73340 0.6090
47500.68115 0.6083
47500.68237 0.6102
47500.68359 0.6058
47508.64941 0.6236
47508.65039 0.6222
47508.65137 0.6150
47526.63672 0.6315
47526.63818 0.6234
47526.63940 0.6318
47529.64941 0.6160
47529.65063 0.6106
47529.65186 0.6177
47542.64087 0.6134
47542.64185 0.6078
47542.64282 0.6120
47773.94409 0.6406
47773.94507 0.6404
47773.94604 0.6385
47776.92896 0.6037
47776.92993 0.6050
47776.93140 0.6063
47778.95825 0.6316
47778.95923 0.6240
47778.96021 0.6304
47780.92871 0.6909
47780.92993 0.6859
47780.93066 0.6773
47781.93213 0.6757
47781.93311 0.6631
47781.93408 0.6689
47790.91309 0.6627
47790.91382 0.6532
47790.91479 0.6549
47804.88159 0.6597
47804.88257 0.6568
47804.88379 0.6565
47807.87036 0.6595
47807.87183 0.6555
47807.87305 0.6619
47809.89600 0.6501
47809.89697 0.6560
47809.89795 0.6476
47815.88403 0.6749
47815.88501 0.6724
47815.88599 0.6783
47816.86011 0.6318
47816.86157 0.6206
47816.86304 0.6408
47817.84399 0.6779
47817.84521 0.6632
47817.84619 0.6647
47835.76489 0.6394
47835.76636 0.6403
47835.76758 0.6579
47838.74658 0.6433
47838.74780 0.6439
47838.74902 0.6456
47845.77539 0.6369
47845.77661 0.6486
47845.77808 0.6381
47849.73389 0.6311
47849.73511 0.6308
47849.73657 0.6206
47863.70361 0.6442
47863.70459 0.6298
47863.70581 0.6206
47864.70435 0.6641
47864.70532 0.6484
47864.70630 0.6326
47867.69653 0.6271
47867.69775 0.6532
47867.69922 0.6367
47868.68506 0.6333
47868.68604 0.6400
47868.68677 0.6474
47869.71021 0.6630
47869.71143 0.6605
47869.71289 0.6704
47871.69922 0.6454
47871.70044 0.6474
47871.70142 0.6408
47877.68115 0.6548
47877.68262 0.6503
47877.68359 0.6555
47896.61279 0.6690
47896.61426 0.6687
47896.61548 0.6621
47898.61206 0.6006
47898.61328 0.6098
47898.61450 0.6100
47901.59741 0.6628
47901.59863 0.6501
47901.60010 0.6332
48125.95068 0.6650
48125.95215 0.6617
48125.95361 0.6481
48127.95801 0.6351
48127.95898 0.6465
48127.96045 0.6331
48131.98877 0.6510
48131.98975 0.6440
48131.99121 0.6527
48132.97900 0.6511
48132.98047 0.6397
48132.98193 0.6552
48134.95557 0.5949
48134.95654 0.5956
48134.95801 0.5975
48135.95068 0.6267
48135.95215 0.6195
48135.95313 0.6180
48137.95801 0.6461
48137.95947 0.6551
48137.96045 0.6441
48149.92773 0.6505
48149.92920 0.6424
48149.93066 0.6324
48150.91895 0.6345
48150.92041 0.6221
48150.92139 0.6208
48152.90625 0.5926
48152.90723 0.6023
48152.90869 0.6156
48154.91650 0.6490
48154.91797 0.6561
48154.91895 0.6562
48160.89209 0.6722
48160.89307 0.6739
48160.89404 0.6733
48162.90527 0.6230
48162.90674 0.6391
48162.90771 0.6414
48164.89648 0.6466
48164.89795 0.6503
48164.89893 0.6482
48166.88916 0.6551
48166.89063 0.6602
48166.89209 0.6533
48187.77637 0.6229
48187.77783 0.6326
48187.77881 0.6198
48193.80811 0.6219
48193.80908 0.6254
48193.81006 0.6313
48212.74023 0.6322
48212.74121 0.6322
48212.74219 0.6366
48219.72412 0.6705
48219.72559 0.6742
48219.72705 0.6712
48222.70801 0.6438
48222.70947 0.6387
48222.71094 0.6355
48226.71240 0.6576
48226.71387 0.6520
48226.71533 0.6656
48228.70264 0.6419
48228.70410 0.6516
48228.70557 0.6472
48243.66602 0.6747
48243.66748 0.6720
48243.66895 0.6641
48267.63965 0.6519
48267.64111 0.6608
48267.64258 0.6523
48492.98193 0.6561
48492.98389 0.6546
48492.98535 0.6503
48871.92773 0.6465
48871.92920 0.6546
48871.93066 0.6560
48877.86816 0.6181
48877.86963 0.6268
48877.87109 0.6149
48878.90771 0.6330
48878.90918 0.6327
48878.91016 0.6126
48884.90283 0.6489
48884.90430 0.6625
48884.90576 0.6546
48889.89990 0.6268
48889.90137 0.6251
48889.90283 0.6266
48891.89600 0.6656
48891.89746 0.6637
48891.89893 0.6611
48894.91162 0.6562
48894.91260 0.6543
48894.91406 0.6515
48896.90332 0.6621
48896.90479 0.6519
48896.90625 0.6541
48902.86572 0.6686
48902.86719 0.6712
48902.86865 0.6727
48904.83887 0.6503
48904.84033 0.6435
48904.84180 0.6446
48905.86230 0.6600
48905.86377 0.6687
48905.86475 0.6653
48906.81348 0.6709
48906.81445 0.6773
48906.81592 0.6702
48910.88818 0.6681
48910.88965 0.6771
48910.89062 0.6777
48914.85107 0.6524
48914.85254 0.6518
48914.85400 0.6432
48916.85010 0.6682
48916.85156 0.6636
48916.85303 0.6666
48928.78809 0.6621
48928.78955 0.6743
48928.79102 0.6678
48933.75732 0.6405
48933.75830 0.6356
48933.75977 0.6363
48938.77832 0.6432
48938.77979 0.6367
48938.78076 0.6456
48939.74854 0.6626
48939.75000 0.6638
48939.75098 0.6650
48940.76270 0.6744
48940.76416 0.6660
48940.76562 0.6739
48941.74219 0.6339
48941.74365 0.6359
48941.74561 0.6426
48945.76562 0.7128
48945.76709 0.7151
48945.76855 0.6962
48948.76172 0.6852
48948.76318 0.6791
48948.76465 0.6820
48949.78613 0.6571
48949.78711 0.6696
48949.78857 0.6655
48954.74072 0.6669
48954.74219 0.6679
48954.74414 0.6653
48957.70898 0.6546
48957.71045 0.6631
48957.71191 0.6612
48958.72656 0.6583
48958.72803 0.6597
48958.72949 0.6524
48959.70947 0.6626
48959.71094 0.6415
48959.71289 0.6537
48967.71973 0.6585
48967.72119 0.6633
48967.72217 0.6661
48971.69824 0.6392
48971.69971 0.6494
48971.70068 0.6391
48972.70850 0.6176
48972.70947 0.6096
48972.71094 0.6201
48973.70898 0.6657
48973.71045 0.6607
48973.71191 0.6590
48975.67578 0.6634
48975.67676 0.6553
48975.67822 0.6608
48976.72412 0.6604
48976.72559 0.6551
48976.72705 0.6644
48977.70752 0.6554
48977.70850 0.6566
48977.70996 0.6630
48978.73145 0.6643
48978.73291 0.6551
48978.73438 0.6475
48979.71436 0.6438
48979.71582 0.6461
48979.71729 0.6583
48980.70117 0.6279
48980.70264 0.6377
48980.70410 0.6271
48983.71143 0.6574
48983.71240 0.6348
48983.71387 0.6416
48999.65430 0.6778
48999.65576 0.6800
48999.65674 0.6733
49008.64160 0.6618
49008.64258 0.6656
49008.64404 0.6566
49010.64844 0.6212
49010.64990 0.6374
49010.65137 0.6411
49011.63672 0.6514
49011.63818 0.6537
49011.63965 0.6479
49254.91162 0.6497
49254.91309 0.6464
49254.91455 0.6605
49255.90283 0.6656
49255.90430 0.6688
49255.90576 0.6662
49256.91699 0.6468
49256.91846 0.6410
49256.91992 0.6359
49257.92725 0.6152
49257.92920 0.6227
49257.93066 0.6111
49258.90723 0.6068
49258.90869 0.6077
49258.91064 0.6190
49259.90234 0.6193
49259.90381 0.6230
49259.90527 0.6101
49260.89404 0.6555
49260.89551 0.6513
49260.89648 0.6479
49261.91260 0.6525
49261.91406 0.6457
49261.91504 0.6489
49263.88916 0.6368
49263.89062 0.6446
49263.89209 0.6427
49264.87061 0.6321
49264.87207 0.6470
49264.87305 0.6385
49265.85254 0.6291
49265.85400 0.6317
49265.85547 0.6432
49266.86377 0.6468
49266.86523 0.6350
49266.86670 0.6428
49267.85254 0.6694
49267.85400 0.6757
49267.85547 0.6758
49268.87012 0.6351
49268.87158 0.6435
49268.87305 0.6463
49270.85889 0.6392
49270.86035 0.6448
49270.86182 0.6443
49273.81445 0.6652
49273.81592 0.6760
49273.81738 0.6580
49280.84570 0.6677
49280.84717 0.6496
49280.84863 0.6577
49284.80957 0.6375
49284.81104 0.6348
49284.81250 0.6336
49293.78174 0.6548
49293.78320 0.6513
49293.78418 0.6658
49294.77686 0.6389
49294.77832 0.6397
49294.77979 0.6359
49296.78516 0.6512
49296.78662 0.6461
49296.78809 0.6542
49297.78711 0.6968
49297.78809 0.6854
49297.78955 0.6949
49298.75146 0.6314
49298.75244 0.6250
49298.75391 0.6298
49299.75000 0.6590
49299.75146 0.6426
49299.75244 0.6443
49300.74902 0.6385
49300.75000 0.6139
49300.75146 0.6264
49307.70947 0.6140
49307.71045 0.6134
49307.71143 0.6216
49309.71484 0.6660
49309.71631 0.6691
49309.71777 0.6689
49310.69678 0.6602
49310.69775 0.6630
49310.69922 0.6540
49311.69385 0.6495
49311.69531 0.6391
49311.69678 0.6476
49312.71875 0.6448
49312.72021 0.6457
49312.72168 0.6398
49318.69287 0.6310
49318.69385 0.6388
49318.69482 0.6388
49324.69141 0.6547
49324.69189 0.6785
49324.69287 0.6598
49325.63770 0.6400
49325.63818 0.6405
49325.63867 0.6553
49327.65430 0.6405
49327.65576 0.6430
49327.65723 0.6505
49328.68359 0.6531
49328.68506 0.6482
49328.68604 0.6464
49329.67627 0.6749
49329.67773 0.6686
49329.67871 0.6612
49331.65771 0.6602
49331.65918 0.6600
49331.66064 0.6557
49332.67773 0.6480
49332.67969 0.6564
49332.68213 0.6513
49335.66016 0.6755
49335.66113 0.6630
49335.66260 0.6727
49337.67041 0.6698
49337.67188 0.6607
49337.67334 0.6548
49342.64014 0.6652
49342.64160 0.6614
49342.64307 0.6621
49344.65039 0.6548
49344.65186 0.6499
49344.65283 0.6568
49359.64160 0.6773
49359.64307 0.6721
49359.64404 0.6775
49360.61475 0.6664
49360.61621 0.6660
49360.61719 0.6702
49361.61768 0.6621
49361.61865 0.6607
49361.62012 0.6531
49363.60986 0.6773
49363.61084 0.6721
49363.61230 0.6774
49365.63184 0.6893
49365.63281 0.6792
49365.63428 0.6761
49368.62256 0.6587
49368.62402 0.6610
49368.62500 0.6543
49373.60449 0.6625
49373.60645 0.6664
49373.60791 0.6716
49599.92773 0.6842
49599.92920 0.6885
49599.93018 0.6874
49600.91162 0.6932
49600.91309 0.6826
49600.91406 0.6998
49602.88574 0.6910
49602.88721 0.7059
49602.88818 0.7024
49603.88721 0.6755
49603.88867 0.6760
49603.88965 0.6702
49610.87939 0.6719
49610.88037 0.6738
49610.88135 0.6618
49611.91260 0.6521
49611.91406 0.6509
49611.91504 0.6774
49614.88379 0.6827
49614.88477 0.6650
49614.88623 0.6771
49615.80615 0.6386
49615.80762 0.6459
49615.80859 0.6377
49617.80566 0.6597
49617.80713 0.6656
49617.80811 0.6690
49620.87207 0.6715
49620.87305 0.6487
49620.87451 0.6700
49621.86328 0.6581
49621.86426 0.6632
49621.86572 0.6512
49622.80859 0.7064
49622.80957 0.6993
49622.81104 0.6836
49625.86182 0.6849
49625.86279 0.6831
49625.86377 0.6861
49626.85840 0.6513
49626.85986 0.6701
49626.86084 0.6650
49628.84863 0.6812
49628.85010 0.6784
49628.85107 0.6637
49632.84082 0.6808
49632.84180 0.6928
49632.84277 0.6839
49633.83545 0.6765
49633.83691 0.6560
49633.83789 0.6764
49634.82471 0.6963
49634.82617 0.6746
49634.82715 0.6755
49635.85303 0.6619
49635.85449 0.6542
49635.85547 0.6475
49636.83691 0.6999
49636.83838 0.7053
49636.83936 0.6841
49637.76514 0.6889
49637.76611 0.6914
49637.76758 0.6899
49638.80713 0.6932
49638.80811 0.6794
49638.80957 0.6828
49639.80957 0.6783
49639.81055 0.6733
49639.81201 0.6731
49641.83350 0.6367
49641.83496 0.6520
49641.83594 0.6488
49642.81982 0.6818
49642.82129 0.6912
49642.82227 0.6749
49643.82715 0.6882
49643.82861 0.6820
49643.82959 0.6856
49646.80420 0.6686
49646.80518 0.6726
49646.80664 0.6693
49647.75586 0.6340
49647.75684 0.6345
49647.75830 0.6411
49648.80322 0.6878
49648.80469 0.6811
49648.80566 0.6895
49651.78516 0.6499
49651.78613 0.6647
49651.78760 0.6590
49652.77881 0.6452
49652.77979 0.6400
49652.78076 0.6486
49653.77588 0.6187
49653.77686 0.6228
49653.77832 0.6077
49654.75830 0.6727
49654.75928 0.6761
49654.76074 0.6764
49655.76904 0.6912
49655.77002 0.7010
49655.77148 0.6938
49656.76221 0.6919
49656.76318 0.6854
49656.76416 0.6793
49657.76660 0.6457
49657.76807 0.6543
49657.76904 0.6420
49658.81201 0.6210
49658.81299 0.6317
49658.81396 0.6264
49660.75098 0.7008
49660.75195 0.7149
49660.75342 0.7050
49661.76367 0.6883
49661.76514 0.6792
49661.76611 0.6808
49662.77197 0.6660
49662.77295 0.6767
49662.77393 0.6710
49663.74707 0.6593
49663.74805 0.6719
49663.74951 0.6535
49668.76611 0.6870
49668.76758 0.6993
49668.76855 0.6853
49670.75977 0.6211
49670.76123 0.6144
49670.76221 0.6257
49675.73242 0.6499
49675.73340 0.6131
49675.73486 0.6491
49676.72656 0.6366
49676.72803 0.6323
49676.72900 0.6395
49677.77441 0.6706
49677.77588 0.6620
49677.77686 0.6734
49680.70654 0.6306
49680.70752 0.6354
49680.70898 0.6399
49684.73096 0.6689
49684.73193 0.6706
49684.73291 0.6779
49685.71338 0.6544
49685.71436 0.6496
49685.71533 0.6588
49686.69385 0.6569
49686.69531 0.6657
49686.69629 0.6452
49687.68457 0.6462
49687.68604 0.6520
49687.68701 0.6344
49688.70215 0.6595
49688.70312 0.6497
49688.70459 0.6520
49689.67969 0.6859
49689.68115 0.6840
49689.68213 0.6867
49690.71826 0.6900
49690.71924 0.7008
49690.72021 0.7022
49694.72168 0.6832
49694.72314 0.6798
49694.72412 0.6830
49695.70410 0.7007
49695.70557 0.6920
49695.70654 0.6893
49696.69775 0.6755
49696.69922 0.6703
49696.70020 0.6682
49701.73682 0.6583
49701.73779 0.6656
49701.73926 0.6664
49702.66016 0.6607
49702.66162 0.6672
49702.66260 0.6653
49703.67529 0.6849
49703.67627 0.6761
49703.67725 0.6882
49704.67529 0.6773
49704.67627 0.6794
49704.67773 0.6790
49706.71582 0.6833
49706.71729 0.6783
49706.71826 0.6811
49707.68164 0.6857
49707.68262 0.6865
49707.68408 0.6874
49708.73877 0.6396
49708.73975 0.6391
49708.74121 0.6499
49713.63867 0.6791
49713.64014 0.6909
49713.64111 0.6901
49714.64355 0.6802
49714.64453 0.6715
49714.64600 0.6734
49716.63379 0.7173
49716.63477 0.7060
49716.63574 0.7143
49719.62891 0.6865
49719.63037 0.6908
49719.63135 0.6823
49730.58203 0.6705
49730.58350 0.6838
49730.58447 0.6833
49731.64307 0.6906
49731.64404 0.6866
49731.64551 0.7076
49735.61816 0.6657
49735.61914 0.6667
49735.62061 0.6559
49736.62842 0.6974
49736.62988 0.6835
49736.63086 0.6788
49753.60205 0.6762
49753.60352 0.6839
49753.60449 0.6729
49754.60156 0.6904
49754.60303 0.6866
49754.60400 0.6804
49756.60352 0.6795
49756.60449 0.6793
49756.60596 0.6773
