48979.96387 0.1783
48979.96582 0.1720
48979.96777 0.1681
49010.88184 0.1760
49010.88574 0.1746
49010.88965 0.1784
49014.84814 0.1702
49014.85107 0.1679
49014.85400 0.1722
49029.84424 0.1772
49029.84668 0.1811
49029.84863 0.1797
49052.72852 0.1690
49052.73389 0.1738
49052.73975 0.1585
49056.73828 0.1740
49056.74072 0.1737
49056.74365 0.1785
49059.74121 0.1757
49059.74463 0.1769
49059.74756 0.1817
49065.73779 0.1899
49065.74121 0.1818
49065.74414 0.1705
49068.72656 0.1728
49068.72998 0.1708
49068.73389 0.1694
49081.66455 0.1668
49081.66699 0.1716
49081.66992 0.1781
49088.68604 0.1780
49088.68994 0.1745
49088.69434 0.1692
49091.67676 0.1665
49091.68066 0.1778
49091.68457 0.1756
49307.99951 0.1655
49308.00146 0.1652
49308.00342 0.1615
49311.01611 0.1683
49311.01758 0.1646
49311.01953 0.1648
49325.94824 0.1785
49325.94922 0.1806
49325.95068 0.1832
49330.92188 0.1720
49330.92334 0.1656
49330.92480 0.1741
49334.92041 0.1649
49334.92139 0.1653
49334.92285 0.1650
49337.92676 0.1687
49337.92871 0.1709
49337.93066 0.1606
49342.92041 0.1704
49342.92236 0.1704
49342.92432 0.1621
49344.88184 0.1604
49344.88623 0.1562
49344.89062 0.1640
49349.89600 0.1654
49349.89795 0.1659
49349.89941 0.1661
49352.88965 0.1683
49352.89160 0.1651
49352.89355 0.1652
49355.90674 0.1726
49355.90869 0.1699
49355.91064 0.1687
49359.86084 0.1691
49359.86230 0.1708
49359.86328 0.1668
49362.87842 0.1649
49362.88232 0.1667
49362.88672 0.1676
49368.85400 0.1642
49368.85596 0.1681
49368.85742 0.1688
49394.79590 0.1686
49394.79736 0.1753
49394.79883 0.1743
49397.83301 0.1680
49397.83398 0.1702
49397.83545 0.1745
49405.77588 0.1651
49405.77930 0.1705
49405.78125 0.1583
49409.58252 0.1512
49409.58496 0.1512
49409.58740 0.1289
49412.76807 0.1527
49412.76953 0.1566
49412.77051 0.1568
49413.80615 0.1553
49413.80811 0.1561
49413.81055 0.1553
49420.77344 0.1621
49420.77490 0.1626
49420.77588 0.1625
49423.76807 0.1634
49423.76953 0.1680
49423.77148 0.1712
49426.73535 0.1763
49426.73682 0.1619
49426.73779 0.1622
49433.71875 0.1684
49433.72021 0.1652
49433.72119 0.1594
49438.73633 0.1687
49438.73730 0.1643
49438.73877 0.1719
49441.67188 0.1668
49441.67285 0.1706
49441.67432 0.1693
49444.67090 0.1679
49444.67188 0.1733
49444.67334 0.1668
49448.65918 0.1702
49448.66064 0.1734
49448.66162 0.1741
49454.68652 0.1595
49454.68750 0.1689
49454.68896 0.1695
49457.68604 0.1653
49457.68750 0.1749
49457.68945 0.1651
49462.68555 0.1681
49462.68652 0.1805
49462.68799 0.1763
49677.99951 0.1638
49678.00146 0.1599
49678.00391 0.1579
49686.95801 0.1646
49686.96045 0.1596
49686.96289 0.1579
49689.96582 0.1715
49689.96924 0.1715
49703.92090 0.1657
49703.92236 0.1718
49703.92334 0.1685
49706.93359 0.1606
49706.93555 0.1600
49706.93799 0.1611
49713.90918 0.1607
49713.91162 0.1665
49713.91406 0.1663
49716.89697 0.1642
49716.89941 0.1646
49716.90186 0.1585
49719.90283 0.1620
49719.90527 0.1623
49719.90723 0.1646
49723.91992 0.1612
49723.92139 0.1657
49723.92236 0.1696
49730.88184 0.1692
49730.88428 0.1639
49730.88623 0.1696
49736.91016 0.1645
49736.91309 0.1598
49736.91602 0.1596
49748.84229 0.1662
49748.84473 0.1586
49748.84717 0.1654
49752.84863 0.1718
49752.85107 0.1662
49752.85352 0.1734
49759.82178 0.1737
49759.82373 0.1657
49759.82520 0.1742
49768.76367 0.1799
49768.76611 0.1793
49768.76855 0.1756
49771.78564 0.1739
49771.78711 0.1709
49771.78857 0.1778
49775.74170 0.1651
49775.74414 0.1585
49775.74658 0.1677
49792.73096 0.1606
49792.73389 0.1671
49792.73682 0.1663
49795.72070 0.1630
49795.72461 0.1570
49795.72754 0.1600
49802.69922 0.1685
49802.70264 0.1726
49802.70508 0.1713
49818.69629 0.1682
49818.69922 0.1717
49818.70117 0.1689
