2449747.86523 0.1501
2449747.86670 0.1567
2449747.86768 0.1533
2449748.87842 0.1550
2449748.87939 0.1583
2449748.88086 0.1570
2449749.84424 0.1515
2449749.84521 0.1593
2449749.84619 0.1579
2449750.84766 0.1550
2449750.84863 0.1524
2449750.85010 0.1568
2449751.86572 0.1520
2449751.86670 0.1539
2449751.86816 0.1522
2449752.87256 0.1568
2449752.87354 0.1525
2449752.87451 0.1535
2449753.83887 0.1588
2449753.83984 0.1543
2449753.84131 0.1569
2449754.82715 0.1525
2449754.82861 0.1496
2449754.82959 0.1530
2449758.85596 0.1590
2449758.85742 0.1636
2449758.85840 0.1619
2449759.86035 0.1587
2449759.86133 0.1576
2449759.86230 0.1550
2449761.83643 0.1622
2449761.83740 0.1594
2449761.83838 0.1565
2449766.80518 0.1583
2449766.80664 0.1556
2449766.80762 0.1544
2449767.81250 0.1568
2449767.81348 0.1595
2449767.81494 0.1541
2449768.77148 0.1573
2449768.77295 0.1542
2449768.77393 0.1567
2449770.83398 0.1596
2449770.83496 0.1572
2449770.83643 0.1593
2449771.79346 0.1591
2449771.79443 0.1575
2449771.79590 0.1584
2449772.76025 0.1587
2449772.76123 0.1515
2449772.76270 0.1571
2449774.80225 0.1529
2449774.80371 0.1528
2449774.80469 0.1528
2449775.75537 0.1574
2449775.75684 0.1600
2449775.75781 0.1578
2449784.75098 0.1533
2449784.75342 0.1489
2449784.75635 0.1488
2449792.75342 0.1522
2449792.75439 0.1517
2449792.75586 0.1507
2449793.72266 0.1555
2449793.72412 0.1520
2449793.72510 0.1503
2449794.69824 0.1492
2449794.69971 0.1580
2449794.70117 0.1501
2449795.74414 0.1494
2449795.74512 0.1479
2449795.74658 0.1482
2449802.71875 0.1574
2449802.72021 0.1545
2449802.72119 0.1548
2449807.69434 0.1531
2449807.69531 0.1513
2449807.69678 0.1523
2449810.64941 0.1508
2449810.65088 0.1552
2449810.65186 0.1520
2449811.68555 0.1487
2449811.68701 0.1546
2449811.68799 0.1555
2449812.64893 0.1547
2449812.65137 0.1542
2449812.65332 0.1550
2449816.65186 0.1543
2449816.65430 0.1543
2449816.65771 0.1528
2449817.69775 0.1610
2449817.69971 0.1602
2449817.70215 0.1530
2449818.71240 0.1505
2449818.71338 0.1536
2449818.71436 0.1519
2449819.68555 0.1370
2449819.68652 0.1323
2449819.68799 0.1356
