2446104.45801 0.1444
2446104.46094 0.1385
2446104.46387 0.1318
2446107.77295 0.1399
2446107.77588 0.1427
2446107.77832 0.1406
2448979.97559 0.1365
2448979.97754 0.1302
2448979.97949 0.1362
2449012.84180 0.1355
2449012.84717 0.1373
2449012.85254 0.1323
2449029.85156 0.1355
2449029.85352 0.1375
2449029.85498 0.1312
2449056.74854 0.1387
2449056.75098 0.1394
2449056.75391 0.1373
2449059.75195 0.1402
2449059.75439 0.1439
2449059.75635 0.1381
2449065.74902 0.1424
2449065.75146 0.1481
2449065.75391 0.1385
2449068.73877 0.1402
2449068.74170 0.1332
2449068.74512 0.1381
2449081.67773 0.1391
2449081.68066 0.1359
2449081.68311 0.1381
2449086.69775 0.1383
2449086.70117 0.1478
2449086.70605 0.1445
2449089.70654 0.1329
2449089.70947 0.1382
2449089.71240 0.1360
2449096.66846 0.1341
2449096.67139 0.1327
2449096.67480 0.1323
2449100.65918 0.1386
2449100.66357 0.1409
2449100.66846 0.1414
2449103.65430 0.1430
2449103.65820 0.1426
2449103.66162 0.1397
2449308.01123 0.1353
2449308.01416 0.1363
2449308.01709 0.1340
2449312.96436 0.1335
2449312.96631 0.1380
2449312.96777 0.1345
2449325.95312 0.1427
2449325.95410 0.1373
2449325.95508 0.1387
2449330.92773 0.1389
2449330.92920 0.1329
2449330.93066 0.1318
2449334.92578 0.1396
2449334.92725 0.1383
2449334.92822 0.1345
2449337.93994 0.1309
2449337.94189 0.1307
2449337.94385 0.1325
2449342.93115 0.1334
2449342.93262 0.1351
2449342.93359 0.1344
2449344.90234 0.1322
2449344.90723 0.1321
2449344.91260 0.1328
2449349.90869 0.1351
2449349.91016 0.1383
2449349.91260 0.1361
2449352.90283 0.1341
2449352.90479 0.1345
2449352.90674 0.1326
2449355.91943 0.1365
2449355.92139 0.1350
2449355.92334 0.1351
2449359.86670 0.1396
2449359.86816 0.1403
2449359.87012 0.1411
2449362.89551 0.1337
2449362.89893 0.1341
2449362.90234 0.1352
2449368.86328 0.1438
2449368.86475 0.1377
2449368.86621 0.1325
2449373.82764 0.1374
2449373.82910 0.1321
2449373.83057 0.1331
2449394.80176 0.1390
2449394.80322 0.1420
2449394.80469 0.1334
2449397.83984 0.1345
2449397.84131 0.1351
2449397.84326 0.1385
2449412.77490 0.1267
2449412.77637 0.1327
2449412.77734 0.1251
2449414.76953 0.1221
2449414.77100 0.1166
2449414.77246 0.1223
2449420.78027 0.1262
2449420.78174 0.1381
2449420.78271 0.1357
2449423.77588 0.1420
2449423.77734 0.1369
2449423.77930 0.1344
2449426.74365 0.1375
2449426.74512 0.1327
2449426.74609 0.1381
2449433.72363 0.1343
2449433.72510 0.1364
2449433.72607 0.1374
2449438.74121 0.1388
2449438.74219 0.1382
2449438.74365 0.1437
2449443.70459 0.1370
2449443.70557 0.1425
2449443.70703 0.1381
2449446.66064 0.1362
2449446.66211 0.1373
2449446.66309 0.1341
2449454.69141 0.1401
2449454.69287 0.1328
2449454.69385 0.1401
2449457.69189 0.1385
2449457.69336 0.1391
2449457.69434 0.1379
2449462.69092 0.1508
2449462.69189 0.1427
2449462.69336 0.1371
2449686.97363 0.1339
2449686.97607 0.1304
2449686.97852 0.1338
2449703.93115 0.1344
2449703.93213 0.1367
2449703.93359 0.1404
2449706.94775 0.1347
2449706.94971 0.1360
2449706.95215 0.1366
2449714.93066 0.1435
2449714.93164 0.1296
2449714.93311 0.1359
2449719.91895 0.1356
2449719.92139 0.1354
2449719.92383 0.1376
2449723.92529 0.1392
2449723.92676 0.1454
2449723.92822 0.1428
2449730.88867 0.1366
2449730.89062 0.1401
2449730.89209 0.1397
2449748.85596 0.1365
2449748.85840 0.1377
2449748.86084 0.1405
2449752.86182 0.1307
2449752.86279 0.1394
2449752.86426 0.1408
2449759.82764 0.1342
2449759.82910 0.1368
2449759.83057 0.1300
2449767.79980 0.1365
2449767.80225 0.1432
2449767.80469 0.1406
2449770.82666 0.1393
2449770.82812 0.1387
2449770.83008 0.1424
2449774.79150 0.1422
2449774.79248 0.1376
2449774.79395 0.1381
2449784.73877 0.1464
2449784.74365 0.1451
2449784.74658 0.1329
2449792.74219 0.1377
2449792.74561 0.1335
2449792.74854 0.1354
2449795.73389 0.1330
2449795.73779 0.1272
2449795.74121 0.1309
2449802.70996 0.1305
2449802.71240 0.1357
2449802.71436 0.1365
2449818.70459 0.1377
2449818.70703 0.1334
2449818.70898 0.1332
