2444191.80000 0.2832
2445657.98500 0.5882
2445657.98600 0.5861
2445657.98800 0.5714
2445668.01600 0.5989
2445668.01800 0.6142
2445668.01900 0.6121
2445679.01000 0.6072
2445679.01200 0.6340
2445679.01400 0.6251
2445687.93500 0.5906
2445687.93600 0.5627
2445687.93700 0.5783
2445708.94900 0.5807
2445708.95000 0.5845
2445708.95100 0.6108
2445715.82100 0.5746
2445715.82200 0.5741
2445715.82300 0.5876
2445717.91800 0.5839
2445717.91900 0.5685
2445717.92000 0.5967
2445719.93300 0.5939
2445719.93400 0.5699
2445719.93500 0.6170
2445725.89100 0.5570
2445725.89200 0.5801
2445725.89200 0.5771
2445729.78100 0.5734
2445729.78200 0.5549
2445729.78300 0.5779
2445738.77500 0.5900
2445738.77500 0.6002
2445738.77600 0.5728
2445742.89100 0.5809
2445742.89200 0.5777
2445742.89300 0.5479
2445749.76300 0.6099
2445749.76500 0.6020
2445749.76700 0.5692
2445755.75800 0.5587
2445755.76000 0.5649
2445755.76200 0.5823
2445759.66000 0.5784
2445759.66100 0.5606
2445759.66200 0.5796
2445761.80000 0.5808
2445761.80100 0.6018
2445761.80200 0.6113
2445763.77700 0.5595
2445763.77800 0.5594
2445763.77900 0.5461
2445766.72300 0.5999
2445766.72400 0.6094
2445766.72500 0.5943
2445767.77200 0.6003
2445767.77300 0.5924
2445767.77400 0.5960
2445769.67407 0.6006
2445769.67505 0.5828
2445769.67590 0.5918
2445770.73511 0.5662
2445770.73657 0.5634
2445770.73816 0.5968
2445772.75317 0.5863
2445772.75403 0.5891
2445772.75500 0.5795
2445777.75000 0.5810
2445777.75300 0.5931
2445777.75500 0.5884
2445778.74597 0.5819
2445778.74878 0.5941
2445778.75159 0.5944
2445779.72100 0.5853
2445779.72200 0.5634
2445779.72300 0.5799
2445780.69200 0.5813
2445780.69300 0.5817
2445780.69400 0.5769
2445781.72400 0.5745
2445781.72600 0.5936
2445781.72800 0.5700
2445782.70700 0.5646
2445782.70700 0.5927
2445782.70800 0.5886
2445783.70386 0.5998
2445783.70508 0.5908
2445783.70618 0.5722
2445784.75134 0.5926
2445784.75232 0.5951
2445784.75330 0.5691
2445787.72498 0.5719
2445787.72583 0.5594
2445787.72681 0.5961
2445788.75659 0.5974
2445788.75793 0.5724
2445788.75903 0.5798
2445790.71960 0.6120
2445790.72058 0.5767
2445790.72144 0.5829
2445794.75391 0.6000
2445794.75513 0.5940
2445794.75635 0.6021
2445797.70000 0.6015
2445797.70100 0.5887
2445797.70200 0.5874
2445802.73462 0.6054
2445802.73608 0.5696
2445802.73743 0.5802
2445803.71100 0.5345
2445803.71200 0.5434
2445803.71400 0.5505
2445804.68700 0.5575
2445804.68800 0.5744
2445804.68900 0.5922
2445805.68800 0.5879
2445805.68900 0.5830
2445805.69000 0.5713
2445806.65900 0.5699
2445806.66000 0.5733
2445806.66000 0.5665
2445807.65869 0.5720
2445807.65955 0.5753
2445807.66052 0.5487
2445808.69507 0.5959
2445808.69641 0.6010
2445808.69800 0.5903
2445811.64600 0.5714
2445811.64700 0.5677
2445811.64800 0.5598
2445812.66600 0.5908
2445812.66700 0.5841
2445812.66800 0.6115
2445813.69800 0.5836
2445813.69900 0.5684
2445813.70000 0.6026
2445814.65000 0.5949
2445814.65100 0.5756
2445814.65100 0.5574
2445815.67627 0.6011
2445815.67834 0.6008
2445815.68054 0.5961
2445819.69200 0.5828
2445819.69300 0.6010
2445819.69400 0.5766
2445827.65000 0.5961
2445827.65100 0.5761
2445827.65200 0.5863
2445829.65800 0.5894
2445829.65900 0.5875
2445829.66000 0.5880
2445832.65344 0.5630
2445832.65442 0.5543
2445832.65527 0.5734
2446004.01282 0.6068
2446004.01477 0.6157
2446004.01624 0.5985
2446010.01379 0.6022
2446010.01501 0.6081
2446010.01636 0.6051
2446013.99817 0.6261
2446014.00085 0.6206
2446014.00415 0.6321
2446017.04883 0.5987
2446017.05066 0.5982
2446017.05261 0.5831
2446020.01611 0.5510
2446020.01746 0.5424
2446020.01868 0.5915
2446023.05396 0.5940
2446023.05566 0.5812
2446023.05737 0.5814
2446025.01721 0.5885
2446025.01892 0.5834
2446025.02051 0.5900
2446028.03015 0.5973
2446028.03296 0.5768
2446028.03577 0.6037
2446033.99524 0.5973
2446033.99695 0.6081
2446033.99854 0.5797
2446037.04419 0.5878
2446037.04700 0.5739
2446037.04944 0.5922
2446049.94556 0.5765
2446049.94849 0.5829
2446049.95190 0.5657
2446058.94727 0.5887
2446058.95044 0.5847
2446058.95361 0.5805
2446064.94019 0.5677
2446064.94238 0.5841
2446064.94458 0.5689
2446068.96851 0.5856
2446068.97144 0.5819
2446068.97412 0.5714
2446069.94019 0.5704
2446069.94312 0.5622
2446069.94604 0.5543
2446071.00073 0.5952
2446071.00415 0.5876
2446071.00732 0.6096
2446084.40820 0.6133
2446084.42749 0.6148
2446084.44727 0.6169
2446085.54541 0.6080
2446085.55981 0.5962
2446085.57446 0.6033
2446086.90601 0.5712
2446086.91821 0.5901
2446086.93018 0.5795
2446088.57446 0.6120
2446088.59668 0.6076
2446088.66992 0.6076
2446091.39551 0.5979
2446091.41064 0.6134
2446091.42676 0.6020
2446096.92065 0.5997
2446096.94141 0.5751
2446096.96167 0.6009
2446104.46899 0.5765
2446104.47168 0.5754
2446104.47437 0.5778
2446107.81372 0.5937
2446107.81641 0.5929
2446107.81909 0.5916
2446108.77295 0.5611
2446108.77563 0.5815
2446108.77856 0.5761
2446109.82373 0.5695
2446109.82617 0.5824
2446109.82861 0.5835
2446111.75195 0.5900
2446111.75488 0.5988
2446111.75806 0.5963
2446112.81274 0.5805
2446112.81592 0.5891
2446112.81909 0.5881
2446113.76733 0.5804
2446113.76953 0.5792
2446113.77148 0.5838
2446116.78076 0.5852
2446116.78369 0.5886
2446116.78687 0.5762
2446119.80249 0.6058
2446119.80518 0.6073
2446119.80786 0.5908
2446120.77808 0.5837
2446120.78076 0.5918
2446120.78369 0.5584
2446121.76514 0.5884
2446121.76685 0.5811
2446121.76855 0.5809
2446122.81250 0.5768
2446122.81470 0.5680
2446122.81714 0.5766
2446123.77100 0.6217
2446123.77271 0.6007
2446123.77466 0.5927
2446124.75806 0.2598
2446124.75806 0.2369
2446124.75830 0.2363
2446124.77808 0.5886
2446124.78003 0.6030
2446124.78198 0.6222
2446125.70483 0.5684
2446125.70776 0.5763
2446125.71045 0.5746
2446129.74683 0.5886
2446129.75195 0.5688
2446129.75684 0.5846
2446137.70703 0.5740
2446137.71094 0.5877
2446137.71387 0.5748
2446138.77002 0.5505
2446138.77271 0.5568
2446138.77563 0.5520
2446139.78687 0.5717
2446139.78955 0.5804
2446139.79248 0.5863
2446140.77710 0.6079
2446140.78149 0.5735
2446140.78589 0.5872
2446141.76318 0.5763
2446141.76758 0.5820
2446141.77124 0.5866
2446142.70776 0.5872
2446142.70996 0.5984
2446142.71265 0.5935
2446144.75171 0.5605
2446144.75562 0.5730
2446144.75903 0.5859
2446145.65991 0.5710
2446145.66284 0.5796
2446145.66577 0.5704
2446146.70288 0.5643
2446146.70654 0.5706
2446146.70996 0.5598
2446147.65820 0.6106
2446147.66064 0.5819
2446147.66357 0.5944
2446148.67163 0.5820
2446148.67334 0.5729
2446148.67505 0.5749
2446149.66528 0.5936
2446149.66724 0.5711
2446149.66919 0.5745
2446150.80762 0.5874
2446150.81152 0.5656
2446150.81567 0.5763
2446155.70947 0.6107
2446155.71240 0.6232
2446155.71558 0.5989
2446156.76440 0.6373
2446156.76904 0.6030
2446156.77368 0.5968
2446157.67285 0.5815
2446157.67505 0.5880
2446157.67725 0.6014
2446158.67358 0.5680
2446158.67676 0.5737
2446158.67969 0.5547
2446158.68262 0.5745
2446159.68726 0.5868
2446159.68994 0.5885
2446159.69287 0.5713
2446160.67480 0.5882
2446160.67773 0.5770
2446160.68066 0.5608
2446161.66382 0.5876
2446161.66577 0.5760
2446161.66797 0.5724
2446162.68970 0.5772
2446162.69189 0.5924
2446162.69409 0.5994
2446163.70874 0.5690
2446163.71069 0.5761
2446163.71240 0.5814
2446164.68091 0.5838
2446164.68335 0.5646
2446164.68604 0.5733
2446165.69043 0.5789
2446165.69312 0.5826
2446165.69604 0.5833
2446166.66992 0.6155
2446166.67334 0.6007
2446166.67676 0.5940
2446167.67798 0.5889
2446167.68140 0.5735
2446167.68457 0.5789
2446168.65503 0.5758
2446168.65771 0.5680
2446168.66016 0.5663
2446169.69336 0.5871
2446169.69653 0.5724
2446169.69995 0.5671
2446170.69336 0.5827
2446170.69653 0.5824
2446170.69971 0.5981
2446182.71704 0.5483
2446182.72266 0.5608
2446182.72925 0.5607
2446184.66748 0.5779
2446184.67139 0.6002
2446184.67529 0.6003
2446186.66968 0.5718
2446186.67261 0.5771
2446186.67578 0.5787
2446187.65674 0.5849
2446187.65967 0.6043
2446187.66235 0.5969
2446187.69385 0.5825
2446187.69678 0.5738
2446187.69946 0.5800
2446189.67505 0.5746
2446189.67896 0.5604
2446189.68311 0.5661
2446190.67285 0.6052
2446190.67700 0.6161
2446190.68140 0.6161
2446192.66260 0.5897
2446192.67236 0.5936
2446192.67773 0.5904
2446193.65796 0.5968
2446193.66138 0.6005
2446193.66528 0.5898
2446375.99902 0.5653
2446376.00000 0.5835
2446376.00098 0.5778
2446377.00415 0.5635
2446377.00513 0.5365
2446377.00635 0.5447
2446383.02417 0.5655
2446383.02490 0.5606
2446383.02588 0.5744
2446384.00464 0.5712
2446384.00562 0.5678
2446384.00635 0.5611
2446386.01074 0.5714
2446386.01172 0.5718
2446386.01294 0.5728
2446389.02271 0.5438
2446389.02368 0.5542
2446389.02466 0.5527
2446391.99561 0.5779
2446391.99658 0.5749
2446391.99731 0.5685
2446393.02759 0.5731
2446393.02856 0.5808
2446393.02930 0.5637
2446397.01758 0.5890
2446397.01831 0.5833
2446397.01929 0.5851
2446404.02319 0.5676
2446404.02393 0.5593
2446404.02490 0.5593
2446406.00293 0.5787
2446406.00366 0.5662
2446406.00464 0.5784
2446407.97119 0.5693
2446407.97241 0.5594
2446407.97339 0.5599
2446408.96875 0.5549
2446408.97021 0.5628
2446408.97119 0.5545
2446410.01392 0.5533
2446410.01465 0.5638
2446410.01563 0.5436
2446415.00366 0.5841
2446415.00537 0.5654
2446415.00732 0.5791
2446416.94287 0.5807
2446416.94385 0.5757
2446416.94458 0.5735
2446418.00195 0.5546
2446418.00293 0.5561
2446418.00391 0.5585
2446418.96851 0.5707
2446418.96924 0.5611
2446418.96997 0.5719
2446419.98608 0.5723
2446419.98682 0.5704
2446419.98779 0.5739
2446420.97974 0.5602
2446420.98047 0.5450
2446420.98120 0.5634
2446421.92505 0.5692
2446421.92578 0.5532
2446421.92676 0.5593
2446426.96143 0.5404
2446426.96240 0.5449
2446426.96338 0.5339
2446427.95776 0.5671
2446427.95850 0.5750
2446427.95947 0.5800
2446438.96655 0.5691
2446438.96753 0.5563
2446438.96851 0.5642
2446439.91406 0.5887
2446439.91479 0.5904
2446439.91602 0.5814
2446441.90454 0.5691
2446441.90527 0.5620
2446441.90601 0.5591
2446442.90063 0.5790
2446442.90161 0.5671
2446442.90234 0.5807
2446443.89795 0.5481
2446443.89893 0.5517
2446443.89990 0.5550
2446447.93262 0.5873
2446447.93359 0.5762
2446447.93433 0.5888
2446448.88989 0.5500
2446448.89063 0.5528
2446448.89136 0.5564
2446449.88892 0.5885
2446449.88989 0.5644
2446449.89063 0.5706
2446450.87402 0.5564
2446450.87500 0.5371
2446450.87598 0.5519
2446452.89624 0.5682
2446452.89697 0.6113
2446452.89771 0.5954
2446455.90015 0.5696
2446455.90088 0.5674
2446455.90161 0.5691
2446457.88013 0.5975
2446457.88110 0.5898
2446457.88184 0.5880
2446458.88306 0.5749
2446458.88379 0.5806
2446458.88477 0.5781
2446459.87891 0.5588
2446459.87988 0.5617
2446459.88086 0.5622
2446463.91943 0.5687
2446463.92041 0.5815
2446463.92114 0.5854
2446471.87524 0.5791
2446471.87598 0.5741
2446471.87671 0.5732
2446484.79932 0.5636
2446484.80029 0.5869
2446484.80103 0.5669
2446485.76611 0.5741
2446485.76709 0.5872
2446485.76855 0.5799
2446487.82813 0.5900
2446487.82910 0.5836
2446487.83008 0.5959
2446488.75854 0.5568
2446488.75952 0.5448
2446488.76050 0.5509
2446489.78003 0.5878
2446489.78101 0.5742
2446489.78174 0.5761
2446490.78931 0.5616
2446490.79028 0.5691
2446490.79102 0.5530
2446491.74951 0.5632
2446491.75049 0.5541
2446491.75122 0.5639
2446492.80933 0.6026
2446492.81055 0.5968
2446492.81152 0.5918
2446493.78833 0.5614
2446493.78906 0.5526
2446493.79004 0.5669
2446494.76367 0.5974
2446494.76440 0.6000
2446494.76538 0.6070
2446495.78052 0.5674
2446495.78125 0.5848
2446495.78198 0.5872
2446496.76001 0.5496
2446496.76099 0.5442
2446496.76172 0.5474
2446497.73755 0.6003
2446497.73853 0.5893
2446497.73999 0.5933
2446504.73120 0.5844
2446504.73218 0.5819
2446504.73291 0.5845
2446509.72314 0.5847
2446509.72388 0.5793
2446509.72461 0.5635
2446510.73389 0.5711
2446510.73511 0.5690
2446510.73584 0.5595
2446511.72339 0.6073
2446511.72388 0.5617
2446511.72461 0.5784
2446512.69556 0.5772
2446512.69629 0.5572
2446512.69702 0.5501
2446513.70215 0.5898
2446513.70288 0.5813
2446513.70386 0.5549
2446514.70410 0.5760
2446514.70508 0.5731
2446514.70581 0.5629
2446515.71509 0.5629
2446515.71606 0.5688
2446515.71680 0.5639
2446516.75439 0.5859
2446516.75537 0.5864
2446516.75635 0.5973
2446517.76563 0.5666
2446517.76660 0.5812
2446517.76733 0.5663
2446519.75464 0.6071
2446519.75537 0.6094
2446519.75635 0.5838
2446521.71875 0.5883
2446521.71997 0.5540
2446521.72119 0.5573
2446525.68433 0.5644
2446525.68506 0.5853
2446525.68604 0.5632
2446529.67334 0.5778
2446529.67407 0.5915
2446529.67480 0.5696
2446530.67188 0.5734
2446530.67261 0.5825
2446530.67334 0.5557
2446531.66040 0.5826
2446531.66162 0.5961
2446531.66284 0.5722
2446534.66431 0.5685
2446534.66528 0.5784
2446534.66626 0.5781
2446537.68799 0.5931
2446537.68921 0.5810
2446537.69043 0.5873
2446538.66040 0.6101
2446538.66162 0.5743
2446538.66309 0.5999
2446540.65601 0.6071
2446540.65649 0.6021
2446540.65723 0.6076
2446541.66309 0.5718
2446541.66406 0.5715
2446541.66504 0.5673
2446542.65112 0.5706
2446542.65186 0.5736
2446542.65259 0.5585
2446544.67090 0.5874
2446544.67261 0.5974
2446544.67456 0.5845
2446545.67480 0.6113
2446545.67676 0.6024
2446545.67847 0.6132
2446549.66431 0.5864
2446549.66528 0.5647
2446549.66602 0.5667
2446550.68018 0.5657
2446550.68115 0.5726
2446550.68213 0.5571
2446551.70239 0.5571
2446551.70410 0.5496
2446551.70557 0.5855
2446553.71313 0.5944
2446553.71436 0.5825
2446553.71533 0.6030
2446726.99609 0.6097
2446726.99731 0.6293
2446726.99854 0.5884
2446740.03711 0.5641
2446740.03833 0.5589
2446740.03955 0.5474
2446741.00244 0.5934
2446741.00391 0.5777
2446741.00562 0.5819
2446745.04199 0.5784
2446745.04321 0.5698
2446745.04468 0.5497
2446746.03394 0.5819
2446746.03516 0.5761
2446746.03638 0.5775
2446747.03027 0.5579
2446747.03149 0.5530
2446747.03271 0.5632
2446747.99316 0.5701
2446747.99438 0.5411
2446747.99536 0.5591
2446749.03882 0.5714
2446749.04053 0.5630
2446749.04199 0.5794
2446755.05737 0.5775
2446755.05859 0.5527
2446755.06006 0.5697
2446756.02466 0.5761
2446756.02612 0.5777
2446756.02734 0.5719
2446759.01660 0.5792
2446759.01831 0.5962
2446759.02002 0.5949
2446765.99097 0.5947
2446765.99219 0.5759
2446765.99341 0.5831
2446766.96826 0.5673
2446766.96973 0.5582
2446766.97119 0.5675
2446767.99170 0.5871
2446767.99268 0.5691
2446767.99390 0.5569
2446773.99023 0.5524
2446773.99170 0.5185
2446773.99316 0.5339
2446776.95215 0.5481
2446776.95337 0.5641
2446776.95459 0.5755
2446777.95337 0.5925
2446777.95435 0.6125
2446777.95557 0.5913
2446779.96680 0.5888
2446779.96826 0.5914
2446779.97046 0.5870
2446781.93213 0.5540
2446781.93359 0.5596
2446781.93481 0.5800
2446798.90576 0.6226
2446798.90698 0.5992
2446798.90820 0.5935
2446803.87817 0.5926
2446803.87988 0.6021
2446803.88159 0.6065
2446805.90332 0.5887
2446805.90576 0.5748
2446805.90820 0.5663
2446806.89160 0.5777
2446806.89307 0.5958
2446806.89478 0.5822
2446807.90723 0.5888
2446807.90869 0.5890
2446807.90991 0.5761
2446809.91479 0.5770
2446809.91675 0.5535
2446809.91821 0.5636
2446810.87842 0.5429
2446810.88013 0.5456
2446810.88184 0.5647
2446813.88062 0.5787
2446813.88330 0.5708
2446813.88599 0.5707
2446814.80322 0.5695
2446814.80444 0.5687
2446814.80615 0.5562
2446816.87305 0.5529
2446816.87500 0.5860
2446816.87695 0.5637
2446817.89185 0.5697
2446817.89307 0.5675
2446817.89404 0.5933
2446828.79248 0.5814
2446828.79395 0.5810
2446828.79541 0.5588
2446830.81494 0.5894
2446830.81665 0.5734
2446830.81836 0.5901
2446831.80981 0.5666
2446831.81299 0.5943
2446831.81641 0.5756
2446832.86719 0.5507
2446832.86914 0.5635
2446832.87085 0.5536
2446846.77686 0.5904
2446846.77930 0.5904
2446846.78223 0.5598
2446847.75415 0.5952
2446847.75562 0.5889
2446847.75732 0.5918
2446854.73779 0.5897
2446854.73926 0.5824
2446854.74072 0.5741
2446858.75488 0.5702
2446858.75659 0.5633
2446858.75854 0.5752
2446864.73584 0.5494
2446864.73779 0.5640
2446864.73950 0.5671
2446865.71289 0.5618
2446865.71460 0.5568
2446865.71655 0.5531
2446866.72729 0.5818
2446866.72876 0.5593
2446866.73022 0.5776
2446871.73413 0.5905
2446871.73560 0.5915
2446871.73755 0.5768
2446872.72046 0.5638
2446872.72290 0.5633
2446872.72510 0.6148
2446873.75854 0.6012
2446873.76099 0.5984
2446873.76392 0.5728
2446877.71436 0.5561
2446877.71655 0.5482
2446877.71899 0.5602
2446883.75049 0.5566
2446883.75244 0.5776
2446883.75439 0.5709
2446888.67578 0.6191
2446888.67773 0.5819
2446888.67969 0.5938
2446891.64819 0.5476
2446891.64990 0.5635
2446891.65161 0.5652
2446892.66040 0.5443
2446892.66211 0.5544
2446892.66406 0.5450
2446893.67334 0.5775
2446893.67529 0.5749
2446893.67676 0.5812
2446895.64526 0.5391
2446895.64697 0.5548
2446895.64868 0.5679
2446896.67554 0.5609
2446896.67749 0.5726
2446896.67896 0.5423
2446898.71118 0.5773
2446898.71289 0.5904
2446898.71484 0.5748
2446899.66968 0.5787
2446899.67139 0.6064
2446899.67285 0.6251
2446900.64185 0.5705
2446900.64380 0.5683
2446900.64600 0.5395
2446902.63110 0.5798
2446902.63306 0.5831
2446902.63501 0.5805
2446903.65869 0.5737
2446903.66187 0.6142
2446903.66553 0.5633
2446905.63574 0.5813
2446905.63745 0.5665
2446905.63940 0.5654
2446907.64429 0.6033
2446907.64600 0.5855
2446907.64746 0.5951
2447108.00952 0.5787
2447108.01025 0.5783
2447108.01123 0.5768
2447109.95703 0.5688
2447109.95801 0.5588
2447109.95898 0.5732
2447115.03906 0.5637
2447115.04004 0.5695
2447115.04126 0.5623
2447116.05127 0.5568
2447116.05249 0.5649
2447116.05371 0.5637
2447119.02905 0.5507
2447119.03003 0.5640
2447119.03076 0.5583
2447120.05371 0.5518
2447120.05469 0.5633
2447120.05566 0.5498
2447122.04639 0.5521
2447122.04712 0.5504
2447122.04810 0.5592
2447123.02539 0.5802
2447123.02637 0.5756
2447123.02734 0.5599
2447124.00220 0.5659
2447124.00293 0.5479
2447124.00391 0.5583
2447124.98462 0.5640
2447124.98535 0.5770
2447124.98633 0.5797
2447126.00610 0.5822
2447126.00732 0.5878
2447126.00854 0.5685
2447128.04346 0.5765
2447128.04419 0.5800
2447128.04492 0.5791
2447129.01416 0.5715
2447129.01514 0.5682
2447129.01587 0.5629
2447130.00635 0.5884
2447130.00732 0.5830
2447130.00854 0.5779
2447132.00195 0.5677
2447132.00293 0.5806
2447132.00391 0.5692
2447133.00464 0.5666
2447133.00562 0.5544
2447133.00659 0.5681
2447133.00806 0.5543
2447133.00903 0.5705
2447140.05200 0.5725
2447140.05322 0.5722
2447140.05420 0.5771
2447140.99731 0.5683
2447140.99829 0.5614
2447140.99951 0.5523
2447141.00049 0.5617
2447141.00146 0.5622
2447141.99219 0.5980
2447141.99341 0.5915
2447141.99463 0.5829
2447141.99561 0.5825
2447141.99683 0.5904
2447144.93652 0.5649
2447144.93726 0.5634
2447144.93823 0.5651
2447149.93213 0.5819
2447149.93311 0.5872
2447149.93408 0.5865
2447150.93945 0.5733
2447150.94043 0.5752
2447150.94141 0.5852
2447151.88794 0.5759
2447151.88940 0.5530
2447151.89063 0.5669
2447157.00708 0.5560
2447157.00781 0.5795
2447157.00879 0.5772
2447157.00977 0.5728
2447157.01050 0.5737
2447157.97266 0.5685
2447157.97363 0.5704
2447157.97485 0.5781
2447160.97388 0.5890
2447160.97534 0.5834
2447160.97656 0.6022
2447160.97803 0.5828
2447162.95532 0.5845
2447162.95630 0.5814
2447162.95752 0.5749
2447162.95874 0.5797
2447166.87085 0.5680
2447166.87207 0.5764
2447166.87354 0.5721
2447167.83276 0.5913
2447167.83374 0.5722
2447167.83472 0.5901
2447167.83594 0.5865
2447167.83691 0.5954
2447168.86890 0.5951
2447168.86987 0.5853
2447168.87085 0.6021
2447169.90161 0.5704
2447169.90259 0.5648
2447169.90356 0.5583
2447170.92285 0.5776
2447170.92383 0.5678
2447170.92456 0.5764
2447173.86792 0.5715
2447173.86890 0.5775
2447173.87012 0.5673
2447174.88745 0.5509
2447174.88867 0.5596
2447174.88965 0.5768
2447180.88232 0.5673
2447180.88330 0.5655
2447180.88428 0.5719
2447181.89453 0.5865
2447181.89551 0.5942
2447181.89648 0.5939
2447182.86304 0.5986
2447182.86597 0.5923
2447182.86890 0.5859
2447183.87231 0.5634
2447183.87305 0.5811
2447183.87378 0.5701
2447184.89014 0.5706
2447184.89111 0.5645
2447184.89209 0.5639
2447185.78320 0.5469
2447185.78564 0.5715
2447185.78638 0.5482
2447186.88428 0.5863
2447186.88550 0.5890
2447186.88647 0.5863
2447190.87744 0.5768
2447190.87842 0.5747
2447190.87964 0.5577
2447195.84106 0.5925
2447195.84229 0.5987
2447195.84351 0.5914
2447197.85278 0.5651
2447197.85376 0.5653
2447197.85474 0.5717
2447198.86304 0.5505
2447198.86426 0.5445
2447198.86548 0.5577
2447199.89966 0.5684
2447199.90063 0.5770
2447199.90161 0.5718
2447200.89307 0.5855
2447200.89404 0.5853
2447200.89526 0.5821
2447201.88037 0.5982
2447201.88135 0.5907
2447201.88232 0.5864
2447201.88330 0.5976
2447203.80469 0.5705
2447203.80566 0.5533
2447203.80664 0.5532
2447204.82813 0.5632
2447204.82910 0.5680
2447204.83008 0.5706
2447205.81812 0.6082
2447205.81934 0.5888
2447205.82031 0.5942
2447206.79321 0.5784
2447206.79419 0.5820
2447206.79517 0.5668
2447209.78442 0.5865
2447209.78564 0.5756
2447209.78662 0.5838
2447212.80273 0.5621
2447212.80371 0.5607
2447212.80444 0.5782
2447213.79639 0.5679
2447213.79712 0.5683
2447213.79810 0.5759
2447214.79541 0.5889
2447214.79639 0.5690
2447214.79736 0.5825
2447215.76587 0.5836
2447215.76685 0.5720
2447215.76807 0.5697
2447216.77832 0.5914
2447216.77930 0.5913
2447216.78027 0.5935
2447223.75977 0.5889
2447223.76074 0.5959
2447223.76172 0.5841
2447225.72705 0.5716
2447225.72803 0.5680
2447225.72925 0.5678
2447226.72681 0.5662
2447226.72778 0.5674
2447226.72900 0.5655
2447229.77271 0.5833
2447229.77393 0.5848
2447229.77490 0.5830
2447234.82178 0.5806
2447234.82275 0.5935
2447234.82397 0.5765
2447234.82495 0.5913
2447234.82593 0.5924
2447234.82690 0.5942
2447234.82813 0.5769
2447238.73608 0.5713
2447238.73706 0.5657
2447238.73804 0.5755
2447239.74512 0.5901
2447239.74609 0.5914
2447239.74731 0.5846
2447240.76929 0.5709
2447240.77002 0.5915
2447240.77075 0.5797
2447240.77148 0.5903
2447240.77246 0.5836
2447241.73193 0.5687
2447241.73291 0.5738
2447241.73389 0.5670
2447242.74976 0.5787
2447242.75073 0.5813
2447242.75171 0.5834
2447251.70166 0.5448
2447251.70264 0.5709
2447251.70361 0.5834
2447253.66724 0.5619
2447253.66821 0.5692
2447253.66943 0.5599
2447254.69873 0.5923
2447254.69995 0.6121
2447254.70117 0.6173
2447255.68286 0.5856
2447255.68408 0.5735
2447255.68530 0.5712
2447256.77441 0.5897
2447256.77563 0.5870
2447256.77661 0.5658
2447256.77808 0.5847
2447257.68994 0.5718
2447257.69092 0.5752
2447257.69189 0.5697
2447258.69849 0.5817
2447258.69971 0.5643
2447258.70093 0.5726
2447258.70190 0.5655
2447258.70313 0.5754
2447260.72827 0.5451
2447260.72949 0.5550
2447260.73047 0.5515
2447262.75586 0.5811
2447262.75732 0.5578
2447262.75879 0.5816
2447263.75146 0.5728
2447263.75269 0.5802
2447263.75415 0.5803
2447278.66284 0.5646
2447278.66406 0.5700
2447278.66504 0.5678
2447481.02490 0.5674
2447481.02612 0.5667
2447481.02734 0.5656
2447482.00757 0.5534
2447482.00903 0.5592
2447482.01074 0.5644
2447485.01929 0.5928
2447485.02124 0.5760
2447485.02271 0.5855
2447486.03516 0.5626
2447486.03711 0.5666
2447486.03882 0.5511
2447487.04297 0.5632
2447487.04419 0.5650
2447487.04517 0.5681
2447493.00220 0.5660
2447493.00342 0.5651
2447493.00464 0.5680
2447495.92578 0.5342
2447495.92773 0.5491
2447495.92896 0.5606
2447496.94214 0.5643
2447496.94360 0.5880
2447496.94531 0.5616
2447497.98169 0.5784
2447497.98291 0.5762
2447497.98438 0.5771
2447505.97412 0.5463
2447505.97534 0.5556
2447505.97681 0.5696
2447507.97021 0.5729
2447507.97070 0.5629
2447507.97144 0.5760
2447508.92749 0.5797
2447508.92798 0.5788
2447508.92896 0.5717
2447509.91553 0.5520
2447509.91699 0.5260
2447509.91772 0.5526
2447517.96191 0.5750
2447517.96362 0.6008
2447517.96509 0.5857
2447522.93433 0.5800
2447522.93555 0.5974
2447522.93701 0.5908
2447525.96655 0.5968
2447525.96777 0.5912
2447525.96948 0.5725
2447526.91626 0.5374
2447528.91113 0.5611
2447528.91260 0.5624
2447528.91431 0.5845
2447529.96069 0.5623
2447529.96216 0.5593
2447529.96362 0.5675
2447535.87817 0.5839
2447535.87891 0.5720
2447535.87988 0.5591
2447541.85962 0.5867
2447541.86060 0.5696
2447541.86133 0.5913
2447543.79663 0.5820
2447543.79785 0.5809
2447543.79883 0.5895
2447544.84888 0.5854
2447544.85010 0.5866
2447544.85132 0.5726
2447545.91675 0.5923
2447545.91797 0.6026
2447545.91943 0.6180
2447546.82227 0.5625
2447546.82397 0.5784
2447546.82568 0.5763
2447554.86255 0.5613
2447554.86401 0.5608
2447554.86548 0.5680
2447557.80103 0.5822
2447557.80298 0.6000
2447557.80469 0.5916
2447558.80322 0.5643
2447558.80469 0.5579
2447558.80615 0.5838
2447564.80542 0.5662
2447564.80713 0.5789
2447564.80933 0.5662
2447569.76172 0.5636
2447569.76367 0.5738
2447569.76563 0.5615
2447574.74219 0.5539
2447574.74341 0.5756
2447574.74487 0.5762
2447579.78638 0.5680
2447579.78784 0.5679
2447579.78955 0.5488
2447581.77661 0.5682
2447581.77832 0.5595
2447581.78027 0.5717
2447582.77100 0.5701
2447582.77246 0.5663
2447582.77368 0.5861
2447583.78516 0.5750
2447583.78662 0.5701
2447583.78784 0.5885
2447584.74219 0.5620
2447584.74414 0.5731
2447584.74609 0.5719
2447585.74341 0.5746
2447585.74536 0.5796
2447585.74731 0.5804
2447586.78638 0.5603
2447586.78784 0.5764
2447586.78931 0.5549
2447589.76758 0.5752
2447589.77075 0.5725
2447589.77393 0.5786
2447590.73901 0.5519
2447590.74072 0.5648
2447590.74243 0.5902
2447591.74341 0.5508
2447591.74463 0.5535
2447591.74585 0.5550
2447592.73706 0.5675
2447592.73853 0.5576
2447592.73975 0.5638
2447599.73975 0.5530
2447599.74097 0.5912
2447599.74341 0.5692
2447599.74463 0.5806
2447599.74585 0.6001
2447607.71558 0.5742
2447607.71704 0.5936
2447607.71826 0.5885
2447615.68457 0.5641
2447615.68604 0.5677
2447615.68726 0.5643
2447617.67651 0.5751
2447617.67822 0.5911
2447617.67969 0.5960
2447620.70313 0.5772
2447620.70508 0.5681
2447620.70703 0.5866
2447621.67407 0.6061
2447621.67529 0.5804
2447621.67651 0.5681
2447622.69897 0.5787
2447622.70068 0.5773
2447622.70264 0.5758
2447623.67529 0.5674
2447623.67700 0.5765
2447623.67871 0.5618
2447624.67505 0.5688
2447624.67676 0.5521
2447624.67847 0.5525
2447625.65576 0.5719
2447625.65723 0.5707
2447625.65845 0.5760
2447626.65796 0.5676
2447626.65942 0.5634
2447626.66113 0.5556
2447627.67432 0.5500
2447627.67603 0.5619
2447627.67749 0.5589
2447628.66650 0.5510
2447628.66772 0.5635
2447628.66870 0.5546
2447838.01929 0.6146
2447838.02026 0.6083
2447838.02148 0.6005
2447860.99512 0.6526
2447860.99634 0.6722
2447860.99780 0.6578
2447864.00513 0.5797
2447864.00610 0.5834
2447864.00732 0.5755
2447864.97754 0.6191
2447864.97876 0.6112
2447864.98022 0.6169
2447868.00000 0.6378
2447868.00122 0.6345
2447868.00244 0.6341
2447868.96191 0.6153
2447868.96313 0.6109
2447868.96436 0.6159
2447869.98975 0.5870
2447869.99097 0.5875
2447869.99219 0.5990
2447872.97388 0.5941
2447872.97485 0.6120
2447872.97607 0.6074
2447875.00391 0.5963
2447875.00513 0.5888
2447875.00659 0.5873
2447877.96045 0.5895
2447877.96167 0.5831
2447877.96313 0.5888
2447878.94849 0.6040
2447878.94946 0.6018
2447878.95068 0.5971
2447895.90210 0.6225
2447895.90356 0.6050
2447895.90527 0.6199
2447897.90503 0.6011
2447897.90601 0.6144
2447897.90723 0.6124
2447900.91382 0.5802
2447900.91479 0.5826
2447900.91602 0.5816
2447901.92480 0.6093
2447901.92603 0.6028
2447901.92725 0.6039
2447902.87988 0.6138
2447902.88110 0.5950
2447902.88232 0.6013
2447912.88110 0.5901
2447912.88281 0.6045
2447912.88428 0.6040
2447918.83984 0.6094
2447918.84106 0.6003
2447918.84229 0.5993
2447925.76880 0.6246
2447925.77002 0.6214
2447925.77148 0.6225
2447931.78833 0.6196
2447931.78955 0.6229
2447931.79077 0.6095
2447932.80396 0.6309
2447932.80542 0.6311
2447932.80640 0.6357
2447935.77466 0.5894
2447935.77612 0.5957
2447935.77734 0.5755
2447938.79614 0.6187
2447938.79761 0.6013
2447938.79907 0.6072
2447942.76782 0.6033
2447942.76904 0.5881
2447942.77051 0.5919
2447956.72534 0.6225
2447956.72656 0.6241
2447956.72803 0.6202
2447957.72070 0.6113
2447957.72168 0.6175
2447957.72266 0.6157
2447974.69604 0.5944
2447974.69727 0.5793
2447974.69873 0.5891
2447976.69238 0.5851
2447976.69360 0.5995
2447976.69458 0.5844
2447977.72046 0.5962
2447977.72168 0.5994
2447977.72266 0.6002
2448219.97070 0.6009
2448219.97217 0.5941
2448219.97363 0.6139
2448220.97949 0.5959
2448220.98096 0.5979
2448220.98242 0.6058
2448224.95898 0.6267
2448224.96045 0.6152
2448224.96191 0.6235
2448228.95264 0.5839
2448228.95410 0.5968
2448228.95508 0.5666
2448239.90967 0.6304
2448239.91162 0.5943
2448239.91357 0.6136
2448240.92285 0.6178
2448240.92432 0.6073
2448240.92529 0.6318
2448243.93799 0.6359
2448243.93945 0.6124
2448243.94092 0.6138
2448252.88330 0.6196
2448252.88477 0.6071
2448252.88623 0.6328
2448255.88574 0.6089
2448255.88770 0.6270
2448255.88916 0.6375
2448256.89893 0.6096
2448256.89990 0.5969
2448256.90137 0.6062
2448270.86914 0.6335
2448270.87109 0.6397
2448270.87256 0.6213
2448271.84570 0.5988
2448271.84717 0.5962
2448271.84912 0.5989
2448273.87549 0.5969
2448273.87744 0.6147
2448273.87939 0.6374
2448274.87012 0.6245
2448274.87207 0.6133
2448274.87354 0.6214
2448275.87158 0.6187
2448275.87305 0.6312
2448275.87451 0.6319
2448279.87158 0.6396
2448279.87305 0.6200
2448279.87451 0.6373
2448280.87158 0.5787
2448280.87305 0.5678
2448280.87451 0.5703
2448281.87061 0.6239
2448281.87207 0.6354
2448281.87305 0.6393
2448283.92773 0.6307
2448283.92969 0.6247
2448283.93164 0.6131
2448285.87500 0.6268
2448285.87646 0.6363
2448285.87793 0.6393
2448291.82324 0.6191
2448291.82471 0.6160
2448291.82568 0.6143
2448294.79395 0.6321
2448294.79443 0.6243
2448294.79541 0.6123
2448297.79004 0.6286
2448297.79102 0.6141
2448297.79248 0.6135
2448298.74170 0.6087
2448298.74316 0.6063
2448298.74463 0.6063
2448300.79053 0.6209
2448300.79199 0.6182
2448300.79346 0.6202
2448301.78076 0.6401
2448301.78223 0.6300
2448301.78369 0.6500
2448306.76367 0.6523
2448306.76514 0.6456
2448306.76660 0.6339
2448307.74072 0.6114
2448307.74268 0.6089
2448307.74414 0.6142
2448308.75635 0.6430
2448308.75781 0.6264
2448308.75928 0.6218
2448309.76318 0.6082
2448309.76416 0.6401
2448309.76611 0.6001
2448311.76709 0.6247
2448311.76855 0.6423
2448311.77002 0.6251
2448312.74756 0.6106
2448312.74902 0.6142
2448312.75049 0.6102
2448327.71777 0.6562
2448327.71973 0.6440
2448327.72119 0.6416
2448328.69434 0.6323
2448328.69629 0.6432
2448328.69824 0.6226
2448346.69873 0.6371
2448346.70020 0.6247
2448346.70166 0.6324
2448347.67285 0.6082
2448347.67432 0.6267
2448347.67578 0.6133
2448360.64258 0.6273
2448360.64355 0.6243
2448360.64502 0.6271
2448361.66309 0.6555
2448361.66455 0.6556
2448361.66602 0.6602
2448362.66260 0.6249
2448362.66357 0.6307
2448362.66455 0.6393
2448366.63965 0.6409
2448366.64111 0.6475
2448366.64258 0.6478
2448372.64648 0.6221
2448372.65088 0.6247
2448372.65332 0.6042
2448374.64209 0.6391
2448374.64355 0.6143
2448374.64551 0.6259
2448375.64160 0.6384
2448375.64307 0.6175
2448375.64502 0.6258
2448578.02832 0.6050
2448578.02979 0.6130
2448578.03125 0.6060
2448597.95898 0.6330
2448597.96045 0.6464
2448597.96143 0.6205
2448637.76025 0.6375
2448637.76367 0.6226
2448637.76660 0.6046
2448638.76367 0.6017
2448638.76465 0.6522
2448638.76611 0.6482
2448641.76758 0.6647
2448641.76904 0.6311
2448641.77100 0.6229
2448641.77246 0.6419
2448642.77295 0.6252
2448642.77490 0.6241
2448642.77686 0.6304
2448643.77734 0.6253
2448643.77930 0.6296
2448643.78125 0.6149
2448644.76953 0.6425
2448644.77100 0.6421
2448644.77246 0.6506
2448645.77490 0.6169
2448645.77637 0.6040
2448645.77783 0.6203
2448646.77051 0.6385
2448646.77295 0.6388
2448646.77539 0.6372
2448647.77441 0.6390
2448647.77637 0.6517
2448647.77832 0.6634
2448648.78955 0.5940
2448648.79199 0.6034
2448648.79492 0.5963
2448649.77197 0.6221
2448649.77393 0.6159
2448649.77588 0.6510
2448651.83643 0.5971
2448651.83887 0.5816
2448651.84131 0.6051
2448655.76318 0.6439
2448655.76709 0.6610
2448655.77051 0.6468
2448656.77393 0.5761
2448656.77637 0.5850
2448656.77881 0.5700
2448657.76611 0.6414
2448657.76807 0.6386
2448657.77051 0.6275
2448677.73535 0.6377
2448677.73779 0.6312
2448677.74121 0.6268
2448694.72119 0.6231
2448694.72363 0.6191
2448694.72656 0.6254
2448696.72510 0.6237
2448696.72803 0.6294
2448696.73145 0.6164
2448717.64404 0.6462
2448717.64795 0.6671
2448717.65186 0.6420
2448721.68164 0.6209
2448721.68359 0.6656
2448721.68555 0.6066
2448722.66943 0.6224
2448722.67188 0.6240
2448722.67432 0.6078
2448726.72900 0.6022
2448726.73096 0.6022
2448726.73242 0.6026
2448729.66553 0.6263
2448729.66699 0.6429
2448729.66943 0.6349
2448731.67188 0.5957
2448731.67334 0.5967
2448731.67432 0.5844
2448732.67383 0.6384
2448732.67480 0.6258
2448732.67627 0.6326
2448976.98779 0.6355
2448976.98926 0.6268
2448976.99072 0.6314
2448977.94141 0.6186
2448977.94287 0.6109
2448977.94434 0.6246
2448978.95947 0.6116
2448978.96094 0.6005
2448978.96240 0.6014
2448979.98926 0.6540
2448979.99121 0.6423
2448979.99316 0.6515
2448980.98389 0.6364
2448980.98535 0.6694
2448980.98633 0.6514
2448991.90869 0.6070
2448991.91016 0.6086
2448991.91162 0.6117
2449009.86426 0.6095
2449009.86572 0.6138
2449009.86768 0.6069
2449010.90039 0.6074
2449010.90186 0.6311
2449010.90332 0.6331
2449011.91650 0.6025
2449011.91797 0.5895
2449011.91895 0.5943
2449014.86572 0.6100
2449014.86719 0.6268
2449014.86865 0.5980
2449015.89209 0.6114
2449015.89355 0.6409
2449015.89502 0.6198
2449019.86084 0.6362
2449019.86279 0.6316
2449019.86426 0.6107
2449022.84961 0.6124
2449022.85107 0.6317
2449022.85254 0.6221
2449032.76660 0.6529
2449032.76855 0.6663
2449032.77148 0.6572
2449050.72314 0.6480
2449050.72461 0.6193
2449050.72656 0.6136
2449051.70312 0.6210
2449051.70508 0.6443
2449051.70703 0.6368
2449056.75635 0.6376
2449056.75781 0.6281
2449056.75928 0.6215
2449057.75342 0.6357
2449057.75488 0.6216
2449057.75635 0.6301
2449058.75195 0.5951
2449058.75293 0.5936
2449058.75439 0.6079
2449059.76123 0.6249
2449059.76221 0.6138
2449059.76367 0.6122
2449065.75928 0.6369
2449065.76025 0.6440
2449065.76172 0.6255
2449067.71289 0.6095
2449067.71387 0.6144
2449067.71533 0.6466
2449068.75293 0.6705
2449068.75439 0.6454
2449068.75537 0.6279
2449069.71094 0.5976
2449069.71191 0.6021
2449069.71338 0.6127
2449081.69922 0.6151
2449081.70117 0.6148
2449081.70312 0.6029
2449086.70996 0.5885
2449086.71143 0.5856
2449086.71338 0.5975
2449088.69727 0.6055
2449088.69873 0.6042
2449088.69971 0.5988
2449089.71729 0.5850
2449089.71875 0.5790
2449089.72021 0.5635
2449090.68506 0.6378
2449090.68652 0.6393
2449090.68799 0.6388
2449091.70117 0.6165
2449091.70264 0.6015
2449091.70410 0.5996
2449092.65820 0.5990
2449092.66016 0.6184
2449092.66162 0.6199
2449094.70557 0.6085
2449094.70703 0.6185
2449094.70850 0.6053
2449096.68164 0.6249
2449096.68311 0.6021
2449096.68408 0.6255
2449097.64893 0.6269
2449097.65088 0.6256
2449097.65234 0.6440
2449098.67773 0.6187
2449098.67969 0.6168
2449098.68164 0.6254
2449100.67627 0.6176
2449100.67822 0.6296
2449100.68018 0.6321
2449103.66650 0.6183
2449103.66797 0.6034
2449103.66943 0.6038
2449311.93994 0.5808
2449311.94189 0.5929
2449311.94385 0.5904
2449312.99170 0.5925
2449312.99316 0.5986
2449312.99463 0.6039
2449325.95898 0.5917
2449325.96045 0.5947
2449325.96191 0.5915
2449327.91455 0.6205
2449327.91553 0.6184
2449327.91748 0.6177
2449330.95361 0.6026
2449330.95508 0.6024
2449330.95703 0.6088
2449334.93213 0.6059
2449334.93359 0.6108
2449334.93506 0.6000
2449335.93164 0.6043
2449335.93359 0.6147
2449335.93506 0.6178
2449337.95068 0.6041
2449337.95264 0.6067
2449337.95459 0.6162
2449342.94531 0.6081
2449342.94678 0.6019
2449342.94873 0.6059
2449343.89893 0.6061
2449343.90039 0.5972
2449343.90137 0.5972
2449349.92188 0.5873
2449349.92334 0.5921
2449349.92480 0.5987
2449350.88330 0.6066
2449350.88525 0.6207
2449350.88721 0.6110
2449351.88477 0.6036
2449351.88672 0.6258
2449351.88818 0.6220
2449359.87256 0.5731
2449359.87354 0.5905
2449359.87451 0.6010
2449360.85449 0.6282
2449360.85596 0.6290
2449360.85693 0.6356
2449361.86914 0.6150
2449361.87061 0.6152
2449361.87158 0.6191
2449362.91309 0.5854
2449362.91504 0.5960
2449362.91650 0.5983
2449363.85449 0.5959
2449363.85596 0.6025
2449363.85693 0.5889
2449365.85693 0.6368
2449365.85791 0.6467
2449365.85889 0.6402
2449368.87061 0.6193
2449368.87207 0.6214
2449368.87354 0.6119
2449373.83838 0.6067
2449373.83984 0.6196
2449373.84131 0.6055
2449380.86719 0.6381
2449394.80713 0.6418
2449394.80859 0.6433
2449394.80957 0.6372
2449396.83105 0.6034
2449396.83252 0.6078
2449396.83398 0.6026
2449397.84619 0.6283
2449397.84766 0.6394
2449397.84912 0.6376
2449404.78906 0.6231
2449404.79102 0.6458
2449404.79297 0.6406
2449408.66650 0.5595
2449408.66797 0.5657
2449408.66895 0.5688
2449412.78223 0.5520
2449412.78369 0.5614
2449412.78467 0.5598
2449415.75000 0.6089
2449415.75146 0.6191
2449415.75244 0.6192
2449416.73926 0.6151
2449416.74023 0.6196
2449416.74170 0.6362
2449420.78564 0.6051
2449420.78711 0.6031
2449420.78809 0.5878
2449421.75879 0.6343
2449421.75977 0.6236
2449421.76123 0.6308
2449422.80225 0.6161
2449422.80371 0.6231
2449422.80469 0.6146
2449423.78271 0.6439
2449423.78369 0.6367
2449423.78467 0.6327
2449425.75684 0.6077
2449425.75781 0.6021
2449425.75928 0.6152
2449426.75049 0.6053
2449426.75146 0.5892
2449426.75244 0.6076
2449427.72070 0.6202
2449427.72168 0.6039
2449427.72314 0.6051
2449428.72217 0.6088
2449428.72266 0.6211
2449428.72314 0.6339
2449433.72900 0.6263
2449433.72998 0.6260
2449433.73145 0.6140
2449434.74170 0.5992
2449434.74268 0.5876
2449434.74414 0.5960
2449438.74805 0.6199
2449438.74951 0.6298
2449438.75049 0.6313
2449439.68164 0.5973
2449439.68262 0.6011
2449439.68408 0.5945
2449440.67725 0.6142
2449440.67871 0.6119
2449440.67969 0.5944
2449441.68262 0.6210
2449441.68408 0.6271
2449441.68506 0.6282
2449443.71484 0.5769
2449443.71582 0.5786
2449443.71680 0.5805
2449444.68164 0.6143
2449444.68311 0.5939
2449444.68408 0.6095
2449445.66992 0.6286
2449445.67090 0.6320
2449445.67188 0.6185
2449446.67236 0.6308
2449446.67383 0.6269
2449446.67480 0.6227
2449448.67041 0.6104
2449448.67139 0.6098
2449448.67285 0.5999
2449449.73438 0.6031
2449449.73535 0.6070
2449449.73682 0.6202
2449454.69678 0.6044
2449454.69824 0.6148
2449454.69922 0.6117
2449455.72070 0.6244
2449455.72168 0.6114
2449455.72314 0.6096
2449456.72803 0.6031
2449456.72900 0.6135
2449456.72998 0.6047
2449457.69775 0.6030
2449457.69873 0.6061
2449457.70020 0.5999
2449458.66504 0.6186
2449458.66602 0.6257
2449458.66748 0.6221
2449461.67920 0.6453
2449461.68018 0.6411
2449461.68164 0.6428
2449462.69873 0.6074
2449462.69971 0.5996
2449462.70117 0.6101
2449463.68506 0.6115
2449463.68652 0.6069
2449463.68750 0.6088
2449464.69824 0.6248
2449464.69971 0.6065
2449464.70068 0.6379
2449687.96924 0.6315
2449687.97021 0.6184
2449687.97119 0.6278
2449688.96338 0.6316
2449688.96533 0.6224
2449688.96777 0.6335
2449702.95459 0.6036
2449702.95605 0.5988
2449702.95703 0.6146
2449703.94141 0.6125
2449703.94287 0.6163
2449703.94385 0.6047
2449704.91748 0.6275
2449704.91846 0.6314
2449704.91943 0.6314
2449706.96289 0.6000
2449706.96387 0.6216
2449706.96484 0.6006
2449707.93506 0.6068
2449707.93604 0.6097
2449707.93750 0.5943
2449713.92432 0.6199
2449713.92529 0.6207
2449713.92676 0.6256
2449714.93994 0.6241
2449714.94092 0.6224
2449714.94238 0.6350
2449716.91211 0.6348
2449716.91309 0.6265
2449716.91455 0.6246
2449719.93359 0.5906
2449719.93457 0.5766
2449719.93555 0.5952
2449723.93066 0.6265
2449723.93164 0.6382
2449723.93311 0.6067
2449730.89648 0.6243
2449730.89746 0.6346
2449730.89893 0.6428
2449735.88135 0.6377
2449735.88232 0.6243
2449735.88379 0.6232
2449747.87500 0.6328
2449747.87598 0.6419
2449747.87744 0.6268
2449749.85596 0.6241
2449749.85742 0.6215
2449749.85840 0.6284
2449750.85840 0.6425
2449750.85986 0.6290
2449750.86084 0.6125
2449751.87598 0.6088
2449751.87744 0.6114
2449751.87842 0.6338
2449752.88428 0.6526
2449752.88574 0.6391
2449752.88672 0.6593
2449753.84668 0.6151
2449753.84814 0.6051
2449753.84912 0.6036
2449754.83350 0.6488
2449754.83447 0.6475
2449754.83594 0.6374
2449758.86084 0.6522
2449758.86230 0.6702
2449758.86328 0.6594
2449759.86523 0.6055
2449759.86670 0.6251
2449759.86768 0.6281
2449761.84131 0.6490
2449761.84229 0.6435
2449761.84326 0.6592
2449766.81348 0.6560
2449766.81494 0.6607
2449766.81592 0.6569
2449767.82178 0.6231
2449767.82324 0.6226
2449767.82422 0.6370
2449768.77686 0.6525
2449768.77832 0.6525
2449768.77930 0.6160
2449770.84180 0.6460
2449770.84277 0.6321
2449770.84424 0.6227
2449771.83545 0.6313
2449771.83643 0.6004
2449771.83789 0.6169
2449772.76514 0.6313
2449772.76660 0.6341
2449772.76758 0.6246
2449774.81250 0.6223
2449774.81348 0.6337
2449774.81445 0.6064
2449775.76514 0.6372
2449775.76611 0.6313
2449775.76758 0.6323
2449784.75977 0.6362
2449784.76221 0.6063
2449792.75879 0.6076
2449792.75977 0.6320
2449792.76123 0.6158
2449793.72803 0.5813
2449793.72900 0.5701
2449793.73047 0.5750
2449794.72314 0.6428
2449794.72461 0.6388
2449794.72559 0.6385
2449795.75244 0.6243
2449795.75391 0.6471
2449795.75488 0.6203
2449802.72510 0.6583
2449802.72656 0.6325
2449802.72754 0.6416
2449818.71826 0.6576
2449818.71924 0.6611
2449818.72070 0.6679
2449819.70166 0.5674
2449819.70312 0.5662
2449819.70410 0.5739
