45657.99300 0.2742
45657.99800 0.2747
45658.00200 0.2700
45668.02500 0.2830
45668.02900 0.2791
45668.03300 0.2850
45685.93300 0.2923
45685.93800 0.2930
45685.94400 0.2970
45689.99000 0.2735
45689.99600 0.2848
45690.00300 0.2881
45708.93900 0.2831
45708.94200 0.2972
45708.94600 0.3067
45715.83200 0.2745
45715.83400 0.2853
45715.83700 0.2836
45717.93200 0.2736
45717.93500 0.2900
45717.93900 0.2706
45719.94000 0.2944
45719.94400 0.2848
45719.94700 0.2686
45725.89600 0.2774
45725.89900 0.2681
45725.90100 0.2968
45729.78800 0.2667
45729.79100 0.2725
45729.79300 0.2744
45738.78000 0.2722
45738.78300 0.2795
45738.78500 0.2854
45742.89900 0.2819
45742.90100 0.2825
45742.90400 0.2802
45749.80300 0.2821
45749.80600 0.2749
45749.80900 0.2745
45755.77000 0.2672
45755.77700 0.2601
45755.78400 0.2671
45759.67000 0.2542
45759.67300 0.2748
45759.67600 0.2773
45761.76600 0.2707
45761.76800 0.2711
45761.77000 0.2712
45763.78500 0.2634
45763.78700 0.2631
45763.78900 0.2680
45769.68018 0.2724
45769.68286 0.2730
45769.68542 0.2647
45770.74426 0.2680
45770.74890 0.2747
45770.75342 0.2688
45772.75964 0.2833
45772.76221 0.2717
45772.76501 0.2730
45777.76300 0.2834
45777.77000 0.2817
45777.77500 0.2921
45779.72700 0.2741
45779.72900 0.2725
45779.73200 0.2671
45781.73800 0.2597
45781.74600 0.2494
45781.75200 0.2555
45783.70947 0.2685
45783.71179 0.2737
45783.71411 0.2692
45787.73035 0.2704
45787.73376 0.2659
45787.73694 0.2651
45790.75269 0.2835
45790.75537 0.2889
45790.75830 0.2863
45793.69600 0.2813
45793.69800 0.2796
45793.70100 0.2824
45797.70700 0.2726
45797.71000 0.2805
45797.71400 0.2693
45802.74194 0.2630
45802.74561 0.2758
45802.74976 0.2691
45804.69300 0.2873
45804.69700 0.2881
45804.70000 0.2883
45806.66700 0.2723
45806.66900 0.2811
45806.67100 0.2761
45811.65300 0.2642
45811.65600 0.2671
45811.66000 0.2710
45815.69299 0.2608
45815.69800 0.3013
45815.70313 0.3050
45819.69800 0.2680
45819.70100 0.2843
45819.70400 0.2768
45827.65700 0.2682
45827.65900 0.2819
45827.66200 0.2771
45829.66500 0.2874
45829.66900 0.2797
45829.67200 0.2828
45832.65955 0.2902
45832.66223 0.2935
45832.66516 0.2960
46004.02234 0.2728
46004.02515 0.2725
46004.02869 0.2921
46036.98950 0.3169
46036.99377 0.2985
46036.99817 0.2782
46049.96045 0.2839
46049.96484 0.2729
46049.96948 0.2743
46058.96436 0.2834
46058.96924 0.2775
46058.97437 0.2842
46064.98242 0.2726
46064.98608 0.2666
46064.98999 0.2781
46083.50024 0.2758
46083.52734 0.2868
46083.55493 0.2784
46097.00098 0.2768
46097.03052 0.2850
46097.06030 0.2711
46104.48608 0.2728
46104.48901 0.2724
46104.49194 0.2758
46111.76318 0.2720
46111.76660 0.2671
46111.77002 0.2744
46119.81372 0.2663
46119.81787 0.2673
46119.82153 0.2727
46125.71655 0.2737
46125.71997 0.2622
46125.72290 0.2750
46137.72217 0.2830
46137.72510 0.2881
46137.72778 0.2851
46144.76416 0.2793
46144.76831 0.2784
46144.77222 0.2841
46155.72021 0.2864
46155.72437 0.2727
46155.72852 0.2917
46162.69873 0.2724
46162.70239 0.2733
46162.70605 0.2668
46168.66528 0.2735
46168.66943 0.2697
46168.67310 0.2742
46184.68188 0.2795
46184.68726 0.2729
46184.69238 0.2757
46193.67749 0.2806
46193.68457 0.2964
46193.69043 0.2820
46376.00635 0.2743
46376.00757 0.2716
46376.00879 0.2724
46384.01318 0.2666
46384.01489 0.2679
46384.01636 0.2679
46392.00342 0.2612
46392.00562 0.2682
46392.00732 0.2716
46397.02417 0.2630
46397.02588 0.2750
46397.02759 0.2733
46404.02808 0.2727
46404.02954 0.2652
46404.03076 0.2723
46416.94995 0.2763
46416.95166 0.2719
46416.95337 0.2719
46421.93213 0.2619
46421.93335 0.2624
46421.93433 0.2603
46426.96729 0.2661
46426.96851 0.2596
46426.96997 0.2684
46438.94385 0.2550
46438.94531 0.2509
46438.94678 0.2628
46443.90308 0.2693
46443.90503 0.2696
46443.90723 0.2652
46449.89746 0.2722
46449.89868 0.2612
46449.90015 0.2688
46455.90479 0.2596
46455.90625 0.2637
46455.90771 0.2638
46463.92627 0.2644
46463.92847 0.2677
46463.93091 0.2569
46471.87988 0.2606
46471.88135 0.2658
46471.88306 0.2621
46485.77319 0.2604
46485.77661 0.2685
46485.77954 0.2596
46490.80835 0.2617
46490.81006 0.2689
46490.81201 0.2675
46496.76758 0.2733
46496.77002 0.2716
46496.77246 0.2600
46504.73999 0.2612
46504.74243 0.2620
46504.74487 0.2579
46510.74243 0.2760
46510.74487 0.2646
46510.74707 0.2692
46516.76172 0.2608
46516.76440 0.2680
46516.76709 0.2682
46525.69287 0.2601
46525.69580 0.2649
46525.69897 0.2616
46531.66968 0.2638
46531.67310 0.2649
46531.67578 0.2728
46537.70435 0.2834
46537.70825 0.2819
46537.71191 0.2615
46544.68408 0.2721
46544.68750 0.2826
46544.69092 0.2862
46549.66968 0.2684
46549.67188 0.2654
46549.67432 0.2616
46727.00366 0.2668
46727.00830 0.2708
46727.01196 0.2693
46740.04639 0.2618
46740.04980 0.2518
46740.05322 0.2734
46745.05225 0.2629
46745.05591 0.2585
46745.05957 0.2480
46756.03564 0.2520
46756.03955 0.2635
46756.04346 0.2539
46766.97852 0.2639
46766.98193 0.2634
46766.98535 0.2705
46774.00098 0.2458
46774.00464 0.2433
46774.00830 0.2529
46781.94385 0.2512
46781.94702 0.2716
46781.95093 0.2535
46798.91748 0.2594
46798.92212 0.2472
46798.92627 0.2694
46803.88989 0.2807
46803.89453 0.2759
46803.89893 0.2694
46810.89063 0.2549
46810.89404 0.2536
46810.89795 0.2642
46816.88428 0.2506
46816.88770 0.2580
46816.89087 0.2547
46828.80176 0.2780
46828.80518 0.2708
46828.80859 0.2801
46846.79102 0.2585
46846.79565 0.2736
46846.80029 0.2720
46854.77930 0.2564
46854.78345 0.2645
46854.79321 0.2646
46866.74023 0.2713
46866.74390 0.2745
46866.74731 0.2728
46873.77197 0.2676
46873.77808 0.2575
46873.78345 0.2497
46883.80176 0.2705
46883.80835 0.2831
46883.81494 0.2515
46888.69775 0.2773
46888.70264 0.2707
46888.70752 0.2765
46895.65698 0.2591
46895.66113 0.2477
46895.66528 0.2611
46905.64868 0.2611
46905.65283 0.2668
46905.65674 0.2945
47109.96802 0.2677
47109.96899 0.2734
47109.97021 0.2639
47119.03540 0.2670
47119.03638 0.2633
47119.03735 0.2588
47124.99170 0.2647
47124.99341 0.2608
47124.99512 0.2692
47132.00903 0.2717
47132.01074 0.2608
47132.01221 0.2664
47140.04590 0.2692
47140.04712 0.2661
47140.04858 0.2621
47150.94629 0.2710
47150.94751 0.2649
47150.94824 0.2765
47157.01611 0.2691
47157.01758 0.2668
47157.01904 0.2655
47157.02051 0.2628
47167.84033 0.2713
47167.84204 0.2704
47167.84351 0.2723
47173.87939 0.2694
47173.88086 0.2654
47173.88257 0.2671
47180.88989 0.2690
47180.89160 0.2606
47180.89307 0.2631
47185.79614 0.2652
47185.79810 0.2656
47185.80029 0.2708
47195.85327 0.2551
47195.85620 0.2616
47195.85864 0.2626
47203.81055 0.2739
47203.81152 0.2667
47203.81250 0.2700
47212.77417 0.2687
47212.77515 0.2692
47212.77612 0.2747
47223.76685 0.2745
47223.76782 0.2713
47223.76880 0.2707
47229.79565 0.2710
47229.79712 0.2706
47229.79834 0.2678
47238.74292 0.2607
47238.74414 0.2647
47238.74512 0.2732
47251.70947 0.2639
47251.71191 0.2554
47251.71387 0.2759
47256.78467 0.2768
47256.78711 0.2796
47256.78955 0.2689
47263.75928 0.2689
47263.76147 0.2761
47263.76343 0.2680
47277.68481 0.2761
47277.68604 0.2771
47277.68726 0.2747
47284.64917 0.2773
47284.65039 0.2892
47284.65161 0.2611
47292.71533 0.2787
47292.71777 0.2678
47292.72070 0.2708
47493.01221 0.2685
47493.01392 0.2703
47493.01611 0.2487
47496.95288 0.2582
47496.95605 0.2593
47496.95898 0.2581
47505.98315 0.2664
47505.98633 0.2576
47505.98950 0.2585
47507.97534 0.2502
47507.97729 0.2483
47507.97949 0.2520
47517.97217 0.2684
47517.97534 0.2590
47517.97852 0.2742
47522.96460 0.2657
47522.96704 0.2585
47522.96924 0.2613
47528.94287 0.2684
47528.94556 0.2616
47528.94849 0.2686
47541.87183 0.2628
47541.87500 0.2634
47541.87817 0.2547
47554.87183 0.2678
47554.87451 0.2615
47554.87769 0.2436
47569.77124 0.2607
47569.77563 0.2708
47569.77979 0.2739
47578.79175 0.2494
47578.79443 0.2580
47578.79736 0.2512
47583.79517 0.2570
47583.79761 0.2532
47583.79980 0.2730
47590.75073 0.2676
47590.75317 0.2629
47590.75562 0.2506
47599.75562 0.2589
47599.75854 0.2663
47599.76147 0.2615
47607.72461 0.2529
47607.72681 0.2613
47607.72925 0.2607
47614.72095 0.2561
47614.72437 0.2603
47614.72778 0.2615
47621.68359 0.2708
47621.68628 0.2592
47621.68896 0.2704
47627.69312 0.2650
47627.69556 0.2663
47627.69800 0.2724
47635.69092 0.2611
47635.69360 0.2664
47635.69629 0.2736
47861.00366 0.2653
47861.00537 0.2711
47861.00708 0.2767
47864.98950 0.2664
47864.99097 0.2626
47864.99268 0.2591
47872.98584 0.2602
47872.98779 0.2612
47872.98975 0.2624
47895.91284 0.2716
47895.91504 0.2712
47895.91675 0.2735
47902.89038 0.2707
47902.89209 0.2666
47902.89380 0.2692
47912.89209 0.2713
47912.89453 0.2631
47912.89697 0.2651
47925.78125 0.2709
47925.78345 0.2686
47925.78540 0.2702
47932.86987 0.2651
47932.87183 0.2626
47932.87354 0.2756
47942.78125 0.2748
47942.78320 0.2681
47942.78516 0.2734
47956.73779 0.2805
47956.73999 0.2789
47956.74219 0.2782
47974.70508 0.2704
47974.70630 0.2778
47974.70752 0.2725
48224.97217 0.2700
48224.97510 0.2626
48224.97754 0.2639
48228.96436 0.2701
48228.96680 0.2728
48228.96973 0.2695
48239.92285 0.2687
48239.92627 0.2661
48239.92920 0.2627
48252.89697 0.2764
48252.89941 0.2791
48252.90234 0.2763
48270.88330 0.2864
48270.88574 0.2844
48270.88867 0.2893
48278.87451 0.2847
48278.87793 0.2855
48278.88135 0.2897
48284.87207 0.2857
48284.87500 0.2949
48284.87744 0.2828
48291.83154 0.2845
48291.83350 0.2829
48291.83594 0.2802
48298.75439 0.2895
48298.75732 0.2813
48298.75977 0.2784
48307.75439 0.2829
48307.75781 0.2870
48307.76123 0.2785
48327.73242 0.2755
48327.73535 0.2802
48327.73828 0.2665
48346.70898 0.2778
48346.71143 0.2806
48346.71387 0.2706
48360.65381 0.2838
48360.65625 0.2706
48360.65869 0.2753
48373.64258 0.2698
48373.64600 0.2724
48373.64941 0.2765
48578.03955 0.2696
48578.04248 0.2738
48578.04492 0.2775
48597.96777 0.2787
48597.97070 0.2736
48597.97314 0.2787
48638.77490 0.2733
48638.77930 0.2775
48638.78320 0.2854
48647.78613 0.2781
48647.78955 0.2871
48647.79297 0.2873
48656.78418 0.2675
48656.78809 0.2746
48656.79150 0.2745
48694.73291 0.2698
48694.73682 0.2715
48694.74121 0.2669
48717.66455 0.2730
48717.67236 0.2720
48717.68018 0.3037
48726.73682 0.2834
48726.73877 0.2769
48726.74072 0.2923
48732.67871 0.2755
48732.68018 0.2716
48732.68164 0.2794
48977.95166 0.2790
48977.95361 0.2792
48977.95557 0.2737
48991.91846 0.2760
48991.92041 0.2851
48991.92236 0.2757
49009.87646 0.2743
49009.88037 0.2755
49009.88379 0.2891
49067.72070 0.2825
49067.72363 0.2834
49067.72607 0.2862
49311.95264 0.2839
49311.95508 0.2867
49311.95752 0.2771
49325.96533 0.2880
49325.96680 0.2828
49325.96826 0.2814
49334.93896 0.2852
49334.94043 0.2869
49334.94141 0.2876
49343.91113 0.2894
49343.91309 0.2849
49343.91553 0.2952
49350.89844 0.2793
49350.90039 0.2820
49350.90332 0.2892
49359.87939 0.2753
49359.88086 0.2798
49359.88232 0.2795
49368.87695 0.2734
49368.87793 0.2677
49368.87939 0.2643
49394.81348 0.2965
49394.81494 0.2974
49394.81641 0.2998
49420.79053 0.2984
49420.79199 0.2851
49420.79297 0.2974
49426.75732 0.3118
49426.75879 0.2916
49426.76025 0.2996
49433.73389 0.3059
49433.73486 0.2883
49433.73633 0.3059
49454.70166 0.2981
49454.70312 0.3056
49454.70410 0.2850
49461.68408 0.2979
49461.68555 0.2948
49461.68652 0.2994
49703.95215 0.2974
49703.95312 0.3034
49703.95459 0.2983
49730.90283 0.2791
49730.90430 0.2941
49730.90527 0.2982
49754.84424 0.3000
49754.84570 0.2956
49754.84717 0.3139
49768.78516 0.3048
49768.78711 0.3092
49768.78857 0.3135
49794.73096 0.3090
49794.73340 0.3047
49794.73584 0.2925
49819.70947 0.2718
49819.71143 0.2778
49819.71338 0.2837
