45808.67639 0.2184
45808.67773 0.2258
45808.67920 0.2191
46028.04272 0.2225
46028.04626 0.2228
46028.04956 0.2241
46069.92065 0.2241
46069.92212 0.2259
46069.92358 0.2286
46110.77881 0.2243
46110.78003 0.2320
46110.78125 0.2305
46141.79614 0.2291
46141.79810 0.2283
46141.80005 0.2218
46168.63550 0.2458
46168.63696 0.2350
46168.63867 0.2257
46378.02222 0.2235
46378.02319 0.2313
46378.02441 0.2301
46408.96191 0.2242
46408.96313 0.2278
46408.96436 0.2234
46440.96680 0.2194
46440.96753 0.2294
46440.96826 0.2212
46488.78906 0.2247
46488.78979 0.2271
46488.79077 0.2273
46517.76978 0.2193
46517.77100 0.2180
46517.77222 0.2277
46550.68457 0.2280
46550.68579 0.2285
46550.68701 0.2229
46773.97485 0.2235
46773.97632 0.2187
46773.97778 0.2299
46843.77832 0.2255
46843.78003 0.2263
46843.78149 0.2305
46898.68213 0.2150
46898.68384 0.2242
46898.68579 0.2219
47149.96606 0.2228
47149.96753 0.2268
47149.96875 0.2286
47211.78760 0.2313
47211.78857 0.2285
47211.78931 0.2291
47277.65771 0.2347
47277.65869 0.2341
47277.65967 0.2358
47481.03149 0.2233
47481.03296 0.2230
47481.03467 0.2216
47497.98877 0.2223
47497.98999 0.2262
47497.99097 0.2273
47541.86426 0.2214
47541.86523 0.2304
47541.86646 0.2195
47579.79517 0.2289
47579.79639 0.2181
47579.79761 0.2235
47613.72705 0.2236
47613.72852 0.2251
47613.73022 0.2222
