44207.80000 0.1239
46007.02979 0.2445
46007.03125 0.2379
46007.03284 0.2404
46069.97388 0.2464
46069.97534 0.2478
46069.97681 0.2493
46113.82788 0.2493
46113.82910 0.2424
46113.83032 0.2570
46141.73535 0.2451
46141.73706 0.2427
46141.73853 0.2520
46183.71118 0.2414
46183.71387 0.2448
46183.71680 0.2460
46375.02319 0.2365
46375.02393 0.2378
46375.02466 0.2366
46408.99194 0.2376
46408.99316 0.2379
46408.99390 0.2388
46440.96094 0.2445
46440.96167 0.2354
46440.96240 0.2427
46487.82031 0.2422
46487.82129 0.2379
46487.82202 0.2390
46519.75977 0.2407
46519.76074 0.2392
46519.76172 0.2315
47107.97534 0.2490
47107.97632 0.2457
47107.97705 0.2505
47142.01929 0.2414
47142.02026 0.2417
47142.02124 0.2455
47168.88330 0.2430
47168.88452 0.2390
47168.88550 0.2440
47198.88525 0.2452
47198.88647 0.2462
47198.88794 0.2413
47227.74561 0.2501
47227.74683 0.2415
47227.74805 0.2512
47260.77197 0.2439
47260.77319 0.2395
47260.77441 0.2438
47292.69727 0.2447
47292.69873 0.2460
47292.70020 0.2448
47485.04492 0.2452
47485.04663 0.2474
47485.04810 0.2448
47522.95337 0.2401
47522.95435 0.2371
47522.95581 0.2389
47542.81812 0.2393
47542.81934 0.2354
47542.82056 0.2421
47570.81836 0.2335
47570.82080 0.2388
47570.82227 0.2408
47608.71167 0.2337
47608.71313 0.2388
47608.71436 0.2364
