2445785.72000 0.2563
2445785.72100 0.2580
2445785.72200 0.2506
2446570.66064 0.2440
2446570.66162 0.2448
2446570.66235 0.2510
2446748.02393 0.2506
2446748.02466 0.2530
2446748.02563 0.2513
2446775.01294 0.2531
2446775.01440 0.2407
2446775.01611 0.2442
2446808.91504 0.2553
2446808.91650 0.2477
2446808.92163 0.2498
2446834.92139 0.2378
2446834.92407 0.2499
2446834.92627 0.2429
2446864.74438 0.2534
2446864.74512 0.2558
2446864.74585 0.2401
2446900.65234 0.2486
2446900.65332 0.2502
2446900.65454 0.2491
2447149.97485 0.2670
2447149.97583 0.2694
2447149.97681 0.2668
2447211.79517 0.2525
2447211.79590 0.2533
2447211.79688 0.2518
2447277.66431 0.2563
2447277.66528 0.2639
2447277.66626 0.2591
2447554.96069 0.2611
2447554.96191 0.2561
2447554.96313 0.2571
2447609.79175 0.2621
2447609.79370 0.2609
2447609.79541 0.2605
2447664.67358 0.2561
2447664.67480 0.2641
2447664.67603 0.2559
2447890.92407 0.2712
2447890.92505 0.2711
2447890.92603 0.2685
2447921.83862 0.2836
2447921.83960 0.2824
2447921.84058 0.2834
