44208.80000 0.1059
46070.04297 0.2243
46070.04395 0.2230
46070.04492 0.2163
46110.78833 0.2258
46110.78931 0.2169
46110.79028 0.2268
46141.80200 0.2253
46141.80273 0.2288
46141.80371 0.2250
46170.62207 0.2253
46170.62280 0.2166
46170.62354 0.2330
46378.02637 0.2212
46378.02734 0.2234
46378.02808 0.2222
46409.02832 0.2230
46409.02954 0.2212
46409.03052 0.2219
46440.97046 0.2200
46440.97119 0.2168
46440.97192 0.2187
46488.78516 0.2238
46488.78613 0.2226
46488.78687 0.2182
46523.72729 0.2196
46523.72852 0.2185
46523.73022 0.2244
46569.65283 0.2176
46569.65381 0.2220
46569.65454 0.2229
46773.98291 0.2141
46773.98364 0.2146
46773.98438 0.2115
46839.76880 0.2168
46839.77344 0.2120
46839.80200 0.2206
46897.68408 0.2265
46897.68579 0.2163
46897.68774 0.2246
47109.99756 0.2195
47109.99854 0.2188
47109.99951 0.2231
47141.03247 0.2188
47141.03369 0.2174
47141.03467 0.2167
47170.92920 0.2212
47170.93018 0.2235
47170.93140 0.2189
47199.90601 0.2190
47199.90723 0.2178
47199.90869 0.2178
47229.82495 0.2200
47229.82593 0.2241
47229.82715 0.2216
47262.76196 0.2193
47262.76318 0.2274
47262.76440 0.2169
47262.76538 0.2173
47292.72412 0.2196
47292.72559 0.2214
47292.72705 0.2207
47554.95239 0.2191
47554.95361 0.2255
47554.95483 0.2215
47609.76978 0.2192
47609.77124 0.2217
47609.77271 0.2199
47664.66064 0.2353
47664.66162 0.2329
47664.66260 0.2354
48295.83350 0.2336
48295.83447 0.2321
48295.83545 0.2308
