45697.93900 0.1960
45697.94300 0.1906
45697.94600 0.1878
45704.76200 0.2080
45704.76600 0.2160
45704.77100 0.2044
45706.97400 0.2084
45706.97700 0.2125
45706.97900 0.2118
45710.01400 0.2208
45710.01600 0.2180
45710.01900 0.2061
45736.90400 0.1907
45736.90500 0.1925
45736.90600 0.1970
45741.82200 0.1942
45741.82500 0.1951
45741.82800 0.1909
45746.67300 0.2047
45746.68200 0.2075
45746.69100 0.2148
45748.78900 0.2111
45748.79200 0.2075
45748.79400 0.2069
45750.84100 0.2135
45750.84600 0.2152
45750.85100 0.2203
45753.79600 0.2158
45753.79800 0.2176
45753.80000 0.2171
45756.80500 0.2195
45756.80700 0.2190
45756.81000 0.2154
49014.88770 0.1851
49014.88916 0.1819
49014.89111 0.1788
49019.88379 0.1784
49019.88574 0.1809
49019.88770 0.1810
49056.77295 0.1691
49056.77734 0.1688
49056.78174 0.1765
49059.77441 0.1790
49059.77686 0.1825
49059.77930 0.1826
49065.79248 0.1807
49065.79492 0.1768
49065.79785 0.1718
49068.76953 0.1683
49068.77344 0.1702
49068.77734 0.1608
49089.74414 0.1716
49089.74707 0.1778
49089.75049 0.1776
49117.66113 0.1650
49117.66357 0.1676
49117.66602 0.1700
49313.01562 0.1927
49313.01709 0.1938
49313.01855 0.1907
49326.97070 0.1827
49326.97217 0.1812
49326.97412 0.1824
49330.96729 0.1839
49330.96924 0.1776
49330.97119 0.1770
49334.96240 0.1805
49334.96387 0.1753
49334.96484 0.1761
49342.95654 0.1828
49342.95850 0.1773
49342.95996 0.1783
49351.90088 0.1876
49351.90234 0.1857
49351.90381 0.1838
49354.91846 0.1855
49354.92090 0.1814
49354.92334 0.1890
49359.90479 0.1839
49359.90625 0.1806
49359.90820 0.1837
49363.86084 0.1826
49363.86230 0.1779
49363.86328 0.1788
49368.90088 0.1830
49368.90186 0.1780
49368.90332 0.1865
49394.82080 0.1735
49394.82227 0.1807
49394.82373 0.1777
49397.85938 0.1802
49397.86084 0.1788
49397.86230 0.1806
49413.81592 0.1798
49413.81689 0.1721
49413.81836 0.1771
49414.78955 0.1707
49414.79102 0.1680
49414.79248 0.1684
49420.80225 0.1844
49420.80322 0.1854
49420.80469 0.1852
49423.79150 0.1909
49423.79346 0.1840
49423.79541 0.1914
49427.73242 0.1888
49427.73389 0.1932
49427.73486 0.1944
49433.74023 0.1950
49433.74121 0.1978
49433.74268 0.1870
49438.76953 0.1969
49438.77100 0.1944
49438.77197 0.1912
49444.70068 0.1929
49444.70215 0.1845
49444.70312 0.1871
49449.74414 0.1802
49449.74512 0.1860
49449.74658 0.1851
49454.70850 0.1783
49454.70947 0.1812
49454.71094 0.1765
49457.72705 0.1762
49457.72852 0.1740
49457.72949 0.1763
49461.68945 0.1717
49461.69043 0.1705
49461.69141 0.1662
49464.71289 0.1795
49464.71387 0.1775
49464.71533 0.1791
49688.98779 0.2128
49688.98877 0.2095
49688.99023 0.2083
49704.93945 0.2113
49704.94092 0.2040
49704.94189 0.2041
49707.94580 0.2033
49707.94678 0.1958
49707.94775 0.1968
49713.93457 0.1794
49713.93604 0.1876
49713.93701 0.1829
49716.92480 0.1759
49716.92676 0.1770
49716.92920 0.1820
49719.94629 0.1840
49719.94873 0.1844
49719.95117 0.1762
49723.93848 0.1940
49723.93994 0.1913
49723.94092 0.1963
49730.90869 0.1937
49730.91016 0.2040
49730.91113 0.2069
49749.86621 0.2019
49749.86719 0.1960
49749.86865 0.2018
49753.86719 0.1927
49753.86816 0.1908
49753.86914 0.1847
49758.86670 0.1997
49758.86816 0.1872
49758.87012 0.1916
49768.80713 0.1883
49768.80957 0.1931
49768.81201 0.1925
49771.84229 0.2120
49771.84375 0.2076
49771.84521 0.2018
49775.77783 0.2112
49775.78027 0.2086
49775.78271 0.2122
49793.76025 0.1912
49793.76367 0.1888
49793.76611 0.1896
49802.73193 0.2126
49802.73389 0.2180
49802.73584 0.2187
49818.72559 0.2265
49818.72656 0.2243
49818.72803 0.2347
