39193.80000 0.2889
39194.80000 0.2786
39486.80000 0.2577
39549.80000 0.2632
39550.80000 0.2604
39817.80000 0.2668
39833.80000 0.2599
39834.80000 0.2628
39835.80000 0.2705
39896.80000 0.2824
39979.80000 0.2675
39981.80000 0.2672
40201.80000 0.2753
40202.80000 0.2808
40223.80000 0.2588
40224.80000 0.2586
40225.80000 0.2573
40252.80000 0.2620
40253.80000 0.2549
40254.80000 0.2549
40284.80000 0.2471
40285.80000 0.2501
40311.80000 0.2389
40339.80000 0.2496
40340.80000 0.2493
40341.80000 0.2425
40342.80000 0.2473
40556.80000 0.2475
40558.80000 0.2388
40571.80000 0.2395
40572.80000 0.2371
40573.80000 0.2482
40574.80000 0.2390
40610.80000 0.2481
40611.80000 0.2586
40612.80000 0.2531
40613.80000 0.2533
40661.80000 0.2528
40663.80000 0.2493
40664.80000 0.2441
40665.80000 0.2473
40685.80000 0.2489
40686.80000 0.2433
40687.80000 0.2367
40688.80000 0.2444
40910.80000 0.2396
40911.80000 0.2438
40912.80000 0.2441
40960.80000 0.2547
40961.80000 0.2629
41027.80000 0.2642
41028.80000 0.2546
41050.80000 0.2596
41051.80000 0.2573
41052.80000 0.2546
41053.80000 0.2526
41262.80000 0.2325
41285.80000 0.2282
41313.80000 0.2181
41314.80000 0.2264
41349.80000 0.2263
41398.80000 0.2269
41399.80000 0.2242
41400.80000 0.2226
41401.80000 0.2300
41429.80000 0.2258
41430.80000 0.2258
41641.80000 0.2687
41642.80000 0.2667
41643.80000 0.2680
41644.80000 0.2670
41668.80000 0.2514
41669.80000 0.2611
41670.80000 0.2557
41671.80000 0.2557
41702.80000 0.2474
41703.80000 0.2463
41726.80000 0.2694
41763.80000 0.2558
41764.80000 0.2711
41765.80000 0.2674
41786.80000 0.2759
41787.80000 0.2784
41788.80000 0.2702
42014.80000 0.2707
42015.80000 0.2861
42045.80000 0.2718
42046.80000 0.2618
42060.80000 0.2674
42061.80000 0.2525
42085.80000 0.2589
42086.80000 0.2724
42087.80000 0.2541
42109.80000 0.2533
42110.80000 0.2537
42147.80000 0.2492
42148.80000 0.2439
42166.80000 0.2427
42167.80000 0.2461
42168.80000 0.2410
42169.80000 0.2502
42350.80000 0.2545
42382.80000 0.2582
42431.80000 0.2621
42432.80000 0.2579
42438.80000 0.2439
42440.80000 0.2574
42467.80000 0.2623
42468.80000 0.2691
42469.80000 0.2702
42470.80000 0.2694
42495.80000 0.2668
42497.80000 0.2734
42731.80000 0.2817
42763.80000 0.2713
42764.80000 0.2748
42765.80000 0.2766
42792.80000 0.2701
42793.80000 0.2754
42794.80000 0.2776
42819.80000 0.2818
42820.80000 0.2707
42821.80000 0.2663
42848.80000 0.2776
42849.80000 0.2741
42850.80000 0.2668
42851.80000 0.2660
42885.80000 0.2556
43110.80000 0.2375
43111.80000 0.2350
43112.80000 0.2331
43113.80000 0.2236
43146.80000 0.2330
43172.80000 0.2337
43173.80000 0.2346
43174.80000 0.2356
43175.80000 0.2342
43176.80000 0.2371
43204.80000 0.2262
43206.80000 0.2252
43236.80000 0.2325
43236.80000 0.2273
43237.80000 0.2317
43237.80000 0.2281
43238.80000 0.2280
43238.80000 0.2379
43239.80000 0.2267
43476.80000 0.2411
43477.80000 0.2432
43478.80000 0.2680
43542.80000 0.2279
43891.80000 0.2641
43892.80000 0.2694
43892.80000 0.2636
43898.80000 0.2603
43983.80000 0.2337
43984.80000 0.2864
44191.80000 0.2664
44200.80000 0.2587
44224.80000 0.2669
44260.80000 0.2800
44277.80000 0.2754
44545.99701 0.2554
44545.99902 0.2611
44546.00702 0.2466
44546.99500 0.2504
44546.99701 0.2509
44546.99799 0.2546
44550.96002 0.2520
44550.96198 0.2499
44550.96301 0.2522
44562.96600 0.2436
44562.96802 0.2461
44562.96899 0.2421
44563.95203 0.2360
44563.95502 0.2417
44563.95801 0.2426
44564.95599 0.2472
44564.95697 0.2476
44564.95898 0.2384
44566.97900 0.2541
44566.97998 0.2518
44566.98199 0.2430
44605.93903 0.2632
44605.94000 0.2618
44605.94202 0.2625
44606.90399 0.2516
44606.90503 0.2664
44606.90601 0.2503
44630.84802 0.2629
44630.84900 0.2599
44630.84998 0.2545
44638.83600 0.3116
44638.83801 0.2736
44638.83899 0.2625
44639.82501 0.2657
44639.82599 0.2670
44640.82800 0.2573
44640.83002 0.2517
44640.83197 0.2607
44641.81201 0.2501
44641.81403 0.2450
44641.81598 0.2429
44642.81403 0.2511
44642.81598 0.2505
44642.81799 0.2604
44647.83197 0.2624
44647.83301 0.2713
44647.83502 0.2660
44655.80902 0.2590
44655.81201 0.2592
44655.81299 0.2629
44657.76202 0.2665
44657.76398 0.2614
44657.76501 0.2670
44658.76398 0.2715
44658.76599 0.2635
44658.76703 0.2640
44659.76898 0.2615
44659.77002 0.2751
44659.77197 0.2658
44672.73901 0.2620
44672.74103 0.2605
44672.74298 0.2777
44673.74701 0.2630
44673.75000 0.2593
44673.75201 0.2647
44678.75403 0.2692
44678.75500 0.2619
44678.75702 0.2624
44680.72498 0.2568
44680.72699 0.2531
44680.72803 0.2548
44681.67603 0.2648
44681.67700 0.2641
44681.67902 0.2593
44686.69800 0.2602
44686.70001 0.2651
44686.70203 0.2604
44691.69299 0.2877
44691.69598 0.2658
44691.69800 0.2733
44698.68500 0.2635
44698.68701 0.2669
44698.69000 0.2739
44699.66602 0.2699
44699.66803 0.2566
44699.66998 0.2694
44700.64398 0.2591
44700.64600 0.2588
44700.64801 0.2588
44701.64697 0.2645
44701.64899 0.2610
44701.65100 0.2585
44703.69702 0.2577
44703.69897 0.2752
44703.70099 0.2695
44704.69501 0.2545
44704.69702 0.2693
44704.69897 0.2593
44705.70300 0.2709
44705.70502 0.2620
44705.70697 0.2690
44707.67700 0.2757
44707.67902 0.2644
44707.67999 0.2607
44708.67999 0.2659
44708.68201 0.2574
44708.68500 0.2584
44709.69000 0.2703
44709.69098 0.2684
44709.69299 0.2676
44710.67102 0.2581
44710.67297 0.2588
44710.67401 0.2643
44900.01801 0.2384
44900.01898 0.2518
44900.02100 0.2509
44919.94800 0.2338
44919.95099 0.2346
44919.95300 0.2349
44939.96100 0.2323
44939.96301 0.2294
44939.96503 0.2335
44940.95099 0.2448
44940.95300 0.2346
44940.95599 0.2310
44941.93903 0.2410
44941.94098 0.2282
44941.94299 0.2355
44953.95898 0.2400
44953.96198 0.2365
44953.96399 0.2351
44954.93402 0.2326
44954.93701 0.2329
44954.94000 0.2369
44958.93500 0.2332
44958.93701 0.2366
44958.93799 0.2366
44961.89600 0.2238
44961.89697 0.2221
44961.89899 0.2289
44993.79700 0.2378
44993.80103 0.2344
44993.80402 0.2364
44994.78998 0.2317
44994.79303 0.2336
44994.79602 0.2257
44995.92102 0.2183
44995.92499 0.2304
44995.92798 0.2253
44997.74298 0.2239
44997.74597 0.2123
44999.89697 0.2436
44999.89899 0.2145
44999.90198 0.2314
45000.77698 0.2329
45000.78003 0.2351
45000.78198 0.2438
45001.74298 0.2338
45001.74597 0.2471
45001.75000 0.2440
45003.77301 0.2324
45003.77502 0.2336
45003.77802 0.2388
45020.72400 0.2340
45020.72699 0.2366
45020.72998 0.2330
45021.73798 0.2294
45021.73999 0.2347
45021.74298 0.2310
45026.72302 0.2304
45026.72498 0.2200
45026.72705 0.2371
45028.84900 0.2291
45028.85303 0.2219
45028.85596 0.2325
45049.70105 0.2404
45049.70605 0.2498
45049.71106 0.2364
45052.67200 0.2355
45052.67700 0.2305
45052.68103 0.2259
45053.67297 0.2268
45053.67700 0.2321
45053.68005 0.2285
45064.68604 0.2497
45064.69104 0.2509
45064.69495 0.2516
45079.67603 0.2393
45079.68005 0.2357
45079.68298 0.2340
45080.66895 0.2336
45080.67297 0.2269
45080.67603 0.2545
45082.67798 0.2368
45082.68201 0.2262
45082.68506 0.2329
45298.03003 0.2307
45298.03198 0.2391
45298.03406 0.2396
45298.97498 0.2300
45298.97900 0.2342
45298.98096 0.2259
45300.97302 0.2440
45300.97595 0.2495
45300.97803 0.2395
45308.96106 0.2329
45308.96399 0.2471
45308.96594 0.2385
45310.05103 0.2405
45310.05298 0.2388
45310.05505 0.2402
45315.97205 0.2466
45315.97400 0.2442
45315.97705 0.2374
45316.98999 0.2421
45316.99194 0.2472
45316.99597 0.2435
45317.95300 0.2425
45317.95496 0.2410
45317.95703 0.2469
45320.97998 0.2433
45320.98206 0.2521
45320.98499 0.2321
45321.96106 0.2358
45321.96399 0.2428
45321.96704 0.2359
45323.01697 0.2406
45323.01794 0.2457
45323.02002 0.2453
45323.99194 0.2380
45323.99500 0.2421
45323.99695 0.2372
45342.00903 0.2501
45342.01196 0.2484
45342.01599 0.2450
45343.94702 0.2502
45343.94897 0.2406
45343.95105 0.2506
45347.95398 0.2465
45347.95496 0.2459
45347.95605 0.2539
45348.93604 0.2458
45348.93701 0.2455
45348.93799 0.2439
45349.93701 0.2419
45349.93799 0.2456
45349.93994 0.2387
45351.91003 0.2405
45351.91199 0.2493
45351.91296 0.2501
45352.92798 0.2411
45352.93005 0.2411
45352.93103 0.2430
45355.94702 0.2391
45355.95105 0.2380
45355.95703 0.2462
45359.90405 0.2490
45359.90503 0.2491
45359.90601 0.2467
45362.91003 0.2421
45362.91296 0.2421
45362.91504 0.2505
45366.90601 0.2381
45366.90796 0.2343
45366.90796 0.2216
45375.81494 0.2358
45375.81702 0.2337
45375.81799 0.2409
45379.83496 0.2460
45379.83704 0.2421
45379.83899 0.2330
45381.88794 0.2307
45381.89001 0.2265
45381.89502 0.2404
45382.91797 0.2396
45382.92004 0.2334
45382.92200 0.2333
45387.82800 0.2332
45387.82898 0.2362
45387.83105 0.2412
45401.77795 0.2326
45401.77905 0.2312
45401.78101 0.2365
45403.77002 0.2393
45403.77405 0.2352
45403.77795 0.2374
45409.74695 0.2312
45409.74902 0.2305
45409.75098 0.2299
45424.73303 0.2328
45424.73499 0.2431
45424.73596 0.2479
45426.72998 0.2451
45426.73096 0.2486
45426.73401 0.2435
45429.69897 0.2333
45429.70203 0.2270
45429.70398 0.2270
45431.74097 0.2361
45431.74304 0.2341
45431.74500 0.2308
45432.70398 0.2342
45432.70605 0.2305
45432.70801 0.2232
45437.70703 0.2350
45437.70996 0.2275
45437.71399 0.2409
45438.70300 0.2292
45438.70496 0.2301
45438.70801 0.2301
45439.70801 0.2303
45439.70996 0.2385
45439.71301 0.2326
45440.68103 0.2265
45440.68298 0.2259
45440.68506 0.2374
45661.02400 0.2557
45661.02800 0.2635
45661.03100 0.2535
45666.99000 0.2450
45666.99200 0.2485
45666.99400 0.2438
45671.01100 0.2494
45671.01300 0.2431
45671.01500 0.2389
45674.03200 0.2483
45674.03500 0.2490
45674.03700 0.2501
45677.01100 0.2487
45677.01300 0.2450
45677.01400 0.2479
45683.98300 0.2493
45683.98600 0.2481
45683.98800 0.2557
45687.00300 0.2420
45687.00500 0.2479
45687.00700 0.2338
45704.93700 0.2441
45704.94000 0.2442
45704.94300 0.2396
45705.97100 0.2520
45705.97400 0.2558
45705.97800 0.2509
45706.99000 0.2328
45706.99300 0.2470
45706.99500 0.2346
45709.93800 0.2389
45709.94100 0.2275
45709.94400 0.2402
45714.90800 0.2440
45714.91000 0.2411
45714.91200 0.2307
45716.96700 0.2315
45716.96800 0.2426
45716.97000 0.2336
45719.92300 0.2385
45719.92500 0.2359
45719.92700 0.2431
45722.94700 0.2374
45722.95000 0.2450
45722.95300 0.2257
45724.95300 0.2359
45724.95400 0.2363
45724.95500 0.2414
45727.90300 0.2387
45727.90600 0.2374
45727.90800 0.2419
45736.91900 0.2267
45736.92000 0.2347
45736.92100 0.2341
45739.82400 0.2334
45739.82600 0.2246
45739.82900 0.2224
45741.81200 0.2330
45741.81400 0.2412
45741.81700 0.2279
45743.78100 0.2400
45743.78300 0.2254
45743.78400 0.2311
45746.77600 0.2314
45746.77800 0.2304
45746.77900 0.2383
45748.79700 0.2264
45748.79900 0.2330
45748.80200 0.2268
45749.82500 0.2343
45749.82600 0.2363
45749.82800 0.2316
45750.78300 0.2312
45750.78800 0.2333
45750.79300 0.2240
45751.80400 0.2354
45751.80600 0.2228
45751.80800 0.2275
45752.77500 0.2253
45752.78100 0.2306
45752.78600 0.2258
45753.76400 0.2259
45753.76600 0.2353
45753.76800 0.2356
45754.80800 0.2285
45754.80900 0.2265
45754.81000 0.2295
45755.82500 0.2370
45755.82900 0.2316
45755.83300 0.2455
45756.79700 0.2310
45756.79900 0.2394
45756.80100 0.2393
45760.78100 0.2286
45760.78200 0.2278
45760.78300 0.2256
45761.80600 0.2450
45761.80700 0.2406
45761.80900 0.2295
45763.83400 0.2333
45763.83500 0.2342
45763.83700 0.2387
45765.78500 0.2247
45765.78700 0.2320
45765.78800 0.2401
45768.83000 0.2339
45768.83200 0.2348
45768.83600 0.2332
45772.81763 0.2392
45772.81921 0.2340
45772.82056 0.2341
45779.76700 0.2390
45779.76800 0.2385
45779.76900 0.2403
45781.79100 0.2238
45781.79600 0.2323
45781.80100 0.2426
45783.74658 0.2358
45783.74805 0.2294
45783.74927 0.2425
45787.71960 0.2270
45787.72144 0.2263
45787.72302 0.2267
45793.72500 0.2312
45793.72700 0.2354
45793.72900 0.2323
45797.74500 0.2436
45797.75100 0.2331
45797.75500 0.2355
45801.73035 0.2272
45801.73364 0.2342
45801.73657 0.2309
45803.72500 0.2243
45803.72700 0.2356
45803.72900 0.2315
45805.71600 0.2328
45805.71700 0.2240
45805.72000 0.2217
45807.69458 0.2268
45807.69666 0.2280
45807.69873 0.2291
45812.66000 0.2180
45812.66200 0.2265
45812.66400 0.2306
45814.69000 0.2341
45814.69100 0.2253
45814.69300 0.2241
46070.94019 0.2220
46070.94360 0.2100
46070.94629 0.2166
46083.92920 0.2206
46083.94580 0.2228
46083.96704 0.2260
46085.24829 0.2196
46085.26025 0.2223
46085.27368 0.2157
46086.09058 0.2174
46086.10498 0.2150
46086.11792 0.2169
46086.82397 0.2293
46086.84106 0.2232
46086.85645 0.2197
46109.79150 0.2239
46109.79297 0.2275
46109.79443 0.2263
46111.80615 0.2151
46111.80786 0.2173
46111.80981 0.2215
46113.77881 0.2178
46113.78076 0.2125
46113.78271 0.2169
46116.84302 0.2124
46116.84570 0.2136
46116.84863 0.2106
46118.80615 0.2163
46118.81079 0.2188
46118.81494 0.2222
46119.79175 0.2140
46119.79443 0.2216
46119.79736 0.2130
46121.79688 0.2147
46121.79834 0.2200
46121.79980 0.2233
46123.80835 0.2266
46123.81079 0.2223
46123.81299 0.2238
46125.77881 0.2185
46125.78125 0.2197
46125.78394 0.2283
46128.81763 0.2212
46128.82007 0.2265
46128.82251 0.2193
46138.73877 0.2306
46138.74048 0.2273
46138.74268 0.2328
46141.78345 0.2306
46141.78613 0.2250
46141.78857 0.2292
46144.73633 0.2124
46144.73853 0.2266
46144.74072 0.2249
46147.70459 0.2206
46147.70898 0.2200
46147.71411 0.2176
46157.68945 0.2361
46157.69116 0.2289
46157.69312 0.2268
46159.74707 0.2228
46159.75049 0.2263
46159.75366 0.2266
46161.71631 0.2204
46161.71899 0.2335
46161.72095 0.2298
46163.69434 0.2271
46163.69580 0.2189
46163.69727 0.2211
46165.67041 0.2267
46165.67236 0.2322
46165.67407 0.2319
46167.69702 0.2357
46167.69946 0.2332
46167.70239 0.2361
46169.67944 0.2356
46169.68140 0.2492
46169.68359 0.2386
46183.65698 0.2292
46183.65967 0.2332
46183.66211 0.2254
46187.67456 0.2447
46187.67651 0.2478
46187.67798 0.2467
46189.64502 0.2521
46189.64746 0.2459
46189.64990 0.2512
46191.64941 0.2494
46191.65381 0.2363
46191.65845 0.2461
46376.01367 0.2430
46376.01465 0.2444
46376.01587 0.2476
46384.02222 0.2455
46384.02295 0.2535
46384.02368 0.2555
46385.01880 0.2474
46385.01978 0.2500
46385.02075 0.2482
46388.03369 0.2507
46388.03540 0.2436
46388.03735 0.2500
46407.98535 0.2427
46407.98633 0.2416
46407.98706 0.2454
46410.02783 0.2428
46410.02905 0.2404
46410.03027 0.2445
46416.98926 0.2625
46416.99023 0.2592
46416.99097 0.2558
46417.94458 0.2557
46417.94531 0.2401
46417.94629 0.2477
46418.98804 0.2529
46418.98877 0.2507
46418.98975 0.2546
46420.00830 0.2497
46420.00903 0.2514
46420.01001 0.2530
46421.96899 0.2467
46421.96997 0.2514
46421.97095 0.2500
46438.98755 0.2375
46438.98853 0.2369
46438.98950 0.2320
46439.97485 0.2375
46439.97583 0.2438
46439.97705 0.2331
46441.92993 0.2362
46441.93091 0.2300
46441.93164 0.2432
46442.91333 0.2350
46442.91406 0.2358
46442.91504 0.2466
46447.88330 0.2477
46447.88452 0.2428
46447.88574 0.2427
46448.93677 0.2377
46448.93774 0.2411
46448.93872 0.2437
46450.90405 0.2482
46450.90479 0.2425
46450.90576 0.2477
46452.92261 0.2425
46452.92358 0.2362
46452.92456 0.2355
46457.92163 0.2367
46457.92261 0.2337
46457.92358 0.2326
46459.90454 0.2324
46459.90576 0.2312
46459.90747 0.2344
46466.89429 0.2219
46466.89551 0.2248
46466.89673 0.2225
46468.92847 0.2308
46468.92993 0.2358
46468.93164 0.2315
46471.90796 0.2276
46471.90894 0.2291
46471.90991 0.2221
46472.87231 0.2300
46472.87305 0.2257
46472.87402 0.2248
46486.87524 0.2332
46486.87646 0.2302
46486.87793 0.2260
46488.79614 0.2326
46488.79712 0.2320
46488.79785 0.2369
46490.84985 0.2305
46490.85107 0.2314
46490.85254 0.2334
46492.81812 0.2319
46492.82056 0.2346
46492.82275 0.2320
46494.76831 0.2378
46494.76929 0.2288
46494.77051 0.2300
46495.80005 0.2301
46495.80151 0.2326
46495.80298 0.2346
46508.72363 0.2245
46508.72583 0.2303
46508.72803 0.2342
46509.75732 0.2311
46509.75854 0.2249
46509.75977 0.2292
46511.75977 0.2350
46511.76099 0.2225
46511.76221 0.2325
46513.75708 0.2336
46513.75854 0.2267
46513.76001 0.2315
46514.71753 0.2294
46514.71997 0.2258
46514.72168 0.2232
46516.80518 0.2315
46516.80762 0.2289
46516.80981 0.2249
46521.78198 0.2341
46521.78369 0.2388
46521.78540 0.2412
46525.75073 0.2228
46525.75293 0.2290
46525.75513 0.2285
46529.73511 0.2228
46529.73682 0.2279
46529.73828 0.2272
46530.69775 0.2268
46530.69897 0.2178
46530.70044 0.2340
46535.69263 0.2342
46535.69409 0.2314
46535.69556 0.2293
46538.72217 0.2405
46538.72485 0.2396
46538.72803 0.2484
46540.70508 0.2410
46540.70654 0.2387
46540.70801 0.2348
46541.68457 0.2442
46541.68604 0.2401
46541.68726 0.2407
46544.70044 0.2390
46544.70190 0.2441
46544.70337 0.2289
46550.69067 0.2486
46550.69263 0.2403
46550.69434 0.2380
46553.71997 0.2349
46553.72192 0.2347
46553.72388 0.2391
46748.04834 0.2164
46748.04980 0.2226
46748.05127 0.2179
46759.02979 0.2241
46759.03198 0.2200
46759.03467 0.2230
46760.02295 0.2119
46760.02954 0.2116
46760.03613 0.2095
46767.03418 0.2104
46767.03589 0.2250
46767.03760 0.2181
46768.00806 0.2172
46768.00977 0.2206
46768.01123 0.2248
46773.03711 0.2200
46773.04028 0.2219
46773.04346 0.2207
46776.02490 0.2187
46776.02710 0.2076
46776.02930 0.2120
46776.97803 0.2221
46776.97998 0.2290
46776.98218 0.2265
46778.98779 0.2150
46778.99194 0.2068
46778.99658 0.2090
46798.98096 0.2157
46798.98389 0.2190
46798.98682 0.2186
46801.95410 0.2331
46801.95752 0.2282
46801.96094 0.2206
46803.95532 0.2097
46803.95801 0.2226
46803.96069 0.2227
46805.93604 0.2209
46805.93970 0.2170
46805.94312 0.2167
46806.92090 0.2102
46806.92285 0.2306
46806.92505 0.2218
46809.92480 0.2256
46809.92749 0.2192
46809.93018 0.2196
46813.92310 0.2267
46813.92627 0.2272
46813.92944 0.2156
46814.86743 0.2268
46814.86987 0.2203
46814.87231 0.2301
46817.87573 0.2276
46817.87744 0.2239
46817.87891 0.2290
46830.88184 0.2262
46830.88477 0.2075
46830.88794 0.2232
46831.87280 0.2558
46831.87671 0.2333
46831.88086 0.2324
46843.86890 0.2099
46843.87134 0.2174
46843.87354 0.2169
46857.76025 0.2136
46857.76318 0.2188
46857.76538 0.2245
46858.76611 0.2291
46858.76929 0.2197
46858.77222 0.2200
46864.76367 0.2112
46864.76685 0.2067
46864.76953 0.2133
46865.73975 0.2111
46865.74219 0.2176
46865.74487 0.2171
46868.76489 0.2217
46868.77002 0.2128
46868.77563 0.2185
46871.76001 0.2227
46871.76343 0.2163
46871.76660 0.2213
46874.72900 0.2016
46874.73267 0.1977
46874.73633 0.2003
46880.74731 0.2205
46880.75171 0.2066
46880.75586 0.2083
46882.75195 0.2229
46882.75781 0.2144
46882.76489 0.2110
46891.70654 0.2113
46891.70898 0.2166
46891.71191 0.2167
46893.68628 0.2147
46893.68921 0.2127
46893.69263 0.2103
46894.70972 0.2210
46894.71240 0.2122
46894.71533 0.2146
46896.70093 0.2106
46896.70459 0.2145
46896.70776 0.2261
46899.71655 0.2188
46899.71973 0.2176
46899.72290 0.2173
46900.68115 0.2083
46900.68530 0.2083
46900.68921 0.2185
46902.64404 0.2148
46902.64697 0.2179
46902.65015 0.2164
46906.68579 0.2133
46906.68970 0.2053
46906.69336 0.2043
46919.66406 0.1997
46919.66772 0.1916
46919.67114 0.1985
46922.64502 0.2068
46922.64819 0.2012
46922.65137 0.2080
47110.04980 0.1984
47110.05078 0.1968
47110.05176 0.1997
47115.05371 0.2006
47115.05469 0.1913
47115.05566 0.1966
47123.04761 0.2011
47123.04834 0.2080
47123.04932 0.2107
47124.04370 0.2081
47124.04468 0.2111
47124.04590 0.2054
47126.02710 0.2107
47126.02979 0.2119
47126.03247 0.2032
47128.06299 0.2027
47128.06396 0.2081
47128.06494 0.2103
47129.02563 0.2037
47129.02710 0.2031
47129.02832 0.2088
47132.04419 0.2108
47132.04541 0.2086
47132.04639 0.2108
47139.04272 0.2124
47139.04395 0.2125
47139.04517 0.2092
47141.04639 0.2078
47141.04785 0.2093
47141.04907 0.2052
47150.00708 0.2196
47150.00806 0.2197
47150.00879 0.2158
47151.92065 0.2232
47151.92139 0.2235
47151.92261 0.2178
47157.00049 0.2152
47157.00171 0.2096
47157.00317 0.2115
47157.99487 0.2111
47157.99585 0.2166
47157.99707 0.2139
47162.96948 0.2232
47162.97070 0.2199
47162.97192 0.2139
47166.91846 0.2274
47166.91943 0.2248
47166.92065 0.2269
47167.87573 0.2274
47167.87695 0.2201
47167.87793 0.2190
47167.87915 0.2190
47168.91235 0.2192
47168.91504 0.2165
47168.91748 0.2160
47168.92847 0.2122
47168.93066 0.2197
47174.91187 0.2210
47174.91284 0.2136
47174.91382 0.2163
47181.92456 0.2237
47181.92554 0.2258
47181.92676 0.2222
47184.91357 0.2147
47184.91455 0.2223
47184.91528 0.2339
47185.87207 0.2224
47185.87378 0.2197
47185.87500 0.2206
47190.91772 0.2202
47190.91943 0.2165
47190.92114 0.2226
47195.91040 0.2293
47195.91382 0.2242
47195.91675 0.2311
47199.94019 0.2231
47199.94116 0.2231
47199.94238 0.2286
47201.91431 0.2229
47201.91528 0.2281
47201.91650 0.2251
47203.83838 0.2248
47203.83936 0.2233
47203.84009 0.2241
47204.86060 0.2267
47204.86133 0.2232
47204.86230 0.2241
47205.82813 0.2230
47205.82910 0.2237
47205.83008 0.2234
47207.86182 0.2223
47207.86279 0.2254
47207.86353 0.2275
47209.80884 0.2304
47209.80981 0.2273
47209.81079 0.2270
47212.86377 0.2265
47212.86475 0.2252
47212.86572 0.2276
47214.81030 0.2285
47214.81128 0.2244
47214.81250 0.2223
47215.79224 0.2250
47215.79297 0.2213
47215.79395 0.2214
47223.80811 0.2301
47223.80933 0.2287
47223.81030 0.2306
47225.74438 0.2308
47225.74536 0.2313
47225.74634 0.2357
47226.75244 0.2275
47226.75342 0.2295
47226.75415 0.2298
47234.84814 0.2149
47234.84937 0.2143
47234.85059 0.2142
47239.76831 0.2198
47239.76953 0.2226
47239.77075 0.2206
47240.77637 0.2252
47240.77783 0.2254
47240.77930 0.2300
47253.68433 0.2297
47253.68555 0.2259
47253.68677 0.2227
47254.73828 0.2253
47254.73950 0.2183
47254.74072 0.2266
47255.70410 0.2256
47255.70557 0.2195
47255.70703 0.2237
47257.71729 0.2205
47257.71899 0.2242
47257.72046 0.2174
47263.79932 0.2145
47263.80127 0.2075
47281.67407 0.2238
47281.67505 0.2187
47281.67627 0.2148
47297.66309 0.2217
47297.66406 0.2280
47297.66528 0.2182
47472.01782 0.2226
47472.01880 0.2230
47472.02002 0.2271
47495.98560 0.2250
47495.98730 0.2148
47495.98877 0.2193
47497.03149 0.2234
47497.03271 0.2278
47497.03418 0.2173
47506.98950 0.2224
47506.99146 0.2189
47506.99341 0.2206
47508.94971 0.2187
47508.95093 0.2164
47508.95190 0.2256
47509.97412 0.2221
47509.97607 0.2181
47509.97827 0.2234
47525.98584 0.2164
47525.98706 0.2156
47525.98853 0.2192
47529.97290 0.2193
47529.97461 0.2209
47529.97632 0.2212
47535.91113 0.2204
47535.91260 0.2194
47535.91406 0.2148
47539.93555 0.2174
47539.94238 0.1894
47539.94873 0.1907
47540.86353 0.2230
47540.86548 0.2130
47540.86792 0.2149
47543.85400 0.2211
47543.85522 0.2278
47543.85645 0.2151
47544.89624 0.2224
47544.89795 0.2214
47544.89966 0.2095
47555.90625 0.2159
47555.91064 0.2168
47555.91577 0.2201
47558.87476 0.2184
47558.87891 0.2172
47558.88354 0.2159
47568.74634 0.2121
47568.74805 0.2138
47568.75000 0.2160
47573.76001 0.2109
47573.76147 0.2208
47573.76294 0.2257
47574.75439 0.2179
47574.75586 0.2245
47574.75732 0.2132
47577.83374 0.2125
47577.83838 0.2191
47577.84351 0.2098
47578.85986 0.2252
47578.86182 0.2187
47578.86377 0.2184
47579.84277 0.2183
47579.84521 0.2136
47579.84741 0.2146
47582.81055 0.2199
47582.81226 0.2171
47582.81396 0.2158
47584.77246 0.2218
47584.77441 0.2186
47584.77686 0.2165
47585.76685 0.2248
47585.76880 0.2212
47585.77051 0.2277
47591.77100 0.2250
47591.77246 0.2220
47591.77393 0.2201
47596.73047 0.2079
47596.73267 0.2242
47596.73511 0.2159
47615.73438 0.2281
47615.73608 0.2260
47615.73804 0.2202
47617.69922 0.2266
47617.70190 0.2338
47617.70435 0.2179
47620.71655 0.2144
47620.71875 0.2296
47620.72144 0.2241
47623.70190 0.2123
47623.70386 0.2222
47623.70557 0.2251
47625.69482 0.2189
47625.69629 0.2213
47625.69775 0.2231
47628.70313 0.2161
47628.70483 0.2212
47628.70630 0.2255
47864.02881 0.2257
47864.02979 0.2282
47864.03101 0.2275
47868.03662 0.2242
47868.03809 0.2283
47868.03955 0.2263
47870.01294 0.2267
47870.01416 0.2336
47870.01563 0.2235
47877.99390 0.2207
47877.99512 0.2223
47877.99658 0.2179
47896.95972 0.2214
47896.96094 0.2258
47896.96216 0.2293
47901.93530 0.2200
47901.93652 0.2230
47901.93774 0.2235
47903.92920 0.2153
47903.93042 0.2166
47903.93164 0.2226
47928.86621 0.2282
47928.86743 0.2265
47928.86890 0.2323
47935.79614 0.2210
47935.79785 0.2240
47935.79932 0.2212
47956.80542 0.2240
47956.80713 0.2254
47956.80884 0.2206
47975.78149 0.2267
47975.78296 0.2258
47975.78442 0.2309
48243.96191 0.2185
48243.96338 0.2308
48243.96533 0.2258
48255.91113 0.2305
48255.91309 0.2317
48255.91504 0.2336
48268.92627 0.2165
48268.92871 0.2214
48268.93066 0.2132
48271.92676 0.2265
48271.92920 0.2308
48271.93164 0.2290
48274.90967 0.2226
48274.91211 0.2276
48274.91455 0.2293
48279.91016 0.2121
48279.91211 0.2198
48279.91357 0.2152
48280.89404 0.2127
48280.89551 0.2121
48280.89697 0.2146
48285.90039 0.2269
48285.90234 0.2163
48285.90430 0.2228
48301.86914 0.2240
48301.87061 0.2262
48301.87256 0.2226
48306.78809 0.2243
48306.79053 0.2244
48306.79297 0.2211
48309.79102 0.2184
48309.79297 0.2260
48309.79443 0.2212
48311.79395 0.2206
48311.79590 0.2166
48311.79736 0.2105
48328.73730 0.2289
48328.73926 0.2285
48328.74121 0.2282
48345.71045 0.2272
48345.71240 0.2282
48345.71387 0.2300
48361.70459 0.2299
48361.70654 0.2373
48361.70850 0.2306
48651.90381 0.2149
48651.90625 0.2239
48651.90820 0.2245
48655.81152 0.2356
48655.81543 0.2306
48655.81934 0.2228
48656.86133 0.2316
48656.86328 0.2303
48656.86475 0.2257
48694.77539 0.2249
48694.77832 0.2250
48694.78027 0.2282
48695.75977 0.2266
48695.76172 0.2244
48695.76465 0.2241
48698.74219 0.2177
48698.74658 0.2228
48698.75049 0.2210
48721.73633 0.2258
48721.74072 0.2227
48721.74561 0.2137
48726.70654 0.2261
48726.70801 0.2203
48726.70947 0.2181
48729.68994 0.2237
48729.69141 0.2172
48729.69287 0.2229
48731.68555 0.2272
48731.68701 0.2150
48731.68848 0.2152
48732.71973 0.2091
48732.72119 0.2147
48732.72266 0.2162
49010.92480 0.2366
49010.92725 0.2367
49010.92969 0.2332
49014.90186 0.2464
49014.90381 0.2426
49014.90576 0.2330
49019.89697 0.2438
49019.89893 0.2376
49019.90088 0.2313
49051.72803 0.2217
49051.73047 0.2308
49051.73291 0.2210
49059.78320 0.2405
49059.78467 0.2268
49059.78613 0.2289
49067.74658 0.2374
49067.74854 0.2397
49067.75049 0.2300
49092.67969 0.2281
49092.68164 0.2209
49092.68359 0.2225
49312.00586 0.2350
49312.00732 0.2362
49312.00879 0.2354
49327.94580 0.2330
49327.94727 0.2398
49327.94824 0.2347
49335.93896 0.2224
49335.94043 0.2205
49335.94189 0.2236
49337.96289 0.2175
49337.96436 0.2208
49337.96631 0.2175
49342.96777 0.2249
49342.96924 0.2261
49342.97070 0.2275
49343.96533 0.2348
49343.96680 0.2370
49343.96826 0.2430
49350.95166 0.2327
49350.95312 0.2330
49350.95459 0.2328
49351.91309 0.2278
49351.91504 0.2293
49351.91748 0.2242
49352.91699 0.2258
49352.91846 0.2293
49352.91992 0.2263
49354.93262 0.2294
49354.93457 0.2210
49354.93652 0.2393
49355.93213 0.2383
49355.93408 0.2404
49355.93604 0.2365
49359.91113 0.2347
49359.91309 0.2427
49359.91455 0.2470
49360.86768 0.2453
49360.86963 0.2382
49360.87109 0.2430
49363.86621 0.2383
49363.86768 0.2425
49363.86914 0.2402
49365.86963 0.2370
49365.87109 0.2394
49365.87305 0.2369
49373.84912 0.2470
49373.85059 0.2398
49373.85254 0.2414
49394.82666 0.2432
49394.82812 0.2447
49394.82910 0.2400
49396.86328 0.2376
49396.86475 0.2398
49396.86572 0.2336
49397.86572 0.2380
49397.86719 0.2326
49397.86865 0.2290
49408.67871 0.2407
49408.67969 0.2460
49408.68115 0.2384
49413.82178 0.2230
49413.82275 0.2181
49413.82422 0.2239
49414.79688 0.2179
49414.79834 0.2289
49414.79932 0.2292
49415.76074 0.2514
49415.76172 0.2509
49415.76270 0.2514
49420.79590 0.2434
49420.79688 0.2388
49420.79834 0.2470
49421.78662 0.2516
49421.78760 0.2460
49421.78906 0.2438
49423.81396 0.2417
49423.81494 0.2417
49423.81641 0.2441
49425.76270 0.2390
49425.76367 0.2390
49425.76465 0.2373
49427.73779 0.2389
49427.73926 0.2335
49427.74023 0.2347
49428.75537 0.2341
49428.75635 0.2387
49428.75732 0.2411
49433.74561 0.2410
49433.74658 0.2425
49433.74805 0.2349
49434.74805 0.2424
49434.74902 0.2435
49434.75049 0.2495
49438.77588 0.2497
49438.77734 0.2462
49438.77832 0.2410
49439.69141 0.2450
49439.69238 0.2447
49439.69385 0.2495
49441.70264 0.2413
49441.70410 0.2442
49441.70508 0.2397
49445.67969 0.2342
49445.68066 0.2379
49445.68164 0.2400
49446.68311 0.2366
49446.68457 0.2345
49446.68555 0.2457
49448.68018 0.2471
49448.68164 0.2399
49448.68262 0.2375
49449.74951 0.2489
49449.75049 0.2467
49449.75195 0.2467
49453.68604 0.2413
49453.68750 0.2525
49453.68896 0.2534
49454.71973 0.2420
49454.72070 0.2427
49454.72217 0.2446
49456.73291 0.2496
49456.73389 0.2510
49456.73486 0.2351
49458.71777 0.2403
49458.71924 0.2345
49458.72021 0.2458
49461.70166 0.2477
49461.70312 0.2356
49461.70410 0.2470
49462.72900 0.2397
49462.72998 0.2426
49462.73145 0.2392
49464.71826 0.2483
49464.71973 0.2537
49464.72070 0.2542
49687.97949 0.2608
49687.98193 0.2671
49687.98438 0.2645
49688.99854 0.2767
49688.99951 0.2731
49689.00049 0.2666
49703.99463 0.2658
49703.99561 0.2502
49703.99707 0.2646
49704.94971 0.2690
49704.95117 0.2683
49704.95215 0.2697
49706.97314 0.2720
49706.97412 0.2649
49706.97559 0.2647
49707.95557 0.2689
49707.95654 0.2656
49707.95752 0.2637
49713.94482 0.2635
49713.94580 0.2723
49713.94727 0.2798
49716.93799 0.2738
49716.93896 0.2584
49716.94043 0.2597
49719.96143 0.2494
49719.96289 0.2556
49719.96387 0.2517
49723.94385 0.2625
49723.94482 0.2662
49723.94580 0.2569
49730.91406 0.2711
49730.91504 0.2619
49730.91602 0.2667
49735.90527 0.2707
49735.90869 0.2753
49735.91211 0.2643
49747.88672 0.2497
49747.88818 0.2473
49747.88916 0.2536
49749.87891 0.2563
49749.88037 0.2527
49749.88135 0.2680
49750.86914 0.2590
49750.87061 0.2600
49750.87158 0.2516
49752.89600 0.2594
49752.89697 0.2675
49752.89844 0.2670
49754.86133 0.2615
49754.86230 0.2651
49754.86377 0.2555
49758.87305 0.2718
49758.87451 0.2571
49758.87549 0.2613
49759.87744 0.2658
49759.87891 0.2564
49759.87988 0.2533
49761.85938 0.2585
49761.86084 0.2538
49761.86230 0.2599
49766.82275 0.2790
49766.82373 0.2620
49766.82471 0.2698
49768.82080 0.2694
49768.82324 0.2704
49768.82568 0.2779
49770.84668 0.2729
49770.84814 0.2715
49770.84912 0.2640
49771.84766 0.2689
49771.84863 0.2618
49771.85010 0.2702
49775.79102 0.2647
49775.79199 0.2539
49775.79346 0.2641
49792.76758 0.2512
49792.76904 0.2500
49792.77100 0.2487
49793.77002 0.2469
49793.77246 0.2461
49793.77490 0.2501
49795.76611 0.2540
49795.76855 0.2488
49795.77100 0.2492
49802.73975 0.2725
49802.74170 0.2656
49802.74365 0.2649
49818.73779 0.2610
49818.73926 0.2738
49818.74121 0.2734
49819.73242 0.2365
49819.73389 0.2316
49819.73486 0.2400
