2444191.80000 0.3983
2445665.03700 0.6884
2445665.03800 0.7014
2445665.03900 0.6957
2445681.94600 0.6623
2445681.94700 0.6763
2445681.94800 0.6840
2445687.95100 0.6278
2445687.95100 0.6313
2445687.95200 0.6152
2445697.03200 0.6753
2445697.03200 0.6915
2445697.03300 0.6844
2445708.97700 0.6779
2445708.97700 0.6701
2445708.97800 0.6784
2445722.97800 0.6058
2445722.97900 0.6159
2445722.98000 0.6137
2445738.90000 0.6852
2445738.90000 0.7011
2445738.90100 0.6815
2445748.74600 0.6871
2445748.74700 0.6542
2445748.74800 0.6552
2445753.83100 0.6499
2445753.83300 0.6532
2445753.83400 0.6566
2445764.73700 0.6346
2445764.73800 0.6477
2445764.74000 0.6403
2445778.83606 0.6764
2445778.83679 0.6852
2445778.83740 0.6734
2445785.67800 0.6766
2445785.67900 0.6472
2445785.67900 0.6890
2445793.76700 0.6244
2445793.76700 0.6170
2445793.76800 0.6208
2445802.80261 0.6368
2445802.80396 0.6388
2445802.80505 0.6503
2445808.73694 0.6638
2445808.73743 0.6922
2445808.73804 0.6784
2445819.77800 0.6539
2445819.77900 0.6765
2445819.78000 0.6871
2445826.68600 0.6329
2445826.68700 0.6322
2445826.68800 0.6223
2445835.68579 0.6505
2445835.68640 0.6784
2445835.68726 0.6695
2445840.68396 0.6789
2445840.68457 0.6914
2445840.68518 0.6826
2445846.68274 0.6956
2445846.68347 0.6726
2445846.68420 0.6663
2445855.68469 0.6625
2445855.68530 0.6762
2445855.68616 0.6728
2446007.04272 0.6498
2446007.04346 0.6529
2446007.04431 0.6523
2446050.05225 0.6713
2446050.05322 0.6679
2446050.05396 0.6713
2446056.98828 0.6708
2446056.99121 0.6621
2446056.99365 0.6649
2446065.03540 0.6320
2446065.03613 0.6301
2446065.03687 0.6281
2446069.98779 0.6147
2446069.98853 0.6190
2446069.98926 0.6271
2446085.42822 0.6631
2446085.43994 0.6705
2446085.45190 0.6793
2446108.84766 0.6308
2446108.84863 0.6222
2446108.84937 0.6256
2446112.84448 0.6552
2446112.84497 0.6542
2446112.84570 0.6423
2446118.87158 0.6861
2446118.87256 0.6644
2446118.87354 0.6770
2446121.81348 0.6687
2446121.81445 0.6741
2446121.81519 0.6659
2446125.83423 0.6207
2446125.83521 0.6173
2446125.83618 0.6242
2446137.83716 0.6090
2446137.83813 0.6049
2446137.83936 0.6217
2446140.79688 0.6378
2446140.79785 0.6227
2446140.79858 0.6429
2446144.81470 0.6295
2446144.81543 0.6380
2446144.81616 0.6410
2446147.75073 0.6362
2446147.75171 0.6484
2446147.75342 0.6479
2446157.76392 0.6466
2446157.76465 0.6509
2446157.76538 0.6569
2446160.71533 0.6508
2446160.71655 0.6362
2446160.71802 0.6400
2446163.72290 0.6212
2446163.72363 0.6263
2446163.72412 0.6183
2446166.74731 0.6428
2446166.74805 0.6334
2446166.74878 0.6253
2446170.72314 0.6343
2446170.72363 0.6295
2446170.72437 0.6220
2446187.65234 0.6626
2446187.65356 0.6559
2446187.65479 0.6634
2446190.72388 0.6519
2446190.72485 0.6660
2446190.72559 0.6635
2446198.70752 0.6272
2446198.70898 0.6263
2446198.71021 0.6303
2446202.67578 0.6356
2446202.67676 0.6132
2446202.67749 0.6393
2446204.67334 0.6380
2446204.67407 0.6397
2446204.67480 0.6399
2446209.67554 0.6488
2446209.67773 0.6576
2446209.67969 0.6557
2446406.02612 0.5968
2446406.02710 0.6068
2446406.02783 0.6022
2446409.00684 0.6046
2446409.00781 0.5896
2446409.00879 0.5783
2446417.03052 0.6178
2446417.03125 0.6198
2446417.03198 0.6095
2446420.00000 0.6451
2446420.00098 0.6494
2446420.00195 0.6516
2446427.01636 0.6919
2446427.01709 0.6958
2446427.01807 0.6912
2446439.94092 0.5981
2446439.94165 0.6074
2446439.94238 0.5789
2446442.94336 0.6113
2446442.94409 0.5840
2446442.94507 0.5890
2446448.91016 0.6107
2446448.91089 0.5925
2446448.91187 0.5978
2446452.88867 0.6458
2446452.88989 0.6383
2446452.89087 0.6376
2446456.90210 0.7063
2446456.90283 0.6990
2446456.90381 0.7025
2446459.92480 0.7178
2446459.92578 0.7104
2446459.92676 0.7209
2446466.91504 0.6597
2446466.91602 0.6537
2446466.91699 0.6646
2446471.91797 0.6077
2446471.91870 0.6168
2446471.91943 0.6201
2446481.91577 0.5980
2446481.91650 0.5964
2446481.91772 0.5793
2446486.90796 0.6275
2446486.90894 0.6456
2446486.90991 0.6234
2446489.79248 0.6941
2446489.79321 0.6820
2446489.79395 0.6916
2446493.79980 0.7180
2446493.80054 0.7277
2446493.80103 0.7215
2446496.75146 0.7422
2446496.75244 0.7418
2446496.75317 0.7437
2446502.79883 0.6704
2446502.79956 0.6613
2446502.80054 0.6669
2446507.75464 0.6039
2446507.75537 0.5970
2446507.75610 0.5883
2446510.87231 0.5564
2446510.87305 0.5650
2446510.87378 0.5733
2446513.71436 0.5501
2446513.71509 0.5573
2446513.71606 0.5608
2446517.82178 0.5647
2446517.82251 0.5635
2446517.82324 0.5655
2446523.76270 0.6486
2446523.76367 0.6538
2446523.76440 0.6568
2446529.76172 0.7141
2446529.76245 0.7152
2446529.76318 0.7218
2446532.75000 0.7280
2446532.75098 0.7092
2446532.75171 0.7168
2446535.71753 0.6925
2446535.71851 0.6804
2446535.71948 0.6903
2446539.72192 0.6307
2446539.72266 0.6291
2446539.72314 0.6350
2446542.65820 0.5944
2446542.65894 0.5977
2446542.65967 0.5867
2446545.70215 0.5561
2446545.70288 0.5678
2446545.70386 0.5781
2446551.69580 0.5612
2446551.69653 0.5587
2446551.69727 0.5597
2446557.67285 0.6297
2446557.67358 0.6139
2446557.67432 0.6376
2446560.68604 0.6676
2446560.68677 0.6758
2446560.68750 0.6638
2446566.71387 0.7046
2446566.71484 0.6968
2446566.71582 0.6919
2446569.66748 0.6849
2446569.66821 0.6851
2446569.66895 0.6889
2446573.68335 0.6542
2446573.68408 0.6774
2446573.68506 0.6613
2446577.66748 0.5769
2446577.66846 0.5829
2446577.66919 0.5838
2446770.00342 0.6349
2446770.00635 0.6187
2446775.98804 0.7100
2446775.98877 0.6949
2446775.98975 0.6998
2446778.97583 0.7050
2446778.97681 0.7011
2446778.97778 0.6893
2446786.01001 0.6208
2446786.01074 0.6357
2446786.01172 0.6390
2446801.99634 0.6044
2446801.99707 0.6077
2446801.99780 0.6106
2446804.95361 0.6530
2446804.95435 0.6388
2446804.95508 0.6289
2446807.96631 0.6780
2446807.96680 0.6775
2446807.96753 0.6834
2446813.90381 0.7118
2446813.90479 0.7186
2446813.90527 0.6933
2446817.91577 0.6368
2446817.91650 0.6499
2446817.91724 0.6494
2446829.91602 0.5850
2446829.91748 0.5493
2446829.91821 0.5521
2446832.92603 0.5597
2446832.92676 0.5676
2446832.92749 0.5549
2446855.81494 0.6114
2446855.81592 0.6177
2446855.81689 0.6224
2446868.78271 0.5631
2446868.78369 0.5745
2446868.78442 0.5779
2446873.79053 0.6247
2446873.79126 0.6315
2446873.79248 0.6237
2446883.72437 0.6390
2446883.72485 0.6755
2446883.72559 0.6421
2446892.71362 0.6191
2446892.71460 0.6184
2446892.71558 0.6145
2446895.74829 0.6026
2446895.74902 0.5938
2446895.74976 0.6033
2446900.75317 0.5995
2446900.75415 0.5934
2446900.75537 0.5911
2446905.75000 0.5927
2446905.75098 0.5842
2446905.75171 0.5758
2446920.70337 0.6330
2446920.70410 0.6336
2446920.70483 0.6434
2447130.05493 0.6049
2447130.05591 0.6085
2447130.05664 0.6100
2447151.01367 0.6523
2447151.01440 0.6467
2447151.01514 0.6494
2447158.04590 0.6430
2447158.04688 0.6475
2447158.04761 0.6616
2447158.04883 0.6464
2447158.04956 0.6427
2447160.99585 0.6478
2447160.99707 0.6392
2447160.99805 0.6327
2447160.99951 0.6431
2447161.00049 0.6352
2447166.97290 0.6167
2447166.97363 0.6067
2447166.97437 0.6117
2447169.91943 0.5989
2447169.92041 0.6108
2447169.92139 0.6045
2447181.97388 0.6239
2447181.97485 0.6258
2447181.97559 0.6326
2447184.94141 0.6272
2447184.94238 0.6276
2447184.94336 0.6334
2447194.97754 0.6505
2447194.97852 0.6557
2447194.97925 0.6545
2447198.91821 0.6284
2447198.91895 0.6393
2447198.91992 0.6396
2447204.92090 0.5954
2447204.92188 0.5937
2447204.92310 0.5947
2447207.90625 0.5779
2447207.90698 0.5726
2447207.90796 0.5712
2447211.90088 0.5994
2447211.90186 0.6009
2447211.90308 0.5882
2447215.87549 0.6117
2447215.87646 0.6162
2447215.87769 0.6136
2447227.75684 0.6446
2447227.75781 0.6392
2447227.75903 0.6358
2447234.89160 0.6053
2447234.89258 0.6085
2447234.89355 0.6083
2447239.79199 0.5987
2447239.79297 0.6001
2447239.79419 0.6083
2447250.76758 0.6351
2447250.76855 0.6380
2447250.76929 0.6323
2447253.72168 0.6456
2447253.72266 0.6591
2447253.72339 0.6509
2447257.77319 0.6695
2447257.77441 0.6618
2447257.77539 0.6704
2447278.72705 0.5778
2447278.72803 0.5980
2447278.72900 0.5816
2447285.67505 0.6376
2447285.67578 0.6376
2447285.67676 0.6322
2447291.75732 0.6374
2447291.75854 0.6573
2447291.76001 0.6594
2447291.76123 0.6442
2447291.76270 0.6419
2447297.69629 0.6216
2447297.69727 0.6298
2447297.69824 0.6550
2447301.67700 0.6172
2447301.67822 0.6164
2447301.67920 0.6117
2447306.68970 0.5877
2447306.69067 0.5895
2447306.69165 0.5977
2447496.03345 0.6182
2447496.03491 0.6114
2447496.03638 0.6183
2447508.01196 0.6429
2447508.01294 0.6472
2447508.01416 0.6487
2447523.04565 0.6186
2447523.04639 0.6221
2447523.04761 0.6224
2447535.97241 0.6363
2447535.97339 0.6436
2447535.97412 0.6381
2447542.84082 0.6350
2447542.84204 0.6302
2447542.84326 0.6355
2447557.91724 0.6515
2447557.91821 0.6429
2447557.91943 0.6420
2447570.84155 0.6527
2447570.84302 0.6361
2447570.84448 0.6398
2447574.81860 0.6299
2447574.81982 0.6247
2447574.82129 0.6207
2447580.79712 0.6277
2447580.79834 0.6308
2447580.79980 0.6279
2447585.86084 0.6469
2447585.86206 0.6476
2447585.86328 0.6436
2447592.80005 0.6594
2447592.80103 0.6614
2447592.80225 0.6543
2447608.73682 0.6566
2447608.73804 0.6618
2447608.73926 0.6637
2447620.75977 0.6192
2447620.76050 0.6300
2447620.76172 0.6198
2447624.75098 0.6507
2447624.75195 0.6405
2447624.75342 0.6428
2447628.74902 0.6250
2447628.75000 0.6167
2447628.75122 0.6231
2447649.70264 0.6231
2447649.70386 0.6229
2447649.70508 0.6139
2447920.91431 0.6944
2447920.91528 0.7045
2447920.91626 0.7078
2447933.92432 0.7339
2447933.92554 0.7379
2447933.92676 0.7205
2447977.77905 0.6995
2447977.78027 0.6991
2447977.78149 0.6899
2448176.04736 0.7735
2448176.04834 0.7762
2448176.04932 0.7775
2449057.80664 0.8013
2449057.80811 0.7924
2449057.80908 0.7954
2449069.76660 0.7700
2449069.76807 0.7698
2449069.76953 0.7651
2449089.78906 0.7788
2449089.79102 0.7920
2449089.79248 0.7804
2449094.74072 0.7863
2449094.74219 0.7963
2449094.74365 0.7908
2449099.74219 0.7504
2449099.74365 0.7552
2449099.74512 0.7538
2449103.71143 0.7542
2449103.71289 0.7542
2449103.71436 0.7522
2449126.67480 0.8054
2449126.67627 0.8010
2449126.67773 0.7985
2449361.91650 0.7840
2449361.91797 0.7982
2449361.91992 0.7976
2449421.81689 0.8160
2449421.81787 0.8095
2449421.81934 0.8067
2449425.81348 0.7848
2449425.81494 0.7886
2449425.81592 0.7837
2449434.78662 0.8110
2449434.78809 0.8189
2449434.78906 0.8079
2449458.68506 0.7773
2449458.68604 0.7826
2449458.68701 0.7920
2449462.71387 0.7709
2449462.71484 0.7768
2449462.71631 0.7693
2449486.69434 0.8193
2449486.69580 0.8170
2449486.69678 0.8183
2449759.91650 0.8438
2449759.91748 0.8467
2449759.91846 0.8487
2449771.82275 0.7743
2449771.82422 0.7915
2449771.82520 0.7720
