2446418.00879 0.3959
2446418.00977 0.3905
2446418.01050 0.3955
2446421.02271 0.3662
2446421.02344 0.3703
2446421.02417 0.3628
2446427.99463 0.3776
2446427.99561 0.3695
2446427.99634 0.3815
2446439.00415 0.3649
2446439.00488 0.3757
2446439.00562 0.3628
2446441.93481 0.3669
2446441.93555 0.3601
2446441.93628 0.3627
2446447.93848 0.3594
2446447.93921 0.3683
2446447.93970 0.3759
2446450.88037 0.4006
2446450.88135 0.3863
2446450.88232 0.3994
2446455.97925 0.3475
2446455.97998 0.3534
2446455.98071 0.3604
2446458.90210 0.3675
2446458.90283 0.3612
2446458.90356 0.3531
2446466.88965 0.3680
2446466.89038 0.3622
2446466.89111 0.3546
2446472.88916 0.3492
2446472.89014 0.3613
2446472.89087 0.3602
2446481.90161 0.3791
2446481.90283 0.3926
2446481.90430 0.3720
2446487.90674 0.3492
2446487.90771 0.3637
2446487.90869 0.3664
2446490.85522 0.3680
2446490.85620 0.3596
2446490.85718 0.3656
2446492.83618 0.3591
2446492.83740 0.3544
2446492.83887 0.3541
2446495.81006 0.3614
2446495.81104 0.3467
2446495.81177 0.3541
2446498.80859 0.3649
2446498.81006 0.3796
2446498.81152 0.3768
2446502.79272 0.3551
2446502.79370 0.3593
2446502.79468 0.3671
2446507.78638 0.3554
2446507.78809 0.3532
2446507.78955 0.3625
2446510.78809 0.3512
2446510.78906 0.3499
2446510.79004 0.3574
2446514.71021 0.3519
2446514.71118 0.3529
2446514.71216 0.3612
2446517.78271 0.3957
2446517.78345 0.3943
2446517.78418 0.4029
2446521.78833 0.3523
2446521.78931 0.3476
2446521.79004 0.3576
2446525.76465 0.3499
2446525.76587 0.3371
2446525.76709 0.3503
2446529.74951 0.3657
2446529.75049 0.3608
2446529.75122 0.3516
2446534.71802 0.3546
2446534.71899 0.3629
2446534.71997 0.3700
2446537.73022 0.3694
2446537.73145 0.3743
2446537.73267 0.3542
2446540.69849 0.3715
2446540.69922 0.3682
2446540.69995 0.3617
2446544.72021 0.3645
2446544.72119 0.3684
2446544.72217 0.3697
2446549.72754 0.4729
2446549.72827 0.4674
2446549.72925 0.4591
2446558.70435 0.3651
2446558.70630 0.3678
2446558.70801 0.3654
2446562.66333 0.3685
2446562.66431 0.3804
2446562.66553 0.3724
2446566.68823 0.3776
2446566.68994 0.3711
2446566.69189 0.3713
2446569.66089 0.3789
2446569.66187 0.3796
2446569.66284 0.3706
2446573.66553 0.3778
2446573.66724 0.3792
2446573.66895 0.3763
2446768.04321 0.3597
2446768.04443 0.3734
2446768.04565 0.3560
2446775.06006 0.3722
2446775.06226 0.3685
2446775.06470 0.3501
2446777.98120 0.3737
2446777.98218 0.3780
2446777.98340 0.3828
2446786.04907 0.3843
2446786.05127 0.3911
2446786.05347 0.3874
2446801.97632 0.3814
2446801.97803 0.3655
2446801.97998 0.3559
2446806.00391 0.3778
2446806.00708 0.3624
2446806.01147 0.3556
2446808.96191 0.3598
2446808.96875 0.3633
2446808.97119 0.3625
2446811.93311 0.3618
2446811.93579 0.3855
2446811.93896 0.3896
2446814.90137 0.3474
2446814.90332 0.3419
2446814.90552 0.3484
2446830.93042 0.3500
2446830.93262 0.3574
2446830.93506 0.3617
2446834.93213 0.3648
2446834.93384 0.3605
2446834.93530 0.3700
2446845.90503 0.3515
2446845.90747 0.3547
2446845.91016 0.3449
2446857.81104 0.3672
2446857.81226 0.3650
2446857.81372 0.3607
2446867.77808 0.3706
2446867.77954 0.3649
2446867.78101 0.3808
2446871.81714 0.3820
2446871.81885 0.3668
2446871.82056 0.3843
2446874.74561 0.3647
2446874.74902 0.3769
2446874.75269 0.3899
2446883.73853 0.3932
2446883.74048 0.4144
2446883.74219 0.4107
2446892.70410 0.3524
2446892.70605 0.3767
2446892.70776 0.3728
2446895.74023 0.3580
2446895.74194 0.3787
2446895.74341 0.3602
2446899.76123 0.3558
2446899.76343 0.3590
2446899.76538 0.3671
2446905.73804 0.3776
2446905.74097 0.3699
2446905.74414 0.3596
2446919.69751 0.3769
2446919.69897 0.4080
2446919.70068 0.3785
2447133.04297 0.3838
2447133.04395 0.3749
2447133.04468 0.3768
2447141.07227 0.3729
2447141.07349 0.3827
2447141.07446 0.3750
2447144.96899 0.3744
2447144.96973 0.3783
2447144.97046 0.3806
2447150.03711 0.3708
2447150.03809 0.3758
2447150.03906 0.3703
2447158.01392 0.3592
2447158.01465 0.3643
2447158.01538 0.3689
2447162.99536 0.3670
2447162.99658 0.3690
2447162.99756 0.3643
2447166.93823 0.3768
2447166.93970 0.3752
2447166.94092 0.3733
2447169.90942 0.3747
2447169.91064 0.3878
2447169.91162 0.3839
2447174.96338 0.3667
2447174.96411 0.3610
2447174.96509 0.3589
2447181.94873 0.3466
2447181.94946 0.3652
2447181.95044 0.3570
2447184.95728 0.4027
2447184.95801 0.4092
2447184.95874 0.4152
2447194.96289 0.3525
2447194.96362 0.3532
2447194.96460 0.3547
2447200.92358 0.3693
2447200.92480 0.3598
2447200.92603 0.3594
2447204.88843 0.3666
2447204.88940 0.3609
2447204.89063 0.3609
2447207.89111 0.3673
2447207.89209 0.3655
2447207.89307 0.3643
2447211.87866 0.3743
2447211.87964 0.3704
2447211.88062 0.3728
2447215.90088 0.3547
2447215.90210 0.3541
2447215.90332 0.3549
2447225.78662 0.3622
2447225.78760 0.3609
2447225.78857 0.3599
2447229.86816 0.3675
2447229.86938 0.3675
2447229.87036 0.3793
2447229.87134 0.3718
2447229.87256 0.3673
2447233.80518 0.3657
2447233.80640 0.3656
2447233.80737 0.3692
2447239.78076 0.3640
2447239.78174 0.3599
2447239.78247 0.3640
2447251.77197 0.4177
2447251.77344 0.4029
2447251.77441 0.4143
2447254.76538 0.3651
2447254.76636 0.3653
2447254.76733 0.3696
2447257.74585 0.3671
2447257.74707 0.3744
2447257.74805 0.3697
2447263.80933 0.3653
2447263.81104 0.3599
2447263.81226 0.3644
2447278.71216 0.3673
2447278.71338 0.3564
2447278.71460 0.3590
2447285.68262 0.4496
2447285.68384 0.4399
2447285.68506 0.4340
2447297.68164 0.3696
2447297.68286 0.3780
2447297.68408 0.3881
2447301.66260 0.3787
2447301.66382 0.3919
2447301.66504 0.3866
2447307.66040 0.4047
2447307.66138 0.4014
2447307.66235 0.4022
2447496.00562 0.3464
2447496.00708 0.3581
2447496.00854 0.3551
2447507.99414 0.3567
2447507.99536 0.3524
2447507.99658 0.3612
2447523.02734 0.3592
2447523.02856 0.3545
2447523.02954 0.3624
2447535.93408 0.3528
2447535.93506 0.3588
2447535.93579 0.3622
2447541.89795 0.3596
2447541.89868 0.3579
2447541.89966 0.3740
2447545.92773 0.4111
2447545.92944 0.4030
2447545.93115 0.4076
2447557.89722 0.3376
2447557.89868 0.3441
2447557.89990 0.3570
2447574.78003 0.3590
2447574.78125 0.3624
2447574.78247 0.3689
2447579.81494 0.3582
2447579.81616 0.3593
2447579.81787 0.3501
2447583.90405 0.3533
2447583.90552 0.3502
2447583.90698 0.3541
2447592.78198 0.3642
2447592.78345 0.3499
2447592.78491 0.3500
2447601.81982 0.3532
2447601.82129 0.3568
2447601.82275 0.3725
2447615.75806 0.3593
2447615.75952 0.3692
2447615.76074 0.3655
2447620.75146 0.4839
2447620.75244 0.4687
2447620.75342 0.4941
2447624.74194 0.3490
2447624.74341 0.3489
2447624.74487 0.3421
2447628.73242 0.3719
2447628.73340 0.3662
2447628.73486 0.3756
2447635.70093 0.3860
2447635.70215 0.3787
2447635.70313 0.3819
2447638.71582 0.3830
2447638.71753 0.3862
2447638.71924 0.3855
2447647.68848 0.3636
2447647.69092 0.3582
2447647.69287 0.3674
2447878.99854 0.3810
2447878.99976 0.3744
2447879.00098 0.3681
2447897.94995 0.3731
2447897.95142 0.3667
2447897.95264 0.3783
2447902.97681 0.3780
2447902.97827 0.3798
2447902.97974 0.3729
2447921.88281 0.2410
2447921.88428 0.2350
2447921.88550 0.2374
2447933.90137 0.3766
2447933.90259 0.3754
2447933.90381 0.3699
2447976.73755 0.3838
2447976.73877 0.3830
2447976.73975 0.3713
2449057.79150 0.4089
2449057.79248 0.3904
2449057.79395 0.4182
2449067.78320 0.3837
2449067.78467 0.3855
2449067.78613 0.3932
2449098.72607 0.3715
2449098.72803 0.3602
2449098.72949 0.3758
2449118.68164 0.3742
2449118.68311 0.3950
2449118.68408 0.3887
2449360.89697 0.4675
2449360.89844 0.4520
2449360.89990 0.4673
2449365.89014 0.3651
2449365.89111 0.3689
2449365.89307 0.3675
2449396.88184 0.3616
2449396.88330 0.3675
2449396.88477 0.3730
2449420.82471 0.3775
2449420.82617 0.3730
2449420.82715 0.3732
2449425.79102 0.3861
2449425.79199 0.3895
2449425.79346 0.3838
2449428.78662 0.4024
2449428.78760 0.3880
2449428.78906 0.3988
2449433.76904 0.3710
2449433.77002 0.3586
2449433.77100 0.3689
2449449.77295 0.3530
2449449.77393 0.3752
2449449.77539 0.3743
2449454.74170 0.3805
2449454.74316 0.3814
2449454.74414 0.3792
2449457.73926 0.3654
2449457.74023 0.3577
2449457.74170 0.3657
2449461.72266 0.4106
2449461.72363 0.4157
2449461.72510 0.4087
2449464.74268 0.3617
2449464.74414 0.3682
2449464.74512 0.3725
2449482.68311 0.3716
2449482.68457 0.3745
2449482.68555 0.3751
2449485.67285 0.3807
2449485.67383 0.3771
2449485.67480 0.3745
2449730.94189 0.3807
2449730.94287 0.3782
2449730.94434 0.3820
2449753.88525 0.3841
2449753.88623 0.3917
2449753.88721 0.3763
2449758.89795 0.3801
2449758.89893 0.3713
2449758.90039 0.3765
2449761.88818 0.5530
2449761.88965 0.5408
2449761.89062 0.5399
2449770.87646 0.3721
2449770.87793 0.3762
2449770.87891 0.3914
2449792.77979 0.3730
2449792.78076 0.3668
2449792.78223 0.3568
2449802.77441 0.3832
2449802.77539 0.3759
2449802.77686 0.3658
2449819.75000 0.3610
2449819.75098 0.3512
2449819.75195 0.3545
