44206.80000 0.2225
45661.05700 0.4351
45661.05800 0.4262
45661.05900 0.4339
45668.06300 0.4284
45668.06300 0.4363
45668.06400 0.4406
45681.99000 0.4481
45681.99100 0.4462
45681.99200 0.4510
45688.00200 0.4582
45688.00300 0.4617
45688.00400 0.4545
45691.99100 0.4489
45691.99200 0.4433
45691.99200 0.4390
45698.97200 0.4434
45698.97300 0.4419
45698.97400 0.4403
45708.99100 0.4469
45708.99200 0.4601
45708.99300 0.4544
45710.98300 0.4544
45710.98400 0.4503
45710.98400 0.4426
45714.91600 0.4331
45714.91700 0.4322
45714.91700 0.4376
45715.94800 0.4435
45715.94800 0.4379
45715.94900 0.4354
45722.91300 0.4226
45722.91400 0.4170
45722.91400 0.4299
45724.95900 0.4257
45724.96000 0.4159
45724.96000 0.4041
45727.89600 0.4355
45727.89700 0.4325
45727.89800 0.4212
45737.89800 0.4291
45737.89800 0.4395
45737.89900 0.4290
45739.85900 0.4299
45739.85900 0.4243
45739.86000 0.4236
45741.90900 0.4322
45741.91000 0.4349
45741.91000 0.4272
45748.89400 0.4408
45748.89500 0.4394
45748.89600 0.4404
45751.83200 0.4432
45751.83200 0.4234
45751.83300 0.4406
45753.85200 0.4275
45753.85300 0.4220
45753.85400 0.4179
45756.84100 0.4352
45756.84200 0.4252
45756.84200 0.4434
45762.77300 0.4274
45762.77400 0.4283
45762.77500 0.4257
45764.77800 0.4379
45764.77900 0.4330
45764.78000 0.4266
45769.75562 0.4451
45769.75647 0.4481
45769.75708 0.4234
45779.79100 0.4426
45779.79200 0.4338
45779.79200 0.4451
45782.75300 0.4366
45782.75400 0.4437
45782.75400 0.4371
45784.80164 0.4444
45784.80225 0.4464
45784.80273 0.4506
45785.77600 0.4469
45785.77700 0.4240
45785.77800 0.4293
45787.77258 0.4353
45787.77368 0.4315
45787.77429 0.4369
45790.80627 0.4359
45790.80688 0.4426
45790.80750 0.4346
45793.75400 0.4312
45793.75500 0.4190
45793.75500 0.4407
45797.75700 0.4314
45797.75800 0.4200
45797.75800 0.4189
45801.73840 0.4311
45801.73901 0.4173
45801.73962 0.4203
45803.73000 0.4225
45803.73100 0.4165
45803.73200 0.4109
45805.72200 0.4192
45805.72200 0.4219
45805.72300 0.4222
45807.70032 0.4118
45807.70093 0.4136
45807.70142 0.4131
45812.65600 0.4167
45812.65600 0.4197
45812.65700 0.4210
45814.68600 0.4235
45814.68600 0.4224
45814.68700 0.4217
45826.67800 0.4268
45826.67900 0.4257
45826.68000 0.4232
45828.70700 0.4317
45828.70800 0.4241
45828.70900 0.4295
46065.95532 0.4152
46065.95654 0.4223
46065.95776 0.4171
46070.04810 0.4008
46070.04932 0.4123
46070.05078 0.4052
46084.52783 0.4200
46084.54370 0.4132
46084.56055 0.4031
46108.82983 0.4136
46108.83057 0.4134
46108.83130 0.4207
46112.86108 0.4225
46112.86206 0.4126
46112.86304 0.4236
46118.84009 0.4184
46118.84204 0.4143
46118.84375 0.4236
46120.83594 0.4318
46120.83691 0.4188
46120.83765 0.4138
46125.80933 0.4249
46125.81030 0.4270
46125.81128 0.4314
46128.83594 0.4242
46128.83691 0.4140
46128.83838 0.4169
46137.77173 0.4145
46137.77344 0.4006
46137.77466 0.4017
46140.83252 0.4080
46140.83472 0.3989
46140.83667 0.4063
46144.72363 0.3908
46144.72510 0.4014
46144.72632 0.4090
46147.71948 0.4083
46147.72119 0.4096
46147.72266 0.4027
46157.71216 0.4063
46157.71289 0.4159
46157.71387 0.4126
46160.73706 0.4134
46160.73828 0.4054
46160.73926 0.4144
46163.68530 0.4112
46163.68579 0.4136
46163.68677 0.4074
46166.70972 0.4119
46166.71094 0.4066
46166.71216 0.4084
46170.70215 0.4058
46170.70288 0.4157
46170.70410 0.4157
46179.69312 0.4078
46179.69434 0.4057
46179.69653 0.4054
46183.68970 0.4051
46183.69067 0.4228
46183.69141 0.4054
46187.64795 0.4130
46187.64893 0.4187
46187.64990 0.4192
46192.64551 0.4247
46192.64673 0.4264
46192.64819 0.4240
46198.64966 0.4240
46198.65186 0.4269
46198.65356 0.4356
46203.65381 0.4312
46203.65552 0.4361
46203.65698 0.4344
46418.01660 0.4082
46418.01758 0.4114
46418.01855 0.4092
46421.03003 0.4085
46421.03076 0.4078
46421.03174 0.4073
46439.01099 0.4068
46439.01196 0.4094
46439.01294 0.4033
46441.94067 0.4135
46441.94165 0.4098
46441.94238 0.4114
46447.94458 0.4065
46447.94556 0.4165
46447.94629 0.4069
46450.88745 0.4169
46450.88843 0.4101
46450.88940 0.4168
46455.98315 0.4215
46455.98462 0.4279
46455.98535 0.4184
46458.91064 0.4114
46458.91162 0.4140
46458.91235 0.4108
46466.88501 0.4094
46466.88599 0.4064
46466.88696 0.4118
46471.93896 0.4215
46471.93994 0.4228
46471.94067 0.4208
46483.87451 0.4338
46483.87622 0.4203
46483.87744 0.4401
46488.81006 0.4403
46488.81104 0.4399
46488.81201 0.4378
46491.80566 0.4361
46491.80664 0.4255
46491.80713 0.4264
46495.81396 0.4417
46495.81470 0.4413
46495.81567 0.4379
46498.80273 0.4337
46498.80347 0.4218
46498.80420 0.4328
46504.80371 0.4223
46504.80469 0.4211
46504.80542 0.4199
46509.76392 0.4184
46509.76489 0.4180
46509.76563 0.4193
46512.72437 0.4240
46512.72510 0.4273
46512.72607 0.4256
46517.78613 0.4314
46517.78687 0.4267
46517.78760 0.4152
46525.77100 0.4147
46525.77197 0.3997
46525.77271 0.4073
46529.74341 0.4052
46529.74438 0.4001
46529.74536 0.4013
46532.75635 0.4006
46532.75708 0.4120
46532.75757 0.4116
46537.72437 0.3991
46537.72534 0.3903
46537.72607 0.4055
46540.69141 0.4022
46540.69214 0.3998
46540.69287 0.3938
46549.73145 0.4043
46549.73218 0.4048
46549.73291 0.4046
46558.69824 0.4053
46558.69873 0.4137
46558.69946 0.4129
46562.65674 0.4161
46562.65771 0.4090
46562.65845 0.4136
46568.66064 0.4131
46568.66138 0.4131
46568.66235 0.4159
46571.66333 0.4182
46571.66431 0.4160
46571.66504 0.4248
46766.05737 0.3985
46766.05811 0.3924
46766.05859 0.3945
46777.99829 0.3850
46777.99927 0.3796
46778.00024 0.3966
46785.98633 0.4034
46785.98730 0.3953
46785.98853 0.4011
46791.97583 0.3920
46791.97681 0.3948
46791.97778 0.3894
46805.92554 0.3943
46805.92676 0.3800
46805.92773 0.3967
46808.92798 0.3772
46808.92871 0.3886
46808.92944 0.3874
46811.92114 0.3916
46811.92310 0.3966
46811.92505 0.4018
46814.92017 0.3980
46814.92090 0.4009
46814.92188 0.3784
46829.92578 0.3910
46829.92725 0.3954
46829.93115 0.4046
46832.87671 0.3945
46832.87744 0.3851
46832.87842 0.4042
46847.86792 0.3804
46847.86841 0.4016
46847.86914 0.3898
46855.80176 0.4077
46855.80273 0.4028
46855.80371 0.3921
46867.81323 0.3916
46867.81396 0.4029
46867.81494 0.4058
46872.77856 0.3939
46872.77930 0.3990
46872.78027 0.3924
46875.76318 0.3869
46875.76416 0.3861
46875.76489 0.3970
46880.76636 0.3983
46880.76733 0.4029
46880.76831 0.4160
46891.69702 0.3970
46891.69800 0.3990
46891.69873 0.3961
46894.70068 0.3881
46894.70166 0.4005
46894.70239 0.3933
46898.72070 0.3777
46898.72144 0.3867
46898.72241 0.3961
46901.66772 0.3879
46901.66870 0.3893
46901.66968 0.3854
46906.66504 0.3988
46906.66577 0.4064
46906.66650 0.3992
46918.65796 0.4027
46918.65869 0.4034
46918.65942 0.3870
46921.64307 0.3977
46921.64404 0.3941
46921.64526 0.4050
46930.64648 0.4098
46930.64722 0.4060
46930.64795 0.3966
46933.65088 0.3921
46933.65186 0.3919
46933.65283 0.4020
47144.99756 0.4611
47144.99854 0.4624
47144.99976 0.4742
47150.99463 0.4476
47150.99585 0.4475
47150.99683 0.4496
47167.00317 0.4344
47167.00391 0.4396
47167.00464 0.4407
47169.94409 0.4245
47169.94482 0.4298
47169.94556 0.4340
47180.95435 0.4355
47180.95532 0.4219
47180.95630 0.4300
47183.91968 0.4286
47183.92065 0.4249
47183.92139 0.4253
47200.93823 0.4558
47200.93921 0.4584
47200.94043 0.4550
47205.86450 0.4477
47205.86523 0.4504
47205.86621 0.4569
47209.87427 0.4555
47209.87524 0.4586
47209.87622 0.4570
47212.88721 0.4626
47212.88794 0.4674
47212.88867 0.4588
47216.86401 0.4624
47216.86499 0.4709
47216.86597 0.4635
47225.86963 0.4822
47225.87036 0.4811
47225.87109 0.4768
47239.80420 0.4486
47239.80566 0.4391
47239.80688 0.4424
47253.73560 0.4325
47253.73682 0.4286
47253.73779 0.4335
47257.82300 0.4283
47257.82397 0.4274
47257.82495 0.4377
47280.71021 0.4227
47280.71118 0.4233
47280.71216 0.4289
47284.69971 0.4173
47284.70068 0.4161
47284.70142 0.4164
47298.70386 0.4259
47298.70459 0.4325
47298.70557 0.4293
47301.66943 0.4203
47301.67065 0.4244
47301.67163 0.4260
47306.67383 0.4542
47306.67505 0.4454
47306.67627 0.4474
47498.04297 0.4172
47498.04395 0.4216
47498.04541 0.4195
47508.03003 0.4221
47508.03101 0.4154
47508.03223 0.4119
47535.94165 0.4312
47535.94263 0.4278
47535.94336 0.4345
47545.93530 0.4323
47545.93677 0.4240
47545.93872 0.4319
47557.88696 0.4129
47557.88843 0.4090
47557.88965 0.4133
47574.82544 0.4310
47574.82690 0.4330
47574.82837 0.4288
47580.81519 0.4373
47580.81641 0.4400
47580.81763 0.4353
47583.89551 0.4360
47583.89673 0.4331
47583.89795 0.4371
47614.77612 0.4639
47614.77734 0.4625
47614.77881 0.4580
47620.73877 0.4469
47620.74048 0.4431
47620.74243 0.4452
47624.73291 0.4517
47624.73438 0.4498
47624.73584 0.4484
47627.75928 0.4452
47627.76099 0.4459
47627.76245 0.4493
47647.69580 0.4291
47647.69678 0.4360
47647.69800 0.4267
47897.97632 0.4945
47897.97778 0.5005
47897.97900 0.4954
47917.93188 0.4765
47917.93286 0.4829
47917.93384 0.4720
47920.90332 0.4723
47920.90430 0.4764
47920.90527 0.4733
47935.90918 0.4773
47935.91040 0.4781
47935.91138 0.4758
47976.76855 0.4870
47976.76953 0.4884
47976.77051 0.4873
48356.69824 0.4698
48356.69971 0.4653
48356.70117 0.4638
48577.06836 0.4847
48577.06934 0.4938
48577.07080 0.5034
49090.75293 0.4886
49090.75488 0.4839
49090.75635 0.4847
49360.91113 0.4698
49360.91260 0.4712
49360.91357 0.4786
49397.89893 0.4821
49397.90088 0.4793
49397.90283 0.4839
49426.77686 0.4944
49426.77832 0.4991
49426.77930 0.4957
49454.75537 0.4740
49454.75684 0.4728
49454.75781 0.4743
49463.74072 0.4712
49463.74219 0.4670
49463.74316 0.4689
49754.90186 0.5073
49754.90283 0.5088
49754.90430 0.5054
49772.82373 0.5280
49772.82520 0.5234
49772.82617 0.5260
49817.75586 0.4900
49817.75732 0.4793
49817.75830 0.4849
