44206.80000 0.1052
46665.94531 0.2130
46665.94604 0.2099
46665.94678 0.2061
46736.79468 0.2103
46736.79565 0.2145
46736.79663 0.2068
46803.63379 0.2192
46803.63525 0.2126
46803.63672 0.2187
47041.95776 0.2098
47041.95874 0.2113
47041.95947 0.2112
47115.77197 0.2148
47115.77295 0.2145
47115.77393 0.2169
47175.61841 0.2140
47175.61914 0.2133
47175.62012 0.2150
47428.92822 0.2142
47428.92920 0.2113
47428.93042 0.2134
47451.87256 0.2158
47451.87378 0.2151
47451.87500 0.2209
47474.71948 0.2169
47474.72070 0.2165
47474.72217 0.2194
47496.67676 0.2112
47496.67822 0.2176
47496.67969 0.2192
47542.65503 0.2230
47542.65576 0.2248
47542.65674 0.2242
47783.89941 0.2252
47783.90063 0.2247
47783.90186 0.2235
47845.73120 0.2195
47845.73242 0.2186
47845.73389 0.2209
48477.01611 0.2277
48477.01709 0.2277
48477.01855 0.2229
48580.72559 0.2313
48580.72705 0.2301
48580.72803 0.2282
