45785.73400 0.2221
45785.73600 0.2201
45785.73900 0.2211
46070.06299 0.2193
46070.06421 0.2250
46070.06519 0.2209
46110.82617 0.2182
46110.82690 0.2136
46110.82788 0.2177
46141.86206 0.2254
46141.86328 0.2098
46141.86426 0.2216
46178.73584 0.2164
46178.73755 0.2148
46178.73926 0.2165
46205.67871 0.2162
46205.68091 0.2142
46205.68311 0.2161
46418.03271 0.2133
46418.03345 0.2209
46418.03442 0.2167
46441.01221 0.2119
46441.01294 0.2164
46441.01367 0.2194
46486.92334 0.2207
46486.92432 0.2132
46486.92529 0.2149
46519.82715 0.2146
46519.82837 0.2140
46519.82935 0.2114
46548.74805 0.2148
46548.74902 0.2143
46548.74976 0.2123
46568.66650 0.2174
46568.66724 0.2168
46568.66821 0.2133
46585.69067 0.2170
46585.69165 0.2203
46585.69263 0.2222
46778.00684 0.2106
46778.00757 0.2146
46778.00854 0.2101
46844.90747 0.2121
46844.90869 0.2094
46844.90967 0.2131
46902.68457 0.2102
46902.68579 0.2043
46902.68701 0.2129
47151.04590 0.2175
47151.04688 0.2139
47151.04761 0.2172
47211.80957 0.2200
47211.81055 0.2149
47211.81177 0.2219
47277.67676 0.2138
47277.67773 0.2152
47277.67896 0.2157
47507.03027 0.2146
47507.03198 0.2145
47507.03345 0.2160
47542.87354 0.2124
47542.87500 0.2145
47542.87671 0.2183
47578.90259 0.2164
47578.90405 0.2183
47578.90503 0.2129
47613.76880 0.2154
47613.77100 0.2171
47613.77271 0.2160
47638.75000 0.2168
47638.75098 0.2144
47638.75220 0.2146
47647.70117 0.2132
47647.70239 0.2138
47647.70386 0.2175
48206.95752 0.2291
48206.95898 0.2287
48206.95996 0.2287
