2445687.04100 0.1780
2445687.04300 0.1829
2445687.04600 0.1762
2445691.95700 0.1771
2445691.96000 0.1719
2445691.96300 0.1687
2445697.95800 0.1844
2445697.96200 0.1797
2445697.96500 0.1817
2445705.98500 0.1784
2445705.98900 0.1828
2445705.99200 0.1783
2445707.01700 0.1668
2445707.02000 0.1685
2445707.02300 0.1732
2445709.98300 0.1633
2445709.98500 0.1806
2445709.98700 0.1769
2445711.96900 0.1738
2445711.97100 0.1706
2445711.97300 0.1694
2445714.93500 0.1713
2445714.93700 0.1805
2445714.93900 0.1771
2445715.96100 0.1703
2445715.96300 0.1713
2445715.96400 0.1785
2445716.95400 0.1729
2445716.95600 0.1725
2445716.95800 0.1690
2445723.00500 0.1697
2445723.00900 0.1672
2445723.01200 0.1663
2445724.96400 0.1733
2445724.96500 0.1717
2445724.96600 0.1725
2445728.88300 0.1705
2445728.88500 0.1748
2445728.88600 0.1723
2445737.90900 0.1752
2445737.91000 0.1785
2445737.91200 0.1777
2445739.92100 0.1667
2445739.92400 0.1715
2445739.92800 0.1635
2445741.92000 0.1729
2445741.92200 0.1697
2445741.92400 0.1679
2445746.84900 0.1717
2445746.85100 0.1733
2445746.85200 0.1781
2445748.92900 0.1685
2445748.93100 0.1670
2445748.93400 0.1665
2445750.95200 0.1772
2445750.95600 0.1758
2445750.96100 0.1727
2445753.91700 0.2502
2445753.91900 0.2400
2445753.92000 0.2598
2445756.87200 0.1728
2445756.87500 0.1700
2445756.87700 0.1692
2445761.91600 0.1685
2445761.91900 0.1673
2445761.92200 0.1708
2445766.74900 0.1678
2445766.75000 0.1636
2445766.75200 0.1725
2445779.80500 0.1629
2445779.80600 0.1717
2445779.80700 0.1760
2445782.77100 0.1623
2445782.77200 0.1695
2445782.77400 0.1689
2445784.80713 0.1757
2445784.80933 0.1692
2445784.81140 0.1687
2445786.80400 0.1703
2445786.80900 0.1701
2445786.81400 0.1663
2445790.82678 0.1629
2445790.82898 0.1636
2445790.83093 0.1645
2445793.77800 0.1645
2445793.78000 0.1637
2445793.78200 0.1644
2445797.78400 0.1709
2445797.78800 0.1691
2445797.79200 0.1673
2445800.80652 0.1654
2445800.80920 0.1641
2445800.81177 0.1626
2445803.77300 0.1677
2445803.77600 0.1664
2445803.77800 0.1655
2445805.76400 0.1659
2445805.76600 0.1684
2445805.76800 0.1671
2445807.74426 0.1739
2445807.74670 0.1700
2445807.74951 0.1703
2445812.70000 0.1689
2445812.70200 0.1653
2445812.70400 0.1714
2445814.70700 0.1712
2445814.70800 0.1722
2445814.71000 0.1719
2445822.78300 0.1744
2445822.78700 0.1743
2445822.79200 0.1728
2445824.72700 0.1701
2445824.73000 0.1657
2445824.73300 0.1682
2445826.73700 0.1697
2445826.74100 0.1713
2445826.74500 0.1759
2445828.76100 0.1686
2445828.76300 0.1721
2445828.76600 0.1756
2445830.72200 0.1724
2445830.72400 0.1783
2445830.72600 0.1729
2445832.70813 0.1748
2445832.71008 0.1779
2445832.71204 0.1789
2445836.69458 0.1670
2445836.69885 0.1685
2445836.70361 0.1666
2445838.68652 0.1706
2445838.68896 0.1751
2445838.69141 0.1818
2445840.70264 0.1693
2445840.70435 0.1618
2445840.70618 0.1781
2445842.67834 0.1786
2445842.68030 0.1701
2445842.68225 0.1668
2445845.69910 0.1714
2445845.70142 0.1762
2445845.70361 0.1817
2445848.67310 0.1750
2445848.67505 0.1658
2445848.67700 0.1741
2445852.70349 0.1716
2445852.70581 0.1704
2445852.70813 0.1799
2446058.00195 0.1665
2446058.00537 0.1579
2446058.00879 0.1584
2446071.02490 0.1716
2446071.02661 0.1758
2446071.02856 0.1657
2446086.32104 0.1687
2446086.33008 0.1648
2446086.33936 0.1717
2446110.83203 0.1741
2446110.83496 0.1720
2446110.83740 0.1748
2446112.86694 0.1659
2446112.86914 0.1764
2446112.87158 0.1653
2446120.86890 0.1661
2446120.87158 0.1605
2446120.87402 0.1657
2446123.81787 0.1705
2446123.82007 0.1696
2446123.82251 0.1585
2446125.81519 0.1704
2446125.81714 0.1735
2446125.81934 0.1671
2446128.84351 0.1685
2446128.84595 0.1753
2446128.84888 0.1667
2446140.85107 0.1727
2446140.85376 0.1666
2446140.85693 0.1734
2446142.77271 0.1672
2446142.77466 0.1610
2446142.77686 0.1705
2446145.70508 0.1634
2446145.70776 0.1710
2446145.71045 0.1702
2446147.82275 0.1726
2446147.82520 0.1673
2446147.82788 0.1756
2446149.71680 0.1684
2446149.71973 0.1700
2446149.72217 0.1705
2446158.72534 0.1693
2446158.72754 0.1718
2446158.72998 0.1722
2446160.74512 0.1634
2446160.74780 0.1611
2446160.75049 0.1670
2446162.81616 0.1787
2446162.81909 0.1697
2446162.82202 0.1736
2446164.73560 0.1749
2446164.73853 0.1725
2446164.74121 0.1697
2446166.72485 0.1776
2446166.72778 0.1763
2446166.73071 0.1794
2446169.75781 0.1675
2446169.76050 0.1617
2446169.76318 0.1702
2446190.76294 0.1681
2446190.76709 0.1676
2446190.77246 0.1691
2446193.74878 0.1705
2446193.75366 0.1717
2446193.75952 0.1706
2446203.68286 0.1741
2446203.68628 0.1725
2446203.69043 0.1732
2446209.70825 0.1734
2446209.71118 0.1742
2446209.71484 0.1669
2446210.68604 0.1737
2446210.68872 0.1887
2446210.69189 0.1798
2446422.00781 0.1782
2446422.00854 0.1793
2446422.00928 0.1769
2446439.97925 0.1813
2446439.97998 0.1772
2446439.98096 0.1773
2446441.94556 0.1760
2446441.94653 0.1738
2446441.94727 0.1745
2446444.00879 0.1860
2446444.01172 0.1766
2446444.01392 0.1796
2446447.98218 0.1768
2446447.98340 0.1749
2446447.98438 0.1793
2446449.95679 0.1788
2446449.95752 0.1771
2446449.95825 0.1749
2446452.95728 0.1772
2446452.95825 0.1793
2446452.95947 0.1768
2446455.98877 0.1699
2446455.98950 0.1698
2446455.99048 0.1760
2446457.92896 0.1808
2446457.92969 0.1704
2446457.93066 0.1725
2446459.96411 0.1766
2446459.96533 0.1732
2446459.96704 0.1721
2446464.00439 0.1791
2446464.00562 0.1753
2446464.00684 0.1754
2446467.89307 0.1807
2446467.89453 0.1706
2446467.89624 0.1752
2446471.94336 0.1833
2446471.94458 0.1794
2446471.94556 0.1769
2446486.93286 0.1750
2446486.93408 0.1716
2446486.93506 0.1732
2446488.81445 0.1767
2446488.81543 0.1827
2446488.81665 0.1745
2446490.86646 0.1722
2446490.86768 0.1773
2446490.86890 0.1831
2446492.91260 0.1806
2446492.91504 0.1800
2446492.91724 0.1855
2446495.82031 0.1805
2446495.82178 0.1743
2446495.82324 0.1830
2446508.77832 0.1839
2446508.78027 0.1762
2446508.78223 0.1843
2446510.88501 0.1864
2446510.88647 0.1813
2446510.88818 0.1772
2446513.76514 0.1850
2446513.76636 0.1822
2446513.76807 0.1867
2446515.75269 0.1878
2446515.75439 0.1755
2446515.75635 0.1874
2446523.78516 0.1803
2446523.78882 0.1786
2446523.79150 0.1819
2446525.77734 0.1744
2446525.77930 0.1742
2446525.78174 0.1811
2446530.73584 0.1788
2446530.73706 0.1857
2446530.73828 0.1783
2446534.72583 0.1822
2446534.72754 0.1742
2446534.72925 0.1809
2446538.74341 0.1769
2446538.74536 0.1739
2446538.74756 0.1772
2446541.72900 0.1742
2446541.73047 0.1665
2446541.73193 0.1754
2446548.75757 0.1657
2446548.75879 0.1717
2446548.76025 0.1744
2446552.76538 0.1781
2446552.76733 0.1793
2446552.76904 0.1740
2446559.75562 0.1677
2446559.75781 0.1735
2446559.75977 0.1743
2446562.70557 0.1778
2446562.70752 0.1774
2446562.70972 0.1712
2446568.69678 0.1763
2446568.69824 0.1783
2446568.69971 0.1782
2446571.68237 0.1742
2446571.68433 0.1745
2446571.68652 0.1779
2446575.68408 0.1726
2446575.68628 0.1645
2446575.68872 0.1660
2446577.68286 0.1718
2446577.68457 0.1774
2446577.68652 0.1682
2446579.68311 0.1667
2446579.68481 0.1687
2446579.68628 0.1734
2446777.06689 0.1707
2446777.06958 0.1707
2446777.07251 0.1683
2446779.02808 0.1692
2446779.03271 0.1629
2446779.03711 0.1675
2446791.98706 0.1740
2446791.99023 0.1689
2446791.99390 0.1613
2446799.01221 0.1711
2446799.01514 0.1671
2446799.01758 0.1724
2446804.99805 0.1505
2446806.98853 0.1604
2446806.99121 0.1644
2446806.99390 0.1748
2446810.00317 0.1663
2446810.00610 0.1603
2446810.00903 0.1636
2446814.94189 0.1668
2446814.94482 0.1714
2446814.94800 0.1628
2446816.99658 0.1759
2446817.00024 0.1665
2446817.00342 0.1670
2446828.95630 0.1677
2446828.95850 0.1678
2446828.96069 0.1697
2446832.94385 0.1607
2446832.94702 0.1581
2446832.94995 0.1678
2446834.95264 0.1730
2446834.95557 0.1668
2446843.90674 0.1643
2446843.90942 0.1655
2446843.91235 0.1619
2446847.88403 0.1625
2446847.88672 0.1714
2446847.88965 0.1687
2446857.84009 0.1703
2446857.84277 0.1643
2446857.84570 0.1762
2446865.80029 0.1696
2446865.80347 0.1730
2446865.80688 0.1717
2446872.78784 0.1757
2446872.79224 0.1737
2446872.79663 0.1725
2446875.78662 0.1693
2446875.78979 0.1636
2446875.79321 0.1659
2446883.82910 0.1733
2446883.83521 0.1566
2446883.84155 0.1646
2446888.79468 0.1749
2446888.79834 0.1884
2446888.80200 0.1605
2446892.73584 0.1642
2446892.73926 0.1747
2446892.74292 0.1692
2446896.76733 0.1659
2446896.77124 0.1687
2446896.77515 0.1652
2446898.77222 0.1797
2446898.77612 0.1723
2446898.78003 0.1668
2446901.73706 0.1584
2446901.74048 0.1701
2446901.74390 0.1629
2446903.74170 0.1588
2446903.74561 0.1699
2446903.74902 0.1749
2446907.72607 0.1656
2446907.72949 0.1677
2446907.73242 0.1642
2446918.71338 0.1711
2446918.71704 0.1687
2446918.72046 0.1768
2446921.70264 0.1624
2446921.70581 0.1733
2446921.70874 0.1734
2446928.68652 0.1627
2446928.69116 0.1604
2446928.69629 0.1627
2446931.66235 0.1790
2446931.66626 0.1668
2446931.67065 0.1672
2446933.66089 0.1780
2446933.66431 0.1698
2446933.66797 0.1691
2447145.00684 0.1733
2447145.00781 0.1738
2447145.00854 0.1668
2447150.05859 0.1635
2447150.05957 0.1683
2447150.06055 0.1695
2447151.99976 0.1713
2447152.00049 0.1742
2447152.00122 0.1696
2447157.08130 0.1682
2447157.08228 0.1616
2447157.08325 0.1653
2447167.01685 0.1659
2447167.01807 0.1650
2447167.01904 0.1641
2447169.04102 0.1692
2447169.04224 0.1640
2447169.04346 0.1700
2447174.99072 0.1681
2447174.99170 0.1613
2447174.99268 0.1621
2447181.99194 0.1709
2447181.99292 0.1690
2447181.99414 0.1601
2447183.93555 0.1620
2447183.93677 0.1704
2447183.93799 0.1674
2447198.95068 0.1697
2447198.95190 0.1719
2447198.95313 0.1723
2447200.95288 0.1677
2447200.95410 0.1648
2447200.95532 0.1686
2447203.86353 0.1647
2447203.86450 0.1651
2447203.86548 0.1564
2447205.86963 0.1652
2447205.87061 0.1619
2447205.87183 0.1590
2447207.92017 0.1611
2447207.92114 0.1689
2447207.92236 0.1659
2447211.91650 0.1680
2447211.91724 0.1645
2447211.91821 0.1669
2447213.89575 0.1640
2447213.89673 0.1661
2447213.89795 0.1764
2447215.92334 0.1671
2447215.92432 0.1682
2447215.92529 0.1613
2447225.88623 0.1573
2447225.88745 0.1658
2447225.88843 0.1674
2447234.91284 0.1614
2447234.91382 0.1572
2447234.91479 0.1581
2447238.81909 0.1608
2447238.82007 0.1615
2447238.82080 0.1609
2447241.79004 0.1625
2447241.79126 0.1589
2447241.79224 0.1588
2447253.74097 0.1610
2447253.74219 0.1598
2447253.74341 0.1605
2447255.74414 0.1675
2447255.74512 0.1636
2447255.74634 0.1622
2447257.81494 0.1679
2447257.81665 0.1716
2447257.81836 0.1687
2447276.74902 0.1698
2447276.75024 0.1655
2447276.75122 0.1682
2447281.71143 0.1677
2447281.71265 0.1628
2447281.71362 0.1689
2447284.70728 0.1637
2447284.70825 0.1611
2447284.70923 0.1681
2447297.71021 0.1717
2447297.71143 0.1740
2447297.71265 0.1689
2447305.67358 0.1692
2447305.67529 0.1719
2447305.67676 0.1770
2447307.69067 0.1787
2447307.69214 0.1816
2447307.69336 0.1707
2447312.66187 0.1670
2447312.66309 0.1603
2447312.66431 0.1663
2447506.02734 0.1618
2447506.02905 0.1689
2447506.03125 0.1625
2447508.98218 0.1616
2447508.98340 0.1623
2447508.98462 0.1595
2447526.03955 0.1751
2447526.04102 0.1689
2447526.04224 0.1715
2447529.05835 0.1737
2447529.06055 0.1702
2447529.06274 0.1734
2447537.03564 0.1711
2447537.03760 0.1671
2447537.04004 0.1658
2447540.90234 0.1668
2447540.90454 0.1687
2447540.90674 0.1689
2447543.88745 0.1695
2447543.88965 0.1632
2447543.89160 0.1678
2447556.97437 0.1691
2447556.97729 0.1726
2447556.98022 0.1687
2447573.80420 0.1548
2447573.80566 0.1643
2447573.80762 0.1563
2447575.79956 0.1823
2447575.80103 0.1761
2447575.80298 0.1724
2447578.91113 0.1714
2447578.91260 0.1661
2447578.91406 0.1667
2447582.90796 0.1684
2447582.91016 0.1780
2447582.91211 0.1731
2447584.90894 0.1606
2447584.91040 0.1705
2447584.91211 0.1676
2447586.90796 0.1716
2447586.90991 0.1687
2447586.91211 0.1702
2447592.86206 0.1728
2447592.86426 0.1753
2447592.86670 0.1770
2447596.78394 0.1725
2447596.78882 0.1666
2447596.79419 0.1752
2447598.76172 0.1621
2447598.76416 0.1631
2447598.76685 0.1574
2447608.78442 0.1655
2447608.78638 0.1621
2447608.78857 0.1575
2447615.76733 0.1630
2447615.77002 0.1635
2447615.77246 0.1631
2447617.76221 0.1631
2447617.76416 0.1585
2447617.76587 0.1538
2447621.77393 0.1724
2447621.77661 0.1568
2447621.77881 0.1676
2447623.74292 0.1693
2447623.74463 0.1647
2447623.74609 0.1692
2447625.73608 0.1629
2447625.73779 0.1684
2447625.73975 0.1671
2447631.70825 0.1773
2447631.71069 0.1713
2447631.71313 0.1652
2447634.73926 0.1582
2447634.74097 0.1603
2447634.74268 0.1624
2447644.68457 0.1670
2447644.68701 0.1672
2447644.68945 0.1602
2447648.71802 0.1682
2447648.71948 0.1811
2447648.72144 0.1833
2447879.03369 0.1662
2447879.03516 0.1732
2447879.03662 0.1666
2447895.98828 0.1655
2447895.98975 0.1671
2447895.99146 0.1681
2447901.99414 0.1664
2447901.99561 0.1700
2447901.99683 0.1672
2447903.98755 0.1675
2447903.99048 0.1691
2447917.94482 0.1654
2447917.94604 0.1653
2447917.94702 0.1634
2447920.92334 0.1624
2447920.92432 0.1641
2447920.92529 0.1651
2447925.90356 0.1709
2447925.90454 0.1658
2447925.90576 0.1672
2447932.92847 0.1633
2447932.92993 0.1631
2447932.93091 0.1671
2447938.89478 0.1671
2447938.89600 0.1676
2447938.89722 0.1668
2447957.81030 0.1679
2447957.81152 0.1671
2447957.81274 0.1678
2447976.79395 0.1729
2447976.79541 0.1671
2447976.79688 0.1692
2447981.77515 0.1672
2447981.77637 0.1722
2447981.77759 0.1709
2448243.99854 0.1628
2448244.00049 0.1702
2448244.00244 0.1637
2448255.96240 0.1700
2448255.96387 0.1693
2448255.96582 0.1720
2448267.92334 0.1652
2448267.92529 0.1696
2448267.92725 0.1702
2448270.97168 0.1695
2448270.97461 0.1690
2448270.97754 0.1728
2448274.95313 0.1670
2448274.95508 0.1648
2448274.95703 0.1710
2448276.95166 0.1730
2448276.95361 0.1738
2448276.95508 0.1754
2448278.99316 0.1641
2448278.99609 0.1640
2448278.99805 0.1737
2448281.92090 0.1612
2448281.92285 0.1622
2448281.92480 0.1674
2448286.92236 0.1609
2448286.92432 0.1631
2448286.92627 0.1651
2448297.88184 0.1632
2448297.88330 0.1693
2448297.88477 0.1636
2448301.92090 0.1741
2448301.92285 0.1690
2448301.92529 0.1712
2448306.89404 0.1679
2448306.89648 0.1693
2448306.89941 0.1711
2448309.89600 0.1794
2448309.90039 0.1745
2448309.90430 0.1680
2448312.89258 0.1642
2448312.89453 0.1687
2448312.89600 0.1670
2448345.77686 0.1713
2448345.77832 0.1717
2448345.78027 0.1734
2448356.71094 0.1708
2448356.71240 0.1715
2448356.71338 0.1687
2448360.73682 0.1729
2448360.73828 0.1777
2448360.73975 0.1750
2448362.71973 0.1708
2448362.72119 0.1762
2448362.72266 0.1704
2448374.69873 0.1765
2448374.70117 0.1720
2448374.70313 0.1651
2448655.87207 0.1718
2448655.87695 0.1697
2448655.88135 0.1759
2448657.83643 0.1645
2448657.83887 0.1580
2448657.84131 0.1646
2448692.75537 0.1687
2448692.75977 0.1612
2448692.76416 0.1604
2448694.79834 0.1656
2448694.80176 0.1754
2448694.80469 0.1613
2448696.78906 0.1641
2448696.79297 0.1664
2448696.79639 0.1621
2448721.78418 0.1722
2448721.78809 0.1738
2448721.79150 0.1791
2448726.75195 0.1675
2448726.75342 0.1693
2448726.75488 0.1747
2448729.73975 0.1666
2448729.74121 0.1633
2448729.74268 0.1666
2448731.73193 0.1677
2448731.73340 0.1673
2448731.73486 0.1663
2448740.71680 0.1676
2448740.71826 0.1687
2448740.71973 0.1708
2448744.70313 0.1666
2448744.70410 0.1664
2448744.70557 0.1654
2448755.68848 0.1746
2448755.68994 0.1714
2448755.69141 0.1726
2448757.69678 0.1680
2448757.69824 0.1734
2448757.69971 0.1703
2448759.71240 0.1676
2448759.71387 0.1646
2448759.71533 0.1704
2448761.69531 0.1656
2448761.69678 0.1708
2448761.69824 0.1698
2448992.01562 0.1666
2448992.01709 0.1756
2448992.01807 0.1675
2449009.99707 0.1775
2449009.99902 0.1705
2449010.00049 0.1697
2449015.96680 0.1677
2449015.96875 0.1677
2449015.97021 0.1658
2449019.94189 0.1712
2449019.94336 0.1718
2449019.94531 0.1703
2449068.80615 0.1689
2449068.80908 0.1704
2449068.81201 0.1747
2449092.71143 0.1663
2449092.71338 0.1634
2449092.71582 0.1697
2449106.69971 0.1706
2449106.70166 0.1689
2449106.70410 0.1699
2449110.68164 0.1684
2449110.68311 0.1704
2449110.68506 0.1661
2449117.71143 0.1757
2449117.71289 0.1726
2449117.71484 0.1741
2449131.66895 0.1739
2449131.67090 0.1701
2449131.67334 0.1755
2449343.01318 0.1628
2449343.01514 0.1647
2449343.01660 0.1674
2449349.99951 0.1629
2449350.00146 0.1620
2449350.00391 0.1637
2449351.96631 0.1644
2449351.96826 0.1593
2449351.97021 0.1566
2449355.97705 0.1637
2449355.97852 0.1636
2449355.98047 0.1631
2449360.91748 0.1629
2449360.91895 0.1578
2449360.91992 0.1615
2449362.94336 0.1609
2449362.94531 0.1611
2449362.94824 0.1590
2449365.91553 0.1666
2449365.91699 0.1690
2449365.91846 0.1642
2449373.92725 0.1652
2449373.92920 0.1691
2449373.93115 0.1643
2449397.91748 0.1575
2449397.91895 0.1640
2449397.92041 0.1609
2449408.69727 0.1545
2449408.69824 0.1602
2449408.69971 0.1571
2449411.80713 0.1580
2449411.80957 0.1577
2449411.81201 0.1567
2449413.86084 0.1488
2449413.86230 0.1494
2449413.86328 0.1544
2449416.77051 0.1683
2449416.77197 0.1633
2449416.77295 0.1665
2449420.84961 0.1637
2449420.85059 0.1726
2449420.85156 0.1639
2449422.84570 0.1632
2449422.84668 0.1641
2449422.84766 0.1696
2449426.79443 0.1717
2449426.79590 0.1606
2449426.79688 0.1657
2449428.80322 0.1651
2449428.80469 0.1618
2449428.80566 0.1585
2449433.79834 0.1643
2449433.79932 0.1714
2449433.80078 0.1726
2449440.72461 0.1626
2449440.72559 0.1661
2449440.72705 0.1664
2449444.73633 0.1666
2449444.73730 0.1642
2449444.73828 0.1642
2449446.71484 0.1600
2449446.71582 0.1650
2449446.71680 0.1632
2449449.78906 0.1593
2449449.79053 0.1629
2449449.79150 0.1571
2449453.73584 0.1660
2449453.73682 0.1604
2449453.73779 0.1663
2449456.76855 0.1646
2449456.76953 0.1607
2449456.77100 0.1637
2449458.74805 0.1688
2449458.74951 0.1633
2449458.75049 0.1638
2449461.75488 0.1701
2449461.75635 0.1677
2449461.75732 0.1664
2449463.74756 0.1641
2449463.74854 0.1681
2449463.75000 0.1678
2449494.68164 0.1673
2449494.68262 0.1612
2449494.68359 0.1643
2449499.68262 0.1746
2449499.68359 0.1707
2449499.68506 0.1786
2449511.67139 0.1681
2449511.67285 0.1682
2449511.67383 0.1673
2449513.72021 0.1625
2449513.72119 0.1755
2449513.72266 0.1703
2449748.92480 0.1806
2449748.92627 0.1713
2449748.92725 0.1685
2449750.90625 0.1797
2449750.90869 0.1767
2449750.91064 0.1786
2449752.93018 0.1747
2449752.93164 0.1740
2449752.93262 0.1689
2449758.91846 0.1703
2449758.91943 0.1841
2449758.92090 0.1704
2449770.90186 0.1695
2449770.90283 0.1791
2449770.90430 0.1767
2449772.83008 0.1698
2449772.83154 0.1806
2449772.83252 0.1789
2449794.78857 0.1597
2449794.79150 0.1602
2449794.79395 0.1607
2449819.77734 0.1541
2449819.77881 0.1549
2449819.77979 0.1491
2449856.66846 0.1628
2449856.67041 0.1680
2449856.67236 0.1648
