39195.80000 0.2334
39197.80000 0.2293
39486.80000 0.2226
39515.80000 0.2404
39516.80000 0.2384
39548.80000 0.2476
39550.80000 0.2467
39596.80000 0.2435
39597.80000 0.2204
39834.80000 0.2385
39835.80000 0.2481
39896.80000 0.2437
39897.80000 0.2444
39963.80000 0.2315
39978.80000 0.2305
40223.80000 0.2406
40225.80000 0.2407
40226.80000 0.2370
40252.80000 0.2496
40253.80000 0.2387
40254.80000 0.2430
40255.80000 0.2426
40284.80000 0.2358
40285.80000 0.2404
40311.80000 0.2304
40312.80000 0.2341
40339.80000 0.2417
40340.80000 0.2490
40341.80000 0.2476
40342.80000 0.2514
40556.80000 0.2442
40558.80000 0.2427
40571.80000 0.2533
40572.80000 0.2545
40573.80000 0.2539
40574.80000 0.2460
40611.80000 0.2428
40612.80000 0.2408
40613.80000 0.2433
40661.80000 0.2398
40663.80000 0.2353
40664.80000 0.2298
40665.80000 0.2345
40685.80000 0.2321
40686.80000 0.2247
40687.80000 0.2259
40688.80000 0.2253
40960.80000 0.2270
40961.80000 0.2293
41027.80000 0.2275
41028.80000 0.2251
41050.80000 0.2258
41051.80000 0.2340
41052.80000 0.2300
41053.80000 0.2235
41082.80000 0.2345
41083.80000 0.2332
41084.80000 0.2295
41085.80000 0.2329
41313.80000 0.2210
41314.80000 0.2282
41349.80000 0.2291
41398.80000 0.2254
41399.80000 0.2305
41400.80000 0.2252
41401.80000 0.2307
41428.80000 0.2293
41429.80000 0.2343
41430.80000 0.2355
41641.80000 0.2378
41643.80000 0.2389
41644.80000 0.2377
41668.80000 0.2376
41669.80000 0.2440
41670.80000 0.2342
41671.80000 0.2346
41702.80000 0.2229
41703.80000 0.2249
41726.80000 0.2327
41763.80000 0.2231
41764.80000 0.2239
41765.80000 0.2222
41786.80000 0.2348
41788.80000 0.2247
42015.80000 0.2444
42045.80000 0.2226
42046.80000 0.2228
42060.80000 0.2327
42061.80000 0.2238
42085.80000 0.2212
42086.80000 0.2176
42087.80000 0.2270
42109.80000 0.2283
42110.80000 0.2251
42147.80000 0.2281
42148.80000 0.2218
42166.80000 0.2173
42167.80000 0.2274
42168.80000 0.2283
42169.80000 0.2235
42382.80000 0.2266
42431.80000 0.2304
42432.80000 0.2298
42438.80000 0.2206
42440.80000 0.2253
42467.80000 0.2233
42468.80000 0.2190
42469.80000 0.2157
42470.80000 0.2202
42495.80000 0.2260
42497.80000 0.2319
42525.80000 0.2178
42763.80000 0.2236
42764.80000 0.2290
42765.80000 0.2290
42792.80000 0.2305
42793.80000 0.2200
42794.80000 0.2189
42819.80000 0.2262
42820.80000 0.2274
42821.80000 0.2199
42848.80000 0.2205
42849.80000 0.2278
42850.80000 0.2203
42851.80000 0.2195
42885.80000 0.2287
43110.80000 0.2287
43111.80000 0.2230
43112.80000 0.2221
43113.80000 0.2229
43146.80000 0.2262
43172.80000 0.2322
43173.80000 0.2232
43174.80000 0.2251
43175.80000 0.2314
43176.80000 0.2305
43204.80000 0.2198
43205.80000 0.2210
43206.80000 0.2196
43236.80000 0.2238
43236.80000 0.2254
43237.80000 0.2136
43237.80000 0.2243
43238.80000 0.2152
43239.80000 0.2114
43255.80000 0.2132
43256.80000 0.2183
43257.80000 0.2185
43257.80000 0.2159
43273.80000 0.2264
43891.80000 0.2250
43892.80000 0.2347
43898.80000 0.2343
43983.80000 0.2436
44191.80000 0.2459
44259.80000 0.2302
44260.80000 0.2402
44277.80000 0.2418
44546.04199 0.2532
44546.04401 0.2501
44546.04498 0.2411
44547.03198 0.2556
44547.03302 0.2359
44547.03400 0.2452
44551.00800 0.2441
44551.00897 0.2430
44551.01001 0.2394
44563.02698 0.2343
44563.02802 0.2345
44563.02899 0.2375
44564.98199 0.2393
44564.98401 0.2423
44564.98499 0.2372
44566.99298 0.2387
44566.99500 0.2336
44566.99597 0.2345
44605.98297 0.2366
44605.98401 0.2408
44605.98499 0.2373
44606.92401 0.2433
44606.92499 0.2351
44606.92603 0.2366
44630.86902 0.2274
44630.87097 0.2307
44630.87201 0.2269
44638.90900 0.2428
44638.90997 0.2547
44638.91101 0.2369
44640.90698 0.2380
44640.90802 0.2300
44640.90900 0.2384
44642.93903 0.2337
44642.94098 0.2406
44642.94202 0.2357
44645.88702 0.2388
44645.88898 0.2356
44645.89001 0.2395
44658.79797 0.2294
44658.79901 0.2339
44658.79999 0.2307
44673.70599 0.2374
44673.70697 0.2300
44673.70898 0.2392
44680.78198 0.2332
44680.78302 0.2298
44680.78400 0.2251
44681.73798 0.2383
44681.73999 0.2319
44681.74103 0.2274
44700.67401 0.2203
44700.67603 0.2268
44700.67798 0.2262
44701.71198 0.2329
44701.71301 0.2317
44701.71503 0.2376
44702.70801 0.2371
44702.71100 0.2396
44702.71399 0.2393
44703.71399 0.2390
44703.71600 0.2342
44703.71698 0.2345
44704.73499 0.2301
44704.73700 0.2404
44704.73901 0.2433
44705.71997 0.2446
44705.72198 0.2358
44705.72400 0.2351
44707.69202 0.2332
44707.69299 0.2354
44707.69397 0.2317
44708.69897 0.2252
44708.70099 0.2245
44708.70300 0.2307
44709.70502 0.2352
44709.70697 0.2345
44709.70801 0.2394
44710.68701 0.2307
44710.68903 0.2344
44710.69098 0.2355
44717.65698 0.2435
44717.65900 0.2525
44717.66101 0.2453
44718.65503 0.2436
44718.65698 0.2398
44718.65900 0.2469
44719.65802 0.2438
44719.65997 0.2458
44719.66101 0.2481
44720.66302 0.2318
44720.66498 0.2365
44720.66602 0.2335
44732.65100 0.2413
44732.65302 0.2411
44732.65503 0.2394
44733.65601 0.2419
44733.65802 0.2412
44733.65997 0.2494
44734.65698 0.2432
44734.65802 0.2432
44734.65997 0.2402
44735.65698 0.2406
44735.65900 0.2508
44735.65997 0.2376
44736.66199 0.2388
44736.66302 0.2361
44736.66498 0.2467
44737.65997 0.2376
44737.66199 0.2332
44737.66400 0.2507
44738.65802 0.2474
44738.65997 0.2380
44738.66101 0.2474
44741.65997 0.2372
44741.66199 0.2402
44741.66400 0.2424
44742.65802 0.2339
44742.65997 0.2391
44742.66101 0.2401
44743.65900 0.2363
44743.66101 0.2473
44743.66400 0.2320
44942.00702 0.2384
44942.00897 0.2488
44942.01099 0.2459
44953.98798 0.2374
44953.98901 0.2386
44953.99103 0.2458
44958.97803 0.2317
44958.97900 0.2422
44958.98102 0.2443
44999.90601 0.2417
44999.90802 0.2268
44999.90900 0.2471
45026.81299 0.2316
45026.81494 0.2304
45026.81702 0.2304
45028.86902 0.2416
45028.87097 0.2351
45028.87305 0.2315
45050.71594 0.2439
45050.71899 0.2451
45079.70398 0.2349
45079.70605 0.2292
45079.70898 0.2335
45082.69604 0.2327
45082.69897 0.2229
45082.70105 0.2337
45299.02405 0.2321
45299.02600 0.2346
45299.02795 0.2295
45301.02698 0.2355
45301.02795 0.2386
45301.03003 0.2342
45308.99805 0.2379
45308.99902 0.2444
45309.00098 0.2398
45310.04004 0.2314
45310.04102 0.2352
45310.04199 0.2300
45316.00403 0.2249
45316.00598 0.2295
45316.00806 0.2430
45317.00903 0.2349
45317.01196 0.2415
45317.01404 0.2464
45317.99805 0.2396
45318.00000 0.2427
45318.00098 0.2355
45321.00403 0.2389
45321.00598 0.2375
45321.00806 0.2358
45321.98206 0.2338
45321.98401 0.2380
45321.98499 0.2363
45323.01099 0.2361
45323.01196 0.2383
45323.01404 0.2453
45324.00696 0.2346
45324.00903 0.2344
45324.01099 0.2460
45325.02600 0.2334
45325.02905 0.2423
45325.03198 0.2464
45341.06299 0.2269
45341.06299 0.2329
45341.06494 0.2251
45342.06299 0.2389
45342.06604 0.2320
45342.06897 0.2291
45343.01501 0.2278
45343.01794 0.2298
45343.02100 0.2299
45344.00806 0.2363
45344.01001 0.2331
45344.01196 0.2279
45348.00598 0.2271
45348.00598 0.2348
45348.00806 0.2337
45348.97205 0.2345
45348.97205 0.2325
45348.97400 0.2323
45349.94702 0.2332
45349.94800 0.2287
45349.94897 0.2317
45351.92395 0.2411
45351.92603 0.2396
45351.92700 0.2342
45352.94202 0.2409
45352.94397 0.2389
45352.94604 0.2471
45355.93103 0.2371
45355.93298 0.2332
45355.93396 0.2379
45359.89600 0.2422
45359.89697 0.2354
45359.89795 0.2404
45362.89294 0.2262
45362.89600 0.2287
45362.89905 0.2325
45366.90002 0.2318
45366.90198 0.2425
45366.90295 0.2313
45369.87695 0.2319
45369.87805 0.2292
45369.87805 0.2285
45375.82495 0.2343
45375.82605 0.2362
45375.82703 0.2201
45379.84900 0.2253
45379.84998 0.2300
45379.85205 0.2276
45381.90295 0.2316
45381.90503 0.2228
45381.90601 0.2294
45382.93005 0.2349
45382.93103 0.2308
45382.93201 0.2400
45384.76404 0.2307
45384.76697 0.2273
45384.77100 0.2231
45387.81897 0.2331
45387.81995 0.2236
45387.82104 0.2360
45401.76501 0.2277
45401.76599 0.2299
45401.76599 0.2312
45402.76001 0.2352
45402.76099 0.2324
45402.76196 0.2403
45403.76099 0.2353
45403.76404 0.2419
45403.76599 0.2537
45404.83105 0.2399
45404.83398 0.2364
45404.83606 0.2453
45409.76599 0.2318
45409.76599 0.2363
45409.76794 0.2321
45422.79700 0.2411
45422.79895 0.2434
45422.80103 0.2348
45424.72095 0.2310
45424.72205 0.2348
45424.72400 0.2356
45425.78699 0.2325
45425.79004 0.2205
45425.79297 0.2298
45426.71997 0.2372
45426.72205 0.2316
45426.72302 0.2360
45429.74097 0.2457
45429.74304 0.2400
45429.74402 0.2481
45431.72498 0.2315
45431.72595 0.2373
45431.72803 0.2343
45432.74805 0.2334
45432.74902 0.2335
45432.75000 0.2299
45439.72302 0.2381
45439.72400 0.2405
45439.72498 0.2359
45440.69202 0.2532
45440.69299 0.2503
45440.69397 0.2501
45681.96500 0.2316
45681.96600 0.2364
45681.96800 0.2390
45687.01800 0.2205
45687.01900 0.2211
45687.02000 0.2341
45691.94800 0.2263
45691.95000 0.2286
45691.95100 0.2361
45698.98300 0.2277
45698.98300 0.2402
45698.98400 0.2257
45705.99600 0.2349
45705.99700 0.2353
45705.99800 0.2337
45707.02600 0.2293
45707.02700 0.2310
45707.02800 0.2289
45707.92800 0.2312
45707.92900 0.2313
45707.93000 0.2306
45708.98400 0.2276
45708.98500 0.2353
45708.98600 0.2238
45710.97800 0.2313
45710.97900 0.2266
45710.98000 0.2246
45711.96300 0.2269
45711.96300 0.2300
45711.96400 0.2284
45714.94300 0.2289
45714.94400 0.2329
45714.94400 0.2320
45715.95300 0.2330
45715.95500 0.2302
45715.95600 0.2305
45716.96200 0.2275
45716.96300 0.2319
45716.96300 0.2308
45717.98500 0.2364
45717.98600 0.2266
45717.98700 0.2290
45721.90500 0.2293
45721.90500 0.2309
45721.90600 0.2343
45722.99800 0.2377
45722.99800 0.2365
45722.99900 0.2209
45724.96800 0.2342
45724.96900 0.2360
45724.97000 0.2310
45725.95700 0.2304
45725.95800 0.2337
45725.95900 0.2402
45728.88900 0.2240
45728.88900 0.2298
45728.89000 0.2317
45731.84400 0.2239
45731.84500 0.2272
45731.84600 0.2360
45735.91200 0.2207
45735.91200 0.2262
45735.91300 0.2241
45736.95100 0.2174
45736.95200 0.2243
45736.95300 0.2218
45737.91400 0.2246
45737.91500 0.2187
45737.91600 0.2245
45738.93700 0.2246
45738.93800 0.2277
45738.93900 0.2230
45739.93700 0.2275
45739.93800 0.2234
45739.93800 0.2308
45741.80500 0.2371
45741.80600 0.2313
45741.80700 0.2265
45742.94100 0.2283
45742.94200 0.2213
45742.94300 0.2284
45743.78800 0.2274
45743.78800 0.2187
45743.78900 0.2206
45746.92800 0.2341
45746.92900 0.2202
45746.92900 0.2172
45748.82900 0.2204
45748.83000 0.2281
45748.83100 0.2220
45749.89600 0.2180
45749.89600 0.2182
45749.89700 0.2172
45750.92700 0.2206
45750.92900 0.2190
45750.93000 0.2294
45751.89200 0.2203
45751.89300 0.2198
45751.89400 0.2251
45753.92300 0.2198
45753.92400 0.2297
45753.92400 0.2270
45754.82800 0.2220
45754.82800 0.2214
45754.82900 0.2225
45755.89600 0.2187
45755.89800 0.2193
45755.89000 0.2233
45756.84500 0.2194
45756.84500 0.2190
45756.84600 0.2203
45758.79000 0.2167
45758.79000 0.2242
45758.79100 0.2250
45759.87900 0.2248
45759.88000 0.2302
45759.88100 0.2234
45760.88500 0.2241
45760.88600 0.2226
45760.88700 0.2225
45761.90900 0.2217
45761.91000 0.2241
45761.91100 0.2249
45762.82400 0.2243
45762.82400 0.2249
45762.82500 0.2246
45763.89200 0.2197
45763.89300 0.2217
45763.89300 0.2210
45764.76000 0.2262
45764.76300 0.2345
45764.76500 0.2220
45765.79200 0.2312
45765.79300 0.2359
45765.79400 0.2246
45766.75800 0.2259
45766.75800 0.2295
45766.75900 0.2272
45767.91800 0.2299
45767.91900 0.2327
45767.91900 0.2363
45769.73669 0.2311
45769.73755 0.2302
45769.73816 0.2280
45771.89465 0.2214
45771.89551 0.2308
45771.89624 0.2278
45772.82349 0.2300
45772.82422 0.2309
45772.82495 0.2269
45778.84143 0.2202
45778.84265 0.2241
45778.84375 0.2254
45779.79900 0.2312
45779.80000 0.2310
45779.80100 0.2251
45780.72400 0.2194
45780.72500 0.2236
45780.72600 0.2300
45782.75700 0.2269
45782.75800 0.2289
45782.75800 0.2190
45783.77979 0.2306
45783.78052 0.2292
45783.78125 0.2274
45784.81262 0.2331
45784.81323 0.2270
45784.81396 0.2283
45786.78500 0.2277
45786.78700 0.2272
45786.78800 0.2240
45787.80359 0.2272
45787.80420 0.2239
45787.80493 0.2319
45790.83228 0.2362
45790.83276 0.2312
45790.83350 0.2329
45797.79400 0.2292
45797.79500 0.2297
45797.79600 0.2422
45799.76904 0.2246
45799.76990 0.2263
45799.77075 0.2397
45800.81323 0.2343
45800.81384 0.2368
45800.81470 0.2355
45802.81689 0.2393
45802.81763 0.2358
45802.81824 0.2268
45804.78300 0.2335
45804.78400 0.2370
45804.78500 0.2309
45805.76000 0.2337
45805.76100 0.2280
45805.76200 0.2373
45807.73853 0.2355
45807.73962 0.2313
45807.74072 0.2265
45808.75598 0.2338
45808.75684 0.2330
45808.75757 0.2257
45812.70500 0.2254
45812.70600 0.2209
45812.70700 0.2275
45813.76200 0.2245
45813.76300 0.2290
45813.76400 0.2301
45814.72200 0.2346
45814.72300 0.2373
45814.72300 0.2354
45815.73120 0.2311
45815.73206 0.2306
45815.73279 0.2269
45817.72600 0.2311
45817.72800 0.2201
45817.72900 0.2192
45819.81700 0.2279
45819.81800 0.2236
45819.81900 0.2295
45822.77300 0.2313
45822.77400 0.2302
45822.77600 0.2288
45824.69500 0.2315
45824.69600 0.2318
45824.69700 0.2369
45826.72400 0.2242
45826.72500 0.2288
45826.72600 0.2273
45827.70300 0.2294
45827.70400 0.2345
45827.70400 0.2288
45828.73200 0.2278
45828.73300 0.2312
45828.73400 0.2283
45830.71400 0.2324
45830.71500 0.2351
45830.71500 0.2345
45832.70325 0.2382
45832.70410 0.2216
45832.70496 0.2296
45835.70349 0.2339
45835.70471 0.2282
45835.70593 0.2259
45836.70728 0.2236
45836.70850 0.2328
45836.70947 0.2253
45837.68335 0.2376
45837.68408 0.2325
45837.68481 0.2412
45838.68115 0.2503
45838.68176 0.2286
45838.68250 0.2361
45839.68213 0.2325
45839.68274 0.2386
45839.68359 0.2354
45840.69458 0.2384
45840.69519 0.2361
45840.69592 0.2329
45841.67590 0.2319
45841.67651 0.2325
45841.67725 0.2309
45842.68579 0.2371
45842.68652 0.2331
45844.69568 0.2464
45844.69653 0.2235
45844.69739 0.2371
45845.70764 0.2340
45845.70825 0.2279
45845.70911 0.2279
45846.70190 0.2384
45846.70264 0.2382
45846.70337 0.2329
45847.67175 0.2351
45847.67236 0.2206
45847.67297 0.2268
45848.68665 0.2385
45848.68750 0.2278
45848.68835 0.2236
45849.71216 0.2322
45849.71277 0.2436
45849.71350 0.2296
45851.74060 0.2288
45851.74133 0.2309
45851.74231 0.2254
45852.71033 0.2234
45852.71094 0.2303
45852.71191 0.2283
45853.70007 0.2333
45853.70093 0.2353
45853.70166 0.2337
45859.68262 0.2316
45859.68347 0.2420
45859.68433 0.2350
45861.67139 0.2404
45861.67200 0.2254
45861.67261 0.2254
45862.67297 0.2339
45862.67383 0.2454
45862.67468 0.2313
45863.67090 0.2296
45863.67163 0.2317
45863.67236 0.2262
45864.66553 0.2248
45864.66626 0.2318
45864.66699 0.2298
45866.67554 0.2347
45866.67676 0.2367
45866.67786 0.2351
46070.07837 0.2263
46070.07910 0.2365
46070.07983 0.2296
46070.08228 0.2480
46070.08350 0.2428
46070.08472 0.2465
46086.37451 0.2478
46086.38452 0.2544
46086.39526 0.2499
46089.44360 0.2494
46089.45874 0.2507
46089.47314 0.2471
46110.84082 0.2454
46110.84204 0.2429
46110.84351 0.2283
46112.87402 0.2410
46112.87524 0.2430
46112.87646 0.2400
46120.85962 0.2398
46120.86230 0.2380
46120.86450 0.2329
46121.83960 0.2405
46121.84082 0.2320
46121.84204 0.2302
46123.85669 0.2266
46123.85815 0.2314
46123.85962 0.2359
46125.82251 0.2332
46125.82397 0.2309
46125.82544 0.2349
46128.85181 0.2332
46128.85352 0.2329
46128.85498 0.2228
46140.85986 0.2309
46140.86133 0.2255
46140.86304 0.2327
46142.78003 0.2405
46142.78125 0.2377
46142.78247 0.2298
46145.69800 0.2249
46145.69946 0.2335
46145.70093 0.2313
46147.83618 0.2235
46147.83765 0.2260
46147.83911 0.2267
46149.70654 0.2325
46149.70801 0.2325
46149.70972 0.2344
46158.71802 0.2394
46158.71948 0.2352
46158.72095 0.2342
46160.75415 0.2346
46160.75537 0.2336
46160.75684 0.2414
46162.82593 0.2398
46162.82788 0.2413
46162.82959 0.2401
46164.72437 0.2337
46164.72607 0.2327
46164.73120 0.2333
46166.73755 0.2331
46166.73926 0.2351
46166.74219 0.2319
46169.75146 0.2224
46169.75293 0.2362
46169.75439 0.2369
46190.75049 0.2327
46190.75317 0.2341
46190.75684 0.2290
46193.73535 0.2493
46193.73853 0.2413
46193.74194 0.2438
46203.69458 0.2342
46203.69653 0.2376
46203.69849 0.2432
46206.70020 0.2319
46206.70361 0.2301
46206.70703 0.2319
46209.72095 0.2452
46209.72461 0.2429
46209.72827 0.2377
46422.00195 0.2255
46422.00293 0.2256
46422.00391 0.2185
46427.03125 0.2269
46427.03223 0.2363
46427.03296 0.2353
46439.98291 0.2263
46439.98389 0.2219
46439.98486 0.2196
46441.94995 0.2345
46441.95068 0.2293
46441.95166 0.2297
46442.96069 0.2261
46442.96143 0.2257
46442.96216 0.2248
46447.97656 0.2228
46447.97729 0.2252
46447.97827 0.2263
46449.01025 0.2278
46449.01099 0.2298
46449.01196 0.2321
46450.93140 0.2270
46450.93213 0.2292
46450.93286 0.2274
46452.96411 0.2297
46452.96509 0.2313
46452.96631 0.2277
46455.99316 0.2206
46455.99390 0.2235
46455.99487 0.2169
46457.93530 0.2266
46457.93604 0.2245
46457.93701 0.2288
46458.91626 0.2298
46458.91724 0.2275
46458.91797 0.2306
46464.00977 0.2327
46464.01074 0.2194
46464.01172 0.2235
46464.92993 0.2320
46464.93091 0.2303
46464.93188 0.2298
46467.89844 0.2279
46467.89966 0.2261
46467.90063 0.2323
46468.94775 0.2382
46468.94873 0.2289
46468.94946 0.2354
46470.93652 0.2255
46470.93774 0.2209
46470.93872 0.2157
46471.94849 0.2287
46471.94946 0.2208
46471.95044 0.2257
46482.92261 0.2148
46482.92480 0.2314
46482.92700 0.2240
46484.91724 0.2179
46484.91821 0.2189
46484.91895 0.2154
46486.93994 0.2189
46486.94092 0.2242
46486.94165 0.2268
46488.82104 0.2251
46488.82202 0.2207
46488.82300 0.2196
46490.87061 0.2296
46490.87134 0.2289
46490.87207 0.2273
46491.81128 0.2174
46491.81323 0.2253
46491.81519 0.2231
46493.83252 0.2259
46493.83374 0.2248
46493.83472 0.2222
46495.82544 0.2303
46495.82617 0.2306
46495.82715 0.2226
46496.90527 0.2325
46496.90796 0.2243
46496.91016 0.2279
46508.78784 0.2271
46508.78955 0.2234
46508.79102 0.2253
46509.78198 0.2283
46509.78296 0.2389
46509.78394 0.2346
46511.79004 0.2377
46511.79102 0.2240
46511.79175 0.2267
46513.77246 0.2282
46513.77344 0.2357
46513.77441 0.2265
46514.74609 0.2320
46514.74707 0.2328
46514.74805 0.2250
46517.83350 0.2311
46517.83423 0.2374
46517.83521 0.2342
46519.83398 0.2299
46519.83521 0.2322
46519.83643 0.2355
46523.79712 0.2350
46523.79883 0.2330
46523.80078 0.2362
46524.79980 0.2401
46524.80103 0.2390
46524.80225 0.2365
46529.72729 0.2422
46529.72827 0.2341
46529.72925 0.2331
46530.74292 0.2495
46530.74365 0.2393
46530.74438 0.2429
46534.73340 0.2345
46534.73462 0.2462
46534.73560 0.2332
46535.74683 0.2404
46535.74805 0.2416
46535.74951 0.2424
46537.75439 0.2476
46537.75562 0.2456
46537.75684 0.2389
46539.73657 0.2339
46539.73804 0.2388
46539.73950 0.2378
46541.73779 0.2492
46541.73853 0.2596
46541.73950 0.2459
46542.70703 0.2367
46542.70825 0.2396
46542.70947 0.2355
46544.73828 0.2407
46544.73926 0.2444
46544.73999 0.2422
46548.76221 0.2423
46548.76318 0.2454
46548.76392 0.2416
46549.73535 0.2444
46549.73633 0.2429
46549.73706 0.2499
46552.75977 0.2637
46552.76074 0.2550
46552.76172 0.2557
46558.73608 0.2360
46558.73828 0.2342
46558.73975 0.2457
46560.69434 0.2272
46560.69531 0.2254
46560.69629 0.2238
46562.71362 0.2310
46562.71484 0.2352
46562.71631 0.2314
46567.68408 0.2338
46567.68506 0.2357
46567.68628 0.2406
46568.70410 0.2412
46568.70508 0.2369
46568.70605 0.2318
46570.70020 0.2250
46570.70117 0.2389
46570.70215 0.2280
46572.67407 0.2311
46572.67578 0.2321
46572.67749 0.2353
46575.69409 0.2264
46575.69556 0.2305
46575.69702 0.2236
46578.68018 0.2333
46578.68140 0.2434
46578.68262 0.2377
46579.68823 0.2343
46579.68945 0.2363
46579.69043 0.2319
46780.05640 0.2405
46780.05835 0.2413
46780.06079 0.2357
46794.02881 0.2300
46794.03076 0.2371
46794.03296 0.2309
46799.02563 0.2338
46799.02710 0.2428
46799.02881 0.2435
46802.03125 0.2344
46802.03320 0.2244
46802.03516 0.2370
46804.98267 0.2234
46804.98657 0.2206
46804.99048 0.2259
46806.99927 0.2393
46807.00122 0.2259
46807.00293 0.2385
46807.99585 0.2382
46807.99707 0.2369
46807.99878 0.2351
46810.01538 0.2228
46810.01782 0.2248
46810.02026 0.2205
46814.00732 0.2359
46814.01001 0.2288
46814.01270 0.2303
46814.95435 0.2309
46814.95654 0.2325
46814.95825 0.2283
46817.00879 0.2438
46817.01050 0.2416
46817.01221 0.2431
46817.95605 0.2402
46817.95752 0.2426
46817.95874 0.2448
46828.96533 0.2310
46828.96680 0.2311
46828.96826 0.2346
46830.96704 0.2394
46830.96997 0.2406
46830.97363 0.2334
46832.95532 0.2316
46832.95728 0.2289
46832.95923 0.2345
46843.91821 0.2263
46843.92065 0.2234
46843.92310 0.2263
46847.89526 0.2355
46847.89697 0.2355
46847.89868 0.2332
46858.88916 0.2290
46858.89233 0.2258
46858.89502 0.2290
46865.81250 0.2408
46865.81470 0.2344
46865.81689 0.2313
46872.80347 0.2374
46872.80615 0.2373
46872.80859 0.2310
46875.79883 0.2295
46875.80103 0.2297
46875.80347 0.2302
46891.78296 0.2365
46891.78491 0.2344
46891.78687 0.2376
46893.74805 0.2405
46893.74976 0.2407
46893.75171 0.2356
46895.76709 0.2427
46895.76880 0.2396
46895.77051 0.2408
46898.78687 0.2349
46898.78906 0.2293
46898.79150 0.2415
46901.74951 0.2526
46901.75171 0.2419
46901.75366 0.2444
46902.72290 0.2447
46902.72485 0.2400
46902.72656 0.2533
46905.75977 0.2419
46905.76343 0.2276
46905.76685 0.2311
46919.71704 0.2499
46919.71924 0.2402
46919.72095 0.2495
46921.71289 0.2539
46921.71484 0.2424
46921.71704 0.2496
46930.66821 0.2473
46930.67163 0.2373
46930.67603 0.2299
46932.64966 0.2257
46932.65234 0.2407
46932.65552 0.2311
46933.67456 0.2348
46933.67749 0.2362
46933.68042 0.2293
47145.01318 0.2200
47145.01416 0.2251
47145.01514 0.2178
47150.06567 0.2202
47150.06665 0.2207
47150.06787 0.2213
47151.97412 0.2210
47151.97485 0.2259
47151.97583 0.2240
47157.07568 0.2248
47157.07666 0.2220
47157.07764 0.2155
47167.02271 0.2166
47167.02368 0.2245
47167.02466 0.2166
47167.94141 0.2214
47167.94238 0.2232
47167.94409 0.2226
47169.04712 0.2213
47169.04810 0.2155
47169.04932 0.2162
47174.99780 0.2160
47174.99878 0.2135
47174.99976 0.2130
47182.00000 0.2157
47182.00073 0.2224
47182.00146 0.2165
47183.94507 0.2158
47183.94580 0.2147
47183.94653 0.2224
47184.98145 0.2225
47184.98242 0.2134
47184.98340 0.2200
47198.94409 0.2219
47198.94531 0.2281
47198.94653 0.2311
47198.94751 0.2275
47200.95874 0.2275
47200.95996 0.2251
47200.96118 0.2254
47203.86792 0.2346
47203.86890 0.2251
47203.86987 0.2292
47204.94946 0.2191
47204.95044 0.2213
47204.95166 0.2232
47206.90234 0.2211
47206.90332 0.2192
47206.90430 0.2232
47209.92407 0.2281
47209.92480 0.2239
47209.92578 0.2281
47211.92334 0.2235
47211.92407 0.2220
47211.92505 0.2237
47212.91162 0.2202
47212.91260 0.2214
47212.91357 0.2258
47215.93115 0.2282
47215.93213 0.2268
47215.93311 0.2275
47216.88037 0.2252
47216.88135 0.2264
47216.88232 0.2284
47225.89429 0.2291
47225.89526 0.2269
47225.89648 0.2334
47227.87134 0.2213
47227.87256 0.2250
47227.87378 0.2184
47234.90698 0.2261
47234.90820 0.2243
47234.90942 0.2292
47238.82690 0.2267
47238.82788 0.2286
47238.82886 0.2300
47240.81299 0.2287
47240.81396 0.2320
47240.81519 0.2341
47241.79468 0.2280
47241.79565 0.2273
47241.79663 0.2257
47251.78784 0.2311
47251.78857 0.2297
47251.78931 0.2297
47253.74585 0.2313
47253.74707 0.2278
47253.74805 0.2245
47254.78394 0.2289
47254.78540 0.2240
47254.78662 0.2262
47255.74878 0.2332
47255.74976 0.2335
47255.75073 0.2350
47257.80933 0.2222
47257.81030 0.2263
47257.81128 0.2218
47277.74243 0.2269
47277.74365 0.2268
47277.74487 0.2247
47281.71826 0.2168
47281.71948 0.2244
47281.72046 0.2123
47283.72314 0.2206
47283.72437 0.2206
47283.72534 0.2210
47285.70386 0.2299
47285.70483 0.2278
47285.70605 0.2233
47290.73218 0.2297
47290.73389 0.2218
47290.73511 0.2298
47298.71851 0.2325
47298.71973 0.2329
47298.72070 0.2374
47306.69800 0.2336
47306.69922 0.2348
47306.70044 0.2364
47308.67651 0.2295
47308.67773 0.2279
47308.67920 0.2330
47312.66968 0.2221
47312.67090 0.2285
47312.67212 0.2225
47498.04932 0.2243
47498.05029 0.2278
47498.05127 0.2171
47506.03613 0.2306
47506.03735 0.2225
47506.03857 0.2348
47507.01880 0.2242
47507.02002 0.2270
47507.02124 0.2218
47508.98730 0.2368
47508.98853 0.2316
47508.98950 0.2354
47526.04834 0.2221
47526.04956 0.2347
47526.05103 0.2183
47530.04248 0.2224
47530.04370 0.2299
47530.04517 0.2206
47537.04688 0.2361
47537.04810 0.2331
47537.04956 0.2275
47541.91382 0.2237
47541.91479 0.2236
47541.91577 0.2280
47543.89502 0.2315
47543.89624 0.2365
47543.89746 0.2315
47544.93823 0.2321
47544.93945 0.2263
47544.94067 0.2287
47556.98755 0.2350
47556.98950 0.2299
47556.99146 0.2261
47573.81079 0.2298
47573.81201 0.2356
47573.81323 0.2403
47574.85010 0.2292
47574.85156 0.2290
47574.85278 0.2347
47577.88965 0.2370
47577.89233 0.2435
47577.89526 0.2455
47579.86401 0.2347
47579.86548 0.2270
47579.86670 0.2309
47584.91895 0.2242
47584.92041 0.2205
47584.92188 0.2339
47585.86963 0.2309
47585.87109 0.2288
47585.87231 0.2342
47590.87329 0.2294
47590.87476 0.2307
47590.87646 0.2311
47596.80737 0.2254
47596.80835 0.2355
47596.80908 0.2409
47608.79614 0.2357
47608.79712 0.2370
47608.79858 0.2363
47617.77295 0.2318
47617.77441 0.2402
47617.77588 0.2342
47621.78564 0.2375
47621.78760 0.2353
47621.78906 0.2417
47623.75366 0.2471
47623.75488 0.2476
47623.75635 0.2438
47625.74634 0.2391
47625.74780 0.2425
47625.74927 0.2448
47626.72485 0.2430
47626.72656 0.2344
47626.72827 0.2390
47631.71631 0.2458
47631.71753 0.2414
47631.71875 0.2412
47634.74487 0.2345
47634.74609 0.2316
47634.74707 0.2238
47644.69214 0.2361
47644.69360 0.2428
47644.69507 0.2338
47648.71240 0.2456
47648.71338 0.2424
47648.71436 0.2356
47882.04370 0.2496
47882.04492 0.2528
47882.04614 0.2502
47890.99512 0.2445
47890.99609 0.2449
47890.99878 0.2441
47892.00073 0.2533
47892.00220 0.2501
47892.00317 0.2520
47896.00171 0.2424
47896.00317 0.2401
47896.00464 0.2475
47897.99878 0.2447
47897.99976 0.2475
47898.00098 0.2485
47902.00488 0.2423
47902.00610 0.2413
47902.00732 0.2458
47912.97729 0.2469
47912.97852 0.2386
47912.97949 0.2392
47916.89233 0.2456
47916.89355 0.2477
47916.89453 0.2429
47918.91992 0.2367
47918.92139 0.2334
47918.92285 0.2372
47920.87988 0.2463
47920.88135 0.2416
47920.88306 0.2371
47925.91235 0.2410
47925.91357 0.2455
47925.91455 0.2465
47933.94727 0.2431
47933.94849 0.2470
47933.94971 0.2506
47938.90649 0.2421
47938.90771 0.2423
47938.90869 0.2435
47944.88940 0.2512
47944.89038 0.2442
47944.89136 0.2435
47946.79028 0.2476
47946.79224 0.2422
47946.79443 0.2455
47951.78955 0.2529
47951.79053 0.2514
47951.79175 0.2471
47976.80518 0.2522
47976.80640 0.2443
47976.80737 0.2475
48209.04932 0.2502
48209.05078 0.2425
48209.05176 0.2406
48241.00342 0.2524
48241.00439 0.2432
48241.00586 0.2460
48255.98975 0.2463
48255.99121 0.2467
48255.99268 0.2495
48267.93555 0.2463
48267.93701 0.2428
48267.93799 0.2444
48274.96484 0.2517
48274.96631 0.2507
48274.96729 0.2515
48276.96436 0.2465
48276.96582 0.2493
48276.96680 0.2506
48279.00635 0.2433
48279.00830 0.2451
48279.01025 0.2467
48279.97803 0.2456
48279.97949 0.2434
48279.98047 0.2498
48281.93359 0.2491
48281.93506 0.2418
48281.93652 0.2531
48285.97412 0.2350
48285.97607 0.2320
48285.97852 0.2347
48297.89355 0.2444
48297.89502 0.2423
48297.89648 0.2446
48298.92236 0.2419
48298.92383 0.2401
48298.92578 0.2463
48300.90869 0.2388
48300.91016 0.2357
48300.91162 0.2357
48306.91064 0.2427
48306.91211 0.2445
48306.91406 0.2401
48308.91748 0.2386
48308.91895 0.2416
48308.92041 0.2439
48311.89551 0.2466
48311.89746 0.2409
48311.89893 0.2419
48312.90625 0.2367
48312.90771 0.2428
48312.90918 0.2344
48345.78711 0.2334
48345.78906 0.2310
48345.79102 0.2366
