44203.80000 0.1781
45681.97500 0.4251
45681.97600 0.4196
45681.97700 0.4223
45690.04200 0.4122
45690.04300 0.4127
45690.04400 0.4189
45697.04200 0.4325
45697.04300 0.4334
45697.04400 0.4253
45707.96500 0.4227
45707.96600 0.4180
45707.96700 0.4123
45724.97100 0.4125
45724.97200 0.4130
45724.97300 0.4096
45737.92900 0.4086
45737.93000 0.4068
45737.93000 0.4033
45749.90600 0.4140
45749.90600 0.4073
45749.90700 0.4086
45754.89500 0.4050
45754.89600 0.4174
45754.89700 0.4182
45764.75400 0.3995
45764.75500 0.4082
45764.75500 0.4064
45779.82600 0.4138
45779.82700 0.4108
45779.82800 0.4184
45785.77000 0.4232
45785.77100 0.4333
45785.77200 0.4273
45793.78700 0.4188
45793.78800 0.4108
45793.78800 0.4161
45800.81628 0.4028
45800.81689 0.4075
45800.81750 0.4073
45806.72000 0.4088
45806.72100 0.4109
45806.72100 0.3961
45814.72800 0.4064
45814.72900 0.4073
45814.72900 0.4086
45820.81800 0.4105
45820.81900 0.4145
45820.82000 0.4200
45826.72800 0.4105
45826.72900 0.4143
45826.73000 0.4131
45835.70715 0.4095
45835.70801 0.4068
45835.70862 0.4145
45841.67908 0.4112
45841.67969 0.4117
45841.68042 0.4128
45845.72180 0.4131
45845.72253 0.4146
45845.72327 0.4088
45859.66553 0.4366
45859.66626 0.4238
45859.66711 0.4316
45866.67004 0.4296
45866.67078 0.4299
45866.67139 0.4258
46058.01221 0.4124
46058.01294 0.4148
46058.01367 0.4108
46113.89478 0.4120
46113.89526 0.3914
46113.89600 0.4036
46141.88013 0.4115
46141.88086 0.4054
46141.88135 0.4010
46187.74902 0.4015
46187.74976 0.3960
46187.75049 0.4014
46206.67920 0.4033
46206.67993 0.4012
46206.68066 0.4012
46422.02368 0.3892
46422.02466 0.3920
46422.02539 0.3887
46441.03467 0.4006
46441.03540 0.3961
46441.03638 0.3870
46486.96167 0.3974
46486.96240 0.4025
46486.96338 0.4151
46523.80859 0.4047
46523.80957 0.3997
46523.81055 0.3985
47132.07886 0.3927
47132.07959 0.3972
47132.08057 0.3898
47223.87939 0.4051
47223.88037 0.4065
47223.88159 0.4063
47321.69165 0.4028
47321.69238 0.4057
47321.69312 0.4057
47542.88452 0.3897
47542.88550 0.3864
47542.88647 0.3919
47613.79150 0.3924
47613.79321 0.3970
47613.79468 0.3944
48209.05566 0.1788
48209.05664 0.1771
48209.05762 0.1788
48209.06006 0.4279
48209.06104 0.4279
48209.06201 0.4247
49058.83447 0.4297
49058.83594 0.4172
49058.83740 0.4224
49090.76562 0.4287
49090.76709 0.4334
49090.76904 0.4332
49130.69434 0.4233
49130.69580 0.4223
49130.69727 0.4200
49360.93164 0.4215
49360.93262 0.4240
49360.93408 0.4243
49397.92969 0.4183
49397.93115 0.4220
49397.93213 0.4192
49422.85645 0.4192
49422.85791 0.4144
49422.85889 0.4181
49427.78223 0.4188
49427.78320 0.4117
49427.78418 0.4115
49455.77393 0.4101
49455.77539 0.4144
49455.77637 0.4132
49463.75293 0.4023
49463.75439 0.3994
49463.75537 0.4106
49486.71387 0.4124
49486.71533 0.4094
49486.71631 0.4090
49512.68408 0.4206
49512.68555 0.4214
49512.68652 0.4184
49754.93213 0.4355
49754.93311 0.4415
49754.93457 0.4371
49771.90283 0.4578
49771.90430 0.4641
49771.90527 0.4653
49817.77051 0.4633
49817.77197 0.4628
49817.77295 0.4640
