2445681.98000 0.2562
2445681.98100 0.2504
2445681.98100 0.2582
2445688.01000 0.2591
2445688.01100 0.2548
2445688.01200 0.2593
2445691.99800 0.2677
2445692.00000 0.2502
2445692.00100 0.2487
2445698.98900 0.2579
2445698.99000 0.2587
2445698.99100 0.2510
2445707.95200 0.2575
2445707.95200 0.2551
2445707.95300 0.2591
2445724.98000 0.2469
2445724.98100 0.2430
2445724.98200 0.2438
2445737.92200 0.2463
2445737.92300 0.2434
2445737.92400 0.2529
2445751.89800 0.2535
2445751.89800 0.2469
2445751.89900 0.2569
2445756.85500 0.2505
2445756.85600 0.2430
2445756.85800 0.2427
2445760.90900 0.2494
2445760.90900 0.2493
2445760.91000 0.2505
2445779.83100 0.2578
2445779.83200 0.2548
2445779.83200 0.2473
2445785.75100 0.2467
2445785.75100 0.2517
2445785.75300 0.2579
2445788.78796 0.2568
2445788.78882 0.2565
2445788.78967 0.2541
2445793.79500 0.2584
2445793.79600 0.2566
2445793.79700 0.2512
2445803.79400 0.2648
2445803.79500 0.2599
2445803.79500 0.2533
2445806.72500 0.2526
2445806.72600 0.2472
2445806.72700 0.2527
2445814.73300 0.2569
2445814.73400 0.2491
2445814.73400 0.2553
2445827.71100 0.2574
2445827.71200 0.2509
2445827.71300 0.2514
2445837.67615 0.2580
2445837.67676 0.2572
2445837.67749 0.2562
2445842.69336 0.2562
2445842.69421 0.2563
2445842.69507 0.2570
2445845.73364 0.2554
2445845.73462 0.2487
2445845.73572 0.2576
2445859.67810 0.2638
2445859.67896 0.2629
2445859.68018 0.2602
2445864.67334 0.2575
2445864.67419 0.2665
2445864.67590 0.2544
2446057.02026 0.2728
2446057.02246 0.2559
2446057.02563 0.2582
2446065.07031 0.2513
2446065.07324 0.2507
2446065.07617 0.2512
2446084.75049 0.2607
2446084.76563 0.2566
2446084.78101 0.2522
2446108.82300 0.2516
2446108.82495 0.2511
2446108.82690 0.2553
2446120.89209 0.2540
2446120.89331 0.2575
2446120.89478 0.2552
2446140.87524 0.2562
2446140.87769 0.2512
2446140.88013 0.2531
2446147.74414 0.2504
2446147.74512 0.2558
2446147.74609 0.2645
2446155.84814 0.2556
2446155.85107 0.2524
2446155.85425 0.2558
2446161.73486 0.2608
2446161.73682 0.2534
2446161.73853 0.2655
2446168.79932 0.2565
2446168.80029 0.2594
2446168.80103 0.2611
2446178.74585 0.2539
2446178.74658 0.2536
2446178.74756 0.2527
2446187.73877 0.2505
2446187.74072 0.2484
2446187.74243 0.2505
2446198.75293 0.2506
2446198.75464 0.2535
2446198.75635 0.2523
2446205.74902 0.2512
2446205.75049 0.2603
2446205.75220 0.2487
2446213.69287 0.2572
2446213.69385 0.2539
2446213.69482 0.2558
2446222.67480 0.2561
2446222.67554 0.2578
2446222.67627 0.2627
2446229.66309 0.2526
2446229.66626 0.2601
2446229.66943 0.2609
2446441.02808 0.2502
2446441.02905 0.2477
2446441.02979 0.2486
2446449.97681 0.2517
2446449.97803 0.2548
2446449.97876 0.2538
2446456.92725 0.2452
2446456.92822 0.2441
2446456.92920 0.2410
2446464.93848 0.2462
2446464.93945 0.2448
2446464.94043 0.2402
2446470.94409 0.2460
2446470.94507 0.2479
2446470.94604 0.2471
2446481.96753 0.2521
2446481.96851 0.2463
2446481.96973 0.2523
2446487.93359 0.2496
2446487.93408 0.2482
2446487.93481 0.2477
2446502.91089 0.2425
2446502.91577 0.2467
2446509.77417 0.2525
2446509.77539 0.2549
2446509.77661 0.2532
2446515.76514 0.2459
2446515.76587 0.2479
2446515.76685 0.2536
2446524.80566 0.2482
2446524.80640 0.2499
2446524.80737 0.2480
2446531.75928 0.2501
2446531.75977 0.2551
2446531.76050 0.2535
2446537.76440 0.2527
2446537.76514 0.2506
2446537.76587 0.2522
2446544.74658 0.2508
2446544.74731 0.2515
2446544.74780 0.2485
2446550.73096 0.2558
2446550.73169 0.2486
2446550.73291 0.2564
2446557.69165 0.2526
2446557.69263 0.2531
2446557.69360 0.2496
2446567.69727 0.2519
2446567.69800 0.2511
2446567.69897 0.2531
2446573.70142 0.2494
2446573.70215 0.2515
2446573.70313 0.2556
2446583.67700 0.2615
2446583.67773 0.2564
2446583.67871 0.2548
2446590.67334 0.2559
2446590.67383 0.2568
2446590.67456 0.2560
2446778.02441 0.2512
2446778.02539 0.2524
2446778.02661 0.2479
2446845.89355 0.2556
2446845.89478 0.2501
2446845.89575 0.2489
2446903.71436 0.2493
2446903.71558 0.2583
2446903.71680 0.2575
2447151.98975 0.2461
2447151.99146 0.2473
2447151.99268 0.2489
2447215.80518 0.2511
2447215.80591 0.2499
2447215.80688 0.2533
2447301.68994 0.2496
2447301.69067 0.2474
2447301.69165 0.2477
2447506.04272 0.2487
2447506.04395 0.2486
2447506.04492 0.2476
2447508.04028 0.2459
2447508.04150 0.2481
2447508.04297 0.2493
2447537.06470 0.2509
2447537.06567 0.2531
2447537.06665 0.2504
2447543.93311 0.2499
2447543.93408 0.2560
2447543.93530 0.2539
2447557.94507 0.2439
2447557.94653 0.2507
2447557.94800 0.2483
2447580.83008 0.2395
2447580.83130 0.2434
2447580.83276 0.2452
2447591.90552 0.2426
2447591.90698 0.2511
2447591.90820 0.2476
2447602.78638 0.2469
2447602.78760 0.2472
2447602.78857 0.2476
2447615.78613 0.2443
2447615.78735 0.2428
2447615.78833 0.2432
2447623.76904 0.2341
2447623.77026 0.2281
2447623.77148 0.2387
2447635.71216 0.2494
2447635.71338 0.2451
2447635.71460 0.2449
2447647.70825 0.2501
2447647.70972 0.2451
2447647.71069 0.2527
