45681.98300 0.2537
45681.98400 0.2527
45681.98400 0.2528
45688.01500 0.2537
45688.01600 0.2470
45688.01600 0.2472
45691.99500 0.2548
45691.99600 0.2560
45691.99700 0.2552
45698.99100 0.2466
45698.99300 0.2501
45698.99300 0.2496
45707.94300 0.2596
45707.94400 0.2514
45707.94500 0.2537
45724.98300 0.2427
45724.98400 0.2397
45724.98400 0.2393
45737.92500 0.2405
45737.92500 0.2411
45737.92600 0.2430
45751.90000 0.2462
45751.90100 0.2511
45751.90100 0.2485
45756.85800 0.2520
45756.85900 0.2476
45756.86000 0.2511
45760.90300 0.2439
45760.90400 0.2492
45760.90600 0.2461
45779.83300 0.2499
45779.83400 0.2416
45779.83500 0.2478
45785.74600 0.2451
45785.74800 0.2427
45785.74900 0.2480
45788.78552 0.2535
45788.78613 0.2547
45788.78687 0.2564
45793.79300 0.2593
45793.79400 0.2546
45793.79400 0.2577
45799.77747 0.2540
45799.77820 0.2544
45799.77881 0.2529
45803.79200 0.2524
45803.79200 0.2544
45803.79300 0.2544
45806.72400 0.2504
45806.72400 0.2512
45806.72500 0.2537
45812.71200 0.2496
45812.71300 0.2530
45812.71300 0.2438
45814.73100 0.2452
45814.73100 0.2444
45814.73200 0.2480
45827.70800 0.2455
45827.70800 0.2496
45827.70900 0.2444
45837.67834 0.2516
45837.67908 0.2516
45837.67981 0.2481
45842.69592 0.2436
45842.69653 0.2511
45842.69739 0.2529
45845.72961 0.2487
45845.73059 0.2502
45845.73157 0.2403
45859.67590 0.2530
45859.67651 0.2493
45859.67725 0.2593
45864.67017 0.2537
45864.67114 0.2499
45864.67236 0.2620
46057.01270 0.2538
46057.01465 0.2565
46057.01660 0.2594
46065.06396 0.2496
46065.06567 0.2489
46065.06763 0.2480
46084.69629 0.2541
46084.71118 0.2548
46084.72656 0.2536
46108.81860 0.2572
46108.81982 0.2527
46108.82104 0.2542
46120.88818 0.2487
46120.88916 0.2484
46120.89014 0.2507
46140.86816 0.2444
46140.87012 0.2473
46140.87207 0.2429
46147.74146 0.2481
46147.74243 0.2452
46147.74341 0.2493
46155.85620 0.2511
46155.85840 0.2537
46155.86035 0.2500
46161.73047 0.2467
46161.73169 0.2471
46161.73291 0.2489
46168.79688 0.2522
46168.79761 0.2541
46168.79834 0.2494
46178.74292 0.2514
46178.74390 0.2500
46178.74463 0.2499
46187.73340 0.2475
46187.73486 0.2534
46187.73633 0.2449
46198.75757 0.2442
46198.75854 0.2506
46198.75977 0.2468
46205.74561 0.2519
46205.74634 0.2528
46205.74731 0.2548
46213.69019 0.2579
46213.69067 0.2471
46213.69141 0.2543
46222.67261 0.2551
46222.67334 0.2512
46222.67407 0.2552
46229.65454 0.2590
46229.65625 0.2574
46229.65845 0.2488
46441.03052 0.2462
46441.03125 0.2449
46441.03198 0.2489
46449.97290 0.2548
46449.97388 0.2555
46449.97485 0.2575
46456.92407 0.2541
46456.92505 0.2472
46456.92627 0.2488
46464.93506 0.2469
46464.93579 0.2458
46464.93652 0.2491
46470.94141 0.2466
46470.94238 0.2509
46470.94312 0.2517
46481.96313 0.2519
46481.96436 0.2526
46481.96558 0.2566
46487.93066 0.2526
46487.93140 0.2451
46487.93213 0.2496
46502.89844 0.2511
46502.90186 0.2411
46502.90552 0.2465
46509.77075 0.2520
46509.77173 0.2534
46509.77246 0.2490
46515.76147 0.2531
46515.76245 0.2558
46515.76343 0.2543
46524.80908 0.2396
46524.80981 0.2401
46524.81079 0.2411
46531.75586 0.2536
46531.75684 0.2489
46531.75781 0.2504
46537.76123 0.2494
46537.76221 0.2489
46537.76318 0.2500
46544.74365 0.2418
46544.74438 0.2437
46544.74512 0.2458
46550.72778 0.2515
46550.72852 0.2519
46550.72949 0.2536
46557.68799 0.2483
46557.68896 0.2497
46557.68994 0.2510
46567.69409 0.2454
46567.69482 0.2452
46567.69556 0.2472
46573.69824 0.2480
46573.69897 0.2487
46573.69971 0.2489
46583.67432 0.2496
46583.67529 0.2572
46583.67603 0.2578
46590.67017 0.2512
46590.67114 0.2537
46590.67188 0.2508
46778.02856 0.2474
46778.02930 0.2507
46778.03027 0.2480
46845.88940 0.2441
46845.89014 0.2471
46845.89111 0.2479
46903.70898 0.2493
46903.71021 0.2438
46903.71143 0.2463
46945.67749 0.2556
46945.67798 0.2521
47151.98486 0.2478
47151.98560 0.2482
47151.98657 0.2460
47215.80127 0.2481
47215.80225 0.2430
47215.80322 0.2473
47301.68555 0.2455
47301.68677 0.2481
47301.68774 0.2485
47506.04639 0.2534
47506.04761 0.2570
47506.04883 0.2509
47508.04443 0.2530
47508.04541 0.2495
47508.04639 0.2515
47537.06079 0.2390
47537.06152 0.2478
47537.06226 0.2414
47543.93677 0.2465
47543.93750 0.2443
47543.93823 0.2489
47557.93799 0.2456
47557.93921 0.2450
47557.94019 0.2424
47580.82397 0.2507
47580.82544 0.2486
47580.82690 0.2500
47591.89893 0.2441
47591.90015 0.2461
47591.90161 0.2463
47602.79126 0.2507
47602.79224 0.2492
47602.79297 0.2479
47615.77954 0.2542
47615.78076 0.2510
47615.78223 0.2506
47623.76245 0.2440
47623.76367 0.2416
47623.76514 0.2423
47635.71631 0.2522
47635.71704 0.2499
47635.71777 0.2538
47647.71191 0.2543
47647.71265 0.2519
47647.71362 0.2450
