2445814.69500 0.3380
2445814.69600 0.3521
2445814.69700 0.3483
2446587.66113 0.3535
2446587.66284 0.3510
2446587.66479 0.3471
2446805.96704 0.3527
2446805.96997 0.3478
2446805.97339 0.3682
2446864.79077 0.3463
2446864.79297 0.3561
2446864.79492 0.3488
2446922.66943 0.3537
2446922.67627 0.3453
2446922.67969 0.3328
2447145.03296 0.3367
2447145.03369 0.3435
2447145.03467 0.3408
2447182.92676 0.3377
2447182.92896 0.3570
2447182.93115 0.3382
2447206.87793 0.3571
2447206.87891 0.3529
2447206.87988 0.3557
2447241.80518 0.3511
2447241.80615 0.3546
2447241.80713 0.3462
2447278.75220 0.3508
2447278.75366 0.3445
2447278.75488 0.3484
2447305.68188 0.3510
2447305.68311 0.3524
2447305.68408 0.3412
2447574.88477 0.3442
2447574.88599 0.3450
2447574.88745 0.3311
2447645.74341 0.3693
2447645.74487 0.3753
2447645.74634 0.3622
2448293.89941 0.3814
2448293.90088 0.3929
2448293.90283 0.3698
2448351.73145 0.3939
2448351.73291 0.3990
2448351.73389 0.4012
