45785.76500 0.2664
45785.76700 0.2606
45785.76800 0.2592
46585.70142 0.2570
46585.70239 0.2642
46585.70337 0.2545
46805.01343 0.2685
46805.01587 0.2719
46805.01953 0.2502
46864.86646 0.2668
46864.86743 0.2596
46864.86841 0.2511
46928.66406 0.2600
46928.66479 0.2651
46928.66553 0.2556
47142.06470 0.2529
47142.06592 0.2555
47142.06689 0.2583
47182.01587 0.2587
47182.01685 0.2588
47182.01758 0.2634
47204.93555 0.2590
47204.93652 0.2623
47204.93774 0.2552
47233.92871 0.2649
47233.92944 0.2660
47233.93042 0.2663
47262.84180 0.2534
47262.84277 0.2662
47262.84375 0.2612
47262.84473 0.2524
47262.84570 0.2604
47292.76245 0.2610
47292.76367 0.2569
47292.76465 0.2612
47570.85693 0.2660
47570.85815 0.2605
47570.85938 0.2659
47574.86719 0.2618
47574.86816 0.2563
47574.86938 0.2553
47645.80005 0.2565
47645.80103 0.2650
47645.80200 0.2628
48359.78857 0.2728
48359.79004 0.2733
48359.79150 0.2731
