2445174.99597 0.1258
2445174.99695 0.1289
2445174.99805 0.1299
2445192.97400 0.1282
2445192.97498 0.1317
2445192.97595 0.1303
2446672.97266 0.2730
2446672.97339 0.2731
2446672.97412 0.2721
2446684.95801 0.2669
2446684.95850 0.2675
2446684.95923 0.2654
2446719.92236 0.2745
2446719.92310 0.2769
2446719.92407 0.2759
2446745.77808 0.2667
2446745.77881 0.2733
2446745.77979 0.2639
2446774.72485 0.2703
2446774.72534 0.2724
2446774.72607 0.2699
2446809.63428 0.2717
2446809.63501 0.2661
2446809.63599 0.2712
2447042.97607 0.2736
2447042.97705 0.2699
2447042.97803 0.2714
2447115.78857 0.2713
2447115.78979 0.2689
2447115.79102 0.2692
2447180.60693 0.2799
2447180.60815 0.2767
2447180.60913 0.2754
2447427.93604 0.2655
2447427.93750 0.2629
2447427.93896 0.2659
2447481.77734 0.2743
2447481.77856 0.2714
2447481.77979 0.2696
2447546.65918 0.2722
2447546.66040 0.2698
2447546.66187 0.2708
2447784.95337 0.2795
2447784.95483 0.2787
2447784.95605 0.2827
2447819.85083 0.2730
2447819.85205 0.2778
2447819.85327 0.2750
