44191.80000 0.1377
45807.76392 0.1306
45807.76563 0.1350
45807.76733 0.1335
48209.01953 0.1328
48209.02100 0.1384
48209.02246 0.1381
49753.92578 0.1401
49753.92676 0.1405
49753.92773 0.1468
49758.94287 0.1297
49758.94385 0.1378
49758.94482 0.1342
49761.93701 0.1354
49761.93896 0.1549
49761.94092 0.1442
49767.88281 0.1426
49767.88428 0.1328
49767.88525 0.1402
49770.92578 0.1375
49770.92725 0.1374
49770.92920 0.1329
49791.85400 0.1385
49791.85498 0.1406
49791.85645 0.1407
49791.86230 0.1353
49791.86377 0.1301
49791.86572 0.1366
49819.79004 0.1284
49819.79102 0.1354
49819.79199 0.1302
49856.69971 0.1389
49856.70068 0.1340
49856.70215 0.1347
