2445805.73400 0.2429
2445805.73400 0.2454
2445805.73500 0.2486
2446588.66113 0.2404
2446588.66187 0.2451
2446588.66235 0.2398
2446805.98047 0.2380
2446805.98193 0.2378
2446805.98340 0.2428
2446864.80078 0.2333
2446864.80200 0.2308
2446864.80273 0.2382
2446928.64648 0.2497
2446928.64746 0.2407
2446928.64868 0.2444
2447145.03955 0.2456
2447145.04077 0.2511
2447145.04248 0.2475
2447182.93701 0.2359
2447182.93799 0.2451
2447182.93896 0.2340
2447206.88574 0.2467
2447206.88672 0.2438
2447206.88745 0.2414
2447238.86401 0.2499
2447238.86523 0.2482
2447238.86646 0.2458
2447277.75684 0.2405
2447277.75781 0.2430
2447277.75854 0.2421
2447305.69019 0.2414
2447305.69141 0.2451
2447305.69263 0.2457
2447574.89038 0.2419
2447574.89136 0.2501
2447574.89233 0.2473
2447645.75000 0.2530
2447645.75073 0.2552
2447645.75171 0.2540
2448293.91357 0.2620
2448293.91455 0.2654
2448293.91602 0.2679
2448351.74805 0.2677
2448351.74902 0.2719
2448351.75049 0.2677
