2445687.02500 0.3023
2445687.02500 0.2983
2445687.02600 0.3022
2445699.05600 0.3305
2445699.05700 0.3274
2445699.05800 0.3226
2445707.97200 0.3115
2445707.97300 0.2911
2445707.97500 0.3033
2445724.99500 0.2890
2445724.99500 0.3002
2445724.99600 0.2989
2445738.90800 0.2858
2445738.90900 0.2962
2445738.91000 0.3124
2445749.91600 0.2964
2445749.91700 0.3046
2445749.91800 0.2960
2445754.90000 0.2809
2445754.90100 0.3001
2445754.90200 0.3001
2445760.91800 0.3235
2445760.91900 0.3258
2445760.91900 0.3138
2445779.81900 0.3171
2445779.82000 0.2978
2445779.82100 0.2922
2445783.83716 0.3042
2445783.83789 0.2971
2445783.83862 0.3099
2445787.81934 0.2897
2445787.81995 0.3001
2445787.82056 0.2990
2445794.87622 0.2977
2445794.87732 0.2902
2445794.87830 0.2987
2445802.80835 0.3102
2445802.80896 0.3168
2445802.80957 0.3135
2445808.77429 0.2953
2445808.77502 0.3040
2445808.77563 0.3015
2445819.78200 0.3062
2445819.78300 0.3169
2445819.78400 0.3103
2445827.73900 0.3012
2445827.74000 0.3176
2445827.74100 0.3122
2445836.71606 0.3144
2445836.71814 0.3146
2445836.71985 0.3138
2445841.68872 0.3092
2445841.68958 0.3082
2445841.69043 0.2986
2445846.71558 0.3304
2445846.71631 0.3409
2445846.71704 0.3148
2445859.68921 0.3098
2445859.69031 0.3059
2445859.69141 0.3134
2445866.68335 0.3200
2445866.68469 0.3220
2445866.68616 0.3050
