2445688.03400 0.3270
2445688.03800 0.3292
2445688.04200 0.3137
2445691.97600 0.3338
2445691.98200 0.3278
2445691.98700 0.3382
2445708.99800 0.3307
2445709.00100 0.3298
2445709.00400 0.3290
2445725.00700 0.3281
2445725.00900 0.3231
2445725.01100 0.3254
2445737.97400 0.3134
2445737.97600 0.3197
2445737.97800 0.3247
2445748.90600 0.3142
2445748.90900 0.3132
2445748.91100 0.3140
2445753.93400 0.3162
2445753.93600 0.3264
2445753.93800 0.3274
2445759.88600 0.3167
2445759.88800 0.3250
2445759.89100 0.3134
2445762.91900 0.3241
2445762.92100 0.3318
2445762.92300 0.3305
2445779.84500 0.3284
2445779.84700 0.3332
2445779.84900 0.3301
2445785.81800 0.3307
2445785.82200 0.3319
2445785.82600 0.3273
2445788.80957 0.3341
2445788.81213 0.3331
2445788.81470 0.3337
2445793.80900 0.3322
2445793.81200 0.3257
2445793.81500 0.3257
2445799.78320 0.3294
2445799.78650 0.3310
2445799.78955 0.3288
2445803.80200 0.3357
2445803.80400 0.3219
2445803.80700 0.3131
2445807.77185 0.3342
2445807.77515 0.3285
2445807.77795 0.3160
2445813.76900 0.3361
2445813.77300 0.3204
2445813.77600 0.3186
2445827.73100 0.3263
2445827.73300 0.3321
2445827.73500 0.3248
2445836.72595 0.3226
2445836.72998 0.3246
2445836.73352 0.3208
2445839.72668 0.3217
2445839.72852 0.3238
2445839.73071 0.3185
2445845.74255 0.3252
2445845.74463 0.3208
2445845.74670 0.3349
2445849.71997 0.3256
2445849.72156 0.3290
2445849.72314 0.3326
2445859.70313 0.3367
2445859.70642 0.3267
2445859.70947 0.3300
2445866.69165 0.3287
2445866.69458 0.3386
2445866.69788 0.3169
2445871.69299 0.3392
2445871.69531 0.3443
2445871.69763 0.3348
2446066.01733 0.3511
2446066.02051 0.3457
2446066.02393 0.3346
2446107.90308 0.3313
2446107.90796 0.3340
2446107.91309 0.3224
2446111.98145 0.3301
2446111.98682 0.3314
2446111.99170 0.3306
2446121.85010 0.3225
2446121.85400 0.3274
2446121.85767 0.3326
2446124.83374 0.3315
2446124.83643 0.3374
2446124.83936 0.3378
2446128.86230 0.3282
2446128.86865 0.3268
2446128.87573 0.3239
2446138.92041 0.3276
2446138.92578 0.3354
2446138.93188 0.3255
2446142.79053 0.3265
2446142.79614 0.3210
2446142.80127 0.3295
2446145.71753 0.3188
2446145.72241 0.3239
2446145.72754 0.3314
2446148.81299 0.3266
2446148.81860 0.3217
2446148.82373 0.3267
2446157.84375 0.3232
2446157.85034 0.3403
2446157.85669 0.3390
2446160.78296 0.3293
2446160.78979 0.3280
2446160.79688 0.3358
2446164.75073 0.3279
2446164.75708 0.3315
2446164.76367 0.3257
2446167.76440 0.3352
2446167.77197 0.3356
2446167.77905 0.3343
2446170.78174 0.3343
2446170.78784 0.3352
2446170.79468 0.3334
2446201.71069 0.3361
2446201.72021 0.3294
2446201.73047 0.3442
2446209.76343 0.3332
2446209.76782 0.3281
2446209.77222 0.3332
2446442.96753 0.3310
2446442.96875 0.3102
2446442.96973 0.3176
2446449.03491 0.3225
2446449.03638 0.3226
2446449.03784 0.3344
2446452.98120 0.3187
2446452.98291 0.3255
2446452.98413 0.3206
2446456.93262 0.3341
2446456.93384 0.3248
2446456.93530 0.3233
2446459.95630 0.3364
2446459.95776 0.3209
2446459.95923 0.3211
2446464.95532 0.3152
2446464.95679 0.3130
2446464.95874 0.3128
2446470.95068 0.3138
2446470.95361 0.3253
2446470.95654 0.3082
2446487.96558 0.3203
2446487.96729 0.3312
2446487.96875 0.3361
2446490.93066 0.3220
2446490.93237 0.3347
2446490.93433 0.3238
2446494.82764 0.3189
2446494.82959 0.3285
2446494.83154 0.3309
2446501.91553 0.3250
2446501.91821 0.3142
2446501.92090 0.3257
2446507.90698 0.3253
2446507.91016 0.3335
2446507.91357 0.3324
2446514.76636 0.3176
2446514.76880 0.3243
2446514.77173 0.3101
2446524.83325 0.3228
2446524.83545 0.3248
2446524.83789 0.3219
2446528.83838 0.3240
2446528.84058 0.3136
2446528.84302 0.3119
2446531.76807 0.3297
2446531.77051 0.3394
2446531.77295 0.3251
2446537.77344 0.3214
2446537.77637 0.3295
2446537.77930 0.3241
2446541.76050 0.3107
2446541.76245 0.3143
2446541.76416 0.3197
2446543.74756 0.3299
2446543.74976 0.3276
2446543.75171 0.3182
2447152.03564 0.3264
2447152.03687 0.3293
2447152.03809 0.3186
2447197.98560 0.3230
2447197.98755 0.3245
2447197.98926 0.3272
2447543.94189 0.3316
2447543.94385 0.3127
2447543.94556 0.3319
2447612.87451 0.3198
2447612.87769 0.3069
2447612.88062 0.3247
2447666.68433 0.3157
2447666.68701 0.3042
2447666.68970 0.3205
2448224.01514 0.3367
2448224.01709 0.3327
2448224.01904 0.3356
2448224.02148 0.3295
2448224.02344 0.3326
2448224.02539 0.3326
2448356.74463 0.3419
2448356.74609 0.3532
2448356.74756 0.3485
