2445790.89709 0.3924
2445790.89771 0.3759
2445790.89832 0.3899
2445790.89941 0.8462
2445790.89990 0.8455
2445790.90039 0.8581
2445793.62300 0.7657
2445793.62400 0.7419
2445793.62500 0.7782
2445793.64300 0.7472
2445793.64400 0.7392
2445793.64500 0.7569
2445793.66300 0.7318
2445793.66400 0.7396
2445793.66500 0.7298
2445793.66700 0.3374
2445793.66900 0.3323
2445793.67100 0.3357
2445793.68800 0.7677
2445793.68800 0.7574
2445793.68900 0.8116
2445793.71100 0.8137
2445793.71200 0.8026
2445793.71300 0.8185
2445793.73000 0.8233
2445793.73000 0.8256
2445793.73100 0.8558
2445793.74900 0.8818
2445793.75000 0.8788
2445793.75000 0.8433
2445793.77000 0.8582
2445793.77000 0.8891
2445793.77100 0.8536
2445793.77200 0.4059
2445793.77300 0.4016
2445793.77400 0.4044
2445793.79000 0.8554
2445793.79000 0.8462
2445793.79100 0.8467
2445793.81600 0.8050
2445793.81700 0.7841
2445793.81800 0.7999
2445793.83600 0.7668
2445793.83700 0.7784
2445793.83800 0.7218
2445793.84900 0.7640
2445793.85000 0.7263
2445793.85000 0.7619
2445793.88100 0.7680
2445793.88200 0.7696
2445793.88200 0.7893
2445793.88400 0.3461
2445793.88500 0.3499
2445793.88700 0.3535
2445793.89900 0.7368
2445793.90000 0.7497
2445793.90000 0.7690
2445793.91600 0.7745
2445793.91600 0.7757
2445793.91700 0.7964
2445793.93800 0.8153
2445793.93900 0.8125
2445793.94000 0.8546
2445793.95800 0.8691
2445793.95800 0.8649
2445793.95900 0.8875
2445813.69000 0.8138
2445813.69100 0.8398
2445813.69200 0.8487
2445813.71800 0.8437
2445813.71800 0.8442
2445813.71900 0.8150
2445813.75900 0.8207
2445813.76000 0.7992
2445813.76100 0.8148
2445813.78400 0.7833
2445813.78500 0.7606
2445813.78600 0.7850
2445813.81200 0.7403
2445813.81300 0.7367
2445813.81400 0.7111
