2444428.76599 2.3018
2444428.76801 2.5829
2444429.69901 2.1146
2444429.70099 2.3849
2444430.74301 2.3160
2444430.74399 2.5726
2444430.74600 2.1691
2444432.76300 2.2502
2444432.76501 2.2025
2444432.76700 2.3275
2444441.68100 2.2035
2444441.68600 2.2360
2444442.69400 2.4946
2444442.69901 2.6300
2444443.69699 2.6305
2444443.70099 2.9566
2444444.68201 3.0888
2444444.68600 2.4351
2444444.69501 2.6672
2444445.69101 2.9680
2444445.69501 2.3159
2444446.71799 2.6480
2444446.72299 2.2980
2444447.70499 2.5704
2444447.70801 2.2169
2444447.71100 1.6575
2444448.67599 2.1415
2444448.67899 2.0492
2444448.68201 2.0219
2444449.71399 1.8049
2444449.71899 1.8722
2444450.71100 2.1440
2444450.71701 2.1582
2444452.66599 2.7326
2444452.66901 2.7755
2444452.67200 2.8467
2444453.66800 2.5693
2444453.67001 2.4618
2444453.67200 2.1524
2444454.67599 2.7790
2444454.67999 2.8184
2444454.68201 2.4896
2444458.69199 3.0960
2444458.69400 2.8028
2444458.69601 2.7290
2444460.68799 2.2649
2444460.69000 2.1776
2444460.69199 2.2769
2444462.67401 2.5351
2444462.67599 2.6551
2444462.67899 2.7558
2444463.65900 2.4923
2444463.66101 2.3600
2444463.66299 2.7568
2444464.66299 2.1963
2444464.66599 2.2037
2444464.66800 2.3519
2444464.67401 2.0847
2444465.65799 2.1596
2444465.66699 2.5510
2444466.67099 2.0668
2444468.66501 2.5451
2444468.66800 2.5383
2444468.67001 2.0782
2444469.66000 2.1274
2444469.66299 2.2060
2444469.66599 2.1781
2444470.66400 2.7071
2444470.66699 2.3221
2444470.67001 2.5849
2444472.66400 2.4641
2444472.66599 2.6498
2444472.66800 2.0991
2444474.65201 2.4623
2444474.65399 2.7618
2444474.65601 2.6403
2444475.66101 2.1116
2444475.66400 2.0341
2444475.66699 2.5362
2444478.65100 2.6587
2444478.65302 2.8528
2444478.65601 2.4198
2444479.66101 2.1695
2444479.66299 2.3313
2444479.66599 2.2753
2444480.65799 2.2410
2444480.66000 2.1458
2444480.66400 2.1544
2444481.65302 2.1567
2444481.65601 1.8767
2444481.65900 2.0332
2444482.66000 1.9472
2444482.66299 1.8994
2444482.66901 2.1548
2444484.69400 2.2210
2444484.69699 2.2651
2444485.69501 2.1558
2444485.69800 2.5013
2444485.70001 1.9243
2444486.71399 1.9943
2444486.71701 1.9164
2444486.72101 2.0755
2444487.71799 2.1887
2444487.72101 2.4430
2444487.72400 2.2172
2444488.72101 1.8871
2444488.72400 2.0437
2444489.69501 1.8826
2444489.70300 1.5939
2444490.69699 1.9624
2444490.70001 2.0106
2444490.70300 2.1008
2444491.70099 2.2188
2444491.70499 1.9728
2444491.70901 2.1557
2444492.70300 2.3592
2444492.70599 2.2172
2444492.70999 2.3285
2444493.69699 2.4026
2444493.70001 2.2979
2444493.70300 2.3658
2444494.68799 2.3059
2444494.69101 2.4314
2444494.69400 2.1112
2444495.69000 2.1045
2444495.69299 2.9027
2444495.69601 2.5606
2444496.70599 2.3441
2444496.70999 2.4739
2444496.71399 2.1785
2444507.66199 2.3003
2444507.66501 1.7304
2444507.66901 1.9299
2444508.66101 1.9954
2444508.66400 2.5196
2444508.66699 1.8339
2444509.69699 2.7242
2444509.70099 2.2031
2444509.70401 2.1131
2444511.68701 3.1187
2444511.69199 2.3134
2444511.69601 2.2511
2444513.67999 3.2019
2444513.68402 2.9891
2444513.68799 2.0059
2444514.66699 3.2750
2444514.67102 2.5908
2444514.67700 2.3501
2444516.67401 2.6606
2444516.67902 2.4297
2444516.68298 2.0572
2444517.68799 2.4854
2444517.69299 1.8630
2444525.66803 2.0641
2444525.67297 1.9713
