44470 0.3774
44470 0.3815
45552.9 1.1107
45552.9 1.0662
45552.9 1.0897
45558.9 1.0806
45559 1.0505
45559 1.0635
45574 1.0374
45574 1.0198
45574 1.0119
45581.8 1.1441
45581.8 1.1461
45581.8 1.1266
45584.9 1.0807
45584.9 1.0862
45584.9 1.0641
45591.8 1.0608
45591.8 1.0453
45591.8 1.0673
45620.9 1.1404
45620.9 1.1337
45620.9 1.1178
45634.8 1.1006
45634.8 1.0962
45634.8 1.0913
45636.8 1.1292
45636.8 1.0844
45636.8 1.1414
45657.7 1.0898
45657.7 1.0710
45657.7 1.0849
45664.8 1.0613
45664.8 1.0295
45664.8 1.0713
45686.7 1.1251
45686.7 1.1295
45686.7 1.1322
45696.7 1.1631
45696.7 1.1450
45696.7 1.1044
45708.7 1.1185
45708.7 1.1161
45708.7 1.0972
45724.6 1.1202
45724.6 1.0970
45724.6 1.1475
47042 1.0648
47042 1.0733
47042 1.0881
47054.9 1.0722
47054.9 1.0591
47054.9 1.0626
47068 1.0042
47068 1.0138
47068 1.0172
47076.9 1.0898
47076.9 1.1225
47076.9 1.0988
47088.8 1.1092
47088.8 1.1039
47088.8 1.1014
47108.8 1.1245
47108.8 1.1526
47108.8 1.1274
47121.8 1.1401
47121.8 1.1040
47121.8 1.0795
47128.9 1.0843
47128.9 1.0783
47128.9 1.0766
47140.7 1.0990
47140.7 1.1005
47140.7 1.1003
47150.7 1.1254
47150.7 1.1184
47150.7 1.1427
47162.7 1.1175
47162.7 1.1444
47162.7 1.1324
47162.7 1.1393
47162.7 1.1558
47171.7 1.1662
47171.7 1.2258
47171.7 1.1812
47183.7 1.1398
47183.7 1.1243
47183.7 1.1397
47199.7 1.0934
47199.7 1.0771
47199.7 1.0691
47199.7 1.0699
47199.7 1.0641
47199.7 1.0659
47422 1.0836
47422 1.1330
47422 1.0880
47451.9 1.1239
47451.9 1.0966
47451.9 1.1345
47461.9 1.0755
47461.9 1.0810
47461.9 1.0667
47478.8 1.0655
47478.8 1.0667
47478.8 1.0881
47493.8 1.0607
47493.8 1.0531
47493.8 1.0747
47497.8 1.0362
47497.8 1.0598
47497.8 1.0606
47509.7 1.0874
47509.7 1.1367
47509.7 1.1897
47519.7 1.1182
47519.7 1.1106
47519.7 1.0697
47529.7 1.0895
47529.7 1.1060
47529.7 1.1107
47544.7 1.1060
47544.7 1.0940
47544.7 1.0973
47558.6 1.1210
47558.6 1.1074
47558.6 1.1103
47766 1.0288
47766 1.0537
47766 1.0677
47775 1.0428
47775 1.0117
47775 1.0421
47791 1.0718
47791 1.0789
47791 1.0654
47804.9 1.0847
47804.9 1.0808
47804.9 1.0609
47815.9 1.1085
47815.9 1.0900
47815.9 1.0883
47836.8 1.1030
47836.8 1.1294
47836.8 1.1122
47864.7 1.0401
47864.7 1.0315
47864.7 1.0297
47898.6 1.1073
47898.6 1.1446
47898.6 1.1784
