39371.8 0.2021
39390.8 0.1988
39391.8 0.2011
39786.8 0.2227
39787.8 0.2208
39816.8 0.2130
39834.8 0.2219
39835.8 0.2297
40105.8 0.2150
40106.8 0.2112
40107.8 0.2057
40139.8 0.2146
40140.8 0.2156
40168.8 0.2152
40169.8 0.2097
40170.8 0.2020
40454.8 0.2069
40455.8 0.1979
40456.8 0.1999
40495.8 0.2098
40498.8 0.2054
40499.8 0.2040
40519.8 0.2023
40520.8 0.1951
40557.8 0.2068
40558.8 0.2128
40570.8 0.2138
40843.8 0.2345
40844.8 0.2271
40845.8 0.2243
40910.8 0.2282
40911.8 0.2340
40912.8 0.2256
40935.8 0.2218
40960.8 0.2127
40961.8 0.2137
40962.8 0.2147
41199.8 0.2200
41202.8 0.2218
41249.8 0.2219
41250.8 0.2257
41262.8 0.2220
41263.8 0.2173
41264.8 0.2082
41285.8 0.2088
41286.8 0.2127
41313.8 0.2004
41314.8 0.2076
41554.8 0.2114
41589.8 0.2064
41590.8 0.2010
41591.8 0.2040
41615.8 0.1997
41617.8 0.2148
41618.8 0.2055
41641.8 0.2050
41642.8 0.2028
41643.8 0.1995
41644.8 0.2060
41669.8 0.2165
41671.8 0.2105
41702.8 0.2084
41703.8 0.2108
41911.8 0.2139
41942.8 0.2201
41943.8 0.2196
41944.8 0.2159
41945.8 0.2171
41959.8 0.2121
41960.8 0.2183
41961.8 0.2208
42015.8 0.2221
42016.8 0.2228
42046.8 0.2123
42061.8 0.2102
42282.8 0.2087
42283.8 0.2011
42284.8 0.2052
42285.8 0.2123
42329.8 0.2141
42330.8 0.2047
42331.8 0.2112
42349.8 0.2076
42380.8 0.2121
42382.8 0.2070
42431.8 0.2075
42432.8 0.2036
42438.8 0.1953
42646.8 0.2224
42647.8 0.2087
42675.8 0.2191
42676.8 0.2073
42677.8 0.2076
42678.8 0.2118
42702.8 0.2027
42703.8 0.2049
42731.8 0.2095
42732.8 0.2004
42763.8 0.2113
42764.8 0.2250
42765.8 0.2196
42792.8 0.2131
42793.8 0.2113
42794.8 0.2209
43024.8 0.2016
43060.8 0.2041
43061.8 0.2042
43062.8 0.2020
43110.8 0.2103
43111.8 0.2038
43112.8 0.2018
43113.8 0.1964
43146.8 0.1936
43172.8 0.1997
43173.8 0.2005
43174.8 0.2026
43175.8 0.1973
43176.8 0.2014
43414.8 0.1730
43477.8 0.1929
43478.8 0.2099
43742.8 0.2139
43743.8 0.2096
43777.8 0.2210
43805.8 0.2272
43824.8 0.2156
43892.8 0.2271
44172.8 0.2240
44190.8 0.2172
44200.8 0.2222
44201.8 0.2147
44202.8 0.2177
44203.8 0.2234
44204.8 0.2248
44205.8 0.2238
44206.8 0.2317
44207.8 0.2231
44208.8 0.2312
44224.8 0.2216
44260.8 0.2105
44430 0.2158
44430 0.2201
44430 0.2119
44431 0.2059
44431 0.1999
44431 0.2069
44442 0.2132
44442 0.2065
44442 0.2137
44443 0.2084
44443 0.2101
44443 0.2050
44444 0.2091
44444 0.2086
44444 0.2132
44445 0.2180
44445 0.2146
44445 0.2105
44446 0.2168
44446 0.2226
44446 0.2210
44447 0.2077
44447 0.2191
44447 0.2170
44448 0.2167
44448 0.2169
44449 0.2127
44449 0.2122
44449 0.2112
44450 0.2153
44450 0.2125
44450 0.2064
44452 0.2239
44452 0.2135
44452 0.2172
44453 0.2254
44453 0.2185
44453 0.2203
44454 0.2127
44454 0.2194
44454 0.2191
44455 0.2124
44455 0.2124
44459 0.2250
44459 0.2194
44459 0.2218
44461 0.2124
44461 0.2190
44461 0.2156
44462 0.2139
44462 0.2187
44462 0.2175
44463 0.2157
44463 0.2127
44463 0.2186
44464 0.2244
44464 0.2209
44464 0.2276
44465 0.2163
44465 0.2146
44465 0.2216
44467.9 0.2142
44467.9 0.2160
44467.9 0.2137
44469 0.2214
44469 0.2165
44469 0.2224
44469.9 0.2215
44469.9 0.2157
44469.9 0.2246
44473 0.2201
44473 0.2090
44473 0.2182
44474 0.2215
44474 0.2198
44474 0.2270
44474.9 0.2169
44474.9 0.2157
44474.9 0.2167
44476 0.2114
44476 0.2161
44476 0.2213
44478.9 0.2163
44478.9 0.2160
44478.9 0.2138
44480 0.2117
44480 0.2138
44480 0.2099
44481 0.2169
44481 0.2160
44481 0.2125
44481.9 0.2107
44481.9 0.2154
44481.9 0.2068
44483 0.2195
44483 0.2160
44483 0.2156
44484.9 0.2169
44484.9 0.2221
44484.9 0.2172
44485.9 0.2103
44485.9 0.2084
44485.9 0.2091
44486.9 0.2090
44486.9 0.2052
44486.9 0.2029
44487.9 0.2066
44487.9 0.2058
44487.9 0.2098
44489.9 0.2109
44489.9 0.2153
44489.9 0.2175
44490.9 0.2220
44490.9 0.2112
44490.9 0.2186
44492.9 0.2051
44492.9 0.2058
44492.9 0.2004
44493.9 0.2056
44493.9 0.2066
44493.9 0.2075
44494.9 0.2122
44494.9 0.2083
44494.9 0.2147
44495.9 0.2171
44495.9 0.2132
44495.9 0.2200
44497 0.2156
44497 0.2183
44497 0.2123
44506 0.2206
44506 0.2102
44506 0.2201
44506.9 0.2154
44506.9 0.2109
44506.9 0.2116
44507.9 0.2136
44507.9 0.2121
44507.9 0.2178
44508.9 0.2182
44508.9 0.2187
44508.9 0.2115
44509.8 0.2136
44509.8 0.2143
44509.8 0.2146
44510.9 0.2239
44510.9 0.2232
44510.9 0.2152
44512 0.2154
44512 0.2166
44512 0.2193
44512.9 0.2323
44512.9 0.2218
44512.9 0.2111
44514 0.2066
44514 0.2134
44514 0.2218
44515 0.2105
44515 0.2133
44515 0.2209
44516 0.2079
44516 0.2077
44516 0.2109
44516 0.2109
44516 0.2087
44516 0.2087
44517 0.2133
44517 0.2133
44517 0.2048
44518 0.2123
44518 0.2133
44518 0.2077
44524.8 0.2167
44524.8 0.2200
44524.8 0.2160
44525.9 0.2049
44525.9 0.2177
44525.9 0.2128
44547.8 0.2044
44547.8 0.2116
44547.8 0.2067
44548.8 0.2021
44548.8 0.2121
44548.8 0.2070
44549.8 0.2167
44549.8 0.2082
44549.8 0.2080
44550.8 0.2123
44550.8 0.2098
44550.8 0.2047
44562.8 0.1877
44562.8 0.1987
44562.8 0.1967
44564.8 0.2066
44564.8 0.1987
44564.8 0.2113
44566.8 0.2025
44566.8 0.2072
44566.8 0.2037
44639.6 0.1971
44639.6 0.2010
44639.6 0.2082
44848 0.2200
44848 0.2200
44848 0.2191
44849 0.2219
44849 0.2241
44849 0.2196
44850 0.2242
44850 0.2157
44850 0.2217
44851 0.2110
44851 0.2157
44851 0.2189
44852 0.2134
44852 0.2141
44852 0.2101
44856 0.2154
44856 0.2082
44856 0.2176
44860 0.2137
44860 0.2110
44860 0.2074
44862 0.2202
44862 0.2167
44862 0.2157
44863 0.2124
44863 0.2119
44863 0.2081
44864 0.2039
44864 0.2130
44864 0.2110
44864.9 0.2105
44864.9 0.2101
44865 0.2103
44866 0.2066
44866 0.2106
44866 0.2080
44869 0.2150
44869 0.2142
44869 0.2160
44871 0.2052
44871 0.2133
44871 0.2113
44872 0.2085
44872 0.2065
44872 0.2072
44873 0.2119
44873 0.2207
44873 0.2061
44874.9 0.2166
44874.9 0.2216
44874.9 0.2146
44883.9 0.2217
44883.9 0.2179
44883.9 0.2197
44894.9 0.2116
44894.9 0.2172
44894.9 0.2163
44898.9 0.2128
44898.9 0.2150
44898.9 0.2166
44899.9 0.2199
44899.9 0.2201
44899.9 0.2221
44900.9 0.2236
44900.9 0.2204
44900.9 0.2252
45211 0.2211
45211 0.2257
45211 0.2272
45212 0.2256
45212 0.2308
45212 0.2230
45215 0.2221
45215 0.2306
45215 0.2257
45216 0.2328
45216 0.2289
45216 0.2196
45217.9 0.2193
45217.9 0.2220
45217.9 0.2301
45220 0.2298
45220 0.2291
45220 0.2284
45224 0.2230
45224 0.2283
45224 0.2235
45225 0.2301
45225 0.2352
45225 0.2230
45226 0.2287
45226 0.2250
45226 0.2195
45247.9 0.2318
45247.9 0.2285
45247.9 0.2301
45249.9 0.2294
45249.9 0.2304
45249.9 0.2313
45251.9 0.2129
45251.9 0.2211
45251.9 0.2159
45253.8 0.2263
45253.8 0.2297
45253.8 0.2424
45254.8 0.2206
45254.9 0.2279
45254.9 0.2179
45276.8 0.2172
45276.8 0.2166
45276.9 0.2085
45321.7 0.2272
45321.7 0.2223
45321.7 0.2181
45346.6 0.2052
45346.6 0.2153
45346.6 0.2100
45545 0.2297
45545 0.2354
45545 0.2328
45557 0.2228
45557 0.2295
45557 0.2268
45564 0.2234
45564 0.2294
45564 0.2204
45575 0.2316
45575 0.2322
45575 0.2225
45581 0.2293
45581 0.2380
45581 0.2266
45584 0.2225
45584 0.2311
45584 0.2306
45589.9 0.2324
45589.9 0.2276
45589.9 0.2333
45593 0.2312
45593 0.2282
45593 0.2229
45596 0.2283
45596 0.2271
45596 0.2234
45647.8 0.2156
45647.8 0.2142
45647.8 0.2193
45654.8 0.2282
45654.8 0.2199
45654.8 0.2212
45666.8 0.2316
45666.8 0.2220
45666.8 0.2284
45684.7 0.2174
45684.7 0.2222
45684.7 0.2111
45687.7 0.2206
45687.7 0.2110
45687.7 0.2169
45705.7 0.2075
45705.7 0.2187
45705.7 0.2162
45707.7 0.2167
45707.7 0.2071
45707.7 0.2095
45710.7 0.2023
45710.7 0.2077
45710.7 0.2119
45716.7 0.2100
45716.7 0.2052
45716.7 0.2040
45724.7 0.2079
45724.7 0.2091
45724.7 0.2070
45919 0.2224
45919 0.2362
45919 0.2312
45920 0.2349
45920 0.2345
45920 0.2381
45936 0.2172
45936 0.2251
45936 0.2217
45937 0.2289
45937 0.2348
45937 0.2220
45938 0.2271
45938 0.2332
45938 0.2374
45939 0.2281
45939 0.2265
45939 0.2322
45940 0.2197
45940 0.2138
45940 0.2127
45942 0.2128
45942 0.2099
45942 0.2116
45944 0.2193
45944 0.2084
45944 0.2180
45945 0.2191
45945 0.2064
45945 0.2085
45949 0.2453
45949 0.2445
45949 0.2438
45950 0.2232
45950 0.2262
45950 0.2244
45951 0.2196
45951 0.2258
45951 0.2232
45952 0.2130
45952 0.2271
45952 0.2241
45959.9 0.2362
45960 0.2308
45960 0.2206
45965 0.2239
45965 0.2199
45965 0.2305
45966 0.2297
45966 0.2226
45966 0.2337
45970.9 0.2259
45970.9 0.2241
45970.9 0.2206
45971.9 0.2214
45971.9 0.2190
45971.9 0.2188
45973 0.2192
45973 0.2262
45973 0.2212
45976.9 0.2253
45976.9 0.2183
45976.9 0.2224
45981.9 0.2175
45981.9 0.2140
45981.9 0.2075
45982.9 0.2319
45982.9 0.2197
45982.9 0.2239
45987.9 0.2092
45987.9 0.2176
45987.9 0.2144
45996.9 0.2190
45996.9 0.2263
45996.9 0.2152
46000.9 0.2129
46000.9 0.2168
46000.9 0.2175
46002.9 0.2230
46002.9 0.2155
46002.9 0.2204
46003.9 0.2211
46003.9 0.2240
46003.9 0.2056
46006.9 0.2121
46006.9 0.2105
46006.9 0.2133
46019.8 0.2140
46019.8 0.2132
46019.8 0.2083
46024.8 0.2231
46024.8 0.2146
46024.8 0.2045
46028.8 0.2078
46028.8 0.2082
46028.8 0.2127
46031.8 0.2149
46031.8 0.2080
46031.8 0.2085
46033.7 0.2168
46033.7 0.2273
46033.7 0.2200
46036.8 0.2269
46036.8 0.2177
46036.8 0.2140
46051.8 0.2155
46051.8 0.2029
46051.8 0.2127
46057.8 0.2162
46057.8 0.2232
46057.8 0.2189
46068.7 0.2373
46068.7 0.2290
46068.7 0.2266
46069.7 0.2126
46069.7 0.2209
46069.7 0.2190
46070.7 0.2070
46070.7 0.2090
46070.7 0.2062
46084.1 0.2210
46084.1 0.2193
46084.2 0.2206
46084.7 0.2128
46084.7 0.2126
46084.7 0.2148
46085.6 0.2184
46085.6 0.2242
46085.6 0.2225
46087.3 0.2274
46087.3 0.2217
46087.3 0.2250
46303 0.2123
46303 0.2129
46303 0.2100
46304 0.2148
46304 0.2092
46304 0.2125
46310 0.2157
46310 0.2124
46310 0.2133
46311 0.2133
46311 0.2091
46311 0.2103
46322 0.2191
46322 0.2173
46322 0.2195
46323 0.2193
46323 0.2188
46323 0.2175
46324 0.2135
46324 0.2194
46324 0.2193
46325 0.2168
46325 0.2056
46325 0.2137
46326 0.2094
46326 0.2120
46326 0.2055
46329 0.2110
46329 0.2094
46329 0.2127
46330.9 0.2179
46330.9 0.2110
46330.9 0.2113
46332 0.2133
46332 0.2075
46332 0.2096
46333 0.2080
46333 0.2192
46333 0.2148
46335 0.2167
46335 0.2229
46335 0.2212
46338 0.2111
46338 0.2082
46338 0.2131
46338.9 0.2159
46338.9 0.2127
46338.9 0.2051
46339.9 0.2103
46339.9 0.2053
46339.9 0.2114
46340.9 0.2177
46340.9 0.2199
46340.9 0.2126
46341.9 0.2196
46341.9 0.2147
46341.9 0.2204
46354.9 0.2140
46354.9 0.2153
46354.9 0.2083
46356.9 0.2098
46356.9 0.2133
46356.9 0.2102
46358.9 0.2176
46358.9 0.2158
46358.9 0.2173
46361.9 0.2162
46361.9 0.2106
46361.9 0.2145
46363.9 0.2152
46363.9 0.2157
46363.9 0.2235
46365.8 0.2224
46365.8 0.2182
46365.8 0.2224
46368.9 0.2167
46368.9 0.2172
46368.9 0.2156
46370.9 0.2161
46370.9 0.2164
46370.9 0.2169
46371.9 0.2181
46371.9 0.2183
46371.9 0.2179
46372.8 0.2274
46372.8 0.2249
46372.8 0.2274
46374.8 0.2099
46374.8 0.2123
46374.8 0.2107
46375.9 0.2107
46375.9 0.2086
46375.9 0.2062
46376.8 0.2158
46376.8 0.2179
46376.8 0.2198
46382.9 0.2083
46382.9 0.2124
46382.9 0.2081
46387.8 0.2211
46387.8 0.2138
46387.8 0.2161
46388.8 0.2124
46388.8 0.2129
46388.8 0.2115
46389.8 0.2166
46389.8 0.2165
46389.8 0.2127
46390.8 0.2162
46390.8 0.2184
46390.8 0.2116
46391.8 0.2181
46391.8 0.2193
46391.8 0.2162
46392.8 0.2163
46392.8 0.2179
46392.8 0.2169
46405.7 0.2197
46405.7 0.2195
46405.7 0.2118
46406.8 0.2156
46406.8 0.2118
46406.8 0.2132
46407.8 0.2129
46407.8 0.2157
46407.8 0.2155
46411.7 0.2068
46411.7 0.2225
46411.7 0.2217
46414.7 0.2161
46414.7 0.2242
46414.7 0.2205
46417.7 0.2151
46417.7 0.2104
46417.7 0.2083
46418.7 0.2121
46418.7 0.2095
46418.7 0.2124
46419.7 0.2115
46419.7 0.2129
46419.7 0.2118
46420.7 0.2125
46420.7 0.2126
46420.7 0.2103
46421.7 0.2168
46421.7 0.2162
46421.7 0.2166
46427.8 0.2213
46427.8 0.2161
46427.8 0.2180
46432.7 0.2199
46432.7 0.2137
46432.7 0.2146
46438.7 0.2163
46438.7 0.2057
46438.7 0.2169
46441.7 0.2175
46441.7 0.2201
46441.7 0.2225
46442.7 0.2182
46442.7 0.2172
46442.7 0.2172
46447.7 0.2173
46447.7 0.2229
46447.7 0.2204
46448.7 0.2146
46448.7 0.2128
46448.7 0.2129
46450.7 0.2154
46450.7 0.2039
46450.7 0.2111
46455.6 0.2098
46455.6 0.2104
46455.6 0.2095
46456.7 0.2135
46456.7 0.2094
46456.7 0.2105
46459.6 0.2191
46459.6 0.2117
46459.6 0.2232
46463.7 0.2087
46463.7 0.2147
46463.7 0.2162
46467.6 0.2018
46467.6 0.2188
46467.6 0.2061
46470.6 0.2204
46470.6 0.2207
46470.6 0.2207
46471.6 0.2228
46471.6 0.2246
46471.6 0.2252
46483.6 0.2234
46483.6 0.2172
46483.6 0.2125
46674 0.2125
46674 0.2204
46674 0.2234
46675 0.2274
46675 0.2225
46675 0.2227
46677 0.2263
46677 0.2201
46677 0.2219
46679 0.2205
46679 0.2175
46679 0.2127
46680 0.2219
46680 0.2326
46680 0.2211
46683 0.2261
46683 0.2222
46683 0.2248
46686 0.2250
46686 0.2238
46686 0.2143
46688 0.2185
46688 0.2146
46688 0.2172
46690 0.2228
46690 0.2194
46690 0.2144
46691 0.2090
46691 0.2188
46691 0.2268
46696 0.2217
46696 0.2195
46696 0.2180
46704.9 0.2275
46704.9 0.2319
46704.9 0.2186
46709 0.2130
46709 0.2230
46709 0.2152
46709.9 0.2152
46710 0.2208
46710 0.2166
46711.9 0.2183
46711.9 0.2056
46711.9 0.2226
46712.9 0.2285
46712.9 0.2213
46712.9 0.2175
46716.9 0.2209
46716.9 0.2148
46716.9 0.2208
46718 0.2166
46718 0.2186
46718 0.2125
46720.9 0.2098
46720.9 0.2201
46720.9 0.2171
46722.9 0.2200
46722.9 0.2183
46722.9 0.2245
46723.9 0.2248
46723.9 0.2166
46723.9 0.2250
46726.9 0.2090
46726.9 0.2217
46726.9 0.2217
46727.9 0.2185
46727.9 0.2141
46727.9 0.2190
46733.9 0.2144
46733.9 0.2195
46733.9 0.2060
46738.9 0.2179
46738.9 0.2092
46738.9 0.2132
46740.8 0.2150
46740.8 0.2160
46740.8 0.2251
46743.9 0.2261
46743.9 0.2219
46743.9 0.2207
46744.8 0.2101
46744.8 0.2122
46744.8 0.2019
46746.8 0.2068
46746.8 0.2087
46746.8 0.2061
46747.9 0.2155
46747.9 0.2141
46747.9 0.2143
46749.8 0.2046
46749.8 0.2071
46749.8 0.2093
46754.8 0.2153
46754.8 0.2132
46754.8 0.2119
46767.8 0.2132
46767.8 0.2095
46767.8 0.2054
46768.8 0.2059
46768.8 0.1863
46768.8 0.2056
46772.7 0.2029
46772.7 0.2171
46772.7 0.2166
46775.7 0.2196
46775.8 0.2054
46775.8 0.2135
46777.8 0.2177
46777.8 0.2158
46777.8 0.2174
46778.7 0.2002
46778.7 0.2107
46778.7 0.2079
46791.7 0.2099
46791.7 0.2084
46791.7 0.2128
46807.7 0.2279
46807.7 0.2165
46807.7 0.2129
46810.7 0.2152
46810.7 0.2112
46810.7 0.2223
46815.7 0.2086
46815.7 0.2160
46815.7 0.2018
46844.6 0.2181
46844.6 0.2131
46844.6 0.2169
47025 0.2239
47025 0.2139
47025 0.2175
47028 0.2122
47028 0.2098
47028 0.2108
47032 0.2210
47032 0.2189
47032 0.2172
47035 0.2180
47035 0.2131
47035 0.2200
47037 0.2143
47037 0.2158
47037 0.2170
47039 0.2215
47039 0.2237
47039 0.2230
47045 0.2117
47045 0.2152
47045 0.2181
47046 0.2216
47046 0.2151
47046 0.2170
47048 0.2055
47048 0.2037
47048 0.2129
47050 0.2146
47050 0.2142
47050 0.2123
47051 0.2185
47051 0.2200
47051 0.2173
47054 0.2137
47054 0.2149
47054 0.2140
47055 0.2160
47055 0.2174
47055 0.2159
47056 0.2175
47056 0.2144
47056 0.2184
47059 0.2140
47059 0.2228
47059 0.2223
47060.9 0.2171
47060.9 0.2157
47061 0.2188
47064.9 0.2295
47064.9 0.2305
47064.9 0.2318
47068 0.2180
47068 0.2203
47068 0.2225
47071.9 0.2342
47071.9 0.2347
47071.9 0.2341
47073.9 0.2208
47073.9 0.2267
47073.9 0.2234
47076.9 0.2195
47076.9 0.2141
47076.9 0.2125
47077.9 0.2178
47077.9 0.2148
47077.9 0.2187
47079.9 0.2163
47079.9 0.2155
47079.9 0.2207
47082.9 0.2298
47082.9 0.2257
47082.9 0.2245
47083.9 0.2111
47083.9 0.2110
47083.9 0.2162
47085.9 0.2145
47085.9 0.2158
47085.9 0.2158
47088.9 0.2113
47088.9 0.2105
47088.9 0.2041
47089.9 0.2098
47089.9 0.2109
47089.9 0.2094
47107.8 0.2176
47107.8 0.2122
47107.8 0.2069
47108.8 0.2147
47108.8 0.2159
47108.8 0.2152
47110.8 0.2107
47110.8 0.2044
47110.8 0.2113
47115.9 0.2063
47115.9 0.2090
47115.9 0.2083
47118.9 0.2109
47118.9 0.2069
47118.9 0.2055
47122.8 0.2101
47122.8 0.2140
47122.8 0.2091
47124.8 0.2049
47124.8 0.2040
47124.8 0.2065
47127.8 0.2089
47127.8 0.2118
47127.8 0.2078
47128.8 0.2068
47128.8 0.2102
47128.8 0.2067
47129.8 0.2006
47129.8 0.2049
47129.8 0.2053
47130.8 0.2050
47130.8 0.2089
47130.8 0.2088
47131.8 0.2112
47131.8 0.2101
47131.8 0.2130
47138.9 0.2081
47138.9 0.2097
47138.9 0.2111
47139.8 0.2026
47139.8 0.2097
47139.8 0.2128
47141.8 0.2055
47141.8 0.2049
47141.8 0.2036
47148.7 0.2099
47148.7 0.2164
47148.7 0.2166
47151.7 0.2194
47151.7 0.2116
47151.7 0.2147
47153.6 0.2128
47153.6 0.2141
47153.6 0.2029
47168.7 0.2185
47168.7 0.2161
47168.7 0.2157
47171.7 0.2070
47171.7 0.2114
47171.7 0.2109
47173.7 0.2133
47173.7 0.2146
47173.7 0.2146
47175.7 0.2160
47175.7 0.2192
47175.7 0.2156
47184.7 0.2284
47184.7 0.2167
47184.7 0.2232
47191.7 0.2183
47191.7 0.2214
47191.7 0.2225
47194.7 0.2136
47194.7 0.2205
47194.7 0.2178
47200.6 0.2202
47200.6 0.2187
47200.6 0.2206
47203.6 0.2146
47203.6 0.2188
47203.6 0.2167
47204.6 0.2174
47204.6 0.2176
47204.6 0.2218
47212.6 0.2266
47212.6 0.2309
47212.6 0.2205
47422 0.2058
47422 0.2043
47422 0.2058
47427 0.2119
47427 0.2009
47427 0.2094
47429 0.2110
47429 0.2072
47429 0.2052
47432 0.2113
47432 0.2161
47432 0.2115
47433 0.2052
47433 0.2147
47433 0.2182
47435 0.2175
47435 0.2195
47435 0.2161
47436 0.2109
47436 0.2180
47436 0.2132
47446.9 0.2141
47446.9 0.2136
47446.9 0.2180
47447.9 0.2215
47447.9 0.2179
47447.9 0.2237
47449.8 0.2151
47449.8 0.2117
47449.9 0.2155
47450.9 0.2145
47450.9 0.2128
47450.9 0.2117
47457.8 0.2120
47457.8 0.2113
47457.8 0.2167
47459.9 0.2152
47459.9 0.2164
47459.9 0.2205
47462.9 0.2174
47462.9 0.2173
47462.9 0.2138
47466.9 0.2079
47466.9 0.2138
47466.9 0.2188
47470.8 0.2187
47470.8 0.2201
47470.8 0.2187
47472.8 0.2163
47472.8 0.2185
47472.8 0.2202
47478.8 0.2222
47478.8 0.2124
47478.8 0.2145
47482.8 0.2263
47482.8 0.2268
47482.8 0.2281
47484.8 0.2223
47484.8 0.2177
47484.8 0.2169
47486.8 0.2199
47486.8 0.2200
47486.8 0.2219
47492.8 0.2095
47492.8 0.2208
47492.8 0.2165
47495.7 0.2140
47495.8 0.2148
47495.8 0.2207
47496.7 0.2108
47496.7 0.2108
47496.7 0.2088
47497.8 0.2130
47497.8 0.2060
47497.8 0.2116
47499.8 0.2189
47499.8 0.2161
47499.8 0.2182
47500.7 0.2185
47500.7 0.2133
47500.7 0.2200
47501.7 0.2196
47501.7 0.2181
47501.7 0.2129
47508.7 0.2119
47508.7 0.2133
47508.7 0.2106
47509.7 0.2164
47509.7 0.2084
47509.7 0.2185
47519.7 0.2175
47519.7 0.2156
47519.7 0.2158
47526.7 0.2161
47526.7 0.2062
47526.7 0.2187
47529.7 0.2108
47529.7 0.2135
47529.7 0.2121
47538.6 0.2208
47538.6 0.2220
47538.6 0.2140
47540.6 0.2182
47540.6 0.2164
47540.6 0.2184
47542.7 0.2244
47542.7 0.2267
47542.7 0.2208
47543.7 0.2231
47543.7 0.2275
47543.7 0.2227
47555.7 0.2228
47555.7 0.2278
47555.7 0.2207
47559.6 0.2194
47559.6 0.2233
47559.7 0.2230
47574.6 0.2233
47574.6 0.2193
47574.6 0.2133
47777 0.2315
47777 0.2323
47777 0.2283
47781 0.2354
47781 0.2421
47781 0.2324
47782 0.2307
47782 0.2259
47782 0.2318
47784 0.2284
47784 0.2329
47784 0.2338
47791 0.2227
47791 0.2276
47791 0.2258
47804.9 0.2361
47804.9 0.2335
47804.9 0.2320
47807.9 0.2282
47807.9 0.2317
47807.9 0.2270
47808.9 0.2337
47808.9 0.2346
47808.9 0.2360
47818.9 0.2292
47818.9 0.2317
47818.9 0.2227
47835.8 0.2308
47835.8 0.2321
47835.8 0.2309
47838.9 0.2400
47838.9 0.2439
47838.9 0.2410
47847.8 0.2324
47847.8 0.2369
47847.8 0.2331
47862.7 0.2227
47862.7 0.2283
47862.7 0.2323
47865.8 0.2285
47865.8 0.2237
47865.8 0.2264
47868.8 0.2322
47868.8 0.2336
47868.8 0.2368
47871.8 0.2278
47871.8 0.2227
47871.8 0.2282
47873.8 0.2310
47873.8 0.2248
47873.8 0.2333
47877.7 0.2307
47877.7 0.2284
47877.7 0.2313
47895.7 0.2304
47895.7 0.2307
47895.7 0.2335
47900.7 0.2285
47900.7 0.2296
47900.7 0.2308
47902.7 0.2191
47902.7 0.2186
47902.7 0.2234
47903.6 0.2156
47903.6 0.2168
47903.6 0.2132
47925.6 0.2180
47925.6 0.2226
47925.6 0.2237
47929.6 0.2313
47929.6 0.2304
47929.6 0.2321
48150 0.2315
48150 0.2292
48150 0.2265
48153 0.2248
48153 0.2256
48153 0.2243
48162 0.2176
48162 0.2263
48162 0.2215
48163 0.2180
48163 0.2191
48163 0.2215
48166 0.2230
48166 0.2215
48166 0.2259
48167.9 0.2234
48167.9 0.2254
48168 0.2229
48187.9 0.2195
48187.9 0.2205
48187.9 0.2193
48193.9 0.2125
48193.9 0.2210
48193.9 0.2174
48214.8 0.2251
48214.8 0.2225
48214.8 0.2224
48220.8 0.2226
48220.8 0.2275
48220.8 0.2273
48224.8 0.2134
48224.8 0.2164
48224.8 0.2171
48226.8 0.2215
48226.8 0.2246
48226.8 0.2255
48242.7 0.2193
48242.7 0.2155
48242.7 0.2197
48256.7 0.2256
48256.7 0.2237
48256.7 0.2260
48271.7 0.2203
48271.7 0.2116
48271.7 0.2193
48273.7 0.2170
48273.7 0.2135
48273.7 0.2204
48281.7 0.2153
48281.7 0.2219
48281.7 0.2189
48301.6 0.2130
48301.6 0.2238
48301.6 0.2154
48645.6 0.2231
48645.6 0.2192
48645.6 0.2164
48648.6 0.2135
48648.6 0.2301
48648.6 0.2166
48656.6 0.2198
48656.6 0.2230
48656.6 0.2224
48657.6 0.2340
48657.6 0.2263
48657.6 0.2221
48891 0.2223
48891 0.2179
48891 0.2242
48891.9 0.2123
48891.9 0.2109
48891.9 0.2186
48898 0.2173
48898 0.2201
48898 0.2182
48901.9 0.2148
48901.9 0.2137
48901.9 0.2154
48902.9 0.2132
48902.9 0.2143
48902.9 0.2140
48903.9 0.2115
48903.9 0.2091
48903.9 0.2098
48905.9 0.2197
48905.9 0.2179
48905.9 0.2229
48906.9 0.2131
48906.9 0.2188
48906.9 0.2217
48911.9 0.2186
48911.9 0.2175
48911.9 0.2165
48914.9 0.2226
48914.9 0.2266
48914.9 0.2201
48918.9 0.2276
48918.9 0.2224
48918.9 0.2266
48933.9 0.2239
48933.9 0.2269
48933.9 0.2219
48934.9 0.2283
48934.9 0.2283
48934.9 0.2285
48938.8 0.2186
48938.8 0.2221
48938.8 0.2190
48939.8 0.2231
48939.8 0.2249
48939.8 0.2246
48940.8 0.2300
48940.8 0.2247
48940.8 0.2252
48949.8 0.2282
48949.8 0.2140
48949.8 0.2219
48954.8 0.2281
48954.8 0.2281
48954.8 0.2277
48957.8 0.2234
48957.8 0.2257
48957.8 0.2233
48967.8 0.2139
48967.8 0.2242
48967.8 0.2200
48971.8 0.2128
48971.8 0.2222
48971.8 0.2188
48972.8 0.2169
48972.8 0.2170
48972.8 0.2247
48973.8 0.2103
48973.8 0.2110
48973.8 0.2092
48975.7 0.2178
48975.7 0.2132
48975.8 0.2169
48977.8 0.2192
48977.8 0.2188
48977.8 0.2232
48979.7 0.2152
48979.7 0.2159
48979.7 0.2152
48980.8 0.2215
48980.8 0.2209
48980.8 0.2124
48990.7 0.2227
48990.7 0.2245
48990.7 0.2293
49009.6 0.2287
49009.6 0.2248
49009.6 0.2258
49019.6 0.2222
49019.6 0.2227
49019.6 0.2259
49259 0.2243
49259 0.2225
49259 0.2228
49261 0.2265
49261 0.2186
49261 0.2214
49263 0.2187
49263 0.2110
49263 0.2165
49264 0.2240
49264 0.2261
49264 0.2277
49264.9 0.2139
49264.9 0.2310
49264.9 0.2207
49265.9 0.2269
49265.9 0.2165
49265.9 0.2196
49269.9 0.2291
49269.9 0.2216
49269.9 0.2189
49273.9 0.2175
49273.9 0.2167
49273.9 0.2167
49280.9 0.2074
49280.9 0.2143
49280.9 0.2094
49283.9 0.2242
49283.9 0.2195
49283.9 0.2232
49284.9 0.2146
49284.9 0.2232
49284.9 0.2166
49285.9 0.2073
49285.9 0.2229
49285.9 0.2185
49296.8 0.2250
49296.8 0.2240
49296.8 0.2201
49297.8 0.2229
49297.8 0.2222
49297.8 0.2194
49298.8 0.2198
49298.8 0.2251
49298.8 0.2251
49300.8 0.2199
49300.8 0.2216
49300.8 0.2180
49307.8 0.2121
49307.8 0.2146
49307.8 0.2118
49309.8 0.2136
49309.8 0.2157
49309.8 0.2139
49310.8 0.2117
49310.8 0.2168
49310.8 0.2109
49311.8 0.2112
49311.8 0.2146
49311.8 0.2121
49312.8 0.2110
49312.8 0.2112
49312.8 0.2151
49318.8 0.2181
49318.8 0.2121
49318.8 0.2119
49325.7 0.2074
49325.7 0.2137
49325.7 0.2014
49327.7 0.2169
49327.7 0.2149
49327.7 0.2185
49328.7 0.2121
49328.7 0.2130
49328.7 0.2152
49329.7 0.2192
49329.7 0.2208
49329.7 0.2191
49331.7 0.2078
49331.7 0.2056
49331.7 0.2129
49332.7 0.2175
49332.7 0.2143
49332.7 0.2162
49335.7 0.2160
49335.7 0.2149
49335.7 0.2141
49337.7 0.2128
49337.7 0.2163
49337.7 0.2094
49338.7 0.2128
49338.7 0.2129
49338.7 0.2133
49342.7 0.2096
49342.7 0.2104
49342.7 0.2155
49343.7 0.2042
49343.7 0.2119
49343.7 0.2083
49344.7 0.2012
49344.7 0.2035
49344.7 0.2048
49350.7 0.2058
49350.7 0.2100
49350.7 0.2113
49351.7 0.2032
49351.7 0.2021
49351.7 0.2070
49352.7 0.2120
49352.7 0.2116
49352.7 0.2126
49354.7 0.2099
49354.7 0.2065
49354.7 0.2091
49356.7 0.2022
49356.7 0.2007
49356.7 0.2004
49359.7 0.2037
49359.7 0.2095
49359.7 0.2107
49360.7 0.2075
49360.7 0.2012
49360.7 0.2024
49361.7 0.2066
49361.7 0.2057
49361.7 0.2090
49363.7 0.2088
49363.7 0.2100
49363.7 0.2140
49365.7 0.2123
49365.7 0.2071
49365.7 0.2109
49368.7 0.2134
49368.7 0.2141
49368.7 0.2123
49369.6 0.2151
49369.7 0.2144
49369.7 0.2114
49615.9 0.2154
49615.9 0.2171
49615.9 0.2232
49617.9 0.2028
49617.9 0.2074
49617.9 0.1753
49625.9 0.1976
49625.9 0.2038
49625.9 0.2026
49632.9 0.2105
49632.9 0.2084
49632.9 0.2071
49633.9 0.2083
49633.9 0.2159
49633.9 0.2145
49634.9 0.2073
49634.9 0.2170
49634.9 0.2160
49636.9 0.2094
49636.9 0.2123
49636.9 0.2042
49641.9 0.2153
49641.9 0.2102
49641.9 0.2112
49642.9 0.1999
49642.9 0.2019
49642.9 0.2052
49643.9 0.1952
49643.9 0.2016
49643.9 0.2025
49644.9 0.2038
49644.9 0.2009
49644.9 0.2009
49645.9 0.2040
49645.9 0.2013
49645.9 0.2003
49647.8 0.2211
49647.8 0.2067
49647.8 0.2080
49648.8 0.2039
49648.8 0.2067
49648.8 0.1976
49650.9 0.1995
49650.9 0.1963
49650.9 0.2015
49651.8 0.2051
49651.8 0.2062
49651.9 0.2050
49652.9 0.2067
49652.9 0.2097
49652.9 0.2041
49654.8 0.2069
49654.8 0.2074
49654.8 0.2041
49655.9 0.2097
49655.9 0.2054
49655.9 0.2080
49656.8 0.2069
49656.8 0.1994
49656.8 0.1947
49657.8 0.2046
49657.8 0.2072
49657.8 0.2073
49658.9 0.2091
49658.9 0.2101
49658.9 0.2087
49660.8 0.2052
49660.8 0.2042
49660.8 0.2061
49661.9 0.1996
49661.9 0.2030
49661.9 0.2059
49662.8 0.2093
49662.8 0.2075
49662.8 0.2093
49663.8 0.2079
49663.8 0.2105
49663.8 0.2151
49668.8 0.2082
49668.8 0.2194
49668.8 0.2162
49670.8 0.2123
49670.8 0.2228
49670.8 0.2139
49676.8 0.2173
49676.8 0.2141
49676.8 0.2098
49677.8 0.2044
49677.8 0.2084
49677.8 0.2056
49680.8 0.1948
49680.8 0.1958
49680.8 0.2077
49684.8 0.2045
49684.8 0.2014
49684.8 0.2039
49686.8 0.2060
49686.8 0.2006
49686.8 0.1979
49687.7 0.2004
49687.7 0.1930
49687.7 0.2026
49688.8 0.2063
49688.8 0.2119
49688.8 0.2118
49689.7 0.2072
49689.7 0.2111
49689.7 0.2138
49694.8 0.2087
49694.8 0.2194
49694.8 0.2138
49695.8 0.2207
49695.8 0.2141
49695.8 0.2187
49696.8 0.2055
49696.8 0.2105
49696.8 0.2107
49702.7 0.2145
49702.7 0.2075
49702.7 0.2145
49703.7 0.2055
49703.7 0.2022
49703.7 0.2077
49704.8 0.2011
49704.8 0.2142
49704.8 0.2061
49706.8 0.2193
49706.8 0.2136
49706.8 0.2197
49707.7 0.2130
49707.7 0.2216
49707.7 0.2175
49713.7 0.2145
49713.7 0.2120
49713.7 0.2248
49716.7 0.2053
49716.7 0.2157
49716.7 0.2045
49719.7 0.2141
49719.7 0.2161
49719.7 0.2194
49730.7 0.2136
49730.7 0.2194
49730.7 0.2215
49731.7 0.2170
49731.7 0.2121
49731.7 0.2178
49735.7 0.2199
49735.7 0.2071
49735.7 0.2178
49736.7 0.2163
49736.7 0.2224
49736.7 0.2179
49747.6 0.2175
49747.6 0.2178
49747.6 0.2152
49748.6 0.2129
49748.6 0.2214
49748.6 0.2166
49750.6 0.2304
49750.6 0.2241
49750.6 0.2292
49751.6 0.2185
49751.6 0.2177
49751.6 0.2224
49752.6 0.2216
49752.6 0.2242
49752.6 0.2176
49754.6 0.2245
49754.6 0.2150
49754.6 0.2186
49755.6 0.2254
49755.6 0.2292
49755.6 0.2243
49759.6 0.2244
49759.6 0.2259
49759.6 0.2176
49767.6 0.2326
49767.6 0.2140
49767.6 0.2208
49768.6 0.2260
49768.6 0.2231
49768.6 0.2324
49769.6 0.2328
49769.6 0.2361
49769.6 0.2335
