39786.8 0.7493
39787.8 0.7801
39789.8 0.7300
39817.8 0.7171
39834.8 0.6930
39835.8 0.6773
40105.8 0.7142
40106.8 0.6957
40107.8 0.6906
40139.8 0.6854
40140.8 0.6668
40167.8 0.6511
40168.8 0.6513
40169.8 0.6680
40170.8 0.7275
40199.8 0.6961
40202.8 0.6851
40224.8 0.6280
40225.8 0.6242
40252.8 0.7293
40253.8 0.6749
40254.8 0.6882
40255.8 0.6885
40454.8 0.7508
40455.8 0.6860
40456.8 0.6929
40495.8 0.7709
40498.8 0.7607
40499.8 0.7448
40519.8 0.7104
40520.8 0.6907
40557.8 0.7767
40558.8 0.8374
40570.8 0.7482
40572.8 0.7999
40573.8 0.7860
40610.8 0.7536
40611.8 0.7921
40612.8 0.7902
40843.8 0.7885
40844.8 0.8028
40845.8 0.7853
40881.8 0.7055
40910.8 0.7309
40911.8 0.7333
40912.8 0.7053
40935.8 0.7085
40960.8 0.6796
40961.8 0.6621
40962.8 0.6899
41199.8 0.7176
41200.8 0.6811
41201.8 0.7322
41202.8 0.7662
41249.8 0.6654
41250.8 0.6894
41262.8 0.7097
41263.8 0.6991
41264.8 0.7139
41285.8 0.6945
41286.8 0.6699
41313.8 0.6639
41314.8 0.6689
41554.8 0.7211
41589.8 0.6668
41590.8 0.6634
41591.8 0.6476
41614.8 0.6799
41615.8 0.7193
41617.8 0.6542
41618.8 0.6560
41641.8 0.6748
41642.8 0.6702
41643.8 0.6562
41644.8 0.6389
41669.8 0.6607
41670.8 0.6393
41671.8 0.6205
41702.8 0.6698
41703.8 0.6549
41909.8 0.6496
41911.8 0.6535
41942.8 0.6597
41943.8 0.6542
41944.8 0.6236
41945.8 0.6272
41959.8 0.6670
41960.8 0.6548
41961.8 0.6636
42015.8 0.6983
42016.8 0.7032
42046.8 0.6206
42061.8 0.6330
42260.8 0.7012
42282.8 0.6987
42283.8 0.6644
42284.8 0.6379
42285.8 0.6483
42329.8 0.7522
42330.8 0.6995
42331.8 0.6395
42349.8 0.6681
42380.8 0.6330
42382.8 0.6475
42431.8 0.6421
42432.8 0.6090
42438.8 0.6014
42645.8 0.6818
42646.8 0.6844
42647.8 0.6667
42675.8 0.7102
42676.8 0.6835
42677.8 0.7079
42678.8 0.7175
42702.8 0.6595
42703.8 0.6524
42704.8 0.6123
42731.8 0.6925
42732.8 0.6472
42763.8 0.6369
42764.8 0.6169
42765.8 0.6504
42792.8 0.5565
42793.8 0.6175
42794.8 0.6728
43024.8 0.5860
43060.8 0.6469
43061.8 0.6121
43063.8 0.6030
43110.8 0.6253
43111.8 0.6236
43112.8 0.6073
43113.8 0.5899
43146.8 0.6407
43172.8 0.6249
43173.8 0.6294
43174.8 0.6502
43175.8 0.6120
43176.8 0.6241
43414.8 0.5958
43477.8 0.5579
43478.8 0.6682
43479.8 0.6320
43481.8 0.6524
43742.8 0.6148
43743.8 0.5946
43780.8 0.6212
43805.8 0.5551
43824.8 0.6024
43892.8 0.6121
43902.8 0.6229
43902.8 0.6229
44172.8 0.6442
44190.8 0.6313
44200.8 0.6268
44201.8 0.6473
44202.8 0.5738
44203.8 0.6287
44204.8 0.6271
44205.8 0.6375
44206.8 0.6453
44207.8 0.6531
44208.8 0.6570
44224.8 0.6472
44260.8 0.6227
44430 0.5837
44430 0.5866
44430 0.5669
44431 0.5570
44431 0.5702
44431 0.5690
44442 0.6302
44442 0.6201
44442 0.6109
44444 0.6003
44444 0.6131
44444 0.6051
44445 0.5994
44445 0.6104
44445 0.6206
44446 0.6380
44446 0.6512
44446 0.6233
44447 0.6178
44447 0.6052
44447 0.6263
44448 0.5912
44448 0.6079
44448 0.5868
44449 0.6143
44449 0.6157
44449 0.6002
44450 0.6448
44450 0.6224
44450 0.6018
44452 0.5903
44452 0.6099
44452 0.6155
44453 0.6419
44453 0.6491
44453 0.6225
44454 0.6527
44454 0.5865
44454 0.6197
44455 0.5939
44455 0.6434
44455 0.6190
44459 0.6219
44459 0.6209
44459 0.6320
44460.9 0.6608
44460.9 0.6412
44461 0.6322
44462 0.6427
44462 0.6169
44462 0.6284
44463 0.5988
44463 0.6077
44463 0.6083
44464 0.6081
44464 0.5941
44464 0.6247
44465 0.6141
44465 0.6027
44465 0.5969
44466 0.6203
44466 0.6098
44466 0.6365
44467.9 0.6442
44467.9 0.6237
44467.9 0.6298
44468.9 0.5891
44468.9 0.5919
44468.9 0.6249
44469.9 0.6039
44469.9 0.6086
44469.9 0.6063
44473 0.6174
44473 0.6153
44473 0.6342
44474 0.6222
44474 0.6599
44474 0.6310
44474.9 0.6284
44474.9 0.6334
44474.9 0.6397
44476 0.6175
44476 0.6252
44476 0.6385
44478.9 0.6203
44478.9 0.6264
44478.9 0.6099
44480 0.6218
44480 0.6423
44480 0.6448
44480 0.6227
44480 0.6304
44480 0.6181
44481 0.6102
44481 0.6375
44481 0.6373
44481 0.5918
44481 0.6245
44481 0.6203
44481 0.6466
44481 0.6399
44481 0.6106
44481 0.6419
44481 0.6345
44481 0.6176
44481 0.6328
44481 0.6159
44481 0.6195
44481.9 0.6153
44481.9 0.6052
44481.9 0.6158
44483 0.6352
44483 0.5953
44483 0.6086
44483 0.6246
44483 0.6109
44483 0.6101
44484.9 0.5925
44484.9 0.5914
44484.9 0.6236
44485.9 0.6210
44485.9 0.5934
44485.9 0.6231
44485.9 0.6231
44485.9 0.6563
44485.9 0.6461
44486.9 0.6235
44486.9 0.6478
44486.9 0.6426
44487.9 0.6303
44487.9 0.6284
44487.9 0.6141
44489.9 0.6051
44489.9 0.6279
44489.9 0.6102
44490.9 0.6037
44490.9 0.6367
44490.9 0.5961
44492 0.6410
44492 0.6187
44492 0.6262
44492.9 0.6371
44492.9 0.6411
44492.9 0.6463
44493.9 0.6485
44493.9 0.6323
44493.9 0.6502
44494.9 0.6487
44494.9 0.6298
44494.9 0.6425
44495.9 0.6230
44495.9 0.6375
44495.9 0.6335
44497 0.6094
44497 0.6383
44497 0.6111
44506 0.6332
44506 0.6472
44506 0.6726
44506.9 0.6310
44506.9 0.6447
44506.9 0.6310
44507.9 0.6284
44507.9 0.6309
44507.9 0.6580
44507.9 0.6578
44507.9 0.6361
44507.9 0.6309
44507.9 0.6545
44507.9 0.6550
44507.9 0.6468
44508.9 0.6424
44508.9 0.6332
44508.9 0.6312
44508.9 0.6375
44508.9 0.6384
44508.9 0.6454
44509.8 0.6220
44509.8 0.6190
44509.8 0.5972
44510.9 0.6210
44510.9 0.6294
44510.9 0.6059
44512 0.6750
44512 0.6391
44512 0.6388
44512.9 0.6714
44512.9 0.6534
44512.9 0.6519
44514 0.6107
44514 0.6209
44514 0.6141
44515 0.5971
44515 0.6067
44515 0.6067
44516 0.6324
44516 0.6305
44516 0.6019
44516 0.6036
44516 0.6466
44516 0.6456
44517 0.5817
44517 0.5646
44517 0.6150
44518 0.6345
44518 0.6010
44518 0.6202
44524.8 0.6149
44524.8 0.6076
44524.8 0.6056
44525.9 0.6203
44525.9 0.6474
44525.9 0.6280
44545.9 0.6294
44545.9 0.6164
44545.9 0.6339
44546.8 0.6833
44546.8 0.6623
44546.8 0.6835
44547.8 0.6508
44547.8 0.6498
44547.8 0.6373
44548.8 0.6655
44548.8 0.6397
44548.8 0.6385
44549.9 0.6176
44549.9 0.5953
44549.9 0.6253
44550.8 0.6111
44550.8 0.6189
44550.8 0.6084
44562.8 0.5990
44562.8 0.6067
44562.8 0.6107
44563.8 0.5916
44563.8 0.6162
44563.8 0.6176
44564.8 0.6358
44564.8 0.6141
44564.8 0.6264
44566.8 0.6482
44566.8 0.6579
44566.8 0.6637
44606.7 0.6038
44606.7 0.6097
44606.7 0.6274
44606.7 0.6562
44606.7 0.6459
44606.7 0.6075
44608.7 0.6237
44608.7 0.5984
44608.7 0.5996
44629.6 0.6101
44629.6 0.6154
44629.6 0.6021
44630.6 0.5829
44630.6 0.5985
44630.6 0.5504
44639.6 0.6066
44639.6 0.6018
44639.6 0.6248
44640.6 0.6322
44640.6 0.6062
44640.6 0.5945
44641.6 0.6280
44641.6 0.6425
44641.6 0.6434
44824 0.6090
44824 0.6186
44824 0.6352
44833 0.6383
44833 0.6511
44833 0.6414
44834 0.6140
44834 0.6233
44834 0.6421
44836 0.5993
44836 0.5877
44836 0.5835
44837 0.6118
44837 0.6243
44837 0.6100
44848 0.6145
44848 0.6019
44848 0.6359
44848.9 0.5842
44849 0.6087
44849 0.5855
44849.9 0.5912
44849.9 0.6071
44850 0.5912
44850.9 0.6333
44850.9 0.6461
44850.9 0.6396
44852 0.6309
44852 0.6356
44852 0.6674
44853.9 0.6182
44853.9 0.6268
44853.9 0.6308
44856 0.5902
44856 0.6104
44856 0.6051
44857 0.6193
44857 0.5917
44857 0.6146
44858 0.6290
44858 0.6139
44858 0.6249
44860 0.6242
44860 0.6341
44860 0.6438
44861 0.6271
44861 0.5929
44861 0.6130
44861.9 0.6204
44861.9 0.6081
44861.9 0.6073
44863 0.6064
44863 0.5883
44863 0.5881
44864 0.5859
44864 0.6098
44864 0.6005
44864.9 0.6284
44864.9 0.6541
44864.9 0.6475
44866 0.6285
44866 0.6376
44866 0.6359
44869 0.6085
44869 0.6175
44869 0.5815
44871 0.6045
44871 0.6377
44871 0.5960
44872 0.6580
44872 0.6537
44872 0.6540
44873 0.6366
44873 0.6629
44873 0.6397
44874.9 0.6224
44874.9 0.6179
44874.9 0.6147
44877.9 0.6138
44877.9 0.6304
44878 0.6036
44880.9 0.6510
44880.9 0.6432
44880.9 0.6278
44883.9 0.6118
44883.9 0.6281
44883.9 0.6171
44886.9 0.6442
44886.9 0.6537
44886.9 0.6147
44887.9 0.6033
44887.9 0.6163
44887.9 0.6038
44892.9 0.6190
44892.9 0.6045
44892.9 0.6083
44893.9 0.6286
44893.9 0.6332
44893.9 0.6370
44894.9 0.6105
44894.9 0.6088
44894.9 0.6001
44895.9 0.6137
44895.9 0.6343
44895.9 0.6417
44896.9 0.5932
44896.9 0.5859
44896.9 0.5734
44897.9 0.6239
44897.9 0.5968
44897.9 0.6002
44898.9 0.6401
44898.9 0.6325
44898.9 0.6256
44899.9 0.6335
44899.9 0.6310
44899.9 0.6089
44901 0.5985
44901 0.5515
44901 0.5991
44901.8 0.6154
44901.8 0.5788
44901.8 0.5984
44907.7 0.6254
44907.7 0.6291
44907.7 0.6661
44908.8 0.6176
44908.8 0.6633
44908.8 0.6005
44909.7 0.5915
44909.7 0.5978
44909.7 0.6220
44910.7 0.5716
44910.7 0.5777
44910.7 0.5849
44911.7 0.6127
44911.7 0.6161
44911.7 0.5965
44912.7 0.6013
44912.7 0.5980
44912.7 0.6433
44913.8 0.6316
44913.8 0.6131
44913.8 0.5955
44917.7 0.5761
44917.7 0.5644
44917.7 0.5667
44918.7 0.6207
44918.7 0.6245
44918.7 0.6109
44919.8 0.5967
44919.8 0.6302
44919.8 0.6287
44920.8 0.5872
44920.8 0.5762
44920.8 0.6053
44985.6 0.6089
44985.6 0.5546
44985.6 0.5605
45212 0.6189
45212 0.6363
45212 0.6254
45215 0.6101
45215 0.5852
45215 0.5832
45216 0.6156
45216 0.6177
45216 0.6544
45217.9 0.6484
45217.9 0.6286
45217.9 0.6279
45220 0.5420
45220 0.5759
45220 0.5522
45225 0.6097
45225 0.6497
45225 0.6126
45248.9 0.6139
45248.9 0.6321
45248.9 0.6063
45249.9 0.6165
45249.9 0.6180
45249.9 0.6236
45251.9 0.6215
45251.9 0.6383
45251.9 0.6317
45321.7 0.5925
45321.7 0.5360
45321.7 0.5769
45346.6 0.6618
45346.6 0.6501
45346.6 0.6825
45545 0.6326
45545 0.6199
45545 0.6423
45557 0.7191
45557 0.7055
45557 0.6588
45564 0.6799
45564 0.6847
45564 0.6603
45575 0.6132
45575 0.5775
45575 0.6008
45581 0.7431
45581 0.7764
45581 0.7204
45586 0.6518
45586 0.6592
45586 0.6283
45589.9 0.6772
45589.9 0.6670
45589.9 0.6690
45593.9 0.6474
45593.9 0.6394
45593.9 0.6635
45647.8 0.6278
45647.8 0.6345
45647.8 0.6186
45654.8 0.6410
45654.8 0.6250
45654.8 0.6074
45666.8 0.6166
45666.8 0.5848
45666.8 0.5908
45684.7 0.6489
45684.7 0.6384
45684.7 0.6913
45707.7 0.5829
45707.7 0.6111
45707.7 0.6044
45725.6 0.6543
45725.6 0.6261
45725.6 0.6445
45919 0.6089
45919 0.6688
45919 0.6620
45920 0.6391
45920 0.6196
45920 0.6027
45936 0.6659
45936 0.6288
45936 0.5957
45937 0.6536
45937 0.6702
45937 0.7104
45938 0.6542
45938 0.6659
45938 0.6943
45942 0.5827
45942 0.5710
45942 0.6134
45944 0.6514
45944 0.6227
45944 0.6132
45945 0.5566
45945 0.5659
45945 0.5308
45949 0.6813
45949 0.6365
45949 0.6421
45950 0.5537
45950 0.5855
45950 0.6002
45951 0.5734
45951 0.6231
45951 0.6597
45952 0.5570
45952 0.5515
45952 0.6253
45958 0.6017
45958 0.6327
45958 0.6688
45960 0.6547
45960 0.5637
45960 0.5794
45965 0.6325
45965 0.6001
45965 0.6022
45970.9 0.5930
45970.9 0.5697
45970.9 0.5896
45973 0.5747
45973 0.4933
45973 0.4801
45976.9 0.6489
45976.9 0.6414
45977 0.6540
45981.9 0.6751
45981.9 0.6629
45981.9 0.6601
45982.9 0.6313
45982.9 0.6006
45982.9 0.6307
45987.9 0.6315
45987.9 0.6449
45987.9 0.6370
45995.9 0.6741
45995.9 0.6560
45995.9 0.6470
45996.9 0.6654
45996.9 0.6668
45996.9 0.6532
45997.9 0.6244
45997.9 0.6100
45997.9 0.6535
45998.9 0.6209
45998.9 0.6274
45998.9 0.6280
45999.9 0.6158
45999.9 0.6160
45999.9 0.6138
46000.9 0.6648
46000.9 0.6483
46000.9 0.6171
46001.9 0.6415
46001.9 0.6484
46001.9 0.6410
46002.8 0.6985
46002.8 0.6935
46002.8 0.7073
46003.8 0.6807
46003.8 0.6633
46003.8 0.6708
46006.9 0.6306
46006.9 0.5877
46006.9 0.5898
46007.9 0.6613
46007.9 0.6443
46007.9 0.6329
46009.9 0.6233
46009.9 0.6268
46009.9 0.6692
46015.8 0.7113
46015.8 0.6740
46015.8 0.6889
46019.8 0.6281
46019.8 0.6271
46019.8 0.6381
46024.8 0.6596
46024.8 0.6368
46024.8 0.6455
46028.8 0.5975
46028.8 0.6208
46028.8 0.6205
46033.8 0.6025
46033.8 0.5980
46033.8 0.6213
46036.8 0.6728
46036.8 0.6475
46036.8 0.6633
46049.7 0.6705
46049.7 0.6608
46049.7 0.6741
46051.8 0.6392
46051.8 0.6678
46051.8 0.6608
46056.7 0.6855
46056.7 0.6639
46056.7 0.6568
46057.7 0.6793
46057.7 0.6649
46057.7 0.6557
46064.7 0.6981
46064.7 0.6852
46064.7 0.6899
46065.7 0.6259
46065.7 0.6357
46065.7 0.6561
46068.7 0.6439
46068.7 0.6172
46068.7 0.6291
46070.7 0.6449
46070.7 0.6749
46070.7 0.6651
46085.6 0.6406
46085.6 0.6120
46085.6 0.6467
46090.6 0.6696
46090.6 0.6455
46090.7 0.6564
46097.5 0.6401
46097.6 0.6491
46097.6 0.6600
46104.3 0.6419
46104.3 0.6519
46104.3 0.6529
46310 0.6094
46310 0.6308
46310 0.6149
46322 0.6508
46322 0.6449
46322 0.6632
46323 0.6535
46323 0.6431
46323 0.6373
46325 0.6724
46325 0.6682
46325 0.6413
46329 0.6418
46329 0.6456
46329 0.6750
46332 0.6676
46332 0.6557
46332 0.6514
46335 0.6688
46335 0.6587
46335 0.6804
46338 0.5945
46338 0.6071
46338 0.5938
46339.9 0.7134
46339.9 0.6955
46339.9 0.7026
46340.9 0.6989
46340.9 0.6997
46340.9 0.7034
46349.9 0.6439
46349.9 0.6391
46349.9 0.6367
46354.9 0.6784
46354.9 0.6888
46354.9 0.6979
46358.9 0.6377
46358.9 0.6452
46358.9 0.6318
46361.9 0.6474
46361.9 0.6403
46361.9 0.6563
46363.9 0.6218
46363.9 0.6437
46363.9 0.6064
46365.9 0.6280
46365.9 0.6202
46365.9 0.6131
46368.9 0.6600
46368.9 0.6535
46368.9 0.6716
46370.9 0.6023
46370.9 0.6034
46370.9 0.5731
46371.9 0.6176
46371.9 0.6262
46371.9 0.5982
46374.8 0.7053
46374.8 0.6870
46374.8 0.6984
46375.9 0.6517
46375.9 0.6406
46375.9 0.6317
46382.9 0.6662
46382.9 0.6637
46382.9 0.6530
46387.8 0.6299
46387.8 0.6397
46387.8 0.6230
46388.8 0.6549
46388.8 0.6468
46388.8 0.6497
46389.8 0.6594
46389.8 0.6632
46389.8 0.6133
46390.8 0.6264
46390.8 0.6319
46390.8 0.6234
46392.8 0.6451
46392.8 0.6404
46392.8 0.6188
46405.7 0.5999
46405.7 0.6141
46405.7 0.6191
46406.8 0.6013
46406.8 0.6298
46406.8 0.6081
46407.8 0.6026
46407.8 0.6399
46407.8 0.6298
46411.7 0.6046
46411.7 0.6174
46411.7 0.6096
46414.8 0.6536
46414.8 0.6673
46414.8 0.6471
46417.7 0.6169
46417.7 0.6165
46417.7 0.6104
46418.7 0.6379
46418.7 0.6494
46418.7 0.6313
46419.7 0.6218
46419.7 0.6268
46419.7 0.6371
46420.8 0.6269
46420.8 0.6280
46420.8 0.6053
46421.8 0.6303
46421.8 0.6024
46421.8 0.6159
46423.7 0.5950
46423.7 0.5919
46423.7 0.5999
46427.8 0.6169
46427.8 0.6417
46427.8 0.5959
46430.7 0.6262
46430.7 0.6286
46430.7 0.6331
46432.7 0.6265
46432.7 0.6201
46432.7 0.5772
46438.7 0.6064
46438.7 0.6186
46438.7 0.6141
46441.7 0.6463
46441.7 0.6789
46441.7 0.6758
46442.7 0.6423
46442.7 0.6106
46442.7 0.6298
46447.7 0.6146
46447.7 0.6435
46447.7 0.6247
46450.7 0.6522
46450.7 0.6291
46450.7 0.6317
46455.7 0.6053
46455.7 0.6029
46455.7 0.6216
46459.6 0.6188
46459.6 0.5780
46459.6 0.5915
46463.7 0.6388
46463.7 0.6271
46463.7 0.6253
46467.6 0.6188
46467.6 0.6186
46467.6 0.5857
46471.6 0.5798
46471.6 0.6052
46471.6 0.5565
46483.6 0.6757
46483.6 0.6549
46483.6 0.6527
46674 0.5679
46674 0.5697
46674 0.5957
46675 0.6065
46675 0.5681
46675 0.6920
46677 0.6544
46677 0.6399
46677 0.6519
46679 0.6267
46679 0.6128
46679 0.6012
46686 0.6379
46686 0.6777
46686 0.6541
46688 0.6396
46688 0.6825
46688 0.6817
46690 0.6578
46690 0.6400
46690 0.6313
46691 0.6574
46691 0.6790
46691 0.6641
46696 0.6633
46696 0.6790
46696 0.6308
46704.9 0.6800
46704.9 0.6548
46704.9 0.6014
46709 0.6408
46709 0.6342
46709 0.6488
46710 0.6322
46710 0.6616
46710 0.6753
46711.9 0.6751
46711.9 0.6803
46711.9 0.6933
46716.9 0.6633
46716.9 0.6829
46716.9 0.6609
46718 0.5930
46718 0.6424
46718 0.6626
46720.9 0.5942
46720.9 0.6379
46720.9 0.6317
46722.9 0.6945
46722.9 0.6718
46722.9 0.6797
46724.9 0.6575
46724.9 0.6434
46724.9 0.6328
46726.9 0.6465
46726.9 0.5964
46726.9 0.6315
46727.9 0.5884
46727.9 0.6337
46727.9 0.5811
46733.9 0.6147
46733.9 0.6307
46733.9 0.6282
46738.9 0.6202
46738.9 0.6461
46738.9 0.6169
46740.9 0.5438
46740.9 0.5639
46740.9 0.5528
46743.9 0.6572
46743.9 0.6454
46743.9 0.6322
46744.9 0.6607
46744.9 0.6323
46744.9 0.6259
46746.9 0.6073
46746.9 0.6366
46746.9 0.6230
46748.9 0.6379
46748.9 0.6341
46748.9 0.6451
46754.8 0.6215
46754.8 0.6250
46754.8 0.6378
46755.8 0.6093
46755.8 0.6224
46755.8 0.6595
46758.8 0.5945
46758.8 0.5797
46758.8 0.5689
46759.8 0.5926
46759.8 0.5996
46759.8 0.6149
46767.8 0.6306
46767.8 0.6441
46767.8 0.6516
46772.7 0.6108
46772.7 0.5947
46772.7 0.6100
46773.8 0.5691
46773.8 0.5753
46773.8 0.5914
46775.8 0.6160
46775.8 0.6355
46775.8 0.6357
46778.8 0.6271
46778.8 0.6399
46778.8 0.6373
46791.7 0.5847
46791.7 0.5844
46791.7 0.6353
46798.7 0.6328
46798.7 0.6287
46798.7 0.6268
46806.7 0.5852
46806.7 0.6168
46806.7 0.6081
46807.7 0.6629
46807.7 0.6263
46807.7 0.6052
46810.7 0.6089
46810.7 0.6226
46810.7 0.5896
46817.7 0.6178
46817.7 0.6295
46817.7 0.6314
46828.6 0.5469
46828.6 0.5842
46828.6 0.6118
46843.6 0.6384
46843.6 0.6529
46843.6 0.6355
47025 0.6307
47025 0.6398
47025 0.6467
47028 0.5872
47028 0.6655
47028 0.6336
47032 0.6232
47032 0.6180
47032 0.6009
47035 0.6309
47035 0.6241
47035 0.6213
47037 0.5930
47037 0.6113
47037 0.6142
47039 0.6567
47039 0.6437
47039 0.6566
47045 0.6124
47045 0.5990
47045 0.5538
47046 0.6301
47046 0.6148
47046 0.6021
47048 0.6212
47048 0.6642
47048 0.6526
47050 0.5991
47050 0.5918
47050 0.5916
47054 0.6601
47054 0.6600
47054 0.6445
47055 0.6301
47055 0.6431
47055 0.6564
47056 0.6244
47056 0.6476
47056 0.6543
47059 0.6189
47059 0.6268
47059 0.6152
47061 0.6618
47061 0.5901
47061 0.5860
47061 0.6034
47061 0.5925
47061 0.5575
47064.9 0.6828
47064.9 0.6951
47064.9 0.6957
47066.9 0.6495
47066.9 0.6124
47066.9 0.6562
47068 0.6251
47068 0.5925
47068 0.6252
47070.9 0.6623
47070.9 0.6355
47070.9 0.6549
47071.9 0.5910
47071.9 0.5693
47071.9 0.5744
47072.9 0.6188
47072.9 0.5855
47072.9 0.5903
47073.9 0.5589
47073.9 0.6325
47073.9 0.5996
47074.9 0.6103
47074.9 0.6166
47074.9 0.5618
47075.9 0.5920
47075.9 0.5859
47075.9 0.6045
47076.9 0.5953
47076.9 0.6076
47076.9 0.5899
47077.9 0.6522
47077.9 0.6615
47077.9 0.6247
47078.9 0.6481
47078.9 0.6153
47078.9 0.6590
47079.9 0.6060
47079.9 0.6035
47079.9 0.5795
47082.9 0.6363
47082.9 0.6522
47082.9 0.6245
47083.9 0.6520
47083.9 0.7001
47083.9 0.6997
47084.9 0.6839
47084.9 0.6818
47084.9 0.6904
47085.9 0.6235
47085.9 0.6590
47085.9 0.6807
47086.9 0.6350
47086.9 0.6160
47086.9 0.5589
47087.9 0.6234
47087.9 0.6214
47087.9 0.6164
47088.9 0.5796
47088.9 0.5610
47088.9 0.5737
47089.9 0.6287
47089.9 0.5702
47089.9 0.6208
47089.9 0.5718
47089.9 0.6032
47089.9 0.6073
47107.8 0.6409
47107.9 0.6295
47107.9 0.6394
47108.8 0.6056
47108.8 0.6160
47108.8 0.6272
47110.8 0.6403
47110.9 0.6028
47110.9 0.5926
47115.9 0.5843
47115.9 0.6028
47115.9 0.6133
47118.9 0.6374
47118.9 0.6217
47118.9 0.6532
47121.8 0.6058
47121.8 0.6324
47121.8 0.6120
47122.8 0.6147
47122.8 0.6237
47122.8 0.6157
47123.8 0.5889
47123.8 0.6102
47123.8 0.6053
47124.8 0.6261
47124.8 0.6141
47124.8 0.6244
47125.8 0.5927
47125.8 0.5849
47125.8 0.5944
47127.8 0.6211
47127.8 0.6085
47127.8 0.6466
47127.8 0.6171
47127.8 0.6355
47127.8 0.6053
47127.8 0.5792
47129.8 0.6204
47129.8 0.6199
47129.8 0.6189
47130.8 0.5827
47130.8 0.5947
47130.8 0.5946
47130.8 0.6062
47130.8 0.5739
47138.9 0.6100
47138.9 0.5932
47138.9 0.5702
47138.9 0.5890
47138.9 0.5972
47139.8 0.5961
47139.8 0.5895
47139.8 0.5919
47141.8 0.5601
47141.8 0.5893
47141.8 0.5850
47141.8 0.5849
47141.8 0.5740
47144.8 0.6002
47144.8 0.5913
47144.8 0.6018
47150.8 0.6447
47150.8 0.6260
47150.8 0.6136
47153.7 0.5814
47153.7 0.5824
47153.7 0.5780
47168.7 0.5603
47168.7 0.5501
47168.7 0.5527
47171.7 0.6677
47171.7 0.6973
47171.7 0.6289
47173.7 0.5275
47173.7 0.5244
47173.7 0.5393
47180.7 0.5679
47180.7 0.6051
47180.7 0.5861
47191.7 0.6145
47191.7 0.6164
47191.7 0.6008
47194.7 0.5377
47194.7 0.5400
47194.7 0.5458
47200.7 0.5720
47200.7 0.5621
47200.7 0.5693
47203.6 0.5815
47203.6 0.5385
47203.6 0.5421
47203.6 0.5510
47203.6 0.5639
47203.6 0.5533
47212.6 0.6221
47212.6 0.6275
47212.6 0.6118
47421 0.6298
47421 0.6571
47421 0.6426
47427 0.5895
47427 0.6054
47427 0.6067
47429 0.6305
47429 0.6290
47429 0.6156
47432 0.5838
47432 0.5738
47432 0.5897
47433 0.6102
47433 0.5717
47433 0.5605
47435 0.5686
47435 0.5875
47435 0.5660
47445.9 0.5096
47445.9 0.5834
47445.9 0.5359
47446.8 0.6222
47446.8 0.6059
47446.8 0.6263
47449.9 0.6003
47449.9 0.6276
47449.9 0.5946
47450.9 0.5543
47450.9 0.5620
47450.9 0.5956
47453.9 0.6406
47453.9 0.6321
47453.9 0.6663
47454.9 0.6437
47454.9 0.6284
47454.9 0.6578
47455.9 0.7041
47455.9 0.6807
47455.9 0.6905
47456.9 0.5912
47456.9 0.6362
47456.9 0.6176
47457.9 0.6051
47457.9 0.6121
47457.9 0.5957
47458.9 0.5609
47458.9 0.5774
47458.9 0.5448
47459.9 0.6306
47459.9 0.6378
47459.9 0.6426
47460.9 0.6886
47460.9 0.6410
47460.9 0.6472
47461.9 0.6591
47461.9 0.5741
47461.9 0.5814
47462.9 0.6556
47462.9 0.6491
47462.9 0.6589
47464.9 0.6089
47464.9 0.6571
47464.9 0.6435
47465.9 0.5610
47465.9 0.5610
47465.9 0.5528
47466.9 0.6221
47466.9 0.5974
47466.9 0.6165
47470.8 0.5921
47470.8 0.5991
47470.8 0.5939
47471.8 0.5807
47471.8 0.5866
47471.8 0.5736
47478.8 0.5655
47478.8 0.5832
47478.8 0.5853
47482.8 0.6248
47482.8 0.6367
47482.8 0.6388
47486.8 0.5991
47486.8 0.6027
47486.8 0.6166
47493.8 0.6028
47493.8 0.6128
47493.8 0.6078
47495.8 0.6592
47495.8 0.6390
47495.8 0.6675
47496.7 0.6120
47496.7 0.6251
47496.7 0.6146
47499.8 0.5749
47499.8 0.5842
47499.8 0.5560
47500.7 0.5655
47500.7 0.6355
47500.7 0.5468
47502.7 0.6649
47502.7 0.6493
47502.7 0.6543
47508.7 0.6417
47508.7 0.6512
47508.7 0.6254
47509.7 0.6683
47509.7 0.6980
47509.7 0.6543
47517.7 0.6157
47517.7 0.6133
47517.7 0.6194
47519.7 0.6169
47519.7 0.6246
47519.7 0.6205
47525.7 0.5610
47525.7 0.5738
47525.7 0.5584
47528.7 0.6150
47528.7 0.6300
47528.7 0.6200
47537.6 0.5676
47537.6 0.5779
47537.6 0.5776
47538.6 0.6490
47538.6 0.6358
47538.6 0.6376
47540.6 0.5731
47540.6 0.5834
47540.6 0.5837
47542.7 0.5873
47542.7 0.7032
47542.7 0.6022
47557.7 0.6095
47557.7 0.6151
47557.7 0.5939
47570.6 0.5761
47570.6 0.5743
47570.7 0.5527
47573.6 0.4986
47573.6 0.5205
47573.6 0.5192
47574.6 0.5738
47574.6 0.5469
47574.6 0.5777
47804.9 0.7049
47805 0.6894
47805 0.6181
47807.9 0.6703
47807.9 0.6914
47807.9 0.6819
47809 0.6404
47809 0.6712
47809 0.6792
47826.9 0.6597
47826.9 0.6713
47826.9 0.6467
47827.9 0.6677
47827.9 0.6694
47827.9 0.6678
47831.9 0.7050
47831.9 0.6994
47831.9 0.6969
47832.9 0.6604
47832.9 0.6680
47832.9 0.6964
47833.9 0.6741
47833.9 0.6808
47833.9 0.6721
47834.9 0.6789
47834.9 0.6464
47834.9 0.6551
47835.9 0.7056
47835.9 0.7054
47835.9 0.6856
47839.9 0.7153
47839.9 0.6653
47839.9 0.6847
47847.9 0.6565
47847.9 0.6336
47847.9 0.6558
47862.7 0.6367
47862.7 0.6655
47862.7 0.6445
47864.8 0.7612
47864.8 0.7417
47864.8 0.7310
47867.8 0.6514
47867.8 0.6893
47867.8 0.6682
47869.8 0.7558
47869.8 0.6973
47869.8 0.7311
47873.8 0.6447
47873.8 0.6550
47873.8 0.6846
47877.8 0.6908
47877.8 0.6946
47877.8 0.6907
47895.7 0.7084
47895.7 0.7259
47895.7 0.7138
47900.7 0.7064
47900.7 0.6930
47900.7 0.6977
47902.7 0.6767
47902.7 0.6857
47902.7 0.6749
47912.7 0.6985
47912.7 0.6968
47912.7 0.6832
47925.6 0.6851
47925.6 0.6761
47925.6 0.6599
47933.6 0.6629
47933.6 0.6595
47933.6 0.6711
48153 0.6778
48153 0.6562
48153 0.6642
48163 0.7016
48163 0.6848
48163 0.6855
48166 0.6217
48166 0.6644
48166 0.6665
48187.9 0.6761
48187.9 0.6807
48187.9 0.6842
48193.9 0.6540
48193.9 0.6632
48193.9 0.6187
48214.8 0.7052
48214.8 0.7165
48214.8 0.7287
48220.8 0.6883
48220.8 0.6823
48220.8 0.6843
48224.8 0.6437
48224.8 0.6669
48224.8 0.6425
48228.8 0.7051
48228.8 0.7003
48228.8 0.6681
48234.8 0.6920
48234.8 0.7194
48234.8 0.7304
48234.8 0.7005
48234.8 0.6916
48234.8 0.6738
48235.7 0.7141
48235.7 0.7052
48235.7 0.7180
48235.7 0.7200
48235.7 0.6991
48235.8 0.6897
48236.7 0.6939
48236.7 0.7021
48236.7 0.7043
48236.7 0.7074
48236.7 0.6603
48236.7 0.7058
48239.8 0.6979
48239.8 0.6735
48239.8 0.6714
48240.7 0.6691
48240.7 0.6560
48240.7 0.6969
48242.7 0.6788
48242.7 0.6918
48242.7 0.7100
48243.7 0.7046
48243.7 0.6882
48243.7 0.6983
48244.7 0.6880
48244.7 0.6738
48244.7 0.6756
48256.7 0.7061
48256.7 0.6675
48256.7 0.6980
48271.7 0.6576
48271.7 0.6667
48271.7 0.6710
48275.7 0.7209
48275.7 0.7083
48275.7 0.7035
48597.7 0.7053
48597.7 0.7030
48597.7 0.7165
48605.7 0.6639
48605.8 0.6912
48605.8 0.7164
48617.7 0.7222
48617.7 0.7139
48617.7 0.7740
48617.7 0.7186
48617.7 0.7633
48617.7 0.7414
48637.7 0.7230
48637.7 0.7100
48637.7 0.6881
48638.6 0.6934
48638.6 0.7054
48638.6 0.7029
48639.7 0.7997
48639.7 0.7436
48639.7 0.7746
48641.7 0.7123
48641.7 0.7086
48641.7 0.6945
48642.7 0.6820
48642.7 0.7160
48642.7 0.7001
48643.6 0.6912
48643.6 0.7098
48643.6 0.6974
48644.7 0.7321
48644.7 0.7246
48644.7 0.7189
48645.6 0.7121
48645.6 0.7378
48645.6 0.7419
48646.7 0.7058
48646.7 0.6978
48646.7 0.7005
48648.6 0.6943
48648.6 0.6939
48648.6 0.7220
48649.7 0.7069
48649.7 0.7051
48649.7 0.6928
48656.6 0.6776
48656.6 0.6733
48656.6 0.6996
48657.6 0.6517
48657.6 0.6653
48657.6 0.6394
48871.9 0.7110
48871.9 0.6962
48871.9 0.6933
48873.9 0.7257
48873.9 0.7460
48873.9 0.6952
48875.9 0.7299
48875.9 0.7247
48875.9 0.7123
48877.9 0.6504
48877.9 0.6448
48877.9 0.6454
48879.9 0.7054
48879.9 0.7049
48879.9 0.6842
48880.9 0.6922
48880.9 0.6672
48880.9 0.6966
48885 0.7089
48885 0.6740
48885 0.7239
48887 0.6915
48887 0.7174
48887 0.7074
48888.9 0.6840
48888.9 0.7141
48889 0.6832
48892 0.6668
48892 0.6696
48892 0.6489
48902.9 0.6680
48902.9 0.6364
48902.9 0.6464
48903.9 0.6650
48903.9 0.6709
48903.9 0.6710
48905.9 0.6929
48905.9 0.6820
48905.9 0.6643
48912.9 0.6880
48912.9 0.6981
48912.9 0.6864
48914.9 0.6791
48914.9 0.6581
48914.9 0.6787
48933.9 0.6999
48933.9 0.6826
48933.9 0.6889
48934.9 0.6750
48934.9 0.6762
48934.9 0.6778
48938.8 0.6862
48938.8 0.6750
48938.8 0.6603
48939.8 0.6433
48939.8 0.6572
48939.8 0.6513
48951.8 0.6882
48951.8 0.6720
48951.8 0.6692
48957.8 0.7027
48957.8 0.7106
48957.8 0.7074
48967.8 0.7041
48967.8 0.6994
48967.8 0.7002
48971.8 0.6678
48971.8 0.6626
48971.8 0.6629
48972.8 0.6639
48972.8 0.6584
48972.8 0.6715
48977.8 0.6776
48977.8 0.6743
48977.8 0.6778
48979.8 0.6479
48979.8 0.6598
48979.8 0.6459
48980.8 0.6762
48980.8 0.6804
48980.8 0.6803
48990.7 0.6614
48990.7 0.6980
48990.7 0.6502
49009.6 0.7032
49009.6 0.7238
49009.6 0.6820
49020.6 0.6776
49020.6 0.6875
49020.6 0.6979
49265 0.6768
49265 0.6700
49265 0.6458
49265.9 0.6422
49265.9 0.6514
49265.9 0.6782
49269.9 0.6626
49269.9 0.6757
49269.9 0.6669
49273.9 0.6560
49273.9 0.6928
49273.9 0.6483
49284.9 0.7101
49284.9 0.6857
49296.8 0.6987
49296.8 0.6815
49296.8 0.6732
49297.8 0.7260
49297.8 0.7103
49297.8 0.7119
49299.8 0.6907
49299.8 0.6832
49299.8 0.6837
49309.8 0.6510
49309.8 0.6639
49309.8 0.6697
49310.8 0.6749
49310.8 0.6823
49310.8 0.6816
49311.8 0.7208
49311.8 0.7093
49311.8 0.7132
49312.8 0.5895
49312.8 0.5941
49312.8 0.6237
49318.8 0.7148
49318.8 0.7095
49318.8 0.7163
49325.7 0.7047
49325.7 0.6991
49325.7 0.6683
49326.7 0.6945
49326.7 0.6938
49326.7 0.6699
49328.7 0.7174
49328.7 0.7212
49328.7 0.7339
49331.7 0.7099
49331.7 0.7124
49331.7 0.7121
49332.7 0.6852
49332.7 0.6930
49332.7 0.7031
49335.7 0.6936
49335.7 0.7033
49335.7 0.7258
49337.7 0.7161
49337.7 0.6673
49337.7 0.6870
49338.7 0.6989
49338.7 0.6856
49338.7 0.7075
49342.7 0.6807
49342.7 0.6783
49342.7 0.6853
49343.7 0.6530
49343.7 0.6718
49343.7 0.6773
49350.7 0.7313
49350.7 0.7321
49350.7 0.7373
49353.7 0.6981
49353.7 0.7129
49353.7 0.7147
49354.7 0.7054
49354.7 0.7020
49354.7 0.7033
49356.7 0.7222
49356.7 0.7139
49356.7 0.7080
49359.7 0.7028
49359.7 0.7012
49359.7 0.6810
49360.7 0.6895
49360.7 0.6553
49360.7 0.6585
49362.7 0.6799
49362.7 0.6725
49362.7 0.6688
49365.7 0.7282
49365.7 0.7443
49365.7 0.7342
49368.7 0.6560
49368.7 0.6709
49368.7 0.6686
49615.9 0.7312
49615.9 0.7176
49615.9 0.7353
49625.9 0.6761
49625.9 0.6830
49625.9 0.6895
49633.9 0.6603
49633.9 0.6657
49633.9 0.6595
49634.9 0.6902
49634.9 0.6567
49634.9 0.6429
49636.9 0.7040
49636.9 0.6888
49636.9 0.6620
49641.9 0.7027
49641.9 0.6778
49641.9 0.6811
49642.9 0.7516
49642.9 0.7452
49642.9 0.7209
49644.9 0.6842
49644.9 0.6912
49644.9 0.6975
49646.9 0.6917
49646.9 0.6560
49646.9 0.6764
49647.8 0.6842
49647.8 0.6855
49647.8 0.6648
49650.9 0.6882
49650.9 0.6791
49650.9 0.7013
49651.9 0.6429
49651.9 0.6049
49651.9 0.5850
49653.9 0.7107
49653.9 0.7367
49653.9 0.7244
49656.9 0.7302
49656.9 0.7101
49656.9 0.7085
49657.8 0.7380
49657.8 0.7258
49657.8 0.6796
49661.9 0.6879
49661.9 0.6464
49661.9 0.6456
49662.8 0.6677
49662.8 0.6916
49662.8 0.6853
49668.8 0.6697
49668.8 0.6655
49668.8 0.6978
49670.8 0.7056
49670.8 0.6801
49670.8 0.6998
49676.8 0.6523
49676.8 0.6789
49676.8 0.6659
49677.8 0.6809
49677.8 0.6542
49677.8 0.6810
49680.8 0.6861
49680.8 0.6840
49680.8 0.6972
49684.8 0.6879
49684.8 0.6582
49684.8 0.6972
49685.8 0.6726
49685.8 0.6854
49685.8 0.6535
49686.8 0.6750
49686.8 0.6918
49686.8 0.6596
49688.8 0.6553
49688.8 0.6319
49688.8 0.6424
49689.8 0.7343
49689.8 0.7091
49689.8 0.7197
49694.8 0.6786
49694.8 0.6939
49694.8 0.6758
49695.8 0.6728
49695.8 0.6472
49695.8 0.6663
49702.7 0.6859
49702.7 0.6923
49702.7 0.7135
49703.7 0.7047
49703.7 0.6921
49703.7 0.6780
49706.8 0.6406
49706.8 0.6534
49706.8 0.6730
49707.7 0.6917
49707.7 0.6529
49707.7 0.6591
49713.7 0.7130
49713.7 0.6957
49713.7 0.7182
49716.7 0.7082
49716.7 0.7008
49716.7 0.7163
49719.7 0.6672
49719.7 0.6642
49719.7 0.6507
49730.7 0.7076
49730.7 0.6898
49730.7 0.6796
49731.7 0.6888
49731.7 0.6925
49731.7 0.6748
49735.7 0.6493
49735.7 0.6493
49735.7 0.6639
49736.7 0.7187
49736.7 0.6838
49736.7 0.6776
49747.6 0.6683
49747.6 0.6552
49747.6 0.6626
49750.6 0.7002
49750.6 0.7233
49750.6 0.7045
49752.6 0.6248
49752.6 0.6240
49752.6 0.6738
49753.7 0.6203
49753.7 0.6488
49753.7 0.6778
49755.6 0.6878
49755.6 0.7134
49755.6 0.6765
49759.6 0.6851
49759.6 0.6705
49759.6 0.7040
49767.6 0.6782
49767.6 0.6305
49767.6 0.6781
49768.6 0.6658
49768.6 0.6874
49768.6 0.7381
