39390.8 0.4256
39391.8 0.4308
39422.8 0.4568
39423.8 0.4711
39515.8 0.4336
39516.8 0.4548
39787.8 0.4316
39789.8 0.4278
39817.8 0.4317
39835.8 0.4353
40107.8 0.4235
40140.8 0.4101
40169.8 0.4205
40202.8 0.4380
40223.8 0.4039
40224.8 0.4248
40252.8 0.4361
40254.8 0.4209
40255.8 0.4039
40498.8 0.4158
40499.8 0.3996
40519.8 0.4110
40520.8 0.3928
40558.8 0.4228
40572.8 0.3991
40573.8 0.4428
40574.8 0.4114
40610.8 0.4223
40611.8 0.4242
40612.8 0.4031
40843.8 0.4061
40844.8 0.3989
40845.8 0.4038
40881.8 0.3948
40910.8 0.3986
40911.8 0.4084
40912.8 0.3913
40935.8 0.3796
40960.8 0.4123
40961.8 0.4071
41199.8 0.4409
41202.8 0.4085
41250.8 0.3928
41262.8 0.3636
41263.8 0.4061
41264.8 0.3848
41285.8 0.3903
41286.8 0.3847
41313.8 0.3663
41314.8 0.3885
41349.8 0.3804
41589.8 0.3941
41614.8 0.3873
41615.8 0.4090
41617.8 0.3827
41618.8 0.3994
41641.8 0.4114
41642.8 0.3631
41643.8 0.3957
41644.8 0.4061
41669.8 0.4231
41671.8 0.4063
41702.8 0.4063
41703.8 0.3945
41911.8 0.4187
41943.8 0.3938
41944.8 0.3994
41959.8 0.3981
41960.8 0.4090
41961.8 0.4077
42015.8 0.4356
42016.8 0.4354
42046.8 0.3874
42061.8 0.3872
42085.8 0.3759
42086.8 0.4294
42087.8 0.4007
42329.8 0.4328
42330.8 0.4062
42331.8 0.3927
42350.8 0.4150
42380.8 0.3934
42382.8 0.4187
42431.8 0.4185
42432.8 0.3961
42438.8 0.3986
42440.8 0.4082
42467.8 0.4035
42468.8 0.3971
42469.8 0.3924
42470.8 0.3975
42675.8 0.4267
42676.8 0.4207
42678.8 0.4039
42702.8 0.4058
42731.8 0.3993
42732.8 0.4082
42765.8 0.4137
42792.8 0.3986
42793.8 0.4226
42794.8 0.4223
42820.8 0.4085
42821.8 0.3965
43061.8 0.3933
43063.8 0.3720
43110.8 0.3857
43111.8 0.3774
43112.8 0.3864
43113.8 0.3876
43146.8 0.3764
43172.8 0.4030
43173.8 0.4017
43174.8 0.3848
43175.8 0.3751
43176.8 0.3939
43780.8 0.3557
43807.8 0.3945
43824.8 0.3960
43892.8 0.3817
43898.8 0.3730
44172.8 0.3995
44190.8 0.4120
44200.8 0.4027
44201.8 0.4102
44202.8 0.4118
44203.8 0.4118
44204.8 0.4070
44205.8 0.3928
44206.8 0.4110
44207.8 0.4095
44208.8 0.4220
44224.8 0.4104
44260.8 0.3863
44278.8 0.4162
44448 0.3895
44448 0.3885
44448 0.3808
44449 0.4199
44449 0.4066
44449 0.4042
44450 0.3678
44450 0.3924
44452 0.3907
44452 0.4101
44452 0.3364
44453 0.3818
44453 0.3806
44453 0.3690
44454 0.3979
44454 0.3965
44454 0.3677
44455 0.3901
44455 0.4179
44455 0.4221
44459 0.3687
44459 0.3776
44459 0.3850
44461 0.3701
44461 0.3869
44461 0.3935
44462 0.3960
44462 0.4365
44462 0.3957
44463 0.4024
44463 0.4083
44463 0.4024
44464 0.3925
44464 0.3763
44464 0.3835
44465 0.3707
44465 0.3482
44465 0.3822
44466 0.3786
44466 0.3762
44466 0.3850
44468 0.2887
44468 0.2745
44468 0.3887
44468 0.3829
44468 0.3909
44468.9 0.3957
44468.9 0.4284
44468.9 0.4001
44469.9 0.4144
44470 0.4059
44470 0.4083
44473 0.3760
44473 0.3834
44473 0.3708
44474 0.3762
44474 0.3752
44474 0.3690
44475 0.3782
44475 0.3922
44475 0.3876
44476 0.4194
44476 0.4093
44476 0.4162
44479 0.3878
44479 0.3832
44479 0.3890
44480 0.3811
44480 0.3774
44480 0.3860
44481 0.3758
44481 0.3846
44481 0.3806
44482 0.3679
44482 0.3744
44482 0.3824
44483 0.3867
44483 0.4039
44483 0.4086
44485 0.3971
44485 0.3983
44485 0.4057
44486 0.3956
44486 0.3951
44486 0.4005
44487 0.3905
44487 0.3831
44487 0.3812
44488 0.3711
44488 0.3741
44488 0.3679
44490 0.3928
44490 0.3868
44490 0.3945
44491 0.4034
44491 0.4021
44491 0.3889
44493 0.3934
44493 0.4074
44493 0.4138
44494 0.3852
44494 0.3845
44494 0.3970
44495 0.3913
44495 0.3888
44495 0.3753
44495.9 0.3699
44495.9 0.3645
44495.9 0.3604
44497 0.3862
44497 0.3865
44497 0.3805
44506 0.4003
44506 0.3845
44506 0.4003
44507 0.4011
44507 0.3927
44507 0.3952
44508 0.3821
44508 0.3871
44508 0.4100
44509 0.3899
44509 0.3732
44509 0.3904
44510 0.3603
44510 0.3591
44510 0.3636
44510.9 0.3750
44510.9 0.3746
44510.9 0.3686
44512 0.3996
44512 0.4052
44512 0.3985
44513 0.4052
44513 0.4097
44513 0.3987
44514 0.3926
44514 0.3949
44514 0.3949
44515 0.3801
44515 0.3868
44515 0.3960
44516 0.3940
44516 0.3805
44516 0.3731
44517 0.3756
44517 0.3692
44517 0.3618
44518 0.3827
44518 0.3765
44518 0.3808
44524.9 0.3701
44524.9 0.3967
44524.9 0.3692
44526 0.4028
44526 0.4064
44526 0.3882
44546.9 0.3781
44546.9 0.3857
44546.9 0.3946
44548.9 0.3968
44548.9 0.3882
44548.9 0.3928
44550.9 0.4180
44550.9 0.4153
44550.9 0.4143
44564.8 0.3981
44564.8 0.3913
44564.8 0.3777
44566.8 0.3867
44566.8 0.3941
44566.8 0.3902
44606.7 0.3842
44606.7 0.3886
44606.7 0.3899
44630.7 0.3962
44630.7 0.4101
44630.7 0.4046
44638.7 0.3776
44638.7 0.3739
44638.7 0.3667
44639.7 0.3810
44639.7 0.3817
44639.7 0.3686
44640.7 0.3963
44640.7 0.3896
44640.7 0.3983
44641.7 0.4255
44641.7 0.4153
44641.7 0.4168
44657.7 0.3937
44657.7 0.3902
44657.7 0.4011
44658.6 0.3820
44658.6 0.3979
44658.6 0.3901
44659.7 0.3879
44659.7 0.3648
44659.7 0.3876
44672.6 0.3860
44672.6 0.3690
44672.6 0.3682
44868.9 0.3988
44868.9 0.4064
44869 0.4064
44871 0.3671
44871 0.3786
44871 0.3924
44872 0.3898
44872 0.3871
44872 0.3720
44873 0.3963
44873 0.3988
44873 0.3792
44874.9 0.4026
44874.9 0.4137
44874.9 0.3958
44878 0.3939
44878 0.3892
44878 0.3794
44881 0.3913
44881 0.4011
44881 0.4009
44884 0.4077
44884 0.4082
44884 0.4273
44886.9 0.3895
44886.9 0.3911
44886.9 0.3857
44892 0.4103
44892 0.4017
44892 0.4014
44893 0.4133
44893 0.3888
44893 0.3995
44893.9 0.4002
44893.9 0.4051
44893.9 0.3872
44894.9 0.3870
44894.9 0.3981
44894.9 0.4104
44895.9 0.4124
44895.9 0.4151
44895.9 0.4073
44896.9 0.4010
44896.9 0.3768
44896.9 0.4066
44897.9 0.4015
44897.9 0.4007
44897.9 0.3974
44899 0.4019
44899 0.3878
44899 0.3874
44900 0.3976
44900 0.4233
44900 0.3842
44901 0.3858
44901 0.3704
44901 0.3734
44976.8 0.4187
44976.8 0.4005
44976.8 0.3950
45218 0.3584
45218 0.3652
45218 0.3512
45248.9 0.3840
45248.9 0.3862
45248.9 0.4181
45277.9 0.4054
45277.9 0.4017
45277.9 0.4256
45310 0.4355
45310 0.4258
45310 0.4212
45317.9 0.4342
45317.9 0.4250
45317.9 0.4284
45349.8 0.3817
45349.8 0.3831
45349.8 0.3867
45386.7 0.4019
45386.7 0.3981
45386.7 0.4119
45564 0.4121
45564 0.3774
45564 0.3942
45570 0.4010
45570 0.3948
45570 0.3891
45573 0.4127
45573 0.4120
45573 0.4240
45581 0.3623
45581 0.3876
45581 0.4015
45590 0.3670
45590 0.3899
45590 0.3461
45710.8 0.3941
45710.8 0.4035
45710.8 0.3887
45715.7 0.3513
45715.7 0.3652
45715.7 0.3638
45728.7 0.3588
45728.7 0.3618
45728.7 0.3486
45750.7 0.3565
45750.7 0.3547
45750.7 0.3611
45752.7 0.3936
45752.7 0.3696
45752.7 0.3974
46019.9 0.4190
46019.9 0.4116
46019.9 0.3829
46069.8 0.3846
46069.8 0.3868
46069.8 0.3819
46086.7 0.3868
46086.7 0.3846
46086.8 0.3905
46109.7 0.3811
46109.7 0.3853
46109.7 0.3837
46112.7 0.4111
46112.7 0.4295
46112.7 0.4180
46113.7 0.4068
46113.7 0.4214
46113.7 0.4122
46120.7 0.4030
46120.7 0.3924
46120.7 0.4074
46121.7 0.3900
46121.7 0.3902
46121.7 0.3864
46123.6 0.2813
46123.7 0.2836
46123.7 0.2813
46125.6 0.3872
46125.6 0.3903
46125.6 0.3776
46329 0.3450
46329 0.3465
46329 0.3398
46330 0.3745
46330 0.3804
46330 0.3605
46331 0.4025
46331 0.3991
46331 0.3900
46335 0.3467
46335 0.3556
46335 0.3417
46339 0.3852
46339 0.3971
46339 0.3797
46340 0.4011
46340 0.4078
46340 0.4187
46340.9 0.3835
46340.9 0.3673
46340.9 0.3805
46349.9 0.3715
46349.9 0.3722
46349.9 0.3809
46354.9 0.3702
46354.9 0.3702
46354.9 0.3672
46357 0.3735
46357 0.3667
46357 0.3508
46358 0.3574
46358 0.3529
46358 0.3687
46358.9 0.3812
46358.9 0.3746
46358.9 0.3782
46362 0.3867
46362 0.3875
46362 0.3801
46363.9 0.3715
46363.9 0.3659
46363.9 0.3548
46365 0.3801
46365 0.3648
46365 0.3799
46365.9 0.3770
46365.9 0.3728
46365.9 0.3864
46367.9 0.3991
46367.9 0.3960
46367.9 0.3968
46368.9 0.4036
46368.9 0.3944
46368.9 0.3989
46371 0.3722
46371 0.3595
46371 0.3616
46371.9 0.3826
46371.9 0.3723
46371.9 0.3711
46372.9 0.3992
46372.9 0.3895
46372.9 0.3722
46374.9 0.3969
46374.9 0.3881
46374.9 0.3924
46375.9 0.3939
46375.9 0.3799
46375.9 0.3849
46376.9 0.3762
46376.9 0.3844
46376.9 0.3874
46384.9 0.3558
46384.9 0.3688
46384.9 0.3558
46385.9 0.3570
46385.9 0.3611
46385.9 0.3634
46387.9 0.3591
46387.9 0.3665
46387.9 0.3660
46389.9 0.3967
46389.9 0.3825
46389.9 0.3851
46391.9 0.3781
46391.9 0.3670
46391.9 0.3702
46392.9 0.3590
46392.9 0.3683
46392.9 0.3768
46403.9 0.3957
46403.9 0.3866
46403.9 0.3917
46405.9 0.3601
46405.9 0.3520
46405.9 0.3487
46409.8 0.3797
46409.8 0.3789
46409.8 0.3808
46414.8 0.3708
46414.8 0.3695
46414.8 0.3700
46415.8 0.3637
46415.8 0.3647
46415.8 0.3814
46417.8 0.3831
46417.8 0.3904
46417.8 0.3742
46418.8 0.3805
46418.8 0.3858
46418.8 0.3776
46419.9 0.3577
46419.9 0.3583
46419.9 0.3597
46420.8 0.3528
46420.8 0.3694
46420.8 0.3486
46421.8 0.3570
46421.8 0.3488
46421.8 0.3543
46426.8 0.3578
46426.8 0.3638
46426.8 0.3558
46427.8 0.3473
46427.8 0.3632
46427.8 0.3380
46437.8 0.3321
46437.8 0.3434
46437.8 0.3329
46438.7 0.3745
46438.7 0.3706
46438.7 0.3570
46441.8 0.3632
46441.8 0.3545
46441.8 0.3524
46443.8 0.3538
46443.8 0.3327
46443.8 0.3460
46447.7 0.3645
46447.7 0.3834
46447.7 0.3551
46448.7 0.3562
46448.7 0.3549
46448.7 0.3520
46450.8 0.3497
46450.8 0.3533
46450.8 0.3450
46451.7 0.3403
46451.7 0.3274
46451.7 0.3359
46455.7 0.3605
46455.7 0.3677
46455.7 0.3717
46456.7 0.3281
46456.7 0.3292
46456.7 0.3340
46457.7 0.3498
46457.7 0.3380
46457.7 0.3531
46459.7 0.3604
46459.7 0.3532
46459.7 0.3628
46463.7 0.3459
46463.7 0.3392
46463.7 0.3476
46467.7 0.3842
46467.7 0.3784
46467.7 0.3934
46470.7 0.3428
46470.7 0.3501
46470.7 0.3451
46483.7 0.3643
46483.7 0.3618
46483.7 0.3629
46484.7 0.3677
46484.7 0.3459
46484.7 0.3490
46485.7 0.3587
46485.7 0.3609
46485.7 0.3650
46487.7 0.3340
46487.7 0.3578
46487.7 0.3457
46492.7 0.3578
46492.7 0.3645
46492.7 0.3564
46493.7 0.3610
46493.7 0.3557
46493.7 0.3745
46495.7 0.3518
46495.7 0.3554
46495.7 0.3629
46496.6 0.3672
46496.6 0.3606
46496.6 0.3626
46497.6 0.3864
46497.6 0.3869
46497.6 0.3681
46687 0.3745
46687 0.3741
46687 0.3630
46690 0.3534
46690 0.3679
46690 0.3631
46692 0.3831
46692 0.3821
46692 0.3764
46696 0.3604
46696 0.3726
46696 0.3716
46707 0.3670
46707 0.3611
46707 0.3815
46709 0.3684
46709 0.3838
46709 0.3566
46710 0.3550
46710 0.3643
46710 0.3660
46712 0.3886
46712 0.3707
46712 0.3491
46713 0.3787
46713 0.3904
46713 0.3820
46716 0.3719
46716 0.3731
46716 0.3684
46717 0.3634
46717 0.3556
46717 0.3654
46718 0.3574
46718 0.3545
46718 0.3600
46720 0.3640
46720 0.3632
46720 0.3680
46721 0.3839
46721 0.3932
46721 0.3866
46722.9 0.3907
46722.9 0.3946
46722.9 0.3848
46723.9 0.3634
46723.9 0.3811
46723.9 0.3564
46725.9 0.3873
46725.9 0.3711
46725.9 0.3847
46727.9 0.3945
46727.9 0.3695
46727.9 0.3606
46729 0.3758
46729 0.3488
46729 0.3721
46731.9 0.2637
46732 0.2691
46732 0.2785
46734 0.3692
46734 0.3572
46734 0.3764
46738.9 0.3503
46738.9 0.3630
46738.9 0.3435
46740.9 0.3674
46740.9 0.3613
46740.9 0.3678
46741.9 0.3774
46741.9 0.3770
46741.9 0.3541
46743.9 0.3765
46744 0.3578
46744 0.3644
46744.9 0.3527
46744.9 0.3743
46744.9 0.3620
46746.9 0.3480
46746.9 0.3595
46746.9 0.3445
46747.9 0.3479
46747.9 0.3663
46747.9 0.3498
46748.9 0.3538
46748.9 0.3595
46748.9 0.3274
46754.9 0.3571
46754.9 0.3743
46754.9 0.3765
46755.9 0.3726
46755.9 0.3894
46755.9 0.3724
46758.9 0.3424
46758.9 0.3476
46758.9 0.3509
46759.8 0.3464
46759.8 0.3479
46759.9 0.3261
46767.8 0.3633
46767.8 0.3648
46767.8 0.3723
46773.8 0.3359
46773.8 0.3526
46773.8 0.3440
46775.9 0.3429
46775.9 0.3608
46775.9 0.3496
46777.8 0.3592
46777.8 0.3664
46777.8 0.3696
46778.8 0.4056
46778.8 0.3744
46778.8 0.4173
46781.9 0.3518
46781.9 0.3474
46781.9 0.3555
46806.8 0.3563
46806.8 0.3461
46806.8 0.3393
46807.7 0.3861
46807.7 0.3842
46807.7 0.3798
46810.8 0.3437
46810.8 0.3479
46810.8 0.3388
46828.7 0.3828
46828.7 0.3642
46828.7 0.3699
46830.7 0.3634
46830.7 0.3701
46830.7 0.3755
46843.7 0.3645
46843.7 0.3695
46843.7 0.3757
46846.7 0.3514
46846.7 0.3444
46846.7 0.3488
47054 0.3617
47054 0.3660
47054 0.3625
47055 0.3621
47055 0.3547
47055 0.3657
47056 0.3666
47056 0.3693
47056 0.3607
47058 0.3724
47058 0.3773
47058 0.3589
47061 0.3610
47061 0.3572
47061 0.3544
47072 0.3732
47072 0.3688
47072 0.3582
47074 0.3489
47074 0.3430
47074 0.3628
47077 0.3673
47077 0.3714
47077 0.3574
47078 0.3557
47078 0.3609
47078 0.3435
47083 0.4011
47083 0.4041
47083 0.3959
47083.9 0.3859
47084 0.3772
47084 0.3867
47086 0.3655
47086 0.3449
47086 0.3606
47088 0.3631
47088 0.3559
47088 0.3638
47089 0.3457
47089 0.3347
47089 0.3508
47107 0.3521
47107 0.3530
47107 0.3557
47109.8 0.3446
47109.8 0.3437
47109.8 0.3619
47110.9 0.3645
47110.9 0.3517
47110.9 0.3550
47114.9 0.3334
47114.9 0.3337
47114.9 0.3375
47118.9 0.3411
47118.9 0.3467
47118.9 0.3459
47121.9 0.3418
47121.9 0.3508
47121.9 0.3501
47122.9 0.3697
47122.9 0.3623
47122.9 0.3577
47124.9 0.3534
47124.9 0.3594
47124.9 0.3403
47125.9 0.3530
47125.9 0.3561
47125.9 0.3611
47127.9 0.3437
47127.9 0.3482
47127.9 0.3386
47128.9 0.3499
47128.9 0.3513
47128.9 0.3597
47131.9 0.3625
47131.9 0.3506
47131.9 0.3502
47132.9 0.3602
47132.9 0.3594
47132.9 0.3434
47139.9 0.3537
47139.9 0.3391
47139.9 0.3479
47140.8 0.3450
47140.8 0.3500
47140.8 0.3486
47141.9 0.3362
47141.9 0.3284
47141.9 0.3427
47148.8 0.3613
47148.8 0.3538
47148.8 0.3553
47151.7 0.3417
47151.7 0.3465
47151.7 0.3377
47157.8 0.3351
47157.9 0.3286
47157.9 0.3419
47157.9 0.3407
47157.9 0.3404
47162.8 0.3595
47162.8 0.3515
47162.8 0.3456
47162.8 0.3485
47166.8 0.3325
47166.8 0.3441
47166.8 0.3397
47169.7 0.3539
47169.7 0.3497
47169.7 0.3451
47173.7 0.3304
47173.7 0.3403
47173.7 0.3161
47180.7 0.3345
47180.7 0.3400
47180.7 0.3249
47184.7 0.3451
47184.7 0.3404
47184.7 0.3442
47186.8 0.3345
47186.8 0.3361
47186.8 0.3279
47194.8 0.3418
47194.8 0.3394
47194.8 0.3390
47197.7 0.3364
47197.7 0.3334
47197.7 0.3295
47199.7 0.3427
47199.7 0.3322
47199.7 0.3389
47201.7 0.3311
47201.7 0.3298
47201.8 0.3248
47203.7 0.3373
47203.7 0.3465
47203.7 0.3402
47204.7 0.3235
47204.7 0.3284
47204.7 0.3371
47205.7 0.3424
47205.7 0.3390
47205.7 0.3409
47214.7 0.3236
47214.7 0.3334
47214.7 0.3432
47216.6 0.3164
47216.6 0.3001
47216.6 0.3119
47223.6 0.3339
47223.6 0.3307
47223.6 0.3442
47224.6 0.3479
47224.6 0.3476
47224.6 0.3529
47228.6 0.3177
47228.7 0.3179
47228.7 0.3231
47229.7 0.3086
47229.7 0.3155
47229.7 0.3155
47421 0.3449
47421 0.3458
47421 0.3436
47435 0.3469
47435 0.3464
47435 0.3354
47439 0.3370
47439 0.3364
47439 0.3446
47444.9 0.3596
47444.9 0.3532
47444.9 0.3484
47447.9 0.3374
47447.9 0.3250
47447.9 0.3279
47448 0.3524
47448 0.3415
47448 0.3380
47449.9 0.3641
47449.9 0.3537
47449.9 0.3519
47452 0.3453
47452 0.3450
47452 0.3494
47455.9 0.3567
47455.9 0.3758
47455.9 0.3574
47457.9 0.3642
47457.9 0.3644
47457.9 0.3637
47460 0.3448
47460 0.3401
47460 0.3198
47460.9 0.3519
47460.9 0.3485
47460.9 0.3516
47463 0.3611
47463 0.3518
47463 0.3527
47464.9 0.3765
47464.9 0.3760
47464.9 0.3711
47465.9 0.3496
47465.9 0.3558
47465.9 0.3446
47466.9 0.3512
47466.9 0.3307
47466.9 0.3499
47469.9 0.3669
47469.9 0.3785
47469.9 0.3436
47470.9 0.3776
47470.9 0.3750
47470.9 0.3742
47471.9 0.3851
47471.9 0.3846
47471.9 0.3791
47474.9 0.3369
47474.9 0.3366
47474.9 0.3386
47475.9 0.3541
47475.9 0.3499
47475.9 0.3582
47478.9 0.3733
47478.9 0.3603
47478.9 0.3634
47480.9 0.3477
47480.9 0.3271
47480.9 0.3532
47482.9 0.3595
47482.9 0.3478
47482.9 0.3519
47485.9 0.3751
47485.9 0.3717
47485.9 0.3625
47492.9 0.3511
47492.9 0.3433
47492.9 0.3574
47494.9 0.3337
47494.9 0.3333
47494.9 0.3286
47495.8 0.3525
47495.8 0.3471
47495.8 0.3458
47496.8 0.3667
47496.8 0.3696
47496.8 0.3521
47499.8 0.3515
47499.8 0.3533
47499.8 0.3438
47500.8 0.3390
47500.8 0.3350
47500.8 0.3398
47508.8 0.3346
47508.8 0.3452
47508.8 0.3475
47509.8 0.3631
47509.8 0.3446
47509.8 0.3345
47517.8 0.3825
47517.8 0.3793
47517.8 0.3743
47525.8 0.3482
47525.8 0.3676
47525.8 0.3559
47528.8 0.3475
47528.8 0.3461
47528.8 0.3316
47537.7 0.3447
47537.7 0.3448
47537.7 0.3425
47538.6 0.3924
47538.6 0.4061
47538.7 0.3644
47539.7 0.3556
47539.7 0.3663
47539.7 0.3766
47540.7 0.3683
47540.7 0.3736
47540.7 0.3814
47542.7 0.3583
47542.7 0.3549
47542.7 0.3703
47543.7 0.3255
47543.7 0.3279
47543.7 0.3373
47544.7 0.3414
47544.7 0.3409
47544.7 0.3261
47555.7 0.3677
47555.7 0.3731
47555.7 0.3610
47558.7 0.3192
47558.7 0.3216
47558.7 0.3333
47569.7 0.3670
47569.7 0.3750
47569.7 0.3794
47570.7 0.3400
47570.7 0.3446
47570.7 0.3478
47574.7 0.3455
47574.7 0.3734
47574.7 0.3511
47808 0.4288
47808 0.4099
47808 0.3993
47809 0.3890
47809 0.4124
47809 0.3924
47819 0.4159
47819 0.4269
47819 0.4160
47832.9 0.4088
47832.9 0.4074
47832.9 0.4019
47836.9 0.4194
47836.9 0.4066
47836.9 0.4274
47839.9 0.4157
47839.9 0.4127
47839.9 0.4187
47845.9 0.4045
47845.9 0.4186
47845.9 0.4040
47849.9 0.4045
47849.9 0.4138
47849.9 0.4123
47862.9 0.4227
47862.9 0.4198
47862.9 0.4151
47865.8 0.3995
47865.8 0.4037
47865.8 0.4040
47872.9 0.3919
47872.9 0.4059
47872.9 0.4059
47878.8 0.4437
47878.8 0.4412
47878.8 0.4395
47895.7 0.3945
47895.7 0.3990
47895.7 0.3989
47899.8 0.4125
47899.8 0.4157
47899.8 0.4243
47901.7 0.3955
47901.7 0.3995
47901.7 0.3893
47910.8 0.3735
47910.8 0.3819
47910.8 0.3858
47912.7 0.4293
47912.7 0.4101
47912.7 0.4193
47925.7 0.3970
47925.7 0.4004
47925.7 0.3950
47931.7 0.4021
47931.7 0.4023
47931.7 0.4001
47933.7 0.4053
47933.7 0.4050
47933.7 0.4035
47935.7 0.4246
47935.7 0.4221
47935.7 0.4172
47938.7 0.4046
47938.7 0.4011
47938.7 0.4063
47942.7 0.4108
47942.7 0.4142
47942.7 0.4159
47956.6 0.4046
47956.6 0.3950
47956.6 0.3981
48122 0.3822
48122 0.3945
48122 0.3804
48168 0.4017
48168 0.3987
48168 0.4033
48185.9 0.3729
48185.9 0.3853
48185.9 0.3875
48187.9 0.3950
48187.9 0.3948
48187.9 0.3888
48193 0.3682
48193 0.3621
48193 0.3624
48195 0.3764
48195 0.3951
48195 0.4032
48209.9 0.3947
48209.9 0.3782
48209.9 0.3812
48213.9 0.3700
48213.9 0.3675
48213.9 0.3638
48217.9 0.3925
48217.9 0.3821
48217.9 0.3969
48219.9 0.3921
48219.9 0.3960
48219.9 0.3944
48223.9 0.3818
48223.9 0.3920
48223.9 0.3765
48226.9 0.3758
48226.9 0.3897
48226.9 0.3749
48228.9 0.3745
48228.9 0.3634
48228.9 0.3704
48242.8 0.3817
48242.8 0.3959
48242.8 0.3966
48252.8 0.3771
48252.8 0.3790
48252.8 0.3845
48256.8 0.3941
48256.8 0.4093
48256.8 0.3923
48267.7 0.3942
48267.7 0.4062
48267.7 0.4161
48270.7 0.3910
48270.7 0.4037
48270.7 0.4017
48275.7 0.4168
48275.7 0.4149
48275.7 0.4219
48278.7 0.4019
48278.7 0.4173
48278.7 0.4069
48280.7 0.3879
48280.7 0.3796
48280.7 0.3782
48281.8 0.4061
48281.8 0.3927
48281.8 0.3874
48283.7 0.3871
48283.7 0.3889
48283.7 0.3925
48285.7 0.4004
48285.7 0.3972
48285.7 0.3853
48297.7 0.3736
48297.7 0.3714
48297.7 0.3835
48300.7 0.4008
48300.7 0.3891
48300.7 0.3822
48301.7 0.3897
48301.7 0.3970
48301.7 0.3863
48308.7 0.3999
48308.7 0.3992
48308.7 0.4015
48309.6 0.3868
48309.6 0.4032
48309.6 0.3841
48311.7 0.3788
48311.7 0.3808
48311.7 0.3872
48637.7 0.3987
48637.7 0.3750
48637.7 0.3938
48641.8 0.3620
48641.8 0.3670
48641.8 0.3694
48642.7 0.4096
48642.7 0.3895
48642.7 0.4020
48644.7 0.3899
48644.7 0.4037
48644.7 0.4191
48645.7 0.3832
48645.7 0.3728
48645.7 0.3811
48647.7 0.3716
48647.7 0.3781
48647.7 0.3735
48648.7 0.3785
48648.7 0.3749
48648.7 0.3643
48651.8 0.3912
48651.8 0.3989
48651.8 0.3887
48652.7 0.3805
48652.7 0.3773
48652.7 0.3815
48654.8 0.3591
48654.8 0.3873
48654.8 0.4079
48657.7 0.3951
48657.7 0.3953
48657.7 0.3965
48695.7 0.3652
48695.7 0.3700
48695.7 0.3661
48912 0.3945
48912 0.3808
48912 0.3937
48913 0.3675
48913 0.3768
48913 0.3767
48914 0.3965
48914 0.3804
48914 0.3964
48915 0.4087
48915 0.4105
48915 0.4079
48928 0.3937
48928 0.3905
48928 0.3728
48928.9 0.4075
48928.9 0.4055
48928.9 0.3935
48933.9 0.3692
48933.9 0.3740
48933.9 0.3719
48938.9 0.4028
48938.9 0.3985
48938.9 0.3920
48939.9 0.3905
48939.9 0.3967
48939.9 0.4036
48940.9 0.3690
48940.9 0.3825
48940.9 0.3696
48944.9 0.3959
48944.9 0.4005
48944.9 0.3956
48945.9 0.3999
48945.9 0.4088
48945.9 0.4004
48949.9 0.3898
48949.9 0.3855
48949.9 0.3792
48956.8 0.3738
48956.8 0.3772
48956.8 0.3733
48967.9 0.3892
48967.9 0.3868
48967.9 0.3854
48971.9 0.3877
48971.9 0.3841
48971.9 0.3831
48972.8 0.3820
48972.8 0.4040
48972.8 0.4030
48976.8 0.3751
48976.8 0.3665
48976.8 0.3756
48977.8 0.3686
48977.8 0.3790
48977.8 0.3653
48979.8 0.3897
48979.8 0.3803
48979.8 0.3867
48991.8 0.3657
48991.8 0.3638
48991.8 0.3685
49011.7 0.3673
49011.7 0.3695
49011.7 0.3861
49015.7 0.3624
49015.7 0.3641
49015.7 0.3806
49019.7 0.3867
49019.7 0.3671
49019.7 0.3756
49280 0.3852
49280 0.3726
49280 0.3795
49281 0.3906
49281 0.3788
49281 0.3891
49284 0.4093
49284 0.4233
49284 0.4033
49294.9 0.3857
49294.9 0.3748
49295 0.3666
49296.9 0.3956
49296.9 0.3801
49296.9 0.3801
49297.9 0.3917
49297.9 0.4037
49297.9 0.4001
49298.9 0.3858
49298.9 0.4003
49298.9 0.3905
49299.9 0.3838
49299.9 0.3853
49299.9 0.3799
49307.8 0.3789
49307.8 0.3846
49307.8 0.3745
49309.8 0.3873
49309.8 0.3964
49309.8 0.3834
49310.8 0.3842
49310.8 0.3796
49310.8 0.3869
49311.8 0.3964
49311.8 0.3809
49311.8 0.3794
49312.8 0.4000
49312.8 0.3871
49312.8 0.3948
49318.8 0.3745
49318.8 0.3762
49318.8 0.3773
49325.8 0.3630
49325.8 0.3713
49325.8 0.3649
49326.8 0.3914
49326.8 0.3917
49326.8 0.3847
49327.8 0.3950
49327.8 0.3935
49327.8 0.3977
49329.8 0.3848
49329.8 0.3867
49329.8 0.3849
49331.8 0.3743
49331.8 0.3844
49331.8 0.3663
49332.8 0.3724
49332.8 0.3685
49332.8 0.3945
49342.8 0.4054
49342.8 0.4033
49342.8 0.3996
49343.8 0.3763
49343.8 0.3773
49343.8 0.3773
49344.8 0.3850
49344.8 0.3806
49344.8 0.3726
49349.7 0.3965
49349.7 0.4006
49349.7 0.4116
49350.7 0.3814
49350.7 0.3806
49350.7 0.3916
49353.7 0.3973
49353.7 0.3922
49353.7 0.3930
49355.7 0.4101
49355.7 0.4101
49355.7 0.4032
49356.7 0.4179
49356.7 0.4120
49356.7 0.4129
49359.7 0.3817
49359.7 0.3751
49359.7 0.3856
49360.7 0.3841
49360.7 0.3853
49360.7 0.3877
49361.7 0.3823
49361.7 0.3844
49361.7 0.3981
49362.7 0.4118
49362.7 0.4152
49362.7 0.4092
49365.7 0.3842
49365.7 0.3998
49365.7 0.3963
49368.7 0.3792
49368.7 0.3878
49368.7 0.3832
49370.7 0.4143
49370.7 0.4094
49370.7 0.3964
49394.7 0.4017
49394.7 0.3871
49394.7 0.3929
49396.7 0.3670
49396.7 0.3770
49396.7 0.3620
49397.7 0.3833
49397.7 0.3930
49397.7 0.3998
49637 0.3548
49637 0.3435
49637 0.3666
49642.9 0.3748
49642.9 0.3760
49643 0.3715
49644.9 0.3693
49644.9 0.3776
49644.9 0.3892
49645.9 0.3866
49645.9 0.3801
49645.9 0.3809
49646.9 0.3968
49646.9 0.4105
49646.9 0.3956
49648.9 0.4068
49648.9 0.3839
49648.9 0.3894
49651.9 0.3824
49651.9 0.3777
49651.9 0.3783
49652.9 0.4007
49652.9 0.3874
49652.9 0.4037
49653.9 0.3863
49653.9 0.3938
49653.9 0.3847
49654.9 0.3915
49654.9 0.3846
49654.9 0.3934
49655.9 0.3856
49655.9 0.3967
49655.9 0.3882
49656.9 0.3898
49656.9 0.3807
49656.9 0.3868
49657.9 0.3952
49657.9 0.3798
49657.9 0.3771
49658.9 0.3714
49658.9 0.3672
49658.9 0.3700
49661.9 0.3798
49661.9 0.3828
49661.9 0.3893
49662.9 0.3985
49662.9 0.3970
49662.9 0.3831
49668.9 0.3718
49668.9 0.3801
49668.9 0.3772
49670.9 0.3869
49670.9 0.3832
49670.9 0.3730
49676.9 0.3976
49676.9 0.3832
49676.9 0.3851
49677.9 0.3844
49677.9 0.4009
49677.9 0.3819
49679.8 0.3872
49679.8 0.3770
49679.9 0.3883
49680.9 0.3941
49680.9 0.4019
49680.9 0.3999
49689.8 0.3844
49689.8 0.3831
49689.8 0.3929
49694.9 0.3580
49694.9 0.3756
49694.9 0.3948
49695.8 0.3749
49695.8 0.3649
49695.8 0.3653
49696.8 0.3742
49696.8 0.3947
49696.8 0.3767
49702.8 0.3699
49702.8 0.3576
49702.8 0.3843
49703.8 0.3973
49703.8 0.3889
49703.8 0.3809
49704.8 0.4198
49704.8 0.4161
49704.8 0.3963
49706.8 0.3978
49706.8 0.3882
49706.8 0.3905
49707.8 0.3884
49707.8 0.4109
49707.8 0.3992
49713.8 0.3866
49713.8 0.3962
49713.8 0.3916
49716.8 0.3703
49716.8 0.3789
49716.8 0.3892
49717.7 0.3661
49717.7 0.3760
49717.7 0.3778
49719.8 0.3996
49719.8 0.3848
49719.8 0.3999
49730.7 0.3921
49730.7 0.3693
49730.7 0.3988
49731.7 0.3809
49731.7 0.3917
49731.7 0.3845
49735.7 0.3831
49735.7 0.3647
49735.7 0.3682
49736.7 0.3836
49736.7 0.3910
49736.7 0.3869
49747.7 0.3717
49747.7 0.3853
49747.7 0.3636
49750.7 0.3748
49750.7 0.3735
49750.7 0.3695
49751.7 0.3881
49751.7 0.4095
49751.7 0.3736
49752.7 0.3943
49752.7 0.3907
49752.7 0.3942
49754.7 0.3784
49754.7 0.3685
49754.7 0.3795
49755.7 0.3324
49755.7 0.3436
49755.7 0.3343
49758.7 0.3838
49758.7 0.3949
49758.7 0.3806
49759.7 0.3984
49759.7 0.3954
49759.7 0.4011
49766.7 0.3806
49766.7 0.4011
49766.7 0.3844
49767.6 0.3739
49767.6 0.3940
49767.6 0.3694
49768.7 0.3798
49768.7 0.3999
49768.7 0.3641
49771.6 0.3895
49771.7 0.3831
49771.7 0.3784
49772.6 0.4007
49772.6 0.3837
49772.6 0.3756
