44192.8 0.1794
44465 0.1900
44465 0.1853
44465 0.1866
44468 0.1853
44468 0.1835
44468 0.1869
44469 0.1875
44469 0.1887
44469 0.1943
44470 0.1897
44470 0.1910
44470 0.1849
44473 0.1833
44473 0.1803
44473 0.1881
44474 0.1820
44474 0.1865
44474 0.1929
44475 0.1863
44475 0.1822
44475 0.1807
44476 0.1855
44476 0.1880
44476 0.1796
44479 0.1804
44479 0.1875
44479 0.1873
44480.9 0.1862
44480.9 0.1830
44480.9 0.1798
44482 0.1807
44482 0.1828
44482 0.1810
44483 0.1839
44483 0.1832
44483 0.1802
44485 0.1861
44485 0.1836
44485 0.1814
44485.9 0.1860
44485.9 0.1887
44485.9 0.1857
44487 0.1889
44487 0.1825
44487 0.1830
44487.9 0.1822
44487.9 0.1812
44488 0.1842
44490 0.1822
44490 0.1817
44490 0.1843
44491 0.1829
44491 0.1833
44491 0.1831
44493 0.1839
44493 0.1827
44493 0.1852
44493.9 0.1805
44493.9 0.1828
44493.9 0.1833
44495 0.1882
44495 0.1852
44495 0.1821
44495.9 0.1793
44495.9 0.1749
44495.9 0.1822
44497 0.1913
44497 0.1848
44497 0.1839
44506 0.1905
44506 0.1903
44506 0.1856
44507 0.1932
44507 0.1942
44507 0.1892
44507.9 0.1935
44507.9 0.1890
44507.9 0.1892
44509 0.1905
44509 0.1864
44509 0.1852
44526 0.1869
44526 0.1826
44526 0.1927
44566.9 0.1746
44566.9 0.1788
44566.9 0.1778
45582 0.4298
45582 0.4409
45582 0.4421
45585 0.4424
45585 0.4539
45585 0.4502
45592 0.4298
45592 0.4407
45592 0.4319
45621 0.4388
45621 0.4410
45621 0.4407
45657.8 0.4444
45657.8 0.4534
45657.8 0.4676
45686.8 0.4330
45686.8 0.4360
45686.8 0.4469
45710.8 0.4220
45710.8 0.4255
45710.8 0.4275
45722.8 0.4383
45722.8 0.4318
45722.8 0.4409
46046.8 0.4412
46046.8 0.4376
46046.8 0.4390
46064.8 0.4209
46064.8 0.4272
46064.8 0.4197
46085.1 0.4361
46085.1 0.4377
46085.1 0.4406
46108.7 0.4213
46108.7 0.4186
46108.7 0.4246
46116.7 0.4165
46116.7 0.4253
46116.7 0.4217
46125.6 0.4088
46125.6 0.4142
46125.6 0.4133
46332 0.4014
46332 0.3987
46332 0.3983
46339 0.4045
46339 0.3995
46339 0.4096
46348.9 0.3990
46348.9 0.3979
46348.9 0.4072
46364 0.3935
46364 0.3888
46364 0.3847
46371 0.3915
46371 0.3847
46371 0.3924
46376.9 0.3845
46376.9 0.3890
46376.9 0.3857
46385.8 0.3875
46385.8 0.3920
46385.8 0.3880
46392.9 0.3877
46392.9 0.3884
46392.9 0.3854
46403.9 0.3909
46403.9 0.3885
46403.9 0.3795
46416.8 0.3833
46416.8 0.3922
46416.8 0.3972
46427.8 0.3798
46427.8 0.3762
46427.8 0.3774
46438.7 0.3735
46438.7 0.3785
46438.7 0.3803
46439.8 0.3803
46439.8 0.3724
46439.8 0.3770
46447.7 0.3883
46447.7 0.3845
46447.7 0.3890
46452.7 0.4053
46452.8 0.3986
46452.8 0.3919
46459.7 0.3901
46459.7 0.3830
46459.7 0.3796
46466.7 0.3849
46466.7 0.3888
46466.7 0.3893
46472.7 0.3814
46472.7 0.3826
46472.7 0.3922
46485.7 0.3866
46485.7 0.3915
46485.7 0.3876
46488.7 0.3963
46488.7 0.3891
46497.7 0.3996
46497.7 0.3964
46497.7 0.4036
46703 0.3841
46703 0.4000
46703 0.3868
46708 0.3843
46708 0.4050
46708 0.3836
46711 0.3910
46711 0.3769
46711 0.3969
46717 0.4105
46717 0.3860
46717 0.3819
46722 0.4054
46722 0.4104
46722 0.4040
46726 0.3918
46726 0.3835
46726 0.3901
46739 0.3882
46739 0.3925
46739 0.3935
46741.9 0.3980
46741.9 0.4033
46741.9 0.3847
46745.9 0.3961
46745.9 0.3909
46745.9 0.3814
46749 0.3749
46749 0.3868
46749 0.3944
46767.9 0.4029
46767.9 0.3910
46767.9 0.4062
46773.9 0.3971
46773.9 0.4019
46773.9 0.4037
46777.9 0.3901
46777.9 0.3921
46777.9 0.3968
46803.8 0.4029
46803.8 0.3968
46803.8 0.3985
46807.8 0.4127
46807.8 0.4049
46807.8 0.3929
46812.8 0.4063
46812.8 0.4047
46812.8 0.3943
46816.8 0.4085
46816.8 0.3972
46816.8 0.3998
46829.6 0.4037
46829.6 0.4163
46829.6 0.3970
46846.7 0.3946
46846.7 0.4159
46846.7 0.4172
47074 0.4163
47074 0.4178
47074 0.4168
47078 0.4409
47078 0.4383
47078 0.4347
47085 0.4248
47085 0.4273
47085 0.4229
47108.9 0.4133
47108.9 0.4095
47108.9 0.4113
47121.9 0.4275
47121.9 0.4279
47121.9 0.4283
47124.9 0.4352
47124.9 0.4228
47124.9 0.4257
47128 0.4382
47128 0.4331
47128 0.4393
47131.9 0.4401
47131.9 0.4356
47131.9 0.4346
47140.8 0.4220
47140.8 0.4194
47140.8 0.4210
47150.8 0.4248
47150.8 0.4206
47150.8 0.4216
47162.9 0.4199
47162.9 0.4200
47162.9 0.4204
47168.8 0.4218
47168.8 0.4285
47168.8 0.4254
47175.7 0.4271
47175.7 0.4224
47175.7 0.4374
47183.7 0.4290
47183.7 0.4321
47183.7 0.4345
47196.7 0.4379
47196.7 0.4447
47196.7 0.4428
47200.7 0.4399
47200.7 0.4456
47200.7 0.4463
47203.7 0.4464
47203.7 0.4370
47203.7 0.4360
47203.7 0.4437
47214.7 0.4453
47214.7 0.4430
47214.7 0.4456
47229.7 0.4495
47229.7 0.4476
47229.7 0.4543
47234.7 0.4561
47234.7 0.4457
47234.7 0.4462
47240.6 0.4576
47240.6 0.4483
47240.7 0.4486
47446.9 0.4529
47446.9 0.4549
47446.9 0.4529
47450.9 0.4615
47450.9 0.4590
47450.9 0.4696
47459 0.4614
47459 0.4575
47459 0.4571
47465 0.4583
47465 0.4622
47465 0.4665
47471.9 0.4447
47471.9 0.4547
47471.9 0.4503
47475.9 0.4498
47475.9 0.4598
47475.9 0.4446
47482.9 0.4522
47482.9 0.4390
47482.9 0.4525
47486.9 0.4476
47486.9 0.4509
47486.9 0.4369
47494.9 0.4609
47494.9 0.4543
47494.9 0.4516
47497.8 0.4559
47497.8 0.4634
47497.8 0.4565
47522.8 0.4682
47522.8 0.4810
47522.8 0.4706
47544.7 0.4509
47544.7 0.4483
47544.7 0.4424
47556.7 0.4728
47556.7 0.4607
47556.7 0.4475
47585.7 0.4496
47585.7 0.4486
47585.7 0.4382
47835.9 0.4635
47835.9 0.4584
47835.9 0.4652
47865.9 0.4578
47865.9 0.4585
47865.9 0.4542
47898.7 0.4645
47898.7 0.4688
47898.7 0.4590
47902.7 0.4675
47902.7 0.4614
47902.7 0.4642
47931.7 0.4600
47931.7 0.4592
47931.7 0.4611
48131 0.4570
48131 0.4728
48131 0.4568
48224.9 0.4591
48224.9 0.4747
48224.9 0.4676
48972.9 0.4342
48972.9 0.4411
48972.9 0.4423
49011.7 0.4116
49011.7 0.4094
49011.8 0.4177
49251 0.4613
49251 0.4568
49251 0.4575
49297.9 0.4654
49297.9 0.4635
49297.9 0.4590
49299.9 0.4655
49299.9 0.4661
49299.9 0.4560
49338.8 0.4739
49338.8 0.4741
49338.8 0.4680
49363.7 0.4755
49363.7 0.4691
49363.7 0.4721
49637 0.4905
49637 0.4788
49637 0.4770
49648.9 0.4754
49648.9 0.4843
49648.9 0.4834
49661.9 0.4600
49661.9 0.4722
49661.9 0.4659
49696.8 0.4839
49696.8 0.4989
49696.8 0.4973
49703.8 0.4872
49703.8 0.4851
49703.8 0.4906
49708.8 0.4820
49708.8 0.4837
49708.8 0.4840
49731.8 0.4679
49731.8 0.4825
49731.8 0.4662
49736.7 0.4757
49736.7 0.4869
49736.7 0.4767
49755.7 0.4782
49755.7 0.4744
49755.7 0.4873
49759.7 0.4897
49759.7 0.5016
49759.7 0.4818
49768.6 0.4965
49768.6 0.4916
49768.6 0.5029
49772.6 0.4997
49772.7 0.4929
49772.7 0.4918
