44192.8 0.1289
44205.8 0.2316
45935 0.4990
45935 0.5022
45935 0.4876
45935.9 0.4833
45935.9 0.4956
45935.9 0.4930
45936.8 0.4952
45936.8 0.5025
45936.8 0.5095
45988.9 0.4899
45988.9 0.5066
45988.9 0.5075
46015.7 0.5226
46015.7 0.5054
46015.7 0.5099
46022.8 0.5107
46022.8 0.4984
46022.8 0.4969
46030.7 0.4856
46030.7 0.4851
46030.7 0.4724
46036.7 0.5004
46036.7 0.5111
46036.7 0.5028
46049.7 0.4945
46049.7 0.4854
46049.7 0.4847
46057.7 0.4925
46057.7 0.4865
46057.7 0.4799
46064.7 0.4838
46064.7 0.4832
46064.7 0.4872
46084.8 0.5133
46084.8 0.5003
46084.8 0.5117
46283 0.5002
46283 0.4923
46283 0.4955
46287.9 0.4821
46287.9 0.4797
46287.9 0.4784
46292 0.4828
46292 0.4795
46292 0.4797
46297 0.4859
46297 0.4959
46297 0.4754
46303 0.4844
46303 0.4790
46303 0.4786
46323.9 0.4714
46323.9 0.4735
46323.9 0.4768
46329.9 0.4916
46329.9 0.4908
46329.9 0.4895
46337.8 0.4804
46337.8 0.4780
46337.8 0.4767
46356.8 0.4897
46356.8 0.4772
46356.8 0.4966
46365.8 0.4863
46365.8 0.4801
46365.8 0.4880
46372.7 0.4811
46372.7 0.4752
46372.7 0.4887
46383.7 0.4879
46383.7 0.4978
46383.7 0.4943
46389.7 0.4746
46389.7 0.4776
46389.7 0.4821
46397.7 0.4815
46397.7 0.4690
46397.7 0.4653
46403.7 0.4732
46403.7 0.4961
46403.7 0.4872
46416.7 0.4786
46416.7 0.4784
46416.7 0.4863
46423.7 0.4670
46423.7 0.4708
46423.7 0.4601
46430.7 0.4782
46430.7 0.4807
46430.7 0.4769
46437.6 0.4769
46437.6 0.4775
46437.6 0.4877
46443.7 0.4734
46443.7 0.4868
46443.7 0.4698
46449.6 0.4893
46449.6 0.4861
46449.6 0.4839
46466.6 0.4744
46466.6 0.4730
46466.6 0.4863
47041 0.4711
47041 0.4664
47041 0.4621
47071.8 0.4622
47071.8 0.4671
47071.8 0.4650
47108.7 0.4769
47108.7 0.4733
47108.7 0.4851
47139.8 0.4782
47139.8 0.4772
47139.8 0.4758
47181.6 0.4780
47181.6 0.4846
47181.6 0.4878
47391 0.4741
47391 0.4690
47391 0.4732
47432.9 0.4694
47432.9 0.4765
47432.9 0.4769
47456.8 0.4728
47456.8 0.4659
47456.8 0.4577
47470.7 0.4664
47470.7 0.4680
47470.7 0.4604
47496.6 0.4697
47496.6 0.4767
47496.6 0.4721
47536.7 0.4833
47536.7 0.4837
47536.7 0.4547
47767 0.4935
47767 0.4843
47767 0.4990
47784.9 0.5057
47784.9 0.5098
47784.9 0.5069
