39371.8 0.1937
39392.8 0.1976
39722.8 0.1832
39723.8 0.1839
39787.8 0.1924
39789.8 0.1963
39835.8 0.1857
40079.8 0.1911
40139.8 0.1907
40438.8 0.1823
40439.8 0.1896
40495.8 0.1925
40498.8 0.1984
40499.8 0.1894
40519.8 0.1878
40570.8 0.1980
40573.8 0.2027
40811.8 0.1988
40812.8 0.1982
40844.8 0.1900
40845.8 0.1897
40910.8 0.1907
40911.8 0.2001
40912.8 0.1917
40935.8 0.1955
41168.8 0.1868
41169.8 0.1858
41199.8 0.1885
41201.8 0.1848
41249.8 0.1870
41250.8 0.1827
41262.8 0.1876
41264.8 0.1847
41286.8 0.1861
41554.8 0.1902
41589.8 0.1841
41590.8 0.1831
41615.8 0.1873
41618.8 0.1822
41641.8 0.1882
41669.8 0.1835
41885.8 0.1844
41886.8 0.1843
41910.8 0.1875
41942.8 0.1905
41959.8 0.1898
41960.8 0.1904
41961.8 0.1869
42260.8 0.1857
42282.8 0.1838
42283.8 0.1834
42284.8 0.1829
42285.8 0.1904
42329.8 0.1788
42330.8 0.1818
42382.8 0.1786
42644.8 0.1901
42645.8 0.1876
42646.8 0.1901
42647.8 0.1925
42675.8 0.1907
42676.8 0.1873
42678.8 0.1821
42765.8 0.1917
43060.8 0.1870
43061.8 0.1848
43112.8 0.1837
43347.8 0.1897
43349.8 0.1785
43350.8 0.1775
43414.8 0.1837
43478.8 0.1802
43743.8 0.1750
43778.8 0.1873
43855.8 0.7816
44172.8 0.1839
44190.8 0.1785
44225.8 0.1837
44827 0.1803
44827 0.1772
44827 0.1747
44829 0.1693
44829 0.1749
44829 0.1847
44833.9 0.1762
44833.9 0.1715
44833.9 0.1772
44847.9 0.1724
44847.9 0.1713
44847.9 0.1741
44868.9 0.1748
44868.9 0.1820
44868.9 0.1762
44870.9 0.1700
44870.9 0.1700
44870.9 0.1776
44871.8 0.1750
44871.8 0.1849
44871.8 0.1987
44874.8 0.1751
44874.8 0.1764
44874.8 0.1703
44901.7 0.1831
44901.7 0.1750
44901.7 0.1766
45185.9 0.1657
45185.9 0.1795
45185.9 0.1688
45186.9 0.1698
45186.9 0.1674
45186.9 0.1705
45189 0.1777
45189 0.1758
45189 0.1665
45192 0.1745
45192 0.1666
45192 0.1694
45194 0.1661
45194 0.1749
45194 0.1758
45195.9 0.1752
45195.9 0.1684
45195.9 0.1801
45197.9 0.1768
45197.9 0.1732
45197.9 0.1781
45198.9 0.1853
45198.9 0.1727
45198.9 0.1803
45208.9 0.1704
45208.9 0.1741
45208.9 0.1875
45211.9 0.1705
45211.9 0.1700
45211.9 0.1792
45214.9 0.1702
45214.9 0.1719
45214.9 0.1774
45215.8 0.1729
45215.8 0.1671
45215.8 0.1702
45216.8 0.1741
45216.8 0.1856
45216.8 0.1767
45217.8 0.1837
45217.8 0.1877
45217.8 0.1835
45218.9 0.1802
45218.9 0.1688
45218.9 0.1739
45224.9 0.1863
45224.9 0.1792
45224.9 0.1836
45244.8 0.1515
45244.8 0.1781
45244.8 0.1732
45249.8 0.1725
45249.8 0.1673
45249.8 0.1806
45254.8 0.1868
45254.8 0.1723
45254.8 0.1793
45260.8 0.1780
45260.8 0.1822
45260.8 0.1870
45274.7 0.1715
45274.7 0.1789
45274.7 0.1760
45277.7 0.1822
45277.7 0.1829
45277.7 0.1821
45309.6 0.1902
45309.6 0.1767
45309.6 0.1823
45543 0.1830
45543 0.1780
45543 0.1761
45555 0.1767
45555 0.1775
45555 0.1817
45558 0.1773
45558 0.1728
45558 0.1816
45569 0.1766
45569 0.1806
45569 0.1816
45573.9 0.1755
45573.9 0.1738
45573.9 0.1723
45575.9 0.1789
45575.9 0.1797
45575.9 0.1794
45578.9 0.1776
45578.9 0.1804
45578.9 0.1807
45579.9 0.1769
45579.9 0.1699
45579.9 0.1710
45582.9 0.1845
45582.9 0.1790
45582.9 0.1772
45585.9 0.1813
45585.9 0.1800
45585.9 0.1783
45590.9 0.1807
45590.9 0.1858
45590.9 0.1839
45594.9 0.1815
45594.9 0.1878
45594.9 0.1777
45595.8 0.1815
45595.8 0.1808
45595.8 0.1796
45625.8 0.1730
45625.8 0.1739
45625.8 0.1755
45626.7 0.1780
45626.7 0.1809
45626.7 0.1791
45633.8 0.1704
45633.8 0.1708
45633.8 0.1667
45641.7 0.1762
45641.7 0.1822
45641.7 0.1648
45642.7 0.1756
45642.7 0.1738
45642.7 0.1685
45643.7 0.1804
45643.7 0.1857
45643.7 0.1818
45658.8 0.1818
45658.8 0.1801
45658.8 0.1902
45666.7 0.1761
45666.7 0.1879
45666.7 0.1862
45683.6 0.1823
45683.6 0.1839
45683.6 0.1849
45685.7 0.1842
45685.7 0.1830
45685.7 0.1860
45687.6 0.1768
45687.6 0.1755
45687.6 0.1806
45688.6 0.1864
45688.6 0.1855
45688.6 0.1859
45707.6 0.1840
45707.6 0.1829
45707.6 0.1796
45708.6 0.1735
45708.6 0.1840
45708.6 0.1763
45710.6 0.1821
45710.6 0.1854
45710.6 0.1890
45907 0.1782
45907 0.1801
45907 0.1763
45914 0.1834
45914 0.1878
45914 0.1776
45918 0.1729
45918 0.1724
45918 0.1777
45920 0.1775
45920 0.1803
45920 0.1711
45930 0.1816
45930 0.1725
45930 0.1705
45933.9 0.1690
45934 0.1702
45934 0.1653
45935.9 0.1724
45935.9 0.1789
45935.9 0.1821
45938.9 0.1831
45938.9 0.1863
45938.9 0.1785
45941.9 0.1870
45941.9 0.1799
45941.9 0.1735
45943.9 0.1696
45943.9 0.1763
45943.9 0.1770
45950.9 0.1726
45950.9 0.1751
45950.9 0.1766
45959.9 0.1820
45959.9 0.1799
45959.9 0.1698
45961.9 0.1757
45961.9 0.1765
45961.9 0.1760
45969.8 0.1705
45969.8 0.1728
45969.8 0.1713
45974.8 0.1769
45974.8 0.1765
45974.8 0.1856
45983.8 0.1778
45983.8 0.1663
45983.8 0.1748
45987.8 0.1678
45987.8 0.1749
45987.8 0.1779
45995.8 0.1642
45995.8 0.1681
45995.8 0.1683
46009.7 0.1745
46009.7 0.1640
46009.7 0.1744
46016.7 0.1840
46016.7 0.1766
46016.7 0.1756
46024.7 0.1733
46024.7 0.1686
46024.7 0.1802
46028.7 0.1667
46028.7 0.1676
46028.7 0.1761
46041.6 0.1888
46041.6 0.1807
46041.6 0.1773
46051.6 0.1882
46051.6 0.1779
46051.6 0.1782
46068.6 0.1797
46068.6 0.1773
46068.6 0.1847
46287 0.1756
46287 0.1759
46287 0.1744
46322.9 0.1771
46322.9 0.1783
46322.9 0.1738
46329.9 0.1749
46329.9 0.1719
46329.9 0.1700
46358.8 0.1794
46358.8 0.1799
46358.8 0.1750
46387.7 0.1781
46387.7 0.1785
46387.7 0.1767
46417.7 0.1723
46417.7 0.1725
46417.7 0.1756
46657 0.1738
46657 0.1786
46657 0.1792
46665 0.1664
46665 0.1726
46665 0.1705
46674.9 0.1737
46674.9 0.1799
46674.9 0.1770
46695.9 0.1702
46695.9 0.1741
46695.9 0.1688
46708.8 0.1700
46708.8 0.1783
46708.8 0.1696
46724.8 0.1707
46724.8 0.1678
46724.8 0.1698
46738.7 0.1757
46738.7 0.1762
46738.7 0.1773
46754.7 0.1684
46754.7 0.1738
46754.7 0.1739
46767.7 0.1687
46767.7 0.1692
46767.7 0.1761
46775.7 0.1751
46775.7 0.1702
46775.7 0.1672
46782.7 0.1755
46782.7 0.1703
46782.7 0.1796
46798.6 0.1749
46798.6 0.1674
46798.6 0.1654
46805.6 0.1760
46805.6 0.1778
46805.6 0.1778
47027.9 0.1935
47027.9 0.1854
47027.9 0.1889
47038.9 0.1686
47038.9 0.1716
47038.9 0.1710
47056.8 0.1782
47056.8 0.1737
47056.8 0.1737
47076.8 0.1782
47076.8 0.1793
47076.8 0.1782
47089.8 0.1753
47089.8 0.1798
47089.8 0.1793
47107.7 0.1708
47107.7 0.1696
47107.7 0.1786
47122.7 0.1741
47122.7 0.1706
47122.7 0.1688
47140.7 0.1714
47140.7 0.1746
47140.7 0.1742
47167.6 0.1819
47167.6 0.1886
47167.6 0.1777
47183.6 0.1721
47183.6 0.1678
47183.6 0.1747
47389 0.1653
47389 0.1675
47389 0.1690
47403 0.1598
47403 0.1757
47403 0.1738
47421.9 0.1739
47421.9 0.1746
47421.9 0.1781
47447.8 0.1700
47447.8 0.1722
47447.9 0.1728
47462.8 0.1767
47462.8 0.1727
47462.8 0.1737
47472.7 0.1771
47472.7 0.1792
47472.7 0.1794
47492.7 0.1726
47492.7 0.1715
47492.7 0.1715
47508.6 0.1737
47508.6 0.1709
47508.6 0.1799
47526.6 0.1828
47526.6 0.1740
47526.6 0.1780
47541.6 0.1857
47541.6 0.1835
47541.6 0.1842
47765.9 0.1849
47765.9 0.1844
47765.9 0.1891
47776.9 0.1794
47776.9 0.1789
47776.9 0.1759
47790.9 0.1833
47790.9 0.1822
47790.9 0.1788
47804.8 0.1797
47804.9 0.1835
47804.9 0.1766
47836.8 0.1767
47836.8 0.1775
47836.8 0.1818
47865.7 0.1835
47865.7 0.1812
47865.7 0.1826
48109 0.1759
48109 0.1778
48109 0.1745
48129 0.1823
48129 0.1799
48129 0.1828
48150.9 0.1914
48150.9 0.1832
48150.9 0.1852
48178.8 0.1849
48178.8 0.1869
48178.8 0.1809
48186.7 0.1803
48186.7 0.1776
48186.7 0.1814
48213.7 0.1897
48213.7 0.1918
48213.7 0.1921
48551.8 0.1801
48551.8 0.1802
48551.8 0.1859
48869.9 0.1781
48869.9 0.1716
48869.9 0.1808
48885.9 0.1744
48885.9 0.1733
48885.9 0.1737
48905.8 0.4656
48905.8 0.4680
48905.8 0.4581
48905.8 0.1873
48905.8 0.1818
48905.8 0.1870
48928.7 0.1783
48928.7 0.1793
48928.7 0.1757
48940.7 0.1868
48940.7 0.1891
48940.7 0.1808
48952.7 0.1759
48952.7 0.1772
48952.7 0.1803
49261.9 0.1701
49261.9 0.1725
49261.9 0.1713
49280.8 0.1704
49280.8 0.1749
49280.8 0.1745
49294.7 0.1677
49294.7 0.1664
49294.7 0.1721
49309.7 0.4013
49309.7 0.4080
49309.7 0.4093
49324.7 0.1743
49324.7 0.1734
49324.7 0.1693
49332.6 0.4216
49332.6 0.4210
49332.6 0.4197
49332.7 0.1703
49332.7 0.1686
49332.7 0.1777
49598.9 0.1640
49598.9 0.1680
49598.9 0.1605
49599.9 0.1695
49599.9 0.1680
49599.9 0.1726
49610.9 0.1696
49610.9 0.1654
49610.9 0.1690
49633.8 0.1717
49633.8 0.1655
49633.8 0.1666
49645.8 0.1689
49645.8 0.1718
49645.8 0.1758
49652.7 0.1686
49652.7 0.1670
49652.7 0.1666
49657.7 0.1681
49657.7 0.1682
49657.7 0.1595
49678.7 0.1719
49678.7 0.1629
49678.7 0.1779
49690.7 0.1694
49690.7 0.1673
49690.7 0.1667
49713.6 0.1651
49713.6 0.1735
49713.6 0.1726
