39341.8 0.2720
39342.8 0.2885
39368.8 0.2898
39371.8 0.2949
39390.8 0.2699
39391.8 0.2742
39424.8 0.2863
39722.8 0.2417
39723.8 0.2373
39787.8 0.2589
39788.8 0.2615
39789.8 0.2664
39817.8 0.2533
39832.8 0.2358
40077.8 0.2514
40078.8 0.2482
40079.8 0.2504
40105.8 0.2632
40106.8 0.2593
40107.8 0.2589
40139.8 0.2412
40140.8 0.2440
40167.8 0.2409
40168.8 0.2487
40169.8 0.2506
40170.8 0.2588
40406.8 0.2434
40438.8 0.2313
40439.8 0.2321
40440.8 0.2327
40454.8 0.2552
40455.8 0.2469
40456.8 0.2513
40457.8 0.2505
40495.8 0.2526
40497.8 0.2484
40498.8 0.2461
40499.8 0.2484
40517.8 0.2553
40519.8 0.2601
40520.8 0.2627
40555.8 0.2478
40570.8 0.2454
40572.8 0.2374
40573.8 0.2397
40809.8 0.2262
40811.8 0.2179
40812.8 0.2205
40843.8 0.2266
40844.8 0.2182
40845.8 0.2174
40881.8 0.2117
40910.8 0.2098
40911.8 0.2165
40912.8 0.2115
40935.8 0.2256
41168.8 0.2137
41169.8 0.2121
41170.8 0.2089
41199.8 0.2148
41200.8 0.2110
41201.8 0.2117
41202.8 0.2132
41249.8 0.2162
41250.8 0.2106
41262.8 0.2128
41264.8 0.2132
41285.8 0.2043
41286.8 0.2113
41314.8 0.2178
41554.8 0.2097
41589.8 0.2076
41590.8 0.2101
41591.8 0.2076
41592.8 0.2138
41614.8 0.2095
41615.8 0.2152
41618.8 0.2177
41641.8 0.2015
41643.8 0.2031
41644.8 0.2013
41669.8 0.2036
41671.8 0.2030
41885.8 0.2191
41886.8 0.2182
41909.8 0.2057
41910.8 0.2145
41911.8 0.2091
41942.8 0.2100
41943.8 0.2025
41944.8 0.2118
41945.8 0.2163
41959.8 0.2154
41960.8 0.2193
41961.8 0.2201
42015.8 0.2184
42016.8 0.2204
42046.8 0.2046
42260.8 0.2269
42261.8 0.2244
42282.8 0.2326
42283.8 0.2304
42284.8 0.2324
42285.8 0.2279
42329.8 0.2233
42330.8 0.2300
42331.8 0.2294
42380.8 0.2162
42382.8 0.2173
42615.8 0.2388
42616.8 0.2420
42644.8 0.2502
42645.8 0.2423
42646.8 0.2517
42647.8 0.2449
42675.8 0.2628
42676.8 0.2618
42677.8 0.2693
42678.8 0.2686
42702.8 0.2463
42703.8 0.2487
42704.8 0.2407
42731.8 0.2356
42732.8 0.2340
42763.8 0.2552
42764.8 0.2530
42765.8 0.2569
42973.8 0.2384
42975.8 0.2419
43024.8 0.2400
43025.8 0.2383
43060.8 0.2533
43061.8 0.2540
43062.8 0.2392
43063.8 0.2379
43110.8 0.2473
43111.8 0.2474
43112.8 0.2507
43113.8 0.2428
43347.8 0.2341
43347.8 0.2352
43349.8 0.2403
43349.8 0.2379
43350.8 0.2442
43350.8 0.2369
43351.8 0.2444
43351.8 0.2445
43414.8 0.2280
43477.8 0.2355
43478.8 0.2455
43479.8 0.2336
43481.8 0.2513
43742.8 0.2229
43743.8 0.2257
43777.8 0.2244
43779.8 0.2210
43805.8 0.2182
43824.8 0.2420
43892.8 0.2188
44172.8 0.2111
44190.8 0.2097
44200.8 0.2150
44225.8 0.2133
44226.8 0.2055
44412 0.1856
44412 0.1801
44412 0.1835
44423.9 0.1987
44423.9 0.1994
44425 0.2014
44425 0.1975
44427 0.2047
44427 0.1985
44429.9 0.1831
44429.9 0.1846
44429.9 0.1922
44430.9 0.1978
44430.9 0.1932
44430.9 0.1968
44432.9 0.1973
44432.9 0.2028
44432.9 0.2090
44441.9 0.2065
44441.9 0.2006
44441.9 0.2004
44442.9 0.2002
44442.9 0.2050
44442.9 0.2021
44443.9 0.1990
44443.9 0.1995
44443.9 0.1993
44444.9 0.1952
44444.9 0.1961
44444.9 0.2038
44445.9 0.1918
44445.9 0.1923
44445.9 0.1969
44446.9 0.2019
44446.9 0.1959
44446.9 0.1936
44447.9 0.1927
44447.9 0.1925
44447.9 0.1944
44448.9 0.1935
44448.9 0.1925
44448.9 0.1933
44449.9 0.1960
44449.9 0.1940
44449.9 0.2014
44451.9 0.1907
44451.9 0.2023
44451.9 0.1958
44452.9 0.1951
44452.9 0.1964
44452.9 0.1956
44453.9 0.1931
44453.9 0.1925
44453.9 0.1957
44454.9 0.1937
44454.9 0.1910
44454.9 0.1974
44458.9 0.2010
44458.9 0.2010
44458.9 0.1956
44460.9 0.1952
44460.9 0.2005
44460.9 0.2046
44461.9 0.2014
44461.9 0.1989
44461.9 0.1987
44462.9 0.1963
44462.9 0.2012
44462.9 0.1963
44463.9 0.1994
44463.9 0.1963
44463.9 0.1994
44464.9 0.2019
44464.9 0.2001
44464.9 0.2013
44465.9 0.1934
44465.9 0.1950
44465.9 0.1988
44467.8 0.1928
44467.8 0.1923
44467.8 0.2043
44468.9 0.1945
44469 0.2053
44469 0.1904
44472.9 0.1954
44472.9 0.1939
44472.9 0.1890
44473.9 0.2010
44473.9 0.2016
44473.9 0.1998
44474.9 0.1977
44474.9 0.2011
44474.9 0.1962
44475.9 0.2000
44475.9 0.1969
44475.9 0.1969
44478.9 0.2013
44478.9 0.1978
44479.9 0.2001
44479.9 0.1982
44479.9 0.1970
44480.9 0.2044
44480.9 0.2004
44480.9 0.2046
44481.9 0.2031
44481.9 0.1989
44481.9 0.1992
44482.9 0.2180
44482.9 0.2047
44482.9 0.2079
44484.9 0.2056
44484.9 0.1985
44484.9 0.1936
44485.9 0.1983
44485.9 0.1948
44485.9 0.1983
44486.9 0.1918
44486.9 0.1955
44486.9 0.1990
44487.9 0.1906
44487.9 0.1938
44487.9 0.1903
44489.9 0.1920
44489.9 0.2018
44489.9 0.1908
44490.9 0.1952
44490.9 0.1919
44490.9 0.1991
44492.9 0.1910
44492.9 0.1984
44492.9 0.1975
44493.9 0.1980
44493.9 0.1926
44493.9 0.1993
44494.9 0.1982
44494.9 0.1973
44494.9 0.2012
44495.9 0.1915
44495.9 0.1896
44495.9 0.1977
44496.9 0.1919
44496.9 0.1904
44496.9 0.1959
44505.9 0.1974
44505.9 0.1940
44505.9 0.1940
44506.9 0.1982
44506.9 0.1944
44506.9 0.2059
44507.9 0.2009
44507.9 0.1935
44507.9 0.1994
44508.9 0.1966
44508.9 0.1909
44508.9 0.1926
44525.9 0.2006
44525.9 0.1990
44525.9 0.1965
44546.8 0.1893
44546.8 0.2011
44546.8 0.1999
44547.8 0.1991
44547.8 0.2016
44547.8 0.2020
44548.8 0.1991
44548.8 0.2028
44548.8 0.1989
44549.7 0.1966
44549.7 0.2069
44549.8 0.2027
44550.7 0.2067
44550.7 0.2037
44550.7 0.2074
44564.7 0.1940
44564.7 0.1911
44564.7 0.1900
44566.7 0.1936
44566.7 0.1875
44566.8 0.1936
44606.6 0.2006
44606.6 0.2075
44606.6 0.2001
44608.6 0.1918
44608.6 0.1972
44608.6 0.1950
44809 0.2049
44809 0.1982
44809 0.2015
44822 0.2162
44822 0.2142
44822 0.2081
44824 0.2119
44824 0.2147
44824 0.2117
44825 0.2139
44825 0.2117
44825 0.2124
44826 0.2192
44826 0.2209
44826 0.2131
44827 0.2147
44827 0.2207
44827 0.2212
44829 0.2223
44829 0.2181
44829 0.2178
44833 0.2317
44833 0.2222
44833 0.2282
44834 0.2160
44834 0.2137
44834 0.2211
44836.9 0.2204
44836.9 0.2204
44837 0.2192
44847.9 0.1955
44847.9 0.2121
44847.9 0.2157
44848.9 0.2199
44848.9 0.2094
44848.9 0.2081
44849.9 0.2131
44849.9 0.2084
44849.9 0.2084
44850.9 0.2042
44850.9 0.2106
44850.9 0.2072
44851.9 0.2024
44851.9 0.2061
44851.9 0.2003
44855.9 0.2113
44855.9 0.2019
44855.9 0.2028
44856.9 0.2062
44856.9 0.2122
44856.9 0.2120
44857.9 0.2134
44857.9 0.2080
44857.9 0.2096
44860.9 0.2053
44860.9 0.2132
44860.9 0.2172
44861.9 0.2245
44861.9 0.2194
44861.9 0.2248
44868.9 0.2195
44868.9 0.2276
44868.9 0.2205
44869.8 0.2377
44869.8 0.2289
44869.8 0.2314
44870.9 0.2244
44870.9 0.2249
44870.9 0.2325
44871.9 0.2264
44871.9 0.2206
44871.9 0.2191
44872.8 0.2184
44872.8 0.2285
44872.8 0.2250
44874.8 0.2248
44874.8 0.2166
44874.8 0.2198
44883.8 0.2134
44883.8 0.2082
44883.8 0.2129
44886.8 0.2104
44886.8 0.2110
44886.8 0.2117
44887.8 0.2076
44887.8 0.2134
44887.8 0.2213
44892.8 0.2083
44892.8 0.2053
44892.8 0.1980
44893.8 0.2129
44893.8 0.2113
44893.8 0.2124
44894.8 0.2225
44894.8 0.2065
44894.8 0.2085
44895.8 0.2121
44895.8 0.2108
44895.8 0.2153
44896.8 0.2087
44896.8 0.2105
44896.8 0.2116
44897.8 0.2173
44897.8 0.2124
44897.8 0.2183
44898.8 0.2217
44898.8 0.2148
44898.8 0.2059
44899.8 0.2206
44899.8 0.2230
44899.8 0.2181
44900.8 0.2155
44900.8 0.2376
44900.8 0.2173
44920.7 0.2092
44920.7 0.2169
44920.7 0.2101
45198 0.2488
45198 0.2514
45198 0.2509
45199 0.2651
45199 0.2539
45199 0.2592
45209 0.2471
45209 0.2369
45209 0.2435
45210.9 0.2426
45210.9 0.2498
45210.9 0.2407
45211.9 0.2380
45211.9 0.2443
45211.9 0.2418
45214.9 0.2243
45214.9 0.2359
45214.9 0.2245
45214.9 0.2380
45214.9 0.2400
45214.9 0.2426
45215.9 0.2425
45215.9 0.2367
45215.9 0.2301
45218.9 0.2440
45218.9 0.2481
45218.9 0.2418
45219.9 0.2552
45219.9 0.2497
45219.9 0.2445
45223.9 0.2593
45223.9 0.2593
45223.9 0.2470
45224.9 0.2654
45224.9 0.2548
45224.9 0.2512
45225.9 0.2448
45225.9 0.2549
45225.9 0.2530
45235.8 0.2481
45235.8 0.2492
45235.8 0.2492
45241.9 0.2407
45241.9 0.2409
45241.9 0.2438
45243.8 0.2483
45243.8 0.2441
45243.8 0.2409
45244.8 0.2677
45244.8 0.2596
45244.8 0.2525
45247.8 0.2560
45247.8 0.2476
45247.8 0.2522
45250.8 0.2562
45250.8 0.2623
45250.8 0.2505
45251.8 0.2575
45251.8 0.2438
45251.8 0.2396
45253.8 0.2636
45253.8 0.2563
45253.8 0.2664
45254.8 0.2565
45254.8 0.2489
45254.8 0.2463
45256.8 0.2535
45256.8 0.2426
45256.8 0.2485
45258.8 0.2555
45258.8 0.2534
45258.8 0.2604
45260.8 0.2614
45260.8 0.2578
45260.8 0.2565
45272.8 0.2621
45272.8 0.2603
45272.8 0.2512
45275.7 0.2596
45275.7 0.2562
45275.7 0.2620
45277.8 0.2582
45277.8 0.2576
45277.8 0.2491
45279.7 0.2635
45279.7 0.2541
45279.7 0.2638
45301.6 0.2756
45301.7 0.2672
45301.7 0.2495
45312.7 0.2351
45312.7 0.2166
45312.7 0.2293
45321.6 0.2497
45321.6 0.2516
45321.6 0.2657
45323.6 0.2518
45323.6 0.2449
45323.6 0.2537
45555 0.2565
45555 0.2696
45555 0.2731
45558 0.2583
45558 0.2612
45558 0.2754
45569 0.2720
45569 0.2524
45569 0.2447
45572.9 0.2422
45572.9 0.2523
45572.9 0.2640
45575 0.2662
45575 0.2588
45575 0.2469
45575.9 0.2565
45575.9 0.2563
45576 0.2608
45579.9 0.2585
45579.9 0.2611
45579.9 0.2609
45582.9 0.2586
45582.9 0.2660
45582.9 0.2641
45585.9 0.2536
45585.9 0.2561
45585.9 0.2491
45588.9 0.2624
45588.9 0.2642
45588.9 0.2686
45590.9 0.2562
45590.9 0.2643
45590.9 0.2620
45592.9 0.2861
45592.9 0.2627
45592.9 0.2691
45626.8 0.2779
45626.8 0.2786
45626.8 0.2738
45633.8 0.2810
45633.8 0.2811
45633.8 0.2863
45635.8 0.2801
45635.8 0.2763
45635.8 0.2737
45652.7 0.2447
45652.7 0.2498
45652.7 0.2501
45654.7 0.2459
45654.7 0.2473
45654.7 0.2523
45655.7 0.2661
45655.7 0.2649
45655.7 0.2547
45662.7 0.2571
45662.7 0.2650
45662.7 0.2613
45666.7 0.2698
45666.7 0.2570
45666.8 0.2649
45684.7 0.2797
45684.7 0.2792
45684.7 0.2769
45688.7 0.2718
45688.7 0.2635
45688.7 0.2689
45705.6 0.2593
45705.7 0.2563
45705.7 0.2563
45706.7 0.2670
45706.7 0.2656
45706.7 0.2628
45707.6 0.2614
45707.6 0.2637
45707.6 0.2701
45711.6 0.2631
45711.7 0.2628
45711.7 0.2543
45714.6 0.2602
45714.7 0.2621
45714.7 0.2655
45717.6 0.2689
45717.6 0.2670
45717.6 0.2809
45725.6 0.2553
45725.7 0.2572
45725.7 0.2540
45735.6 0.2428
45735.6 0.2409
45735.6 0.2411
45736.6 0.2448
45736.6 0.2386
45736.6 0.2376
45888 0.2483
45888 0.2539
45888 0.2473
45906 0.2651
45906 0.2483
45906 0.2511
45908 0.2674
45908 0.2633
45908 0.2584
45913 0.2828
45913 0.2657
45913 0.2536
45918 0.2520
45918 0.2520
45918 0.2552
45918.9 0.2584
45918.9 0.2615
45918.9 0.2623
45919.9 0.2506
45919.9 0.2606
45919.9 0.2593
45929 0.2224
45929 0.2307
45929 0.2284
45933 0.2560
45933 0.2346
45933 0.2310
45934 0.2422
45934 0.2588
45934 0.2516
45935 0.2600
45935 0.2509
45935 0.2433
45935.9 0.2614
45935.9 0.2660
45935.9 0.2581
45936.9 0.2716
45936.9 0.2738
45936.9 0.2591
45937.9 0.2755
45937.9 0.2665
45937.9 0.2830
45938.9 0.2549
45938.9 0.2641
45938.9 0.2625
45941 0.2795
45941 0.2619
45941 0.2750
45943 0.2819
45943 0.2781
45943 0.2912
45943.9 0.2892
45943.9 0.2941
45943.9 0.2848
45945 0.2806
45945 0.2706
45945 0.2789
45949 0.3017
45949 0.2928
45949 0.2924
45950 0.2981
45950 0.2956
45950 0.2850
45950.9 0.2944
45950.9 0.3028
45950.9 0.2964
45951.9 0.2949
45951.9 0.2857
45951.9 0.2885
45959.9 0.2520
45959.9 0.2581
45959.9 0.2554
45964 0.2448
45964 0.2554
45964 0.2464
45965.9 0.2572
45965.9 0.2552
45965.9 0.2431
45969.9 0.2667
45969.9 0.2612
45969.9 0.2708
45971.8 0.2735
45971.8 0.2648
45971.8 0.2628
45972.9 0.2657
45972.9 0.2565
45972.9 0.2620
45976.9 0.2746
45976.9 0.2758
45976.9 0.2771
45983.9 0.2904
45983.9 0.2796
45983.9 0.2741
45984.8 0.2830
45984.8 0.2858
45984.8 0.2767
45987.8 0.2975
45987.8 0.2871
45987.8 0.2875
45996.8 0.2623
45996.8 0.2641
45996.8 0.2650
45998.8 0.2549
45998.8 0.2605
45998.8 0.2531
46001.8 0.2550
46001.8 0.2647
46001.8 0.2753
46016.8 0.2729
46016.8 0.2795
46016.8 0.2874
46019.7 0.2830
46019.7 0.2777
46019.7 0.2790
46020.8 0.2781
46020.8 0.2877
46020.8 0.2841
46023.8 0.2842
46023.8 0.2959
46023.8 0.2784
46024.7 0.2828
46024.7 0.2887
46024.7 0.2863
46028.7 0.2775
46028.7 0.2668
46028.7 0.2714
46031.7 0.2659
46031.7 0.2653
46031.7 0.2616
46058.6 0.2841
46058.6 0.2845
46058.6 0.2933
46068.7 0.2777
46068.7 0.2832
46068.7 0.2633
46070.7 0.2725
46070.7 0.2762
46070.7 0.2762
46087.1 0.2802
46087.1 0.2776
46087.1 0.2849
46285 0.2310
46285 0.2272
46285 0.2365
46288 0.2424
46288 0.2386
46288 0.2298
46291 0.2279
46291 0.2278
46291 0.2363
46294 0.2371
46294 0.2360
46294 0.2414
46296 0.2331
46296 0.2352
46296 0.2335
46298 0.2385
46298 0.2395
46298 0.2359
46300 0.2300
46300 0.2325
46300 0.2322
46301.9 0.2333
46301.9 0.2369
46301.9 0.2345
46305 0.2396
46305 0.2416
46305 0.2383
46321.9 0.2374
46321.9 0.2416
46321.9 0.2366
46324 0.2329
46324 0.2321
46324 0.2407
46328.9 0.2347
46328.9 0.2309
46328.9 0.2319
46331.9 0.2368
46331.9 0.2395
46331.9 0.2403
46334.9 0.2415
46334.9 0.2411
46334.9 0.2397
46338.8 0.2322
46338.8 0.2307
46338.8 0.2223
46340.7 0.2355
46340.7 0.2431
46340.8 0.2343
46358.8 0.2390
46358.8 0.2398
46358.8 0.2332
46361.8 0.2382
46361.8 0.2290
46361.8 0.2348
46364.9 0.2311
46364.9 0.2409
46364.9 0.2319
46368.7 0.2424
46368.7 0.2495
46368.7 0.2386
46371.8 0.2398
46371.8 0.2304
46371.8 0.2270
46374.8 0.2252
46374.8 0.2427
46374.8 0.2337
46376.7 0.2315
46376.7 0.2386
46376.7 0.2325
46384.8 0.2329
46384.8 0.2340
46384.8 0.2494
46387.8 0.2365
46387.8 0.2311
46387.8 0.2364
46389.8 0.2366
46389.8 0.2345
46389.8 0.2278
46391.8 0.2315
46391.8 0.2314
46391.8 0.2266
46396.8 0.2292
46396.8 0.2173
46396.8 0.2286
46406.7 0.2282
46406.7 0.2202
46406.7 0.2277
46411.7 0.2272
46411.7 0.2216
46411.7 0.2206
46414.7 0.2366
46414.7 0.2295
46414.7 0.2274
46418.7 0.2288
46418.7 0.2351
46418.7 0.2369
46420.7 0.2330
46420.7 0.2277
46420.7 0.2301
46423.7 0.2274
46423.7 0.2347
46423.7 0.2281
46426.7 0.2246
46426.7 0.2396
46426.7 0.2271
46444.6 0.2204
46444.6 0.2211
46444.6 0.2231
46449.6 0.2292
46449.6 0.2281
46449.6 0.2250
46451.6 0.2295
46451.6 0.2205
46451.6 0.2301
46660 0.2224
46660 0.2167
46660 0.2120
46664 0.2197
46664 0.2166
46664 0.2169
46670.9 0.2221
46670.9 0.2243
46670.9 0.2249
46673 0.2128
46673 0.2216
46673 0.2225
46674.9 0.2131
46674.9 0.2136
46674.9 0.2085
46677.9 0.2128
46677.9 0.2107
46677.9 0.2225
46679.9 0.2158
46679.9 0.2210
46680 0.2230
46683 0.2090
46683 0.2127
46683 0.2115
46686.9 0.2084
46686.9 0.2143
46686.9 0.2122
46690.9 0.2085
46690.9 0.2094
46690.9 0.2211
46706.9 0.2456
46706.9 0.2248
46706.9 0.2366
46709.9 0.2272
46709.9 0.2270
46709.9 0.2289
46712.9 0.2307
46712.9 0.2299
46712.9 0.2226
46715.9 0.2216
46715.9 0.2244
46715.9 0.2183
46717.9 0.2116
46717.9 0.2159
46717.9 0.2157
46721.9 0.2175
46721.9 0.2238
46721.9 0.2136
46723.8 0.2174
46723.8 0.2164
46723.8 0.2189
46727.8 0.2244
46727.8 0.2232
46727.8 0.2150
46731.8 0.2147
46731.8 0.2178
46731.8 0.2121
46733.8 0.2182
46733.8 0.2112
46733.8 0.2164
46739.8 0.2238
46739.8 0.2188
46739.8 0.2198
46742.8 0.2227
46742.8 0.2198
46742.8 0.2218
46748.8 0.2218
46748.8 0.2268
46748.8 0.2193
46750.8 0.2144
46750.8 0.2150
46750.8 0.2244
46755.8 0.2089
46755.8 0.2154
46755.8 0.2190
46767.7 0.2082
46767.7 0.2114
46767.7 0.2131
46773.7 0.2227
46773.7 0.2246
46773.7 0.2091
46776.7 0.2111
46776.7 0.2245
46776.7 0.2185
46779.7 0.2207
46779.7 0.2195
46779.7 0.2269
46798.6 0.2149
46798.6 0.2238
46798.6 0.2167
46806.6 0.2108
46806.6 0.2166
46806.6 0.2212
46808.6 0.2197
46808.7 0.2155
46808.7 0.2148
46814.6 0.2212
46814.6 0.2232
46814.6 0.2211
46816.6 0.2260
46816.6 0.2309
46816.6 0.2266
47027.9 0.2042
47027.9 0.2013
47027.9 0.2112
47030 0.1967
47030 0.2017
47030 0.1969
47037 0.2038
47037 0.2030
47037 0.2030
47042.9 0.2144
47042.9 0.2154
47042.9 0.2124
47044.9 0.2065
47044.9 0.2133
47044.9 0.2109
47046.9 0.2299
47046.9 0.2296
47046.9 0.2348
47049.9 0.2154
47049.9 0.2128
47049.9 0.2150
47053.9 0.2221
47053.9 0.2091
47053.9 0.2162
47055.9 0.2151
47055.9 0.2172
47055.9 0.2137
47058.9 0.2135
47059 0.2079
47059 0.2029
47060.9 0.2041
47060.9 0.2078
47060.9 0.2043
47070.8 0.2118
47070.8 0.2127
47070.9 0.2075
47074.9 0.2182
47074.9 0.2097
47074.9 0.2195
47076.8 0.2253
47076.8 0.2190
47076.8 0.2335
47078.9 0.2185
47078.9 0.2222
47078.9 0.2216
47083.9 0.2197
47083.9 0.2200
47083.9 0.2130
47086.8 0.2233
47086.8 0.2254
47086.8 0.2204
47088.9 0.2184
47088.9 0.2151
47088.9 0.2093
47107.8 0.2076
47107.8 0.2066
47107.8 0.2035
47109.8 0.2069
47109.8 0.2086
47109.8 0.2037
47114.8 0.2116
47114.8 0.2143
47114.8 0.2158
47118.8 0.2219
47118.8 0.2185
47118.8 0.2154
47122.7 0.2147
47122.7 0.2183
47122.7 0.2102
47124.7 0.2096
47124.7 0.2147
47124.7 0.2047
47127.8 0.2057
47127.8 0.2096
47127.8 0.2071
47130.8 0.2102
47130.8 0.2094
47130.8 0.2141
47139.8 0.2005
47139.8 0.2035
47139.8 0.2003
47141.7 0.2076
47141.7 0.1998
47141.7 0.2026
47149.7 0.2085
47149.7 0.2069
47149.7 0.2113
47167.7 0.2027
47167.7 0.2045
47167.7 0.2052
47172.6 0.2037
47172.6 0.2068
47172.6 0.2077
47183.6 0.1982
47183.6 0.2005
47183.6 0.2029
47196.6 0.2053
47196.6 0.2052
47196.6 0.1991
47406 0.2065
47406 0.2018
47406 0.1992
47421.9 0.1853
47421.9 0.1907
47421.9 0.1891
47426.9 0.1900
47426.9 0.1974
47426.9 0.2020
47431.9 0.1911
47431.9 0.1984
47431.9 0.1921
47433.9 0.1966
47433.9 0.1956
47433.9 0.1931
47435.9 0.2020
47435.9 0.1968
47435.9 0.1932
47447.9 0.1947
47447.9 0.1970
47447.9 0.1979
47450.8 0.1952
47450.8 0.1961
47450.8 0.1960
47457.7 0.1932
47457.7 0.1871
47457.7 0.1927
47460.8 0.1887
47460.8 0.1950
47460.8 0.1930
47462.8 0.1917
47462.8 0.1958
47462.8 0.1853
47465.8 0.1913
47465.8 0.1919
47465.8 0.1957
47467.8 0.1931
47467.8 0.1897
47467.8 0.2008
47477.7 0.1947
47477.7 0.2033
47477.7 0.2013
47478.7 0.1989
47478.7 0.2047
47478.7 0.2023
47482.7 0.1981
47482.7 0.2010
47482.7 0.1926
47486.7 0.1916
47486.7 0.1942
47486.7 0.1896
47492.7 0.1963
47492.7 0.1983
47492.7 0.1899
47495.7 0.1879
47495.7 0.1929
47495.7 0.1951
47497.7 0.1932
47497.7 0.1860
47497.7 0.1848
47500.7 0.1882
47500.7 0.1901
47500.7 0.1894
47508.6 0.1986
47508.6 0.1984
47508.6 0.1927
47519.6 0.1995
47519.6 0.1913
47519.7 0.2008
47526.7 0.2011
47526.7 0.2004
47526.7 0.2078
47529.6 0.1977
47529.6 0.1919
47529.6 0.2028
47541.6 0.1891
47541.6 0.2019
47541.6 0.2002
47543.6 0.1971
47543.6 0.1934
47543.6 0.1892
47771.9 0.2062
47771.9 0.1956
47771.9 0.2047
47776 0.2000
47776 0.2022
47776 0.2012
47777.9 0.2023
47777.9 0.1986
47777.9 0.2065
47780 0.2012
47780 0.2043
47780 0.2053
47783 0.2057
47783 0.2047
47783 0.2017
47789.9 0.2062
47789.9 0.2097
47789.9 0.2128
47803.9 0.1979
47803.9 0.2025
47803.9 0.2000
47806.9 0.2034
47806.9 0.2039
47806.9 0.1963
47808.9 0.2051
47808.9 0.2015
47808.9 0.2070
47818.8 0.1964
47818.8 0.1948
47818.8 0.1971
47832.8 0.2038
47832.8 0.1985
47832.8 0.1990
47837.8 0.2004
47837.8 0.2094
47837.8 0.2035
47839.8 0.1952
47839.8 0.1984
47839.8 0.2011
47844.7 0.2051
47844.7 0.2013
47844.8 0.2020
47847.7 0.2048
47847.7 0.1983
47847.7 0.2035
47850.7 0.1991
47850.7 0.1997
47850.7 0.1958
47862.7 0.1990
47862.7 0.2056
47862.7 0.1972
47866.7 0.2044
47866.7 0.1985
47866.7 0.2003
47870.7 0.1945
47870.7 0.2016
47870.7 0.1986
47873.7 0.2028
47873.7 0.1958
47873.7 0.1984
47878.7 0.1951
47878.7 0.1970
47878.7 0.1989
47896.6 0.1990
47896.6 0.1963
47896.6 0.1942
48123 0.2027
48123 0.2060
48123 0.2061
48127 0.2147
48127 0.2098
48127 0.2105
48131 0.2136
48131 0.2084
48131 0.2080
48134 0.2133
48134 0.2010
48134 0.2035
48137 0.2009
48137 0.2033
48137 0.2015
48149.9 0.2147
48149.9 0.2122
48149.9 0.2066
48151.9 0.2100
48151.9 0.2125
48151.9 0.2095
48154.9 0.2102
48154.9 0.2121
48154.9 0.2109
48159.9 0.2181
48159.9 0.2070
48159.9 0.2108
48162.9 0.2069
48162.9 0.2144
48162.9 0.2121
48166.9 0.2194
48166.9 0.2173
48166.9 0.2120
48186.8 0.2104
48186.8 0.2170
48186.8 0.2143
48192.8 0.2143
48192.8 0.2151
48192.8 0.2141
48194.8 0.2236
48194.8 0.2114
48194.8 0.2163
48210.8 0.2095
48210.8 0.2170
48210.8 0.2136
48214.7 0.2036
48214.7 0.2101
48214.7 0.2053
48217.7 0.2065
48217.7 0.2107
48217.7 0.2022
48219.7 0.2076
48219.7 0.2107
48219.7 0.2068
48224.7 0.2142
48224.7 0.2065
48224.7 0.2082
48227.7 0.2107
48227.7 0.2130
48227.7 0.2108
48242.7 0.2168
48242.7 0.2160
48242.7 0.2230
48252.7 0.2118
48252.7 0.2130
48252.7 0.2062
48493 0.2388
48493 0.2322
48493 0.2327
48501 0.2347
48501 0.2310
48501 0.2284
48550.8 0.2276
48550.8 0.2376
48550.8 0.2335
48597.7 0.2561
48597.7 0.2466
48597.7 0.2370
48597.7 0.2507
48597.7 0.2408
48597.7 0.2476
48617.7 0.2223
48617.7 0.2149
48617.7 0.2225
48637.6 0.2505
48637.7 0.2436
48637.7 0.2442
48638.6 0.2473
48638.6 0.2493
48638.6 0.2384
48639.6 0.2321
48639.6 0.2367
48639.6 0.2415
48641.6 0.2491
48641.6 0.2532
48641.6 0.2394
48642.6 0.2401
48642.6 0.2340
48642.6 0.2385
48643.6 0.2375
48643.6 0.2387
48643.6 0.2400
48645.6 0.2387
48645.6 0.2320
48645.6 0.2319
48646.6 0.2310
48646.6 0.2254
48646.6 0.2361
48649.6 0.2313
48649.6 0.2230
48649.6 0.2246
48870 0.2496
48870 0.2525
48870 0.2522
48871.9 0.2535
48871.9 0.2513
48871.9 0.2561
48876.9 0.2577
48876.9 0.2590
48876.9 0.2590
48877.9 0.2558
48877.9 0.2566
48877.9 0.2581
48881.9 0.2653
48881.9 0.2625
48881.9 0.2611
48885.9 0.2617
48885.9 0.2588
48885.9 0.2549
48889.9 0.2536
48889.9 0.2603
48889.9 0.2560
48892.9 0.2561
48892.9 0.2421
48892.9 0.2477
48895.9 0.2427
48895.9 0.2485
48895.9 0.2550
48897.9 0.2392
48897.9 0.2423
48897.9 0.2449
48902.9 0.2465
48902.9 0.2452
48902.9 0.2447
48904.8 0.2547
48904.8 0.2497
48904.8 0.2519
48908.8 0.2500
48908.8 0.2601
48908.8 0.2555
48910.9 0.2496
48910.9 0.2576
48910.9 0.2594
48915.8 0.2652
48915.8 0.2614
48915.8 0.2602
48928.8 0.2473
48928.8 0.2520
48928.8 0.2511
48938.8 0.2524
48938.8 0.2460
48938.8 0.2441
48940.8 0.2449
48940.8 0.2455
48940.8 0.2447
48945.8 0.2405
48945.8 0.2380
48945.8 0.2453
48948.8 0.2432
48948.8 0.2437
48948.8 0.2448
48954.7 0.2624
48954.7 0.2562
48954.7 0.2602
48958.7 0.2651
48958.7 0.2640
48958.7 0.2667
48967.7 0.2508
48967.7 0.2576
48967.7 0.2565
48971.7 0.2546
48971.7 0.2495
48971.7 0.2497
48973.7 0.2401
48973.7 0.2417
48973.7 0.2409
48976.7 0.2510
48976.7 0.2442
48976.7 0.2477
48978.7 0.2420
48978.7 0.2410
48978.7 0.2387
48999.6 0.2562
48999.6 0.2568
48999.6 0.2529
49249 0.2375
49249 0.2340
49249 0.2331
49251.9 0.2379
49251.9 0.2461
49251.9 0.2336
49255.9 0.2443
49255.9 0.2479
49255.9 0.2510
49258.9 0.2430
49258.9 0.2571
49258.9 0.2601
49262.9 0.2612
49262.9 0.2612
49262.9 0.2645
49265.8 0.2649
49265.8 0.2571
49265.9 0.2689
49267.8 0.2620
49267.8 0.2736
49267.9 0.2652
49270.8 0.2631
49270.8 0.2629
49270.8 0.2704
49273.8 0.2648
49273.8 0.2680
49273.8 0.2565
49279.8 0.2604
49279.8 0.2637
49279.8 0.2572
49284.8 0.2382
49284.8 0.2376
49284.8 0.2452
49294.8 0.2468
49294.8 0.2474
49294.8 0.2423
49296.8 0.2503
49296.8 0.2539
49296.8 0.2586
49299.7 0.2527
49299.7 0.2529
49299.7 0.2530
49307.7 0.2556
49307.7 0.2653
49307.7 0.2508
49309.7 0.2675
49309.7 0.2591
49309.7 0.2625
49318.7 0.2545
49318.7 0.2628
49318.7 0.2623
49324.7 0.2485
49324.7 0.2425
49324.7 0.2477
49327.6 0.2465
49327.6 0.2431
49327.7 0.2457
49329.7 0.2563
49329.7 0.2499
49329.7 0.2499
49332.7 0.2511
49332.7 0.2529
49332.7 0.2528
49335.7 0.2492
49335.7 0.2545
49335.7 0.2573
49337.7 0.2471
49337.7 0.2440
49337.7 0.2499
49342.6 0.2513
49342.6 0.2594
49342.6 0.2511
49344.6 0.2587
49344.6 0.2515
49344.6 0.2456
49360.6 0.2448
49360.6 0.2505
49360.6 0.2505
49363.6 0.2520
49363.6 0.2475
49363.6 0.2496
49368.6 0.2451
49368.6 0.2449
49368.6 0.2435
49581.9 0.2353
49581.9 0.2396
49581.9 0.2309
49599.9 0.2698
49599.9 0.2771
49599.9 0.2733
49601.9 0.2689
49601.9 0.2711
49601.9 0.2775
49606.9 0.2591
49606.9 0.2511
49606.9 0.2652
49609.9 0.2511
49609.9 0.2459
49609.9 0.2426
49611.9 0.2491
49611.9 0.2346
49611.9 0.2398
49614.9 0.2400
49614.9 0.2439
49614.9 0.2487
49617.8 0.2458
49617.8 0.2495
49617.8 0.2572
49620.9 0.2488
49620.9 0.2554
49620.9 0.2461
49622.8 0.2458
49622.8 0.2446
49622.8 0.2485
49628.8 0.2454
49628.8 0.2405
49628.8 0.2452
49632.8 0.2473
49632.8 0.2531
49632.8 0.2584
49634.8 0.2650
49634.8 0.2546
49634.8 0.2388
49636.8 0.2581
49636.8 0.2599
49636.8 0.2502
49641.8 0.2569
49641.8 0.2533
49641.8 0.2631
49646.8 0.2466
49646.8 0.2444
49646.8 0.2345
49648.8 0.2394
49648.8 0.2415
49648.8 0.2440
49650.8 0.2453
49650.8 0.2412
49650.8 0.2464
49652.8 0.2395
49652.8 0.2398
49652.8 0.2420
49654.7 0.2478
49654.8 0.2422
49654.8 0.2444
49656.8 0.2475
49656.8 0.2412
49656.8 0.2445
49658.8 0.2354
49658.8 0.2502
49658.8 0.2411
49660.7 0.2455
49660.7 0.2512
49660.7 0.2499
49663.7 0.2290
49663.7 0.2359
49663.7 0.2384
49668.8 0.2296
49668.8 0.2331
49668.8 0.2468
49670.8 0.2400
49670.8 0.2384
49670.8 0.2348
49676.7 0.2387
49676.7 0.2432
49676.7 0.2407
49679.7 0.2457
49679.7 0.2308
49679.7 0.2415
49685.7 0.2483
49685.7 0.2478
49685.7 0.2426
49687.7 0.2485
49687.7 0.2390
49687.7 0.2468
49690.7 0.2412
49690.7 0.2425
49690.7 0.2475
49694.7 0.2404
49694.7 0.2343
49694.7 0.2253
49696.7 0.2315
49696.7 0.2292
49696.7 0.2393
49702.6 0.2357
49702.7 0.2340
49702.7 0.2371
49704.7 0.2295
49704.7 0.2329
49704.7 0.2319
49707.7 0.2275
49707.7 0.2328
49707.7 0.2315
49714.6 0.2403
49714.6 0.2352
49714.6 0.2385
49719.6 0.2421
49719.6 0.2480
49719.6 0.2394
49730.6 0.2431
49730.6 0.2403
49730.6 0.2461
49735.6 0.2277
49735.6 0.2349
49735.6 0.2333
