2445000.00000 -4.93712
2445080.56985 -29.18257
2445161.13971 3.71174
2445402.84926 -16.53619
2445483.41912 -6.72117
2445805.69853 -15.91857
2445886.26838 15.56667
2446127.97794 10.67385
2446208.54779 -4.32609
2446530.82721 2.98363
2446611.39706 13.46715
2446853.10662 33.75057
2446933.67647 -6.35193
2447255.95588 9.06163
2447336.52574 -8.80224
2447578.23529 9.88232
2447658.80515 -12.79864
2447981.08456 5.35345
2448061.65441 -32.15264
2448303.36397 -10.53607
2448383.93382 -8.13016
2448464.50368 -24.67003
2448706.21324 7.89645
2448786.78309 -15.29702
2449028.49265 -12.32909
2449109.06250 18.10891
2449189.63235 -13.97487
2449431.34191 10.78294
2449511.91176 16.93585
2449753.62132 -5.16048
2449834.19118 28.62656
2449914.76103 1.69055
2450156.47059 -0.23499
2450237.04044 23.31196
2450478.75000 -8.17750
2450559.31985 5.56437
2450639.88971 2.32727
2450881.59926 -24.70498
2450962.16912 7.77943
2451284.44853 -22.15647
2451365.01838 2.21079
2451606.72794 -25.42829
2451687.29779 -6.30969
2452009.57721 -20.34330
2452090.14706 15.44498
2452331.85662 6.14178
2452412.42647 -3.46779
2452734.70588 -0.86449
2452815.27574 17.59041
2453056.98529 27.92394
2453137.55515 -5.19575
2453459.83456 7.77114
2453540.40441 -2.36003
2453782.11397 17.50043
2453862.68382 -14.95031
2453943.25368 2.07233
2454184.96324 4.76884
2454265.53309 -20.35322
2454507.24265 -5.28764
2454587.81250 -11.43000
2454668.38235 -17.08859
2454910.09191 6.79428
2454990.66176 -21.64360
2455232.37132 -9.17567
2455312.94118 11.54675
2455393.51103 -16.28957
2455635.22059 14.50835
2455715.79044 9.15400
2455957.50000 -4.34578
