2445000.00000 6.51856
2445080.56985 4.93195
2445161.13971 1.54773
2445402.84926 8.54454
2445483.41912 5.78553
2445805.69853 12.21022
2445886.26838 9.49723
2446127.97794 9.86847
2446208.54779 19.10285
2446530.82721 11.11531
2446611.39706 19.63933
2446853.10662 12.03479
2446933.67647 11.52311
2447255.95588 5.22501
2447336.52574 7.05147
2447578.23529 9.60844
2447658.80515 1.07326
2447981.08456 7.68182
2448061.65441 1.40478
2448303.36397 6.86679
2448383.93382 13.42347
2448464.50368 7.04504
2448706.21324 9.91981
2448786.78309 16.42932
2449028.49265 9.66070
2449109.06250 16.38778
2449189.63235 16.47719
2449431.34191 8.35494
2449511.91176 13.40330
2449753.62132 13.94507
2449834.19118 3.83486
2449914.76103 12.56400
2450156.47059 8.28041
2450237.04044 0.86919
2450478.75000 6.37587
2450559.31985 5.23319
2450639.88971 1.76735
2450881.59926 10.14965
2450962.16912 7.80719
2451284.44853 18.01083
2451365.01838 11.58367
2451606.72794 12.67870
2451687.29779 19.77024
2452009.57721 11.14957
2452090.14706 17.03346
2452331.85662 9.86424
2452412.42647 7.65884
2452734.70588 3.36755
2452815.27574 5.46053
2453056.98529 9.35391
2453137.55515 1.43319
2453459.83456 11.90090
2453540.40441 3.65290
2453782.11397 8.11999
2453862.68382 16.51971
2453943.25368 7.76786
2454184.96324 13.43666
2454265.53309 19.72993
2454507.24265 9.17778
2454587.81250 12.69910
2454668.38235 15.04842
2454910.09191 7.44179
2454990.66176 12.33707
2455232.37132 13.35393
2455312.94118 1.72256
2455393.51103 9.29703
2455635.22059 7.20636
2455715.79044 0.19236
2455957.50000 6.55600
