2445000.00000 80.02248
2445080.56985 82.07373
2445161.13971 11.11211
2445402.84926 32.65804
2445483.41912 64.23685
2445805.69853 126.56615
2445886.26838 91.11536
2446127.97794 110.98867
2446208.54779 58.12958
2446530.82721 85.48538
2446611.39706 162.39146
2446853.10662 155.95435
2446933.67647 102.21718
2447255.95588 47.10837
2447336.52574 94.19427
2447578.23529 50.26515
2447658.80515 121.41227
2447981.08456 53.97320
2448061.65441 6.26315
2448303.36397 5.97912
2448383.93382 52.73830
2448464.50368 102.25854
2448706.21324 125.33720
2448786.78309 47.57856
2449028.49265 84.26919
2449109.06250 16.52093
2449189.63235 92.54336
2449431.34191 71.97614
2449511.91176 131.27006
2449753.62132 142.30129
2449834.19118 115.30562
2449914.76103 63.40879
2450156.47059 67.88574
2450237.04044 114.20064
2450478.75000 94.25278
2450559.31985 155.26939
2450639.88971 87.15658
2450881.59926 90.67887
2450962.16912 48.39859
2451284.44853 95.34489
2451365.01838 140.92123
2451606.72794 112.55728
2451687.29779 45.95598
2452009.57721 5.09452
2452090.14706 70.95513
2452331.85662 51.45198
2452412.42647 95.20296
2452734.70588 53.20456
2452815.27574 21.01281
2453056.98529 29.03789
2453137.55515 115.59863
2453459.83456 130.62998
2453540.40441 68.78949
2453782.11397 82.73837
2453862.68382 65.82712
2453943.25368 142.51312
2454184.96324 114.68792
2454265.53309 134.09790
2454507.24265 168.40394
2454587.81250 72.12482
2454668.38235 53.18233
2454910.09191 39.37752
2454990.66176 106.66077
2455232.37132 85.76190
2455312.94118 114.85289
2455393.51103 27.06718
2455635.22059 42.75410
2455715.79044 27.48124
2455957.50000 11.31278
