2445000.00000 -4.12326
2445080.56985 -5.86156
2445161.13971 -4.94755
2445402.84926 -1.98889
2445483.41912 -2.09011
2445805.69853 -8.86607
2445886.26838 -8.41443
2446127.97794 -1.96544
2446208.54779 -1.85705
2446530.82721 -5.94559
2446611.39706 -3.12696
2446853.10662 3.45123
2446933.67647 3.64922
2447255.95588 1.30939
2447336.52574 3.36253
2447578.23529 7.81866
2447658.80515 7.92177
2447981.08456 3.10575
2448061.65441 5.00243
2448303.36397 6.25703
2448383.93382 4.66490
2448464.50368 2.16372
2448706.21324 -1.36954
2448786.78309 -0.07127
2449028.49265 0.44788
2449109.06250 -1.74370
2449189.63235 -5.40771
2449431.34191 -5.71630
2449511.91176 -4.94987
2449753.62132 -4.34490
2449834.19118 -5.00690
2449914.76103 -7.09370
2450156.47059 -6.92852
2450237.04044 -3.59008
2450478.75000 -0.85765
2450559.31985 -2.66513
2450639.88971 -3.47123
2450881.59926 0.11582
2450962.16912 3.02481
2451284.44853 3.53770
2451365.01838 2.05177
2451606.72794 5.51892
2451687.29779 7.64059
2452009.57721 4.02876
2452090.14706 2.45499
2452331.85662 4.78199
2452412.42647 5.83318
2452734.70588 -1.23270
2452815.27574 -2.94538
2453056.98529 -1.35459
2453137.55515 -0.43174
2453459.83456 -7.23415
2453540.40441 -9.06986
2453782.11397 -4.65019
2453862.68382 -3.39434
2453943.25368 -2.57573
2454184.96324 -6.89722
2454265.53309 -7.92773
2454507.24265 -0.80446
2454587.81250 1.17064
2454668.38235 1.71096
2454910.09191 -1.49611
2454990.66176 -1.36920
2455232.37132 5.25726
2455312.94118 8.55077
2455393.51103 7.90688
2455635.22059 2.97367
2455715.79044 2.89530
2455957.50000 7.98180
