2445000.00000 7.74758
2445080.56985 4.96951
2445161.13971 7.81154
2445402.84926 4.03867
2445483.41912 5.25589
2445805.69853 4.72418
2445886.26838 1.44884
2446127.97794 4.10525
2446208.54779 1.97730
2446530.82721 4.08422
2446611.39706 5.19290
2446853.10662 6.35868
2446933.67647 5.46496
2447255.95588 3.94195
2447336.52574 7.25100
2447578.23529 2.15156
2447658.80515 4.84412
2447981.08456 4.17163
2448061.65441 1.34437
2448303.36397 5.07635
2448383.93382 3.52987
2448464.50368 5.25166
2448706.21324 4.28835
2448786.78309 5.51530
2449028.49265 7.53778
2449109.06250 4.37234
2449189.63235 6.71163
2449431.34191 2.23129
2449511.91176 5.52800
2449753.62132 0.71576
2449834.19118 3.99165
2449914.76103 0.85077
2450156.47059 5.55978
2450237.04044 3.04917
2450478.75000 6.80916
2450559.31985 4.40842
2450639.88971 6.84320
2450881.59926 6.81340
2450962.16912 5.68860
2451284.44853 2.73056
2451365.01838 4.94335
2451606.72794 0.56582
2451687.29779 4.22608
2452009.57721 5.64071
2452090.14706 2.05755
2452331.85662 5.10973
2452412.42647 5.60996
2452734.70588 5.99321
2452815.27574 6.26913
2453056.98529 6.67670
2453137.55515 3.55117
2453459.83456 0.94545
2453540.40441 4.80063
2453782.11397 0.48482
2453862.68382 4.99064
2453943.25368 1.22079
2454184.96324 6.43424
2454265.53309 3.65813
2454507.24265 7.76764
2454587.81250 4.67635
2454668.38235 6.34108
2454910.09191 5.79037
2454990.66176 4.23589
2455232.37132 4.05007
2455312.94118 1.32666
2455393.51103 3.97546
2455635.22059 0.29160
2455715.79044 5.51995
2455957.50000 2.15451
