2445000.00000 0.37563
2445080.56985 -0.37819
2445161.13971 -1.22169
2445402.84926 -3.04360
2445483.41912 -2.63490
2445805.69853 -2.02347
2445886.26838 -0.98534
2446127.97794 0.57732
2446208.54779 1.23492
2446530.82721 1.57020
2446611.39706 1.15306
2446853.10662 0.22837
2446933.67647 -0.05867
2447255.95588 -0.13160
2447336.52574 0.12590
2447578.23529 1.30977
2447658.80515 1.30850
2447981.08456 0.93629
2448061.65441 0.55302
2448303.36397 -1.10773
2448383.93382 -1.33027
2448464.50368 -1.93274
2448706.21324 -2.97818
2448786.78309 -2.84372
2449028.49265 -1.26261
2449109.06250 -0.51000
2449189.63235 0.27989
2449431.34191 2.54133
2449511.91176 3.32908
2449753.62132 3.59038
2449834.19118 3.11191
2449914.76103 2.28810
2450156.47059 0.06670
2450237.04044 -0.54856
2450478.75000 -1.78225
2450559.31985 -1.66120
2450639.88971 -1.49623
2450881.59926 -0.63200
2450962.16912 -0.43054
2451284.44853 0.32841
2451365.01838 0.19573
2451606.72794 -0.62283
2451687.29779 -0.96049
2452009.57721 -1.59475
2452090.14706 -1.24605
2452331.85662 0.36157
2452412.42647 0.95858
2452734.70588 3.15305
2452815.27574 3.14871
2453056.98529 2.55075
2453137.55515 1.42838
2453459.83456 -2.35489
2453540.40441 -2.49117
2453782.11397 -3.33121
2453862.68382 -3.31660
2453943.25368 -2.25873
2454184.96324 -1.04030
2454265.53309 -0.21308
2454507.24265 1.48810
2454587.81250 1.69921
2454668.38235 1.81572
2454910.09191 1.41889
2454990.66176 0.89428
2455232.37132 -0.15409
2455312.94118 -0.38092
2455393.51103 -0.34557
2455635.22059 0.20495
2455715.79044 0.55179
2455957.50000 1.31317
