2445000.00000 15.00021
2445080.56985 13.07390
2445161.13971 26.26622
2445402.84926 31.77687
2445483.41912 48.71253
2445805.69853 51.15105
2445886.26838 42.28872
2446127.97794 62.14887
2446208.54779 34.12683
2446530.82721 22.26139
2446611.39706 17.83584
2446853.10662 8.15595
2446933.67647 7.07573
2447255.95588 10.72618
2447336.52574 25.15648
2447578.23529 21.55052
2447658.80515 36.61254
2447981.08456 50.56916
2448061.65441 45.60614
2448303.36397 48.15497
2448383.93382 33.72526
2448464.50368 46.29413
2448706.21324 25.41625
2448786.78309 31.94757
2449028.49265 15.31992
2449109.06250 20.49820
2449189.63235 27.88701
2449431.34191 14.48686
2449511.91176 20.59416
2449753.62132 18.95974
2449834.19118 22.62610
2449914.76103 11.88421
2450156.47059 33.76185
2450237.04044 27.76076
2450478.75000 41.55103
2450559.31985 32.88842
2450639.88971 47.25208
2450881.59926 38.79789
2450962.16912 50.13762
2451284.44853 37.60637
2451365.01838 38.63846
2451606.72794 28.02737
2451687.29779 17.36476
2452009.57721 12.10178
2452090.14706 1.43740
2452331.85662 14.34485
2452412.42647 11.27919
2452734.70588 24.91742
2452815.27574 53.64586
2453056.98529 35.87491
2453137.55515 48.58566
2453459.83456 62.45189
2453540.40441 37.02022
2453782.11397 47.30409
2453862.68382 24.21160
2453943.25368 14.15722
2454184.96324 7.90953
2454265.53309 3.58968
2454507.24265 2.12851
2454587.81250 5.12187
2454668.38235 17.47414
2454910.09191 21.27993
2454990.66176 36.27437
2455232.37132 35.67011
2455312.94118 54.45334
2455393.51103 50.19802
2455635.22059 53.44732
2455715.79044 38.28155
2455957.50000 45.95866
