2445000.00000 3.85282
2445080.56985 1.09549
2445161.13971 3.49089
2445402.84926 -2.17646
2445483.41912 3.02579
2445805.69853 1.83032
2445886.26838 -6.39157
2446127.97794 0.03920
2446208.54779 -5.10463
2446530.82721 -1.73461
2446611.39706 -0.40522
2446853.10662 2.98247
2446933.67647 -0.13575
2447255.95588 -0.66897
2447336.52574 7.02703
2447578.23529 -1.79626
2447658.80515 5.20010
2447981.08456 1.22601
2448061.65441 -4.20791
2448303.36397 -2.62773
2448383.93382 -2.56544
2448464.50368 -3.58966
2448706.21324 0.19175
2448786.78309 -4.03918
2449028.49265 3.84648
2449109.06250 -2.97271
2449189.63235 5.00468
2449431.34191 -1.10058
2449511.91176 5.98550
2449753.62132 0.17617
2449834.19118 4.71200
2449914.76103 0.29600
2450156.47059 -0.27623
2450237.04044 0.01663
2450478.75000 -5.20335
2450559.31985 0.06355
2450639.88971 -6.66403
2450881.59926 1.30016
2450962.16912 -7.60360
2451284.44853 -3.30405
2451365.01838 4.07676
2451606.72794 0.35179
2451687.29779 4.47210
2452009.57721 2.35149
2452090.14706 4.32506
2452331.85662 -1.65125
2452412.42647 4.59482
2452734.70588 2.36985
2452815.27574 -7.71906
2453056.98529 0.62254
2453137.55515 -8.15132
2453459.83456 -3.45838
2453540.40441 0.09605
2453782.11397 2.99002
2453862.68382 0.36520
2453943.25368 5.92462
2454184.96324 -0.33213
2454265.53309 8.23316
2454507.24265 -2.37660
2454587.81250 6.82401
2454668.38235 -3.94634
2454910.09191 2.52245
2454990.66176 -4.80710
2455232.37132 -2.52409
2455312.94118 -4.93472
2455393.51103 -3.30025
2455635.22059 -0.79636
2455715.79044 -5.51358
2455957.50000 4.35359
