2445000.00000 -3.52992
2445080.56985 -3.76561
2445161.13971 -2.40113
2445402.84926 5.58447
2445483.41912 7.93771
2445805.69853 7.94968
2445886.26838 4.80251
2446127.97794 -5.86406
2446208.54779 -8.92607
2446530.82721 -6.36218
2446611.39706 -3.98911
2446853.10662 3.24133
2446933.67647 3.58370
2447255.95588 -1.40715
2447336.52574 -3.28731
2447578.23529 -3.88504
2447658.80515 -2.14164
2447981.08456 11.05955
2448061.65441 10.70635
2448303.36397 7.22362
2448383.93382 4.87982
2448464.50368 1.31862
2448706.21324 -7.10835
2448786.78309 -7.36323
2449028.49265 -6.22933
2449109.06250 -3.42152
2449189.63235 -1.12373
2449431.34191 3.28547
2449511.91176 2.03066
2449753.62132 -3.03278
2449834.19118 -4.20776
2449914.76103 -6.06373
2450156.47059 -2.45438
2450237.04044 0.44600
2450478.75000 7.65950
2450559.31985 10.97155
2450639.88971 11.37555
2450881.59926 4.82879
2450962.16912 1.44352
2451284.44853 -8.98557
2451365.01838 -7.52191
2451606.72794 -2.40803
2451687.29779 -0.43409
2452009.57721 1.30967
2452090.14706 -0.24114
2452331.85662 -6.53634
2452412.42647 -5.88368
2452734.70588 0.38160
2452815.27574 4.02292
2453056.98529 10.54180
2453137.55515 8.70728
2453459.83456 1.76480
2453540.40441 -1.52767
2453782.11397 -6.43339
2453862.68382 -6.56750
2453943.25368 -6.12089
2454184.96324 0.37045
2454265.53309 1.53280
2454507.24265 0.69658
2454587.81250 -1.16276
2454668.38235 -3.84712
2454910.09191 -7.42972
2454990.66176 -6.98570
2455232.37132 0.19131
2455312.94118 3.53804
2455393.51103 6.74097
2455635.22059 11.05698
2455715.79044 9.53537
2455957.50000 1.89326
