2445000.00000 36.06448
2445080.56985 16.22669
2445161.13971 30.92032
2445402.84926 52.25685
2445483.41912 23.55727
2445805.69853 36.02638
2445886.26838 29.26549
2446127.97794 12.22908
2446208.54779 33.30025
2446530.82721 4.11618
2446611.39706 19.36696
2446853.10662 21.09108
2446933.67647 2.92918
2447255.95588 30.69366
2447336.52574 10.56367
2447578.23529 7.79870
2447658.80515 28.49195
2447981.08456 16.58308
2448061.65441 30.70915
2448303.36397 45.88460
2448383.93382 22.44864
2448464.50368 36.10745
2448706.21324 32.70094
2448786.78309 20.75325
2449028.49265 9.80905
2449109.06250 32.67100
2449189.63235 17.62425
2449431.34191 4.15929
2449511.91176 20.82391
2449753.62132 22.49909
2449834.19118 3.74170
2449914.76103 22.07144
2450156.47059 27.42253
2450237.04044 11.80905
2450478.75000 15.48127
2450559.31985 35.90888
2450639.88971 24.82284
2450881.59926 19.90391
2450962.16912 39.86462
2451284.44853 21.67500
2451365.01838 36.37671
2451606.72794 33.26686
2451687.29779 19.10947
2452009.57721 26.83305
2452090.14706 13.03342
2452331.85662 5.14090
2452412.42647 21.11427
2452734.70588 7.44132
2452815.27574 19.33769
2453056.98529 27.54482
2453137.55515 12.54232
2453459.83456 37.53594
2453540.40441 25.26607
2453782.11397 18.80046
2453862.68382 33.81923
2453943.25368 23.58626
2454184.96324 19.76076
2454265.53309 25.34537
2454507.24265 33.31974
2454587.81250 15.95987
2454668.38235 22.28285
2454910.09191 23.35555
2454990.66176 11.78303
2455232.37132 6.01104
2455312.94118 24.09099
2455393.51103 13.98171
2455635.22059 9.39567
2455715.79044 22.50124
2455957.50000 28.65855
