2445000.00000 -4.97998
2445080.56985 -4.23213
2445161.13971 -4.97913
2445402.84926 -2.70958
2445483.41912 -1.82813
2445805.69853 -0.51509
2445886.26838 -0.63730
2446127.97794 -2.08406
2446208.54779 -2.49416
2446530.82721 -2.52389
2446611.39706 -1.60696
2446853.10662 1.29792
2446933.67647 2.11065
2447255.95588 2.41919
2447336.52574 2.21183
2447578.23529 0.57828
2447658.80515 0.29594
2447981.08456 1.83454
2448061.65441 2.86980
2448303.36397 4.47398
2448383.93382 5.60983
2448464.50368 5.61108
2448706.21324 3.69828
2448786.78309 3.26844
2449028.49265 0.95298
2449109.06250 0.77428
2449189.63235 0.94948
2449431.34191 2.80118
2449511.91176 2.99810
2449753.62132 4.31224
2449834.19118 3.71905
2449914.76103 2.67264
2450156.47059 -0.09043
2450237.04044 -1.18904
2450478.75000 -2.68284
2450559.31985 -2.66300
2450639.88971 -2.30763
2450881.59926 -0.58970
2450962.16912 -0.12815
2451284.44853 -1.07237
2451365.01838 -2.10628
2451606.72794 -5.06490
2451687.29779 -5.11674
2452009.57721 -5.05792
2452090.14706 -4.57792
2452331.85662 -1.58761
2452412.42647 -1.33949
2452734.70588 -2.78322
2452815.27574 -3.75706
2453056.98529 -4.84272
2453137.55515 -5.31681
2453459.83456 -1.67131
2453540.40441 -0.24443
2453782.11397 2.08429
2453862.68382 2.73652
2453943.25368 2.15974
2454184.96324 0.83107
2454265.53309 -0.01844
2454507.24265 -0.44385
2454587.81250 0.17107
2454668.38235 1.04289
2454910.09191 4.48954
2454990.66176 5.82025
2455232.37132 6.63882
2455312.94118 8.23344
2455393.51103 5.71416
2455635.22059 2.61384
2455715.79044 2.38099
2455957.50000 1.89417
