2445000.00000 6.70481
2445080.56985 34.05946
2445161.13971 20.00842
2445402.84926 13.22767
2445483.41912 22.57197
2445805.69853 33.19130
2445886.26838 16.64459
2446127.97794 26.24818
2446208.54779 46.35478
2446530.82721 17.60120
2446611.39706 42.75082
2446853.10662 37.82225
2446933.67647 25.91696
2447255.95588 18.93826
2447336.52574 35.97462
2447578.23529 23.05381
2447658.80515 3.45074
2447981.08456 20.27235
2448061.65441 5.77388
2448303.36397 0.78810
2448383.93382 19.74687
2448464.50368 17.79792
2448706.21324 15.29249
2448786.78309 8.45261
2449028.49265 15.98517
2449109.06250 38.29047
2449189.63235 9.42784
2449431.34191 12.89964
2449511.91176 31.53708
2449753.62132 47.16223
2449834.19118 20.37830
2449914.76103 23.76476
2450156.47059 38.25575
2450237.04044 35.13057
2450478.75000 27.41323
2450559.31985 18.57437
2450639.88971 49.93952
2450881.59926 41.25833
2450962.16912 16.13165
2451284.44853 29.44151
2451365.01838 17.53413
2451606.72794 11.09647
2451687.29779 15.34676
2452009.57721 19.72873
2452090.14706 3.05429
2452331.85662 6.86964
2452412.42647 25.46459
2452734.70588 6.50015
2452815.27574 19.49427
2453056.98529 27.09212
2453137.55515 18.12915
2453459.83456 16.66324
2453540.40441 28.66247
2453782.11397 35.30636
2453862.68382 19.73346
2453943.25368 38.55136
2454184.96324 40.22836
2454265.53309 22.36145
2454507.24265 15.08814
2454587.81250 29.17794
2454668.38235 36.39252
2454910.09191 26.36303
2454990.66176 19.06689
2455232.37132 18.48197
2455312.94118 32.57015
2455393.51103 9.25146
2455635.22059 8.78080
2455715.79044 23.58346
2455957.50000 28.97250
