2445000.00000 14.79494
2445080.56985 13.91014
2445161.13971 6.92319
2445402.84926 -0.05918
2445483.41912 6.04871
2445805.69853 8.13858
2445886.26838 -1.05933
2446127.97794 -19.42560
2446208.54779 -12.69665
2446530.82721 -1.05716
2446611.39706 -7.24352
2446853.10662 -9.75305
2446933.67647 0.52216
2447255.95588 20.29519
2447336.52574 9.69013
2447578.23529 -4.61348
2447658.80515 0.00890
2447981.08456 0.17350
2448061.65441 -10.35863
2448303.36397 -17.40391
2448383.93382 -11.39298
2448464.50368 -2.00931
2448706.21324 5.22598
2448786.78309 1.43415
2449028.49265 -0.93745
2449109.06250 6.81045
2449189.63235 15.39727
2449431.34191 11.64676
2449511.91176 3.07262
2449753.62132 -11.97252
2449834.19118 -8.43636
2449914.76103 -1.53046
2450156.47059 -3.03290
2450237.04044 -9.43611
2450478.75000 -9.67677
2450559.31985 -3.37552
2450639.88971 6.15436
2450881.59926 12.33508
2450962.16912 7.00706
2451284.44853 4.47053
2451365.01838 10.19072
2451606.72794 3.41386
2451687.29779 -4.37373
2452009.57721 -10.11781
2452090.14706 -3.26875
2452331.85662 0.66660
2452412.42647 -3.72663
2452734.70588 4.13623
2452815.27574 10.28702
2453056.98529 11.28440
2453137.55515 4.45178
2453459.83456 -1.72786
2453540.40441 2.39424
2453782.11397 -2.46404
2453862.68382 -9.51526
2453943.25368 -16.03775
2454184.96324 -6.01371
2454265.53309 1.04347
2454507.24265 6.99626
2454587.81250 2.83473
2454668.38235 -1.00371
2454910.09191 5.26197
2454990.66176 11.43481
2455232.37132 5.76839
2455312.94118 -0.86090
2455393.51103 -6.80827
2455635.22059 -6.74737
2455715.79044 -2.28474
2455957.50000 -2.50568
