2445000.00000 15.36526
2445080.56985 18.26225
2445161.13971 25.34394
2445402.84926 28.61330
2445483.41912 21.91200
2445805.69853 3.62372
2445886.26838 1.49991
2446127.97794 10.69365
2446208.54779 19.20009
2446530.82721 29.77179
2446611.39706 29.47551
2446853.10662 10.82213
2446933.67647 3.91988
2447255.95588 8.20723
2447336.52574 16.66883
2447578.23529 32.06508
2447658.80515 30.27081
2447981.08456 13.38994
2448061.65441 9.06615
2448303.36397 3.86526
2448383.93382 8.14340
2448464.50368 12.13623
2448706.21324 27.99022
2448786.78309 25.03449
2449028.49265 22.26862
2449109.06250 16.02686
2449189.63235 14.93458
2449431.34191 9.22931
2449511.91176 6.62056
2449753.62132 13.14179
2449834.19118 16.79030
2449914.76103 21.62864
2450156.47059 22.25707
2450237.04044 23.83733
2450478.75000 15.49619
2450559.31985 13.05390
2450639.88971 10.14798
2450881.59926 8.52118
2450962.16912 8.73660
2451284.44853 27.11009
2451365.01838 29.54332
2451606.72794 19.06691
2451687.29779 16.13658
2452009.57721 3.91043
2452090.14706 4.66506
2452331.85662 19.48867
2452412.42647 29.79502
2452734.70588 24.28189
2452815.27574 24.98462
2453056.98529 5.04825
2453137.55515 3.79523
2453459.83456 13.72293
2453540.40441 22.76897
2453782.11397 26.32833
2453862.68382 27.46483
2453943.25368 22.18736
2454184.96324 8.32109
2454265.53309 5.55229
2454507.24265 12.29773
2454587.81250 14.17748
2454668.38235 22.38099
2454910.09191 24.27148
2454990.66176 24.48859
2455232.37132 15.65085
2455312.94118 16.63381
2455393.51103 10.52204
2455635.22059 10.30175
2455715.79044 13.63463
2455957.50000 20.32264
