2445000.00000 3.34313
2445080.56985 4.02836
2445161.13971 2.95358
2445402.84926 -6.45232
2445483.41912 -7.94825
2445805.69853 2.30066
2445886.26838 6.63953
2446127.97794 7.77791
2446208.54779 7.55797
2446530.82721 -3.56313
2446611.39706 -2.31265
2446853.10662 7.28080
2446933.67647 9.39243
2447255.95588 2.34124
2447336.52574 -1.98163
2447578.23529 -6.36702
2447658.80515 -4.81798
2447981.08456 5.17523
2448061.65441 3.96416
2448303.36397 -6.30207
2448383.93382 -10.56828
2448464.50368 -11.88824
2448706.21324 -6.20154
2448786.78309 -1.41704
2449028.49265 3.78452
2449109.06250 2.49524
2449189.63235 -0.81642
2449431.34191 -7.08745
2449511.91176 -9.83567
2449753.62132 4.38097
2449834.19118 10.15548
2449914.76103 11.48836
2450156.47059 6.71523
2450237.04044 2.64747
2450478.75000 -4.74184
2450559.31985 -2.02824
2450639.88971 1.77254
2450881.59926 16.47770
2450962.16912 12.66317
2451284.44853 -3.34610
2451365.01838 -8.55082
2451606.72794 -5.46466
2451687.29779 -1.24297
2452009.57721 4.33967
2452090.14706 -0.16103
2452331.85662 -16.96380
2452412.42647 -17.25460
2452734.70588 0.05560
2452815.27574 4.19991
2453056.98529 3.04049
2453137.55515 -1.96851
2453459.83456 -11.84553
2453540.40441 -5.76166
2453782.11397 14.45295
2453862.68382 21.40155
2453943.25368 17.20483
2454184.96324 1.95034
2454265.53309 -2.55681
2454507.24265 -1.87003
2454587.81250 4.54847
2454668.38235 11.38008
2454910.09191 18.70653
2454990.66176 12.33346
2455232.37132 -10.63977
2455312.94118 -14.72075
2455393.51103 -16.72741
2455635.22059 -0.56021
2455715.79044 5.19266
2455957.50000 3.90070
