2445000.00000 4.98003
2445080.56985 3.15321
2445161.13971 5.51318
2445402.84926 5.00333
2445483.41912 6.44302
2445805.69853 0.75790
2445886.26838 3.30166
2446127.97794 6.15446
2446208.54779 7.61333
2446530.82721 1.31548
2446611.39706 2.29261
2446853.10662 4.52001
2446933.67647 6.45138
2447255.95588 4.88086
2447336.52574 2.92393
2447578.23529 2.43679
2447658.80515 3.18217
2447981.08456 8.08608
2448061.65441 5.54034
2448303.36397 2.36403
2448383.93382 0.69793
2448464.50368 5.82239
2448706.21324 8.75145
2448786.78309 6.06352
2449028.49265 5.04547
2449109.06250 2.20196
2449189.63235 4.33704
2449431.34191 4.09882
2449511.91176 5.74529
2449753.62132 6.80513
2449834.19118 5.03677
2449914.76103 4.44258
2450156.47059 1.06610
2450237.04044 4.77700
2450478.75000 5.55970
2450559.31985 7.44744
2450639.88971 2.80524
2450881.59926 0.93618
2450962.16912 2.90930
2451284.44853 7.48809
2451365.01838 2.30496
2451606.72794 4.17688
2451687.29779 3.45651
2452009.57721 3.87192
2452090.14706 4.28464
2452331.85662 7.12939
2452412.42647 4.29471
2452734.70588 1.62898
2452815.27574 7.20073
2453056.98529 8.00618
2453137.55515 4.35914
2453459.83456 1.68584
2453540.40441 7.42209
2453782.11397 5.44437
2453862.68382 4.97934
2453943.25368 0.61732
2454184.96324 3.58565
2454265.53309 6.60338
2454507.24265 1.14153
2454587.81250 4.81171
2454668.38235 2.93770
2454910.09191 7.44761
2454990.66176 3.03805
2455232.37132 0.52605
2455312.94118 5.85879
2455393.51103 6.45897
2455635.22059 6.50981
2455715.79044 1.57518
2455957.50000 3.57230
