2445000.00000 19.87658
2445080.56985 14.25157
2445161.13971 14.72391
2445402.84926 9.37236
2445483.41912 14.34468
2445805.69853 13.46452
2445886.26838 4.62060
2446127.97794 14.04628
2446208.54779 3.62018
2446530.82721 4.58804
2446611.39706 16.30714
2446853.10662 7.85645
2446933.67647 17.19865
2447255.95588 18.90980
2447336.52574 13.88914
2447578.23529 23.91540
2447658.80515 16.69448
2447981.08456 19.30971
2448061.65441 30.81898
2448303.36397 18.71135
2448383.93382 26.62656
2448464.50368 17.63041
2448706.21324 26.43524
2448786.78309 18.87141
2449028.49265 21.68795
2449109.06250 20.41730
2449189.63235 20.12392
2449431.34191 13.48427
2449511.91176 14.25351
2449753.62132 12.31957
2449834.19118 8.58520
2449914.76103 10.95201
2450156.47059 5.87798
2450237.04044 11.33485
2450478.75000 3.50169
2450559.31985 11.42707
2450639.88971 3.85990
2450881.59926 14.16842
2450962.16912 5.32595
2451284.44853 6.11647
2451365.01838 19.66674
2451606.72794 10.78639
2451687.29779 24.95155
2452009.57721 22.97555
2452090.14706 19.18779
2452331.85662 28.10367
2452412.42647 18.08489
2452734.70588 17.39070
2452815.27574 31.85104
2453056.98529 17.91778
2453137.55515 29.18889
2453459.83456 22.90362
2453540.40441 15.88671
2453782.11397 17.88763
2453862.68382 10.91394
2453943.25368 16.70376
2454184.96324 6.45869
2454265.53309 8.08804
2454507.24265 5.67458
2454587.81250 6.44593
2454668.38235 6.47733
2454910.09191 6.54938
2454990.66176 9.42690
2455232.37132 5.61764
2455312.94118 11.57245
2455393.51103 7.45144
2455635.22059 17.65451
2455715.79044 10.90569
2455957.50000 24.13648
