2445000.00000 89.15089
2445080.56985 112.92253
2445161.13971 136.32456
2445402.84926 111.08755
2445483.41912 121.40096
2445805.69853 87.71069
2445886.26838 74.17490
2446127.97794 78.01131
2446208.54779 47.28833
2446530.82721 58.19602
2446611.39706 30.17719
2446853.10662 35.79643
2446933.67647 65.84857
2447255.95588 66.38909
2447336.52574 103.47355
2447578.23529 89.36007
2447658.80515 103.90746
2447981.08456 132.13383
2448061.65441 120.15451
2448303.36397 171.84561
2448383.93382 112.37201
2448464.50368 78.86590
2448706.21324 131.84448
2448786.78309 108.84969
2449028.49265 38.44584
2449109.06250 58.91953
2449189.63235 60.46909
2449431.34191 12.91308
2449511.91176 40.20536
2449753.62132 41.68653
2449834.19118 37.01179
2449914.76103 56.50204
2450156.47059 92.08837
2450237.04044 73.68218
2450478.75000 151.42384
2450559.31985 142.08101
2450639.88971 133.93078
2450881.59926 162.35163
2450962.16912 167.45357
2451284.44853 134.76338
2451365.01838 118.35923
2451606.72794 38.19587
2451687.29779 51.05927
2452009.57721 10.98555
2452090.14706 23.88820
2452331.85662 45.94081
2452412.42647 29.53599
2452734.70588 97.41091
2452815.27574 77.70233
2453056.98529 151.03376
2453137.55515 140.98187
2453459.83456 133.93378
2453540.40441 191.12636
2453782.11397 81.40199
2453862.68382 116.66494
2453943.25368 121.79421
2454184.96324 53.16353
2454265.53309 50.74277
2454507.24265 57.41841
2454587.81250 29.64308
2454668.38235 16.70297
2454910.09191 71.57046
2454990.66176 41.89690
2455232.37132 59.71083
2455312.94118 96.68865
2455393.51103 85.71544
2455635.22059 101.17158
2455715.79044 143.60274
2455957.50000 96.07544
