2445000.00000 17.42857
2445080.56985 5.13148
2445161.13971 4.24995
2445402.84926 28.79824
2445483.41912 9.24666
2445805.69853 19.27120
2445886.26838 2.52919
2446127.97794 12.64475
2446208.54779 1.80671
2446530.82721 -0.78378
2446611.39706 -14.18349
2446853.10662 -8.01822
2446933.67647 -9.96719
2447255.95588 -6.83931
2447336.52574 -8.84691
2447578.23529 -5.42448
2447658.80515 6.73517
2447981.08456 9.62057
2448061.65441 18.65137
2448303.36397 8.10062
2448383.93382 26.13929
2448464.50368 27.31236
2448706.21324 15.50063
2448786.78309 30.30140
2449028.49265 0.09809
2449109.06250 6.11053
2449189.63235 16.87211
2449431.34191 -12.41421
2449511.91176 -3.75553
2449753.62132 -23.92938
2449834.19118 -21.96521
2449914.76103 -13.43247
2450156.47059 -30.52045
2450237.04044 -24.38314
2450478.75000 -14.81886
2450559.31985 -20.21351
2450639.88971 -12.71521
2450881.59926 -3.95193
2450962.16912 -7.05170
2451284.44853 7.06579
2451365.01838 6.27475
2451606.72794 24.22041
2451687.29779 8.58505
2452009.57721 12.37573
2452090.14706 1.06561
2452331.85662 12.10061
2452412.42647 -2.23420
2452734.70588 -2.95920
2452815.27574 -15.85135
2453056.98529 -7.20687
2453137.55515 -14.12724
2453459.83456 -5.50656
2453540.40441 -8.81374
2453782.11397 -1.61774
2453862.68382 6.68358
2453943.25368 0.34946
2454184.96324 16.51354
2454265.53309 21.59903
2454507.24265 12.73964
2454587.81250 27.85637
2454668.38235 28.31773
2454910.09191 16.53137
2454990.66176 28.23671
2455232.37132 -0.27498
2455312.94118 8.22118
2455393.51103 13.03759
2455635.22059 -14.52766
2455715.79044 -3.38813
2455957.50000 -23.45816
