2445000.00000 14.55874
2445080.56985 19.98858
2445161.13971 17.37687
2445402.84926 17.52163
2445483.41912 13.31627
2445805.69853 3.08888
2445886.26838 4.22525
2446127.97794 10.49440
2446208.54779 12.18515
2446530.82721 1.86475
2446611.39706 1.74807
2446853.10662 10.01815
2446933.67647 15.56691
2447255.95588 19.48991
2447336.52574 14.76795
2447578.23529 12.14421
2447658.80515 14.30275
2447981.08456 24.68950
2448061.65441 27.39667
2448303.36397 14.14170
2448383.93382 9.91793
2448464.50368 9.76602
2448706.21324 14.03502
2448786.78309 15.95582
2449028.49265 11.47409
2449109.06250 7.67828
2449189.63235 4.37309
2449431.34191 1.28653
2449511.91176 4.59339
2449753.62132 11.57218
2449834.19118 9.45201
2449914.76103 13.98966
2450156.47059 6.73174
2450237.04044 4.84446
2450478.75000 13.00423
2450559.31985 19.89414
2450639.88971 23.20989
2450881.59926 20.52315
2450962.16912 17.68498
2451284.44853 15.92941
2451365.01838 16.78332
2451606.72794 19.75074
2451687.29779 20.85759
2452009.57721 5.97564
2452090.14706 5.44127
2452331.85662 11.54172
2452412.42647 11.39641
2452734.70588 5.52397
2452815.27574 2.95426
2453056.98529 2.63901
2453137.55515 7.23168
2453459.83456 17.82754
2453540.40441 13.62786
2453782.11397 7.55020
2453862.68382 10.32684
2453943.25368 12.09124
2454184.96324 19.86817
2454265.53309 25.80467
2454507.24265 17.53497
2454587.81250 17.01763
2454668.38235 10.81765
2454910.09191 12.07775
2454990.66176 13.24145
2455232.37132 15.43215
2455312.94118 15.06622
2455393.51103 11.90134
2455635.22059 3.16532
2455715.79044 2.43583
2455957.50000 9.43890
