2445000.00000 -14.10807
2445080.56985 -7.19352
2445161.13971 1.42818
2445402.84926 -14.61192
2445483.41912 -7.29816
2445805.69853 -12.50921
2445886.26838 -5.10848
2446127.97794 -2.83885
2446208.54779 -7.83302
2446530.82721 1.98247
2446611.39706 -4.10500
2446853.10662 13.32778
2446933.67647 5.24069
2447255.95588 17.37506
2447336.52574 6.01773
2447578.23529 9.73688
2447658.80515 8.79687
2447981.08456 4.40995
2448061.65441 8.61539
2448303.36397 -11.17007
2448383.93382 -0.70570
2448464.50368 4.92161
2448706.21324 -13.46985
2448786.78309 -4.57555
2449028.49265 -13.52810
2449109.06250 -15.57373
2449189.63235 -4.31796
2449431.34191 -12.48211
2449511.91176 -13.76041
2449753.62132 4.53032
2449834.19118 -5.42074
2449914.76103 -8.77827
2450156.47059 11.58010
2450237.04044 -0.77740
2450478.75000 17.95058
2450559.31985 12.17809
2450639.88971 2.03776
2450881.59926 19.03974
2450962.16912 13.28879
2451284.44853 12.48974
2451365.01838 11.60143
2451606.72794 -4.29259
2451687.29779 8.85924
2452009.57721 -9.76844
2452090.14706 2.08568
2452331.85662 -21.39854
2452412.42647 -13.41766
2452734.70588 -18.11229
2452815.27574 -15.12880
2453056.98529 -5.12330
2453137.55515 -18.58910
2453459.83456 2.20884
2453540.40441 -10.60026
2453782.11397 22.44062
2453862.68382 11.21822
2453943.25368 -4.04705
2454184.96324 27.25287
2454265.53309 13.17013
2454507.24265 13.08220
2454587.81250 25.76515
2454668.38235 14.42813
2454910.09191 7.88829
2454990.66176 16.86869
2455232.37132 -11.10310
2455312.94118 0.00651
2455393.51103 9.93444
2455635.22059 -18.10844
2455715.79044 -7.88006
2455957.50000 -20.11934
