2445000.00000 18.77978
2445080.56985 6.46342
2445161.13971 3.44724
2445402.84926 10.07906
2445483.41912 13.33070
2445805.69853 13.42825
2445886.26838 29.33207
2446127.97794 32.67831
2446208.54779 17.04249
2446530.82721 30.14040
2446611.39706 13.31765
2446853.10662 9.13575
2446933.67647 22.37416
2447255.95588 2.24474
2447336.52574 11.72040
2447578.23529 19.74138
2447658.80515 8.53753
2447981.08456 24.21859
2448061.65441 23.19320
2448303.36397 22.34844
2448383.93382 20.96592
2448464.50368 30.31177
2448706.21324 27.70166
2448786.78309 13.51016
2449028.49265 15.23145
2449109.06250 21.33246
2449189.63235 5.88016
2449431.34191 3.30150
2449511.91176 18.22244
2449753.62132 18.49356
2449834.19118 4.24524
2449914.76103 16.70869
2450156.47059 23.52470
2450237.04044 17.46123
2450478.75000 17.23569
2450559.31985 32.61429
2450639.88971 23.51778
2450881.59926 19.48012
2450962.16912 22.48803
2451284.44853 15.51273
2451365.01838 7.16392
2451606.72794 11.04765
2451687.29779 15.70142
2452009.57721 9.50966
2452090.14706 20.44419
2452331.85662 21.67770
2452412.42647 12.79957
2452734.70588 34.45530
2452815.27574 19.74559
2453056.98529 15.08231
2453137.55515 22.68014
2453459.83456 8.34808
2453540.40441 12.49209
2453782.11397 16.42790
2453862.68382 8.38224
2453943.25368 4.98164
2454184.96324 15.32304
2454265.53309 16.53930
2454507.24265 14.98692
2454587.81250 19.50506
2454668.38235 29.19409
2454910.09191 25.68649
2454990.66176 17.15528
2455232.37132 19.57169
2455312.94118 25.20173
2455393.51103 12.95660
2455635.22059 5.78761
2455715.79044 18.54505
2455957.50000 16.27476
