2445000.00000 32.02282
2445080.56985 25.11291
2445161.13971 25.87954
2445402.84926 20.03200
2445483.41912 16.94788
2445805.69853 3.66253
2445886.26838 10.83330
2446127.97794 20.12422
2446208.54779 27.67711
2446530.82721 25.92548
2446611.39706 39.54188
2446853.10662 63.06457
2446933.67647 45.35534
2447255.95588 35.90021
2447336.52574 37.91915
2447578.23529 51.59190
2447658.80515 29.37721
2447981.08456 9.42876
2448061.65441 11.74091
2448303.36397 16.15576
2448383.93382 15.66184
2448464.50368 12.33493
2448706.21324 8.98436
2448786.78309 18.35227
2449028.49265 39.18826
2449109.06250 36.31958
2449189.63235 39.62485
2449431.34191 33.43765
2449511.91176 38.49422
2449753.62132 47.31960
2449834.19118 42.01953
2449914.76103 49.42061
2450156.47059 32.37954
2450237.04044 24.19240
2450478.75000 30.79414
2450559.31985 25.49456
2450639.88971 21.25728
2450881.59926 6.79605
2450962.16912 7.97440
2451284.44853 25.77967
2451365.01838 23.20758
2451606.72794 22.52289
2451687.29779 23.86043
2452009.57721 50.04051
2452090.14706 43.50500
2452331.85662 37.04880
2452412.42647 39.19358
2452734.70588 46.70145
2452815.27574 39.33131
2453056.98529 15.24751
2453137.55515 18.47356
2453459.83456 23.92751
2453540.40441 20.21002
2453782.11397 12.73875
2453862.68382 14.22709
2453943.25368 18.28854
2454184.96324 33.94288
2454265.53309 34.20680
2454507.24265 34.33342
2454587.81250 35.68837
2454668.38235 35.55737
2454910.09191 48.10940
2454990.66176 47.64703
2455232.37132 33.50606
2455312.94118 31.39478
2455393.51103 29.11630
2455635.22059 25.09487
2455715.79044 27.74258
2455957.50000 10.67593
