2445000.00000 8.68954
2445080.56985 13.56563
2445161.13971 12.77109
2445402.84926 13.41090
2445483.41912 11.35033
2445805.69853 9.38415
2445886.26838 6.97571
2446127.97794 5.41101
2446208.54779 7.30947
2446530.82721 5.26351
2446611.39706 6.81429
2446853.10662 7.19737
2446933.67647 5.04407
2447255.95588 3.29847
2447336.52574 0.88795
2447578.23529 1.94949
2447658.80515 2.75502
2447981.08456 7.27457
2448061.65441 9.18257
2448303.36397 11.06386
2448383.93382 11.85313
2448464.50368 7.38785
2448706.21324 11.46888
2448786.78309 7.52525
2449028.49265 8.77773
2449109.06250 10.81148
2449189.63235 15.42953
2449431.34191 11.83780
2449511.91176 15.29992
2449753.62132 13.66090
2449834.19118 13.99046
2449914.76103 7.78112
2450156.47059 10.31994
2450237.04044 5.55151
2450478.75000 6.78281
2450559.31985 4.08282
2450639.88971 6.90217
2450881.59926 3.41600
2450962.16912 6.49434
2451284.44853 5.92821
2451365.01838 1.59607
2451606.72794 4.53242
2451687.29779 0.51776
2452009.57721 1.89804
2452090.14706 6.53314
2452331.85662 5.04741
2452412.42647 9.03862
2452734.70588 11.65256
2452815.27574 9.19433
2453056.98529 15.54687
2453137.55515 8.27959
2453459.83456 8.77450
2453540.40441 13.83289
2453782.11397 9.95613
2453862.68382 13.19662
2453943.25368 14.26839
2454184.96324 14.44063
2454265.53309 8.85858
2454507.24265 10.45570
2454587.81250 6.68215
2454668.38235 5.47666
2454910.09191 2.84736
2454990.66176 5.58852
2455232.37132 1.32784
2455312.94118 5.14122
2455393.51103 5.30450
2455635.22059 6.81587
2455715.79044 3.34712
2455957.50000 5.83355
