2445000.00000 1.31005
2445080.56985 9.16966
2445161.13971 1.70617
2445402.84926 2.97811
2445483.41912 5.59995
2445805.69853 7.51790
2445886.26838 1.54370
2446127.97794 2.35925
2446208.54779 6.01669
2446530.82721 7.77628
2446611.39706 3.55061
2446853.10662 3.65891
2446933.67647 10.81726
2447255.95588 8.54107
2447336.52574 7.26805
2447578.23529 6.29107
2447658.80515 11.40172
2447981.08456 10.61856
2448061.65441 9.77908
2448303.36397 6.46900
2448383.93382 12.19471
2448464.50368 5.17455
2448706.21324 7.57778
2448786.78309 8.69422
2449028.49265 4.39064
2449109.06250 9.62719
2449189.63235 3.96846
2449431.34191 6.20327
2449511.91176 5.98762
2449753.62132 1.70113
2449834.19118 9.62111
2449914.76103 1.92046
2450156.47059 3.82977
2450237.04044 6.36428
2450478.75000 0.85996
2450559.31985 7.26881
2450639.88971 1.80528
2450881.59926 2.83625
2450962.16912 6.84993
2451284.44853 8.12162
2451365.01838 4.47556
2451606.72794 6.26497
2451687.29779 10.04809
2452009.57721 10.27619
2452090.14706 5.77169
2452331.85662 6.49718
2452412.42647 10.28248
2452734.70588 10.13573
2452815.27574 8.54209
2453056.98529 6.43492
2453137.55515 12.59639
2453459.83456 8.88577
2453540.40441 9.04086
2453782.11397 5.53523
2453862.68382 10.55943
2453943.25368 3.29927
2454184.96324 5.77961
2454265.53309 6.85802
2454507.24265 2.51161
2454587.81250 7.43867
2454668.38235 2.77609
2454910.09191 5.01060
2454990.66176 5.43994
2455232.37132 1.71501
2455312.94118 7.23864
2455393.51103 2.46213
2455635.22059 4.13853
2455715.79044 5.61743
2455957.50000 3.20543
