2445000.00000 -3.43315
2445080.56985 -3.08300
2445161.13971 -4.25087
2445402.84926 -3.77953
2445483.41912 -3.29949
2445805.69853 -0.95743
2445886.26838 -0.11939
2446127.97794 2.30755
2446208.54779 2.70999
2446530.82721 3.74700
2446611.39706 4.18413
2446853.10662 2.52664
2446933.67647 1.72227
2447255.95588 -1.63549
2447336.52574 -2.29132
2447578.23529 -3.39478
2447658.80515 -4.50704
2447981.08456 -2.68232
2448061.65441 -1.96413
2448303.36397 0.24029
2448383.93382 1.06089
2448464.50368 1.45175
2448706.21324 2.85385
2448786.78309 3.04364
2449028.49265 2.65995
2449109.06250 3.12944
2449189.63235 1.98572
2449431.34191 0.33644
2449511.91176 -0.40652
2449753.62132 -2.22851
2449834.19118 -2.73023
2449914.76103 -3.30693
2450156.47059 -2.69055
2450237.04044 -2.99340
2450478.75000 -1.57620
2450559.31985 -0.80526
2450639.88971 -0.18022
2450881.59926 1.58822
2450962.16912 1.96693
2451284.44853 2.99648
2451365.01838 2.74769
2451606.72794 1.56687
2451687.29779 1.08892
2452009.57721 -0.88815
2452090.14706 -1.23696
2452331.85662 -1.73667
2452412.42647 -2.74223
2452734.70588 -1.47992
2452815.27574 -1.38612
2453056.98529 -0.08376
2453137.55515 0.38887
2453459.83456 2.01139
2453540.40441 2.16018
2453782.11397 2.00873
2453862.68382 1.72024
2453943.25368 1.72274
2454184.96324 0.51536
2454265.53309 0.13758
2454507.24265 -0.90497
2454587.81250 -1.06463
2454668.38235 -1.56285
2454910.09191 -1.84834
2454990.66176 -1.56953
2455232.37132 -0.96828
2455312.94118 -0.80298
2455393.51103 -0.56569
2455635.22059 0.22019
2455715.79044 0.46405
2455957.50000 0.83138
