2445000.00000 32.73972
2445080.56985 36.40032
2445161.13971 33.78638
2445402.84926 25.64773
2445483.41912 28.38022
2445805.69853 7.42684
2445886.26838 6.73152
2446127.97794 12.22926
2446208.54779 14.97493
2446530.82721 10.21825
2446611.39706 7.61218
2446853.10662 9.61131
2446933.67647 17.44111
2447255.95588 36.62937
2447336.52574 40.26056
2447578.23529 31.14286
2447658.80515 31.86006
2447981.08456 32.88052
2448061.65441 31.49689
2448303.36397 27.99186
2448383.93382 29.12286
2448464.50368 19.44470
2448706.21324 7.87207
2448786.78309 6.05863
2449028.49265 9.53446
2449109.06250 9.23134
2449189.63235 12.83615
2449431.34191 12.15111
2449511.91176 10.52763
2449753.62132 11.12391
2449834.19118 12.58039
2449914.76103 18.28935
2450156.47059 33.97143
2450237.04044 31.51892
2450478.75000 35.51663
2450559.31985 33.40126
2450639.88971 26.26421
2450881.59926 25.89522
2450962.16912 30.24153
2451284.44853 27.88722
2451365.01838 23.72647
2451606.72794 9.01547
2451687.29779 5.59028
2452009.57721 8.08655
2452090.14706 11.93396
2452331.85662 13.86308
2452412.42647 14.97312
2452734.70588 12.87559
2452815.27574 17.78305
2453056.98529 33.03293
2453137.55515 35.74559
2453459.83456 33.26575
2453540.40441 29.14898
2453782.11397 23.31668
2453862.68382 24.36098
2453943.25368 29.03585
2454184.96324 24.19136
2454265.53309 31.47162
2454507.24265 13.15578
2454587.81250 7.02491
2454668.38235 3.20111
2454910.09191 4.29552
2454990.66176 9.01024
2455232.37132 15.18718
2455312.94118 14.13629
2455393.51103 15.73370
2455635.22059 13.36153
2455715.79044 15.59691
2455957.50000 28.31727
