2445000.00000 2.14664
2445080.56985 3.28925
2445161.13971 4.63997
2445402.84926 4.30503
2445483.41912 4.46854
2445805.69853 2.28615
2445886.26838 1.69003
2446127.97794 -2.10325
2446208.54779 -3.73424
2446530.82721 -7.27607
2446611.39706 -7.13176
2446853.10662 -4.93974
2446933.67647 -3.86874
2447255.95588 1.13679
2447336.52574 2.59642
2447578.23529 6.02650
2447658.80515 8.12300
2447981.08456 8.96568
2448061.65441 6.99217
2448303.36397 2.06240
2448383.93382 0.24568
2448464.50368 -1.63234
2448706.21324 -6.87608
2448786.78309 -7.59796
2449028.49265 -9.44534
2449109.06250 -8.06420
2449189.63235 -9.41198
2449431.34191 -4.16263
2449511.91176 -2.36488
2449753.62132 4.04103
2449834.19118 7.23592
2449914.76103 7.39379
2450156.47059 13.08506
2450237.04044 12.44548
2450478.75000 7.60102
2450559.31985 7.93680
2450639.88971 4.44162
2450881.59926 -2.81581
2450962.16912 -5.21987
2451284.44853 -11.88801
2451365.01838 -11.55817
2451606.72794 -11.14699
2451687.29779 -8.71658
2452009.57721 1.00109
2452090.14706 3.70260
2452331.85662 11.28935
2452412.42647 11.42597
2452734.70588 9.61656
2452815.27574 10.12567
2453056.98529 3.64973
2453137.55515 1.32286
2453459.83456 -10.50948
2453540.40441 -11.74640
2453782.11397 -14.01591
2453862.68382 -10.32016
2453943.25368 -9.45993
2454184.96324 -6.10719
2454265.53309 -3.69857
2454507.24265 4.93337
2454587.81250 7.15502
2454668.38235 8.85766
2454910.09191 13.28657
2454990.66176 13.21649
2455232.37132 8.36751
2455312.94118 7.80917
2455393.51103 4.95979
2455635.22059 -2.52411
2455715.79044 -4.18194
2455957.50000 -10.83783
