2445000.00000 17.75266
2445080.56985 2.74548
2445161.13971 7.98020
2445402.84926 6.04572
2445483.41912 8.75426
2445805.69853 -9.43595
2445886.26838 1.95536
2446127.97794 -0.49872
2446208.54779 -10.81537
2446530.82721 -12.98761
2446611.39706 -2.18798
2446853.10662 -0.96299
2446933.67647 -13.50612
2447255.95588 5.10421
2447336.52574 3.61695
2447578.23529 4.86577
2447658.80515 1.92005
2447981.08456 21.97935
2448061.65441 5.07253
2448303.36397 1.48776
2448383.93382 10.71289
2448464.50368 13.90480
2448706.21324 6.62952
2448786.78309 -6.81502
2449028.49265 -10.64140
2449109.06250 2.34700
2449189.63235 -9.13621
2449431.34191 -16.13962
2449511.91176 -13.12682
2449753.62132 -11.09317
2449834.19118 -2.25472
2449914.76103 -17.67788
2450156.47059 -13.95296
2450237.04044 1.47715
2450478.75000 8.38201
2450559.31985 2.21965
2450639.88971 -1.42036
2450881.59926 4.21370
2450962.16912 15.51781
2451284.44853 3.32890
2451365.01838 10.19944
2451606.72794 8.70934
2451687.29779 10.05325
2452009.57721 -5.45655
2452090.14706 3.95633
2452331.85662 1.15531
2452412.42647 -11.20241
2452734.70588 -9.35079
2452815.27574 -2.41952
2453056.98529 -3.44254
2453137.55515 -11.09135
2453459.83456 3.34726
2453540.40441 -0.50150
2453782.11397 0.93709
2453862.68382 0.74810
2453943.25368 12.69392
2454184.96324 11.38118
2454265.53309 2.43329
2454507.24265 1.42750
2454587.81250 8.81135
2454668.38235 7.07315
2454910.09191 4.56382
2454990.66176 -2.56900
2455232.37132 -4.22084
2455312.94118 3.05845
2455393.51103 -4.63898
2455635.22059 -8.55704
2455715.79044 -5.56789
2455957.50000 -3.97545
