2445000.00000 4.43651
2445080.56985 3.55925
2445161.13971 5.51771
2445402.84926 4.88573
2445483.41912 1.84530
2445805.69853 6.23279
2445886.26838 11.46902
2446127.97794 17.55706
2446208.54779 22.10690
2446530.82721 24.80541
2446611.39706 25.47879
2446853.10662 27.99375
2446933.67647 29.06394
2447255.95588 24.99356
2447336.52574 15.58717
2447578.23529 10.27162
2447658.80515 10.16298
2447981.08456 6.40943
2448061.65441 2.89992
2448303.36397 4.41851
2448383.93382 1.69043
2448464.50368 6.49827
2448706.21324 11.63225
2448786.78309 13.67438
2449028.49265 20.09478
2449109.06250 19.10601
2449189.63235 20.05472
2449431.34191 26.04925
2449511.91176 31.52641
2449753.62132 24.38500
2449834.19118 31.45405
2449914.76103 22.04770
2450156.47059 20.09559
2450237.04044 14.81221
2450478.75000 11.17379
2450559.31985 11.19556
2450639.88971 7.03697
2450881.59926 5.02910
2450962.16912 1.69195
2451284.44853 6.46510
2451365.01838 9.60142
2451606.72794 16.36018
2451687.29779 10.48025
2452009.57721 19.69990
2452090.14706 31.10021
2452331.85662 27.47029
2452412.42647 28.99473
2452734.70588 22.84507
2452815.27574 18.09754
2453056.98529 14.91361
2453137.55515 17.28375
2453459.83456 9.11731
2453540.40441 4.94750
2453782.11397 2.12985
2453862.68382 3.36531
2453943.25368 6.07604
2454184.96324 10.37324
2454265.53309 8.16297
2454507.24265 11.61362
2454587.81250 13.12130
2454668.38235 14.98913
2454910.09191 25.92804
2454990.66176 29.09419
2455232.37132 28.96819
2455312.94118 27.37532
2455393.51103 25.88002
2455635.22059 21.64081
2455715.79044 21.06354
2455957.50000 18.44318
