2445000.00000 16.50093
2445080.56985 -45.56258
2445161.13971 35.53045
2445402.84926 -6.35966
2445483.41912 62.68396
2445805.69853 73.30048
2445886.26838 2.82918
2446127.97794 45.86884
2446208.54779 -20.08001
2446530.82721 -63.18565
2446611.39706 3.06266
2446853.10662 -67.43424
2446933.67647 -6.70752
2447255.95588 13.58105
2447336.52574 -45.94516
2447578.23529 43.74630
2447658.80515 -9.44541
2447981.08456 7.61417
2448061.65441 65.51057
2448303.36397 -5.52678
2448383.93382 36.55509
2448464.50368 -20.51650
2448706.21324 19.61630
2448786.78309 -57.61069
2449028.49265 -4.22706
2449109.06250 -70.60977
2449189.63235 -6.32965
2449431.34191 -63.28091
2449511.91176 10.45808
2449753.62132 -22.91556
2449834.19118 45.16099
2449914.76103 -14.89516
2450156.47059 71.77793
2450237.04044 5.25769
2450478.75000 72.60189
2450559.31985 -2.22850
2450639.88971 50.16231
2450881.59926 -32.68321
2450962.16912 24.58640
2451284.44853 -2.72400
2451365.01838 -75.66671
2451606.72794 -3.43695
2451687.29779 -59.33162
2452009.57721 -33.88729
2452090.14706 38.29823
2452331.85662 -3.59401
2452412.42647 65.56998
2452734.70588 66.22687
2452815.27574 0.18873
2453056.98529 46.90601
2453137.55515 -26.86762
2453459.83456 -57.46547
2453540.40441 -0.61177
2453782.11397 -74.06230
2453862.68382 -5.16475
2453943.25368 -69.59688
2454184.96324 21.65239
2454265.53309 -36.43589
2454507.24265 51.44645
2454587.81250 -6.44949
2454668.38235 63.74047
2454910.09191 6.66838
2454990.66176 65.49219
2455232.37132 -7.12710
2455312.94118 42.02095
2455393.51103 -26.86400
2455635.22059 15.69582
2455715.79044 -60.96851
2455957.50000 -5.61048
