2445000.00000 -6.47529
2445080.56985 -7.50741
2445161.13971 -8.27078
2445402.84926 -7.78150
2445483.41912 -6.14524
2445805.69853 -2.27436
2445886.26838 -1.12727
2446127.97794 1.43630
2446208.54779 1.37871
2446530.82721 0.33774
2446611.39706 -0.42009
2446853.10662 -3.17963
2446933.67647 -3.15125
2447255.95588 -2.76664
2447336.52574 -1.85041
2447578.23529 2.40385
2447658.80515 2.76877
2447981.08456 6.53951
2448061.65441 6.01436
2448303.36397 5.91627
2448383.93382 3.79887
2448464.50368 3.94246
2448706.21324 1.65722
2448786.78309 0.91845
2449028.49265 0.98595
2449109.06250 1.65199
2449189.63235 2.65249
2449431.34191 5.67555
2449511.91176 6.28147
2449753.62132 9.49980
2449834.19118 9.32898
2449914.76103 8.11445
2450156.47059 6.99666
2450237.04044 6.17515
2450478.75000 2.58212
2450559.31985 1.42789
2450639.88971 0.67502
2450881.59926 0.46001
2450962.16912 0.95596
2451284.44853 3.65083
2451365.01838 4.32379
2451606.72794 6.35746
2451687.29779 5.46457
2452009.57721 2.47829
2452090.14706 1.17411
2452331.85662 -2.25899
2452412.42647 -3.13711
2452734.70588 -4.17693
2452815.27574 -3.65511
2453056.98529 -1.12105
2453137.55515 -0.53482
2453459.83456 1.00855
2453540.40441 0.56531
2453782.11397 -1.51790
2453862.68382 -1.91157
2453943.25368 -3.51336
2454184.96324 -5.59604
2454265.53309 -6.54819
2454507.24265 -7.25487
2454587.81250 -7.03742
2454668.38235 -5.07809
2454910.09191 -3.08899
2454990.66176 -2.59277
2455232.37132 -0.95196
2455312.94118 -1.11881
2455393.51103 -1.05357
2455635.22059 -2.87057
2455715.79044 -4.23806
2455957.50000 -6.14901
