2445000.00000 5.92131
2445080.56985 5.54313
2445161.13971 7.07286
2445402.84926 5.78411
2445483.41912 6.50615
2445805.69853 6.12540
2445886.26838 6.65686
2446127.97794 7.01449
2446208.54779 8.12068
2446530.82721 11.71862
2446611.39706 15.16073
2446853.10662 14.92043
2446933.67647 15.02923
2447255.95588 10.04684
2447336.52574 10.58097
2447578.23529 5.49536
2447658.80515 4.92460
2447981.08456 2.89380
2448061.65441 3.54077
2448303.36397 4.87341
2448383.93382 5.36962
2448464.50368 5.74152
2448706.21324 5.48268
2448786.78309 5.86779
2449028.49265 4.04176
2449109.06250 3.44651
2449189.63235 3.51625
2449431.34191 3.99974
2449511.91176 4.72057
2449753.62132 7.28306
2449834.19118 7.88526
2449914.76103 9.49840
2450156.47059 11.79890
2450237.04044 14.26480
2450478.75000 11.42299
2450559.31985 12.67250
2450639.88971 14.13565
2450881.59926 12.27230
2450962.16912 6.38425
2451284.44853 5.71746
2451365.01838 5.41289
2451606.72794 6.09994
2451687.29779 5.62499
2452009.57721 7.01723
2452090.14706 6.51718
2452331.85662 4.35141
2452412.42647 4.30274
2452734.70588 2.20629
2452815.27574 1.61540
2453056.98529 2.77408
2453137.55515 3.63154
2453459.83456 6.85366
2453540.40441 8.10136
2453782.11397 11.58082
2453862.68382 11.22648
2453943.25368 13.17663
2454184.96324 10.99628
2454265.53309 11.35157
2454507.24265 10.20259
2454587.81250 8.81914
2454668.38235 7.26388
2454910.09191 7.03734
2454990.66176 7.98362
2455232.37132 8.26078
2455312.94118 7.17267
2455393.51103 8.72045
2455635.22059 7.82824
2455715.79044 6.95676
2455957.50000 4.65108
