2445000.00000 -2.33988
2445080.56985 0.55616
2445161.13971 3.60181
2445402.84926 10.63638
2445483.41912 10.31531
2445805.69853 17.08126
2445886.26838 14.11463
2446127.97794 10.53052
2446208.54779 5.68688
2446530.82721 -6.34559
2446611.39706 -8.93382
2446853.10662 -12.43064
2446933.67647 -12.03674
2447255.95588 -6.37612
2447336.52574 -4.89815
2447578.23529 4.70033
2447658.80515 8.45443
2447981.08456 17.21249
2448061.65441 20.94207
2448303.36397 18.39936
2448383.93382 14.80672
2448464.50368 11.63657
2448706.21324 3.15842
2448786.78309 0.08238
2449028.49265 -8.75841
2449109.06250 -10.31578
2449189.63235 -13.43464
2449431.34191 -11.28405
2449511.91176 -9.77908
2449753.62132 -3.57672
2449834.19118 -0.98770
2449914.76103 2.07201
2450156.47059 12.34498
2450237.04044 13.43454
2450478.75000 16.73893
2450559.31985 17.87273
2450639.88971 16.82756
2450881.59926 11.63925
2450962.16912 8.55553
2451284.44853 -3.27522
2451365.01838 -6.17358
2451606.72794 -11.00688
2451687.29779 -12.82284
2452009.57721 -8.71465
2452090.14706 -6.53156
2452331.85662 2.87359
2452412.42647 5.49999
2452734.70588 17.99521
2452815.27574 19.41685
2453056.98529 17.31888
2453137.55515 16.62160
2453459.83456 6.95799
2453540.40441 3.54767
2453782.11397 -4.70453
2453862.68382 -9.88438
2453943.25368 -10.84468
2454184.96324 -10.05351
2454265.53309 -12.90399
2454507.24265 -6.85743
2454587.81250 -2.95291
2454668.38235 0.21913
2454910.09191 8.04276
2454990.66176 12.58334
2455232.37132 20.69749
2455312.94118 20.18436
2455393.51103 20.60833
2455635.22059 16.85737
2455715.79044 13.77957
2455957.50000 3.18222
