2445000.00000 24.84354
2445080.56985 42.07800
2445161.13971 23.52659
2445402.84926 28.87155
2445483.41912 12.00232
2445805.69853 5.36516
2445886.26838 15.54748
2446127.97794 5.92890
2446208.54779 15.62569
2446530.82721 24.75701
2446611.39706 21.73224
2446853.10662 34.04215
2446933.67647 34.47356
2447255.95588 31.74422
2447336.52574 21.48677
2447578.23529 19.77167
2447658.80515 10.41741
2447981.08456 3.51142
2448061.65441 13.55827
2448303.36397 5.69024
2448383.93382 24.16737
2448464.50368 13.10660
2448706.21324 34.93190
2448786.78309 21.09701
2449028.49265 39.45461
2449109.06250 27.17812
2449189.63235 36.27265
2449431.34191 23.30593
2449511.91176 31.22497
2449753.62132 10.11760
2449834.19118 12.26007
2449914.76103 9.58660
2450156.47059 8.66189
2450237.04044 11.77810
2450478.75000 16.56637
2450559.31985 26.56173
2450639.88971 17.64198
2450881.59926 38.63189
2450962.16912 27.18883
2451284.44853 23.57377
2451365.01838 30.20962
2451606.72794 14.10886
2451687.29779 25.82536
2452009.57721 15.09374
2452090.14706 2.00099
2452331.85662 20.30653
2452412.42647 8.04382
2452734.70588 21.74582
2452815.27574 31.75536
2453056.98529 33.53855
2453137.55515 34.32115
2453459.83456 25.73099
2453540.40441 24.49456
2453782.11397 12.13953
2453862.68382 15.20855
2453943.25368 6.61454
2454184.96324 14.77089
2454265.53309 2.87826
2454507.24265 21.49488
2454587.81250 10.79346
2454668.38235 34.50795
2454910.09191 23.00200
2454990.66176 42.01386
2455232.37132 24.12232
2455312.94118 44.72325
2455393.51103 21.88696
2455635.22059 24.66910
2455715.79044 12.08127
2455957.50000 17.78345
