2445000.00000 6.22834
2445080.56985 8.58905
2445161.13971 11.17742
2445402.84926 17.51248
2445483.41912 20.03741
2445805.69853 33.53429
2445886.26838 32.55288
2446127.97794 30.04174
2446208.54779 31.20495
2446530.82721 24.24460
2446611.39706 22.93688
2446853.10662 16.47869
2446933.67647 9.87255
2447255.95588 6.99666
2447336.52574 6.50820
2447578.23529 6.34180
2447658.80515 8.38133
2447981.08456 16.17133
2448061.65441 15.16866
2448303.36397 20.48064
2448383.93382 23.42153
2448464.50368 19.13224
2448706.21324 23.33876
2448786.78309 23.86369
2449028.49265 25.30982
2449109.06250 24.12486
2449189.63235 24.95626
2449431.34191 20.71365
2449511.91176 18.98956
2449753.62132 16.10713
2449834.19118 13.73046
2449914.76103 16.02364
2450156.47059 14.05578
2450237.04044 14.42467
2450478.75000 13.99637
2450559.31985 13.94079
2450639.88971 15.42907
2450881.59926 12.92447
2450962.16912 14.36644
2451284.44853 13.37318
2451365.01838 14.43816
2451606.72794 16.57401
2451687.29779 17.05101
2452009.57721 19.70590
2452090.14706 22.39760
2452331.85662 24.14802
2452412.42647 28.42380
2452734.70588 26.24876
2452815.27574 28.58791
2453056.98529 19.25930
2453137.55515 20.28290
2453459.83456 11.93191
2453540.40441 12.01703
2453782.11397 6.82074
2453862.68382 6.31171
2453943.25368 7.02117
2454184.96324 7.36611
2454265.53309 8.32202
2454507.24265 14.17873
2454587.81250 18.58573
2454668.38235 19.77410
2454910.09191 23.41842
2454990.66176 30.93756
2455232.37132 31.75635
2455312.94118 31.54462
2455393.51103 34.67517
2455635.22059 36.76422
2455715.79044 25.77152
2455957.50000 17.77064
