2445000.00000 -6.90604
2445080.56985 -1.01987
2445161.13971 -1.15298
2445402.84926 -3.31024
2445483.41912 2.70037
2445805.69853 3.95247
2445886.26838 7.92840
2446127.97794 1.86563
2446208.54779 9.99181
2446530.82721 4.01533
2446611.39706 9.24391
2446853.10662 -2.48942
2446933.67647 1.65173
2447255.95588 -7.44163
2447336.52574 -1.61701
2447578.23529 -11.53300
2447658.80515 -8.13933
2447981.08456 -9.04673
2448061.65441 -5.46315
2448303.36397 -4.25690
2448383.93382 -6.96179
2448464.50368 1.24234
2448706.21324 -0.64650
2448786.78309 0.29334
2449028.49265 5.54214
2449109.06250 0.52973
2449189.63235 3.02027
2449431.34191 2.05649
2449511.91176 -2.43109
2449753.62132 3.00509
2449834.19118 -4.26521
2449914.76103 -7.68835
2450156.47059 -2.29684
2450237.04044 -9.79321
2450478.75000 -0.43048
2450559.31985 -5.45186
2450639.88971 -11.17502
2450881.59926 1.20419
2450962.16912 -4.04323
2451284.44853 4.92627
2451365.01838 -0.53125
2451606.72794 10.43442
2451687.29779 7.20153
2452009.57721 11.78189
2452090.14706 4.33142
2452331.85662 6.10625
2452412.42647 5.72814
2452734.70588 1.72298
2452815.27574 -0.87759
2453056.98529 -4.73630
2453137.55515 -0.25627
2453459.83456 -1.61406
2453540.40441 1.25278
2453782.11397 -2.83859
2453862.68382 4.17455
2453943.25368 5.55156
2454184.96324 3.77635
2454265.53309 11.09235
2454507.24265 1.07159
2454587.81250 6.16499
2454668.38235 10.55937
2454910.09191 0.49934
2454990.66176 6.17397
2455232.37132 -6.10752
2455312.94118 -2.83476
2455393.51103 2.54462
2455635.22059 -9.85214
2455715.79044 -4.51916
2455957.50000 -10.12796
