2445000.00000 -1.62816
2445080.56985 -1.58566
2445161.13971 -1.71107
2445402.84926 -2.97115
2445483.41912 -3.36836
2445805.69853 -5.11291
2445886.26838 -5.43611
2446127.97794 -4.73389
2446208.54779 -6.13027
2446530.82721 -7.25834
2446611.39706 -5.32576
2446853.10662 -3.97666
2446933.67647 -3.03861
2447255.95588 -0.85017
2447336.52574 -0.52563
2447578.23529 0.09994
2447658.80515 0.08751
2447981.08456 -0.96265
2448061.65441 -1.61487
2448303.36397 -3.27558
2448383.93382 -3.45985
2448464.50368 -4.07061
2448706.21324 -5.16040
2448786.78309 -4.63835
2449028.49265 -4.75310
2449109.06250 -4.56467
2449189.63235 -4.62981
2449431.34191 -2.33922
2449511.91176 -1.28305
2449753.62132 0.97190
2449834.19118 1.74477
2449914.76103 2.02770
2450156.47059 3.47624
2450237.04044 3.02386
2450478.75000 2.21470
2450559.31985 2.12109
2450639.88971 1.83912
2450881.59926 -0.17179
2450962.16912 -0.70751
2451284.44853 -2.35475
2451365.01838 -2.33211
2451606.72794 -2.24199
2451687.29779 -1.50466
2452009.57721 0.84225
2452090.14706 1.81402
2452331.85662 4.62482
2452412.42647 5.00577
2452734.70588 6.46389
2452815.27574 5.74655
2453056.98529 5.53895
2453137.55515 5.51835
2453459.83456 3.51910
2453540.40441 2.51781
2453782.11397 0.92788
2453862.68382 0.76025
2453943.25368 0.54618
2454184.96324 0.81895
2454265.53309 1.28794
2454507.24265 3.51837
2454587.81250 3.79379
2454668.38235 4.17863
2454910.09191 8.60268
2454990.66176 9.47603
2455232.37132 9.02649
2455312.94118 9.67637
2455393.51103 8.58577
2455635.22059 9.23773
2455715.79044 9.04335
2455957.50000 7.37092
