2445000.00000 29.59074
2445080.56985 32.35416
2445161.13971 43.93501
2445402.84926 36.38163
2445483.41912 30.46889
2445805.69853 11.29683
2445886.26838 11.01837
2446127.97794 23.47740
2446208.54779 25.02071
2446530.82721 36.59992
2446611.39706 40.12524
2446853.10662 25.76964
2446933.67647 17.88411
2447255.95588 12.18359
2447336.52574 18.05317
2447578.23529 29.28880
2447658.80515 35.55031
2447981.08456 32.32502
2448061.65441 31.11546
2448303.36397 12.45456
2448383.93382 11.03984
2448464.50368 8.70888
2448706.21324 18.88213
2448786.78309 30.62932
2449028.49265 41.96162
2449109.06250 47.60419
2449189.63235 45.66723
2449431.34191 20.56654
2449511.91176 12.66836
2449753.62132 6.28028
2449834.19118 11.48789
2449914.76103 15.86966
2450156.47059 44.00270
2450237.04044 50.79749
2450478.75000 24.66404
2450559.31985 25.80385
2450639.88971 13.35033
2450881.59926 2.65193
2450962.16912 5.97533
2451284.44853 31.31619
2451365.01838 44.89040
2451606.72794 37.01831
2451687.29779 37.14158
2452009.57721 6.69925
2452090.14706 6.21771
2452331.85662 21.66784
2452412.42647 26.73213
2452734.70588 36.92290
2452815.27574 35.76587
2453056.98529 19.81263
2453137.55515 18.05988
2453459.83456 13.09125
2453540.40441 18.73495
2453782.11397 25.13223
2453862.68382 28.17004
2453943.25368 36.20747
2454184.96324 31.65363
2454265.53309 26.80882
2454507.24265 12.18308
2454587.81250 9.41584
2454668.38235 9.07739
2454910.09191 19.53797
2454990.66176 22.02373
2455232.37132 42.37702
2455312.94118 42.35173
2455393.51103 42.38941
2455635.22059 25.40826
2455715.79044 14.71432
2455957.50000 2.69000
