2445000.00000 9.35076
2445080.56985 -10.43155
2445161.13971 4.98305
2445402.84926 -8.42482
2445483.41912 -8.66408
2445805.69853 -16.18795
2445886.26838 2.04436
2446127.97794 -2.75311
2446208.54779 -2.09371
2446530.82721 -2.36649
2446611.39706 14.44769
2446853.10662 6.76286
2446933.67647 5.34940
2447255.95588 -5.98702
2447336.52574 9.67898
2447578.23529 -4.98882
2447658.80515 -9.89402
2447981.08456 -18.39393
2448061.65441 -0.35883
2448303.36397 -4.69318
2448383.93382 -7.15818
2448464.50368 4.17536
2448706.21324 -5.86343
2448786.78309 10.57798
2449028.49265 7.88854
2449109.06250 4.15843
2449189.63235 14.06355
2449431.34191 -2.68788
2449511.91176 9.44240
2449753.62132 1.22555
2449834.19118 -6.54541
2449914.76103 3.12544
2450156.47059 -13.20267
2450237.04044 -1.04605
2450478.75000 -7.03938
2450559.31985 -11.96432
2450639.88971 1.03976
2450881.59926 -10.04964
2450962.16912 8.35220
2451284.44853 1.82253
2451365.01838 12.63565
2451606.72794 -0.07961
2451687.29779 15.25368
2452009.57721 -3.46432
2452090.14706 6.93403
2452331.85662 -13.27772
2452412.42647 0.37959
2452734.70588 -15.07486
2452815.27574 -0.38427
2453056.98529 -14.67938
2453137.55515 2.59670
2453459.83456 -2.70165
2453540.40441 13.82050
2453782.11397 0.26586
2453862.68382 14.38521
2453943.25368 4.79090
2454184.96324 -0.16363
2454265.53309 14.08464
2454507.24265 -7.86318
2454587.81250 3.28486
2454668.38235 -5.19865
2454910.09191 -15.73507
2454990.66176 0.19290
2455232.37132 -14.62519
2455312.94118 -2.50957
2455393.51103 -6.96928
2455635.22059 -7.23151
2455715.79044 9.12015
2455957.50000 -1.26220
