2445000.00000 7.27655
2445080.56985 7.85014
2445161.13971 8.46959
2445402.84926 5.93967
2445483.41912 4.67474
2445805.69853 9.90540
2445886.26838 12.39268
2446127.97794 13.80286
2446208.54779 15.53030
2446530.82721 4.80889
2446611.39706 5.10432
2446853.10662 8.91029
2446933.67647 9.57884
2447255.95588 3.96991
2447336.52574 3.13590
2447578.23529 4.33190
2447658.80515 7.70995
2447981.08456 14.71876
2448061.65441 16.50191
2448303.36397 8.61974
2448383.93382 8.06853
2448464.50368 6.98178
2448706.21324 11.25628
2448786.78309 12.28278
2449028.49265 7.86424
2449109.06250 4.90379
2449189.63235 2.68485
2449431.34191 1.99159
2449511.91176 4.30817
2449753.62132 12.80829
2449834.19118 13.90448
2449914.76103 16.85977
2450156.47059 9.85932
2450237.04044 6.53964
2450478.75000 8.32972
2450559.31985 11.60557
2450639.88971 11.54105
2450881.59926 8.89428
2450962.16912 6.43064
2451284.44853 0.38352
2451365.01838 1.91119
2451606.72794 10.51386
2451687.29779 14.13774
2452009.57721 8.96813
2452090.14706 7.94397
2452331.85662 10.83570
2452412.42647 13.66739
2452734.70588 13.83033
2452815.27574 11.46725
2453056.98529 1.45357
2453137.55515 0.41923
2453459.83456 7.07654
2453540.40441 11.29883
2453782.11397 10.11686
2453862.68382 8.47334
2453943.25368 7.30205
2454184.96324 8.73774
2454265.53309 11.63080
2454507.24265 16.28681
2454587.81250 14.92993
2454668.38235 15.95960
2454910.09191 3.84385
2454990.66176 2.33658
2455232.37132 4.43893
2455312.94118 6.72758
2455393.51103 8.17157
2455635.22059 8.35290
2455715.79044 6.24932
2455957.50000 5.06136
