2445000.00000 4.75289
2445080.56985 3.18892
2445161.13971 3.51225
2445402.84926 11.93103
2445483.41912 15.14870
2445805.69853 16.39072
2445886.26838 11.48207
2446127.97794 8.85686
2446208.54779 13.10324
2446530.82721 16.07489
2446611.39706 12.54107
2446853.10662 5.14808
2446933.67647 4.38905
2447255.95588 8.50931
2447336.52574 8.05469
2447578.23529 2.98466
2447658.80515 1.13800
2447981.08456 5.48918
2448061.65441 6.77960
2448303.36397 10.84598
2448383.93382 11.66287
2448464.50368 7.11960
2448706.21324 8.87711
2448786.78309 10.13306
2449028.49265 15.10356
2449109.06250 15.98124
2449189.63235 15.48101
2449431.34191 10.69906
2449511.91176 9.69115
2449753.62132 11.76703
2449834.19118 11.93609
2449914.76103 13.92682
2450156.47059 8.12742
2450237.04044 5.29226
2450478.75000 4.43563
2450559.31985 5.51447
2450639.88971 6.81988
2450881.59926 7.47853
2450962.16912 6.20606
2451284.44853 3.28047
2451365.01838 5.61504
2451606.72794 10.54715
2451687.29779 10.37787
2452009.57721 7.44774
2452090.14706 9.46359
2452331.85662 12.84356
2452412.42647 17.82567
2452734.70588 12.48735
2452815.27574 10.73241
2453056.98529 10.13173
2453137.55515 10.24021
2453459.83456 10.10930
2453540.40441 9.88350
2453782.11397 2.25474
2453862.68382 2.12899
2453943.25368 3.57577
2454184.96324 10.67612
2454265.53309 7.18136
2454507.24265 3.33802
2454587.81250 2.81592
2454668.38235 3.18015
2454910.09191 11.53094
2454990.66176 13.08287
2455232.37132 14.22821
2455312.94118 12.31115
2455393.51103 9.18113
2455635.22059 12.31093
2455715.79044 11.41433
2455957.50000 17.07442
