2445000.00000 4.40995
2445080.56985 2.47631
2445161.13971 0.54192
2445402.84926 3.63226
2445483.41912 6.46765
2445805.69853 8.16930
2445886.26838 7.73470
2446127.97794 11.72488
2446208.54779 12.40945
2446530.82721 5.84716
2446611.39706 3.62387
2446853.10662 4.12812
2446933.67647 4.72860
2447255.95588 1.70967
2447336.52574 2.67780
2447578.23529 12.08563
2447658.80515 12.07301
2447981.08456 9.90674
2448061.65441 9.11532
2448303.36397 10.10089
2448383.93382 10.27616
2448464.50368 8.18217
2448706.21324 0.84234
2448786.78309 0.74994
2449028.49265 5.57800
2449109.06250 6.19437
2449189.63235 5.78170
2449431.34191 5.33836
2449511.91176 9.06602
2449753.62132 13.62609
2449834.19118 12.82083
2449914.76103 11.72138
2450156.47059 6.28002
2450237.04044 5.99734
2450478.75000 5.99105
2450559.31985 4.61608
2450639.88971 2.69896
2450881.59926 1.89588
2450962.16912 4.14845
2451284.44853 8.29417
2451365.01838 8.52560
2451606.72794 9.06251
2451687.29779 12.95010
2452009.57721 7.23362
2452090.14706 6.78171
2452331.85662 3.42661
2452412.42647 4.90884
2452734.70588 3.66442
2452815.27574 2.56973
2453056.98529 7.65350
2453137.55515 8.54749
2453459.83456 10.58164
2453540.40441 9.59306
2453782.11397 10.85559
2453862.68382 11.93047
2453943.25368 10.19061
2454184.96324 2.75398
2454265.53309 1.42871
2454507.24265 4.12589
2454587.81250 5.77518
2454668.38235 7.22795
2454910.09191 5.05867
2454990.66176 6.66297
2455232.37132 14.33141
2455312.94118 14.53542
2455393.51103 14.31236
2455635.22059 5.23684
2455715.79044 5.12051
2455957.50000 6.59367
