2445000.00000 2.99466
2445080.56985 3.88031
2445161.13971 3.98824
2445402.84926 5.97385
2445483.41912 5.28827
2445805.69853 4.37448
2445886.26838 3.86383
2446127.97794 2.26157
2446208.54779 1.71110
2446530.82721 -1.72754
2446611.39706 -3.07047
2446853.10662 -5.77825
2446933.67647 -7.72925
2447255.95588 -9.43414
2447336.52574 -9.56495
2447578.23529 -12.07297
2447658.80515 -14.19927
2447981.08456 -14.25105
2448061.65441 -15.72687
2448303.36397 -15.36886
2448383.93382 -17.42982
2448464.50368 -15.63470
2448706.21324 -13.21889
2448786.78309 -11.95699
2449028.49265 -6.81561
2449109.06250 -9.02165
2449189.63235 -7.27241
2449431.34191 -2.93092
2449511.91176 -1.40094
2449753.62132 3.22401
2449834.19118 4.73320
2449914.76103 6.38924
2450156.47059 11.14196
2450237.04044 10.59282
2450478.75000 12.91072
2450559.31985 16.16650
2450639.88971 18.51428
2450881.59926 19.81795
2450962.16912 20.71121
2451284.44853 18.38037
2451365.01838 22.28122
2451606.72794 19.45591
2451687.29779 19.64537
2452009.57721 15.39673
2452090.14706 14.90956
2452331.85662 11.61746
2452412.42647 9.37940
2452734.70588 7.09476
2452815.27574 4.82282
2453056.98529 2.13222
2453137.55515 0.93895
2453459.83456 -2.27827
2453540.40441 -3.26699
2453782.11397 -4.73286
2453862.68382 -5.17326
2453943.25368 -4.18403
2454184.96324 -4.47645
2454265.53309 -5.73413
2454507.24265 -4.04927
2454587.81250 -4.01083
2454668.38235 -3.29898
2454910.09191 -1.37901
2454990.66176 -0.61701
2455232.37132 1.25686
2455312.94118 1.95321
2455393.51103 2.89414
2455635.22059 4.86400
2455715.79044 5.79581
2455957.50000 8.15105
