2445000.00000 4.77618
2445080.56985 -1.79441
2445161.13971 3.12992
2445402.84926 -2.70286
2445483.41912 -6.98617
2445805.69853 -10.24117
2445886.26838 -4.76348
2446127.97794 -2.88072
2446208.54779 -6.36160
2446530.82721 -1.60920
2446611.39706 2.23864
2446853.10662 6.36823
2446933.67647 2.22030
2447255.95588 5.03431
2447336.52574 5.80323
2447578.23529 7.55292
2447658.80515 -0.31619
2447981.08456 -1.17937
2448061.65441 -5.19985
2448303.36397 -2.81078
2448383.93382 -8.89789
2448464.50368 -4.50196
2448706.21324 -4.02721
2448786.78309 -7.84652
2449028.49265 0.04694
2449109.06250 -2.67591
2449189.63235 0.20465
2449431.34191 6.50395
2449511.91176 1.08753
2449753.62132 8.12557
2449834.19118 5.81535
2449914.76103 4.78410
2450156.47059 7.51459
2450237.04044 0.98435
2450478.75000 0.63606
2450559.31985 0.76877
2450639.88971 -3.32032
2450881.59926 -1.97507
2450962.16912 -5.77606
2451284.44853 -3.49246
2451365.01838 -9.04902
2451606.72794 -1.48824
2451687.29779 -3.87035
2452009.57721 5.00360
2452090.14706 0.08945
2452331.85662 5.43731
2452412.42647 6.25736
2452734.70588 6.84405
2452815.27574 2.10935
2453056.98529 1.75294
2453137.55515 2.44908
2453459.83456 -0.93730
2453540.40441 -5.82470
2453782.11397 -5.42167
2453862.68382 -3.03116
2453943.25368 -6.76755
2454184.96324 -2.62068
2454265.53309 -3.22649
2454507.24265 -3.03820
2454587.81250 3.42027
2454668.38235 -0.91479
2454910.09191 4.50384
2454990.66176 5.30458
2455232.37132 2.76628
2455312.94118 6.83380
2455393.51103 2.87412
2455635.22059 2.48603
2455715.79044 3.44074
2455957.50000 -3.20956
