2445000.00000 12.30048
2445080.56985 8.58149
2445161.13971 8.54548
2445402.84926 9.21081
2445483.41912 11.11516
2445805.69853 3.79288
2445886.26838 3.50981
2446127.97794 14.49938
2446208.54779 23.03853
2446530.82721 27.90812
2446611.39706 34.07347
2446853.10662 36.34590
2446933.67647 43.91644
2447255.95588 50.32638
2447336.52574 28.88612
2447578.23529 23.22632
2447658.80515 26.14092
2447981.08456 20.07979
2448061.65441 17.94272
2448303.36397 4.77095
2448383.93382 2.45677
2448464.50368 1.14610
2448706.21324 9.71772
2448786.78309 12.79313
2449028.49265 13.49578
2449109.06250 11.87974
2449189.63235 17.99378
2449431.34191 24.65462
2449511.91176 35.63253
2449753.62132 44.82489
2449834.19118 41.59865
2449914.76103 39.72875
2450156.47059 30.65597
2450237.04044 33.44463
2450478.75000 36.90655
2450559.31985 41.85344
2450639.88971 32.45712
2450881.59926 19.34169
2450962.16912 16.15641
2451284.44853 14.02732
2451365.01838 12.26719
2451606.72794 5.41271
2451687.29779 3.70792
2452009.57721 12.53277
2452090.14706 21.81538
2452331.85662 24.57086
2452412.42647 26.90618
2452734.70588 31.32619
2452815.27574 40.15429
2453056.98529 42.52369
2453137.55515 37.58484
2453459.83456 32.66174
2453540.40441 28.06041
2453782.11397 22.97053
2453862.68382 30.18307
2453943.25368 20.55424
2454184.96324 10.28265
2454265.53309 6.42500
2454507.24265 9.34193
2454587.81250 13.05528
2454668.38235 12.28214
2454910.09191 14.18652
2454990.66176 13.26101
2455232.37132 19.13847
2455312.94118 24.11319
2455393.51103 30.20155
2455635.22059 33.64246
2455715.79044 42.98844
2455957.50000 25.99302
