2445000.00000 2.69306
2445080.56985 3.66160
2445161.13971 4.00403
2445402.84926 8.35756
2445483.41912 9.19517
2445805.69853 5.12956
2445886.26838 5.80919
2446127.97794 8.81047
2446208.54779 10.76315
2446530.82721 9.68975
2446611.39706 8.79973
2446853.10662 6.03605
2446933.67647 6.47674
2447255.95588 9.99413
2447336.52574 10.99086
2447578.23529 6.10167
2447658.80515 3.99781
2447981.08456 4.83346
2448061.65441 6.77613
2448303.36397 7.07896
2448383.93382 7.16606
2448464.50368 5.50834
2448706.21324 2.53568
2448786.78309 3.83361
2449028.49265 9.05145
2449109.06250 10.39945
2449189.63235 11.58423
2449431.34191 8.38007
2449511.91176 5.89699
2449753.62132 7.87394
2449834.19118 9.28782
2449914.76103 9.82454
2450156.47059 14.59095
2450237.04044 10.87243
2450478.75000 5.71583
2450559.31985 4.97090
2450639.88971 5.43874
2450881.59926 9.67394
2450962.16912 10.43113
2451284.44853 4.46988
2451365.01838 2.25428
2451606.72794 2.75525
2451687.29779 5.27397
2452009.57721 8.99177
2452090.14706 6.99160
2452331.85662 3.24237
2452412.42647 2.99250
2452734.70588 11.08716
2452815.27574 12.06102
2453056.98529 11.17173
2453137.55515 8.12131
2453459.83456 7.15843
2453540.40441 10.29119
2453782.11397 11.29273
2453862.68382 12.49969
2453943.25368 8.62675
2454184.96324 3.96581
2454265.53309 2.23459
2454507.24265 6.90658
2454587.81250 10.37667
2454668.38235 9.11845
2454910.09191 4.75973
2454990.66176 2.63032
2455232.37132 0.77897
2455312.94118 3.47754
2455393.51103 5.41494
2455635.22059 10.66972
2455715.79044 12.76122
2455957.50000 4.94171
