2445000.00000 17.08222
2445080.56985 15.72402
2445161.13971 20.88836
2445402.84926 15.19865
2445483.41912 12.27111
2445805.69853 6.33434
2445886.26838 9.05682
2446127.97794 0.35672
2446208.54779 5.48437
2446530.82721 10.74992
2446611.39706 18.63593
2446853.10662 16.43021
2446933.67647 23.55316
2447255.95588 17.77382
2447336.52574 15.76449
2447578.23529 11.07056
2447658.80515 7.19449
2447981.08456 8.25917
2448061.65441 3.47781
2448303.36397 15.84854
2448383.93382 13.31548
2448464.50368 10.61037
2448706.21324 15.77491
2448786.78309 15.07118
2449028.49265 16.91538
2449109.06250 11.14062
2449189.63235 9.32355
2449431.34191 3.69573
2449511.91176 2.96790
2449753.62132 2.58972
2449834.19118 3.48369
2449914.76103 11.91964
2450156.47059 10.96702
2450237.04044 18.19259
2450478.75000 15.11418
2450559.31985 20.45249
2450639.88971 24.58831
2450881.59926 12.88218
2450962.16912 17.74182
2451284.44853 8.83674
2451365.01838 7.12017
2451606.72794 10.66349
2451687.29779 12.37496
2452009.57721 21.09912
2452090.14706 15.58449
2452331.85662 20.27962
2452412.42647 18.85603
2452734.70588 10.16769
2452815.27574 5.96742
2453056.98529 7.17797
2453137.55515 2.41636
2453459.83456 7.23950
2453540.40441 8.69939
2453782.11397 13.32451
2453862.68382 14.72250
2453943.25368 18.95940
2454184.96324 14.16914
2454265.53309 15.62005
2454507.24265 7.11877
2454587.81250 7.97065
2454668.38235 11.17946
2454910.09191 4.91453
2454990.66176 9.05389
2455232.37132 8.29031
2455312.94118 13.53532
2455393.51103 16.59002
2455635.22059 15.48160
2455715.79044 18.47623
2455957.50000 19.86639
