2445000.00000 5.53334
2445080.56985 12.88635
2445161.13971 13.77481
2445402.84926 -11.06499
2445483.41912 -5.96230
2445805.69853 0.61828
2445886.26838 -9.41484
2446127.97794 -0.49119
2446208.54779 6.05317
2446530.82721 -15.06330
2446611.39706 -10.21280
2446853.10662 6.79815
2446933.67647 -1.09136
2447255.95588 3.47755
2447336.52574 10.32833
2447578.23529 -6.56193
2447658.80515 -9.15040
2447981.08456 14.58668
2448061.65441 5.45527
2448303.36397 -1.45001
2448383.93382 9.15994
2448464.50368 15.25068
2448706.21324 -6.63544
2448786.78309 -9.24938
2449028.49265 11.58666
2449109.06250 10.95084
2449189.63235 -0.55404
2449431.34191 -8.78870
2449511.91176 1.81860
2449753.62132 -4.98025
2449834.19118 -14.71986
2449914.76103 -14.09039
2450156.47059 8.14240
2450237.04044 6.00581
2450478.75000 -13.18925
2450559.31985 -7.99478
2450639.88971 4.20008
2450881.59926 0.05514
2450962.16912 -9.47733
2451284.44853 16.65876
2451365.01838 14.66649
2451606.72794 -8.09623
2451687.29779 0.31715
2452009.57721 2.74052
2452090.14706 -7.46077
2452331.85662 8.67075
2452412.42647 13.46459
2452734.70588 -13.63828
2452815.27574 -5.75000
2453056.98529 4.46050
2453137.55515 -5.30458
2453459.83456 2.72422
2453540.40441 8.11654
2453782.11397 -15.60085
2453862.68382 -15.76547
2453943.25368 -6.42876
2454184.96324 7.15875
2454265.53309 -3.52233
2454507.24265 -1.08387
2454587.81250 7.31633
2454668.38235 16.98806
2454910.09191 -7.22525
2454990.66176 -7.16894
2455232.37132 17.47490
2455312.94118 9.77748
2455393.51103 0.95907
2455635.22059 0.75623
2455715.79044 10.66418
2455957.50000 -3.16965
