2445000.00000 50.00784
2445080.56985 23.30731
2445161.13971 11.96635
2445402.84926 42.46663
2445483.41912 25.10777
2445805.69853 48.74012
2445886.26838 31.33937
2446127.97794 9.34828
2446208.54779 47.90719
2446530.82721 11.25930
2446611.39706 47.10439
2446853.10662 72.09736
2446933.67647 18.79680
2447255.95588 69.46061
2447336.52574 24.28591
2447578.23529 30.73653
2447658.80515 86.70538
2447981.08456 26.36643
2448061.65441 74.41067
2448303.36397 46.95360
2448383.93382 28.61236
2448464.50368 77.22307
2448706.21324 55.66395
2448786.78309 30.61953
2449028.49265 53.81699
2449109.06250 50.41246
2449189.63235 26.24058
2449431.34191 49.79219
2449511.91176 54.92078
2449753.62132 20.75557
2449834.19118 56.37331
2449914.76103 52.47885
2450156.47059 16.80634
2450237.04044 46.04184
2450478.75000 57.66925
2450559.31985 12.39102
2450639.88971 35.88671
2450881.59926 49.53387
2450962.16912 11.37928
2451284.44853 62.10423
2451365.01838 8.23408
2451606.72794 5.94371
2451687.29779 55.29281
2452009.57721 5.47180
2452090.14706 47.66502
2452331.85662 40.43664
2452412.42647 6.17021
2452734.70588 38.98618
2452815.27574 10.42470
2453056.98529 29.65024
2453137.55515 43.10215
2453459.83456 28.20670
2453540.40441 41.74940
2453782.11397 26.89906
2453862.68382 41.05749
2453943.25368 62.48732
2454184.96324 24.67293
2454265.53309 47.44853
2454507.24265 81.93595
2454587.81250 36.26186
2454668.38235 51.00398
2454910.09191 69.66448
2454990.66176 35.94535
2455232.37132 25.17528
2455312.94118 70.16181
2455393.51103 38.03544
2455635.22059 25.52420
2455715.79044 75.21827
2455957.50000 58.42086
