2445000.00000 6.08926
2445080.56985 6.05263
2445161.13971 7.55326
2445402.84926 7.52530
2445483.41912 9.40848
2445805.69853 6.02731
2445886.26838 4.48163
2446127.97794 2.06356
2446208.54779 1.84554
2446530.82721 3.11290
2446611.39706 4.78497
2446853.10662 7.58415
2446933.67647 9.05941
2447255.95588 9.31067
2447336.52574 7.99576
2447578.23529 6.16737
2447658.80515 7.19344
2447981.08456 10.61179
2448061.65441 12.85914
2448303.36397 14.41076
2448383.93382 15.95032
2448464.50368 17.80197
2448706.21324 16.03704
2448786.78309 14.58163
2449028.49265 11.84946
2449109.06250 14.02223
2449189.63235 11.20077
2449431.34191 17.06305
2449511.91176 15.75617
2449753.62132 13.99821
2449834.19118 19.29324
2449914.76103 18.26923
2450156.47059 12.01191
2450237.04044 11.75525
2450478.75000 7.32788
2450559.31985 5.77971
2450639.88971 6.94750
2450881.59926 6.73181
2450962.16912 8.00568
2451284.44853 8.96994
2451365.01838 7.92396
2451606.72794 4.63381
2451687.29779 3.14478
2452009.57721 0.08253
2452090.14706 0.33957
2452331.85662 3.63782
2452412.42647 4.68077
2452734.70588 7.41910
2452815.27574 8.96170
2453056.98529 7.23683
2453137.55515 5.54593
2453459.83456 5.47076
2453540.40441 6.15539
2453782.11397 11.24290
2453862.68382 11.57700
2453943.25368 15.77298
2454184.96324 18.43189
2454265.53309 16.62772
2454507.24265 14.94941
2454587.81250 13.91492
2454668.38235 13.69659
2454910.09191 14.57914
2454990.66176 13.19335
2455232.37132 14.73647
2455312.94118 20.49813
2455393.51103 20.26871
2455635.22059 20.26849
2455715.79044 17.78296
2455957.50000 12.87764
