2445000.00000 31.37597
2445080.56985 31.99318
2445161.13971 23.01095
2445402.84926 23.20295
2445483.41912 28.69671
2445805.69853 41.93263
2445886.26838 45.97821
2446127.97794 67.45157
2446208.54779 67.76489
2446530.82721 62.97259
2446611.39706 59.19085
2446853.10662 39.63123
2446933.67647 30.30574
2447255.95588 17.40455
2447336.52574 16.88011
2447578.23529 25.88998
2447658.80515 29.64249
2447981.08456 56.48488
2448061.65441 63.54969
2448303.36397 84.32368
2448383.93382 68.74805
2448464.50368 67.67634
2448706.21324 55.97264
2448786.78309 48.19536
2449028.49265 23.49921
2449109.06250 20.03670
2449189.63235 11.93853
2449431.34191 10.17228
2449511.91176 12.63886
2449753.62132 31.34878
2449834.19118 40.71182
2449914.76103 56.83176
2450156.47059 77.77408
2450237.04044 87.33797
2450478.75000 83.16341
2450559.31985 68.78302
2450639.88971 67.85174
2450881.59926 39.17219
2450962.16912 30.70859
2451284.44853 7.04571
2451365.01838 4.04045
2451606.72794 17.14244
2451687.29779 22.29063
2452009.57721 67.57033
2452090.14706 68.08270
2452331.85662 81.20495
2452412.42647 79.90967
2452734.70588 68.27226
2452815.27574 57.93842
2453056.98529 22.77630
2453137.55515 15.81793
2453459.83456 4.02479
2453540.40441 6.61075
2453782.11397 27.70530
2453862.68382 40.50255
2453943.25368 52.99181
2454184.96324 88.13262
2454265.53309 89.08751
2454507.24265 74.74991
2454587.81250 89.68267
2454668.38235 82.63737
2454910.09191 47.92609
2454990.66176 44.58436
2455232.37132 14.80742
2455312.94118 7.75522
2455393.51103 6.36539
2455635.22059 13.81169
2455715.79044 19.52980
2455957.50000 45.50284
