2445000.00000 22.77010
2445080.56985 24.58824
2445161.13971 10.20856
2445402.84926 14.49700
2445483.41912 4.64766
2445805.69853 9.66298
2445886.26838 6.79614
2446127.97794 27.57380
2446208.54779 17.41168
2446530.82721 30.60480
2446611.39706 31.25124
2446853.10662 29.27813
2446933.67647 15.60399
2447255.95588 8.46224
2447336.52574 7.88263
2447578.23529 10.96806
2447658.80515 2.04660
2447981.08456 11.22213
2448061.65441 24.76029
2448303.36397 28.22637
2448383.93382 25.46088
2448464.50368 29.45024
2448706.21324 22.80273
2448786.78309 24.89151
2449028.49265 15.74679
2449109.06250 11.09718
2449189.63235 13.66553
2449431.34191 0.69623
2449511.91176 12.64863
2449753.62132 9.26766
2449834.19118 14.58921
2449914.76103 18.85561
2450156.47059 22.65443
2450237.04044 32.88663
2450478.75000 23.51192
2450559.31985 33.53158
2450639.88971 24.26130
2450881.59926 13.78468
2450962.16912 17.68789
2451284.44853 11.52342
2451365.01838 1.25224
2451606.72794 10.51210
2451687.29779 12.73661
2452009.57721 26.63058
2452090.14706 20.86192
2452331.85662 37.01381
2452412.42647 22.22744
2452734.70588 24.19641
2452815.27574 9.80966
2453056.98529 11.51082
2453137.55515 2.44364
2453459.83456 9.55745
2453540.40441 8.00490
2453782.11397 27.47706
2453862.68382 17.20742
2453943.25368 34.40173
2454184.96324 29.85466
2454265.53309 30.57838
2454507.24265 30.46742
2454587.81250 15.20869
2454668.38235 24.48947
2454910.09191 6.43593
2454990.66176 8.25163
2455232.37132 9.57973
2455312.94118 3.25425
2455393.51103 16.03199
2455635.22059 13.73020
2455715.79044 24.85059
2455957.50000 32.18705
