2445000.00000 -3.91739
2445070.69355 -2.16291
2445141.38710 -0.57705
2445424.16129 -7.50026
2445494.85484 -7.07279
2445777.62903 -4.78478
2445848.32258 -7.31709
2446131.09677 -1.99844
2446201.79032 -1.61439
2446272.48387 -4.21686
2446484.56452 -4.16319
2446555.25806 -0.84407
2446625.95161 1.59802
2446838.03226 -1.91092
2446908.72581 -1.90644
2446979.41935 0.32154
2447191.50000 5.72364
2447262.19355 4.39465
2447332.88710 1.64971
2447615.66129 9.06841
2447686.35484 7.25959
2447969.12903 4.61386
2448039.82258 6.92865
2448322.59677 0.96363
2448393.29032 0.62350
2448463.98387 2.40602
2448676.06452 2.45632
2448746.75806 -0.66341
2448817.45161 -3.32926
2449029.53226 0.15324
2449100.22581 0.25908
2449170.91935 -2.22801
2449383.00000 -5.81156
2449453.69355 -5.51521
2449524.38710 -3.08993
2449807.16129 -9.86367
2449877.85484 -7.33351
2450160.62903 -4.90464
2450231.32258 -6.98020
2450514.09677 0.36514
2450584.79032 0.97397
2450655.48387 -0.72776
2450867.56452 -0.94843
2450938.25806 2.38981
2451008.95161 5.16285
2451221.03226 1.19591
2451291.72581 1.08682
2451362.41935 2.86287
2451645.19355 5.32651
2451715.88710 2.42911
2451998.66129 8.36992
2452069.35484 6.01519
2452352.12903 3.27081
2452422.82258 5.37815
2452705.59677 -1.90022
2452776.29032 -3.23345
2452846.98387 -1.06476
2453059.06452 -0.53847
2453129.75806 -4.14783
2453200.45161 -6.56312
2453412.53226 -2.96715
2453483.22581 -2.31828
2453553.91935 -3.43302
2453766.00000 -9.32250
2453836.69355 -5.27662
2453907.38710 -3.73121
2454190.16129 -7.05420
2454260.85484 -6.57352
2454543.62903 -1.04552
2454614.32258 -3.38123
2454897.09677 3.91822
2454967.79032 3.26936
2455038.48387 2.48740
2455250.56452 2.16059
2455321.25806 5.81484
2455391.95161 6.73876
2455604.03226 3.11269
2455674.72581 2.97843
2455745.41935 4.28357
2455957.50000 8.61846
