2445000.00000 0.78566
2445070.69355 -2.88588
2445141.38710 -3.98169
2445424.16129 -0.84618
2445494.85484 1.79550
2445777.62903 -3.31831
2445848.32258 -1.71532
2446131.09677 -0.78650
2446201.79032 2.96688
2446272.48387 4.23864
2446484.56452 0.23124
2446555.25806 0.66975
2446625.95161 -1.66467
2446838.03226 0.69175
2446908.72581 3.28992
2446979.41935 1.95476
2447191.50000 3.40012
2447262.19355 0.66894
2447332.88710 -3.78635
2447615.66129 -0.21770
2447686.35484 -0.73240
2447969.12903 -0.90505
2448039.82258 -3.26737
2448322.59677 -3.12822
2448393.29032 -0.40841
2448463.98387 3.93331
2448676.06452 -0.56666
2448746.75806 0.18090
2448817.45161 0.56901
2449029.53226 -2.91887
2449100.22581 0.86529
2449170.91935 2.83839
2449383.00000 2.05936
2449453.69355 2.64466
2449524.38710 0.28382
2449807.16129 0.65436
2449877.85484 -0.13307
2450160.62903 2.54013
2450231.32258 -0.97867
2450514.09677 -1.44243
2450584.79032 -2.41723
2450655.48387 -0.09001
2450867.56452 1.03738
2450938.25806 -0.57897
2451008.95161 0.08270
2451221.03226 -4.50340
2451291.72581 -2.33620
2451362.41935 1.22718
2451645.19355 1.85387
2451715.88710 1.95659
2451998.66129 -0.82109
2452069.35484 0.64129
2452352.12903 3.45790
2452422.82258 1.95769
2452705.59677 -0.49590
2452776.29032 -1.51288
2452846.98387 -2.09656
2453059.06452 3.21470
2453129.75806 0.89188
2453200.45161 -0.69277
2453412.53226 -2.01338
2453483.22581 -3.13212
2453553.91935 -2.39111
2453766.00000 1.20274
2453836.69355 0.44999
2453907.38710 1.36519
2454190.16129 -2.94093
2454260.85484 -0.68535
2454543.62903 1.89224
2454614.32258 3.41174
2454897.09677 -1.18572
2454967.79032 -0.42895
2455038.48387 -1.42531
2455250.56452 2.54491
2455321.25806 2.78260
2455391.95161 0.62816
2455604.03226 0.03324
2455674.72581 -1.86539
2455745.41935 -3.47771
2455957.50000 1.90769
