2445000.00000 18.84628
2445070.69355 73.03256
2445141.38710 37.66580
2445424.16129 61.81886
2445494.85484 21.06792
2445777.62903 -4.52577
2445848.32258 -39.48152
2446131.09677 -42.33133
2446201.79032 -51.37197
2446272.48387 -73.05193
2446484.56452 -2.98579
2446555.25806 5.68304
2446625.95161 -10.68257
2446838.03226 41.53928
2446908.72581 70.12209
2446979.41935 33.59402
2447191.50000 41.26518
2447262.19355 51.35965
2447332.88710 -1.94402
2447615.66129 -6.80620
2447686.35484 -54.53906
2447969.12903 -28.56882
2448039.82258 -77.00604
2448322.59677 16.11095
2448393.29032 -22.10340
2448463.98387 37.29733
2448676.06452 69.96676
2448746.75806 21.52412
2448817.45161 59.59495
2449029.53226 58.50602
2449100.22581 10.14844
2449170.91935 23.03953
2449383.00000 7.52866
2449453.69355 -48.36801
2449524.38710 -30.25735
2449807.16129 -80.20109
2449877.85484 -41.78987
2450160.62903 -16.15528
2450231.32258 1.05914
2450514.09677 36.82500
2450584.79032 45.03969
2450655.48387 84.55369
2450867.56452 35.35372
2450938.25806 11.07678
2451008.95161 43.42785
2451221.03226 -20.57840
2451291.72581 -47.25889
2451362.41935 -10.95073
2451645.19355 -68.37649
2451715.88710 -15.79816
2451998.66129 -23.86965
2452069.35484 39.95394
2452352.12903 21.21313
2452422.82258 82.61411
2452705.59677 7.71691
2452776.29032 37.56780
2452846.98387 3.99383
2453059.06452 -44.08582
2453129.75806 -21.40497
2453200.45161 -48.85823
2453412.53226 -74.05573
2453483.22581 -29.33963
2453553.91935 -38.50352
2453766.00000 -31.52160
2453836.69355 12.05492
2453907.38710 24.93249
2454190.16129 44.15273
2454260.85484 67.78544
2454543.62903 25.59164
2454614.32258 32.51394
2454897.09677 -35.81557
2454967.79032 -22.31317
2455038.48387 -70.13764
2455250.56452 -56.60942
2455321.25806 -25.73202
2455391.95161 -64.40354
2455604.03226 -18.64360
2455674.72581 28.99286
2455745.41935 -4.71760
2455957.50000 28.99945
