2445000.00000 -3.21640
2445070.69355 1.34177
2445141.38710 2.72629
2445424.16129 -0.68715
2445494.85484 3.96967
2445777.62903 -0.52929
2445848.32258 1.99506
2446131.09677 4.26373
2446201.79032 1.34537
2446272.48387 2.08742
2446484.56452 8.81738
2446555.25806 4.71730
2446625.95161 0.59115
2446838.03226 6.14810
2446908.72581 6.60506
2446979.41935 2.61708
2447191.50000 -1.73637
2447262.19355 2.12076
2447332.88710 3.28156
2447615.66129 -6.58787
2447686.35484 -2.40995
2447969.12903 -9.29488
2448039.82258 -7.81268
2448322.59677 -5.25190
2448393.29032 -9.47152
2448463.98387 -9.00591
2448676.06452 0.65864
2448746.75806 -1.85851
2448817.45161 -5.13355
2449029.53226 2.65461
2449100.22581 5.16577
2449170.91935 2.61930
2449383.00000 0.76365
2449453.69355 5.14273
2449524.38710 8.42733
2449807.16129 2.15985
2449877.85484 6.93264
2450160.62903 1.03232
2450231.32258 1.38263
2450514.09677 3.33859
2450584.79032 -0.41133
2450655.48387 -1.42358
2450867.56452 5.10641
2450938.25806 0.98834
2451008.95161 -3.07446
2451221.03226 0.35633
2451291.72581 1.57305
2451362.41935 -1.12456
2451645.19355 -2.84563
2451715.88710 -0.60194
2451998.66129 -6.71976
2452069.35484 -3.76627
2452352.12903 -7.66419
2452422.82258 -6.92431
2452705.59677 -0.59844
2452776.29032 -3.76926
2452846.98387 -3.48685
2453059.06452 5.31258
2453129.75806 3.46033
2453200.45161 0.41613
2453412.53226 5.51194
2453483.22581 7.82890
2453553.91935 6.50421
2453766.00000 2.19934
2453836.69355 6.34406
2453907.38710 6.89686
2454190.16129 0.62462
2454260.85484 3.36625
2454543.62903 -1.61929
2454614.32258 -2.97688
2454897.09677 -0.11393
2454967.79032 -4.19292
2455038.48387 -5.45474
2455250.56452 0.32097
2455321.25806 -1.97692
2455391.95161 -5.08997
2455604.03226 -3.58081
2455674.72581 -0.80373
2455745.41935 -2.15367
2455957.50000 -5.63512
