2445000.00000 -3.04765
2445070.69355 -2.78966
2445141.38710 -1.87872
2445424.16129 -3.33132
2445494.85484 -3.98468
2445777.62903 -0.06215
2445848.32258 -1.47090
2446131.09677 1.90805
2446201.79032 2.73702
2446272.48387 1.86555
2446484.56452 0.93784
2446555.25806 3.07113
2446625.95161 4.80121
2446838.03226 0.46855
2446908.72581 0.22610
2446979.41935 1.36190
2447191.50000 1.29904
2447262.19355 -0.83433
2447332.88710 -2.17218
2447615.66129 -0.46731
2447686.35484 -2.72065
2447969.12903 -0.97494
2448039.82258 -0.38641
2448322.59677 -2.15292
2448393.29032 -0.03581
2448463.98387 1.80690
2448676.06452 -0.60162
2448746.75806 -0.30682
2448817.45161 1.80510
2449029.53226 3.31817
2449100.22581 1.58401
2449170.91935 0.49003
2449383.00000 3.51752
2449453.69355 3.55483
2449524.38710 1.13511
2449807.16129 0.85919
2449877.85484 1.21569
2450160.62903 -3.26545
2450231.32258 -1.64557
2450514.09677 -3.76696
2450584.79032 -3.97648
2450655.48387 -2.05059
2450867.56452 0.35460
2450938.25806 -1.02745
2451008.95161 -1.95359
2451221.03226 2.93073
2451291.72581 4.15528
2451362.41935 2.50959
2451645.19355 4.25696
2451715.88710 5.66478
2451998.66129 -0.21121
2452069.35484 1.37910
2452352.12903 -2.75637
2452422.82258 -3.69582
2452705.59677 -1.87414
2452776.29032 -3.51397
2452846.98387 -4.71494
2453059.06452 -0.16592
2453129.75806 -0.01208
2453200.45161 -1.68194
2453412.53226 -0.76030
2453483.22581 2.24374
2453553.91935 2.85865
2453766.00000 0.00027
2453836.69355 0.87423
2453907.38710 3.39973
2454190.16129 0.98347
2454260.85484 0.23914
2454543.62903 1.98691
2454614.32258 -0.74732
2454897.09677 0.36397
2454967.79032 -0.13946
2455038.48387 -2.46015
2455250.56452 -4.01898
2455321.25806 -1.62691
2455391.95161 -0.45946
2455604.03226 -5.29444
2455674.72581 -3.64875
2455745.41935 -0.73387
2455957.50000 0.88244
