2445000.00000 -0.87745
2445070.69355 -11.85945
2445141.38710 -10.53901
2445424.16129 -13.74281
2445494.85484 2.91571
2445777.62903 -0.71359
2445848.32258 15.68750
2446131.09677 0.30716
2446201.79032 10.06560
2446272.48387 -6.86767
2446484.56452 -7.81298
2446555.25806 -3.00703
2446625.95161 -16.37176
2446838.03226 -3.02633
2446908.72581 -5.99296
2446979.41935 -6.47483
2447191.50000 11.15788
2447262.19355 0.84907
2447332.88710 9.84593
2447615.66129 -0.71121
2447686.35484 11.94140
2447969.12903 -11.42046
2448039.82258 1.82066
2448322.59677 -10.70420
2448393.29032 -0.29984
2448463.98387 -11.54505
2448676.06452 3.23046
2448746.75806 6.86544
2448817.45161 0.39179
2449029.53226 14.55795
2449100.22581 5.96762
2449170.91935 5.01116
2449383.00000 7.36756
2449453.69355 -10.09594
2449524.38710 -0.99338
2449807.16129 -16.56460
2449877.85484 -0.81018
2450160.62903 -6.45552
2450231.32258 11.20700
2450514.09677 6.41130
2450584.79032 10.85008
2450655.48387 0.37023
2450867.56452 5.19184
2450938.25806 0.00083
2451008.95161 -5.98511
2451221.03226 -0.81753
2451291.72581 -13.57184
2451362.41935 -6.51893
2451645.19355 -8.22898
2451715.88710 5.27684
2451998.66129 0.68412
2452069.35484 16.06868
2452352.12903 -0.44175
2452422.82258 7.60379
2452705.59677 -5.74869
2452776.29032 -4.42421
2452846.98387 -13.01028
2453059.06452 -0.40654
2453129.75806 -4.69614
2453200.45161 -2.89876
2453412.53226 12.20621
2453483.22581 1.13961
2453553.91935 8.71176
2453766.00000 12.08311
2453836.69355 -2.31760
2453907.38710 9.04350
2454190.16129 -12.23621
2454260.85484 0.33891
2454543.62903 -9.43937
2454614.32258 0.41504
2454897.09677 5.36480
2454967.79032 6.37195
2455038.48387 2.05610
2455250.56452 12.40005
2455321.25806 2.90633
2455391.95161 4.19453
2455604.03226 4.47438
2455674.72581 -8.29189
2455745.41935 -1.17285
2455957.50000 -2.64539
