2445000.00000 28.82047
2445070.69355 16.80844
2445141.38710 18.10640
2445424.16129 24.93402
2445494.85484 12.58181
2445777.62903 15.28778
2445848.32258 3.44710
2446131.09677 14.08536
2446201.79032 3.51265
2446272.48387 9.92014
2446484.56452 20.09329
2446555.25806 12.45024
2446625.95161 11.13967
2446838.03226 24.99440
2446908.72581 24.58369
2446979.41935 19.40105
2447191.50000 17.90844
2447262.19355 23.51048
2447332.88710 9.74426
2447615.66129 12.51583
2447686.35484 3.48413
2447969.12903 13.71535
2448039.82258 8.53882
2448322.59677 18.87504
2448393.29032 21.57807
2448463.98387 13.93322
2448676.06452 22.51883
2448746.75806 27.85841
2448817.45161 13.74861
2449029.53226 12.02582
2449100.22581 17.08739
2449170.91935 8.95765
2449383.00000 3.87331
2449453.69355 11.92053
2449524.38710 5.81261
2449807.16129 12.57531
2449877.85484 12.32718
2450160.62903 20.53574
2450231.32258 28.22756
2450514.09677 15.44493
2450584.79032 32.53696
2450655.48387 14.45420
2450867.56452 8.14306
2450938.25806 15.45729
2451008.95161 9.39834
2451221.03226 1.74496
2451291.72581 10.71243
2451362.41935 8.60889
2451645.19355 14.71618
2451715.88710 21.32870
2451998.66129 17.95364
2452069.35484 30.85326
2452352.12903 14.36794
2452422.82258 21.22082
2452705.59677 4.67439
2452776.29032 14.58026
2452846.98387 8.54965
2453059.06452 2.84688
2453129.75806 9.83426
2453200.45161 12.83733
2453412.53226 14.48142
2453483.22581 11.66406
2453553.91935 25.12190
2453766.00000 27.53245
2453836.69355 19.88447
2453907.38710 29.64457
2454190.16129 10.58399
2454260.85484 16.81596
2454543.62903 2.79141
2454614.32258 8.67545
2454897.09677 7.81878
2454967.79032 7.52075
2455038.48387 21.26818
2455250.56452 23.11814
2455321.25806 13.40682
2455391.95161 30.98645
2455604.03226 23.77841
2455674.72581 16.19238
2455745.41935 28.74902
2455957.50000 23.39790
