2445000.00000 5.98199
2445070.69355 7.32297
2445141.38710 7.14921
2445424.16129 7.57484
2445494.85484 7.66102
2445777.62903 5.53518
2445848.32258 5.10334
2446131.09677 3.55891
2446201.79032 3.09619
2446272.48387 2.98370
2446484.56452 2.94708
2446555.25806 2.94442
2446625.95161 2.44821
2446838.03226 3.06891
2446908.72581 3.54183
2446979.41935 3.09515
2447191.50000 2.75170
2447262.19355 2.43132
2447332.88710 2.37067
2447615.66129 1.15822
2447686.35484 0.90045
2447969.12903 1.13326
2448039.82258 1.48754
2448322.59677 3.38222
2448393.29032 3.86903
2448463.98387 5.12536
2448676.06452 5.94203
2448746.75806 6.69032
2448817.45161 5.63954
2449029.53226 6.40310
2449100.22581 6.15061
2449170.91935 5.38391
2449383.00000 5.38079
2449453.69355 4.29082
2449524.38710 4.72417
2449807.16129 4.31510
2449877.85484 3.96538
2450160.62903 3.53922
2450231.32258 4.48149
2450514.09677 4.76163
2450584.79032 3.97056
2450655.48387 3.60238
2450867.56452 2.41865
2450938.25806 2.14219
2451008.95161 1.48062
2451221.03226 0.33122
2451291.72581 0.23143
2451362.41935 0.22745
2451645.19355 1.26108
2451715.88710 1.71119
2451998.66129 4.21518
2452069.35484 4.12079
2452352.12903 5.01450
2452422.82258 5.63359
2452705.59677 5.38452
2452776.29032 5.67471
2452846.98387 4.80493
2453059.06452 4.13208
2453129.75806 4.78766
2453200.45161 5.37627
2453412.53226 6.44753
2453483.22581 6.08231
2453553.91935 5.53274
2453766.00000 6.37363
2453836.69355 6.02235
2453907.38710 6.05797
2454190.16129 3.83963
2454260.85484 3.60958
2454543.62903 1.98268
2454614.32258 1.25982
2454897.09677 0.38591
2454967.79032 0.50247
2455038.48387 0.60541
2455250.56452 1.34743
2455321.25806 2.13842
2455391.95161 2.64046
2455604.03226 3.13199
2455674.72581 3.84452
2455745.41935 4.07938
2455957.50000 3.93821
