2445000.00000 46.58469
2445070.69355 34.06326
2445141.38710 5.72299
2445424.16129 51.72535
2445494.85484 3.38912
2445777.62903 56.06138
2445848.32258 25.61822
2446131.09677 37.36615
2446201.79032 51.17906
2446272.48387 9.28637
2446484.56452 17.72727
2446555.25806 69.15644
2446625.95161 23.75327
2446838.03226 15.47985
2446908.72581 54.65574
2446979.41935 45.91034
2447191.50000 35.81981
2447262.19355 33.54640
2447332.88710 85.10217
2447615.66129 25.88538
2447686.35484 80.36391
2447969.12903 34.22303
2448039.82258 51.36033
2448322.59677 57.59570
2448393.29032 36.51229
2448463.98387 82.24528
2448676.06452 74.34021
2448746.75806 26.61694
2448817.45161 57.14647
2449029.53226 66.58839
2449100.22581 32.55288
2449170.91935 29.38244
2449383.00000 49.64551
2449453.69355 60.11368
2449524.38710 22.70320
2449807.16129 55.99204
2449877.85484 28.37767
2450160.62903 42.68375
2450231.32258 44.23572
2450514.09677 26.95647
2450584.79032 60.80222
2450655.48387 9.84905
2450867.56452 6.29671
2450938.25806 49.73955
2451008.95161 27.92643
2451221.03226 10.83511
2451291.72581 29.29279
2451362.41935 47.47861
2451645.19355 7.49084
2451715.88710 50.83752
2451998.66129 5.37142
2452069.35484 41.65175
2452352.12903 23.08877
2452422.82258 15.25231
2452705.59677 44.08267
2452776.29032 6.60665
2452846.98387 32.08103
2453059.06452 59.87710
2453129.75806 15.03844
2453200.45161 30.20885
2453412.53226 41.25110
2453483.22581 51.42941
2453553.91935 19.97853
2453766.00000 32.38968
2453836.69355 63.35455
2453907.38710 21.51933
2454190.16129 72.08467
2454260.85484 40.10342
2454543.62903 54.32979
2454614.32258 61.75750
2454897.09677 29.73484
2454967.79032 78.77539
2455038.48387 40.03926
2455250.56452 28.40280
2455321.25806 60.52801
2455391.95161 61.81494
2455604.03226 41.38451
2455674.72581 38.37311
2455745.41935 69.44018
2455957.50000 71.62842
