2445000.00000 2.46486
2445070.69355 -5.11011
2445141.38710 1.39620
2445424.16129 -7.53385
2445494.85484 -10.68190
2445777.62903 -1.57517
2445848.32258 -8.78250
2446131.09677 0.00053
2446201.79032 4.98309
2446272.48387 -2.06798
2446484.56452 1.14334
2446555.25806 8.93786
2446625.95161 11.55884
2446838.03226 7.11691
2446908.72581 1.83495
2446979.41935 10.02396
2447191.50000 5.86224
2447262.19355 -2.31873
2447332.88710 -4.43819
2447615.66129 -2.27309
2447686.35484 -10.59129
2447969.12903 -5.27890
2448039.82258 -3.76554
2448322.59677 -6.69060
2448393.29032 5.00939
2448463.98387 2.27776
2448676.06452 5.39566
2448746.75806 3.53710
2448817.45161 12.55353
2449029.53226 13.27712
2449100.22581 3.24284
2449170.91935 5.33317
2449383.00000 2.85697
2449453.69355 4.38357
2449524.38710 -5.93683
2449807.16129 -3.36180
2449877.85484 -6.85992
2450160.62903 -14.79515
2450231.32258 -2.11320
2450514.09677 -5.36910
2450584.79032 -2.29784
2450655.48387 7.97844
2450867.56452 15.01992
2450938.25806 2.30658
2451008.95161 10.11745
2451221.03226 10.60735
2451291.72581 12.32033
2451362.41935 1.66348
2451645.19355 6.81382
2451715.88710 -0.73365
2451998.66129 -9.69448
2452069.35484 -1.95694
2452352.12903 -12.86452
2452422.82258 -9.17531
2452705.59677 1.32236
2452776.29032 -7.11673
2452846.98387 4.23461
2453059.06452 12.45275
2453129.75806 9.45773
2453200.45161 2.99231
2453412.53226 6.06828
2453483.22581 18.23711
2453553.91935 7.65957
2453766.00000 0.33138
2453836.69355 0.66192
2453907.38710 5.69958
2454190.16129 -12.33463
2454260.85484 -7.15969
2454543.62903 -7.42581
2454614.32258 -15.37765
2454897.09677 2.12639
2454967.79032 -2.86621
2455038.48387 -5.06083
2455250.56452 2.62641
2455321.25806 12.91516
2455391.95161 4.31922
2455604.03226 5.37618
2455674.72581 10.09392
2455745.41935 16.61381
2455957.50000 10.19996
