2445000.00000 7.14078
2445070.69355 12.83614
2445141.38710 21.68603
2445424.16129 16.97366
2445494.85484 30.40547
2445777.62903 21.05153
2445848.32258 19.53603
2446131.09677 18.04929
2446201.79032 16.78117
2446272.48387 3.92413
2446484.56452 13.57297
2446555.25806 9.42611
2446625.95161 0.28031
2446838.03226 14.38087
2446908.72581 4.20792
2446979.41935 1.43798
2447191.50000 13.85125
2447262.19355 4.47880
2447332.88710 7.72796
2447615.66129 8.62352
2447686.35484 16.04474
2447969.12903 9.56498
2448039.82258 17.75095
2448322.59677 15.06208
2448393.29032 22.52363
2448463.98387 20.99131
2448676.06452 14.66563
2448746.75806 19.32215
2448817.45161 12.54816
2449029.53226 13.34284
2449100.22581 18.97781
2449170.91935 5.77152
2449383.00000 16.79997
2449453.69355 10.27405
2449524.38710 3.13861
2449807.16129 10.75005
2449877.85484 4.26044
2450160.62903 10.52574
2450231.32258 7.12333
2450514.09677 11.92434
2450584.79032 14.17098
2450655.48387 22.00327
2450867.56452 9.63648
2450938.25806 15.70139
2451008.95161 23.33060
2451221.03226 8.25387
2451291.72581 17.60915
2451362.41935 22.68170
2451645.19355 14.94958
2451715.88710 12.73427
2451998.66129 15.40295
2452069.35484 7.58031
2452352.12903 16.49790
2452422.82258 7.29065
2452705.59677 16.32816
2452776.29032 7.71268
2452846.98387 9.69705
2453059.06452 15.06052
2453129.75806 8.58640
2453200.45161 17.28162
2453412.53226 10.41671
2453483.22581 11.56456
2453553.91935 23.26581
2453766.00000 7.02446
2453836.69355 8.41419
2453907.38710 19.46901
2454190.16129 10.59725
2454260.85484 17.95927
2454543.62903 14.07568
2454614.32258 14.67144
2454897.09677 14.37080
2454967.79032 14.17814
2455038.48387 5.68751
2455250.56452 23.44665
2455321.25806 13.27083
2455391.95161 8.87400
2455604.03226 25.46610
2455674.72581 12.63437
2455745.41935 9.58692
2455957.50000 20.10100
