2445000.00000 -4.64464
2445070.69355 -3.61603
2445141.38710 -2.84154
2445424.16129 -2.12463
2445494.85484 -2.97811
2445777.62903 -2.21700
2445848.32258 -1.10928
2446131.09677 -2.07177
2446201.79032 -2.88883
2446272.48387 -3.27469
2446484.56452 0.05228
2446555.25806 1.14847
2446625.95161 1.65884
2446838.03226 -1.04506
2446908.72581 -1.89217
2446979.41935 -1.31928
2447191.50000 2.99154
2447262.19355 3.00179
2447332.88710 2.91586
2447615.66129 0.21727
2447686.35484 1.36084
2447969.12903 4.22706
2448039.82258 3.47208
2448322.59677 2.21281
2448393.29032 3.41329
2448463.98387 5.46293
2448676.06452 3.64551
2448746.75806 2.33772
2448817.45161 1.30410
2449029.53226 3.16774
2449100.22581 4.51240
2449170.91935 5.05920
2449383.00000 2.10457
2449453.69355 0.66034
2449524.38710 -0.01890
2449807.16129 3.54680
2449877.85484 2.63638
2450160.62903 -1.75095
2450231.32258 -1.76392
2450514.09677 1.74044
2450584.79032 0.72490
2450655.48387 -0.86606
2450867.56452 -4.44323
2450938.25806 -3.23161
2451008.95161 -1.65552
2451221.03226 -0.89369
2451291.72581 -2.11883
2451362.41935 -4.48360
2451645.19355 -3.65746
2451715.88710 -1.89862
2451998.66129 -4.98026
2452069.35484 -6.16563
2452352.12903 -2.25755
2452422.82258 -1.31571
2452705.59677 -5.46738
2452776.29032 -6.26793
2452846.98387 -5.23237
2453059.06452 -0.18689
2453129.75806 0.08002
2453200.45161 -0.94139
2453412.53226 -4.55893
2453483.22581 -4.06833
2453553.91935 -2.07732
2453766.00000 2.30572
2453836.69355 1.48740
2453907.38710 0.24036
2454190.16129 0.08230
2454260.85484 2.28277
2454543.62903 3.01539
2454614.32258 1.24611
2454897.09677 3.45287
2454967.79032 6.04709
2455038.48387 5.47935
2455250.56452 3.47700
2455321.25806 1.34802
2455391.95161 1.66591
2455604.03226 5.49859
2455674.72581 6.97301
2455745.41935 7.10645
2455957.50000 1.85154
