2445000.00000 7.53211
2445070.69355 -17.10871
2445141.38710 -48.06161
2445424.16129 5.17469
2445494.85484 33.27021
2445777.62903 -9.26450
2445848.32258 -26.84509
2446131.09677 58.42257
2446201.79032 73.12403
2446272.48387 68.56439
2446484.56452 -14.27693
2446555.25806 -22.17314
2446625.95161 -7.99361
2446838.03226 53.02093
2446908.72581 50.73060
2446979.41935 21.26185
2447191.50000 -58.36810
2447262.19355 -44.17397
2447332.88710 -16.25225
2447615.66129 -4.35783
2447686.35484 -36.34745
2447969.12903 -36.50797
2448039.82258 -3.30968
2448322.59677 -16.53785
2448393.29032 -49.89859
2448463.98387 -56.52884
2448676.06452 29.54733
2448746.75806 44.78818
2448817.45161 45.11736
2449029.53226 -5.90378
2449100.22581 -22.00776
2449170.91935 -13.62250
2449383.00000 54.30965
2449453.69355 68.97997
2449524.38710 59.26018
2449807.16129 -31.84751
2449877.85484 -11.86781
2450160.62903 28.59040
2450231.32258 2.14987
2450514.09677 -41.10966
2450584.79032 -20.25060
2450655.48387 5.52976
2450867.56452 -13.70261
2450938.25806 -45.73483
2451008.95161 -69.61811
2451221.03226 -22.09406
2451291.72581 12.02055
2451362.41935 28.01620
2451645.19355 -37.76836
2451715.88710 -42.95240
2451998.66129 65.74923
2452069.35484 63.92811
2452352.12903 -16.13800
2452422.82258 -11.76796
2452705.59677 58.86029
2452776.29032 46.50284
2452846.98387 16.22499
2453059.06452 -34.75557
2453129.75806 -14.54987
2453200.45161 9.52781
2453412.53226 18.37272
2453483.22581 -18.49845
2453553.91935 -43.82851
2453766.00000 -43.15865
2453836.69355 -16.03211
2453907.38710 8.79191
2454190.16129 -50.38037
2454260.85484 -66.10877
2454543.62903 24.42426
2454614.32258 39.98120
2454897.09677 -31.70495
2454967.79032 -25.60066
2455038.48387 -9.34178
2455250.56452 59.30754
2455321.25806 71.74777
2455391.95161 46.99722
2455604.03226 -18.19390
2455674.72581 -9.61572
2455745.41935 17.47857
2455957.50000 51.70816
