2445000.00000 190.16032
2445070.69355 150.97746
2445141.38710 103.98213
2445424.16129 119.36892
2445494.85484 60.70508
2445777.62903 54.33813
2445848.32258 24.72516
2446131.09677 21.67439
2446201.79032 2.51140
2446272.48387 43.37078
2446484.56452 20.83163
2446555.25806 16.47090
2446625.95161 64.85021
2446838.03226 57.34564
2446908.72581 59.60528
2446979.41935 122.07051
2447191.50000 97.96062
2447262.19355 116.11649
2447332.88710 174.19854
2447615.66129 113.86212
2447686.35484 212.53199
2447969.12903 135.30949
2448039.82258 141.22277
2448322.59677 112.36913
2448393.29032 152.47995
2448463.98387 120.59605
2448676.06452 54.49724
2448746.75806 104.69628
2448817.45161 101.36518
2449029.53226 29.98300
2449100.22581 94.80532
2449170.91935 63.14817
2449383.00000 41.49638
2449453.69355 77.74078
2449524.38710 81.94677
2449807.16129 154.30017
2449877.85484 134.56348
2450160.62903 179.70570
2450231.32258 161.91296
2450514.09677 175.70448
2450584.79032 171.45901
2450655.48387 139.17604
2450867.56452 195.40433
2450938.25806 166.16006
2451008.95161 109.38682
2451221.03226 148.24378
2451291.72581 118.50633
2451362.41935 68.50895
2451645.19355 67.21250
2451715.88710 21.85043
2451998.66129 41.42909
2452069.35484 3.36272
2452352.12903 41.52956
2452422.82258 17.34109
2452705.59677 73.17611
2452776.29032 57.67351
2452846.98387 90.29714
2453059.06452 102.91832
2453129.75806 106.93781
2453200.45161 145.38815
2453412.53226 120.03848
2453483.22581 142.97668
2453553.91935 174.49147
2453766.00000 143.07871
2453836.69355 105.90814
2453907.38710 137.08210
2454190.16129 74.06512
2454260.85484 132.75285
2454543.62903 48.10428
2454614.32258 77.89319
2454897.09677 13.59572
2454967.79032 70.44726
2455038.48387 58.48261
2455250.56452 28.67800
2455321.25806 87.25021
2455391.95161 98.05096
2455604.03226 76.74687
2455674.72581 120.52977
2455745.41935 133.74511
2455957.50000 119.65875
