2445000.00000 -4.38080
2445070.69355 -0.48708
2445141.38710 7.55927
2445424.16129 0.36838
2445494.85484 9.96117
2445777.62903 -1.76761
2445848.32258 4.91712
2446131.09677 -5.97530
2446201.79032 1.71414
2446272.48387 3.46128
2446484.56452 -10.04312
2446555.25806 -0.86532
2446625.95161 2.43946
2446838.03226 -8.47914
2446908.72581 -0.54940
2446979.41935 3.16954
2447191.50000 -5.78648
2447262.19355 2.28597
2447332.88710 7.12437
2447615.66129 6.21237
2447686.35484 10.88752
2447969.12903 5.80888
2448039.82258 9.54105
2448322.59677 5.63117
2448393.29032 9.12072
2448463.98387 3.45319
2448676.06452 1.20995
2448746.75806 5.17123
2448817.45161 -0.17717
2449029.53226 -2.18017
2449100.22581 3.26028
2449170.91935 -1.97728
2449383.00000 -2.26892
2449453.69355 2.61901
2449524.38710 -0.61828
2449807.16129 6.25546
2449877.85484 2.83605
2450160.62903 9.59739
2450231.32258 5.18170
2450514.09677 12.60381
2450584.79032 8.04528
2450655.48387 -0.41839
2450867.56452 9.72625
2450938.25806 5.66323
2451008.95161 -2.74746
2451221.03226 6.19764
2451291.72581 2.46788
2451362.41935 -5.02734
2451645.19355 -0.30025
2451715.88710 -8.78059
2451998.66129 -0.00439
2452069.35484 -8.82964
2452352.12903 3.16045
2452422.82258 -4.40118
2452705.59677 6.74583
2452776.29032 -0.45295
2452846.98387 -3.14801
2453059.06452 8.55461
2453129.75806 0.92468
2453200.45161 -2.08454
2453412.53226 6.65051
2453483.22581 -0.44789
2453553.91935 -3.44803
2453766.00000 4.26517
2453836.69355 -4.61656
2453907.38710 -7.75436
2454190.16129 -6.51028
2454260.85484 -9.68958
2454543.62903 -5.65960
2454614.32258 -10.31795
2454897.09677 -4.10427
2454967.79032 -7.26806
2455038.48387 -1.99742
2455250.56452 0.16125
2455321.25806 -4.03571
2455391.95161 1.36267
2455604.03226 2.93812
2455674.72581 -2.37081
2455745.41935 1.78737
2455957.50000 1.87987
