2445000.00000 3.84985
2445070.69355 4.14417
2445141.38710 4.28404
2445424.16129 -0.23214
2445494.85484 -1.32551
2445777.62903 -4.95764
2445848.32258 -5.67204
2446131.09677 -4.48108
2446201.79032 -2.85516
2446272.48387 -1.77143
2446484.56452 2.53490
2446555.25806 3.98518
2446625.95161 6.73361
2446838.03226 9.06695
2446908.72581 8.36385
2446979.41935 8.67089
2447191.50000 7.32868
2447262.19355 6.78326
2447332.88710 3.71500
2447615.66129 -4.42586
2447686.35484 -7.09135
2447969.12903 -12.39896
2448039.82258 -14.83172
2448322.59677 -11.40139
2448393.29032 -9.87648
2448463.98387 -8.12692
2448676.06452 0.42996
2448746.75806 3.66982
2448817.45161 6.88080
2449029.53226 14.24894
2449100.22581 15.27032
2449170.91935 17.80693
2449383.00000 16.92497
2449453.69355 16.01477
2449524.38710 12.67860
2449807.16129 3.23786
2449877.85484 -0.68139
2450160.62903 -13.27249
2450231.32258 -15.33629
2450514.09677 -22.63460
2450584.79032 -17.74700
2450655.48387 -21.35563
2450867.56452 -9.46303
2450938.25806 -5.81996
2451008.95161 -2.90553
2451221.03226 8.19603
2451291.72581 12.29933
2451362.41935 16.41557
2451645.19355 19.02253
2451715.88710 16.58512
2451998.66129 14.72269
2452069.35484 8.44557
2452352.12903 -4.76355
2452422.82258 -8.34947
2452705.59677 -11.87866
2452776.29032 -14.51883
2452846.98387 -19.54739
2453059.06452 -13.05512
2453129.75806 -11.38868
2453200.45161 -9.49451
2453412.53226 -1.34956
2453483.22581 1.50084
2453553.91935 3.96111
2453766.00000 10.49378
2453836.69355 11.76104
2453907.38710 13.07681
2454190.16129 8.88359
2454260.85484 8.25962
2454543.62903 0.90021
2454614.32258 -1.20000
2454897.09677 -6.14849
2454967.79032 -6.98646
2455038.48387 -7.41690
2455250.56452 -5.60599
2455321.25806 -4.32120
2455391.95161 -3.03291
2455604.03226 2.04999
2455674.72581 3.07809
2455745.41935 3.98830
2455957.50000 5.75411
