2445000.00000 17.61259
2445070.69355 7.12591
2445141.38710 -27.19569
2445424.16129 44.81638
2445494.85484 14.20151
2445777.62903 63.97285
2445848.32258 26.25864
2446131.09677 43.37096
2446201.79032 4.00749
2446272.48387 -27.34247
2446484.56452 10.20041
2446555.25806 -29.16152
2446625.95161 -68.06132
2446838.03226 -8.37238
2446908.72581 -35.00390
2446979.41935 -75.19776
2447191.50000 8.09678
2447262.19355 -5.65109
2447332.88710 -33.00415
2447615.66129 45.61716
2447686.35484 5.73781
2447969.12903 66.83878
2448039.82258 29.09393
2448322.59677 45.05761
2448393.29032 14.55549
2448463.98387 -19.48659
2448676.06452 24.36982
2448746.75806 -17.65728
2448817.45161 -64.10523
2449029.53226 -4.48347
2449100.22581 -36.08364
2449170.91935 -70.31318
2449383.00000 0.32890
2449453.69355 -15.79403
2449524.38710 -51.02963
2449807.16129 26.75206
2449877.85484 -4.52757
2450160.62903 55.65498
2450231.32258 26.15883
2450514.09677 67.83670
2450584.79032 20.96286
2450655.48387 -10.49793
2450867.56452 33.30435
2450938.25806 -8.57086
2451008.95161 -40.88363
2451221.03226 0.26964
2451291.72581 -35.82548
2451362.41935 -62.46524
2451645.19355 -25.95154
2451715.88710 -52.06532
2451998.66129 13.34008
2452069.35484 -14.32538
2452352.12903 55.63194
2452422.82258 21.50068
2452705.59677 64.63583
2452776.29032 23.22476
2452846.98387 -2.12239
2453059.06452 40.20525
2453129.75806 1.50023
2453200.45161 -42.31472
2453412.53226 7.62270
2453483.22581 -27.30128
2453553.91935 -60.23640
2453766.00000 -6.82502
2453836.69355 -33.41541
2453907.38710 -53.44559
2454190.16129 1.76099
2454260.85484 -27.19898
2454543.62903 41.24977
2454614.32258 13.60284
2454897.09677 72.56915
2454967.79032 30.81682
2455038.48387 4.00507
2455250.56452 54.88520
2455321.25806 12.34426
2455391.95161 -27.08671
2455604.03226 17.97837
2455674.72581 -21.68064
2455745.41935 -62.18055
2455957.50000 -6.04428
