2445000.00000 17.88035
2445070.69355 21.69222
2445141.38710 22.70645
2445424.16129 11.78066
2445494.85484 7.24883
2445777.62903 15.45639
2445848.32258 17.41775
2446131.09677 7.63895
2446201.79032 0.34244
2446272.48387 -7.23357
2446484.56452 -19.39704
2446555.25806 -14.71765
2446625.95161 -10.32964
2446838.03226 -6.38695
2446908.72581 -8.42866
2446979.41935 -13.01529
2447191.50000 -27.29612
2447262.19355 -25.63480
2447332.88710 -25.02732
2447615.66129 2.63450
2447686.35484 6.32017
2447969.12903 2.50177
2448039.82258 0.55164
2448322.59677 14.03141
2448393.29032 22.01038
2448463.98387 30.82116
2448676.06452 27.83665
2448746.75806 19.96232
2448817.45161 11.59744
2449029.53226 0.16438
2449100.22581 0.50393
2449170.91935 2.99322
2449383.00000 8.23244
2449453.69355 5.08065
2449524.38710 1.12435
2449807.16129 -27.87053
2449877.85484 -23.94341
2450160.62903 -13.35279
2450231.32258 -8.05350
2450514.09677 -10.74689
2450584.79032 -15.42301
2450655.48387 -17.05177
2450867.56452 -5.49481
2450938.25806 2.25910
2451008.95161 11.90863
2451221.03226 21.40639
2451291.72581 22.01410
2451362.41935 19.52036
2451645.19355 7.61376
2451715.88710 10.98098
2451998.66129 24.44289
2452069.35484 21.71237
2452352.12903 -6.53139
2452422.82258 -13.57305
2452705.59677 -6.73966
2452776.29032 -5.05342
2452846.98387 -3.95244
2453059.06452 -14.29384
2453129.75806 -19.94558
2453200.45161 -19.98016
2453412.53226 -25.06048
2453483.22581 -21.62921
2453553.91935 -14.81310
2453766.00000 4.23137
2453836.69355 3.43899
2453907.38710 2.64116
2454190.16129 -1.96760
2454260.85484 1.91152
2454543.62903 29.05177
2454614.32258 30.49673
2454897.09677 11.07601
2454967.79032 7.20990
2455038.48387 4.29367
2455250.56452 6.59062
2455321.25806 10.61028
2455391.95161 12.07938
2455604.03226 2.21908
2455674.72581 -4.85930
2455745.41935 -9.51455
2455957.50000 -22.61565
