2445000.00000 3.62317
2445070.69355 -6.99735
2445141.38710 -8.48920
2445424.16129 1.98492
2445494.85484 4.11763
2445777.62903 -1.72989
2445848.32258 -5.28168
2446131.09677 4.79854
2446201.79032 10.09818
2446272.48387 -1.98892
2446484.56452 3.27078
2446555.25806 -2.75820
2446625.95161 9.49648
2446838.03226 3.10954
2446908.72581 10.51382
2446979.41935 -0.10757
2447191.50000 4.52266
2447262.19355 -7.10205
2447332.88710 4.60519
2447615.66129 9.19195
2447686.35484 -2.39230
2447969.12903 -10.27396
2448039.82258 -1.77339
2448322.59677 4.44354
2448393.29032 -3.81513
2448463.98387 -9.84337
2448676.06452 -12.70012
2448746.75806 -6.00899
2448817.45161 3.57532
2449029.53226 3.75302
2449100.22581 -0.39987
2449170.91935 -10.40494
2449383.00000 -7.46717
2449453.69355 -3.79504
2449524.38710 7.92467
2449807.16129 6.44706
2449877.85484 -5.47071
2450160.62903 -1.89114
2450231.32258 12.54340
2450514.09677 11.77624
2450584.79032 -2.89935
2450655.48387 2.81431
2450867.56452 -3.45201
2450938.25806 10.91060
2451008.95161 6.88808
2451221.03226 11.96295
2451291.72581 -5.41722
2451362.41935 -5.10487
2451645.19355 4.08202
2451715.88710 4.58479
2451998.66129 -7.74010
2452069.35484 -11.31684
2452352.12903 -2.18197
2452422.82258 3.12631
2452705.59677 -8.45006
2452776.29032 -18.96992
2452846.98387 3.06358
2453059.06452 -2.51263
2453129.75806 9.05455
2453200.45161 -8.03315
2453412.53226 1.04401
2453483.22581 -13.93745
2453553.91935 7.42060
2453766.00000 1.65146
2453836.69355 15.80198
2453907.38710 0.64261
2454190.16129 -6.73806
2454260.85484 11.94461
2454543.62903 28.60431
2454614.32258 5.62845
2454897.09677 -8.95478
2454967.79032 3.60337
2455038.48387 16.98173
2455250.56452 13.76166
2455321.25806 2.40492
2455391.95161 -16.91273
2455604.03226 -15.09996
2455674.72581 -9.06306
2455745.41935 10.49692
2455957.50000 4.01026
