2445000.00000 5.42253
2445070.69355 5.46705
2445141.38710 9.89267
2445424.16129 49.49690
2445494.85484 63.07344
2445777.62903 43.61104
2445848.32258 35.83727
2446131.09677 8.85169
2446201.79032 16.36792
2446272.48387 22.79467
2446484.56452 47.00003
2446555.25806 52.81817
2446625.95161 62.28225
2446838.03226 42.19014
2446908.72581 29.53021
2446979.41935 28.02299
2447191.50000 6.45060
2447262.19355 4.16284
2447332.88710 8.42221
2447615.66129 41.28098
2447686.35484 56.32167
2447969.12903 49.95924
2448039.82258 41.78785
2448322.59677 11.16254
2448393.29032 16.75351
2448463.98387 20.72396
2448676.06452 40.44861
2448746.75806 59.19039
2448817.45161 52.19121
2449029.53226 41.75696
2449100.22581 26.97701
2449170.91935 32.04306
2449383.00000 9.13762
2449453.69355 4.51126
2449524.38710 6.19396
2449807.16129 41.19452
2449877.85484 55.42272
2450160.62903 55.53829
2450231.32258 45.07118
2450514.09677 11.65957
2450584.79032 16.91423
2450655.48387 18.35687
2450867.56452 24.88728
2450938.25806 39.48078
2451008.95161 56.18828
2451221.03226 47.66315
2451291.72581 38.64317
2451362.41935 34.33798
2451645.19355 4.73303
2451715.88710 5.18474
2451998.66129 45.87475
2452069.35484 42.29000
2452352.12903 57.80596
2452422.82258 48.90986
2452705.59677 17.60175
2452776.29032 17.22604
2452846.98387 15.12408
2453059.06452 23.07640
2453129.75806 44.43689
2453200.45161 42.58632
2453412.53226 45.27955
2453483.22581 38.71850
2453553.91935 41.43756
2453766.00000 16.79510
2453836.69355 6.61587
2453907.38710 5.42963
2454190.16129 35.70791
2454260.85484 38.45560
2454543.62903 54.21982
2454614.32258 51.11140
2454897.09677 17.59721
2454967.79032 15.83890
2455038.48387 14.72667
2455250.56452 22.61224
2455321.25806 39.52211
2455391.95161 47.74256
2455604.03226 50.80882
2455674.72581 42.71514
2455745.41935 50.45475
2455957.50000 21.97689
