2445000.00000 2.90752
2445070.69355 5.34291
2445141.38710 7.03626
2445424.16129 -8.73622
2445494.85484 -7.90939
2445777.62903 -15.19601
2445848.32258 -16.01369
2446131.09677 -5.24006
2446201.79032 -9.91374
2446272.48387 -12.87724
2446484.56452 2.72229
2446555.25806 5.64004
2446625.95161 3.91617
2446838.03226 4.61603
2446908.72581 12.14182
2446979.41935 16.61347
2447191.50000 6.87985
2447262.19355 6.80123
2447332.88710 11.33382
2447615.66129 3.21683
2447686.35484 -0.77775
2447969.12903 0.46531
2448039.82258 -5.96429
2448322.59677 -6.65887
2448393.29032 -6.65952
2448463.98387 -11.21823
2448676.06452 -13.18601
2448746.75806 -9.08955
2448817.45161 -4.24997
2449029.53226 -9.35062
2449100.22581 -6.37365
2449170.91935 0.25208
2449383.00000 7.97178
2449453.69355 4.08698
2449524.38710 4.26369
2449807.16129 15.05355
2449877.85484 10.41724
2450160.62903 15.61196
2450231.32258 11.50371
2450514.09677 -2.53324
2450584.79032 0.47469
2450655.48387 0.90549
2450867.56452 -17.19800
2450938.25806 -17.84894
2451008.95161 -13.25591
2451221.03226 -13.89197
2451291.72581 -15.07911
2451362.41935 -17.21634
2451645.19355 -1.87116
2451715.88710 -5.43302
2451998.66129 9.67104
2452069.35484 12.48568
2452352.12903 12.75201
2452422.82258 23.35192
2452705.59677 6.12388
2452776.29032 6.27273
2452846.98387 11.31157
2453059.06452 1.61328
2453129.75806 -5.51405
2453200.45161 -9.49716
2453412.53226 -2.69519
2453483.22581 -7.18152
2453553.91935 -18.33252
2453766.00000 -11.60663
2453836.69355 -7.99275
2453907.38710 -7.73708
2454190.16129 -6.53185
2454260.85484 -1.14264
2454543.62903 -3.47609
2454614.32258 2.30868
2454897.09677 8.83439
2454967.79032 7.17675
2455038.48387 8.21687
2455250.56452 18.48793
2455321.25806 11.31801
2455391.95161 6.37471
2455604.03226 8.00232
2455674.72581 9.28119
2455745.41935 4.12544
2455957.50000 -12.49811
