2445000.00000 0.71108
2445070.69355 -3.60311
2445141.38710 -0.82609
2445424.16129 -1.04629
2445494.85484 -1.17245
2445777.62903 2.87444
2445848.32258 1.02429
2446131.09677 -0.31334
2446201.79032 3.14669
2446272.48387 -1.93810
2446484.56452 -0.29884
2446555.25806 -4.01412
2446625.95161 -1.11000
2446838.03226 -1.95207
2446908.72581 -0.30883
2446979.41935 0.08635
2447191.50000 1.17959
2447262.19355 3.50582
2447332.88710 1.26062
2447615.66129 -1.57046
2447686.35484 1.98233
2447969.12903 -0.84642
2448039.82258 -3.73534
2448322.59677 -0.78120
2448393.29032 0.73970
2448463.98387 1.43072
2448676.06452 1.61395
2448746.75806 4.06713
2448817.45161 0.73562
2449029.53226 2.16039
2449100.22581 -2.89050
2449170.91935 0.49497
2449383.00000 -4.26104
2449453.69355 -0.82937
2449524.38710 -3.51729
2449807.16129 0.50471
2449877.85484 1.98823
2450160.62903 1.21153
2450231.32258 3.07803
2450514.09677 0.76048
2450584.79032 -4.31754
2450655.48387 -0.31282
2450867.56452 -4.18333
2450938.25806 -0.18500
2451008.95161 -2.18488
2451221.03226 1.78295
2451291.72581 1.67378
2451362.41935 2.46461
2451645.19355 0.35451
2451715.88710 2.04673
2451998.66129 -0.13197
2452069.35484 -4.67636
2452352.12903 -2.89422
2452422.82258 0.86758
2452705.59677 2.45026
2452776.29032 2.49707
2452846.98387 2.45092
2453059.06452 2.05888
2453129.75806 -0.84381
2453200.45161 1.00379
2453412.53226 -3.77744
2453483.22581 -0.46495
2453553.91935 -4.54434
2453766.00000 0.66606
2453836.69355 -1.73058
2453907.38710 1.98780
2454190.16129 2.93360
2454260.85484 2.50867
2454543.62903 1.03359
2454614.32258 -2.62619
2454897.09677 -4.21319
2454967.79032 -0.38820
2455038.48387 -3.35326
2455250.56452 1.67610
2455321.25806 -0.39735
2455391.95161 2.77497
2455604.03226 2.30414
2455674.72581 2.49746
2455745.41935 2.08634
2455957.50000 -1.61864
