2445000.00000 13.10674
2445070.69355 22.96041
2445141.38710 9.13996
2445424.16129 8.75671
2445494.85484 16.95866
2445777.62903 8.64058
2445848.32258 2.33166
2446131.09677 10.35912
2446201.79032 8.96255
2446272.48387 0.13003
2446484.56452 0.79282
2446555.25806 11.32692
2446625.95161 13.00067
2446838.03226 12.39448
2446908.72581 4.68809
2446979.41935 9.95689
2447191.50000 14.19653
2447262.19355 19.43108
2447332.88710 11.59227
2447615.66129 14.33417
2447686.35484 21.70888
2447969.12903 17.89748
2448039.82258 14.06965
2448322.59677 24.37013
2448393.29032 15.36328
2448463.98387 8.01398
2448676.06452 7.08446
2448746.75806 14.01604
2448817.45161 14.47292
2449029.53226 12.60494
2449100.22581 2.29933
2449170.91935 8.18042
2449383.00000 6.21256
2449453.69355 10.84312
2449524.38710 1.12951
2449807.16129 5.22211
2449877.85484 12.73689
2450160.62903 8.42610
2450231.32258 7.59622
2450514.09677 16.78806
2450584.79032 17.28307
2450655.48387 10.24714
2450867.56452 9.79138
2450938.25806 23.15002
2451008.95161 19.23651
2451221.03226 22.61236
2451291.72581 11.59005
2451362.41935 21.10373
2451645.19355 20.55836
2451715.88710 9.87304
2451998.66129 11.27879
2452069.35484 21.44070
2452352.12903 6.06228
2452422.82258 4.30043
2452705.59677 13.05347
2452776.29032 5.51098
2452846.98387 1.77674
2453059.06452 1.48791
2453129.75806 11.75259
2453200.45161 11.42095
2453412.53226 11.51552
2453483.22581 4.57474
2453553.91935 17.86948
2453766.00000 13.86282
2453836.69355 18.15294
2453907.38710 8.35010
2454190.16129 18.17207
2454260.85484 25.43233
2454543.62903 15.11409
2454614.32258 17.28801
2454897.09677 20.62498
2454967.79032 14.48735
2455038.48387 10.38680
2455250.56452 8.28649
2455321.25806 18.89102
2455391.95161 11.12013
2455604.03226 8.59923
2455674.72581 2.58345
2455745.41935 10.14307
2455957.50000 11.40143
