2445000.00000 4.92043
2445070.69355 2.65843
2445141.38710 1.14570
2445424.16129 3.67873
2445494.85484 4.58846
2445777.62903 8.16449
2445848.32258 9.62692
2446131.09677 9.23406
2446201.79032 12.95937
2446272.48387 10.26810
2446484.56452 5.54131
2446555.25806 7.29399
2446625.95161 6.05722
2446838.03226 1.02153
2446908.72581 4.39307
2446979.41935 2.35535
2447191.50000 0.95545
2447262.19355 6.70322
2447332.88710 4.42643
2447615.66129 10.69222
2447686.35484 8.62758
2447969.12903 13.83142
2448039.82258 8.99059
2448322.59677 11.94383
2448393.29032 5.12202
2448463.98387 8.21723
2448676.06452 6.39569
2448746.75806 0.67111
2448817.45161 4.92948
2449029.53226 4.67935
2449100.22581 1.65148
2449170.91935 6.24880
2449383.00000 7.81210
2449453.69355 6.33378
2449524.38710 11.80473
2449807.16129 9.64745
2449877.85484 11.71743
2450160.62903 5.78518
2450231.32258 9.62555
2450514.09677 3.26766
2450584.79032 5.55457
2450655.48387 0.65447
2450867.56452 3.02381
2450938.25806 5.59116
2451008.95161 2.52563
2451221.03226 7.96500
2451291.72581 8.82733
2451362.41935 7.21541
2451645.19355 11.98726
2451715.88710 9.76578
2451998.66129 8.07752
2452069.35484 5.24221
2452352.12903 3.49080
2452422.82258 3.01786
2452705.59677 2.58143
2452776.29032 4.53946
2452846.98387 6.85679
2453059.06452 6.21366
2453129.75806 8.14207
2453200.45161 11.38609
2453412.53226 8.92703
2453483.22581 11.49593
2453553.91935 12.57096
2453766.00000 7.01480
2453836.69355 10.60939
2453907.38710 6.96116
2454190.16129 5.82638
2454260.85484 3.01249
2454543.62903 6.07775
2454614.32258 2.95319
2454897.09677 9.89096
2454967.79032 6.38315
2455038.48387 9.65051
2455250.56452 12.20669
2455321.25806 8.09885
2455391.95161 10.06506
2455604.03226 12.51035
2455674.72581 6.00526
2455745.41935 10.15681
2455957.50000 6.32594
