2445000.00000 -4.67180
2445070.69355 -1.75959
2445141.38710 1.07424
2445424.16129 0.55295
2445494.85484 -3.23265
2445777.62903 -3.36711
2445848.32258 -4.05862
2446131.09677 -2.81043
2446201.79032 1.58204
2446272.48387 2.41597
2446484.56452 3.35658
2446555.25806 3.37840
2446625.95161 -0.89318
2446838.03226 3.26838
2446908.72581 -0.48553
2446979.41935 1.41561
2447191.50000 -0.96044
2447262.19355 1.74809
2447332.88710 4.44071
2447615.66129 3.27791
2447686.35484 -0.67235
2447969.12903 -2.90729
2448039.82258 -4.33052
2448322.59677 -5.18192
2448393.29032 -0.42005
2448463.98387 -0.21899
2448676.06452 0.31247
2448746.75806 -0.10908
2448817.45161 -4.09735
2449029.53226 0.66496
2449100.22581 -3.12517
2449170.91935 -0.89347
2449383.00000 -1.91920
2449453.69355 1.10757
2449524.38710 4.15215
2449807.16129 5.30201
2449877.85484 1.91779
2450160.62903 0.99979
2450231.32258 -1.04139
2450514.09677 -1.87781
2450584.79032 1.97292
2450655.48387 2.05803
2450867.56452 1.00188
2450938.25806 0.31972
2451008.95161 -3.74943
2451221.03226 -0.78877
2451291.72581 -4.58490
2451362.41935 -2.61578
2451645.19355 -2.35618
2451715.88710 1.34703
2451998.66129 2.55842
2452069.35484 -0.38455
2452352.12903 0.40050
2452422.82258 -1.43217
2452705.59677 -0.27837
2452776.29032 4.36959
2452846.98387 3.87513
2453059.06452 3.99716
2453129.75806 3.39942
2453200.45161 -0.51171
2453412.53226 2.13669
2453483.22581 -2.09366
2453553.91935 -1.23979
2453766.00000 -3.70737
2453836.69355 -1.94471
2453907.38710 1.06073
2454190.16129 0.66442
2454260.85484 -2.01300
2454543.62903 -2.70655
2454614.32258 -3.70097
2454897.09677 -3.39750
2454967.79032 0.94763
2455038.48387 2.62633
2455250.56452 3.18993
2455321.25806 3.59544
2455391.95161 -0.38157
2455604.03226 3.17118
2455674.72581 -0.13419
2455745.41935 0.92034
2455957.50000 -0.59408
