2445000.00000 -1.34962
2445070.69355 2.17144
2445141.38710 5.84514
2445424.16129 13.91327
2445494.85484 14.53003
2445777.62903 -2.88513
2445848.32258 -4.59826
2446131.09677 -7.55478
2446201.79032 -6.25612
2446272.48387 -6.79053
2446484.56452 -8.82755
2446555.25806 -8.11208
2446625.95161 -4.86222
2446838.03226 7.94064
2446908.72581 12.92339
2446979.41935 15.90784
2447191.50000 7.62552
2447262.19355 5.33908
2447332.88710 2.79638
2447615.66129 -0.34018
2447686.35484 -1.50387
2447969.12903 -11.98255
2448039.82258 -13.04383
2448322.59677 -1.79808
2448393.29032 2.62944
2448463.98387 6.54779
2448676.06452 10.64848
2448746.75806 10.12402
2448817.45161 6.41989
2449029.53226 6.08503
2449100.22581 6.66413
2449170.91935 7.37980
2449383.00000 -2.62265
2449453.69355 -7.26078
2449524.38710 -10.30496
2449807.16129 -11.31296
2449877.85484 -6.94243
2450160.62903 3.85919
2450231.32258 4.01754
2450514.09677 6.90874
2450584.79032 9.68077
2450655.48387 12.03464
2450867.56452 8.05879
2450938.25806 4.18210
2451008.95161 -0.50282
2451221.03226 -11.08438
2451291.72581 -13.42541
2451362.41935 -10.76313
2451645.19355 -3.41629
2451715.88710 -2.70085
2451998.66129 1.28428
2452069.35484 4.26586
2452352.12903 14.81086
2452422.82258 13.26492
2452705.59677 -2.55137
2452776.29032 -6.20158
2452846.98387 -6.35956
2453059.06452 -7.14221
2453129.75806 -6.39963
2453200.45161 -5.98331
2453412.53226 -8.28242
2453483.22581 -6.12968
2453553.91935 -6.24076
2453766.00000 6.43355
2453836.69355 9.46056
2453907.38710 11.78106
2454190.16129 5.97382
2454260.85484 2.79013
2454543.62903 -2.63129
2454614.32258 -2.70406
2454897.09677 -9.64211
2454967.79032 -12.61721
2455038.48387 -10.41402
2455250.56452 -3.69511
2455321.25806 1.04211
2455391.95161 4.56051
2455604.03226 11.09766
2455674.72581 9.30846
2455745.41935 8.24047
2455957.50000 5.08179
