2445000.00000 45.37370
2445070.69355 55.17571
2445141.38710 48.07064
2445424.16129 34.74554
2445494.85484 28.18888
2445777.62903 37.50256
2445848.32258 63.43033
2446131.09677 103.97352
2446201.79032 82.78455
2446272.48387 67.61836
2446484.56452 33.32940
2446555.25806 38.81397
2446625.95161 54.99124
2446838.03226 45.20690
2446908.72581 30.54264
2446979.41935 28.71763
2447191.50000 61.87577
2447262.19355 78.96349
2447332.88710 72.45367
2447615.66129 62.55805
2447686.35484 46.55433
2447969.12903 28.48465
2448039.82258 42.01293
2448322.59677 47.33958
2448393.29032 46.38988
2448463.98387 41.60797
2448676.06452 87.65683
2448746.75806 110.05433
2448817.45161 99.27874
2449029.53226 54.01500
2449100.22581 32.53999
2449170.91935 13.30359
2449383.00000 28.81071
2449453.69355 44.55476
2449524.38710 55.47469
2449807.16129 55.16635
2449877.85484 49.35098
2450160.62903 88.30384
2450231.32258 98.71999
2450514.09677 14.99797
2450584.79032 1.58732
2450655.48387 2.24829
2450867.56452 51.12040
2450938.25806 82.89371
2451008.95161 76.58994
2451221.03226 64.49631
2451291.72581 77.05897
2451362.41935 62.22192
2451645.19355 54.44013
2451715.88710 57.28146
2451998.66129 1.90030
2452069.35484 10.72866
2452352.12903 105.75671
2452422.82258 107.63682
2452705.59677 48.84961
2452776.29032 48.84006
2452846.98387 50.68625
2453059.06452 50.55856
2453129.75806 39.99670
2453200.45161 31.56142
2453412.53226 13.47454
2453483.22581 24.94403
2453553.91935 38.45420
2453766.00000 106.96640
2453836.69355 110.89724
2453907.38710 81.21200
2454190.16129 28.44014
2454260.85484 35.14212
2454543.62903 49.14470
2454614.32258 35.90783
2454897.09677 45.14762
2454967.79032 66.82666
2455038.48387 83.43976
2455250.56452 114.92034
2455321.25806 75.06912
2455391.95161 56.26339
2455604.03226 21.35212
2455674.72581 23.45994
2455745.41935 30.54373
2455957.50000 57.58484
