2445000.00000 41.51231
2445070.69355 38.82279
2445141.38710 11.45646
2445424.16129 13.38555
2445494.85484 -10.43342
2445777.62903 0.70670
2445848.32258 -5.00823
2446131.09677 20.33672
2446201.79032 22.35123
2446272.48387 3.54559
2446484.56452 41.47781
2446555.25806 44.58604
2446625.95161 22.43212
2446838.03226 20.42298
2446908.72581 22.79116
2446979.41935 5.59426
2447191.50000 -11.36676
2447262.19355 2.95050
2447332.88710 -9.75201
2447615.66129 4.51503
2447686.35484 6.73559
2447969.12903 24.80120
2448039.82258 45.33578
2448322.59677 32.84435
2448393.29032 37.27831
2448463.98387 23.21131
2448676.06452 4.33476
2448746.75806 18.17901
2448817.45161 -0.26108
2449029.53226 -22.83421
2449100.22581 -1.21218
2449170.91935 -5.32798
2449383.00000 -17.86980
2449453.69355 13.02446
2449524.38710 21.80288
2449807.16129 29.49723
2449877.85484 45.08046
2450160.62903 19.57613
2450231.32258 35.01190
2450514.09677 -11.24251
2450584.79032 5.52334
2450655.48387 -3.85848
2450867.56452 -35.19356
2450938.25806 -0.99826
2451008.95161 4.50031
2451221.03226 -12.11783
2451291.72581 21.05047
2451362.41935 40.06012
2451645.19355 28.43465
2451715.88710 40.25626
2451998.66129 6.18768
2452069.35484 18.02090
2452352.12903 -29.20755
2452422.82258 -2.29129
2452705.59677 -26.58065
2452776.29032 4.22754
2452846.98387 17.27540
2453059.06452 -4.87390
2453129.75806 26.08273
2453200.45161 38.30438
2453412.53226 0.78004
2453483.22581 20.04527
2453553.91935 34.85628
2453766.00000 -24.37917
2453836.69355 -9.09004
2453907.38710 8.16337
2454190.16129 -29.85712
2454260.85484 -6.09881
2454543.62903 -20.12780
2454614.32258 13.03855
2454897.09677 0.02090
2454967.79032 27.77599
2455038.48387 42.24721
2455250.56452 -7.59218
2455321.25806 9.19004
2455391.95161 25.35299
2455604.03226 -37.07146
2455674.72581 -29.28289
2455745.41935 -3.66738
2455957.50000 -43.54290
