2445000.00000 1.79412
2445070.69355 3.73605
2445141.38710 5.71612
2445424.16129 2.25556
2445494.85484 0.96960
2445777.62903 6.20754
2445848.32258 6.73534
2446131.09677 6.26075
2446201.79032 7.42728
2446272.48387 10.28458
2446484.56452 8.90921
2446555.25806 8.31836
2446625.95161 5.56974
2446838.03226 2.84560
2446908.72581 5.49622
2446979.41935 6.04397
2447191.50000 5.65007
2447262.19355 1.71012
2447332.88710 1.05958
2447615.66129 5.35103
2447686.35484 4.92075
2447969.12903 5.54730
2448039.82258 7.22488
2448322.59677 11.81139
2448393.29032 8.06810
2448463.98387 6.37576
2448676.06452 3.90798
2448746.75806 6.80852
2448817.45161 7.90896
2449029.53226 5.44143
2449100.22581 1.19234
2449170.91935 1.47474
2449383.00000 0.85414
2449453.69355 5.82493
2449524.38710 3.97563
2449807.16129 3.89284
2449877.85484 8.61320
2450160.62903 12.67550
2450231.32258 9.14211
2450514.09677 5.70263
2450584.79032 8.90878
2450655.48387 8.17333
2450867.56452 6.02072
2450938.25806 1.54242
2451008.95161 2.38899
2451221.03226 0.85629
2451291.72581 5.45291
2451362.41935 2.85375
2451645.19355 2.89499
2451715.88710 8.29146
2451998.66129 9.46419
2452069.35484 7.13707
2452352.12903 6.86033
2452422.82258 10.15630
2452705.59677 6.04104
2452776.29032 2.27898
2452846.98387 4.47237
2453059.06452 1.92425
2453129.75806 6.03098
2453200.45161 1.40241
2453412.53226 3.34658
2453483.22581 2.10673
2453553.91935 5.47405
2453766.00000 7.96093
2453836.69355 8.47300
2453907.38710 6.14293
2454190.16129 7.82939
2454260.85484 10.46633
2454543.62903 6.85329
2454614.32258 3.08388
2454897.09677 2.80349
2454967.79032 5.90584
2455038.48387 1.01416
2455250.56452 2.35267
2455321.25806 1.26612
2455391.95161 6.43242
2455604.03226 6.02766
2455674.72581 7.76117
2455745.41935 4.48307
2455957.50000 6.66019
