2445000.00000 -2.93781
2445070.69355 -2.17672
2445141.38710 2.52669
2445424.16129 -0.19961
2445494.85484 -5.97662
2445777.62903 -3.98807
2445848.32258 -0.71486
2446131.09677 4.52618
2446201.79032 7.71094
2446272.48387 2.14531
2446484.56452 2.99151
2446555.25806 -3.06705
2446625.95161 -2.14800
2446838.03226 -6.52356
2446908.72581 -3.39687
2446979.41935 -0.14889
2447191.50000 0.41865
2447262.19355 1.44744
2447332.88710 -3.26091
2447615.66129 -0.32715
2447686.35484 4.63449
2447969.12903 3.26477
2448039.82258 3.17561
2448322.59677 -2.55704
2448393.29032 -6.62577
2448463.98387 -3.31141
2448676.06452 -4.91134
2448746.75806 0.78796
2448817.45161 1.55109
2449029.53226 5.90782
2449100.22581 2.69775
2449170.91935 -0.19911
2449383.00000 1.45066
2449453.69355 -0.83267
2449524.38710 3.88274
2449807.16129 1.08929
2449877.85484 -2.07087
2450160.62903 -5.24822
2450231.32258 -5.55371
2450514.09677 0.21636
2450584.79032 5.35860
2450655.48387 3.50578
2450867.56452 6.94291
2450938.25806 1.35633
2451008.95161 -1.00268
2451221.03226 -3.08991
2451291.72581 -3.13231
2451362.41935 0.68130
2451645.19355 0.23767
2451715.88710 -4.08375
2451998.66129 -1.89024
2452069.35484 0.47065
2452352.12903 3.56563
2452422.82258 8.49588
2452705.59677 2.25584
2452776.29032 -4.12082
2452846.98387 -4.63374
2453059.06452 -6.96601
2453129.75806 -3.48960
2453200.45161 0.39762
2453412.53226 1.70725
2453483.22581 3.03607
2453553.91935 -1.58841
2453766.00000 4.85567
2453836.69355 -0.01774
2453907.38710 4.26877
2454190.16129 2.72739
2454260.85484 1.85146
2454543.62903 -3.44970
2454614.32258 -6.36914
2454897.09677 -4.51491
2454967.79032 2.28598
2455038.48387 3.39189
2455250.56452 7.94926
2455321.25806 5.53764
2455391.95161 -0.04678
2455604.03226 0.75307
2455674.72581 -2.46740
2455745.41935 2.58521
2455957.50000 -5.64269
