2445000.00000 -8.83909
2445070.69355 -3.00661
2445141.38710 -8.29648
2445424.16129 -15.04228
2445494.85484 -11.31118
2445777.62903 -12.08600
2445848.32258 -20.52382
2446131.09677 -8.58481
2446201.79032 -3.29796
2446272.48387 -9.09611
2446484.56452 -2.91883
2446555.25806 0.85991
2446625.95161 9.80628
2446838.03226 13.30980
2446908.72581 10.59360
2446979.41935 8.85054
2447191.50000 10.53592
2447262.19355 17.69359
2447332.88710 13.83859
2447615.66129 8.77915
2447686.35484 14.18280
2447969.12903 7.13618
2448039.82258 -1.66751
2448322.59677 -5.12430
2448393.29032 -4.10339
2448463.98387 -11.63104
2448676.06452 -15.13290
2448746.75806 -15.92570
2448817.45161 -10.02251
2449029.53226 -10.86567
2449100.22581 -16.87241
2449170.91935 -16.32358
2449383.00000 -14.89385
2449453.69355 -4.14762
2449524.38710 -7.71709
2449807.16129 -3.00882
2449877.85484 5.84284
2450160.62903 10.94220
2450231.32258 5.68912
2450514.09677 12.55354
2450584.79032 16.51095
2450655.48387 9.98670
2450867.56452 10.65001
2450938.25806 10.76807
2451008.95161 14.71401
2451221.03226 11.40685
2451291.72581 1.55850
2451362.41935 0.15825
2451645.19355 -1.70622
2451715.88710 -7.42717
2451998.66129 -14.33603
2452069.35484 -10.72318
2452352.12903 -10.65522
2452422.82258 -18.65552
2452705.59677 -7.59940
2452776.29032 -5.18697
2452846.98387 -10.15717
2453059.06452 -4.72257
2453129.75806 1.10212
2453200.45161 7.32271
2453412.53226 13.26959
2453483.22581 6.49538
2453553.91935 9.30622
2453766.00000 11.32088
2453836.69355 17.49601
2453907.38710 11.09446
2454190.16129 9.92363
2454260.85484 17.34654
2454543.62903 5.65188
2454614.32258 -0.30812
2454897.09677 -2.06289
2454967.79032 -3.11137
2455038.48387 -12.60555
2455250.56452 -14.72781
2455321.25806 -11.28749
2455391.95161 -9.77869
2455604.03226 -9.50960
2455674.72581 -15.90521
2455745.41935 -11.59622
2455957.50000 -13.09766
