2445000.00000 7.15650
2445070.69355 9.11745
2445141.38710 9.13001
2445424.16129 9.64899
2445494.85484 9.51118
2445777.62903 10.31922
2445848.32258 8.25657
2446131.09677 10.50945
2446201.79032 10.60232
2446272.48387 10.73584
2446484.56452 12.45388
2446555.25806 13.25504
2446625.95161 13.59241
2446838.03226 14.30944
2446908.72581 11.20919
2446979.41935 12.79614
2447191.50000 14.47243
2447262.19355 15.49601
2447332.88710 12.27942
2447615.66129 12.26696
2447686.35484 11.24042
2447969.12903 9.38364
2448039.82258 8.33327
2448322.59677 4.90993
2448393.29032 4.30785
2448463.98387 4.18567
2448676.06452 3.53669
2448746.75806 3.21075
2448817.45161 3.32008
2449029.53226 3.96824
2449100.22581 4.38528
2449170.91935 4.86855
2449383.00000 8.22649
2449453.69355 8.66366
2449524.38710 8.88668
2449807.16129 15.22493
2449877.85484 13.30248
2450160.62903 18.19035
2450231.32258 17.86558
2450514.09677 18.92527
2450584.79032 16.96552
2450655.48387 15.32517
2450867.56452 12.89076
2450938.25806 12.87856
2451008.95161 10.38817
2451221.03226 9.16104
2451291.72581 8.48368
2451362.41935 8.13467
2451645.19355 2.58274
2451715.88710 1.83552
2451998.66129 0.50500
2452069.35484 0.71506
2452352.12903 2.82723
2452422.82258 3.78605
2452705.59677 8.08407
2452776.29032 10.01743
2452846.98387 11.61072
2453059.06452 16.82962
2453129.75806 15.29847
2453200.45161 15.44543
2453412.53226 15.29974
2453483.22581 20.37433
2453553.91935 18.35301
2453766.00000 20.11385
2453836.69355 21.17641
2453907.38710 17.59710
2454190.16129 12.08970
2454260.85484 11.11182
2454543.62903 8.66024
2454614.32258 6.22847
2454897.09677 5.30619
2454967.79032 5.20039
2455038.48387 3.96719
2455250.56452 3.02096
2455321.25806 4.29729
2455391.95161 4.33195
2455604.03226 6.20401
2455674.72581 5.89280
2455745.41935 5.80948
2455957.50000 7.53888
