2445000.00000 3.66085
2445070.69355 2.32979
2445141.38710 0.85067
2445424.16129 -3.18747
2445494.85484 -3.56572
2445777.62903 -1.13575
2445848.32258 -0.63883
2446131.09677 0.73239
2446201.79032 0.70169
2446272.48387 0.16144
2446484.56452 -2.08635
2446555.25806 -2.28881
2446625.95161 -2.99633
2446838.03226 -2.60745
2446908.72581 -1.36783
2446979.41935 -0.38507
2447191.50000 3.77101
2447262.19355 4.63848
2447332.88710 5.78724
2447615.66129 4.44384
2447686.35484 3.45012
2447969.12903 -3.49174
2448039.82258 -5.22495
2448322.59677 -7.48760
2448393.29032 -4.82059
2448463.98387 -4.05042
2448676.06452 0.18611
2448746.75806 1.58461
2448817.45161 2.40977
2449029.53226 3.69642
2449100.22581 2.86976
2449170.91935 2.98372
2449383.00000 0.08296
2449453.69355 -0.63072
2449524.38710 -0.89511
2449807.16129 0.39598
2449877.85484 1.10675
2450160.62903 3.49479
2450231.32258 3.61635
2450514.09677 -0.86202
2450584.79032 -2.44762
2450655.48387 -3.66129
2450867.56452 -5.95779
2450938.25806 -8.24868
2451008.95161 -6.43421
2451221.03226 -2.55505
2451291.72581 -0.63733
2451362.41935 1.63525
2451645.19355 7.26172
2451715.88710 8.54049
2451998.66129 3.23386
2452069.35484 2.06463
2452352.12903 -3.32152
2452422.82258 -4.18803
2452705.59677 -2.14509
2452776.29032 -1.01094
2452846.98387 -0.23410
2453059.06452 1.23523
2453129.75806 0.96693
2453200.45161 0.39644
2453412.53226 -2.77173
2453483.22581 -3.28718
2453553.91935 -4.01214
2453766.00000 -3.59762
2453836.69355 -2.52396
2453907.38710 -1.13577
2454190.16129 5.99685
2454260.85484 6.79336
2454543.62903 6.54969
2454614.32258 5.31837
2454897.09677 -3.17798
2454967.79032 -5.54524
2455038.48387 -6.67893
2455250.56452 -8.61617
2455321.25806 -6.93036
2455391.95161 -5.41737
2455604.03226 -0.32295
2455674.72581 1.48432
2455745.41935 2.85788
2455957.50000 4.95409
