2445000.00000 12.77874
2445070.69355 17.12307
2445141.38710 14.40799
2445424.16129 9.19288
2445494.85484 10.87314
2445777.62903 17.80088
2445848.32258 11.78735
2446131.09677 18.39079
2446201.79032 16.15998
2446272.48387 19.79167
2446484.56452 6.79280
2446555.25806 8.11089
2446625.95161 10.72256
2446838.03226 10.70803
2446908.72581 8.16792
2446979.41935 4.44156
2447191.50000 9.04993
2447262.19355 14.19231
2447332.88710 11.87546
2447615.66129 2.46051
2447686.35484 5.97878
2447969.12903 5.52603
2448039.82258 2.13436
2448322.59677 11.63922
2448393.29032 13.28062
2448463.98387 10.50297
2448676.06452 4.76300
2448746.75806 9.72362
2448817.45161 15.89911
2449029.53226 9.24001
2449100.22581 7.87204
2449170.91935 7.06528
2449383.00000 18.43817
2449453.69355 20.10337
2449524.38710 15.31876
2449807.16129 14.44077
2449877.85484 19.59739
2450160.62903 10.01029
2450231.32258 10.45449
2450514.09677 14.45868
2450584.79032 15.40714
2450655.48387 10.53056
2450867.56452 9.45819
2450938.25806 12.47904
2451008.95161 15.82899
2451221.03226 5.38255
2451291.72581 2.66259
2451362.41935 3.78372
2451645.19355 9.56066
2451715.88710 5.57511
2451998.66129 7.75147
2452069.35484 12.68829
2452352.12903 1.74625
2452422.82258 2.65705
2452705.59677 11.15252
2452776.29032 6.01343
2452846.98387 4.81639
2453059.06452 11.01110
2453129.75806 17.25068
2453200.45161 14.72357
2453412.53226 8.38098
2453483.22581 8.11168
2453553.91935 16.30372
2453766.00000 19.29297
2453836.69355 16.63673
2453907.38710 10.52762
2454190.16129 18.24309
2454260.85484 19.25777
2454543.62903 8.62611
2454614.32258 9.70490
2454897.09677 11.53493
2454967.79032 6.87149
2455038.48387 4.73939
2455250.56452 14.72037
2455321.25806 14.44259
2455391.95161 11.10599
2455604.03226 1.74008
2455674.72581 4.76757
2455745.41935 9.60775
2455957.50000 6.43205
