2445000.00000 -13.83050
2445070.69355 -9.50059
2445141.38710 -0.58898
2445424.16129 -12.37842
2445494.85484 -1.52178
2445777.62903 -10.46514
2445848.32258 -0.43622
2446131.09677 -8.41595
2446201.79032 1.79221
2446272.48387 9.22841
2446484.56452 -5.71285
2446555.25806 4.13697
2446625.95161 12.24813
2446838.03226 -2.83560
2446908.72581 4.66172
2446979.41935 12.88620
2447191.50000 -2.18054
2447262.19355 3.60131
2447332.88710 14.22210
2447615.66129 -0.21527
2447686.35484 9.99030
2447969.12903 -5.19727
2448039.82258 4.57714
2448322.59677 -9.77034
2448393.29032 -0.76797
2448463.98387 3.97405
2448676.06452 -15.81212
2448746.75806 -5.11002
2448817.45161 3.15968
2449029.53226 -13.29579
2449100.22581 -5.34675
2449170.91935 2.99762
2449383.00000 -14.72347
2449453.69355 -6.07616
2449524.38710 5.47087
2449807.16129 -2.32347
2449877.85484 10.20060
2450160.62903 0.36768
2450231.32258 12.43260
2450514.09677 1.61608
2450584.79032 17.70536
2450655.48387 17.91571
2450867.56452 0.08162
2450938.25806 12.30009
2451008.95161 17.44999
2451221.03226 -4.13906
2451291.72581 7.89478
2451362.41935 15.19608
2451645.19355 0.57945
2451715.88710 8.53840
2451998.66129 -4.94914
2452069.35484 4.94670
2452352.12903 -12.16106
2452422.82258 1.72632
2452705.59677 -12.68900
2452776.29032 1.43120
2452846.98387 4.25554
2453059.06452 -10.59876
2453129.75806 4.47928
2453200.45161 7.60130
2453412.53226 -8.94483
2453483.22581 7.01294
2453553.91935 14.73690
2453766.00000 -3.92448
2453836.69355 12.42781
2453907.38710 19.74779
2454190.16129 12.40129
2454260.85484 16.61634
2454543.62903 9.44383
2454614.32258 23.48901
2454897.09677 2.72290
2454967.79032 17.16132
2455038.48387 13.91826
2455250.56452 -4.98154
2455321.25806 10.08956
2455391.95161 8.37869
2455604.03226 -12.78035
2455674.72581 2.05679
2455745.41935 5.20486
2455957.50000 -18.00059
