2445000.00000 -1.15854
2445070.69355 -4.07680
2445141.38710 0.52341
2445424.16129 -2.21912
2445494.85484 -6.17434
2445777.62903 11.40969
2445848.32258 8.18233
2446131.09677 -16.64543
2446201.79032 -7.52101
2446272.48387 -11.89590
2446484.56452 8.79531
2446555.25806 7.61385
2446625.95161 4.14299
2446838.03226 8.99551
2446908.72581 -3.04031
2446979.41935 2.22134
2447191.50000 -26.38863
2447262.19355 -9.01866
2447332.88710 -6.42192
2447615.66129 18.69553
2447686.35484 7.63566
2447969.12903 -18.58030
2448039.82258 -10.88087
2448322.59677 -1.21112
2448393.29032 8.80120
2448463.98387 2.33058
2448676.06452 20.82014
2448746.75806 2.93179
2448817.45161 1.41631
2449029.53226 -23.14709
2449100.22581 -19.69058
2449170.91935 -5.98617
2449383.00000 10.37860
2449453.69355 23.02131
2449524.38710 13.82858
2449807.16129 -8.39393
2449877.85484 -15.01442
2450160.62903 -16.38796
2450231.32258 4.77887
2450514.09677 26.06089
2450584.79032 13.45808
2450655.48387 2.44218
2450867.56452 -20.07798
2450938.25806 -24.13683
2451008.95161 -11.77257
2451221.03226 -4.67293
2451291.72581 19.02521
2451362.41935 17.83437
2451645.19355 6.28212
2451715.88710 -15.89187
2451998.66129 -27.16201
2452069.35484 -6.27566
2452352.12903 25.81096
2452422.82258 26.36904
2452705.59677 -7.57557
2452776.29032 -24.91875
2452846.98387 -20.28964
2453059.06452 -18.85498
2453129.75806 5.88742
2453200.45161 20.89251
2453412.53226 29.35080
2453483.22581 23.96405
2453553.91935 -4.65291
2453766.00000 -15.16347
2453836.69355 -29.43538
2453907.38710 -17.36112
2454190.16129 18.29538
2454260.85484 31.78210
2454543.62903 9.21776
2454614.32258 -20.86059
2454897.09677 -24.21022
2454967.79032 -12.44506
2455038.48387 14.24859
2455250.56452 18.91989
2455321.25806 32.35511
2455391.95161 9.89100
2455604.03226 -5.93350
2455674.72581 -20.93584
2455745.41935 -27.54658
2455957.50000 -9.08767
