2445000.00000 21.50773
2445070.69355 21.30510
2445141.38710 15.95229
2445424.16129 27.01701
2445494.85484 29.39289
2445777.62903 26.00149
2445848.32258 36.33895
2446131.09677 19.06454
2446201.79032 20.51751
2446272.48387 29.42722
2446484.56452 6.91470
2446555.25806 7.80828
2446625.95161 13.77552
2446838.03226 3.99409
2446908.72581 1.39249
2446979.41935 6.63854
2447191.50000 8.80888
2447262.19355 3.72038
2447332.88710 3.94115
2447615.66129 15.60412
2447686.35484 13.14418
2447969.12903 26.92722
2448039.82258 19.25984
2448322.59677 25.18023
2448393.29032 29.41864
2448463.98387 22.62545
2448676.06452 25.14754
2448746.75806 25.77396
2448817.45161 23.77924
2449029.53226 9.44451
2449100.22581 14.74744
2449170.91935 19.74013
2449383.00000 1.89420
2449453.69355 7.32976
2449524.38710 15.10027
2449807.16129 3.76712
2449877.85484 13.06308
2450160.62903 9.72367
2450231.32258 13.10623
2450514.09677 19.69200
2450584.79032 18.44863
2450655.48387 20.90369
2450867.56452 27.89878
2450938.25806 21.21168
2451008.95161 17.07432
2451221.03226 30.38643
2451291.72581 23.14266
2451362.41935 12.15912
2451645.19355 21.30979
2451715.88710 10.84923
2451998.66129 12.07672
2452069.35484 11.48041
2452352.12903 12.03637
2452422.82258 17.33196
2452705.59677 15.29881
2452776.29032 20.91323
2452846.98387 27.02760
2453059.06452 17.20147
2453129.75806 25.91396
2453200.45161 28.84834
2453412.53226 22.14651
2453483.22581 17.88763
2453553.91935 18.85160
2453766.00000 21.08742
2453836.69355 13.51498
2453907.38710 8.42662
2454190.16129 10.49492
2454260.85484 3.26294
2454543.62903 12.02486
2454614.32258 5.73879
2454897.09677 19.35067
2454967.79032 17.57748
2455038.48387 9.92771
2455250.56452 24.60485
2455321.25806 29.30772
2455391.95161 31.59230
2455604.03226 22.40540
2455674.72581 29.45390
2455745.41935 35.93137
2455957.50000 19.01514
