2445000.00000 2.00822
2445070.69355 0.85168
2445141.38710 1.13048
2445424.16129 9.49186
2445494.85484 9.17221
2445777.62903 -8.56131
2445848.32258 -9.89993
2446131.09677 -2.43327
2446201.79032 -1.12084
2446272.48387 -1.25428
2446484.56452 -10.01462
2446555.25806 -12.01523
2446625.95161 -9.66233
2446838.03226 1.33101
2446908.72581 6.25116
2446979.41935 9.34611
2447191.50000 4.71915
2447262.19355 3.90918
2447332.88710 1.70744
2447615.66129 9.07778
2447686.35484 10.76005
2447969.12903 1.83424
2448039.82258 -2.75905
2448322.59677 -5.33068
2448393.29032 -4.31976
2448463.98387 -1.50048
2448676.06452 -4.59775
2448746.75806 -8.32785
2448817.45161 -12.59326
2449029.53226 -7.92311
2449100.22581 -6.14544
2449170.91935 -0.33984
2449383.00000 7.51685
2449453.69355 6.52939
2449524.38710 3.37124
2449807.16129 3.10226
2449877.85484 6.98617
2450160.62903 10.82561
2450231.32258 8.22813
2450514.09677 -6.16987
2450584.79032 -3.71179
2450655.48387 -2.98123
2450867.56452 0.97068
2450938.25806 -1.23798
2451008.95161 -5.28109
2451221.03226 -14.89830
2451291.72581 -14.43280
2451362.41935 -10.45737
2451645.19355 4.47812
2451715.88710 3.60765
2451998.66129 -2.32751
2452069.35484 -0.79540
2452352.12903 15.75272
2452422.82258 13.42086
2452705.59677 0.26228
2452776.29032 -2.04029
2452846.98387 -2.81601
2453059.06452 3.00898
2453129.75806 3.72369
2453200.45161 2.80544
2453412.53226 -9.18124
2453483.22581 -10.44537
2453553.91935 -11.62836
2453766.00000 -6.29995
2453836.69355 -2.32771
2453907.38710 0.36929
2454190.16129 -3.57172
2454260.85484 -4.03503
2454543.62903 5.46172
2454614.32258 10.23392
2454897.09677 6.77237
2454967.79032 4.13115
2455038.48387 1.02472
2455250.56452 1.48037
2455321.25806 3.71114
2455391.95161 4.95070
2455604.03226 1.42209
2455674.72581 -2.26363
2455745.41935 -5.87755
2455957.50000 -11.18332
