2445000.00000 -2.61242
2445070.69355 16.39092
2445141.38710 -0.97874
2445424.16129 5.63514
2445494.85484 4.63361
2445777.62903 -8.96109
2445848.32258 8.03588
2446131.09677 -16.68447
2446201.79032 0.25616
2446272.48387 -3.27317
2446484.56452 -8.37190
2446555.25806 -7.42503
2446625.95161 7.22981
2446838.03226 5.56143
2446908.72581 -9.30143
2446979.41935 11.53856
2447191.50000 16.95940
2447262.19355 -1.35545
2447332.88710 4.61855
2447615.66129 9.52534
2447686.35484 -5.16724
2447969.12903 11.18835
2448039.82258 -8.24682
2448322.59677 3.75099
2448393.29032 -2.82264
2448463.98387 -13.67678
2448676.06452 -9.10887
2448746.75806 3.90815
2448817.45161 -14.80952
2449029.53226 -16.55201
2449100.22581 4.40910
2449170.91935 -4.71078
2449383.00000 -8.33114
2449453.69355 -0.29541
2449524.38710 8.17823
2449807.16129 -4.46650
2449877.85484 15.71656
2450160.62903 -3.03744
2450231.32258 7.00606
2450514.09677 2.88213
2450584.79032 -5.77672
2450655.48387 9.56326
2450867.56452 6.99696
2450938.25806 -11.65266
2451008.95161 0.72894
2451221.03226 4.13614
2451291.72581 -7.48777
2451362.41935 -12.18550
2451645.19355 2.79817
2451715.88710 -12.27995
2451998.66129 8.22477
2452069.35484 -4.18907
2452352.12903 6.71175
2452422.82258 12.24544
2452705.59677 -1.30178
2452776.29032 14.20891
2452846.98387 -1.50203
2453059.06452 -7.26286
2453129.75806 7.38147
2453200.45161 4.06815
2453412.53226 -4.03760
2453483.22581 -7.03047
2453553.91935 7.55454
2453766.00000 1.89143
2453836.69355 -13.99375
2453907.38710 1.48138
2454190.16129 -9.80472
2454260.85484 -7.63929
2454543.62903 2.87779
2454614.32258 -10.28937
2454897.09677 12.10822
2454967.79032 -3.10683
2455038.48387 4.80720
2455250.56452 10.45963
2455321.25806 7.76195
2455391.95161 -2.88497
2455604.03226 0.21071
2455674.72581 12.21696
2455745.41935 -5.88895
2455957.50000 -9.47986
