2445000.00000 -7.65605
2445070.69355 -0.54009
2445141.38710 1.08052
2445424.16129 1.03953
2445494.85484 -4.99682
2445777.62903 -1.98216
2445848.32258 -2.84241
2446131.09677 -0.41604
2446201.79032 6.94289
2446272.48387 7.96814
2446484.56452 5.35360
2446555.25806 5.32879
2446625.95161 -2.36421
2446838.03226 1.55511
2446908.72581 -6.31785
2446979.41935 -7.61751
2447191.50000 -8.72580
2447262.19355 -6.33878
2447332.88710 0.69031
2447615.66129 4.17854
2447686.35484 4.43298
2447969.12903 8.29275
2448039.82258 -0.00556
2448322.59677 -1.93981
2448393.29032 -2.37401
2448463.98387 4.53456
2448676.06452 -5.27161
2448746.75806 0.85367
2448817.45161 -0.76363
2449029.53226 0.68977
2449100.22581 -0.63368
2449170.91935 -7.65325
2449383.00000 2.25620
2449453.69355 -4.06299
2449524.38710 -0.58860
2449807.16129 1.82503
2449877.85484 8.10620
2450160.62903 6.02243
2450231.32258 2.32342
2450514.09677 -1.03147
2450584.79032 -7.45694
2450655.48387 -5.99709
2450867.56452 -8.89148
2450938.25806 -4.50081
2451008.95161 2.92688
2451221.03226 -0.70879
2451291.72581 6.65939
2451362.41935 2.66075
2451645.19355 3.83262
2451715.88710 -1.33209
2451998.66129 -3.87983
2452069.35484 0.03406
2452352.12903 -2.89991
2452422.82258 1.70341
2452705.59677 1.39652
2452776.29032 -2.49793
2452846.98387 -6.75084
2453059.06452 0.28564
2453129.75806 -3.11935
2453200.45161 2.09041
2453412.53226 -1.23485
2453483.22581 3.92641
2453553.91935 8.91224
2453766.00000 2.44120
2453836.69355 5.65382
2453907.38710 -0.51254
2454190.16129 -3.21691
2454260.85484 -8.96085
2454543.62903 -7.70200
2454614.32258 -1.17381
2454897.09677 1.55013
2454967.79032 4.40800
2455038.48387 0.61050
2455250.56452 8.12518
2455321.25806 1.63154
2455391.95161 -0.86415
2455604.03226 -0.20561
2455674.72581 -2.75826
2455745.41935 1.95486
2455957.50000 -7.11616
