2445000.00000 2.05186
2445070.69355 10.14266
2445141.38710 4.48515
2445424.16129 11.66570
2445494.85484 3.70730
2445777.62903 16.75284
2445848.32258 7.18634
2446131.09677 16.35603
2446201.79032 7.43184
2446272.48387 16.05082
2446484.56452 8.21282
2446555.25806 3.98713
2446625.95161 11.29631
2446838.03226 2.40301
2446908.72581 5.59802
2446979.41935 7.96254
2447191.50000 3.57242
2447262.19355 14.61559
2447332.88710 10.22709
2447615.66129 16.77250
2447686.35484 7.67271
2447969.12903 15.27512
2448039.82258 2.73714
2448322.59677 8.56544
2448393.29032 0.45785
2448463.98387 11.28446
2448676.06452 8.78405
2448746.75806 5.39059
2448817.45161 15.50213
2449029.53226 10.25435
2449100.22581 12.55883
2449170.91935 13.28613
2449383.00000 5.33125
2449453.69355 10.54099
2449524.38710 6.62005
2449807.16129 10.53166
2449877.85484 1.66872
2450160.62903 11.48467
2450231.32258 3.39913
2450514.09677 14.78375
2450584.79032 8.62804
2450655.48387 14.47359
2450867.56452 10.25886
2450938.25806 7.23798
2451008.95161 15.52183
2451221.03226 4.34775
2451291.72581 6.61037
2451362.41935 6.49148
2451645.19355 8.28509
2451715.88710 6.13248
2451998.66129 13.65944
2452069.35484 8.11973
2452352.12903 16.04711
2452422.82258 6.81857
2452705.59677 8.63933
2452776.29032 2.46941
2452846.98387 10.05602
2453059.06452 6.28847
2453129.75806 4.69744
2453200.45161 9.58478
2453412.53226 7.09897
2453483.22581 10.87139
2453553.91935 14.76898
2453766.00000 7.77170
2453836.69355 14.33072
2453907.38710 10.32602
2454190.16129 12.81223
2454260.85484 3.22147
2454543.62903 8.89969
2454614.32258 2.38860
2454897.09677 8.82483
2454967.79032 5.27075
2455038.48387 13.08218
2455250.56452 13.31388
2455321.25806 9.52021
2455391.95161 14.59710
2455604.03226 7.02385
2455674.72581 9.36232
2455745.41935 9.81386
2455957.50000 1.98593
