2445000.00000 114.61680
2445070.69355 117.43070
2445141.38710 102.40731
2445424.16129 77.02525
2445494.85484 48.12044
2445777.62903 -0.07696
2445848.32258 -12.52070
2446131.09677 -47.09049
2446201.79032 -53.67319
2446272.48387 -56.23641
2446484.56452 -57.90702
2446555.25806 -51.54239
2446625.95161 -48.69797
2446838.03226 -24.72015
2446908.72581 -17.95658
2446979.41935 -9.14077
2447191.50000 13.40096
2447262.19355 20.99310
2447332.88710 26.08968
2447615.66129 24.27639
2447686.35484 30.14311
2447969.12903 1.48623
2448039.82258 -9.08218
2448322.59677 -41.57536
2448393.29032 -51.19442
2448463.98387 -73.18411
2448676.06452 -87.66618
2448746.75806 -78.85482
2448817.45161 -78.26571
2449029.53226 -82.28313
2449100.22581 -51.84617
2449170.91935 -66.43239
2449383.00000 -21.75518
2449453.69355 -8.39303
2449524.38710 7.30131
2449807.16129 80.38107
2449877.85484 87.31162
2450160.62903 119.62425
2450231.32258 120.06654
2450514.09677 98.86923
2450584.79032 102.17475
2450655.48387 101.90133
2450867.56452 59.82097
2450938.25806 46.64189
2451008.95161 29.44850
2451221.03226 -18.88423
2451291.72581 -32.50632
2451362.41935 -45.58722
2451645.19355 -89.87514
2451715.88710 -97.08730
2451998.66129 -89.68137
2452069.35484 -79.52077
2452352.12903 -60.67893
2452422.82258 -49.92395
2452705.59677 -5.07158
2452776.29032 4.61637
2452846.98387 12.16715
2453059.06452 28.24202
2453129.75806 36.60267
2453200.45161 37.36762
2453412.53226 29.23960
2453483.22581 34.49132
2453553.91935 27.28458
2453766.00000 8.17976
2453836.69355 0.68015
2453907.38710 -6.67546
2454190.16129 -30.38008
2454260.85484 -26.58173
2454543.62903 -23.90019
2454614.32258 -26.76344
2454897.09677 -0.35733
2454967.79032 9.47342
2455038.48387 12.51810
2455250.56452 45.76415
2455321.25806 58.18254
2455391.95161 59.60632
2455604.03226 87.15454
2455674.72581 78.01556
2455745.41935 76.63182
2455957.50000 75.04520
