2445000.00000 1.47442
2445070.69355 24.27989
2445141.38710 2.71370
2445424.16129 20.28888
2445494.85484 6.97421
2445777.62903 19.61639
2445848.32258 29.34222
2446131.09677 15.67371
2446201.79032 38.25317
2446272.48387 18.70283
2446484.56452 13.45663
2446555.25806 29.85915
2446625.95161 6.63133
2446838.03226 18.92247
2446908.72581 9.56986
2446979.41935 8.67164
2447191.50000 27.37510
2447262.19355 3.56646
2447332.88710 27.37062
2447615.66129 18.03589
2447686.35484 37.58729
2447969.12903 34.05550
2448039.82258 29.38732
2448322.59677 37.11506
2448393.29032 10.94979
2448463.98387 23.56361
2448676.06452 18.04448
2448746.75806 2.92158
2448817.45161 27.62182
2449029.53226 7.65881
2449100.22581 17.48673
2449170.91935 16.70730
2449383.00000 9.57167
2449453.69355 27.02796
2449524.38710 14.42529
2449807.16129 37.60491
2449877.85484 18.01450
2450160.62903 20.25321
2450231.32258 19.20208
2450514.09677 2.89054
2450584.79032 27.42600
2450655.48387 4.94060
2450867.56452 5.55102
2450938.25806 21.88307
2451008.95161 3.05626
2451221.03226 26.50864
2451291.72581 21.09284
2451362.41935 20.59790
2451645.19355 14.61941
2451715.88710 31.61512
2451998.66129 19.47236
2452069.35484 34.34545
2452352.12903 17.23079
2452422.82258 15.74048
2452705.59677 24.59763
2452776.29032 2.94458
2452846.98387 23.56636
2453059.06452 28.93225
2453129.75806 12.04607
2453200.45161 27.88382
2453412.53226 20.37202
2453483.22581 24.35399
2453553.91935 29.35154
2453766.00000 16.25524
2453836.69355 37.32056
2453907.38710 13.77417
2454190.16129 23.68189
2454260.85484 2.04281
2454543.62903 8.58081
2454614.32258 11.13975
2454897.09677 6.18219
2454967.79032 30.74493
2455038.48387 16.83884
2455250.56452 21.68151
2455321.25806 42.55266
2455391.95161 16.48168
2455604.03226 33.90444
2455674.72581 27.06175
2455745.41935 22.08236
2455957.50000 31.48357
