2445000.00000 4.63372
2445070.69355 3.85459
2445141.38710 2.30264
2445424.16129 4.38202
2445494.85484 3.37388
2445777.62903 3.69863
2445848.32258 3.86486
2446131.09677 2.02073
2446201.79032 3.30992
2446272.48387 4.10866
2446484.56452 0.90870
2446555.25806 3.18504
2446625.95161 3.68687
2446838.03226 1.97095
2446908.72581 4.21649
2446979.41935 2.75859
2447191.50000 4.56041
2447262.19355 5.38235
2447332.88710 4.00150
2447615.66129 5.49816
2447686.35484 3.85070
2447969.12903 3.54204
2448039.82258 3.03456
2448322.59677 1.40534
2448393.29032 1.31568
2448463.98387 3.61032
2448676.06452 0.08464
2448746.75806 2.18258
2448817.45161 3.47987
2449029.53226 1.31839
2449100.22581 3.97223
2449170.91935 5.00762
2449383.00000 4.65265
2449453.69355 6.35458
2449524.38710 6.60821
2449807.16129 6.60657
2449877.85484 4.28798
2450160.62903 4.50195
2450231.32258 2.19878
2450514.09677 1.36985
2450584.79032 0.30321
2450655.48387 2.31239
2450867.56452 0.42175
2450938.25806 1.33363
2451008.95161 4.39846
2451221.03226 1.44545
2451291.72581 3.32404
2451362.41935 5.27059
2451645.19355 6.64076
2451715.88710 5.90837
2451998.66129 6.22617
2452069.35484 4.76103
2452352.12903 4.87371
2452422.82258 1.74029
2452705.59677 2.33731
2452776.29032 0.22839
2452846.98387 1.04284
2453059.06452 1.58302
2453129.75806 1.06035
2453200.45161 4.11602
2453412.53226 2.28874
2453483.22581 3.08970
2453553.91935 6.76805
2453766.00000 3.51927
2453836.69355 5.37120
2453907.38710 7.14349
2454190.16129 5.27549
2454260.85484 4.67915
2454543.62903 4.35555
2454614.32258 1.90708
2454897.09677 2.65511
2454967.79032 1.01784
2455038.48387 0.66133
2455250.56452 3.11338
2455321.25806 2.11152
2455391.95161 3.49248
2455604.03226 3.64552
2455674.72581 3.32456
2455745.41935 6.16339
2455957.50000 3.60454
