2445000.00000 15.80515
2445070.69355 2.72413
2445141.38710 13.44596
2445424.16129 -0.18832
2445494.85484 9.15268
2445777.62903 2.99864
2445848.32258 -6.15230
2446131.09677 -2.35125
2446201.79032 -14.12903
2446272.48387 -1.53979
2446484.56452 -14.58662
2446555.25806 -8.03109
2446625.95161 -9.07699
2446838.03226 -15.66619
2446908.72581 1.26617
2446979.41935 -12.61796
2447191.50000 2.14522
2447262.19355 -0.17187
2447332.88710 -0.27020
2447615.66129 -1.28527
2447686.35484 14.72529
2447969.12903 10.71284
2448039.82258 12.91927
2448322.59677 16.78294
2448393.29032 1.04410
2448463.98387 8.82573
2448676.06452 5.37924
2448746.75806 -4.23671
2448817.45161 6.87523
2449029.53226 -11.05937
2449100.22581 0.45538
2449170.91935 -10.68237
2449383.00000 -11.35538
2449453.69355 -3.40212
2449524.38710 -20.13958
2449807.16129 -13.71392
2449877.85484 -6.69480
2450160.62903 -10.93117
2450231.32258 4.62142
2450514.09677 4.32466
2450584.79032 2.98555
2450655.48387 2.60663
2450867.56452 14.87469
2450938.25806 0.66944
2451008.95161 17.58433
2451221.03226 8.24676
2451291.72581 8.76533
2451362.41935 10.58171
2451645.19355 14.16711
2451715.88710 -1.44418
2451998.66129 2.23225
2452069.35484 -5.66160
2452352.12903 -12.33020
2452422.82258 -1.60664
2452705.59677 -11.18619
2452776.29032 -3.44529
2452846.98387 -14.94503
2453059.06452 -1.90634
2453129.75806 -11.56839
2453200.45161 -3.57608
2453412.53226 1.63046
2453483.22581 -7.00857
2453553.91935 5.94320
2453766.00000 -1.21865
2453836.69355 5.54641
2453907.38710 4.27207
2454190.16129 11.78955
2454260.85484 1.69482
2454543.62903 4.93049
2454614.32258 4.23423
2454897.09677 -1.62491
2454967.79032 7.25345
2455038.48387 -2.51613
2455250.56452 -1.28877
2455321.25806 -0.30614
2455391.95161 -5.83614
2455604.03226 -0.00721
2455674.72581 -10.57531
2455745.41935 -1.89877
2455957.50000 -5.55317
