2445000.00000 -0.47409
2445070.69355 -2.95144
2445141.38710 -7.54208
2445424.16129 -7.09405
2445494.85484 -3.52523
2445777.62903 4.21808
2445848.32258 5.72578
2446131.09677 7.04770
2446201.79032 2.45418
2446272.48387 4.15553
2446484.56452 -3.61348
2446555.25806 -1.43836
2446625.95161 -1.39651
2446838.03226 -3.99128
2446908.72581 -4.88036
2446979.41935 -8.63991
2447191.50000 -0.89685
2447262.19355 -2.27762
2447332.88710 1.85366
2447615.66129 7.62875
2447686.35484 8.53498
2447969.12903 3.84534
2448039.82258 -2.23565
2448322.59677 -6.81946
2448393.29032 -7.50609
2448463.98387 -3.42028
2448676.06452 -2.62024
2448746.75806 0.02167
2448817.45161 -2.65787
2449029.53226 6.66977
2449100.22581 3.01926
2449170.91935 5.54572
2449383.00000 2.74122
2449453.69355 4.40598
2449524.38710 6.33341
2449807.16129 -1.92198
2449877.85484 -6.97867
2450160.62903 -8.50703
2450231.32258 -5.44684
2450514.09677 2.89452
2450584.79032 7.63542
2450655.48387 4.01917
2450867.56452 7.38366
2450938.25806 5.07349
2451008.95161 3.40543
2451221.03226 -2.58889
2451291.72581 -2.95070
2451362.41935 -0.57877
2451645.19355 -3.72675
2451715.88710 -8.68707
2451998.66129 -3.18181
2452069.35484 -0.16559
2452352.12903 6.45897
2452422.82258 9.60046
2452705.59677 5.11602
2452776.29032 -0.72355
2452846.98387 -3.77797
2453059.06452 -7.85868
2453129.75806 -7.44899
2453200.45161 -3.90347
2453412.53226 -4.37952
2453483.22581 -0.12484
2453553.91935 -1.57917
2453766.00000 7.79705
2453836.69355 3.49266
2453907.38710 4.17719
2454190.16129 4.02466
2454260.85484 6.48791
2454543.62903 -0.65706
2454614.32258 -5.49821
2454897.09677 -7.06598
2454967.79032 -7.21884
2455038.48387 -1.58213
2455250.56452 0.51327
2455321.25806 5.19353
2455391.95161 4.96434
2455604.03226 9.01628
2455674.72581 4.79386
2455745.41935 2.85820
2455957.50000 -1.04623
