2445000.00000 14.97784
2445070.69355 14.08399
2445141.38710 25.01368
2445424.16129 16.84202
2445494.85484 14.28524
2445777.62903 18.71675
2445848.32258 8.39855
2446131.09677 12.34599
2446201.79032 15.39023
2446272.48387 29.35926
2446484.56452 12.60223
2446555.25806 21.66293
2446625.95161 13.92085
2446838.03226 15.76389
2446908.72581 15.34224
2446979.41935 4.82104
2447191.50000 21.70326
2447262.19355 13.87668
2447332.88710 22.30520
2447615.66129 18.62868
2447686.35484 24.17898
2447969.12903 18.27147
2448039.82258 8.84762
2448322.59677 18.84382
2448393.29032 12.95775
2448463.98387 23.71185
2448676.06452 12.79821
2448746.75806 19.52597
2448817.45161 25.26471
2449029.53226 13.24629
2449100.22581 19.30919
2449170.91935 6.98928
2449383.00000 26.44786
2449453.69355 12.73359
2449524.38710 11.00754
2449807.16129 15.89546
2449877.85484 24.58833
2450160.62903 17.85500
2450231.32258 14.51728
2450514.09677 18.39363
2450584.79032 7.78397
2450655.48387 9.58917
2450867.56452 15.94646
2450938.25806 17.69072
2451008.95161 25.64651
2451221.03226 8.86345
2451291.72581 20.90980
2451362.41935 15.80476
2451645.19355 17.51510
2451715.88710 6.40737
2451998.66129 17.38918
2452069.35484 17.42535
2452352.12903 15.41335
2452422.82258 19.27986
2452705.59677 17.78378
2452776.29032 15.28705
2452846.98387 4.76702
2453059.06452 19.21068
2453129.75806 11.39679
2453200.45161 19.89390
2453412.53226 12.09642
2453483.22581 19.48453
2453553.91935 23.25380
2453766.00000 11.39412
2453836.69355 21.58235
2453907.38710 10.78822
2454190.16129 15.94572
2454260.85484 8.64704
2454543.62903 11.76785
2454614.32258 21.09771
2454897.09677 14.36789
2454967.79032 22.43044
2455038.48387 8.76535
2455250.56452 18.77217
2455321.25806 9.93528
2455391.95161 10.76060
2455604.03226 19.07072
2455674.72581 13.17497
2455745.41935 27.05931
2455957.50000 8.60977
