2445000.00000 16.14006
2445070.69355 10.91274
2445141.38710 10.60521
2445424.16129 14.45271
2445494.85484 13.21169
2445777.62903 11.06939
2445848.32258 14.94874
2446131.09677 12.66268
2446201.79032 10.28141
2446272.48387 14.56498
2446484.56452 11.20247
2446555.25806 10.39017
2446625.95161 8.40692
2446838.03226 7.32318
2446908.72581 11.97186
2446979.41935 7.79058
2447191.50000 7.84398
2447262.19355 3.67275
2447332.88710 6.66482
2447615.66129 7.23959
2447686.35484 2.61980
2447969.12903 6.81309
2448039.82258 7.34423
2448322.59677 3.83692
2448393.29032 6.02365
2448463.98387 7.61093
2448676.06452 10.58161
2448746.75806 6.26149
2448817.45161 6.48729
2449029.53226 10.00479
2449100.22581 11.85911
2449170.91935 8.31065
2449383.00000 11.04945
2449453.69355 10.92275
2449524.38710 16.48901
2449807.16129 13.33718
2449877.85484 12.26999
2450160.62903 18.00468
2450231.32258 12.39086
2450514.09677 10.91312
2450584.79032 17.79495
2450655.48387 11.94993
2450867.56452 10.28134
2450938.25806 9.88449
2451008.95161 15.55283
2451221.03226 13.65779
2451291.72581 10.02249
2451362.41935 5.76426
2451645.19355 10.00856
2451715.88710 7.91109
2451998.66129 0.89733
2452069.35484 5.92335
2452352.12903 6.30075
2452422.82258 0.02614
2452705.59677 4.79571
2452776.29032 6.90336
2452846.98387 1.17378
2453059.06452 2.25882
2453129.75806 6.24699
2453200.45161 8.27656
2453412.53226 11.46425
2453483.22581 5.21977
2453553.91935 8.17990
2453766.00000 11.37065
2453836.69355 13.81669
2453907.38710 9.08679
2454190.16129 11.44782
2454260.85484 18.28804
2454543.62903 14.79499
2454614.32258 14.63993
2454897.09677 23.38835
2454967.79032 13.69868
2455038.48387 13.33533
2455250.56452 10.32167
2455321.25806 15.69704
2455391.95161 12.90788
2455604.03226 13.39403
2455674.72581 7.86934
2455745.41935 13.65785
2455957.50000 8.93753
