2445000.00000 9.79794
2445070.69355 12.20997
2445141.38710 12.60856
2445424.16129 10.43384
2445494.85484 13.41487
2445777.62903 7.62690
2445848.32258 12.28603
2446131.09677 5.63714
2446201.79032 8.26387
2446272.48387 8.10385
2446484.56452 6.60881
2446555.25806 2.25515
2446625.95161 6.67788
2446838.03226 5.87536
2446908.72581 1.72560
2446979.41935 4.43967
2447191.50000 4.34366
2447262.19355 4.32285
2447332.88710 1.24215
2447615.66129 6.10452
2447686.35484 2.50731
2447969.12903 6.74555
2448039.82258 7.59696
2448322.59677 6.00919
2448393.29032 12.15187
2448463.98387 6.58422
2448676.06452 8.03186
2448746.75806 11.74686
2448817.45161 12.95805
2449029.53226 11.19672
2449100.22581 11.15413
2449170.91935 13.95114
2449383.00000 14.50544
2449453.69355 8.51592
2449524.38710 13.96292
2449807.16129 9.46617
2449877.85484 9.99711
2450160.62903 11.78822
2450231.32258 5.54513
2450514.09677 8.91145
2450584.79032 4.43397
2450655.48387 4.78497
2450867.56452 5.88504
2450938.25806 6.83431
2451008.95161 1.21642
2451221.03226 1.34407
2451291.72581 5.16735
2451362.41935 1.32165
2451645.19355 4.95930
2451715.88710 4.78148
2451998.66129 2.93370
2452069.35484 7.89927
2452352.12903 3.47677
2452422.82258 9.86334
2452705.59677 7.71985
2452776.29032 7.98974
2452846.98387 13.43036
2453059.06452 13.40949
2453129.75806 9.60625
2453200.45161 14.77521
2453412.53226 12.27495
2453483.22581 12.26254
2453553.91935 11.51500
2453766.00000 12.30637
2453836.69355 15.05687
2453907.38710 7.39681
2454190.16129 11.02659
2454260.85484 9.66617
2454543.62903 10.43243
2454614.32258 9.97815
2454897.09677 3.57647
2454967.79032 8.25084
2455038.48387 3.88324
2455250.56452 1.35781
2455321.25806 4.28486
2455391.95161 6.11586
2455604.03226 3.42204
2455674.72581 0.61622
2455745.41935 5.69324
2455957.50000 5.90339
