2445000.00000 -9.88784
2445070.69355 10.20319
2445141.38710 -16.63008
2445424.16129 -4.70823
2445494.85484 -34.87818
2445777.62903 -19.29699
2445848.32258 -30.67284
2446131.09677 -18.31586
2446201.79032 -23.85130
2446272.48387 -2.42821
2446484.56452 -11.42555
2446555.25806 -1.03960
2446625.95161 9.50759
2446838.03226 0.11869
2446908.72581 20.77104
2446979.41935 19.81806
2447191.50000 7.74544
2447262.19355 31.38767
2447332.88710 16.99584
2447615.66129 36.80347
2447686.35484 6.82262
2447969.12903 18.83699
2448039.82258 -10.47298
2448322.59677 -2.94550
2448393.29032 -20.93766
2448463.98387 -1.43151
2448676.06452 -21.77160
2448746.75806 -30.44321
2448817.45161 -10.89438
2449029.53226 -37.62636
2449100.22581 -20.76526
2449170.91935 -14.45590
2449383.00000 -28.58382
2449453.69355 -3.86119
2449524.38710 -9.44944
2449807.16129 20.21820
2449877.85484 1.84222
2450160.62903 35.95545
2450231.32258 12.03218
2450514.09677 45.60399
2450584.79032 12.87515
2450655.48387 50.60499
2450867.56452 24.61477
2450938.25806 2.80025
2451008.95161 27.12021
2451221.03226 -0.11673
2451291.72581 -10.72997
2451362.41935 6.23317
2451645.19355 -21.84392
2451715.88710 -17.54462
2451998.66129 -17.83364
2452069.35484 -33.36259
2452352.12903 -8.23158
2452422.82258 -30.90341
2452705.59677 10.63284
2452776.29032 -16.02056
2452846.98387 12.62321
2453059.06452 30.54324
2453129.75806 2.32509
2453200.45161 42.35697
2453412.53226 40.12296
2453483.22581 14.78373
2453553.91935 44.83493
2453766.00000 24.57598
2453836.69355 19.14603
2453907.38710 43.07623
2454190.16129 10.56292
2454260.85484 13.59799
2454543.62903 -1.67188
2454614.32258 -18.64921
2454897.09677 -12.03324
2454967.79032 -45.32937
2455038.48387 -27.45993
2455250.56452 -14.88049
2455321.25806 -51.34798
2455391.95161 -17.72916
2455604.03226 -3.49265
2455674.72581 -31.85259
2455745.41935 6.34784
2455957.50000 9.83024
