2445000.00000 1.51864
2445010.90299 7.03932
2445021.80597 6.33044
2445032.70896 1.09916
2445043.61194 6.68416
2445054.51493 6.43875
2445065.41791 1.28324
2445076.32090 6.57889
2445087.22388 7.73260
2445098.12687 1.32592
2445109.02985 6.76358
2445119.93284 6.82623
2445130.83582 1.15948
2445141.73881 6.34095
2445152.64179 7.27995
2445163.54478 0.94670
2445174.44776 5.09609
2445370.70149 4.13715
2445381.60448 8.16944
2445392.50746 1.20223
2445403.41045 3.38007
2445414.31343 8.44949
2445425.21642 0.97070
2445436.11940 3.86953
2445447.02239 5.96653
2445457.92537 1.30550
2445468.82836 2.67440
2445479.73134 6.49218
2445490.63433 1.18857
2445501.53731 2.58616
2445512.44030 7.52717
2445523.34328 1.27605
2445534.24627 2.48890
2445545.14925 7.43988
2445730.50000 1.16561
2445741.40299 7.06402
2445752.30597 2.62949
2445763.20896 1.01591
2445774.11194 7.72022
2445785.01493 2.62292
2445795.91791 0.94570
2445806.82090 7.46221
2445817.72388 2.86943
2445828.62687 1.06597
2445839.52985 6.44500
2445850.43284 3.43538
2445861.33582 0.81361
2445872.23881 6.88780
2445883.14179 3.19604
2445894.04478 0.75080
2445904.94776 6.46143
2446101.20149 5.48268
2446112.10448 5.17492
2446123.00746 0.42421
2446133.91045 6.05608
2446144.81343 5.69526
2446155.71642 0.39920
2446166.61940 6.07220
2446177.52239 5.58264
2446188.42537 0.49518
2446199.32836 6.72387
2446210.23134 5.35170
2446221.13433 0.57163
2446232.03731 6.27266
2446242.94030 5.97584
2446253.84328 0.53648
2446264.74627 5.71626
2446275.64925 6.21881
2446461.00000 4.66227
2446471.90299 8.94419
2446482.80597 1.61899
2446493.70896 4.72006
2446504.61194 8.65171
2446515.51493 1.56493
2446526.41791 5.00558
2446537.32090 7.39759
2446548.22388 1.97861
2446559.12687 4.41046
2446570.02985 8.15540
2446580.93284 2.28080
2446591.83582 4.61813
2446602.73881 8.82244
2446613.64179 2.51830
2446624.54478 5.20160
2446635.44776 8.52375
2446831.70149 9.59655
2446842.60448 4.42942
2446853.50746 4.10215
2446864.41045 8.92111
2446875.31343 4.17028
2446886.21642 5.03137
2446897.11940 10.35153
2446908.02239 4.88264
2446918.92537 3.81563
2446929.82836 10.55994
2446940.73134 5.87850
2446951.63433 4.02027
2446962.53731 10.75167
2446973.44030 5.26410
2446984.34328 3.84674
2446995.24627 9.95465
2447006.14925 4.99053
2447191.50000 8.63147
2447202.40299 8.22055
2447213.30597 4.99511
2447224.20896 10.76390
2447235.11194 9.13537
2447246.01493 4.96079
2447256.91791 8.30533
2447267.82090 7.68852
2447278.72388 5.11596
2447289.62687 7.84016
2447300.52985 7.36216
2447311.43284 4.24066
2447322.33582 9.29866
2447333.23881 8.46738
2447344.14179 4.53065
2447355.04478 9.12313
2447365.94776 8.31409
2447562.20149 11.16876
2447573.10448 5.47745
2447584.00746 9.72242
2447594.91045 12.07576
2447605.81343 5.14305
2447616.71642 10.07040
2447627.61940 11.98870
2447638.52239 5.39847
2447649.42537 8.81008
2447660.32836 11.42511
2447671.23134 6.18742
2447682.13433 7.53241
2447693.03731 12.29268
2447703.94030 5.64288
2447714.84328 10.21326
2447725.74627 12.31773
2447736.64925 5.64638
2447922.00000 10.43434
2447932.90299 5.84849
2447943.80597 7.76466
2447954.70896 16.15785
2447965.61194 7.16502
2447976.51493 8.42476
2447987.41791 13.32071
2447998.32090 7.55490
2448009.22388 6.83004
2448020.12687 12.89554
2448031.02985 6.77216
2448041.93284 7.77697
2448052.83582 12.30117
2448063.73881 7.33082
2448074.64179 7.12974
2448085.54478 12.99732
2448096.44776 8.30246
2448292.70149 7.76592
2448303.60448 5.65843
2448314.50746 13.41022
2448325.41045 8.74864
2448336.31343 5.99121
2448347.21642 13.18347
2448358.11940 9.59461
2448369.02239 5.61812
2448379.92537 9.42050
2448390.82836 8.83100
2448401.73134 5.16358
2448412.63433 13.10159
2448423.53731 8.76793
2448434.44030 6.27872
2448445.34328 9.75671
2448456.24627 9.20625
2448467.14925 5.51661
2448652.50000 10.46590
2448663.40299 5.26341
2448674.30597 10.97980
2448685.20896 10.96620
2448696.11194 5.51374
2448707.01493 10.28416
2448717.91791 10.29903
2448728.82090 5.30404
2448739.72388 9.55810
2448750.62687 8.38683
2448761.52985 4.76020
2448772.43284 7.36369
2448783.33582 12.49138
2448794.23881 4.53481
2448805.14179 7.51405
2448816.04478 12.36562
2448826.94776 4.57012
2449023.20149 5.02078
2449034.10448 5.92685
2449045.00746 11.65394
2449055.91045 5.46576
2449066.81343 7.32640
2449077.71642 10.02238
2449088.61940 5.16719
2449099.52239 6.99381
2449110.42537 9.87418
2449121.32836 5.22055
2449132.23134 6.19206
2449143.13433 10.40511
2449154.03731 5.22212
2449164.94030 5.62263
2449175.84328 8.60610
2449186.74627 5.16136
2449197.64925 5.65500
2449383.00000 5.12996
2449393.90299 3.72933
2449404.80597 8.75266
2449415.70896 5.77217
2449426.61194 3.59291
2449437.51493 9.07267
2449448.41791 6.57449
2449459.32090 3.24068
2449470.22388 8.75459
2449481.12687 4.96531
2449492.02985 2.76884
2449502.93284 9.43697
2449513.83582 6.24915
2449524.73881 2.79788
2449535.64179 8.13804
2449546.54478 4.91126
2449557.44776 2.41731
2449753.70149 1.71217
2449764.60448 6.48749
2449775.50746 6.97082
2449786.41045 1.59478
2449797.31343 6.31721
2449808.21642 5.68568
2449819.11940 1.49459
2449830.02239 7.22650
2449840.92537 7.16182
2449851.82836 1.42721
2449862.73134 6.57926
2449873.63433 5.89641
2449884.53731 1.38248
2449895.44030 6.68625
2449906.34328 6.72139
2449917.24627 1.23044
2449928.14925 6.20742
2450113.50000 1.33221
2450124.40299 4.31696
2450135.30597 7.84855
2450146.20896 1.19382
2450157.11194 4.59351
2450168.01493 6.93271
2450178.91791 1.05650
2450189.82090 4.00854
2450200.72388 7.58690
2450211.62687 1.41810
2450222.52985 2.98167
2450233.43284 6.93572
2450244.33582 1.39219
2450255.23881 3.55732
2450266.14179 6.67336
2450277.04478 1.54901
2450287.94776 3.90339
2450484.20149 2.10540
2450495.10448 7.11739
2450506.00746 2.60383
2450516.91045 2.23420
2450527.81343 6.75194
2450538.71642 3.15018
2450549.61940 1.99323
2450560.52239 7.57193
2450571.42537 3.23454
2450582.32836 1.82931
2450593.23134 7.64366
2450604.13433 3.75496
2450615.03731 1.68917
2450625.94030 7.12424
2450636.84328 2.84608
2450647.74627 1.56048
2450658.64925 7.05455
2450844.00000 1.29832
2450854.90299 7.50053
2450865.80597 4.25593
2450876.70896 1.49334
2450887.61194 6.88235
2450898.51493 5.41026
2450909.41791 1.27962
2450920.32090 5.64528
2450931.22388 4.76998
2450942.12687 1.33259
2450953.02985 7.17932
2450963.93284 5.38028
2450974.83582 1.60988
2450985.73881 6.76790
2450996.64179 7.25986
2451007.54478 1.65351
2451018.44776 6.98641
2451214.70149 5.85247
2451225.60448 7.66012
2451236.50746 2.09923
2451247.41045 5.90826
2451258.31343 9.27209
2451269.21642 2.49010
2451280.11940 5.05763
2451291.02239 8.12536
2451301.92537 2.96569
2451312.82836 6.23091
2451323.73134 7.56436
2451334.63433 3.04896
2451345.53731 5.83879
2451356.44030 8.83914
2451367.34328 2.88512
2451378.24627 7.27885
2451389.14925 10.55319
2451574.50000 5.85988
2451585.40299 8.32587
2451596.30597 4.95048
2451607.20896 5.20123
2451618.11194 11.14669
2451629.01493 5.04787
2451639.91791 4.74996
2451650.82090 10.47909
2451661.72388 5.68835
2451672.62687 4.85057
2451683.52985 9.57706
2451694.43284 5.86444
2451705.33582 5.18655
2451716.23881 8.57175
2451727.14179 5.83930
2451738.04478 4.43819
2451748.94776 11.53429
2451945.20149 10.40182
2451956.10448 7.95345
2451967.00746 4.67544
2451977.91045 10.37658
2451988.81343 8.26999
2451999.71642 5.55220
2452010.61940 11.06261
2452021.52239 9.01184
2452032.42537 4.63448
2452043.32836 10.14278
2452054.23134 9.26397
2452065.13433 5.32678
2452076.03731 9.92725
2452086.94030 8.82410
2452097.84328 5.02066
2452108.74627 10.57277
2452119.64925 7.91688
2452305.00000 11.49731
2452315.90299 9.66504
2452326.80597 5.23084
2452337.70896 11.49531
2452348.61194 10.88434
2452359.51493 5.96710
2452370.41791 8.63347
2452381.32090 10.01171
2452392.22388 5.88766
2452403.12687 10.85914
2452414.02985 10.34969
2452424.93284 5.58343
2452435.83582 9.03058
2452446.73881 10.97444
2452457.64179 5.98027
2452468.54478 10.07642
2452479.44776 11.53047
2452675.70149 12.45581
2452686.60448 7.75177
2452697.50746 7.73426
2452708.41045 13.27448
2452719.31343 5.98152
2452730.21642 7.72404
2452741.11940 10.71745
2452752.02239 6.60015
2452762.92537 8.62208
2452773.82836 10.70725
2452784.73134 6.98537
2452795.63433 6.21128
2452806.53731 11.69753
2452817.44030 6.66698
2452828.34328 7.57084
2452839.24627 12.18085
2452850.14925 6.69817
2453035.50000 13.35274
2453046.40299 8.52715
2453057.30597 6.89728
2453068.20896 10.52601
2453079.11194 8.79203
2453090.01493 6.68050
2453100.91791 10.02326
2453111.82090 7.60992
2453122.72388 6.29098
2453133.62687 11.07181
2453144.52985 9.48008
2453155.43284 6.10728
2453166.33582 11.91880
2453177.23881 10.59129
2453188.14179 6.15519
2453199.04478 12.93595
2453209.94776 8.09590
2453406.20149 7.85766
2453417.10448 4.96458
2453428.00746 10.46416
2453438.91045 9.33484
2453449.81343 5.46385
2453460.71642 8.59570
2453471.61940 7.84298
2453482.52239 4.85095
2453493.42537 9.73517
2453504.32836 10.86848
2453515.23134 4.89456
2453526.13433 9.79435
2453537.03731 11.05079
2453547.94030 4.94772
2453558.84328 9.35284
2453569.74627 10.24415
2453580.64925 4.88740
2453766.00000 10.96737
2453776.90299 4.72534
2453787.80597 7.88285
2453798.70896 8.49114
2453809.61194 4.24921
2453820.51493 7.02795
2453831.41791 9.46597
2453842.32090 5.40239
2453853.22388 6.62130
2453864.12687 9.58005
2453875.02985 4.23369
2453885.93284 6.16567
2453896.83582 9.41117
2453907.73881 4.41121
2453918.64179 6.05662
2453929.54478 11.29140
2453940.44776 3.99155
2454136.70149 4.93095
2454147.60448 4.40296
2454158.50746 9.83839
2454169.41045 5.53984
2454180.31343 4.43667
2454191.21642 8.77003
2454202.11940 5.24650
2454213.02239 4.21122
2454223.92537 8.17572
2454234.82836 4.28311
2454245.73134 3.52322
2454256.63433 8.36120
2454267.53731 5.24023
2454278.44030 3.48271
2454289.34328 10.30109
2454300.24627 4.95033
2454311.14925 2.81626
2454496.50000 5.74867
2454507.40299 2.43781
2454518.30597 5.97721
2454529.20896 4.96016
2454540.11194 2.04355
2454551.01493 6.99611
2454561.91791 6.54152
2454572.82090 2.70943
2454583.72388 7.63501
2454594.62687 4.79770
2454605.52985 2.12000
2454616.43284 6.17412
2454627.33582 6.33465
2454638.23881 2.07851
2454649.14179 6.44515
2454660.04478 6.81543
2454670.94776 2.01225
2454867.20149 2.06191
2454878.10448 4.89982
2454889.00746 6.31220
2454899.91045 2.07096
2454910.81343 4.51123
2454921.71642 6.64311
2454932.61940 2.06527
2454943.52239 4.60625
2454954.42537 6.97560
2454965.32836 2.35515
2454976.23134 4.09299
2454987.13433 6.84398
2454998.03731 1.73423
2455008.94030 4.70909
2455019.84328 7.08053
2455030.74627 2.45977
2455041.64925 3.96124
2455227.00000 3.12729
2455237.90299 3.98265
2455248.80597 6.55335
2455259.70896 3.00378
2455270.61194 2.82181
2455281.51493 6.80541
2455292.41791 2.72956
2455303.32090 2.98163
2455314.22388 8.69439
2455325.12687 3.72160
2455336.02985 2.70890
2455346.93284 7.69641
2455357.83582 3.24104
2455368.73881 3.11375
2455379.64179 7.30587
2455390.54478 3.89046
2455401.44776 3.15983
2455597.70149 2.53158
2455608.60448 5.96028
2455619.50746 3.68692
2455630.41045 2.78874
2455641.31343 6.17053
2455652.21642 6.26957
2455663.11940 2.75311
2455674.02239 7.04401
2455684.92537 4.83809
2455695.82836 2.67379
2455706.73134 7.09344
2455717.63433 5.36987
2455728.53731 2.48463
2455739.44030 7.23292
2455750.34328 6.32410
2455761.24627 2.98406
2455772.14925 7.57353
2455957.50000 3.14875
