2445000.00000 -2.57759
2445010.90299 15.06413
2445021.80597 40.27608
2445032.70896 18.37372
2445043.61194 -4.64734
2445054.51493 11.25780
2445065.41791 34.83055
2445076.32090 21.37839
2445087.22388 -6.94791
2445098.12687 8.32359
2445109.02985 29.59305
2445119.93284 19.39234
2445130.83582 -7.96633
2445141.73881 3.90760
2445152.64179 30.58108
2445163.54478 17.92076
2445174.44776 -12.01704
2445370.70149 12.81628
2445381.60448 5.51395
2445392.50746 -26.31804
2445403.41045 -15.87731
2445414.31343 10.60239
2445425.21642 3.37104
2445436.11940 -26.62661
2445447.02239 -19.02477
2445457.92537 6.62678
2445468.82836 1.79394
2445479.73134 -31.94861
2445490.63433 -20.13426
2445501.53731 3.94255
2445512.44030 -0.47740
2445523.34328 -31.60939
2445534.24627 -27.74478
2445545.14925 0.37022
2445730.50000 -6.50165
2445741.40299 -42.50106
2445752.30597 -42.40159
2445763.20896 -12.61934
2445774.11194 -6.81504
2445785.01493 -30.94159
2445795.91791 -46.38703
2445806.82090 -15.66990
2445817.72388 -9.36018
2445828.62687 -42.88308
2445839.52985 -44.17090
2445850.43284 -15.49948
2445861.33582 -7.90269
2445872.23881 -34.03026
2445883.14179 -38.07188
2445894.04478 -16.32891
2445904.94776 -6.18243
2446101.20149 -52.18790
2446112.10448 -19.28674
2446123.00746 -1.51123
2446133.91045 -32.45426
2446144.81343 -40.63843
2446155.71642 -16.43048
2446166.61940 0.89258
2446177.52239 -27.31837
2446188.42537 -43.54471
2446199.32836 -15.20810
2446210.23134 3.75249
2446221.13433 -21.51068
2446232.03731 -44.12938
2446242.94030 -14.02500
2446253.84328 6.57557
2446264.74627 -18.23752
2446275.64925 -33.28088
2446461.00000 -2.74314
2446471.90299 22.05873
2446482.80597 0.73598
2446493.70896 -24.33840
2446504.61194 -1.16870
2446515.51493 20.64120
2446526.41791 4.42961
2446537.32090 -20.82862
2446548.22388 1.04316
2446559.12687 27.51418
2446570.02985 10.75291
2446580.93284 -16.82563
2446591.83582 3.54975
2446602.73881 27.15556
2446613.64179 15.11046
2446624.54478 -12.56235
2446635.44776 4.86066
2446831.70149 31.80273
2446842.60448 1.55714
2446853.50746 12.58773
2446864.41045 39.91418
2446875.31343 40.51847
2446886.21642 3.74365
2446897.11940 14.08925
2446908.02239 43.23471
2446918.92537 33.39064
2446929.82836 6.37911
2446940.73134 16.61361
2446951.63433 42.22129
2446962.53731 29.61032
2446973.44030 6.66493
2446984.34328 15.48464
2446995.24627 34.27456
2447006.14925 38.09296
2447191.50000 12.06032
2447202.40299 11.44285
2447213.30597 29.24420
2447224.20896 38.95824
2447235.11194 11.73610
2447246.01493 9.28307
2447256.91791 43.65329
2447267.82090 46.90247
2447278.72388 10.58093
2447289.62687 6.57912
2447300.52985 35.54374
2447311.43284 37.84725
2447322.33582 9.66638
2447333.23881 4.20433
2447344.14179 39.99024
2447355.04478 36.36385
2447365.94776 6.93454
2447562.20149 19.41482
2447573.10448 36.10294
2447584.00746 -2.02111
2447594.91045 -13.42487
2447605.81343 14.52017
2447616.71642 25.80182
2447627.61940 -4.00010
2447638.52239 -20.16494
2447649.42537 10.17063
2447660.32836 23.59245
2447671.23134 -6.92364
2447682.13433 -22.16870
2447693.03731 6.00916
2447703.94030 19.67702
2447714.84328 -7.93034
2447725.74627 -26.61660
2447736.64925 2.09966
2447922.00000 6.26877
2447932.90299 -20.64874
2447943.80597 -46.01888
2447954.70896 -17.64935
2447965.61194 4.05795
2447976.51493 -18.93802
2447987.41791 -44.26956
2447998.32090 -19.67494
2448009.22388 1.61120
2448020.12687 -22.37577
2448031.02985 -45.50878
2448041.93284 -29.06812
2448052.83582 -0.28989
2448063.73881 -23.34603
2448074.64179 -43.84252
2448085.54478 -26.43394
2448096.44776 -1.93420
2448292.70149 -58.25864
2448303.60448 -32.28440
2448314.50746 -7.47011
2448325.41045 -19.58713
2448336.31343 -51.81870
2448347.21642 -32.85416
2448358.11940 -6.05482
2448369.02239 -19.87970
2448379.92537 -52.96440
2448390.82836 -37.78509
2448401.73134 -4.50065
2448412.63433 -16.37712
2448423.53731 -53.15192
2448434.44030 -36.56547
2448445.34328 -5.26418
2448456.24627 -14.06619
2448467.14925 -48.00881
2448652.50000 -27.82897
2448663.40299 3.13839
2448674.30597 -0.28892
2448685.20896 -31.30891
2448696.11194 -29.54219
2448707.01493 6.29582
2448717.91791 3.11888
2448728.82090 -27.44884
2448739.72388 -27.81684
2448750.62687 6.44446
2448761.52985 7.43623
2448772.43284 -25.07330
2448783.33582 -22.84625
2448794.23881 9.75094
2448805.14179 11.78623
2448816.04478 -20.72231
2448826.94776 -20.86050
2449023.20149 29.43791
2449034.10448 -0.73097
2449045.00746 -8.11570
2449055.91045 26.00599
2449066.81343 34.60300
2449077.71642 2.66912
2449088.61940 -6.00063
2449099.52239 32.19962
2449110.42537 39.11261
2449121.32836 6.86628
2449132.23134 -3.59584
2449143.13433 25.01294
2449154.03731 43.50077
2449164.94030 10.07503
2449175.84328 -1.03957
2449186.74627 35.19807
2449197.64925 50.36311
2449383.00000 23.97374
2449393.90299 5.28973
2449404.80597 30.60175
2449415.70896 51.03098
2449426.61194 27.02890
2449437.51493 6.19754
2449448.41791 34.24196
2449459.32090 53.58165
2449470.22388 24.26621
2449481.12687 5.43863
2449492.02985 30.05992
2449502.93284 54.86081
2449513.83582 27.26241
2449524.73881 5.15582
2449535.64179 30.91141
2449546.54478 38.74310
2449557.44776 21.57582
2449753.70149 14.00194
2449764.60448 38.91614
2449775.50746 18.17112
2449786.41045 -3.38239
2449797.31343 15.09538
2449808.21642 46.35043
2449819.11940 21.31566
2449830.02239 -7.12961
2449840.92537 11.36137
2449851.82836 44.33521
2449862.73134 25.34050
2449873.63433 -7.96943
2449884.53731 6.50237
2449895.44030 37.84171
2449906.34328 19.97142
2449917.24627 -10.16563
2449928.14925 3.18077
2450113.50000 17.50403
2450124.40299 8.23229
2450135.30597 -22.22922
2450146.20896 -17.83041
2450157.11194 14.04897
2450168.01493 4.75120
2450178.91791 -30.77893
2450189.82090 -20.70284
2450200.72388 11.39026
2450211.62687 2.51576
2450222.52985 -28.52850
2450233.43284 -24.57396
2450244.33582 5.70246
2450255.23881 0.66977
2450266.14179 -33.02555
2450277.04478 -35.26519
2450287.94776 2.21227
2450484.20149 -35.51426
2450495.10448 -41.05584
2450506.00746 -11.14730
2450516.91045 -8.13232
2450527.81343 -47.84447
2450538.71642 -44.40036
2450549.61940 -11.08853
2450560.52239 -9.02681
2450571.42537 -40.69508
2450582.32836 -50.90575
2450593.23134 -16.63135
2450604.13433 -9.34131
2450615.03731 -51.72165
2450625.94030 -52.99749
2450636.84328 -16.88113
2450647.74627 -9.00330
2450658.64925 -41.37989
2450844.00000 -49.69167
2450854.90299 -18.08712
2450865.80597 -2.88439
2450876.70896 -36.03960
2450887.61194 -43.83526
2450898.51493 -14.47560
2450909.41791 -0.53828
2450920.32090 -24.20510
2450931.22388 -45.10790
2450942.12687 -13.66486
2450953.02985 2.02912
2450963.93284 -27.01095
2450974.83582 -46.29829
2450985.73881 -14.56748
2450996.64179 4.38900
2451007.54478 -21.25981
2451018.44776 -39.06314
2451214.70149 18.08506
2451225.60448 -2.18017
2451236.50746 -22.26595
2451247.41045 -2.60423
2451258.31343 20.84699
2451269.21642 2.55389
2451280.11940 -21.98165
2451291.02239 -0.10865
2451301.92537 26.18521
2451312.82836 7.77326
2451323.73134 -17.33425
2451334.63433 2.61624
2451345.53731 24.46141
2451356.44030 9.62945
2451367.34328 -16.55446
2451378.24627 5.14834
2451389.14925 30.31246
2451574.50000 32.26082
2451585.40299 0.06518
2451596.30597 13.74518
2451607.20896 45.40828
2451618.11194 33.13546
2451629.01493 2.50559
2451639.91791 15.50435
2451650.82090 45.21517
2451661.72388 34.84664
2451672.62687 4.43268
2451683.52985 13.49293
2451694.43284 47.46035
2451705.33582 35.18892
2451716.23881 6.19290
2451727.14179 15.92740
2451738.04478 53.72760
2451748.94776 48.67616
2451945.20149 12.24509
2451956.10448 40.41937
2451967.00746 49.60314
2451977.91045 10.70776
2451988.81343 11.34486
2451999.71642 42.11184
2452010.61940 48.28020
2452021.52239 9.36402
2452032.42537 8.27281
2452043.32836 44.73388
2452054.23134 42.98979
2452065.13433 9.74786
2452076.03731 6.58844
2452086.94030 42.71850
2452097.84328 40.34335
2452108.74627 9.09418
2452119.64925 3.07442
2452305.00000 21.87197
2452315.90299 32.72692
2452326.80597 -0.69674
2452337.70896 -12.94495
2452348.61194 19.93183
2452359.51493 28.56814
2452370.41791 -3.06437
2452381.32090 -15.63024
2452392.22388 14.17156
2452403.12687 22.95861
2452414.02985 -4.41678
2452424.93284 -19.74127
2452435.83582 7.73660
2452446.73881 21.83842
2452457.64179 -7.98971
2452468.54478 -22.15949
2452479.44776 5.54502
2452675.70149 -14.48258
2452686.60448 -33.04546
2452697.50746 -16.46118
2452708.41045 5.94610
2452719.31343 -23.06938
2452730.21642 -46.45836
2452741.11940 -21.31838
2452752.02239 3.11401
2452762.92537 -27.30312
2452773.82836 -41.15385
2452784.73134 -20.28975
2452795.63433 0.86827
2452806.53731 -20.06662
2452817.44030 -49.55859
2452828.34328 -21.17235
2452839.24627 -1.24948
2452850.14925 -24.73811
2453035.50000 -44.70119
2453046.40299 -36.33040
2453057.30597 -5.62927
2453068.20896 -21.91843
2453079.11194 -47.67294
2453090.01493 -35.05136
2453100.91791 -7.94955
2453111.82090 -17.68785
2453122.72388 -47.30376
2453133.62687 -37.71397
2453144.52985 -6.59179
2453155.43284 -18.23379
2453166.33582 -52.94781
2453177.23881 -46.99073
2453188.14179 -5.99325
2453199.04478 -17.91667
2453209.94776 -46.26020
2453406.20149 2.69275
2453417.10448 -2.32035
2453428.00746 -35.93002
2453438.91045 -25.61040
2453449.81343 4.80259
2453460.71642 1.14151
2453471.61940 -31.34978
2453482.52239 -31.23150
2453493.42537 7.99073
2453504.32836 5.52676
2453515.23134 -24.90316
2453526.13433 -29.80477
2453537.03731 9.57975
2453547.94030 9.41615
2453558.84328 -26.01046
2453569.74627 -24.87214
2453580.64925 12.99361
2453766.00000 34.51064
2453776.90299 -3.04649
2453787.80597 -8.71859
2453798.70896 23.60889
2453809.61194 25.22204
2453820.51493 0.71775
2453831.41791 -7.76047
2453842.32090 24.91559
2453853.22388 43.11746
2453864.12687 4.56828
2453875.02985 -4.50875
2453885.93284 25.86036
2453896.83582 41.01891
2453907.73881 7.03294
2453918.64179 -2.45706
2453929.54478 28.78459
2453940.44776 49.80420
2454136.70149 4.58090
2454147.60448 31.93993
2454158.50746 53.13820
2454169.41045 25.68707
2454180.31343 5.71378
2454191.21642 26.11833
2454202.11940 48.49661
2454213.02239 23.36205
2454223.92537 5.88840
2454234.82836 30.84806
2454245.73134 48.22954
2454256.63433 26.91678
2454267.53731 5.37521
2454278.44030 37.82928
2454289.34328 46.84810
2454300.24627 27.18832
2454311.14925 5.82997
2454496.50000 17.07604
2454507.40299 58.30546
2454518.30597 26.83973
2454529.20896 -2.03734
2454540.11194 16.30105
2454551.01493 47.26806
2454561.91791 26.06457
2454572.82090 -4.65862
2454583.72388 15.41179
2454594.62687 44.01359
2454605.52985 24.33752
2454616.43284 -6.37691
2454627.33582 8.41922
2454638.23881 40.15381
2454649.14179 21.20025
2454660.04478 -9.50849
2454670.94776 5.69338
2454867.20149 8.67273
2454878.10448 -23.36648
2454889.00746 -17.32949
2454899.91045 17.23294
2454910.81343 7.59413
2454921.71642 -30.18333
2454932.61940 -19.77454
2454943.52239 13.37986
2454954.42537 3.31121
2454965.32836 -31.71409
2454976.23134 -24.90208
2454987.13433 8.91266
2454998.03731 1.63141
2455008.94030 -32.15668
2455019.84328 -27.91224
2455030.74627 5.24615
2455041.64925 -0.39035
2455227.00000 -43.53454
2455237.90299 -46.25764
2455248.80597 -12.15354
2455259.70896 -8.08110
2455270.61194 -48.72209
2455281.51493 -50.19180
2455292.41791 -11.17343
2455303.32090 -7.95846
2455314.22388 -44.23626
2455325.12687 -59.15467
2455336.02985 -13.82186
2455346.93284 -9.80893
2455357.83582 -39.63659
2455368.73881 -37.65511
2455379.64179 -17.48242
2455390.54478 -9.50354
2455401.44776 -37.81045
2455597.70149 -19.53761
2455608.60448 -4.07348
2455619.50746 -32.89317
2455630.41045 -55.06462
2455641.31343 -15.12044
2455652.21642 -1.96540
2455663.11940 -35.79345
2455674.02239 -45.35328
2455684.92537 -15.17315
2455695.82836 0.40484
2455706.73134 -22.69482
2455717.63433 -52.20382
2455728.53731 -17.69366
2455739.44030 3.28985
2455750.34328 -22.85011
2455761.24627 -34.29346
2455772.14925 -12.66107
2455957.50000 17.57356
