2445000.00000 8.79253
2445010.90299 2.28004
2445021.80597 -4.49873
2445032.70896 -6.71019
2445043.61194 -4.39183
2445054.51493 2.31981
2445065.41791 6.89253
2445076.32090 9.93314
2445087.22388 5.62816
2445098.12687 -1.56893
2445109.02985 -8.23545
2445119.93284 -8.02359
2445130.83582 -3.51435
2445141.73881 2.56236
2445152.64179 6.26532
2445163.54478 7.13201
2445174.44776 2.23897
2445370.70149 -11.74316
2445381.60448 -10.49330
2445392.50746 -3.90443
2445403.41045 2.40470
2445414.31343 3.05184
2445425.21642 -1.06237
2445436.11940 -7.49907
2445447.02239 -13.26340
2445457.92537 -15.22512
2445468.82836 -8.73477
2445479.73134 -2.49626
2445490.63433 1.66865
2445501.53731 1.48307
2445512.44030 -3.81272
2445523.34328 -9.83555
2445534.24627 -16.27429
2445545.14925 -14.88389
2445730.50000 -6.65959
2445741.40299 -0.44251
2445752.30597 0.18673
2445763.20896 -4.57500
2445774.11194 -10.04692
2445785.01493 -14.58502
2445795.91791 -18.47008
2445806.82090 -11.51605
2445817.72388 -4.23479
2445828.62687 0.29405
2445839.52985 -0.61577
2445850.43284 -5.62099
2445861.33582 -13.24758
2445872.23881 -16.78478
2445883.14179 -15.09370
2445894.04478 -7.01278
2445904.94776 -2.58613
2446101.20149 -3.09004
2446112.10448 -11.22706
2446123.00746 -13.60241
2446133.91045 -12.74751
2446144.81343 -8.19773
2446155.71642 -0.91232
2446166.61940 3.23613
2446177.52239 2.16526
2446188.42537 -3.07015
2446199.32836 -9.53311
2446210.23134 -11.49588
2446221.13433 -9.85473
2446232.03731 -4.58861
2446242.94030 1.93870
2446253.84328 4.99097
2446264.74627 2.30071
2446275.64925 -4.30386
2446461.00000 -10.67425
2446471.90299 -7.23623
2446482.80597 -1.31739
2446493.70896 6.41605
2446504.61194 9.54746
2446515.51493 8.31201
2446526.41791 2.21346
2446537.32090 -4.07855
2446548.22388 -7.09881
2446559.12687 -4.17710
2446570.02985 2.41420
2446580.93284 8.62380
2446591.83582 11.90246
2446602.73881 5.84347
2446613.64179 1.75140
2446624.54478 -5.26222
2446635.44776 -6.33700
2446831.70149 13.57179
2446842.60448 15.27209
2446853.50746 14.29408
2446864.41045 7.10443
2446875.31343 0.67701
2446886.21642 -2.29584
2446897.11940 1.19552
2446908.02239 7.79143
2446918.92537 13.03191
2446929.82836 18.93272
2446940.73134 11.82511
2446951.63433 5.75064
2446962.53731 0.12493
2446973.44030 -0.84425
2446984.34328 3.88665
2446995.24627 10.97942
2447006.14925 15.53370
2447191.50000 14.88067
2447202.40299 8.09603
2447213.30597 1.83325
2447224.20896 -0.77257
2447235.11194 2.40027
2447246.01493 9.96612
2447256.91791 16.48461
2447267.82090 17.64890
2447278.72388 10.39244
2447289.62687 5.78027
2447300.52985 -0.18464
2447311.43284 -1.02666
2447322.33582 4.00407
2447333.23881 9.56145
2447344.14179 14.17173
2447355.04478 18.35631
2447365.94776 8.30819
2447562.20149 -3.65934
2447573.10448 -0.75473
2447584.00746 6.30857
2447594.91045 10.45518
2447605.81343 13.21535
2447616.71642 8.60123
2447627.61940 0.36572
2447638.52239 -5.52961
2447649.42537 -6.04057
2447660.32836 -0.55480
2447671.23134 5.47334
2447682.13433 9.10998
2447693.03731 12.05967
2447703.94030 4.31397
2447714.84328 -2.92837
2447725.74627 -7.54669
2447736.64925 -6.17450
2447922.00000 0.38276
2447932.90299 5.26676
2447943.80597 5.18626
2447954.70896 0.65211
2447965.61194 -6.26823
2447976.51493 -12.79644
2447987.41791 -9.72514
2447998.32090 -6.09019
2448009.22388 0.47659
2448020.12687 4.47253
2448031.02985 3.63609
2448041.93284 -2.64591
2448052.83582 -9.40082
2448063.73881 -13.45554
2448074.64179 -12.69703
2448085.54478 -7.28848
2448096.44776 0.59095
2448292.70149 -5.40230
2448303.60448 -9.79366
2448314.50746 -17.66888
2448325.41045 -14.69106
2448336.31343 -11.21953
2448347.21642 -3.18727
2448358.11940 0.67684
2448369.02239 -0.89244
2448379.92537 -7.11715
2448390.82836 -13.80747
2448401.73134 -20.44563
2448412.63433 -16.76520
2448423.53731 -9.16201
2448434.44030 -1.86236
2448445.34328 0.67680
2448456.24627 -3.16609
2448467.14925 -7.87999
2448652.50000 -20.18805
2448663.40299 -18.80215
2448674.30597 -9.50277
2448685.20896 -2.19580
2448696.11194 1.65827
2448707.01493 -0.36739
2448717.91791 -6.69790
2448728.82090 -12.51176
2448739.72388 -20.71370
2448750.62687 -14.20408
2448761.52985 -6.01745
2448772.43284 0.49151
2448783.33582 2.74705
2448794.23881 -0.90992
2448805.14179 -7.33031
2448816.04478 -14.67223
2448826.94776 -14.81244
2449023.20149 4.75932
2449034.10448 6.26526
2449045.00746 5.35141
2449055.91045 -2.06169
2449066.81343 -9.55205
2449077.71642 -12.34089
2449088.61940 -5.72040
2449099.52239 0.37152
2449110.42537 7.15577
2449121.32836 10.08344
2449132.23134 5.05412
2449143.13433 -2.10687
2449154.03731 -7.86551
2449164.94030 -9.89759
2449175.84328 -4.23201
2449186.74627 4.73537
2449197.64925 9.71483
2449383.00000 11.47010
2449393.90299 3.80056
2449404.80597 -2.56583
2449415.70896 -5.01018
2449426.61194 -0.01997
2449437.51493 7.70064
2449448.41791 15.74214
2449459.32090 12.88259
2449470.22388 11.60072
2449481.12687 3.63293
2449492.02985 -2.42766
2449502.93284 -2.93578
2449513.83582 3.94500
2449524.73881 11.77354
2449535.64179 17.78859
2449546.54478 16.47162
2449557.44776 11.36650
2449753.70149 -0.56491
2449764.60448 4.41072
2449775.50746 14.49235
2449786.41045 21.99534
2449797.31343 17.63996
2449808.21642 14.94107
2449819.11940 5.57833
2449830.02239 0.00822
2449840.92537 0.26551
2449851.82836 7.25556
2449862.73134 14.80380
2449873.63433 18.83588
2449884.53731 14.97726
2449895.44030 10.34631
2449906.34328 3.49869
2449917.24627 -0.79156
2449928.14925 1.16579
2450113.50000 11.52829
2450124.40299 18.87140
2450135.30597 15.12449
2450146.20896 11.04392
2450157.11194 2.08933
2450168.01493 -3.65839
2450178.91791 -2.60590
2450189.82090 3.60177
2450200.72388 10.26203
2450211.62687 16.56362
2450222.52985 15.24002
2450233.43284 8.21347
2450244.33582 -1.13241
2450255.23881 -5.62007
2450266.14179 -3.84990
2450277.04478 3.93061
2450287.94776 10.95170
2450484.20149 2.98592
2450495.10448 -6.01272
2450506.00746 -12.34933
2450516.91045 -8.80079
2450527.81343 -2.98823
2450538.71642 4.51316
2450549.61940 7.53264
2450560.52239 6.51336
2450571.42537 -1.36918
2450582.32836 -9.91394
2450593.23134 -11.04150
2450604.13433 -10.74783
2450615.03731 -2.65102
2450625.94030 5.49880
2450636.84328 6.83423
2450647.74627 3.10116
2450658.64925 -5.85114
2450844.00000 -16.06795
2450854.90299 -17.30528
2450865.80597 -10.08518
2450876.70896 -1.06425
2450887.61194 2.74057
2450898.51493 -0.39952
2450909.41791 -9.22590
2450920.32090 -15.22142
2450931.22388 -18.63100
2450942.12687 -12.37307
2450953.02985 -6.69695
2450963.93284 -0.48735
2450974.83582 1.59075
2450985.73881 -3.55353
2450996.64179 -12.90678
2451007.54478 -17.15721
2451018.44776 -23.71118
2451214.70149 -2.83479
2451225.60448 0.99901
2451236.50746 -2.31014
2451247.41045 -12.09228
2451258.31343 -19.38113
2451269.21642 -22.33393
2451280.11940 -19.33568
2451291.02239 -7.62707
2451301.92537 -0.44252
2451312.82836 1.12801
2451323.73134 -4.29130
2451334.63433 -13.46340
2451345.53731 -21.86330
2451356.44030 -18.46781
2451367.34328 -11.51963
2451378.24627 -4.69901
2451389.14925 1.66930
2451574.50000 1.22070
2451585.40299 -6.97127
2451596.30597 -15.78336
2451607.20896 -19.93141
2451618.11194 -11.80014
2451629.01493 -1.83625
2451639.91791 5.93253
2451650.82090 6.79360
2451661.72388 0.98772
2451672.62687 -8.09868
2451683.52985 -16.05296
2451694.43284 -13.83735
2451705.33582 -7.34227
2451716.23881 2.31284
2451727.14179 9.57622
2451738.04478 6.35190
2451748.94776 0.83264
2451945.20149 -7.26061
2451956.10448 -2.30861
2451967.00746 6.67967
2451977.91045 11.38511
2451988.81343 14.87612
2451999.71642 8.56608
2452010.61940 -0.26183
2452021.52239 -6.73373
2452032.42537 -5.86570
2452043.32836 2.31906
2452054.23134 13.55725
2452065.13433 16.09179
2452076.03731 16.58808
2452086.94030 7.62697
2452097.84328 -0.69055
2452108.74627 -5.26365
2452119.64925 -2.03898
2452305.00000 13.95548
2452315.90299 26.00732
2452326.80597 23.30344
2452337.70896 16.22495
2452348.61194 5.02828
2452359.51493 -1.09823
2452370.41791 0.43323
2452381.32090 8.50451
2452392.22388 18.53688
2452403.12687 25.55966
2452414.02985 20.54451
2452424.93284 12.31715
2452435.83582 3.50229
2452446.73881 -1.12086
2452457.64179 2.21374
2452468.54478 11.11344
2452479.44776 21.03836
2452675.70149 13.14444
2452686.60448 4.03902
2452697.50746 -2.06853
2452708.41045 0.06732
2452719.31343 8.73098
2452730.21642 20.08866
2452741.11940 24.27302
2452752.02239 18.00049
2452762.92537 10.50376
2452773.82836 0.47416
2452784.73134 -3.02548
2452795.63433 0.62747
2452806.53731 10.31694
2452817.44030 17.99208
2452828.34328 20.95043
2452839.24627 18.35360
2452850.14925 5.58789
2453035.50000 -8.49497
2453046.40299 -6.09803
2453057.30597 2.16616
2453068.20896 10.51899
2453079.11194 15.66642
2453090.01493 8.63570
2453100.91791 1.35502
2453111.82090 -8.14039
2453122.72388 -13.29588
2453133.62687 -7.15727
2453144.52985 2.81709
2453155.43284 11.65094
2453166.33582 14.68076
2453177.23881 5.11819
2453188.14179 -3.37359
2453199.04478 -11.46447
2453209.94776 -13.87125
2453406.20149 2.89735
2453417.10448 6.99982
2453428.00746 1.60167
2453438.91045 -8.23050
2453449.81343 -19.85226
2453460.71642 -18.07798
2453471.61940 -13.31754
2453482.52239 -5.72479
2453493.42537 2.85286
2453504.32836 3.58030
2453515.23134 -2.67567
2453526.13433 -12.54268
2453537.03731 -19.78937
2453547.94030 -19.63345
2453558.84328 -15.21997
2453569.74627 -4.38769
2453580.64925 2.44949
2453766.00000 -4.97139
2453776.90299 -15.91323
2453787.80597 -26.84871
2453798.70896 -22.51168
2453809.61194 -18.23862
2453820.51493 -7.12890
2453831.41791 -0.48005
2453842.32090 0.13598
2453853.22388 -7.21171
2453864.12687 -18.37199
2453875.02985 -30.84640
2453885.93284 -23.47585
2453896.83582 -16.93830
2453907.73881 -5.24367
2453918.64179 0.84997
2453929.54478 -0.82772
2453940.44776 -8.65623
2454136.70149 -20.66009
2454147.60448 -17.73694
2454158.50746 -4.66889
2454169.41045 3.94814
2454180.31343 4.10830
2454191.21642 -4.58073
2454202.11940 -16.91595
2454213.02239 -22.60139
2454223.92537 -21.48903
2454234.82836 -10.59046
2454245.73134 0.09140
2454256.63433 7.47479
2454267.53731 4.41112
2454278.44030 -5.46043
2454289.34328 -13.72176
2454300.24627 -20.03303
2454311.14925 -18.78501
2454496.50000 5.35476
2454507.40299 15.59135
2454518.30597 10.73069
2454529.20896 4.53774
2454540.11194 -6.62180
2454551.01493 -11.97002
2454561.91791 -9.90944
2454572.82090 -0.46710
2454583.72388 10.08941
2454594.62687 15.36423
2454605.52985 14.43133
2454616.43284 3.78376
2454627.33582 -5.91098
2454638.23881 -11.40869
2454649.14179 -5.08742
2454660.04478 5.22925
2454670.94776 16.19241
2454867.20149 13.41161
2454878.10448 1.79704
2454889.00746 -4.36301
2454899.91045 -0.76952
2454910.81343 11.54779
2454921.71642 17.59800
2454932.61940 20.35060
2454943.52239 20.71218
2454954.42537 11.61190
2454965.32836 1.14621
2454976.23134 -2.57974
2454987.13433 3.28574
2454998.03731 14.36116
2455008.94030 22.46260
2455019.84328 18.43036
2455030.74627 22.61696
2455041.64925 12.57018
2455227.00000 -1.00958
2455237.90299 2.89940
2455248.80597 10.80662
2455259.70896 23.69633
2455270.61194 29.13582
2455281.51493 23.08780
2455292.41791 13.33485
2455303.32090 1.58191
2455314.22388 -1.44823
2455325.12687 4.73468
2455336.02985 16.55522
2455346.93284 27.71109
2455357.83582 24.38048
2455368.73881 20.44083
2455379.64179 6.63886
2455390.54478 -1.33900
2455401.44776 -1.84146
2455597.70149 20.25313
2455608.60448 25.28218
2455619.50746 14.34531
2455630.41045 4.33804
2455641.31343 -6.20369
2455652.21642 -8.51239
2455663.11940 -1.82682
2455674.02239 9.42642
2455684.92537 19.95807
2455695.82836 17.33303
2455706.73134 11.51705
2455717.63433 -1.11399
2455728.53731 -11.04796
2455739.44030 -9.86308
2455750.34328 -1.36796
2455761.24627 10.35216
2455772.14925 18.55070
2455957.50000 5.08117
