2445000.00000 5.49929
2445010.90299 8.37404
2445021.80597 7.20091
2445032.70896 5.07846
2445043.61194 4.15930
2445054.51493 5.60775
2445065.41791 7.21341
2445076.32090 7.84122
2445087.22388 8.76173
2445098.12687 6.00864
2445109.02985 5.37598
2445119.93284 4.49237
2445130.83582 5.75046
2445141.73881 6.86773
2445152.64179 5.74814
2445163.54478 6.77501
2445174.44776 5.60115
2445370.70149 5.75623
2445381.60448 5.14062
2445392.50746 4.56155
2445403.41045 6.28909
2445414.31343 7.31451
2445425.21642 7.62275
2445436.11940 6.16852
2445447.02239 5.48052
2445457.92537 5.00686
2445468.82836 6.25890
2445479.73134 6.42870
2445490.63433 8.50370
2445501.53731 5.84563
2445512.44030 4.99257
2445523.34328 4.30948
2445534.24627 4.59835
2445545.14925 7.01556
2445730.50000 4.29508
2445741.40299 5.82866
2445752.30597 7.48612
2445763.20896 7.83636
2445774.11194 6.77921
2445785.01493 4.77124
2445795.91791 4.26712
2445806.82090 4.83760
2445817.72388 6.27673
2445828.62687 6.36544
2445839.52985 7.15804
2445850.43284 4.33053
2445861.33582 4.47929
2445872.23881 5.30917
2445883.14179 6.39512
2445894.04478 6.89292
2445904.94776 6.06152
2446101.20149 6.42145
2446112.10448 5.87302
2446123.00746 4.22092
2446133.91045 3.00706
2446144.81343 3.23074
2446155.71642 5.79994
2446166.61940 4.44014
2446177.52239 5.96539
2446188.42537 4.58681
2446199.32836 2.98924
2446210.23134 3.36945
2446221.13433 5.13935
2446232.03731 5.31268
2446242.94030 5.61374
2446253.84328 3.96791
2446264.74627 2.61807
2446275.64925 3.02937
2446461.00000 2.67968
2446471.90299 2.01550
2446482.80597 2.24327
2446493.70896 4.03045
2446504.61194 4.75399
2446515.51493 4.10825
2446526.41791 3.23829
2446537.32090 1.96641
2446548.22388 1.90808
2446559.12687 3.47065
2446570.02985 3.99263
2446580.93284 4.05950
2446591.83582 2.52666
2446602.73881 1.82007
2446613.64179 1.58436
2446624.54478 2.63584
2446635.44776 4.21830
2446831.70149 2.12519
2446842.60448 3.45943
2446853.50746 3.37248
2446864.41045 2.30898
2446875.31343 0.87639
2446886.21642 0.68481
2446897.11940 1.60986
2446908.02239 3.23555
2446918.92537 3.00793
2446929.82836 2.13910
2446940.73134 0.96895
2446951.63433 0.52923
2446962.53731 1.26120
2446973.44030 2.42657
2446984.34328 2.94335
2446995.24627 3.07427
2447006.14925 1.09848
2447191.50000 2.93900
2447202.40299 1.81759
2447213.30597 0.41994
2447224.20896 0.13375
2447235.11194 1.20721
2447246.01493 2.13522
2447256.91791 2.92969
2447267.82090 2.02537
2447278.72388 0.52943
2447289.62687 0.02655
2447300.52985 0.79468
2447311.43284 2.14909
2447322.33582 3.27738
2447333.23881 2.16056
2447344.14179 0.76129
2447355.04478 0.02645
2447365.94776 0.53092
2447562.20149 0.15388
2447573.10448 1.02214
2447584.00746 2.25700
2447594.91045 2.56554
2447605.81343 2.32954
2447616.71642 0.86950
2447627.61940 0.25472
2447638.52239 0.91273
2447649.42537 2.06094
2447660.32836 3.29673
2447671.23134 2.93529
2447682.13433 1.38752
2447693.03731 0.42547
2447703.94030 0.61850
2447714.84328 2.05277
2447725.74627 2.56919
2447736.64925 2.40845
2447922.00000 3.32634
2447932.90299 3.42829
2447943.80597 3.02531
2447954.70896 1.97144
2447965.61194 1.07775
2447976.51493 1.57487
2447987.41791 2.82586
2447998.32090 4.17567
2448009.22388 2.93335
2448020.12687 2.07714
2448031.02985 1.39163
2448041.93284 1.47988
2448052.83582 2.72706
2448063.73881 3.87250
2448074.64179 4.39122
2448085.54478 2.96172
2448096.44776 1.93708
2448292.70149 2.62895
2448303.60448 2.03717
2448314.50746 2.74495
2448325.41045 3.51862
2448336.31343 5.39254
2448347.21642 4.58509
2448358.11940 4.12661
2448369.02239 2.78606
2448379.92537 2.69710
2448390.82836 3.90950
2448401.73134 4.38872
2448412.63433 4.63168
2448423.53731 4.93175
2448434.44030 2.84793
2448445.34328 2.87402
2448456.24627 4.05163
2448467.14925 4.78790
2448652.50000 4.09541
2448663.40299 4.34942
2448674.30597 6.95486
2448685.20896 6.42004
2448696.11194 5.29077
2448707.01493 4.25546
2448717.91791 3.59583
2448728.82090 5.21692
2448739.72388 7.07631
2448750.62687 6.84112
2448761.52985 6.43923
2448772.43284 4.16005
2448783.33582 4.41884
2448794.23881 4.97515
2448805.14179 6.21425
2448816.04478 6.00030
2448826.94776 6.42749
2449023.20149 6.26347
2449034.10448 5.56303
2449045.00746 4.60885
2449055.91045 4.19632
2449066.81343 6.23027
2449077.71642 7.02575
2449088.61940 7.72943
2449099.52239 5.84467
2449110.42537 5.47123
2449121.32836 4.50753
2449132.23134 5.03728
2449143.13433 7.09596
2449154.03731 7.95980
2449164.94030 6.20008
2449175.84328 6.47400
2449186.74627 4.99182
2449197.64925 4.14471
2449383.00000 5.10635
2449393.90299 4.09324
2449404.80597 6.53654
2449415.70896 6.82071
2449426.61194 6.52017
2449437.51493 7.40375
2449448.41791 5.28486
2449459.32090 4.57729
2449470.22388 4.59798
2449481.12687 6.72064
2449492.02985 7.92304
2449502.93284 6.19649
2449513.83582 5.41519
2449524.73881 4.77359
2449535.64179 4.93604
2449546.54478 5.18647
2449557.44776 6.63145
2449753.70149 5.93646
2449764.60448 6.50582
2449775.50746 5.87691
2449786.41045 5.79916
2449797.31343 4.14917
2449808.21642 4.61578
2449819.11940 5.24871
2449830.02239 6.63399
2449840.92537 5.69352
2449851.82836 5.22139
2449862.73134 3.51921
2449873.63433 4.05276
2449884.53731 5.15982
2449895.44030 6.45287
2449906.34328 6.09556
2449917.24627 5.21708
2449928.14925 4.80982
2450113.50000 5.19301
2450124.40299 4.97037
2450135.30597 3.36458
2450146.20896 3.43504
2450157.11194 4.83769
2450168.01493 5.68361
2450178.91791 5.54363
2450189.82090 4.38831
2450200.72388 3.15767
2450211.62687 2.78491
2450222.52985 3.18457
2450233.43284 5.09020
2450244.33582 5.66470
2450255.23881 5.03297
2450266.14179 3.32710
2450277.04478 2.58967
2450287.94776 3.58053
2450484.20149 1.74822
2450495.10448 2.04745
2450506.00746 4.25132
2450516.91045 3.94692
2450527.81343 2.87832
2450538.71642 2.12277
2450549.61940 1.59112
2450560.52239 1.79599
2450571.42537 3.80240
2450582.32836 4.50286
2450593.23134 3.39087
2450604.13433 1.91235
2450615.03731 1.44928
2450625.94030 1.58937
2450636.84328 2.88534
2450647.74627 3.77126
2450658.64925 3.49733
2450844.00000 2.43784
2450854.90299 2.99058
2450865.80597 2.31614
2450876.70896 1.25339
2450887.61194 0.56279
2450898.51493 1.13437
2450909.41791 1.99113
2450920.32090 2.69163
2450931.22388 2.87350
2450942.12687 1.43900
2450953.02985 0.41029
2450963.93284 0.86414
2450974.83582 1.90688
2450985.73881 2.61217
2450996.64179 2.34818
2451007.54478 1.49134
2451018.44776 0.47755
2451214.70149 0.98919
2451225.60448 0.19469
2451236.50746 0.65484
2451247.41045 2.14708
2451258.31343 3.34005
2451269.21642 2.42274
2451280.11940 1.23534
2451291.02239 0.23223
2451301.92537 0.44594
2451312.82836 1.64508
2451323.73134 3.11588
2451334.63433 2.58126
2451345.53731 1.11260
2451356.44030 0.42726
2451367.34328 0.33411
2451378.24627 1.09761
2451389.14925 2.71382
2451574.50000 0.78131
2451585.40299 1.93186
2451596.30597 2.85694
2451607.20896 3.68078
2451618.11194 1.67822
2451629.01493 0.61309
2451639.91791 0.68721
2451650.82090 2.01780
2451661.72388 3.39787
2451672.62687 3.12075
2451683.52985 1.96090
2451694.43284 1.05013
2451705.33582 1.01119
2451716.23881 1.66714
2451727.14179 2.83768
2451738.04478 3.34458
2451748.94776 2.57944
2451945.20149 3.70028
2451956.10448 2.39964
2451967.00746 1.63118
2451977.91045 1.47790
2451988.81343 2.54504
2451999.71642 3.86290
2452010.61940 3.81528
2452021.52239 3.13562
2452032.42537 2.22707
2452043.32836 2.05505
2452054.23134 2.84250
2452065.13433 3.74815
2452076.03731 3.65140
2452086.94030 3.70484
2452097.84328 2.43607
2452108.74627 2.13304
2452119.64925 2.15361
2452305.00000 2.65509
2452315.90299 2.07497
2452326.80597 3.90810
2452337.70896 4.80583
2452348.61194 5.66089
2452359.51493 4.47092
2452370.41791 3.11849
2452381.32090 3.01919
2452392.22388 3.25944
2452403.12687 5.26429
2452414.02985 7.05554
2452424.93284 4.50026
2452435.83582 4.28326
2452446.73881 2.94033
2452457.64179 3.27344
2452468.54478 4.45385
2452479.44776 6.27449
2452675.70149 5.91041
2452686.60448 5.75572
2452697.50746 7.15748
2452708.41045 5.16186
2452719.31343 3.42107
2452730.21642 3.85127
2452741.11940 6.23209
2452752.02239 7.19990
2452762.92537 7.19765
2452773.82836 4.31541
2452784.73134 4.78547
2452795.63433 4.65237
2452806.53731 5.78273
2452817.44030 5.98555
2452828.34328 6.54744
2452839.24627 5.52664
2452850.14925 4.97348
2453035.50000 6.96635
2453046.40299 5.72307
2453057.30597 4.41545
2453068.20896 4.76716
2453079.11194 6.13306
2453090.01493 7.15532
2453100.91791 5.57229
2453111.82090 5.98835
2453122.72388 5.15481
2453133.62687 4.52660
2453144.52985 5.48452
2453155.43284 7.92886
2453166.33582 7.37767
2453177.23881 5.22862
2453188.14179 4.81600
2453199.04478 4.74800
2453209.94776 5.38740
2453406.20149 4.02179
2453417.10448 5.26025
2453428.00746 6.62778
2453438.91045 7.64620
2453449.81343 5.75865
2453460.71642 4.97475
2453471.61940 4.90404
2453482.52239 5.41050
2453493.42537 6.71976
2453504.32836 7.41244
2453515.23134 6.38827
2453526.13433 5.08114
2453537.03731 4.70765
2453547.94030 4.82060
2453558.84328 5.78974
2453569.74627 6.63028
2453580.64925 6.84574
2453766.00000 5.13361
2453776.90299 7.45112
2453787.80597 6.35582
2453798.70896 3.87235
2453809.61194 3.84464
2453820.51493 4.31901
2453831.41791 6.42804
2453842.32090 6.86023
2453853.22388 5.19245
2453864.12687 3.98302
2453875.02985 3.44115
2453885.93284 4.03190
2453896.83582 5.54969
2453907.73881 5.36831
2453918.64179 5.74797
2453929.54478 4.40116
2453940.44776 3.18749
2454136.70149 3.50308
2454147.60448 3.05763
2454158.50746 2.75350
2454169.41045 4.60775
2454180.31343 5.29307
2454191.21642 4.11743
2454202.11940 3.00468
2454213.02239 2.19231
2454223.92537 2.96883
2454234.82836 3.15851
2454245.73134 4.85919
2454256.63433 4.86865
2454267.53731 2.74483
2454278.44030 1.95442
2454289.34328 2.34994
2454300.24627 3.41831
2454311.14925 4.72352
2454496.50000 2.08572
2454507.40299 3.11828
2454518.30597 3.41825
2454529.20896 3.68433
2454540.11194 2.09469
2454551.01493 1.22952
2454561.91791 1.67687
2454572.82090 2.79506
2454583.72388 3.17826
2454594.62687 3.81151
2454605.52985 1.83118
2454616.43284 1.02258
2454627.33582 1.07435
2454638.23881 2.01639
2454649.14179 3.95483
2454660.04478 3.74171
2454670.94776 2.30417
2454867.20149 2.21256
2454878.10448 1.44225
2454889.00746 0.52147
2454899.91045 0.59001
2454910.81343 1.57871
2454921.71642 2.37562
2454932.61940 2.37973
2454943.52239 1.71705
2454954.42537 0.51731
2454965.32836 0.39323
2454976.23134 1.47761
2454987.13433 2.23570
2454998.03731 3.11345
2455008.94030 2.02880
2455019.84328 0.63571
2455030.74627 0.21262
2455041.64925 1.11542
2455227.00000 0.34998
2455237.90299 0.27666
2455248.80597 1.41358
2455259.70896 2.49221
2455270.61194 2.41952
2455281.51493 1.81075
2455292.41791 0.55863
2455303.32090 0.23718
2455314.22388 1.05523
2455325.12687 2.64170
2455336.02985 2.99661
2455346.93284 2.06866
2455357.83582 0.76485
2455368.73881 0.24124
2455379.64179 0.93785
2455390.54478 2.19372
2455401.44776 2.90087
2455597.70149 3.26226
2455608.60448 3.60252
2455619.50746 2.18697
2455630.41045 1.12333
2455641.31343 0.72440
2455652.21642 1.61639
2455663.11940 2.37575
2455674.02239 3.12893
2455684.92537 2.59794
2455695.82836 1.47295
2455706.73134 0.94457
2455717.63433 1.53664
2455728.53731 2.99932
2455739.44030 3.84548
2455750.34328 3.63717
2455761.24627 2.22176
2455772.14925 1.27727
2455957.50000 3.49926
