2445000.00000 -6.05307
2445010.90299 5.80033
2445021.80597 15.22264
2445032.70896 12.72817
2445043.61194 -2.80250
2445054.51493 -3.41008
2445065.41791 7.69369
2445076.32090 18.66005
2445087.22388 10.65573
2445098.12687 -0.61154
2445109.02985 -2.70225
2445119.93284 10.78925
2445130.83582 19.75359
2445141.73881 16.55988
2445152.64179 -0.03257
2445163.54478 -2.39780
2445174.44776 10.82938
2445370.70149 -9.91846
2445381.60448 -10.08973
2445392.50746 -1.39621
2445403.41045 8.81081
2445414.31343 2.02358
2445425.21642 -12.70539
2445436.11940 -15.90778
2445447.02239 -4.54281
2445457.92537 5.40551
2445468.82836 -0.43543
2445479.73134 -16.61355
2445490.63433 -18.58017
2445501.53731 -7.48297
2445512.44030 3.89189
2445523.34328 -2.18203
2445534.24627 -14.53329
2445545.14925 -18.87366
2445730.50000 10.19022
2445741.40299 5.07453
2445752.30597 -7.22014
2445763.20896 -11.37857
2445774.11194 0.73919
2445785.01493 11.89834
2445795.91791 9.18618
2445806.82090 -4.65467
2445817.72388 -8.40017
2445828.62687 3.53899
2445839.52985 16.97573
2445850.43284 10.93801
2445861.33582 -1.53061
2445872.23881 -5.35450
2445883.14179 7.69814
2445894.04478 17.13807
2445904.94776 13.29573
2446101.20149 4.54143
2446112.10448 15.22132
2446123.00746 9.61622
2446133.91045 -3.06025
2446144.81343 -8.93928
2446155.71642 1.02770
2446166.61940 12.00741
2446177.52239 9.07617
2446188.42537 -6.55733
2446199.32836 -12.74492
2446210.23134 -2.50031
2446221.13433 9.30274
2446232.03731 4.11269
2446242.94030 -10.44473
2446253.84328 -15.40988
2446264.74627 -6.04234
2446275.64925 5.33622
2446461.00000 -14.27595
2446471.90299 -22.39595
2446482.80597 -7.58282
2446493.70896 4.29955
2446504.61194 2.51686
2446515.51493 -11.06052
2446526.41791 -17.03937
2446537.32090 -5.87389
2446548.22388 8.22397
2446559.12687 5.61433
2446570.02985 -8.30428
2446580.93284 -11.63117
2446591.83582 -2.81801
2446602.73881 10.41810
2446613.64179 9.44135
2446624.54478 -4.03915
2446635.44776 -7.78710
2446831.70149 20.64484
2446842.60448 4.20255
2446853.50746 -3.73768
2446864.41045 5.32481
2446875.31343 18.55680
2446886.21642 14.61346
2446897.11940 1.95405
2446908.02239 -5.77443
2446918.92537 2.92017
2446929.82836 17.55435
2446940.73134 15.77427
2446951.63433 -0.50586
2446962.53731 -10.43937
2446973.44030 -0.09902
2446984.34328 12.00603
2446995.24627 10.49164
2447006.14925 -3.55152
2447191.50000 -11.28510
2447202.40299 1.56455
2447213.30597 1.07949
2447224.20896 -10.98765
2447235.11194 -22.85818
2447246.01493 -13.69288
2447256.91791 1.29276
2447267.82090 1.95572
2447278.72388 -10.59228
2447289.62687 -17.18080
2447300.52985 -10.36208
2447311.43284 2.96052
2447322.33582 2.91725
2447333.23881 -8.57445
2447344.14179 -16.40306
2447355.04478 -7.75657
2447365.94776 6.16291
2447562.20149 -4.08302
2447573.10448 2.79496
2447584.00746 14.09843
2447594.91045 15.61511
2447605.81343 4.98380
2447616.71642 -3.00447
2447627.61940 4.30984
2447638.52239 17.73106
2447649.42537 19.23435
2447660.32836 5.63867
2447671.23134 -3.47288
2447682.13433 3.39326
2447693.03731 17.08604
2447703.94030 15.87082
2447714.84328 5.15995
2447725.74627 -4.91400
2447736.64925 1.64968
2447922.00000 5.18558
2447932.90299 -6.59274
2447943.80597 -16.11523
2447954.70896 -11.85257
2447965.61194 2.05959
2447976.51493 3.31550
2447987.41791 -7.96575
2447998.32090 -19.51406
2448009.22388 -12.35055
2448020.12687 0.31929
2448031.02985 3.23640
2448041.93284 -8.79628
2448052.83582 -19.92265
2448063.73881 -15.87225
2448074.64179 -0.09413
2448085.54478 2.09557
2448096.44776 -10.80935
2448292.70149 10.18157
2448303.60448 14.11138
2448314.50746 1.91656
2448325.41045 -8.48528
2448336.31343 -2.31417
2448347.21642 12.58901
2448358.11940 12.78642
2448369.02239 4.46454
2448379.92537 -5.65290
2448390.82836 0.37540
2448401.73134 15.19462
2448412.63433 19.27729
2448423.53731 6.21883
2448434.44030 -3.07756
2448445.34328 1.86037
2448456.24627 15.88951
2448467.14925 19.24594
2448652.50000 -9.90250
2448663.40299 -6.06909
2448674.30597 7.66044
2448685.20896 11.33038
2448696.11194 -0.68438
2448707.01493 -11.66062
2448717.91791 -9.22037
2448728.82090 3.81359
2448739.72388 6.59415
2448750.62687 -3.62718
2448761.52985 -15.66647
2448772.43284 -13.36012
2448783.33582 1.17208
2448794.23881 5.55210
2448805.14179 -5.74421
2448816.04478 -18.44435
2448826.94776 -15.29146
2449023.20149 -3.81730
2449034.10448 -15.44212
2449045.00746 -12.34167
2449055.91045 3.50947
2449066.81343 10.25410
2449077.71642 -0.83953
2449088.61940 -11.47690
2449099.52239 -9.38781
2449110.42537 6.68488
2449121.32836 13.12043
2449132.23134 3.12417
2449143.13433 -7.85248
2449154.03731 -4.50240
2449164.94030 9.62433
2449175.84328 11.83808
2449186.74627 6.86799
2449197.64925 -4.42726
2449383.00000 13.92341
2449393.90299 18.96709
2449404.80597 8.63240
2449415.70896 -4.84181
2449426.61194 -3.14265
2449437.51493 9.55832
2449448.41791 17.38834
2449459.32090 5.03804
2449470.22388 -8.66264
2449481.12687 -6.86779
2449492.02985 7.32667
2449502.93284 9.23584
2449513.83582 2.80602
2449524.73881 -11.08681
2449535.64179 -10.63688
2449546.54478 3.90316
2449557.44776 10.61348
2449753.70149 -17.67622
2449764.60448 -3.74621
2449775.50746 3.83548
2449786.41045 -4.49433
2449797.31343 -17.06534
2449808.21642 -17.23680
2449819.11940 -2.30836
2449830.02239 6.03936
2449840.92537 -3.07775
2449851.82836 -13.33413
2449862.73134 -12.40178
2449873.63433 0.36347
2449884.53731 10.25566
2449895.44030 0.33666
2449906.34328 -14.43258
2449917.24627 -10.08404
2449928.14925 2.98963
2450113.50000 10.31689
2450124.40299 -1.10160
2450135.30597 -1.25230
2450146.20896 10.07745
2450157.11194 21.76510
2450168.01493 10.95236
2450178.91791 -1.44383
2450189.82090 -1.50705
2450200.72388 10.51656
2450211.62687 18.77651
2450222.52985 9.96413
2450233.43284 -2.90030
2450244.33582 -3.05197
2450255.23881 10.17106
2450266.14179 20.32827
2450277.04478 8.63810
2450287.94776 -4.89728
2450484.20149 5.21912
2450495.10448 -2.55425
2450506.00746 -18.05085
2450516.91045 -15.04857
2450527.81343 -4.52162
2450538.71642 2.77047
2450549.61940 -3.52701
2450560.52239 -18.01219
2450571.42537 -19.38886
2450582.32836 -5.26587
2450593.23134 3.72204
2450604.13433 -3.28542
2450615.03731 -14.13824
2450625.94030 -20.62234
2450636.84328 -4.89589
2450647.74627 4.98043
2450658.64925 -1.29386
2450844.00000 -6.64604
2450854.90299 5.50368
2450865.80597 15.50365
2450876.70896 11.69169
2450887.61194 -1.69811
2450898.51493 -3.19686
2450909.41791 8.84829
2450920.32090 21.65715
2450931.22388 15.52222
2450942.12687 -0.20919
2450953.02985 -2.70581
2450963.93284 10.37121
2450974.83582 20.04521
2450985.73881 13.38644
2450996.64179 0.20421
2451007.54478 -2.67991
2451018.44776 8.72484
2451214.70149 -10.17444
2451225.60448 -12.37477
2451236.50746 -2.01055
2451247.41045 6.75100
2451258.31343 2.20357
2451269.21642 -14.47452
2451280.11940 -14.63608
2451291.02239 -6.97043
2451301.92537 5.17755
2451312.82836 -0.24148
2451323.73134 -14.34790
2451334.63433 -18.55194
2451345.53731 -5.80347
2451356.44030 3.79624
2451367.34328 -1.79811
2451378.24627 -18.40337
2451389.14925 -16.22539
2451574.50000 7.67853
2451585.40299 6.35959
2451596.30597 -7.94624
2451607.20896 -12.11985
2451618.11194 0.44433
2451629.01493 13.86616
2451639.91791 8.15743
2451650.82090 -3.64411
2451661.72388 -7.97939
2451672.62687 3.76253
2451683.52985 14.02484
2451694.43284 11.77466
2451705.33582 -1.06731
2451716.23881 -5.22769
2451727.14179 5.13484
2451738.04478 19.48119
2451748.94776 14.98683
2451945.20149 3.47143
2451956.10448 14.59145
2451967.00746 11.25755
2451977.91045 -2.78020
2451988.81343 -9.80334
2451999.71642 0.54909
2452010.61940 11.60139
2452021.52239 8.48736
2452032.42537 -6.71701
2452043.32836 -11.86204
2452054.23134 -3.18619
2452065.13433 8.24084
2452076.03731 5.34943
2452086.94030 -8.55730
2452097.84328 -16.60502
2452108.74627 -7.12575
2452119.64925 5.73044
2452305.00000 -13.85088
2452315.90299 -18.55298
2452326.80597 -7.36486
2452337.70896 4.42470
2452348.61194 3.10613
2452359.51493 -10.59644
2452370.41791 -16.80222
2452381.32090 -6.28431
2452392.22388 6.62201
2452403.12687 6.23445
2452414.02985 -8.74949
2452424.93284 -10.02795
2452435.83582 -2.73369
2452446.73881 12.80946
2452457.64179 8.92067
2452468.54478 -3.33233
2452479.44776 -8.14731
2452675.70149 18.36033
2452686.60448 3.80104
2452697.50746 -3.74821
2452708.41045 4.59436
2452719.31343 17.20255
2452730.21642 15.99176
2452741.11940 2.26860
2452752.02239 -5.89299
2452762.92537 2.89895
2452773.82836 15.11652
2452784.73134 14.45092
2452795.63433 -0.22286
2452806.53731 -8.06605
2452817.44030 -0.51897
2452828.34328 12.30956
2452839.24627 12.02844
2452850.14925 -3.72017
2453035.50000 -10.94392
2453046.40299 1.36714
2453057.30597 1.35994
2453068.20896 -10.53209
2453079.11194 -21.20132
2453090.01493 -13.80994
2453100.91791 1.34332
2453111.82090 1.98841
2453122.72388 -12.04306
2453133.62687 -17.17186
2453144.52985 -11.13374
2453155.43284 2.36428
2453166.33582 4.10493
2453177.23881 -8.75160
2453188.14179 -19.83055
2453199.04478 -9.58532
2453209.94776 5.27237
2453406.20149 -4.98321
2453417.10448 2.38028
2453428.00746 14.72307
2453438.91045 16.96709
2453449.81343 5.41314
2453460.71642 -3.22630
2453471.61940 3.37540
2453482.52239 19.50516
2453493.42537 17.82603
2453504.32836 7.00974
2453515.23134 -3.41977
2453526.13433 2.60262
2453537.03731 16.33918
2453547.94030 18.06461
2453558.84328 5.25377
2453569.74627 -5.47085
2453580.64925 1.27209
2453766.00000 5.61876
2453776.90299 -5.51558
2453787.80597 -17.02647
2453798.70896 -9.34638
2453809.61194 1.51604
2453820.51493 4.14554
2453831.41791 -8.45178
2453842.32090 -20.82295
2453853.22388 -11.40722
2453864.12687 0.08604
2453875.02985 2.70755
2453885.93284 -8.95744
2453896.83582 -19.97138
2453907.73881 -12.33781
2453918.64179 -0.39873
2453929.54478 2.57279
2453940.44776 -9.75476
2454136.70149 8.86658
2454147.60448 13.13758
2454158.50746 2.44123
2454169.41045 -9.20099
2454180.31343 -2.41428
2454191.21642 11.87983
2454202.11940 18.08694
2454213.02239 5.80493
2454223.92537 -5.79522
2454234.82836 0.10545
2454245.73134 15.07579
2454256.63433 17.48991
2454267.53731 7.27872
2454278.44030 -3.20820
2454289.34328 1.61039
2454300.24627 17.89699
2454311.14925 17.85459
2454496.50000 -10.21853
2454507.40299 -5.22692
2454518.30597 8.37976
2454529.20896 11.65224
2454540.11194 -0.26061
2454551.01493 -12.02794
2454561.91791 -10.18730
2454572.82090 4.08923
2454583.72388 8.21032
2454594.62687 -3.30845
2454605.52985 -16.95993
2454616.43284 -13.18277
2454627.33582 0.99718
2454638.23881 4.75260
2454649.14179 -5.38593
2454660.04478 -20.54411
2454670.94776 -15.55319
2454867.20149 -4.14202
2454878.10448 -17.01201
2454889.00746 -12.61386
2454899.91045 2.92821
2454910.81343 7.92937
2454921.71642 -0.33734
2454932.61940 -12.37269
2454943.52239 -7.91605
2454954.42537 5.20030
2454965.32836 12.10586
2454976.23134 2.96592
2454987.13433 -8.95422
2454998.03731 -4.91176
2455008.94030 9.92524
2455019.84328 16.80963
2455030.74627 6.16877
2455041.64925 -4.47574
2455227.00000 11.92844
2455237.90299 18.42485
2455248.80597 8.82363
2455259.70896 -4.93932
2455270.61194 -3.08048
2455281.51493 7.47389
2455292.41791 14.52535
2455303.32090 6.10271
2455314.22388 -8.31807
2455325.12687 -7.32452
2455336.02985 7.54996
2455346.93284 14.18103
2455357.83582 2.72085
2455368.73881 -9.48888
2455379.64179 -10.62076
2455390.54478 2.87616
2455401.44776 9.84781
2455597.70149 -20.52229
2455608.60448 -4.31545
2455619.50746 4.63256
2455630.41045 -5.12620
2455641.31343 -17.36727
2455652.21642 -18.89242
2455663.11940 -2.03239
2455674.02239 6.43447
2455684.92537 -2.16890
2455695.82836 -15.09771
2455706.73134 -14.89422
2455717.63433 0.07451
2455728.53731 9.90139
2455739.44030 0.69129
2455750.34328 -13.47241
2455761.24627 -11.06176
2455772.14925 2.73203
2455957.50000 11.89263
