2445000.00000 30.20209
2445010.90299 42.37333
2445021.80597 54.26979
2445032.70896 36.34577
2445043.61194 35.12282
2445054.51493 37.91758
2445065.41791 44.62858
2445076.32090 44.70195
2445087.22388 34.46675
2445098.12687 38.11564
2445109.02985 55.69080
2445119.93284 39.32780
2445130.83582 41.19984
2445141.73881 40.84549
2445152.64179 46.23712
2445163.54478 53.85836
2445174.44776 48.18164
2445370.70149 51.34952
2445381.60448 65.97917
2445392.50746 51.30964
2445403.41045 52.19034
2445414.31343 50.15822
2445425.21642 54.33309
2445436.11940 61.52701
2445447.02239 51.65842
2445457.92537 55.64710
2445468.82836 60.92531
2445479.73134 66.90213
2445490.63433 50.88161
2445501.53731 51.55535
2445512.44030 57.38791
2445523.34328 65.92326
2445534.24627 58.25519
2445545.14925 46.47357
2445730.50000 44.54860
2445741.40299 58.34936
2445752.30597 65.05613
2445763.20896 61.71054
2445774.11194 53.92130
2445785.01493 74.73674
2445795.91791 69.02402
2445806.82090 59.26162
2445817.72388 50.32976
2445828.62687 57.25912
2445839.52985 71.94115
2445850.43284 57.16058
2445861.33582 46.65345
2445872.23881 46.03027
2445883.14179 55.69203
2445894.04478 55.95293
2445904.94776 41.17734
2446101.20149 52.41053
2446112.10448 52.93443
2446123.00746 38.88742
2446133.91045 42.15398
2446144.81343 44.73354
2446155.71642 47.50332
2446166.61940 47.73050
2446177.52239 33.04778
2446188.42537 39.80560
2446199.32836 47.53503
2446210.23134 57.31889
2446221.13433 29.95243
2446232.03731 40.59937
2446242.94030 42.41202
2446253.84328 46.59856
2446264.74627 32.08316
2446275.64925 27.84407
2446461.00000 26.01081
2446471.90299 34.88243
2446482.80597 33.60119
2446493.70896 17.40434
2446504.61194 23.28696
2446515.51493 34.95901
2446526.41791 32.99390
2446537.32090 16.59576
2446548.22388 17.91034
2446559.12687 26.47627
2446570.02985 26.99728
2446580.93284 17.10652
2446591.83582 12.38232
2446602.73881 30.40447
2446613.64179 28.89766
2446624.54478 15.26598
2446635.44776 10.56214
2446831.70149 22.12916
2446842.60448 21.20764
2446853.50746 5.85479
2446864.41045 3.37437
2446875.31343 15.43586
2446886.21642 20.09915
2446897.11940 7.55759
2446908.02239 2.02323
2446918.92537 13.70991
2446929.82836 21.67005
2446940.73134 9.31979
2446951.63433 0.63841
2446962.53731 11.78628
2446973.44030 21.11337
2446984.34328 9.72668
2446995.24627 0.41525
2447006.14925 8.31393
2447191.50000 11.04678
2447202.40299 19.91165
2447213.30597 9.60842
2447224.20896 1.42719
2447235.11194 12.72660
2447246.01493 25.89140
2447256.91791 11.36213
2447267.82090 1.89518
2447278.72388 10.24691
2447289.62687 22.70501
2447300.52985 11.70321
2447311.43284 3.63987
2447322.33582 8.48693
2447333.23881 19.87022
2447344.14179 17.21680
2447355.04478 5.59230
2447365.94776 7.52094
2447562.20149 27.62124
2447573.10448 23.00447
2447584.00746 11.15714
2447594.91045 20.36284
2447605.81343 36.03789
2447616.71642 29.90103
2447627.61940 15.30625
2447638.52239 21.18751
2447649.42537 33.87397
2447660.32836 32.94233
2447671.23134 22.02403
2447682.13433 16.15561
2447693.03731 35.83140
2447703.94030 37.70689
2447714.84328 21.16315
2447725.74627 24.27955
2447736.64925 33.52067
2447922.00000 47.15627
2447932.90299 42.02557
2447943.80597 35.56242
2447954.70896 38.23876
2447965.61194 47.79082
2447976.51493 50.17915
2447987.41791 40.97482
2447998.32090 36.67841
2448009.22388 47.08763
2448020.12687 49.19563
2448031.02985 42.50296
2448041.93284 34.43993
2448052.83582 49.67808
2448063.73881 55.41147
2448074.64179 54.59568
2448085.54478 37.25101
2448096.44776 51.34802
2448292.70149 65.33689
2448303.60448 48.71079
2448314.50746 47.99103
2448325.41045 58.20546
2448336.31343 79.74371
2448347.21642 56.35106
2448358.11940 41.46968
2448369.02239 56.71051
2448379.92537 62.96750
2448390.82836 58.24650
2448401.73134 49.14921
2448412.63433 56.78678
2448423.53731 67.31925
2448434.44030 61.10758
2448445.34328 45.13793
2448456.24627 53.37161
2448467.14925 61.19579
2448652.50000 70.12780
2448663.40299 58.95011
2448674.30597 50.23023
2448685.20896 42.37687
2448696.11194 70.37468
2448707.01493 67.54737
2448717.91791 45.47534
2448728.82090 50.03471
2448739.72388 63.12940
2448750.62687 58.57740
2448761.52985 48.30504
2448772.43284 42.39692
2448783.33582 60.24522
2448794.23881 49.41469
2448805.14179 42.10148
2448816.04478 46.27729
2448826.94776 66.79225
2449023.20149 44.21660
2449034.10448 30.13102
2449045.00746 38.85300
2449055.91045 47.89506
2449066.81343 45.88614
2449077.71642 36.91900
2449088.61940 38.97950
2449099.52239 47.88909
2449110.42537 52.20151
2449121.32836 40.43406
2449132.23134 31.21940
2449143.13433 51.26733
2449154.03731 51.93644
2449164.94030 36.94198
2449175.84328 29.16805
2449186.74627 31.59667
2449197.64925 50.03725
2449383.00000 42.84875
2449393.90299 26.84913
2449404.80597 19.52382
2449415.70896 28.34567
2449426.61194 32.18526
2449437.51493 22.91473
2449448.41791 13.74008
2449459.32090 27.75033
2449470.22388 25.14702
2449481.12687 21.71425
2449492.02985 13.89882
2449502.93284 22.06782
2449513.83582 29.28709
2449524.73881 22.75676
2449535.64179 13.26828
2449546.54478 17.92488
2449557.44776 27.56365
2449753.70149 12.45114
2449764.60448 4.47828
2449775.50746 10.39727
2449786.41045 23.91584
2449797.31343 14.60336
2449808.21642 4.03245
2449819.11940 8.98202
2449830.02239 24.64105
2449840.92537 17.49870
2449851.82836 4.56451
2449862.73134 5.53918
2449873.63433 17.67501
2449884.53731 18.51186
2449895.44030 6.59483
2449906.34328 3.48726
2449917.24627 18.09068
2449928.14925 14.69072
2450113.50000 15.51158
2450124.40299 3.35822
2450135.30597 5.02661
2450146.20896 15.94101
2450157.11194 18.09119
2450168.01493 5.83679
2450178.91791 5.52449
2450189.82090 16.76517
2450200.72388 22.37858
2450211.62687 10.00803
2450222.52985 4.37499
2450233.43284 17.46117
2450244.33582 25.51611
2450255.23881 12.91492
2450266.14179 3.88621
2450277.04478 16.94351
2450287.94776 20.29052
2450484.20149 17.06607
2450495.10448 13.70096
2450506.00746 27.76395
2450516.91045 31.96848
2450527.81343 19.06015
2450538.71642 14.55196
2450549.61940 24.96120
2450560.52239 37.57649
2450571.42537 26.78813
2450582.32836 14.74460
2450593.23134 23.26291
2450604.13433 39.69902
2450615.03731 35.31004
2450625.94030 18.96978
2450636.84328 25.87888
2450647.74627 38.21159
2450658.64925 33.32780
2450844.00000 45.36846
2450854.90299 32.52346
2450865.80597 38.08935
2450876.70896 52.66117
2450887.61194 51.96463
2450898.51493 34.13076
2450909.41791 38.82290
2450920.32090 49.48326
2450931.22388 43.31066
2450942.12687 37.59128
2450953.02985 32.23856
2450963.93284 50.72544
2450974.83582 41.92940
2450985.73881 38.68724
2450996.64179 37.07549
2451007.54478 52.32429
2451018.44776 45.78562
2451214.70149 48.24409
2451225.60448 54.36431
2451236.50746 56.17413
2451247.41045 69.24243
2451258.31343 45.09571
2451269.21642 46.81567
2451280.11940 69.58781
2451291.02239 62.49299
2451301.92537 48.85095
2451312.82836 47.09749
2451323.73134 67.64790
2451334.63433 68.41321
2451345.53731 53.96300
2451356.44030 47.66850
2451367.34328 61.47018
2451378.24627 73.84044
2451389.14925 49.57935
2451574.50000 49.62917
2451585.40299 47.93850
2451596.30597 50.19647
2451607.20896 65.83585
2451618.11194 42.90826
2451629.01493 56.04200
2451639.91791 54.84767
2451650.82090 65.36284
2451661.72388 53.21926
2451672.62687 45.84252
2451683.52985 57.24862
2451694.43284 66.53801
2451705.33582 57.77402
2451716.23881 40.55670
2451727.14179 54.78269
2451738.04478 67.45532
2451748.94776 51.92819
2451945.20149 30.59403
2451956.10448 43.78665
2451967.00746 55.61596
2451977.91045 55.01808
2451988.81343 35.14609
2451999.71642 44.39128
2452010.61940 43.95530
2452021.52239 46.65705
2452032.42537 33.78498
2452043.32836 37.91061
2452054.23134 50.66535
2452065.13433 41.27806
2452076.03731 32.09253
2452086.94030 30.38384
2452097.84328 44.00766
2452108.74627 45.76906
2452119.64925 33.61688
2452305.00000 24.38988
2452315.90299 22.76292
2452326.80597 35.74901
2452337.70896 30.14002
2452348.61194 20.49666
2452359.51493 21.96644
2452370.41791 31.12262
2452381.32090 30.92322
2452392.22388 21.90249
2452403.12687 16.82720
2452414.02985 30.92052
2452424.93284 36.99911
2452435.83582 18.67166
2452446.73881 14.53481
2452457.64179 27.18882
2452468.54478 29.98213
2452479.44776 23.02604
2452675.70149 8.71379
2452686.60448 19.78732
2452697.50746 22.02000
2452708.41045 10.49560
2452719.31343 5.64090
2452730.21642 15.12834
2452741.11940 19.29367
2452752.02239 12.77879
2452762.92537 4.85064
2452773.82836 13.51037
2452784.73134 25.55143
2452795.63433 13.77689
2452806.53731 4.02396
2452817.44030 10.76658
2452828.34328 22.08191
2452839.24627 15.94662
2452850.14925 4.12885
2453035.50000 4.15268
2453046.40299 13.58557
2453057.30597 25.28382
2453068.20896 15.55366
2453079.11194 4.33438
2453090.01493 10.94243
2453100.91791 25.40375
2453111.82090 19.15703
2453122.72388 6.72018
2453133.62687 10.15768
2453144.52985 19.51743
2453155.43284 19.67978
2453166.33582 7.88459
2453177.23881 10.10128
2453188.14179 21.13257
2453199.04478 24.11029
2453209.94776 11.52901
2453406.20149 20.77328
2453417.10448 31.58111
2453428.00746 25.92449
2453438.91045 14.59345
2453449.81343 19.02766
2453460.71642 33.03818
2453471.61940 29.75515
2453482.52239 20.81704
2453493.42537 19.26789
2453504.32836 34.30286
2453515.23134 36.02193
2453526.13433 25.38177
2453537.03731 21.63234
2453547.94030 30.17343
2453558.84328 40.66357
2453569.74627 25.77986
2453580.64925 18.49969
2453766.00000 27.76153
2453776.90299 46.11571
2453787.80597 47.48066
2453798.70896 38.26829
2453809.61194 35.71677
2453820.51493 42.45425
2453831.41791 56.99627
2453842.32090 40.82164
2453853.22388 36.31613
2453864.12687 41.91121
2453875.02985 47.39480
2453885.93284 46.40221
2453896.83582 34.10061
2453907.73881 44.35577
2453918.64179 58.17847
2453929.54478 46.28162
2453940.44776 39.28383
2454136.70149 57.96912
2454147.60448 65.15200
2454158.50746 60.82819
2454169.41045 46.50319
2454180.31343 47.77779
2454191.21642 61.97291
2454202.11940 49.16033
2454213.02239 43.21327
2454223.92537 49.47290
2454234.82836 64.12856
2454245.73134 63.30833
2454256.63433 44.06334
2454267.53731 48.85469
2454278.44030 50.03263
2454289.34328 62.45363
2454300.24627 46.01411
2454311.14925 57.11040
2454496.50000 60.31420
2454507.40299 68.78217
2454518.30597 67.29221
2454529.20896 49.63759
2454540.11194 46.31548
2454551.01493 56.03124
2454561.91791 70.22136
2454572.82090 43.41426
2454583.72388 43.47203
2454594.62687 57.57786
2454605.52985 70.11132
2454616.43284 50.17123
2454627.33582 41.89550
2454638.23881 53.89869
2454649.14179 59.33281
2454660.04478 45.42860
2454670.94776 44.53853
2454867.20149 53.71076
2454878.10448 59.25907
2454889.00746 42.11881
2454899.91045 33.93939
2454910.81343 50.35696
2454921.71642 61.46149
2454932.61940 37.07922
2454943.52239 32.46816
2454954.42537 44.64182
2454965.32836 54.34632
2454976.23134 40.85253
2454987.13433 29.93919
2454998.03731 37.90579
2455008.94030 45.82094
2455019.84328 39.66558
2455030.74627 29.88517
2455041.64925 39.18335
2455227.00000 34.02111
2455237.90299 37.93476
2455248.80597 23.82998
2455259.70896 19.17260
2455270.61194 30.96523
2455281.51493 39.00934
2455292.41791 35.80776
2455303.32090 16.65528
2455314.22388 26.30694
2455325.12687 35.31485
2455336.02985 25.51862
2455346.93284 19.58909
2455357.83582 18.57045
2455368.73881 34.12992
2455379.64179 29.57911
2455390.54478 17.04479
2455401.44776 15.86682
2455597.70149 27.76951
2455608.60448 21.03265
2455619.50746 8.04770
2455630.41045 13.80689
2455641.31343 19.76160
2455652.21642 20.40455
2455663.11940 6.79017
2455674.02239 8.55718
2455684.92537 20.60418
2455695.82836 23.14194
2455706.73134 8.94287
2455717.63433 6.79495
2455728.53731 18.85204
2455739.44030 19.12748
2455750.34328 13.69608
2455761.24627 7.05674
2455772.14925 13.88292
2455957.50000 20.27750
