2445000.00000 -0.85003
2445010.90299 7.35878
2445021.80597 1.49995
2445032.70896 -9.68461
2445043.61194 -4.76834
2445054.51493 13.91575
2445065.41791 7.92482
2445076.32090 -14.46296
2445087.22388 -13.22790
2445098.12687 7.74015
2445109.02985 13.13527
2445119.93284 -4.01126
2445130.83582 -15.68328
2445141.73881 0.92693
2445152.64179 13.44450
2445163.54478 2.11707
2445174.44776 -9.70337
2445370.70149 16.71291
2445381.60448 3.00788
2445392.50746 -14.13960
2445403.41045 -5.20367
2445414.31343 10.55073
2445425.21642 6.93699
2445436.11940 -6.40091
2445447.02239 -3.39189
2445457.92537 2.63245
2445468.82836 0.34125
2445479.73134 -3.70705
2445490.63433 3.05514
2445501.53731 4.82649
2445512.44030 -6.54484
2445523.34328 -7.12285
2445534.24627 6.67242
2445545.14925 14.20435
2445730.50000 -1.04166
2445741.40299 -4.99643
2445752.30597 2.63389
2445763.20896 9.08030
2445774.11194 -2.84886
2445785.01493 -11.32244
2445795.91791 0.61095
2445806.82090 16.15297
2445817.72388 3.28444
2445828.62687 -17.05555
2445839.52985 -7.41282
2445850.43284 14.01128
2445861.33582 9.64669
2445872.23881 -10.16896
2445883.14179 -10.03661
2445894.04478 6.44751
2445904.94776 11.45042
2446101.20149 -12.38092
2446112.10448 6.54665
2446123.00746 16.31017
2446133.91045 -2.63756
2446144.81343 -12.39601
2446155.71642 -0.04860
2446166.61940 8.96950
2446177.52239 1.21292
2446188.42537 -5.25705
2446199.32836 -0.05368
2446210.23134 2.97338
2446221.13433 -2.68036
2446232.03731 -1.53888
2446242.94030 7.17695
2446253.84328 2.70500
2446264.74627 -9.06959
2446275.64925 -5.39473
2446461.00000 0.81618
2446471.90299 2.67894
2446482.80597 -4.62127
2446493.70896 -3.85778
2446504.61194 7.72558
2446515.51493 7.66229
2446526.41791 -8.33025
2446537.32090 -11.85851
2446548.22388 8.10088
2446559.12687 16.00562
2446570.02985 -3.32476
2446580.93284 -14.41980
2446591.83582 -0.70359
2446602.73881 12.18387
2446613.64179 4.61201
2446624.54478 -13.71694
2446635.44776 -6.12631
2446831.70149 4.32697
2446842.60448 -11.90199
2446853.50746 -8.29968
2446864.41045 9.93146
2446875.31343 9.64103
2446886.21642 -6.59726
2446897.11940 -9.60540
2446908.02239 3.71512
2446918.92537 7.51608
2446929.82836 -1.98374
2446940.73134 -3.17725
2446951.63433 2.24721
2446962.53731 0.01402
2446973.44030 -4.82382
2446984.34328 1.95741
2446995.24627 8.56490
2447006.14925 -1.56096
2447191.50000 -1.11709
2447202.40299 -1.70271
2447213.30597 3.73867
2447224.20896 0.47483
2447235.11194 -7.87974
2447246.01493 -1.23820
2447256.91791 10.16424
2447267.82090 3.53432
2447278.72388 -12.29754
2447289.62687 -7.67358
2447300.52985 12.18960
2447311.43284 10.70768
2447322.33582 -10.16734
2447333.23881 -14.27720
2447344.14179 4.35753
2447355.04478 16.81125
2447365.94776 -1.36931
2447562.20149 5.09740
2447573.10448 16.51936
2447584.00746 -2.02654
2447594.91045 -17.83743
2447605.81343 -2.35247
2447616.71642 10.03759
2447627.61940 3.86075
2447638.52239 -9.67435
2447649.42537 -4.83878
2447660.32836 5.91920
2447671.23134 2.96453
2447682.13433 -3.10920
2447693.03731 -0.06938
2447703.94030 3.04557
2447714.84328 -3.51722
2447725.74627 -4.34690
2447736.64925 6.27226
2447922.00000 2.93537
2447932.90299 2.10132
2447943.80597 -2.47814
2447954.70896 1.19748
2447965.61194 5.00846
2447976.51493 -3.49679
2447987.41791 -8.06315
2447998.32090 3.02531
2448009.22388 11.94845
2448020.12687 -1.50681
2448031.02985 -13.84435
2448041.93284 -2.24443
2448052.83582 14.30676
2448063.73881 7.20007
2448074.64179 -12.32337
2448085.54478 -8.51685
2448096.44776 10.70515
2448292.70149 -12.99634
2448303.60448 -9.60914
2448314.50746 12.10448
2448325.41045 13.45867
2448336.31343 -6.68398
2448347.21642 -14.54096
2448358.11940 3.05980
2448369.02239 13.20972
2448379.92537 -0.49223
2448390.82836 -7.84157
2448401.73134 -0.71685
2448412.63433 5.95282
2448423.53731 -0.20704
2448434.44030 -2.23429
2448445.34328 3.03785
2448456.24627 0.92753
2448467.14925 -6.11527
2448652.50000 -5.59669
2448663.40299 -1.86757
2448674.30597 3.06746
2448685.20896 -1.06164
2448696.11194 -2.26252
2448707.01493 4.28080
2448717.91791 4.01577
2448728.82090 -8.68160
2448739.72388 -7.88314
2448750.62687 8.81758
2448761.52985 11.85969
2448772.43284 -7.68640
2448783.33582 -13.97747
2448794.23881 3.81337
2448805.14179 14.78608
2448816.04478 -0.06019
2448826.94776 -13.46240
2449023.20149 14.89413
2449034.10448 -0.08796
2449045.00746 -14.19322
2449055.91045 -4.22213
2449066.81343 11.92926
2449077.71642 6.08235
2449088.61940 -12.30051
2449099.52239 -9.05657
2449110.42537 8.08263
2449121.32836 9.66587
2449132.23134 -4.18946
2449143.13433 -6.15734
2449154.03731 2.16976
2449164.94030 2.42979
2449175.84328 -2.59354
2449186.74627 0.27060
2449197.64925 4.98655
2449383.00000 8.83211
2449393.90299 -0.70703
2449404.80597 -4.75943
2449415.70896 1.15121
2449426.61194 1.60224
2449437.51493 -3.66979
2449448.41791 -0.06901
2449459.32090 5.94368
2449470.22388 0.59945
2449481.12687 -8.39731
2449492.02985 -3.29199
2449502.93284 11.91158
2449513.83582 6.70108
2449524.73881 -10.30830
2449535.64179 -11.35750
2449546.54478 9.64362
2449557.44776 12.21257
2449753.70149 -10.08036
2449764.60448 9.26066
2449775.50746 12.76924
2449786.41045 -6.41085
2449797.31343 -14.91646
2449808.21642 2.41357
2449819.11940 15.39311
2449830.02239 1.41239
2449840.92537 -13.10303
2449851.82836 -3.95101
2449862.73134 9.80488
2449873.63433 4.43644
2449884.53731 -5.10950
2449895.44030 -2.77522
2449906.34328 3.66393
2449917.24627 -0.16421
2449928.14925 -2.75241
2450113.50000 -7.10150
2450124.40299 4.58326
2450135.30597 4.44543
2450146.20896 -2.68343
2450157.11194 -1.92020
2450168.01493 2.15181
2450178.91791 -1.42276
2450189.82090 -5.06317
2450200.72388 3.16956
2450211.62687 6.97645
2450222.52985 -3.88392
2450233.43284 -12.98725
2450244.33582 1.93768
2450255.23881 17.75098
2450266.14179 1.20159
2450277.04478 -13.37466
2450287.94776 -5.93824
2450484.20149 1.31483
2450495.10448 -12.44660
2450506.00746 -5.23402
2450516.91045 13.16458
2450527.81343 9.47897
2450538.71642 -12.42207
2450549.61940 -11.18689
2450560.52239 7.15914
2450571.42537 11.85665
2450582.32836 -4.31781
2450593.23134 -11.75562
2450604.13433 1.09797
2450615.03731 8.16172
2450625.94030 0.35531
2450636.84328 -5.36091
2450647.74627 0.40794
2450658.64925 1.90311
2450844.00000 2.04484
2450854.90299 -10.31931
2450865.80597 -2.78831
2450876.70896 5.99953
2450887.61194 1.79278
2450898.51493 -3.09902
2450909.41791 1.55527
2450920.32090 2.66187
2450931.22388 -5.29715
2450942.12687 -3.37760
2450953.02985 7.66814
2450963.93284 6.13112
2450974.83582 -7.72168
2450985.73881 -9.28706
2450996.64179 7.31527
2451007.54478 12.86365
2451018.44776 -4.45379
2451214.70149 5.65101
2451225.60448 10.62996
2451236.50746 -4.50625
2451247.41045 -15.00956
2451258.31343 0.97013
2451269.21642 13.82796
2451280.11940 2.77836
2451291.02239 -14.96040
2451301.92537 -6.36797
2451312.82836 11.92937
2451323.73134 6.89998
2451334.63433 -8.17880
2451345.53731 -8.42920
2451356.44030 4.71221
2451367.34328 4.38601
2451378.24627 -2.21997
2451389.14925 -2.81289
2451574.50000 5.09838
2451585.40299 10.01673
2451596.30597 -2.44000
2451607.20896 -7.47063
2451618.11194 1.00043
2451629.01493 4.45022
2451639.91791 -1.47649
2451650.82090 -1.35292
2451661.72388 4.11489
2451672.62687 -0.23592
2451683.52985 -6.71367
2451694.43284 -0.19056
2451705.33582 10.80431
2451716.23881 2.46273
2451727.14179 -12.11517
2451738.04478 -6.61391
2451748.94776 14.15318
2451945.20149 -8.52687
2451956.10448 -5.35182
2451967.00746 11.12972
2451977.91045 7.80133
2451988.81343 -9.22749
2451999.71642 -12.05589
2452010.61940 6.05687
2452021.52239 11.73231
2452032.42537 -3.31756
2452043.32836 -14.31227
2452054.23134 -0.72233
2452065.13433 13.97381
2452076.03731 3.56680
2452086.94030 -10.80798
2452097.84328 -3.58861
2452108.74627 5.97380
2452119.64925 3.00291
2452305.00000 -10.98573
2452315.90299 -6.99612
2452326.80597 8.44070
2452337.70896 5.45494
2452348.61194 -5.42609
2452359.51493 -4.78641
2452370.41791 2.90463
2452381.32090 1.52584
2452392.22388 -2.58232
2452403.12687 1.71266
2452414.02985 4.54610
2452424.93284 -3.41829
2452435.83582 -8.00064
2452446.73881 4.08371
2452457.64179 10.90374
2452468.54478 -2.42802
2452479.44776 -15.84276
2452675.70149 6.80170
2452686.60448 -1.20339
2452697.50746 -11.42485
2452708.41045 -0.74066
2452719.31343 13.26445
2452730.21642 3.17971
2452741.11940 -11.50137
2452752.02239 -7.80923
2452762.92537 11.13182
2452773.82836 7.88634
2452784.73134 -7.96896
2452795.63433 -11.66459
2452806.53731 4.77778
2452817.44030 10.96135
2452828.34328 -1.43777
2452839.24627 -7.15421
2452850.14925 0.05272
2453035.50000 11.54046
2453046.40299 -1.44119
2453057.30597 -12.62839
2453068.20896 -1.32501
2453079.11194 10.18777
2453090.01493 2.59199
2453100.91791 -5.10681
2453111.82090 -1.21534
2453122.72388 2.65716
2453133.62687 -1.52336
2453144.52985 -1.95384
2453155.43284 4.19526
2453166.33582 3.21898
2453177.23881 -7.07715
2453188.14179 -5.17784
2453199.04478 8.36417
2453209.94776 9.92623
2453406.20149 -3.48874
2453417.10448 5.68961
2453428.00746 6.67760
2453438.91045 -5.47372
2453449.81343 -10.80655
2453460.71642 4.31286
2453471.61940 14.94859
2453482.52239 -1.58750
2453493.42537 -12.51946
2453504.32836 -2.28220
2453515.23134 12.07985
2453526.13433 5.69028
2453537.03731 -11.54006
2453547.94030 -7.36485
2453558.84328 7.75703
2453569.74627 8.07085
2453580.64925 -4.14358
2453766.00000 -9.43901
2453776.90299 9.54703
2453787.80597 9.49433
2453798.70896 -6.01667
2453809.61194 -9.60372
2453820.51493 3.31828
2453831.41791 7.70307
2453842.32090 -1.15724
2453853.22388 -3.70736
2453864.12687 1.44651
2453875.02985 1.20030
2453885.93284 -3.70043
2453896.83582 0.54072
2453907.73881 6.20954
2453918.64179 -0.26362
2453929.54478 -10.79308
2453940.44776 -1.92057
2454136.70149 1.09020
2454147.60448 -6.23584
2454158.50746 -1.94684
2454169.41045 9.27981
2454180.31343 4.43546
2454191.21642 -10.85205
2454202.11940 -8.28062
2454213.02239 9.91488
2454223.92537 12.45954
2454234.82836 -7.54742
2454245.73134 -11.79649
2454256.63433 3.53828
2454267.53731 14.06201
2454278.44030 -0.07808
2454289.34328 -12.47286
2454300.24627 -2.65496
2454311.14925 8.87963
2454496.50000 -0.02173
2454507.40299 -13.95130
2454518.30597 -3.98580
2454529.20896 11.48591
2454540.11194 4.91532
2454551.01493 -8.42483
2454561.91791 -6.11002
2454572.82090 4.99626
2454583.72388 3.97620
2454594.62687 -3.08146
2454605.52985 -1.36231
2454616.43284 3.13167
2454627.33582 -1.78453
2454638.23881 -3.82404
2454649.14179 4.77991
2454660.04478 6.53431
2454670.94776 -4.71403
2454867.20149 -0.11844
2454878.10448 3.98445
2454889.00746 -1.66540
2454899.91045 -8.11718
2454910.81343 2.08625
2454921.71642 10.73044
2454932.61940 0.12516
2454943.52239 -11.82946
2454954.42537 -2.78435
2454965.32836 11.97008
2454976.23134 7.73266
2454987.13433 -13.81839
2454998.03731 -12.04697
2455008.94030 8.35653
2455019.84328 10.22820
2455030.74627 -4.27952
2455041.64925 -7.57347
2455227.00000 9.02729
2455237.90299 12.06084
2455248.80597 -5.14806
2455259.70896 -12.99638
2455270.61194 2.00422
2455281.51493 11.11461
2455292.41791 0.76512
2455303.32090 -8.93958
2455314.22388 -1.53135
2455325.12687 5.47150
2455336.02985 0.88491
2455346.93284 -2.21412
2455357.83582 1.64905
2455368.73881 1.65568
2455379.64179 -5.83611
2455390.54478 -2.81853
2455401.44776 8.43507
2455597.70149 0.25104
2455608.60448 -2.66434
2455619.50746 2.47524
2455630.41045 3.69774
2455641.31343 -5.11722
2455652.21642 -6.65418
2455663.11940 6.73702
2455674.02239 9.92326
2455684.92537 -5.35728
2455695.82836 -12.24230
2455706.73134 2.06640
2455717.63433 15.50358
2455728.53731 1.37073
2455739.44030 -14.42409
2455750.34328 -3.99941
2455761.24627 13.22289
2455772.14925 8.14513
2455957.50000 -14.46835
