2445000.00000 9.65669
2445010.90299 8.17388
2445021.80597 7.87586
2445032.70896 5.24033
2445043.61194 8.04929
2445054.51493 8.19663
2445065.41791 11.63458
2445076.32090 12.73621
2445087.22388 10.95330
2445098.12687 11.26051
2445109.02985 9.30640
2445119.93284 9.53807
2445130.83582 6.74357
2445141.73881 7.69454
2445152.64179 7.46605
2445163.54478 9.82437
2445174.44776 11.46917
2445370.70149 6.98458
2445381.60448 9.01203
2445392.50746 10.16173
2445403.41045 12.18475
2445414.31343 11.41339
2445425.21642 12.11145
2445436.11940 8.83568
2445447.02239 5.85358
2445457.92537 6.06017
2445468.82836 6.53404
2445479.73134 8.39764
2445490.63433 10.96518
2445501.53731 10.24722
2445512.44030 11.59559
2445523.34328 12.04272
2445534.24627 9.87124
2445545.14925 6.79821
2445730.50000 11.77943
2445741.40299 10.23881
2445752.30597 7.58778
2445763.20896 5.82131
2445774.11194 5.00894
2445785.01493 4.70796
2445795.91791 4.98710
2445806.82090 8.33965
2445817.72388 8.93929
2445828.62687 9.46990
2445839.52985 11.43513
2445850.43284 8.70463
2445861.33582 6.59174
2445872.23881 5.68125
2445883.14179 3.97966
2445894.04478 5.20577
2445904.94776 4.64852
2446101.20149 3.37356
2446112.10448 3.19851
2446123.00746 4.86487
2446133.91045 7.36371
2446144.81343 8.01185
2446155.71642 10.38096
2446166.61940 8.63961
2446177.52239 6.53764
2446188.42537 4.72075
2446199.32836 3.21388
2446210.23134 3.00412
2446221.13433 3.10061
2446232.03731 5.42387
2446242.94030 7.16358
2446253.84328 6.44838
2446264.74627 10.26645
2446275.64925 7.91037
2446461.00000 6.28502
2446471.90299 8.70032
2446482.80597 11.08402
2446493.70896 6.80152
2446504.61194 5.79515
2446515.51493 2.94208
2446526.41791 1.79406
2446537.32090 2.43102
2446548.22388 3.76485
2446559.12687 4.77751
2446570.02985 7.32293
2446580.93284 7.11066
2446591.83582 7.62157
2446602.73881 6.43490
2446613.64179 4.77341
2446624.54478 2.70198
2446635.44776 1.89930
2446831.70149 3.65689
2446842.60448 3.26917
2446853.50746 2.38621
2446864.41045 3.61550
2446875.31343 5.29682
2446886.21642 7.00798
2446897.11940 9.73056
2446908.02239 8.35817
2446918.92537 8.92860
2446929.82836 5.15263
2446940.73134 3.88532
2446951.63433 2.65914
2446962.53731 2.07743
2446973.44030 3.93188
2446984.34328 7.03820
2446995.24627 8.24120
2447006.14925 8.00790
2447191.50000 4.50511
2447202.40299 8.61008
2447213.30597 7.63807
2447224.20896 8.97214
2447235.11194 9.58634
2447246.01493 8.73730
2447256.91791 6.02217
2447267.82090 3.80812
2447278.72388 3.79665
2447289.62687 4.63269
2447300.52985 6.94367
2447311.43284 9.60802
2447322.33582 10.16416
2447333.23881 12.09277
2447344.14179 11.21169
2447355.04478 9.10398
2447365.94776 5.78389
2447562.20149 10.83426
2447573.10448 7.13528
2447584.00746 5.42852
2447594.91045 5.57957
2447605.81343 5.19963
2447616.71642 7.65916
2447627.61940 10.01736
2447638.52239 9.23916
2447649.42537 11.44338
2447660.32836 14.00216
2447671.23134 11.59580
2447682.13433 9.09449
2447693.03731 7.59082
2447703.94030 5.86549
2447714.84328 6.14132
2447725.74627 8.04709
2447736.64925 9.07731
2447922.00000 6.31724
2447932.90299 7.39563
2447943.80597 9.03935
2447954.70896 11.91669
2447965.61194 12.11403
2447976.51493 13.42822
2447987.41791 11.65844
2447998.32090 10.86090
2448009.22388 9.31538
2448020.12687 7.65620
2448031.02985 6.56921
2448041.93284 8.96748
2448052.83582 10.26736
2448063.73881 12.63009
2448074.64179 13.69735
2448085.54478 14.60890
2448096.44776 13.20253
2448292.70149 12.58077
2448303.60448 12.37017
2448314.50746 11.76767
2448325.41045 9.56977
2448336.31343 8.36563
2448347.21642 7.28249
2448358.11940 7.46755
2448369.02239 8.96464
2448379.92537 14.46274
2448390.82836 14.48914
2448401.73134 14.77918
2448412.63433 14.39256
2448423.53731 11.98617
2448434.44030 8.75895
2448445.34328 5.92161
2448456.24627 6.91070
2448467.14925 6.84176
2448652.50000 8.32996
2448663.40299 6.26160
2448674.30597 5.76952
2448685.20896 7.61513
2448696.11194 9.07805
2448707.01493 12.93885
2448717.91791 11.20435
2448728.82090 11.26728
2448739.72388 10.68879
2448750.62687 10.05652
2448761.52985 7.46867
2448772.43284 6.03403
2448783.33582 6.15406
2448794.23881 6.36455
2448805.14179 9.10754
2448816.04478 10.10665
2448826.94776 14.13062
2449023.20149 9.34466
2449034.10448 9.98567
2449045.00746 10.44512
2449055.91045 9.48875
2449066.81343 8.81497
2449077.71642 7.22767
2449088.61940 5.11855
2449099.52239 4.83912
2449110.42537 4.81943
2449121.32836 6.91140
2449132.23134 9.35774
2449143.13433 11.48578
2449154.03731 9.67008
2449164.94030 10.86330
2449175.84328 9.49105
2449186.74627 5.38873
2449197.64925 3.63367
2449383.00000 9.65569
2449393.90299 7.12183
2449404.80597 3.98503
2449415.70896 2.20744
2449426.61194 2.90055
2449437.51493 4.13335
2449448.41791 5.91904
2449459.32090 8.48322
2449470.22388 9.85726
2449481.12687 9.26422
2449492.02985 8.15232
2449502.93284 5.16740
2449513.83582 3.52050
2449524.73881 2.29978
2449535.64179 2.90520
2449546.54478 4.85913
2449557.44776 7.72588
2449753.70149 2.54951
2449764.60448 4.27853
2449775.50746 5.92610
2449786.41045 6.99185
2449797.31343 9.15600
2449808.21642 7.13706
2449819.11940 6.83195
2449830.02239 3.54628
2449840.92537 1.64867
2449851.82836 1.34718
2449862.73134 2.67968
2449873.63433 4.20464
2449884.53731 6.58686
2449895.44030 7.44340
2449906.34328 6.50016
2449917.24627 6.44260
2449928.14925 5.03803
2450113.50000 9.65096
2450124.40299 8.51369
2450135.30597 6.96766
2450146.20896 4.10295
2450157.11194 2.29419
2450168.01493 1.34212
2450178.91791 1.83272
2450189.82090 4.03178
2450200.72388 7.16375
2450211.62687 6.44464
2450222.52985 8.47824
2450233.43284 9.13295
2450244.33582 6.00885
2450255.23881 4.35065
2450266.14179 2.24674
2450277.04478 1.60033
2450287.94776 2.59995
2450484.20149 2.47545
2450495.10448 2.73695
2450506.00746 2.95215
2450516.91045 6.10960
2450527.81343 9.54259
2450538.71642 11.23184
2450549.61940 9.04392
2450560.52239 8.06995
2450571.42537 5.83518
2450582.32836 4.28612
2450593.23134 2.60819
2450604.13433 3.22289
2450615.03731 4.10474
2450625.94030 8.47721
2450636.84328 10.81575
2450647.74627 9.68248
2450658.64925 10.85928
2450844.00000 10.18247
2450854.90299 9.68297
2450865.80597 11.61523
2450876.70896 12.13722
2450887.61194 7.66140
2450898.51493 6.58997
2450909.41791 4.70198
2450920.32090 4.06971
2450931.22388 6.55380
2450942.12687 7.85700
2450953.02985 11.24540
2450963.93284 12.97777
2450974.83582 12.12157
2450985.73881 11.74834
2450996.64179 9.70787
2451007.54478 6.45838
2451018.44776 5.40805
2451214.70149 9.46458
2451225.60448 6.54080
2451236.50746 6.96859
2451247.41045 5.12662
2451258.31343 9.47507
2451269.21642 12.20420
2451280.11940 12.48989
2451291.02239 10.33188
2451301.92537 14.61533
2451312.82836 11.93239
2451323.73134 8.83641
2451334.63433 7.80114
2451345.53731 8.28323
2451356.44030 5.61672
2451367.34328 11.41205
2451378.24627 10.62667
2451389.14925 10.70656
2451574.50000 7.81158
2451585.40299 11.46050
2451596.30597 12.47034
2451607.20896 11.76024
2451618.11194 13.70326
2451629.01493 14.18191
2451639.91791 12.63442
2451650.82090 9.49116
2451661.72388 7.17061
2451672.62687 7.17040
2451683.52985 8.13547
2451694.43284 12.58220
2451705.33582 13.76469
2451716.23881 15.85413
2451727.14179 17.76046
2451738.04478 12.87342
2451748.94776 10.38578
2451945.20149 14.63003
2451956.10448 12.62076
2451967.00746 7.44093
2451977.91045 7.24741
2451988.81343 7.41963
2451999.71642 6.47824
2452010.61940 10.40055
2452021.52239 10.30367
2452032.42537 14.25108
2452043.32836 13.68219
2452054.23134 13.73919
2452065.13433 10.34552
2452076.03731 9.87531
2452086.94030 5.20322
2452097.84328 5.39240
2452108.74627 6.43372
2452119.64925 9.77438
2452305.00000 4.71870
2452315.90299 4.82346
2452326.80597 5.95725
2452337.70896 9.57709
2452348.61194 11.02173
2452359.51493 15.56667
2452370.41791 11.52770
2452381.32090 10.07922
2452392.22388 6.99614
2452403.12687 4.57802
2452414.02985 3.33981
2452424.93284 4.04794
2452435.83582 7.64955
2452446.73881 7.96904
2452457.64179 9.58134
2452468.54478 12.17182
2452479.44776 13.00013
2452675.70149 11.49182
2452686.60448 10.29540
2452697.50746 9.06473
2452708.41045 6.89665
2452719.31343 4.62565
2452730.21642 2.75121
2452741.11940 1.90875
2452752.02239 3.19564
2452762.92537 5.52066
2452773.82836 8.28691
2452784.73134 10.48595
2452795.63433 12.07954
2452806.53731 7.74930
2452817.44030 6.10991
2452828.34328 3.57788
2452839.24627 1.34705
2452850.14925 1.79679
2453035.50000 4.33825
2453046.40299 1.94062
2453057.30597 0.61113
2453068.20896 1.11772
2453079.11194 3.42991
2453090.01493 5.84490
2453100.91791 7.24262
2453111.82090 10.07929
2453122.72388 8.12215
2453133.62687 6.58134
2453144.52985 3.66788
2453155.43284 1.22851
2453166.33582 0.28877
2453177.23881 1.02495
2453188.14179 2.58674
2453199.04478 5.90096
2453209.94776 9.04717
2453406.20149 3.90355
2453417.10448 6.41626
2453428.00746 9.74103
2453438.91045 8.58315
2453449.81343 7.88862
2453460.71642 5.00063
2453471.61940 1.92608
2453482.52239 0.25617
2453493.42537 0.32799
2453504.32836 1.93045
2453515.23134 4.21495
2453526.13433 8.38533
2453537.03731 10.28858
2453547.94030 7.73219
2453558.84328 6.17634
2453569.74627 4.03711
2453580.64925 1.45065
2453766.00000 9.60917
2453776.90299 6.63084
2453787.80597 3.49143
2453798.70896 1.88914
2453809.61194 0.98850
2453820.51493 1.99056
2453831.41791 4.73623
2453842.32090 8.23770
2453853.22388 9.38433
2453864.12687 10.06198
2453875.02985 6.79776
2453885.93284 7.48817
2453896.83582 3.91670
2453907.73881 2.08253
2453918.64179 1.78540
2453929.54478 2.84426
2453940.44776 5.15797
2454136.70149 3.30191
2454147.60448 5.70599
2454158.50746 8.66778
2454169.41045 10.32321
2454180.31343 14.41337
2454191.21642 11.69039
2454202.11940 10.22177
2454213.02239 6.75285
2454223.92537 4.82485
2454234.82836 3.60690
2454245.73134 3.27587
2454256.63433 6.91152
2454267.53731 8.49638
2454278.44030 10.63390
2454289.34328 12.89173
2454300.24627 12.49970
2454311.14925 9.38171
2454496.50000 15.49173
2454507.40299 13.64852
2454518.30597 11.33108
2454529.20896 9.74268
2454540.11194 7.90502
2454551.01493 6.29808
2454561.91791 4.96875
2454572.82090 8.48367
2454583.72388 9.78203
2454594.62687 13.66640
2454605.52985 13.15726
2454616.43284 15.35120
2454627.33582 15.14656
2454638.23881 11.83105
2454649.14179 8.37776
2454660.04478 5.19874
2454670.94776 5.92089
2454867.20149 7.49531
2454878.10448 7.10548
2454889.00746 6.92713
2454899.91045 12.12806
2454910.81343 13.77140
2454921.71642 14.87720
2454932.61940 17.48920
2454943.52239 14.56706
2454954.42537 12.34012
2454965.32836 10.46690
2454976.23134 7.39851
2454987.13433 6.60735
2454998.03731 8.12720
2455008.94030 11.08912
2455019.84328 14.81863
2455030.74627 16.02169
2455041.64925 13.81779
2455227.00000 12.12221
2455237.90299 13.56382
2455248.80597 13.13742
2455259.70896 15.11328
2455270.61194 11.63695
2455281.51493 11.55161
2455292.41791 8.41983
2455303.32090 7.15253
2455314.22388 7.01236
2455325.12687 8.54770
2455336.02985 11.15234
2455346.93284 15.88353
2455357.83582 13.65632
2455368.73881 15.44762
2455379.64179 12.66599
2455390.54478 10.17297
2455401.44776 6.31436
2455597.70149 11.12750
2455608.60448 8.32920
2455619.50746 4.99526
2455630.41045 4.52239
2455641.31343 5.97333
2455652.21642 8.23373
2455663.11940 10.53477
2455674.02239 12.41212
2455684.92537 15.62568
2455695.82836 10.97077
2455706.73134 9.14757
2455717.63433 5.92654
2455728.53731 4.47789
2455739.44030 3.88949
2455750.34328 5.21840
2455761.24627 9.43863
2455772.14925 11.55911
2455957.50000 2.66375
