2445000.00000 5.95384
2445010.90299 26.79496
2445021.80597 5.26909
2445032.70896 35.20083
2445043.61194 7.94228
2445054.51493 33.80857
2445065.41791 8.37115
2445076.32090 27.67326
2445087.22388 8.28958
2445098.12687 31.59830
2445109.02985 9.79122
2445119.93284 28.40505
2445130.83582 13.21307
2445141.73881 28.89694
2445152.64179 13.80393
2445163.54478 28.20383
2445174.44776 14.73272
2445370.70149 30.23090
2445381.60448 17.94687
2445392.50746 27.11022
2445403.41045 16.64512
2445414.31343 29.01712
2445425.21642 16.47827
2445436.11940 36.12651
2445447.02239 16.90141
2445457.92537 31.60836
2445468.82836 16.73737
2445479.73134 40.64857
2445490.63433 13.68729
2445501.53731 41.90538
2445512.44030 16.91313
2445523.34328 38.86227
2445534.24627 16.43027
2445545.14925 35.30343
2445730.50000 20.00016
2445741.40299 44.02314
2445752.30597 20.74148
2445763.20896 36.93626
2445774.11194 18.89521
2445785.01493 43.51246
2445795.91791 18.81684
2445806.82090 37.79002
2445817.72388 21.46880
2445828.62687 39.93896
2445839.52985 19.23188
2445850.43284 34.39108
2445861.33582 21.07404
2445872.23881 34.86735
2445883.14179 23.18596
2445894.04478 38.21233
2445904.94776 28.69988
2446101.20149 37.13937
2446112.10448 23.46362
2446123.00746 36.65575
2446133.91045 26.12535
2446144.81343 42.45861
2446155.71642 21.01090
2446166.61940 42.14230
2446177.52239 24.47205
2446188.42537 53.41208
2446199.32836 18.53453
2446210.23134 46.92144
2446221.13433 20.82510
2446232.03731 50.64222
2446242.94030 18.63709
2446253.84328 46.44906
2446264.74627 22.06029
2446275.64925 43.06011
2446461.00000 16.74491
2446471.90299 50.01343
2446482.80597 21.68500
2446493.70896 37.28784
2446504.61194 24.68541
2446515.51493 43.48853
2446526.41791 17.62311
2446537.32090 41.99726
2446548.22388 25.88941
2446559.12687 38.25410
2446570.02985 27.64421
2446580.93284 35.11378
2446591.83582 23.16632
2446602.73881 34.93420
2446613.64179 21.98384
2446624.54478 30.37053
2446635.44776 27.60802
2446831.70149 35.79142
2446842.60448 18.56102
2446853.50746 39.28035
2446864.41045 16.59177
2446875.31343 36.81933
2446886.21642 15.57578
2446897.11940 37.30836
2446908.02239 15.80924
2446918.92537 32.46372
2446929.82836 13.34600
2446940.73134 37.17704
2446951.63433 11.23504
2446962.53731 40.59597
2446973.44030 11.92825
2446984.34328 45.50324
2446995.24627 11.70971
2447006.14925 31.68116
2447191.50000 13.27176
2447202.40299 29.54114
2447213.30597 11.56012
2447224.20896 28.25092
2447235.11194 17.25066
2447246.01493 26.34823
2447256.91791 12.26796
2447267.82090 29.69624
2447278.72388 16.98143
2447289.62687 30.37453
2447300.52985 20.57911
2447311.43284 25.38755
2447322.33582 18.55136
2447333.23881 19.58210
2447344.14179 23.06014
2447355.04478 21.80267
2447365.94776 20.40651
2447562.20149 25.90605
2447573.10448 8.16383
2447584.00746 30.43648
2447594.91045 4.28598
2447605.81343 24.57311
2447616.71642 5.20727
2447627.61940 33.65665
2447638.52239 3.69083
2447649.42537 30.51729
2447660.32836 3.78054
2447671.23134 28.74874
2447682.13433 3.45141
2447693.03731 32.62851
2447703.94030 2.80363
2447714.84328 26.74664
2447725.74627 2.50729
2447736.64925 28.79122
2447922.00000 7.51053
2447932.90299 18.73528
2447943.80597 7.67346
2447954.70896 18.99314
2447965.61194 8.75838
2447976.51493 19.79128
2447987.41791 10.92427
2447998.32090 16.72566
2448009.22388 12.60418
2448020.12687 15.51880
2448031.02985 13.24276
2448041.93284 14.98070
2448052.83582 14.14778
2448063.73881 13.44295
2448074.64179 16.48238
2448085.54478 11.46213
2448096.44776 17.05756
2448292.70149 21.66065
2448303.60448 1.19538
2448314.50746 23.15301
2448325.41045 0.81783
2448336.31343 25.24697
2448347.21642 0.45908
2448358.11940 31.63711
2448369.02239 0.29634
2448379.92537 25.65884
2448390.82836 0.32501
2448401.73134 24.36117
2448412.63433 0.48929
2448423.53731 19.81900
2448434.44030 0.81931
2448445.34328 32.31424
2448456.24627 1.04293
2448467.14925 23.83579
2448652.50000 10.58104
2448663.40299 15.82419
2448674.30597 12.52593
2448685.20896 15.28687
2448696.11194 13.47558
2448707.01493 19.20901
2448717.91791 16.33620
2448728.82090 15.25667
2448739.72388 16.59476
2448750.62687 13.84317
2448761.52985 21.46495
2448772.43284 14.74794
2448783.33582 21.23802
2448794.23881 13.01572
2448805.14179 18.06375
2448816.04478 12.33687
2448826.94776 20.46292
2449023.20149 33.51164
2449034.10448 6.88619
2449045.00746 29.65037
2449055.91045 7.94329
2449066.81343 30.88797
2449077.71642 7.50069
2449088.61940 41.60959
2449099.52239 8.58041
2449110.42537 35.96505
2449121.32836 7.22104
2449132.23134 30.51918
2449143.13433 7.89384
2449154.03731 30.45719
2449164.94030 7.89771
2449175.84328 37.05310
2449186.74627 10.27381
2449197.64925 32.95635
2449383.00000 17.92154
2449393.90299 28.19435
2449404.80597 21.73931
2449415.70896 23.51287
2449426.61194 18.54301
2449437.51493 26.46357
2449448.41791 29.07900
2449459.32090 25.86110
2449470.22388 27.95051
2449481.12687 21.06058
2449492.02985 32.90344
2449502.93284 16.55013
2449513.83582 30.50630
2449524.73881 21.68180
2449535.64179 38.22544
2449546.54478 20.78167
2449557.44776 36.41157
2449753.70149 43.26185
2449764.60448 15.70192
2449775.50746 47.47070
2449786.41045 17.15517
2449797.31343 48.17900
2449808.21642 17.52565
2449819.11940 44.61452
2449830.02239 16.07485
2449840.92537 37.53069
2449851.82836 14.41230
2449862.73134 38.17157
2449873.63433 20.05780
2449884.53731 40.74340
2449895.44030 18.61917
2449906.34328 45.39409
2449917.24627 21.02119
2449928.14925 35.76148
2450113.50000 30.14656
2450124.40299 30.63914
2450135.30597 25.48053
2450146.20896 29.70590
2450157.11194 33.88940
2450168.01493 29.22089
2450178.91791 35.05118
2450189.82090 25.45995
2450200.72388 33.68360
2450211.62687 28.49651
2450222.52985 37.49648
2450233.43284 24.93503
2450244.33582 36.47751
2450255.23881 22.20210
2450266.14179 37.57106
2450277.04478 26.19153
2450287.94776 39.20114
2450484.20149 39.67165
2450495.10448 19.73276
2450506.00746 41.50147
2450516.91045 17.20572
2450527.81343 39.70802
2450538.71642 18.93205
2450549.61940 41.06071
2450560.52239 17.58633
2450571.42537 38.46500
2450582.32836 19.13289
2450593.23134 39.54162
2450604.13433 21.12017
2450615.03731 46.35326
2450625.94030 18.28692
2450636.84328 34.75894
2450647.74627 21.55571
2450658.64925 34.92757
2450844.00000 30.83749
2450854.90299 30.03328
2450865.80597 30.51355
2450876.70896 20.44828
2450887.61194 28.56391
2450898.51493 21.12492
2450909.41791 29.27210
2450920.32090 22.15041
2450931.22388 34.98288
2450942.12687 20.62578
2450953.02985 36.88353
2450963.93284 17.98119
2450974.83582 33.22858
2450985.73881 16.20240
2450996.64179 37.20196
2451007.54478 18.36640
2451018.44776 35.92728
2451214.70149 37.24900
2451225.60448 10.15549
2451236.50746 35.17253
2451247.41045 11.36483
2451258.31343 27.83438
2451269.21642 11.44002
2451280.11940 37.43022
2451291.02239 12.76420
2451301.92537 31.42896
2451312.82836 14.07443
2451323.73134 33.64706
2451334.63433 12.22702
2451345.53731 28.19186
2451356.44030 13.40133
2451367.34328 28.18518
2451378.24627 16.52696
2451389.14925 27.54372
2451574.50000 22.59987
2451585.40299 15.52754
2451596.30597 23.83101
2451607.20896 13.69226
2451618.11194 24.90640
2451629.01493 12.54338
2451639.91791 28.85895
2451650.82090 9.35412
2451661.72388 23.21614
2451672.62687 9.34310
2451683.52985 24.31732
2451694.43284 8.25484
2451705.33582 24.95531
2451716.23881 7.85656
2451727.14179 20.84466
2451738.04478 7.41681
2451748.94776 25.35878
2451945.20149 27.55391
2451956.10448 5.73457
2451967.00746 25.63401
2451977.91045 6.26304
2451988.81343 21.04388
2451999.71642 6.16732
2452010.61940 23.05081
2452021.52239 6.15001
2452032.42537 21.54568
2452043.32836 8.15677
2452054.23134 20.42007
2452065.13433 8.27895
2452076.03731 19.78239
2452086.94030 9.79285
2452097.84328 16.60465
2452108.74627 9.91494
2452119.64925 16.86684
2452305.00000 23.31423
2452315.90299 8.56393
2452326.80597 19.37993
2452337.70896 7.21036
2452348.61194 21.35925
2452359.51493 8.43246
2452370.41791 23.56178
2452381.32090 6.40430
2452392.22388 24.61904
2452403.12687 5.46618
2452414.02985 20.42745
2452424.93284 5.29450
2452435.83582 22.76592
2452446.73881 5.46846
2452457.64179 23.32886
2452468.54478 4.34381
2452479.44776 25.82131
2452675.70149 26.10744
2452686.60448 8.17225
2452697.50746 30.82386
2452708.41045 10.02340
2452719.31343 21.56512
2452730.21642 8.80796
2452741.11940 25.69071
2452752.02239 10.90817
2452762.92537 22.76347
2452773.82836 12.61765
2452784.73134 21.31539
2452795.63433 11.82639
2452806.53731 22.24142
2452817.44030 14.20000
2452828.34328 21.91732
2452839.24627 13.71410
2452850.14925 21.00382
2453035.50000 23.33607
2453046.40299 12.43635
2453057.30597 33.20619
2453068.20896 11.59841
2453079.11194 27.15335
2453090.01493 11.66036
2453100.91791 33.09113
2453111.82090 12.46267
2453122.72388 30.20452
2453133.62687 12.27439
2453144.52985 32.63644
2453155.43284 11.47051
2453166.33582 28.02082
2453177.23881 9.27674
2453188.14179 37.28397
2453199.04478 10.50429
2453209.94776 29.69625
2453406.20149 26.90268
2453417.10448 18.00678
2453428.00746 32.20904
2453438.91045 19.53376
2453449.81343 33.98807
2453460.71642 23.88339
2453471.61940 26.49007
2453482.52239 20.99310
2453493.42537 32.90583
2453504.32836 25.92122
2453515.23134 36.50863
2453526.13433 25.22313
2453537.03731 30.71076
2453547.94030 19.88285
2453558.84328 32.07687
2453569.74627 26.30133
2453580.64925 25.73445
2453766.00000 36.11139
2453776.90299 19.90374
2453787.80597 35.70659
2453798.70896 14.42417
2453809.61194 42.59046
2453820.51493 17.35396
2453831.41791 40.91131
2453842.32090 20.16044
2453853.22388 39.78118
2453864.12687 17.90351
2453875.02985 41.33156
2453885.93284 18.80393
2453896.83582 40.21980
2453907.73881 17.50918
2453918.64179 40.01091
2453929.54478 19.02193
2453940.44776 44.15177
2454136.70149 34.76853
2454147.60448 24.24071
2454158.50746 32.35131
2454169.41045 24.97047
2454180.31343 26.90068
2454191.21642 28.94932
2454202.11940 30.17738
2454213.02239 27.03671
2454223.92537 32.63843
2454234.82836 28.68910
2454245.73134 30.55680
2454256.63433 27.26797
2454267.53731 25.74680
2454278.44030 30.14656
2454289.34328 28.30608
2454300.24627 33.27437
2454311.14925 24.18472
2454496.50000 34.97609
2454507.40299 18.45155
2454518.30597 37.38401
2454529.20896 21.10033
2454540.11194 40.07922
2454551.01493 14.42317
2454561.91791 34.01831
2454572.82090 17.38076
2454583.72388 38.58926
2454594.62687 19.62401
2454605.52985 46.76607
2454616.43284 17.89406
2454627.33582 37.30545
2454638.23881 16.97949
2454649.14179 33.69999
2454660.04478 19.86195
2454670.94776 42.94639
2454867.20149 32.56964
2454878.10448 23.28309
2454889.00746 28.29603
2454899.91045 25.24159
2454910.81343 25.39293
2454921.71642 23.67502
2454932.61940 30.36291
2454943.52239 23.68488
2454954.42537 25.11666
2454965.32836 25.49277
2454976.23134 19.83592
2454987.13433 29.49359
2454998.03731 26.19448
2455008.94030 28.57402
2455019.84328 18.65431
2455030.74627 22.13711
2455041.64925 22.40383
2455227.00000 31.25538
2455237.90299 13.16497
2455248.80597 32.02297
2455259.70896 12.63793
2455270.61194 32.06873
2455281.51493 9.72004
2455292.41791 30.43347
2455303.32090 9.61857
2455314.22388 35.92199
2455325.12687 12.61405
2455336.02985 36.59910
2455346.93284 11.04411
2455357.83582 29.65666
2455368.73881 11.59979
2455379.64179 29.02256
2455390.54478 12.55367
2455401.44776 31.77404
2455597.70149 19.35044
2455608.60448 15.38160
2455619.50746 18.08708
2455630.41045 16.95657
2455641.31343 19.22900
2455652.21642 23.07122
2455663.11940 17.33883
2455674.02239 19.60795
2455684.92537 16.75172
2455695.82836 17.50786
2455706.73134 14.41981
2455717.63433 20.30623
2455728.53731 14.53830
2455739.44030 21.12164
2455750.34328 13.46083
2455761.24627 18.59902
2455772.14925 13.41103
2455957.50000 23.12776
