2445000.00000 2.14581
2445010.90299 4.79582
2445021.80597 5.82942
2445032.70896 2.81687
2445043.61194 1.95471
2445054.51493 5.83016
2445065.41791 5.24060
2445076.32090 1.92863
2445087.22388 2.54802
2445098.12687 4.53161
2445109.02985 4.41259
2445119.93284 0.86099
2445130.83582 2.64271
2445141.73881 5.26517
2445152.64179 3.72550
2445163.54478 0.62846
2445174.44776 2.83941
2445370.70149 0.28528
2445381.60448 1.69529
2445392.50746 5.48396
2445403.41045 3.04392
2445414.31343 0.20940
2445425.21642 2.54567
2445436.11940 4.78479
2445447.02239 2.77548
2445457.92537 0.35574
2445468.82836 3.99023
2445479.73134 6.14710
2445490.63433 1.95843
2445501.53731 0.70169
2445512.44030 4.15120
2445523.34328 5.39735
2445534.24627 1.82232
2445545.14925 1.32307
2445730.50000 7.10686
2445741.40299 4.11809
2445752.30597 3.10620
2445763.20896 6.62667
2445774.11194 7.02686
2445785.01493 3.21021
2445795.91791 3.07571
2445806.82090 6.89672
2445817.72388 7.11453
2445828.62687 3.97949
2445839.52985 4.03185
2445850.43284 7.05240
2445861.33582 8.49915
2445872.23881 3.68937
2445883.14179 5.58298
2445894.04478 9.01286
2445904.94776 6.54361
2446101.20149 10.18095
2446112.10448 7.86188
2446123.00746 6.48749
2446133.91045 7.96791
2446144.81343 11.47698
2446155.71642 9.32907
2446166.61940 5.62349
2446177.52239 7.88036
2446188.42537 12.58708
2446199.32836 7.94139
2446210.23134 6.60479
2446221.13433 10.21387
2446232.03731 10.62043
2446242.94030 7.52587
2446253.84328 6.85812
2446264.74627 10.67639
2446275.64925 10.69462
2446461.00000 5.89890
2446471.90299 9.00858
2446482.80597 9.87622
2446493.70896 7.69381
2446504.61194 5.93107
2446515.51493 8.68941
2446526.41791 9.98022
2446537.32090 6.74074
2446548.22388 5.64741
2446559.12687 7.86709
2446570.02985 10.54587
2446580.93284 6.37097
2446591.83582 6.21216
2446602.73881 9.85949
2446613.64179 8.41990
2446624.54478 5.62539
2446635.44776 5.35788
2446831.70149 3.70915
2446842.60448 3.12462
2446853.50746 6.30849
2446864.41045 5.63327
2446875.31343 2.58500
2446886.21642 3.56453
2446897.11940 7.33913
2446908.02239 5.01079
2446918.92537 2.14080
2446929.82836 4.07253
2446940.73134 7.25773
2446951.63433 3.73029
2446962.53731 1.63352
2446973.44030 4.68884
2446984.34328 6.53761
2446995.24627 2.85341
2447006.14925 1.55231
2447191.50000 5.55415
2447202.40299 3.55047
2447213.30597 0.16898
2447224.20896 2.54560
2447235.11194 5.47482
2447246.01493 2.21144
2447256.91791 0.21611
2447267.82090 3.02149
2447278.72388 5.35174
2447289.62687 1.35778
2447300.52985 0.59745
2447311.43284 4.13874
2447322.33582 5.03694
2447333.23881 1.07577
2447344.14179 0.97353
2447355.04478 5.02380
2447365.94776 4.38786
2447562.20149 5.78093
2447573.10448 5.05576
2447584.00746 2.21926
2447594.91045 2.35569
2447605.81343 5.50386
2447616.71642 5.97154
2447627.61940 2.31258
2447638.52239 3.59799
2447649.42537 6.35917
2447660.32836 5.72823
2447671.23134 2.41473
2447682.13433 4.33948
2447693.03731 6.53894
2447703.94030 4.74194
2447714.84328 2.47424
2447725.74627 5.40189
2447736.64925 8.64406
2447922.00000 4.99626
2447932.90299 7.39457
2447943.80597 9.09031
2447954.70896 8.23253
2447965.61194 5.34288
2447976.51493 7.92704
2447987.41791 10.81512
2447998.32090 7.88098
2448009.22388 5.02250
2448020.12687 9.35185
2448031.02985 10.94252
2448041.93284 7.16085
2448052.83582 6.10378
2448063.73881 9.37716
2448074.64179 9.83517
2448085.54478 6.64501
2448096.44776 5.61823
2448292.70149 8.76263
2448303.60448 4.71188
2448314.50746 11.06211
2448325.41045 9.27269
2448336.31343 7.56658
2448347.21642 7.22270
2448358.11940 10.36307
2448369.02239 10.80449
2448379.92537 6.07302
2448390.82836 8.15312
2448401.73134 11.96818
2448412.63433 8.68530
2448423.53731 5.80600
2448434.44030 7.61965
2448445.34328 12.54075
2448456.24627 7.36376
2448467.14925 5.62257
2448652.50000 8.53610
2448663.40299 7.51438
2448674.30597 4.35053
2448685.20896 5.60729
2448696.11194 9.57004
2448707.01493 7.28717
2448717.91791 3.28240
2448728.82090 5.05969
2448739.72388 7.40549
2448750.62687 5.28732
2448761.52985 2.98730
2448772.43284 5.54119
2448783.33582 8.40429
2448794.23881 4.15177
2448805.14179 2.08125
2448816.04478 6.20785
2448826.94776 7.47247
2449023.20149 3.57030
2449034.10448 5.45005
2449045.00746 1.98272
2449055.91045 0.90528
2449066.81343 4.46005
2449077.71642 6.09813
2449088.61940 1.56948
2449099.52239 1.01433
2449110.42537 4.58697
2449121.32836 4.97857
2449132.23134 0.88192
2449143.13433 1.27582
2449154.03731 4.95489
2449164.94030 3.88453
2449175.84328 0.33486
2449186.74627 1.65404
2449197.64925 5.41201
2449383.00000 1.06359
2449393.90299 1.60223
2449404.80597 5.19788
2449415.70896 4.21583
2449426.61194 1.00101
2449437.51493 2.42977
2449448.41791 6.11373
2449459.32090 4.25360
2449470.22388 0.99384
2449481.12687 3.40685
2449492.02985 5.97450
2449502.93284 3.97898
2449513.83582 1.34171
2449524.73881 3.77228
2449535.64179 7.24806
2449546.54478 3.70322
2449557.44776 1.70529
2449753.70149 6.20571
2449764.60448 2.99711
2449775.50746 6.16784
2449786.41045 9.92146
2449797.31343 4.96430
2449808.21642 4.53557
2449819.11940 7.40593
2449830.02239 10.36083
2449840.92537 4.69288
2449851.82836 5.12999
2449862.73134 9.59136
2449873.63433 8.16876
2449884.53731 4.98842
2449895.44030 6.16829
2449906.34328 8.23296
2449917.24627 8.52822
2449928.14925 4.98168
2450113.50000 9.26653
2450124.40299 11.79751
2450135.30597 7.65819
2450146.20896 7.63369
2450157.11194 9.51753
2450168.01493 9.91623
2450178.91791 6.87949
2450189.82090 7.66552
2450200.72388 12.91568
2450211.62687 10.95036
2450222.52985 6.06621
2450233.43284 8.62077
2450244.33582 10.38838
2450255.23881 8.02383
2450266.14179 6.38585
2450277.04478 8.45681
2450287.94776 9.42384
2450484.20149 7.93636
2450495.10448 9.21309
2450506.00746 6.72375
2450516.91045 4.89753
2450527.81343 6.47851
2450538.71642 10.68603
2450549.61940 5.93689
2450560.52239 4.75200
2450571.42537 6.94338
2450582.32836 7.80555
2450593.23134 5.39996
2450604.13433 4.01806
2450615.03731 7.00719
2450625.94030 8.04386
2450636.84328 4.43423
2450647.74627 5.09982
2450658.64925 9.34696
2450844.00000 3.13806
2450854.90299 2.16927
2450865.80597 5.52262
2450876.70896 5.68563
2450887.61194 2.26435
2450898.51493 2.17408
2450909.41791 6.36184
2450920.32090 4.45228
2450931.22388 1.48821
2450942.12687 2.33616
2450953.02985 6.66824
2450963.93284 3.74234
2450974.83582 0.87479
2450985.73881 2.75868
2450996.64179 4.92367
2451007.54478 2.99921
2451018.44776 0.42163
2451214.70149 3.81667
2451225.60448 0.19368
2451236.50746 2.03135
2451247.41045 5.07613
2451258.31343 2.47599
2451269.21642 0.19124
2451280.11940 2.32773
2451291.02239 4.98283
2451301.92537 2.35649
2451312.82836 0.35131
2451323.73134 3.45828
2451334.63433 5.19346
2451345.53731 1.51228
2451356.44030 0.86479
2451367.34328 4.44067
2451378.24627 5.28288
2451389.14925 1.50597
2451574.50000 4.99115
2451585.40299 7.27162
2451596.30597 3.66264
2451607.20896 2.41173
2451618.11194 6.20758
2451629.01493 5.92409
2451639.91791 4.17094
2451650.82090 4.05137
2451661.72388 8.68957
2451672.62687 7.51042
2451683.52985 3.48496
2451694.43284 4.81040
2451705.33582 8.17565
2451716.23881 6.47749
2451727.14179 3.84229
2451738.04478 6.66457
2451748.94776 7.83331
2451945.20149 6.33259
2451956.10448 10.71936
2451967.00746 8.75647
2451977.91045 5.10510
2451988.81343 8.62253
2451999.71642 10.30117
2452010.61940 7.72024
2452021.52239 7.19941
2452032.42537 8.77920
2452043.32836 10.17304
2452054.23134 7.85945
2452065.13433 5.44578
2452076.03731 11.09962
2452086.94030 7.00277
2452097.84328 7.17103
2452108.74627 6.42177
2452119.64925 11.66611
2452305.00000 7.21045
2452315.90299 6.66141
2452326.80597 8.78337
2452337.70896 10.43029
2452348.61194 6.31984
2452359.51493 5.94300
2452370.41791 9.46316
2452381.32090 10.16626
2452392.22388 6.66164
2452403.12687 5.63632
2452414.02985 9.67628
2452424.93284 9.49015
2452435.83582 5.51430
2452446.73881 6.96385
2452457.64179 11.32751
2452468.54478 8.73957
2452479.44776 4.94892
2452675.70149 6.78167
2452686.60448 2.77084
2452697.50746 3.90054
2452708.41045 8.35403
2452719.31343 4.57267
2452730.21642 3.25968
2452741.11940 4.53956
2452752.02239 7.73835
2452762.92537 4.90711
2452773.82836 2.03758
2452784.73134 4.35525
2452795.63433 6.86273
2452806.53731 3.28871
2452817.44030 1.87298
2452828.34328 4.99539
2452839.24627 6.50099
2452850.14925 3.21524
2453035.50000 2.70748
2453046.40299 6.03351
2453057.30597 2.45820
2453068.20896 0.14295
2453079.11194 3.44053
2453090.01493 5.35686
2453100.91791 1.71721
2453111.82090 0.24290
2453122.72388 3.56444
2453133.62687 4.98113
2453144.52985 1.16330
2453155.43284 0.72809
2453166.33582 3.99113
2453177.23881 4.35160
2453188.14179 0.57565
2453199.04478 1.18958
2453209.94776 3.80610
2453406.20149 1.74025
2453417.10448 5.92898
2453428.00746 5.70923
2453438.91045 2.01403
2453449.81343 2.33622
2453460.71642 6.65685
2453471.61940 5.56615
2453482.52239 1.93486
2453493.42537 3.80105
2453504.32836 7.29647
2453515.23134 4.97373
2453526.13433 2.41258
2453537.03731 4.87969
2453547.94030 5.77876
2453558.84328 4.18352
2453569.74627 2.17083
2453580.64925 5.75719
2453766.00000 8.41883
2453776.90299 4.05648
2453787.80597 5.44514
2453798.70896 9.94620
2453809.61194 8.30053
2453820.51493 5.33961
2453831.41791 7.74541
2453842.32090 10.38079
2453853.22388 7.76597
2453864.12687 5.88299
2453875.02985 10.25671
2453885.93284 9.05583
2453896.83582 8.21771
2453907.73881 5.99732
2453918.64179 9.06991
2453929.54478 9.04914
2453940.44776 6.43278
2454136.70149 11.46031
2454147.60448 7.59454
2454158.50746 5.86467
2454169.41045 10.95861
2454180.31343 10.89479
2454191.21642 6.61820
2454202.11940 7.49517
2454213.02239 8.66220
2454223.92537 9.74923
2454234.82836 6.88255
2454245.73134 6.76299
2454256.63433 10.12620
2454267.53731 9.18625
2454278.44030 6.58392
2454289.34328 7.12018
2454300.24627 10.84259
2454311.14925 9.29861
2454496.50000 7.01184
2454507.40299 10.60740
2454518.30597 8.52576
2454529.20896 4.45086
2454540.11194 6.07884
2454551.01493 9.57638
2454561.91791 7.06349
2454572.82090 3.26829
2454583.72388 5.66520
2454594.62687 7.63108
2454605.52985 5.07090
2454616.43284 3.02046
2454627.33582 6.02424
2454638.23881 7.63589
2454649.14179 3.48031
2454660.04478 2.97095
2454670.94776 6.02030
2454867.20149 1.01130
2454878.10448 4.44558
2454889.00746 6.34573
2454899.91045 2.12563
2454910.81343 0.94837
2454921.71642 4.29220
2454932.61940 4.55237
2454943.52239 1.21193
2454954.42537 1.04909
2454965.32836 4.51571
2454976.23134 4.28365
2454987.13433 0.52306
2454998.03731 1.57893
2455008.94030 4.67617
2455019.84328 2.88251
2455030.74627 0.14687
2455041.64925 2.11884
2455227.00000 3.73188
2455237.90299 0.71600
2455248.80597 1.76486
2455259.70896 5.78332
2455270.61194 3.73837
2455281.51493 0.70154
2455292.41791 2.34328
2455303.32090 5.72075
2455314.22388 3.47537
2455325.12687 0.94828
2455336.02985 3.14630
2455346.93284 5.14831
2455357.83582 3.25963
2455368.73881 1.35193
2455379.64179 4.11611
2455390.54478 6.22693
2455401.44776 3.14290
2455597.70149 9.23814
2455608.60448 6.03849
2455619.50746 3.50892
2455630.41045 7.07237
2455641.31343 9.51239
2455652.21642 4.64503
2455663.11940 4.32181
2455674.02239 7.73601
2455684.92537 8.10795
2455695.82836 5.01403
2455706.73134 6.26134
2455717.63433 9.00503
2455728.53731 7.52286
2455739.44030 4.07657
2455750.34328 6.68014
2455761.24627 9.30421
2455772.14925 8.38126
2455957.50000 6.45519
