2445000.00000 -5.00071
2445010.90299 -4.04322
2445021.80597 0.86928
2445032.70896 -2.06698
2445043.61194 -5.59959
2445054.51493 -1.25610
2445065.41791 -0.02654
2445076.32090 -5.03728
2445087.22388 -4.00744
2445098.12687 0.24249
2445109.02985 -2.68755
2445119.93284 -5.97315
2445130.83582 -1.70948
2445141.73881 -0.59505
2445152.64179 -4.79229
2445163.54478 -4.30818
2445174.44776 -0.29053
2445370.70149 -2.25807
2445381.60448 -7.77779
2445392.50746 -6.17362
2445403.41045 -1.89803
2445414.31343 -4.43833
2445425.21642 -6.67188
2445436.11940 -3.52612
2445447.02239 -2.44924
2445457.92537 -6.48852
2445468.82836 -6.66772
2445479.73134 -2.02181
2445490.63433 -5.33312
2445501.53731 -7.17978
2445512.44030 -3.22345
2445523.34328 -3.10327
2445534.24627 -8.19129
2445545.14925 -6.43566
2445730.50000 -8.48457
2445741.40299 -3.89080
2445752.30597 -3.73963
2445763.20896 -8.39862
2445774.11194 -7.78287
2445785.01493 -2.68933
2445795.91791 -7.14745
2445806.82090 -9.57594
2445817.72388 -4.01509
2445828.62687 -3.72705
2445839.52985 -10.20312
2445850.43284 -7.87424
2445861.33582 -2.42420
2445872.23881 -6.46949
2445883.14179 -8.28300
2445894.04478 -4.32506
2445904.94776 -3.30951
2446101.20149 -5.78597
2446112.10448 -7.11413
2446123.00746 -3.37075
2446133.91045 -2.62754
2446144.81343 -8.37778
2446155.71642 -5.27084
2446166.61940 -1.56664
2446177.52239 -5.03720
2446188.42537 -8.09911
2446199.32836 -3.15320
2446210.23134 -2.54631
2446221.13433 -8.91549
2446232.03731 -6.10753
2446242.94030 -1.16976
2446253.84328 -4.79901
2446264.74627 -6.87367
2446275.64925 -2.54453
2446461.00000 -3.48558
2446471.90299 0.36191
2446482.80597 -3.25535
2446493.70896 -5.56096
2446504.61194 -0.39999
2446515.51493 -0.60734
2446526.41791 -5.36710
2446537.32090 -2.71902
2446548.22388 0.93919
2446559.12687 -3.16687
2446570.02985 -4.57481
2446580.93284 0.25300
2446591.83582 0.05130
2446602.73881 -4.38177
2446613.64179 -2.10244
2446624.54478 1.66710
2446635.44776 -2.27801
2446831.70149 -2.58325
2446842.60448 0.23163
2446853.50746 3.31305
2446864.41045 -0.34796
2446875.31343 -1.62090
2446886.21642 3.38975
2446897.11940 2.66019
2446908.02239 -1.87926
2446918.92537 0.81792
2446929.82836 4.54234
2446940.73134 0.36649
2446951.63433 -1.12715
2446962.53731 3.83195
2446973.44030 3.37298
2446984.34328 -1.27771
2446995.24627 1.62291
2447006.14925 4.52661
2447191.50000 5.84400
2447202.40299 5.48711
2447213.30597 0.63903
2447224.20896 3.52874
2447235.11194 7.00795
2447246.01493 2.24956
2447256.91791 1.66686
2447267.82090 7.04794
2447278.72388 5.47032
2447289.62687 1.17941
2447300.52985 4.34239
2447311.43284 7.23638
2447322.33582 3.08320
2447333.23881 1.77097
2447344.14179 6.73508
2447355.04478 5.78648
2447365.94776 1.61777
2447562.20149 3.04537
2447573.10448 7.78262
2447584.00746 6.03727
2447594.91045 2.79562
2447605.81343 6.29233
2447616.71642 8.54885
2447627.61940 4.44098
2447638.52239 3.51378
2447649.42537 8.53548
2447660.32836 8.03442
2447671.23134 2.04436
2447682.13433 6.32771
2447693.03731 7.85791
2447703.94030 3.95677
2447714.84328 3.55981
2447725.74627 7.62025
2447736.64925 6.62031
2447922.00000 6.26023
2447932.90299 4.33274
2447943.80597 3.78448
2447954.70896 7.54228
2447965.61194 6.43140
2447976.51493 2.74848
2447987.41791 6.13265
2447998.32090 9.81457
2448009.22388 4.27539
2448020.12687 2.71305
2448031.02985 8.27886
2448041.93284 5.74653
2448052.83582 2.42600
2448063.73881 5.89866
2448074.64179 7.20399
2448085.54478 3.44985
2448096.44776 2.42641
2448292.70149 4.58627
2448303.60448 6.33065
2448314.50746 1.99414
2448325.41045 1.92365
2448336.31343 6.35451
2448347.21642 3.98889
2448358.11940 0.45172
2448369.02239 4.18672
2448379.92537 6.92187
2448390.82836 1.35811
2448401.73134 1.24514
2448412.63433 6.93026
2448423.53731 3.44065
2448434.44030 -0.05242
2448445.34328 4.11747
2448456.24627 5.99015
2448467.14925 0.67145
2448652.50000 1.97004
2448663.40299 -1.92713
2448674.30597 2.15863
2448685.20896 3.93260
2448696.11194 -1.06504
2448707.01493 -1.11614
2448717.91791 3.34444
2448728.82090 1.01633
2448739.72388 -3.25081
2448750.62687 1.20154
2448761.52985 3.33558
2448772.43284 -2.17331
2448783.33582 -1.86859
2448794.23881 3.10719
2448805.14179 0.24694
2448816.04478 -3.72692
2448826.94776 0.58746
2449023.20149 0.96461
2449034.10448 -1.80067
2449045.00746 -5.64638
2449055.91045 -1.44810
2449066.81343 0.08906
2449077.71642 -5.19557
2449088.61940 -4.13688
2449099.52239 0.22023
2449110.42537 -2.90277
2449121.32836 -5.84268
2449132.23134 -1.76578
2449143.13433 -0.52144
2449154.03731 -6.28905
2449164.94030 -5.69921
2449175.84328 -0.36932
2449186.74627 -3.54274
2449197.64925 -6.74449
2449383.00000 -8.03234
2449393.90299 -5.91864
2449404.80597 -1.53219
2449415.70896 -5.23203
2449426.61194 -8.54634
2449437.51493 -3.45840
2449448.41791 -3.18735
2449459.32090 -8.92415
2449470.22388 -7.14616
2449481.12687 -2.40374
2449492.02985 -4.73815
2449502.93284 -8.61901
2449513.83582 -4.76087
2449524.73881 -2.67334
2449535.64179 -6.66612
2449546.54478 -6.88709
2449557.44776 -2.68299
2449753.70149 -4.16887
2449764.60448 -9.78090
2449775.50746 -6.20934
2449786.41045 -3.26179
2449797.31343 -6.64605
2449808.21642 -10.33021
2449819.11940 -4.93050
2449830.02239 -3.87355
2449840.92537 -10.05409
2449851.82836 -6.46762
2449862.73134 -2.80981
2449873.63433 -6.13988
2449884.53731 -8.56835
2449895.44030 -4.80303
2449906.34328 -3.41023
2449917.24627 -9.45315
2449928.14925 -8.10771
2450113.50000 -8.52501
2450124.40299 -3.07996
2450135.30597 -3.35706
2450146.20896 -9.02832
2450157.11194 -5.10240
2450168.01493 -1.96349
2450178.91791 -5.10048
2450189.82090 -6.70493
2450200.72388 -3.32971
2450211.62687 -2.40795
2450222.52985 -5.66920
2450233.43284 -5.64414
2450244.33582 -1.11809
2450255.23881 -4.94421
2450266.14179 -7.27199
2450277.04478 -2.06826
2450287.94776 -2.41518
2450484.20149 -3.27491
2450495.10448 -5.15984
2450506.00746 -0.62840
2450516.91045 -0.45938
2450527.81343 -6.18766
2450538.71642 -3.57800
2450549.61940 0.99391
2450560.52239 -3.45234
2450571.42537 -4.66427
2450582.32836 0.11540
2450593.23134 0.13285
2450604.13433 -5.84185
2450615.03731 -2.25020
2450625.94030 1.61705
2450636.84328 -2.31442
2450647.74627 -4.06420
2450658.64925 0.93370
2450844.00000 0.04256
2450854.90299 3.84869
2450865.80597 -0.26261
2450876.70896 -2.09711
2450887.61194 3.37162
2450898.51493 2.44049
2450909.41791 -1.91982
2450920.32090 0.88815
2450931.22388 4.24288
2450942.12687 0.47848
2450953.02985 -1.28979
2450963.93284 3.98555
2450974.83582 3.15063
2450985.73881 -1.30261
2450996.64179 1.36872
2451007.54478 4.45248
2451018.44776 1.07898
2451214.70149 0.71800
2451225.60448 4.10200
2451236.50746 6.49932
2451247.41045 3.02950
2451258.31343 1.20964
2451269.21642 7.60973
2451280.11940 5.21674
2451291.02239 1.20887
2451301.92537 3.98909
2451312.82836 7.84899
2451323.73134 3.25616
2451334.63433 1.81076
2451345.53731 7.93610
2451356.44030 5.81313
2451367.34328 1.97007
2451378.24627 4.97111
2451389.14925 7.19054
2451574.50000 8.20792
2451585.40299 6.81307
2451596.30597 2.44809
2451607.20896 4.78100
2451618.11194 9.90801
2451629.01493 4.00562
2451639.91791 3.58939
2451650.82090 8.40301
2451661.72388 7.07158
2451672.62687 1.92729
2451683.52985 6.79597
2451694.43284 9.74689
2451705.33582 5.06397
2451716.23881 3.89725
2451727.14179 8.85483
2451738.04478 6.70911
2451748.94776 3.07686
2451945.20149 3.05731
2451956.10448 9.14011
2451967.00746 7.16464
2451977.91045 2.39757
2451988.81343 6.64098
2451999.71642 7.39334
2452010.61940 4.44915
2452021.52239 2.99671
2452032.42537 8.60005
2452043.32836 6.85810
2452054.23134 2.50056
2452065.13433 7.33502
2452076.03731 8.51927
2452086.94030 3.64466
2452097.84328 2.77435
2452108.74627 6.88338
2452119.64925 6.30037
2452305.00000 7.40321
2452315.90299 2.25538
2452326.80597 2.02877
2452337.70896 7.09907
2452348.61194 5.47605
2452359.51493 0.51882
2452370.41791 4.94329
2452381.32090 6.40507
2452392.22388 1.66277
2452403.12687 1.47944
2452414.02985 6.21401
2452424.93284 4.43958
2452435.83582 -0.01208
2452446.73881 3.88496
2452457.64179 5.45603
2452468.54478 0.96465
2452479.44776 0.78081
2452675.70149 1.95289
2452686.60448 4.34151
2452697.50746 -1.15111
2452708.41045 -1.17945
2452719.31343 3.55172
2452730.21642 1.30438
2452741.11940 -2.95506
2452752.02239 1.22822
2452762.92537 3.24556
2452773.82836 -1.94087
2452784.73134 -1.67634
2452795.63433 2.73226
2452806.53731 0.35608
2452817.44030 -3.74459
2452828.34328 0.55489
2452839.24627 2.48958
2452850.14925 -2.48121
2453035.50000 -2.04159
2453046.40299 -5.10368
2453057.30597 -1.40169
2453068.20896 0.18210
2453079.11194 -5.33177
2453090.01493 -3.65578
2453100.91791 0.26009
2453111.82090 -3.04957
2453122.72388 -5.61629
2453133.62687 -1.90957
2453144.52985 -0.39311
2453155.43284 -6.00843
2453166.33582 -5.52109
2453177.23881 -0.40439
2453188.14179 -3.45920
2453199.04478 -7.25759
2453209.94776 -2.14747
2453406.20149 -1.98669
2453417.10448 -4.63466
2453428.00746 -9.14566
2453438.91045 -3.60172
2453449.81343 -3.11684
2453460.71642 -7.65445
2453471.61940 -7.16057
2453482.52239 -2.15492
2453493.42537 -5.70484
2453504.32836 -8.20768
2453515.23134 -4.44870
2453526.13433 -3.23593
2453537.03731 -7.04375
2453547.94030 -6.89324
2453558.84328 -2.79665
2453569.74627 -5.30704
2453580.64925 -9.10009
2453766.00000 -9.21606
2453776.90299 -8.15604
2453787.80597 -3.10992
2453798.70896 -6.28543
2453809.61194 -9.54376
2453820.51493 -5.10389
2453831.41791 -3.82694
2453842.32090 -8.00596
2453853.22388 -7.01561
2453864.12687 -2.67380
2453875.02985 -7.27492
2453885.93284 -9.13831
2453896.83582 -4.49920
2453907.73881 -2.64273
2453918.64179 -8.48097
2453929.54478 -7.62067
2453940.44776 -2.50202
2454136.70149 -2.32595
2454147.60448 -7.04160
2454158.50746 -6.13527
2454169.41045 -1.75982
2454180.31343 -5.97499
2454191.21642 -7.96395
2454202.11940 -3.50018
2454213.02239 -2.65817
2454223.92537 -8.04556
2454234.82836 -5.78679
2454245.73134 -1.38602
2454256.63433 -5.32350
2454267.53731 -7.11559
2454278.44030 -2.48277
2454289.34328 -1.88847
2454300.24627 -6.94548
2454311.14925 -4.79693
2454496.50000 -4.62279
2454507.40299 -0.70903
2454518.30597 -0.32830
2454529.20896 -5.66903
2454540.11194 -3.18142
2454551.01493 1.19101
2454561.91791 -2.85939
2454572.82090 -6.02385
2454583.72388 -0.01724
2454594.62687 0.18729
2454605.52985 -4.21359
2454616.43284 -2.59980
2454627.33582 1.66720
2454638.23881 -2.33756
2454649.14179 -4.13600
2454660.04478 0.71056
2454670.94776 0.88687
2454867.20149 -0.16165
2454878.10448 -1.98289
2454889.00746 2.76123
2454899.91045 3.48102
2454910.81343 -1.94042
2454921.71642 0.60242
2454932.61940 3.88521
2454943.52239 0.52715
2454954.42537 -1.31219
2454965.32836 3.75791
2454976.23134 3.10118
2454987.13433 -1.17885
2454998.03731 1.41854
2455008.94030 5.15287
2455019.84328 1.17834
2455030.74627 -0.64256
2455041.64925 4.43536
2455227.00000 3.89472
2455237.90299 6.29832
2455248.80597 3.18280
2455259.70896 1.12669
2455270.61194 6.00187
2455281.51493 6.30806
2455292.41791 1.27646
2455303.32090 3.34115
2455314.22388 7.31706
2455325.12687 3.27815
2455336.02985 1.93721
2455346.93284 7.08591
2455357.83582 6.95407
2455368.73881 1.82853
2455379.64179 4.74842
2455390.54478 8.74598
2455401.44776 3.61882
2455597.70149 2.76220
2455608.60448 6.03234
2455619.50746 7.09649
2455630.41045 4.87027
2455641.31343 3.24002
2455652.21642 8.24393
2455663.11940 7.96064
2455674.02239 2.38957
2455684.92537 5.90421
2455695.82836 8.59329
2455706.73134 5.12001
2455717.63433 3.52571
2455728.53731 7.75660
2455739.44030 8.39634
2455750.34328 2.57175
2455761.24627 6.85738
2455772.14925 9.41704
2455957.50000 7.22649
