2445000.00000 190.11066
2445010.90299 159.21682
2445021.80597 125.66608
2445032.70896 163.87436
2445043.61194 190.85105
2445054.51493 140.15069
2445065.41791 124.77563
2445076.32090 205.12008
2445087.22388 211.79592
2445098.12687 116.86522
2445109.02985 103.09451
2445119.93284 184.95548
2445130.83582 162.31278
2445141.73881 116.28285
2445152.64179 135.92802
2445163.54478 206.10966
2445174.44776 131.24728
2445370.70149 111.48105
2445381.60448 89.97791
2445392.50746 127.09548
2445403.41045 141.42929
2445414.31343 78.98941
2445425.21642 115.69094
2445436.11940 165.34396
2445447.02239 103.68439
2445457.92537 84.60577
2445468.82836 138.18254
2445479.73134 130.40272
2445490.63433 81.16255
2445501.53731 88.15884
2445512.44030 145.36626
2445523.34328 144.15290
2445534.24627 65.09455
2445545.14925 100.43414
2445730.50000 39.32781
2445741.40299 87.47268
2445752.30597 119.52123
2445763.20896 57.57250
2445774.11194 39.53758
2445785.01493 98.49165
2445795.91791 97.50297
2445806.82090 37.93090
2445817.72388 59.88716
2445828.62687 106.93578
2445839.52985 66.50872
2445850.43284 27.41378
2445861.33582 72.16526
2445872.23881 91.81757
2445883.14179 35.93591
2445894.04478 29.05483
2445904.94776 93.43323
2446101.20149 70.43371
2446112.10448 64.73734
2446123.00746 4.86863
2446133.91045 39.48502
2446144.81343 76.39879
2446155.71642 38.62491
2446166.61940 4.07778
2446177.52239 63.64216
2446188.42537 72.29476
2446199.32836 13.05745
2446210.23134 20.68646
2446221.13433 83.54383
2446232.03731 54.95386
2446242.94030 0.02723
2446253.84328 46.28398
2446264.74627 65.68815
2446275.64925 21.58864
2446461.00000 91.43892
2446471.90299 34.48574
2446482.80597 13.17084
2446493.70896 84.84254
2446504.61194 73.18357
2446515.51493 18.15074
2446526.41791 30.86956
2446537.32090 101.13658
2446548.22388 53.32167
2446559.12687 13.43301
2446570.02985 76.93596
2446580.93284 89.43384
2446591.83582 31.76491
2446602.73881 27.52246
2446613.64179 92.11955
2446624.54478 71.17365
2446635.44776 22.68360
2446831.70149 48.20092
2446842.60448 85.19202
2446853.50746 123.37044
2446864.41045 74.61939
2446875.31343 46.26853
2446886.21642 107.18426
2446897.11940 128.74876
2446908.02239 71.26276
2446918.92537 80.80432
2446929.82836 139.42837
2446940.73134 79.60578
2446951.63433 63.15061
2446962.53731 113.24366
2446973.44030 148.96431
2446984.34328 82.88905
2446995.24627 71.40963
2447006.14925 122.42271
2447191.50000 87.90570
2447202.40299 153.93722
2447213.30597 162.54329
2447224.20896 91.72445
2447235.11194 110.58747
2447246.01493 176.91579
2447256.91791 141.98521
2447267.82090 108.83161
2447278.72388 157.07655
2447289.62687 179.30380
2447300.52985 98.25150
2447311.43284 121.36841
2447322.33582 186.85438
2447333.23881 160.30209
2447344.14179 95.93029
2447355.04478 138.79879
2447365.94776 184.81376
2447562.20149 201.76245
2447573.10448 167.23686
2447584.00746 109.40135
2447594.91045 226.19676
2447605.81343 171.29887
2447616.71642 138.94729
2447627.61940 159.16832
2447638.52239 214.17072
2447649.42537 160.94167
2447660.32836 146.69923
2447671.23134 177.84467
2447682.13433 167.42059
2447693.03731 133.20977
2447703.94030 131.21883
2447714.84328 248.24688
2447725.74627 190.47215
2447736.64925 149.65783
2447922.00000 162.11240
2447932.90299 127.00378
2447943.80597 165.39369
2447954.70896 181.04693
2447965.61194 176.01038
2447976.51493 99.36868
2447987.41791 171.20034
2447998.32090 218.07237
2448009.22388 136.88463
2448020.12687 101.28364
2448031.02985 178.26396
2448041.93284 171.82892
2448052.83582 103.12397
2448063.73881 137.10868
2448074.64179 186.95328
2448085.54478 139.08199
2448096.44776 94.53455
2448292.70149 77.92406
2448303.60448 141.28053
2448314.50746 136.88208
2448325.41045 95.62506
2448336.31343 96.45846
2448347.21642 169.32228
2448358.11940 107.43223
2448369.02239 83.78484
2448379.92537 119.50829
2448390.82836 154.80646
2448401.73134 81.93422
2448412.63433 80.70305
2448423.53731 141.67085
2448434.44030 127.85669
2448445.34328 62.95241
2448456.24627 80.22646
2448467.14925 138.79513
2448652.50000 71.31165
2448663.40299 134.70780
2448674.30597 77.87927
2448685.20896 26.93249
2448696.11194 89.48867
2448707.01493 99.22522
2448717.91791 34.68731
2448728.82090 45.66466
2448739.72388 96.55558
2448750.62687 81.89430
2448761.52985 22.89794
2448772.43284 58.38912
2448783.33582 101.19922
2448794.23881 42.94539
2448805.14179 24.19339
2448816.04478 80.70627
2448826.94776 53.49728
2449023.20149 72.97522
2449034.10448 9.59704
2449045.00746 30.23910
2449055.91045 80.31513
2449066.81343 43.81602
2449077.71642 2.79777
2449088.61940 60.02047
2449099.52239 78.64179
2449110.42537 17.13018
2449121.32836 12.32265
2449132.23134 78.07195
2449143.13433 54.87116
2449154.03731 2.19161
2449164.94030 42.15324
2449175.84328 88.62125
2449186.74627 30.93519
2449197.64925 4.14441
2449383.00000 46.56552
2449393.90299 8.60023
2449404.80597 69.10527
2449415.70896 90.98701
2449426.61194 18.47462
2449437.51493 35.12129
2449448.41791 93.68061
2449459.32090 66.29911
2449470.22388 13.97153
2449481.12687 63.10391
2449492.02985 79.13360
2449502.93284 42.08112
2449513.83582 27.75563
2449524.73881 82.58930
2449535.64179 83.73633
2449546.54478 26.00020
2449557.44776 43.89194
2449753.70149 74.08282
2449764.60448 130.97622
2449775.50746 99.61921
2449786.41045 47.73554
2449797.31343 105.29176
2449808.21642 143.59075
2449819.11940 53.98384
2449830.02239 66.26112
2449840.92537 136.46233
2449851.82836 95.90402
2449862.73134 64.03730
2449873.63433 141.56032
2449884.53731 127.85780
2449895.44030 87.49198
2449906.34328 62.69496
2449917.24627 131.49157
2449928.14925 125.11927
2450113.50000 145.10064
2450124.40299 177.57347
2450135.30597 84.34797
2450146.20896 126.12426
2450157.11194 167.62427
2450168.01493 147.03668
2450178.91791 101.74672
2450189.82090 154.79972
2450200.72388 187.80977
2450211.62687 147.03416
2450222.52985 107.74347
2450233.43284 190.07276
2450244.33582 181.37464
2450255.23881 112.18440
2450266.14179 125.99078
2450277.04478 173.42883
2450287.94776 126.36438
2450484.20149 171.87203
2450495.10448 130.30372
2450506.00746 173.53457
2450516.91045 199.86716
2450527.81343 108.02323
2450538.71642 117.50831
2450549.61940 172.60134
2450560.52239 197.04605
2450571.42537 124.97834
2450582.32836 159.65682
2450593.23134 193.55909
2450604.13433 157.71988
2450615.03731 128.15051
2450625.94030 202.84046
2450636.84328 199.28547
2450647.74627 126.26564
2450658.64925 142.94258
2450844.00000 127.09514
2450854.90299 164.84062
2450865.80597 167.71259
2450876.70896 174.46826
2450887.61194 122.64589
2450898.51493 173.03205
2450909.41791 204.30565
2450920.32090 110.26931
2450931.22388 125.73415
2450942.12687 175.81205
2450953.02985 175.90152
2450963.93284 119.78442
2450974.83582 176.23266
2450985.73881 192.46704
2450996.64179 161.59305
2451007.54478 96.33063
2451018.44776 189.12554
2451214.70149 148.02583
2451225.60448 177.15004
2451236.50746 83.48704
2451247.41045 103.67110
2451258.31343 135.34300
2451269.21642 126.06021
2451280.11940 82.83091
2451291.02239 106.31521
2451301.92537 136.76899
2451312.82836 77.39557
2451323.73134 74.06169
2451334.63433 136.25073
2451345.53731 129.10145
2451356.44030 69.33202
2451367.34328 93.02344
2451378.24627 130.27365
2451389.14925 106.76468
2451574.50000 120.00609
2451585.40299 76.41705
2451596.30597 31.12355
2451607.20896 90.75355
2451618.11194 109.62516
2451629.01493 49.23312
2451639.91791 39.97201
2451650.82090 103.24481
2451661.72388 82.78865
2451672.62687 30.65630
2451683.52985 62.24737
2451694.43284 105.73558
2451705.33582 45.04782
2451716.23881 22.03641
2451727.14179 77.55335
2451738.04478 93.09065
2451748.94776 26.36612
2451945.20149 17.17211
2451956.10448 20.74070
2451967.00746 83.35886
2451977.91045 60.23320
2451988.81343 3.30145
2451999.71642 41.14903
2452010.61940 75.03226
2452021.52239 24.47010
2452032.42537 9.12273
2452043.32836 80.46276
2452054.23134 76.04270
2452065.13433 6.37204
2452076.03731 28.58426
2452086.94030 71.17736
2452097.84328 45.47863
2452108.74627 3.08835
2452119.64925 57.55474
2452305.00000 10.39290
2452315.90299 70.28576
2452326.80597 83.05961
2452337.70896 24.05966
2452348.61194 22.97368
2452359.51493 82.58845
2452370.41791 75.73417
2452381.32090 17.52567
2452392.22388 50.73024
2452403.12687 102.77058
2452414.02985 51.08360
2452424.93284 20.87007
2452435.83582 77.25732
2452446.73881 98.65666
2452457.64179 28.20479
2452468.54478 50.88417
2452479.44776 105.76410
2452675.70149 118.81168
2452686.60448 113.09014
2452697.50746 38.84727
2452708.41045 86.04485
2452719.31343 151.03985
2452730.21642 85.45074
2452741.11940 65.18964
2452752.02239 105.35535
2452762.92537 119.32187
2452773.82836 71.62594
2452784.73134 87.28357
2452795.63433 144.50654
2452806.53731 104.56882
2452817.44030 59.61015
2452828.34328 117.92536
2452839.24627 161.09946
2452850.14925 70.34460
2453035.50000 159.46731
2453046.40299 110.70162
2453057.30597 100.58567
2453068.20896 158.56942
2453079.11194 171.08149
2453090.01493 103.19419
2453100.91791 161.46577
2453111.82090 218.79706
2453122.72388 122.41038
2453133.62687 112.12015
2453144.52985 171.82109
2453155.43284 165.92403
2453166.33582 109.94512
2453177.23881 115.84564
2453188.14179 201.52619
2453199.04478 130.76790
2453209.94776 105.55238
2453406.20149 111.76845
2453417.10448 187.33071
2453428.00746 190.30665
2453438.91045 149.16447
2453449.81343 119.20619
2453460.71642 195.70160
2453471.61940 220.61570
2453482.52239 166.85490
2453493.42537 142.74145
2453504.32836 189.70338
2453515.23134 146.47032
2453526.13433 160.57201
2453537.03731 168.18570
2453547.94030 169.46621
2453558.84328 119.05139
2453569.74627 161.62514
2453580.64925 245.90068
2453766.00000 135.35102
2453776.90299 165.87808
2453787.80597 174.09963
2453798.70896 109.60402
2453809.61194 152.13902
2453820.51493 165.08981
2453831.41791 148.99243
2453842.32090 117.44521
2453853.22388 173.11729
2453864.12687 190.37086
2453875.02985 109.98634
2453885.93284 160.09823
2453896.83582 215.47111
2453907.73881 163.84931
2453918.64179 97.53107
2453929.54478 157.94493
2453940.44776 179.20894
2454136.70149 171.58701
2454147.60448 92.76021
2454158.50746 91.93443
2454169.41045 156.97200
2454180.31343 135.37030
2454191.21642 63.52091
2454202.11940 90.85178
2454213.02239 164.20337
2454223.92537 104.83114
2454234.82836 95.51655
2454245.73134 102.96097
2454256.63433 117.07658
2454267.53731 88.26887
2454278.44030 76.70917
2454289.34328 136.46755
2454300.24627 128.79729
2454311.14925 61.81900
2454496.50000 75.76679
2454507.40299 37.34696
2454518.30597 77.61340
2454529.20896 114.53692
2454540.11194 62.76417
2454551.01493 37.80035
2454561.91791 88.71107
2454572.82090 83.89397
2454583.72388 32.82034
2454594.62687 48.55926
2454605.52985 94.18334
2454616.43284 52.89486
2454627.33582 27.01216
2454638.23881 72.35597
2454649.14179 109.73522
2454660.04478 33.42905
2454670.94776 27.19968
2454867.20149 15.91612
2454878.10448 67.10957
2454889.00746 68.81745
2454899.91045 8.58591
2454910.81343 44.39708
2454921.71642 70.13110
2454932.61940 37.98493
2454943.52239 6.44183
2454954.42537 54.79101
2454965.32836 72.07300
2454976.23134 16.42343
2454987.13433 23.65958
2454998.03731 80.96863
2455008.94030 48.26241
2455019.84328 4.55916
2455030.74627 48.22569
2455041.64925 81.96796
2455227.00000 59.32111
2455237.90299 94.74487
2455248.80597 31.55094
2455259.70896 19.61140
2455270.61194 62.36790
2455281.51493 93.45148
2455292.41791 21.90077
2455303.32090 44.12744
2455314.22388 107.78791
2455325.12687 60.11288
2455336.02985 23.22080
2455346.93284 77.06368
2455357.83582 89.49035
2455368.73881 38.13360
2455379.64179 38.43652
2455390.54478 102.02324
2455401.44776 80.49670
2455597.70149 97.16913
2455608.60448 58.25863
2455619.50746 68.29816
2455630.41045 132.01133
2455641.31343 99.83434
2455652.21642 66.29332
2455663.11940 119.75494
2455674.02239 134.51255
2455684.92537 70.04109
2455695.82836 95.07605
2455706.73134 151.16821
2455717.63433 100.31602
2455728.53731 68.21105
2455739.44030 107.20235
2455750.34328 145.53081
2455761.24627 96.83149
2455772.14925 80.52410
2455957.50000 133.57768
