2445000.00000 10.38672
2445010.90299 -2.72966
2445021.80597 12.87824
2445032.70896 9.15930
2445043.61194 -2.22119
2445054.51493 13.16342
2445065.41791 9.49315
2445076.32090 -1.73016
2445087.22388 14.74584
2445098.12687 12.79799
2445109.02985 -1.64046
2445119.93284 13.15254
2445130.83582 12.15133
2445141.73881 -1.06608
2445152.64179 13.04151
2445163.54478 15.09154
2445174.44776 -0.84490
2445370.70149 0.16216
2445381.60448 12.42146
2445392.50746 15.26448
2445403.41045 0.25875
2445414.31343 12.71220
2445425.21642 16.92453
2445436.11940 0.26838
2445447.02239 12.74901
2445457.92537 17.20275
2445468.82836 0.30032
2445479.73134 11.58036
2445490.63433 12.97050
2445501.53731 0.23594
2445512.44030 13.94353
2445523.34328 14.88129
2445534.24627 0.17520
2445545.14925 9.87890
2445730.50000 -0.97777
2445741.40299 7.68304
2445752.30597 16.24957
2445763.20896 -1.12551
2445774.11194 6.46910
2445785.01493 16.18117
2445795.91791 -1.42762
2445806.82090 5.40344
2445817.72388 14.10122
2445828.62687 -1.95115
2445839.52985 5.35207
2445850.43284 14.15183
2445861.33582 -2.32848
2445872.23881 4.21415
2445883.14179 12.48172
2445894.04478 -2.31488
2445904.94776 2.46988
2446101.20149 -3.51200
2446112.10448 10.13370
2446123.00746 -6.25631
2446133.91045 -4.55627
2446144.81343 8.34415
2446155.71642 -7.75345
2446166.61940 -5.47665
2446177.52239 9.95174
2446188.42537 -6.78900
2446199.32836 -6.93581
2446210.23134 9.30602
2446221.13433 -6.18967
2446232.03731 -7.24278
2446242.94030 8.29594
2446253.84328 -6.27115
2446264.74627 -9.28932
2446275.64925 8.94753
2446461.00000 -13.26085
2446471.90299 3.09553
2446482.80597 -9.31088
2446493.70896 -15.47161
2446504.61194 3.10485
2446515.51493 -11.41300
2446526.41791 -18.25226
2446537.32090 2.73598
2446548.22388 -9.88521
2446559.12687 -14.63278
2446570.02985 1.62963
2446580.93284 -11.02485
2446591.83582 -15.93282
2446602.73881 1.08701
2446613.64179 -10.62595
2446624.54478 -19.15626
2446635.44776 0.52965
2446831.70149 -1.97617
2446842.60448 -9.02107
2446853.50746 -17.97357
2446864.41045 -2.23889
2446875.31343 -7.95432
2446886.21642 -23.28964
2446897.11940 -2.15893
2446908.02239 -7.97743
2446918.92537 -18.34630
2446929.82836 -3.16696
2446940.73134 -8.73940
2446951.63433 -25.62322
2446962.53731 -3.42279
2446973.44030 -6.51873
2446984.34328 -17.93155
2446995.24627 -3.83306
2447006.14925 -7.71869
2447191.50000 -3.27352
2447202.40299 -4.33276
2447213.30597 -18.83636
2447224.20896 -3.07521
2447235.11194 -2.31812
2447246.01493 -17.98798
2447256.91791 -2.85440
2447267.82090 -1.75675
2447278.72388 -21.12272
2447289.62687 -2.83292
2447300.52985 -1.27449
2447311.43284 -18.65931
2447322.33582 -2.28876
2447333.23881 -0.26518
2447344.14179 -18.63623
2447355.04478 -2.49001
2447365.94776 0.58118
2447562.20149 6.24315
2447573.10448 -11.36177
2447584.00746 0.19705
2447594.91045 7.22789
2447605.81343 -13.51503
2447616.71642 0.56412
2447627.61940 9.15908
2447638.52239 -13.24128
2447649.42537 1.02866
2447660.32836 9.75792
2447671.23134 -10.91094
2447682.13433 1.15914
2447693.03731 12.06901
2447703.94030 -8.03390
2447714.84328 1.95142
2447725.74627 12.60791
2447736.64925 -7.58985
2447922.00000 16.43262
2447932.90299 -2.17914
2447943.80597 3.85646
2447954.70896 16.70030
2447965.61194 -1.32364
2447976.51493 3.88861
2447987.41791 17.90955
2447998.32090 -0.50717
2448009.22388 4.55725
2448020.12687 19.97945
2448031.02985 0.30350
2448041.93284 5.41889
2448052.83582 19.90809
2448063.73881 1.00422
2448074.64179 4.57272
2448085.54478 17.59015
2448096.44776 1.85872
2448292.70149 4.77240
2448303.60448 5.91919
2448314.50746 26.24510
2448325.41045 7.17754
2448336.31343 4.66144
2448347.21642 22.97786
2448358.11940 7.71350
2448369.02239 4.64083
2448379.92537 20.31584
2448390.82836 6.88151
2448401.73134 4.34484
2448412.63433 25.21690
2448423.53731 6.38265
2448434.44030 4.28425
2448445.34328 25.91296
2448456.24627 7.63990
2448467.14925 3.66633
2448652.50000 9.93013
2448663.40299 0.54721
2448674.30597 20.39863
2448685.20896 8.75055
2448696.11194 -0.01446
2448707.01493 20.06069
2448717.91791 9.33810
2448728.82090 -0.63008
2448739.72388 21.73503
2448750.62687 10.25928
2448761.52985 -1.52723
2448772.43284 17.95804
2448783.33582 9.17767
2448794.23881 -2.44867
2448805.14179 19.05671
2448816.04478 7.31410
2448826.94776 -3.34945
2449023.20149 -8.74772
2449034.10448 11.71864
2449045.00746 6.94674
2449055.91045 -9.18200
2449066.81343 11.09257
2449077.71642 6.53431
2449088.61940 -8.64718
2449099.52239 10.98086
2449110.42537 5.58098
2449121.32836 -11.76287
2449132.23134 8.86803
2449143.13433 5.61762
2449154.03731 -13.15186
2449164.94030 6.89774
2449175.84328 4.81834
2449186.74627 -12.12979
2449197.64925 6.01715
2449383.00000 -15.75149
2449393.90299 -0.75301
2449404.80597 1.52593
2449415.70896 -19.56736
2449426.61194 -2.14257
2449437.51493 1.24041
2449448.41791 -17.72652
2449459.32090 -2.95188
2449470.22388 0.89191
2449481.12687 -14.11064
2449492.02985 -3.64659
2449502.93284 0.48202
2449513.83582 -20.23999
2449524.73881 -4.69059
2449535.64179 0.16863
2449546.54478 -21.81558
2449557.44776 -5.96101
2449753.70149 -10.58105
2449764.60448 -0.99610
2449775.50746 -26.11067
2449786.41045 -10.52537
2449797.31343 -1.22869
2449808.21642 -28.90179
2449819.11940 -13.71054
2449830.02239 -1.39542
2449840.92537 -23.01595
2449851.82836 -14.69512
2449862.73134 -1.15032
2449873.63433 -23.24610
2449884.53731 -13.23796
2449895.44030 -1.17816
2449906.34328 -29.28497
2449917.24627 -13.00429
2449928.14925 -0.90379
2450113.50000 -15.24507
2450124.40299 0.80392
2450135.30597 -17.61690
2450146.20896 -16.12544
2450157.11194 1.19908
2450168.01493 -22.19390
2450178.91791 -14.88962
2450189.82090 1.26071
2450200.72388 -16.94187
2450211.62687 -16.14489
2450222.52985 2.50418
2450233.43284 -18.08783
2450244.33582 -12.39691
2450255.23881 2.72621
2450266.14179 -12.97752
2450277.04478 -12.96339
2450287.94776 3.69724
2450484.20149 6.51373
2450495.10448 -8.13028
2450506.00746 -13.49387
2450516.91045 8.21550
2450527.81343 -8.48662
2450538.71642 -14.11486
2450549.61940 8.68527
2450560.52239 -5.30345
2450571.42537 -11.67555
2450582.32836 8.58523
2450593.23134 -4.91128
2450604.13433 -10.68106
2450615.03731 12.19823
2450625.94030 -4.23225
2450636.84328 -11.66990
2450647.74627 11.13420
2450658.64925 -2.33161
2450844.00000 14.21010
2450854.90299 4.61063
2450865.80597 -4.86784
2450876.70896 17.40946
2450887.61194 7.09560
2450898.51493 -6.11490
2450909.41791 17.55780
2450920.32090 8.44091
2450931.22388 -4.85338
2450942.12687 17.57139
2450953.02985 10.88045
2450963.93284 -5.34071
2450974.83582 14.52143
2450985.73881 11.41970
2450996.64179 -4.11599
2451007.54478 17.11550
2451018.44776 11.42766
2451214.70149 15.02158
2451225.60448 -0.95068
2451236.50746 19.49705
2451247.41045 16.28908
2451258.31343 -0.85444
2451269.21642 17.99282
2451280.11940 19.38387
2451291.02239 -0.54308
2451301.92537 18.03323
2451312.82836 20.67324
2451323.73134 -0.35121
2451334.63433 18.85515
2451345.53731 18.76252
2451356.44030 -0.14197
2451367.34328 20.65488
2451378.24627 17.50460
2451389.14925 -0.02434
2451574.50000 20.83547
2451585.40299 -0.14715
2451596.30597 14.35045
2451607.20896 22.95822
2451618.11194 -0.34582
2451629.01493 14.85526
2451639.91791 20.41858
2451650.82090 -0.58495
2451661.72388 13.72324
2451672.62687 21.81128
2451683.52985 -0.75014
2451694.43284 12.99062
2451705.33582 16.91593
2451716.23881 -1.08710
2451727.14179 13.34278
2451738.04478 21.49374
2451748.94776 -1.71855
2451945.20149 -4.56806
2451956.10448 5.20781
2451967.00746 18.21376
2451977.91045 -4.58687
2451988.81343 3.42706
2451999.71642 16.37824
2452010.61940 -4.67181
2452021.52239 2.08864
2452032.42537 14.76132
2452043.32836 -6.15912
2452054.23134 0.82249
2452065.13433 15.79642
2452076.03731 -5.78068
2452086.94030 -0.47351
2452097.84328 17.18837
2452108.74627 -6.52889
2452119.64925 -1.85826
2452305.00000 -10.72483
2452315.90299 -9.25542
2452326.80597 10.72902
2452337.70896 -8.55098
2452348.61194 -9.81614
2452359.51493 7.62287
2452370.41791 -10.25488
2452381.32090 -10.91030
2452392.22388 8.88640
2452403.12687 -11.74968
2452414.02985 -12.39710
2452424.93284 7.56566
2452435.83582 -9.91559
2452446.73881 -15.82993
2452457.64179 5.67380
2452468.54478 -12.55688
2452479.44776 -18.49845
2452675.70149 -20.41210
2452686.60448 1.10869
2452697.50746 -12.76924
2452708.41045 -23.93132
2452719.31343 0.46800
2452730.21642 -10.53096
2452741.11940 -21.30562
2452752.02239 -0.04805
2452762.92537 -13.36981
2452773.82836 -24.95712
2452784.73134 -0.51677
2452795.63433 -12.11130
2452806.53731 -22.48996
2452817.44030 -1.10290
2452828.34328 -11.14400
2452839.24627 -22.84064
2452850.14925 -1.43297
2453035.50000 -26.30724
2453046.40299 -2.69075
2453057.30597 -10.31616
2453068.20896 -27.09577
2453079.11194 -3.03690
2453090.01493 -8.52722
2453100.91791 -24.99880
2453111.82090 -3.07742
2453122.72388 -9.02265
2453133.62687 -20.41846
2453144.52985 -2.99344
2453155.43284 -8.08582
2453166.33582 -22.22166
2453177.23881 -3.04384
2453188.14179 -7.82318
2453199.04478 -25.82546
2453209.94776 -2.60209
2453406.20149 -1.41472
2453417.10448 -0.23928
2453428.00746 -20.18438
2453438.91045 -1.11063
2453449.81343 0.95475
2453460.71642 -16.41654
2453471.61940 -0.70088
2453482.52239 1.96461
2453493.42537 -20.41351
2453504.32836 -0.30243
2453515.23134 3.21374
2453526.13433 -18.33406
2453537.03731 0.10552
2453547.94030 3.48432
2453558.84328 -15.08373
2453569.74627 0.52111
2453580.64925 6.15105
2453766.00000 3.36765
2453776.90299 12.88225
2453787.80597 -9.61067
2453798.70896 3.66576
2453809.61194 14.26488
2453820.51493 -10.84703
2453831.41791 4.14327
2453842.32090 14.39204
2453853.22388 -7.65846
2453864.12687 4.49658
2453875.02985 15.85525
2453885.93284 -6.28298
2453896.83582 4.38155
2453907.73881 16.24966
2453918.64179 -4.91210
2453929.54478 6.14844
2453940.44776 17.78837
2454136.70149 22.23684
2454147.60448 1.11863
2454158.50746 7.30438
2454169.41045 22.35630
2454180.31343 1.93172
2454191.21642 7.19404
2454202.11940 22.42097
2454213.02239 3.24407
2454223.92537 6.91588
2454234.82836 22.82377
2454245.73134 3.49623
2454256.63433 6.85146
2454267.53731 28.71613
2454278.44030 4.25049
2454289.34328 7.59556
2454300.24627 25.63885
2454311.14925 4.66043
2454496.50000 25.98687
2454507.40299 7.55070
2454518.30597 4.21423
2454529.20896 21.26878
2454540.11194 8.83175
2454551.01493 4.48099
2454561.91791 22.94873
2454572.82090 8.23070
2454583.72388 4.01421
2454594.62687 26.90457
2454605.52985 8.53222
2454616.43284 3.25338
2454627.33582 22.50260
2454638.23881 8.07614
2454649.14179 2.61279
2454660.04478 22.14288
2454670.94776 8.72466
2454867.20149 7.69277
2454878.10448 -2.37436
2454889.00746 20.50858
2454899.91045 7.46784
2454910.81343 -3.21872
2454921.71642 16.50050
2454932.61940 7.29517
2454943.52239 -3.77601
2454954.42537 16.43631
2454965.32836 5.90841
2454976.23134 -5.22249
2454987.13433 15.25419
2454998.03731 5.13495
2455008.94030 -6.47081
2455019.84328 15.13082
2455030.74627 6.46609
2455041.64925 -6.60341
2455227.00000 3.76137
2455237.90299 -9.52636
2455248.80597 6.90486
2455259.70896 2.99356
2455270.61194 -13.93269
2455281.51493 6.39428
2455292.41791 2.31682
2455303.32090 -13.72893
2455314.22388 4.55225
2455325.12687 2.47178
2455336.02985 -14.88982
2455346.93284 3.05453
2455357.83582 1.82337
2455368.73881 -16.65260
2455379.64179 2.17090
2455390.54478 1.14509
2455401.44776 -16.16290
2455597.70149 -21.08822
2455608.60448 -5.13990
2455619.50746 -0.96608
2455630.41045 -19.10837
2455641.31343 -5.61950
2455652.21642 -1.20769
2455663.11940 -21.14770
2455674.02239 -6.16940
2455684.92537 -1.49319
2455695.82836 -20.38836
2455706.73134 -8.00712
2455717.63433 -1.72039
2455728.53731 -20.11696
2455739.44030 -7.42336
2455750.34328 -1.62537
2455761.24627 -20.96047
2455772.14925 -9.32707
2455957.50000 -21.66270
