2445000.00000 81.31865
2445010.90299 55.20709
2445021.80597 47.83029
2445032.70896 77.14872
2445043.61194 44.78534
2445054.51493 71.06446
2445065.41791 43.26916
2445076.32090 71.10473
2445087.22388 54.11299
2445098.12687 52.47744
2445109.02985 69.25644
2445119.93284 45.64878
2445130.83582 68.53743
2445141.73881 41.41423
2445152.64179 66.48429
2445163.54478 61.15692
2445174.44776 45.66603
2445370.70149 34.58499
2445381.60448 62.40902
2445392.50746 52.55129
2445403.41045 45.16195
2445414.31343 57.42333
2445425.21642 27.89436
2445436.11940 63.48004
2445447.02239 34.33555
2445457.92537 51.88688
2445468.82836 54.62796
2445479.73134 37.40768
2445490.63433 62.25369
2445501.53731 27.83353
2445512.44030 75.71641
2445523.34328 29.98098
2445534.24627 60.29068
2445545.14925 39.81172
2445730.50000 13.63842
2445741.40299 61.93372
2445752.30597 23.60915
2445763.20896 44.39625
2445774.11194 42.22988
2445785.01493 30.22771
2445795.91791 51.37833
2445806.82090 17.64127
2445817.72388 65.31926
2445828.62687 21.14492
2445839.52985 38.59812
2445850.43284 28.95433
2445861.33582 26.69766
2445872.23881 49.72892
2445883.14179 16.01664
2445894.04478 61.53323
2445904.94776 17.91817
2446101.20149 47.32564
2446112.10448 6.08171
2446123.00746 53.50084
2446133.91045 15.13983
2446144.81343 33.65085
2446155.71642 27.93490
2446166.61940 14.02910
2446177.52239 36.84471
2446188.42537 4.48953
2446199.32836 35.62242
2446210.23134 13.29259
2446221.13433 27.38829
2446232.03731 33.77281
2446242.94030 11.44223
2446253.84328 44.13298
2446264.74627 3.88022
2446275.64925 39.88421
2446461.00000 33.66206
2446471.90299 8.20811
2446482.80597 44.69808
2446493.70896 0.53310
2446504.61194 43.64825
2446515.51493 11.30201
2446526.41791 26.63944
2446537.32090 27.27526
2446548.22388 5.93405
2446559.12687 41.81125
2446570.02985 0.30909
2446580.93284 40.04612
2446591.83582 12.58842
2446602.73881 25.51821
2446613.64179 28.89952
2446624.54478 6.26106
2446635.44776 40.33524
2446831.70149 22.99204
2446842.60448 29.63801
2446853.50746 5.13775
2446864.41045 43.31853
2446875.31343 2.36048
2446886.21642 35.29262
2446897.11940 14.15055
2446908.02239 24.91199
2446918.92537 31.67992
2446929.82836 6.08554
2446940.73134 43.19292
2446951.63433 4.29965
2446962.53731 43.11347
2446973.44030 17.84145
2446984.34328 22.82729
2446995.24627 42.65345
2447006.14925 8.81898
2447191.50000 35.10596
2447202.40299 20.83734
2447213.30597 27.85471
2447224.20896 44.73954
2447235.11194 12.33761
2447246.01493 60.56628
2447256.91791 10.71715
2447267.82090 42.49640
2447278.72388 25.78262
2447289.62687 30.72913
2447300.52985 50.57698
2447311.43284 13.43415
2447322.33582 60.25117
2447333.23881 14.74909
2447344.14179 47.07455
2447355.04478 33.84567
2447365.94776 32.66039
2447562.20149 25.56197
2447573.10448 57.26814
2447584.00746 35.59935
2447594.91045 42.83411
2447605.81343 50.39490
2447616.71642 22.53369
2447627.61940 68.20859
2447638.52239 27.80193
2447649.42537 45.93465
2447660.32836 44.21892
2447671.23134 36.06160
2447682.13433 54.47845
2447693.03731 27.77678
2447703.94030 80.88368
2447714.84328 28.59615
2447725.74627 59.03329
2447736.64925 34.86547
2447922.00000 34.77417
2447932.90299 77.14833
2447943.80597 33.72233
2447954.70896 64.71869
2447965.61194 51.29300
2447976.51493 51.49641
2447987.41791 54.32055
2447998.32090 31.68938
2448009.22388 61.76851
2448020.12687 41.65862
2448031.02985 68.62915
2448041.93284 56.74674
2448052.83582 37.91171
2448063.73881 76.80105
2448074.64179 30.73010
2448085.54478 72.08752
2448096.44776 36.64459
2448292.70149 76.71307
2448303.60448 40.18533
2448314.50746 72.71027
2448325.41045 47.02183
2448336.31343 55.36057
2448347.21642 67.42026
2448358.11940 49.65853
2448369.02239 77.59990
2448379.92537 46.29728
2448390.82836 63.98043
2448401.73134 44.34008
2448412.63433 71.91057
2448423.53731 72.94502
2448434.44030 51.89896
2448445.34328 88.32712
2448456.24627 37.07302
2448467.14925 88.17122
2448652.50000 67.02636
2448663.40299 48.86622
2448674.30597 74.65852
2448685.20896 38.11708
2448696.11194 94.48486
2448707.01493 50.08515
2448717.91791 62.84420
2448728.82090 73.18484
2448739.72388 51.65948
2448750.62687 84.57730
2448761.52985 39.78709
2448772.43284 77.69700
2448783.33582 61.75301
2448794.23881 66.11973
2448805.14179 54.41103
2448816.04478 47.51026
2448826.94776 87.78499
2449023.20149 57.29715
2449034.10448 60.29210
2449045.00746 40.41242
2449055.91045 78.48833
2449066.81343 39.72776
2449077.71642 74.73858
2449088.61940 42.43085
2449099.52239 56.46612
2449110.42537 64.56604
2449121.32836 33.30651
2449132.23134 78.95468
2449143.13433 34.19482
2449154.03731 65.78578
2449164.94030 53.64294
2449175.84328 53.68502
2449186.74627 56.49155
2449197.64925 32.09860
2449383.00000 55.55512
2449393.90299 44.96831
2449404.80597 45.43260
2449415.70896 59.82263
2449426.61194 28.91238
2449437.51493 74.23833
2449448.41791 25.83019
2449459.32090 52.39676
2449470.22388 36.55895
2449481.12687 42.78401
2449492.02985 60.21732
2449502.93284 28.08467
2449513.83582 64.20793
2449524.73881 20.59529
2449535.64179 58.85910
2449546.54478 38.76109
2449557.44776 35.67557
2449753.70149 17.20315
2449764.60448 56.20447
2449775.50746 37.71261
2449786.41045 27.02581
2449797.31343 46.71085
2449808.21642 17.44842
2449819.11940 56.51050
2449830.02239 14.52657
2449840.92537 47.28265
2449851.82836 26.53017
2449862.73134 26.06853
2449873.63433 48.36175
2449884.53731 12.20745
2449895.44030 50.41954
2449906.34328 15.42948
2449917.24627 38.94290
2449928.14925 31.38287
2450113.50000 7.00798
2450124.40299 40.45524
2450135.30597 9.33768
2450146.20896 36.02291
2450157.11194 29.12817
2450168.01493 19.16874
2450178.91791 39.26663
2450189.82090 6.79419
2450200.72388 39.27852
2450211.62687 10.54795
2450222.52985 30.46126
2450233.43284 22.93347
2450244.33582 13.89115
2450255.23881 43.30016
2450266.14179 4.57829
2450277.04478 43.88449
2450287.94776 7.96415
2450484.20149 44.81304
2450495.10448 2.83323
2450506.00746 45.41464
2450516.91045 11.53052
2450527.81343 29.96429
2450538.71642 25.15792
2450549.61940 11.63791
2450560.52239 43.00100
2450571.42537 2.72223
2450582.32836 47.28634
2450593.23134 9.35596
2450604.13433 24.80809
2450615.03731 28.49842
2450625.94030 11.46320
2450636.84328 45.03975
2450647.74627 2.65097
2450658.64925 45.67954
2450844.00000 35.98698
2450854.90299 12.25815
2450865.80597 32.19602
2450876.70896 6.19623
2450887.61194 41.60910
2450898.51493 14.50560
2450909.41791 26.14739
2450920.32090 37.23121
2450931.22388 12.54971
2450942.12687 50.61996
2450953.02985 6.81035
2450963.93284 43.92542
2450974.83582 19.79376
2450985.73881 31.13182
2450996.64179 33.98008
2451007.54478 14.34089
2451018.44776 52.60002
2451214.70149 37.17026
2451225.60448 38.39611
2451236.50746 20.99288
2451247.41045 61.24862
2451258.31343 14.08665
2451269.21642 46.01971
2451280.11940 33.53155
2451291.02239 28.41709
2451301.92537 44.83367
2451312.82836 18.58345
2451323.73134 50.25059
2451334.63433 17.10452
2451345.53731 55.31318
2451356.44030 29.89465
2451367.34328 40.49203
2451378.24627 45.18965
2451389.14925 23.22267
2451574.50000 54.40188
2451585.40299 38.71339
2451596.30597 52.63608
2451607.20896 62.33115
2451618.11194 29.19902
2451629.01493 72.07710
2451639.91791 30.98844
2451650.82090 58.42842
2451661.72388 39.58427
2451672.62687 52.51070
2451683.52985 61.64281
2451694.43284 29.20484
2451705.33582 69.99856
2451716.23881 31.15528
2451727.14179 65.16334
2451738.04478 48.86423
2451748.94776 47.04284
2451945.20149 34.40887
2451956.10448 67.78493
2451967.00746 53.26274
2451977.91045 56.60105
2451988.81343 66.27213
2451999.71642 38.01807
2452010.61940 75.24068
2452021.52239 35.51858
2452032.42537 75.84412
2452043.32836 45.02872
2452054.23134 54.17247
2452065.13433 74.04323
2452076.03731 35.94288
2452086.94030 71.49422
2452097.84328 42.86327
2452108.74627 71.96244
2452119.64925 54.55540
2452305.00000 41.35625
2452315.90299 95.65909
2452326.80597 42.50278
2452337.70896 60.67739
2452348.61194 54.10048
2452359.51493 52.94148
2452370.41791 79.25995
2452381.32090 35.80839
2452392.22388 89.94803
2452403.12687 39.57573
2452414.02985 67.60378
2452424.93284 64.98493
2452435.83582 51.38841
2452446.73881 78.42557
2452457.64179 41.24569
2452468.54478 78.81404
2452479.44776 44.97243
2452675.70149 76.52744
2452686.60448 43.69229
2452697.50746 77.36692
2452708.41045 47.44014
2452719.31343 71.01800
2452730.21642 49.19224
2452741.11940 34.90212
2452752.02239 78.19887
2452762.92537 38.66534
2452773.82836 87.29220
2452784.73134 32.76923
2452795.63433 52.15939
2452806.53731 56.40926
2452817.44030 50.15119
2452828.34328 78.70806
2452839.24627 44.07657
2452850.14925 84.94366
2453035.50000 57.51292
2453046.40299 37.40195
2453057.30597 71.53275
2453068.20896 33.45028
2453079.11194 73.43985
2453090.01493 41.32266
2453100.91791 52.84152
2453111.82090 62.13586
2453122.72388 32.62451
2453133.62687 72.72679
2453144.52985 30.71956
2453155.43284 64.22518
2453166.33582 40.49870
2453177.23881 42.48455
2453188.14179 67.80580
2453199.04478 33.84027
2453209.94776 69.79356
2453406.20149 28.04596
2453417.10448 41.69575
2453428.00746 24.79081
2453438.91045 55.17063
2453449.81343 23.06552
2453460.71642 62.19404
2453471.61940 33.92223
2453482.52239 45.44528
2453493.42537 51.62779
2453504.32836 23.11153
2453515.23134 65.04488
2453526.13433 21.88020
2453537.03731 64.70547
2453547.94030 26.77763
2453558.84328 34.14694
2453569.74627 42.56044
2453580.64925 22.12612
2453766.00000 43.41054
2453776.90299 25.93864
2453787.80597 21.63455
2453798.70896 37.79206
2453809.61194 14.33627
2453820.51493 46.49658
2453831.41791 10.40207
2453842.32090 49.35366
2453853.22388 23.29417
2453864.12687 28.49346
2453875.02985 43.45232
2453885.93284 11.86669
2453896.83582 46.37055
2453907.73881 9.23975
2453918.64179 45.00138
2453929.54478 21.62408
2453940.44776 27.58153
2454136.70149 5.94971
2454147.60448 35.76867
2454158.50746 23.25856
2454169.41045 16.24557
2454180.31343 38.64751
2454191.21642 4.24139
2454202.11940 48.46764
2454213.02239 5.78823
2454223.92537 36.06969
2454234.82836 14.44720
2454245.73134 18.22717
2454256.63433 38.83080
2454267.53731 2.11164
2454278.44030 35.00744
2454289.34328 4.59893
2454300.24627 35.87786
2454311.14925 19.64621
2454496.50000 1.46716
2454507.40299 46.54268
2454518.30597 5.33098
2454529.20896 31.77325
2454540.11194 25.94796
2454551.01493 13.60566
2454561.91791 40.76673
2454572.82090 1.83822
2454583.72388 40.43788
2454594.62687 6.85015
2454605.52985 31.68444
2454616.43284 22.37793
2454627.33582 14.43634
2454638.23881 36.62394
2454649.14179 2.45183
2454660.04478 48.69297
2454670.94776 7.79861
2454867.20149 50.77660
2454878.10448 5.71072
2454889.00746 60.14651
2454899.91045 12.26711
2454910.81343 37.28642
2454921.71642 42.43694
2454932.61940 17.30580
2454943.52239 45.40968
2454954.42537 7.16021
2454965.32836 50.56813
2454976.23134 14.64025
2454987.13433 30.13354
2454998.03731 30.94095
2455008.94030 18.50484
2455019.84328 41.65329
2455030.74627 9.43250
2455041.64925 55.24986
2455227.00000 40.66052
2455237.90299 22.64903
2455248.80597 47.17234
2455259.70896 18.35033
2455270.61194 54.98836
2455281.51493 26.73385
2455292.41791 46.50216
2455303.32090 40.55353
2455314.22388 27.06827
2455325.12687 60.65333
2455336.02985 21.94585
2455346.93284 64.62930
2455357.83582 25.87332
2455368.73881 47.65919
2455379.64179 50.78860
2455390.54478 25.14524
2455401.44776 77.19573
2455597.70149 43.45817
2455608.60448 63.98716
2455619.50746 34.91460
2455630.41045 77.42787
2455641.31343 31.00199
2455652.21642 63.19629
2455663.11940 51.43722
2455674.02239 50.26516
2455684.92537 63.72597
2455695.82836 36.51403
2455706.73134 77.55572
2455717.63433 34.34715
2455728.53731 84.51538
2455739.44030 47.71902
2455750.34328 62.18067
2455761.24627 64.59244
2455772.14925 41.09577
2455957.50000 88.75933
