2445000.00000 18.37383
2445010.90299 13.56973
2445021.80597 16.68176
2445032.70896 28.40847
2445043.61194 24.74047
2445054.51493 42.22998
2445065.41791 36.20396
2445076.32090 42.80738
2445087.22388 33.61447
2445098.12687 26.78716
2445109.02985 23.80081
2445119.93284 22.71577
2445130.83582 17.82782
2445141.73881 22.38115
2445152.64179 18.50871
2445163.54478 28.98785
2445174.44776 40.57464
2445370.70149 22.68513
2445381.60448 25.04400
2445392.50746 22.71635
2445403.41045 26.92358
2445414.31343 32.37864
2445425.21642 38.93470
2445436.11940 46.07657
2445447.02239 48.95538
2445457.92537 46.65608
2445468.82836 46.96281
2445479.73134 30.56659
2445490.63433 27.25566
2445501.53731 19.99751
2445512.44030 22.30617
2445523.34328 19.69738
2445534.24627 31.64796
2445545.14925 37.54194
2445730.50000 38.37433
2445741.40299 26.68325
2445752.30597 24.61444
2445763.20896 20.65409
2445774.11194 22.18012
2445785.01493 27.10054
2445795.91791 37.90228
2445806.82090 42.25900
2445817.72388 45.73534
2445828.62687 43.14022
2445839.52985 47.75820
2445850.43284 34.56818
2445861.33582 28.60481
2445872.23881 23.46682
2445883.14179 23.91367
2445894.04478 19.23227
2445904.94776 22.83319
2446101.20149 37.97838
2446112.10448 27.36486
2446123.00746 17.99878
2446133.91045 19.05101
2446144.81343 18.25458
2446155.71642 23.80917
2446166.61940 28.65410
2446177.52239 41.15894
2446188.42537 42.88784
2446199.32836 44.32872
2446210.23134 45.16163
2446221.13433 40.31762
2446232.03731 25.94204
2446242.94030 21.07777
2446253.84328 17.51658
2446264.74627 14.97503
2446275.64925 16.95321
2446461.00000 35.27074
2446471.90299 26.93038
2446482.80597 27.65740
2446493.70896 16.67742
2446504.61194 11.63046
2446515.51493 10.52319
2446526.41791 12.82206
2446537.32090 18.55052
2446548.22388 29.59054
2446559.12687 32.39553
2446570.02985 33.15562
2446580.93284 42.44972
2446591.83582 29.43282
2446602.73881 26.58048
2446613.64179 19.67226
2446624.54478 11.91906
2446635.44776 10.81823
2446831.70149 40.73342
2446842.60448 37.30591
2446853.50746 24.43335
2446864.41045 15.92654
2446875.31343 8.95541
2446886.21642 4.46021
2446897.11940 5.27504
2446908.02239 9.80242
2446918.92537 16.66841
2446929.82836 27.95744
2446940.73134 34.83009
2446951.63433 31.77737
2446962.53731 23.99823
2446973.44030 31.16762
2446984.34328 17.17081
2446995.24627 9.73379
2447006.14925 4.65517
2447191.50000 28.69500
2447202.40299 31.69415
2447213.30597 26.74798
2447224.20896 25.21396
2447235.11194 13.23800
2447246.01493 6.34016
2447256.91791 1.80788
2447267.82090 0.75915
2447278.72388 3.68324
2447289.62687 10.74790
2447300.52985 18.29569
2447311.43284 25.29198
2447322.33582 24.77155
2447333.23881 31.87356
2447344.14179 26.61622
2447355.04478 20.28101
2447365.94776 11.92786
2447562.20149 29.03838
2447573.10448 27.68113
2447584.00746 24.26723
2447594.91045 21.77466
2447605.81343 17.46694
2447616.71642 12.42518
2447627.61940 4.41425
2447638.52239 0.64329
2447649.42537 1.55685
2447660.32836 6.33706
2447671.23134 14.48947
2447682.13433 21.24817
2447693.03731 27.87930
2447703.94030 26.63495
2447714.84328 31.19889
2447725.74627 23.33513
2447736.64925 14.86760
2447922.00000 13.28657
2447932.90299 25.33763
2447943.80597 32.39550
2447954.70896 31.09800
2447965.61194 29.42918
2447976.51493 21.99129
2447987.41791 20.25809
2447998.32090 10.52244
2448009.22388 5.97022
2448020.12687 3.89766
2448031.02985 9.97896
2448041.93284 16.04965
2448052.83582 22.63490
2448063.73881 25.78648
2448074.64179 35.09407
2448085.54478 29.30582
2448096.44776 27.47841
2448292.70149 19.84089
2448303.60448 28.23585
2448314.50746 36.94192
2448325.41045 37.10715
2448336.31343 35.55135
2448347.21642 34.83522
2448358.11940 21.77309
2448369.02239 18.49323
2448379.92537 13.19384
2448390.82836 10.99029
2448401.73134 12.14229
2448412.63433 17.53167
2448423.53731 21.77078
2448434.44030 37.31268
2448445.34328 40.62116
2448456.24627 40.72727
2448467.14925 38.28553
2448652.50000 15.14731
2448663.40299 18.86533
2448674.30597 27.69170
2448685.20896 36.09287
2448696.11194 38.64407
2448707.01493 48.92783
2448717.91791 42.35859
2448728.82090 32.47952
2448739.72388 24.23918
2448750.62687 23.96582
2448761.52985 18.22844
2448772.43284 15.48333
2448783.33582 18.34015
2448794.23881 27.66536
2448805.14179 38.19595
2448816.04478 41.82926
2448826.94776 44.40318
2449023.20149 21.01968
2449034.10448 22.99915
2449045.00746 27.18563
2449055.91045 39.97712
2449066.81343 48.86772
2449077.71642 42.77325
2449088.61940 51.26642
2449099.52239 38.15322
2449110.42537 38.26461
2449121.32836 30.62227
2449132.23134 25.67222
2449143.13433 22.30744
2449154.03731 23.31570
2449164.94030 26.08302
2449175.84328 25.00011
2449186.74627 46.35083
2449197.64925 56.81977
2449383.00000 25.57599
2449393.90299 20.79460
2449404.80597 22.39975
2449415.70896 25.57324
2449426.61194 31.36576
2449437.51493 37.88097
2449448.41791 50.13741
2449459.32090 42.52528
2449470.22388 39.37465
2449481.12687 35.56051
2449492.02985 33.96843
2449502.93284 18.34080
2449513.83582 22.64834
2449524.73881 19.59345
2449535.64179 20.71539
2449546.54478 31.88149
2449557.44776 40.76958
2449753.70149 23.47398
2449764.60448 17.93377
2449775.50746 17.12633
2449786.41045 22.76459
2449797.31343 28.04179
2449808.21642 32.63911
2449819.11940 38.64385
2449830.02239 47.05135
2449840.92537 40.18042
2449851.82836 45.83161
2449862.73134 37.02079
2449873.63433 26.23480
2449884.53731 22.76486
2449895.44030 16.18793
2449906.34328 13.93717
2449917.24627 23.31919
2449928.14925 24.45395
2450113.50000 25.38225
2450124.40299 25.84169
2450135.30597 15.10552
2450146.20896 9.94155
2450157.11194 13.89441
2450168.01493 16.05664
2450178.91791 24.14981
2450189.82090 36.16015
2450200.72388 34.46101
2450211.62687 37.48556
2450222.52985 32.83604
2450233.43284 29.53958
2450244.33582 26.24419
2450255.23881 17.26955
2450266.14179 12.86574
2450277.04478 9.75457
2450287.94776 14.05769
2450484.20149 27.61253
2450495.10448 20.43489
2450506.00746 10.97848
2450516.91045 8.36592
2450527.81343 7.23803
2450538.71642 7.03907
2450549.61940 16.25622
2450560.52239 22.21405
2450571.42537 28.40892
2450582.32836 36.01156
2450593.23134 32.92547
2450604.13433 28.12046
2450615.03731 24.54215
2450625.94030 11.61256
2450636.84328 7.34330
2450647.74627 4.48166
2450658.64925 6.50323
2450844.00000 28.50773
2450854.90299 20.58749
2450865.80597 16.54478
2450876.70896 11.24869
2450887.61194 5.90855
2450898.51493 2.78914
2450909.41791 3.55547
2450920.32090 9.42974
2450931.22388 17.77364
2450942.12687 24.31967
2450953.02985 25.86910
2450963.93284 30.34906
2450974.83582 26.61587
2450985.73881 20.00608
2450996.64179 12.74406
2451007.54478 6.74658
2451018.44776 2.46861
2451214.70149 26.27378
2451225.60448 28.56422
2451236.50746 20.58333
2451247.41045 11.52519
2451258.31343 7.05942
2451269.21642 2.53649
2451280.11940 2.74592
2451291.02239 3.59974
2451301.92537 11.58436
2451312.82836 18.60595
2451323.73134 26.28841
2451334.63433 29.40257
2451345.53731 34.41821
2451356.44030 26.50509
2451367.34328 16.28814
2451378.24627 9.35154
2451389.14925 6.51326
2451574.50000 22.93543
2451585.40299 35.27216
2451596.30597 30.31272
2451607.20896 25.63466
2451618.11194 19.23517
2451629.01493 14.84152
2451639.91791 7.21704
2451650.82090 6.65627
2451661.72388 7.57202
2451672.62687 12.66057
2451683.52985 17.05737
2451694.43284 24.89773
2451705.33582 32.77033
2451716.23881 34.00041
2451727.14179 25.50636
2451738.04478 27.08839
2451748.94776 18.78489
2451945.20149 26.88057
2451956.10448 33.19788
2451967.00746 35.61195
2451977.91045 38.35727
2451988.81343 27.74422
2451999.71642 22.76052
2452010.61940 15.56846
2452021.52239 12.55611
2452032.42537 11.45131
2452043.32836 16.52344
2452054.23134 20.64093
2452065.13433 27.75228
2452076.03731 37.29658
2452086.94030 42.43490
2452097.84328 36.66876
2452108.74627 29.90249
2452119.64925 29.42981
2452305.00000 23.09993
2452315.90299 32.79365
2452326.80597 43.50165
2452337.70896 40.26459
2452348.61194 41.89642
2452359.51493 36.17294
2452370.41791 30.25407
2452381.32090 23.21928
2452392.22388 17.47246
2452403.12687 17.53525
2452414.02985 14.21849
2452424.93284 29.32093
2452435.83582 30.73962
2452446.73881 44.40470
2452457.64179 38.39309
2452468.54478 44.23653
2452479.44776 47.39415
2452675.70149 27.56257
2452686.60448 33.52668
2452697.50746 41.54484
2452708.41045 42.34534
2452719.31343 44.31256
2452730.21642 42.00325
2452741.11940 37.07005
2452752.02239 30.55084
2452762.92537 28.23373
2452773.82836 21.37966
2452784.73134 21.96540
2452795.63433 23.07200
2452806.53731 32.08920
2452817.44030 37.85717
2452828.34328 43.54275
2452839.24627 50.50364
2452850.14925 40.52239
2453035.50000 23.60491
2453046.40299 26.79560
2453057.30597 30.77449
2453068.20896 41.39694
2453079.11194 40.72153
2453090.01493 39.61471
2453100.91791 46.37834
2453111.82090 44.36344
2453122.72388 31.86152
2453133.62687 31.39853
2453144.52985 23.31135
2453155.43284 18.61609
2453166.33582 25.48182
2453177.23881 27.94753
2453188.14179 28.25535
2453199.04478 36.48515
2453209.94776 44.18331
2453406.20149 19.30302
2453417.10448 19.07560
2453428.00746 22.27669
2453438.91045 29.00812
2453449.81343 35.90355
2453460.71642 45.36800
2453471.61940 40.07342
2453482.52239 44.61540
2453493.42537 32.63860
2453504.32836 32.91886
2453515.23134 23.47941
2453526.13433 15.72441
2453537.03731 18.07029
2453547.94030 21.39149
2453558.84328 28.14625
2453569.74627 29.70422
2453580.64925 36.72751
2453766.00000 16.75503
2453776.90299 18.17133
2453787.80597 15.50271
2453798.70896 21.77256
2453809.61194 19.16672
2453820.51493 31.04608
2453831.41791 35.69726
2453842.32090 33.95281
2453853.22388 41.85396
2453864.12687 32.30983
2453875.02985 27.57863
2453885.93284 21.83235
2453896.83582 15.55791
2453907.73881 15.36360
2453918.64179 12.80854
2453929.54478 18.91530
2453940.44776 23.90541
2454136.70149 16.45550
2454147.60448 12.19523
2454158.50746 11.91807
2454169.41045 10.15417
2454180.31343 15.79618
2454191.21642 21.18949
2454202.11940 30.07672
2454213.02239 34.44904
2454223.92537 28.33084
2454234.82836 30.81943
2454245.73134 25.46165
2454256.63433 17.27731
2454267.53731 12.88604
2454278.44030 10.40609
2454289.34328 10.43739
2454300.24627 14.25142
2454311.14925 15.92420
2454496.50000 19.56333
2454507.40299 17.72688
2454518.30597 12.24634
2454529.20896 8.02970
2454540.11194 9.26787
2454551.01493 11.12601
2454561.91791 14.22079
2454572.82090 21.87351
2454583.72388 26.44532
2454594.62687 29.88540
2454605.52985 25.46011
2454616.43284 22.71843
2454627.33582 19.84576
2454638.23881 11.45467
2454649.14179 9.50375
2454660.04478 6.07123
2454670.94776 8.10841
2454867.20149 20.25556
2454878.10448 15.97621
2454889.00746 11.59656
2454899.91045 8.54090
2454910.81343 6.13221
2454921.71642 8.46031
2454932.61940 12.23867
2454943.52239 19.28891
2454954.42537 19.81333
2454965.32836 25.95773
2454976.23134 25.80920
2454987.13433 23.89219
2454998.03731 21.90695
2455008.94030 16.74263
2455019.84328 11.53578
2455030.74627 7.73418
2455041.64925 9.40113
2455227.00000 28.42217
2455237.90299 27.15101
2455248.80597 23.65826
2455259.70896 15.64258
2455270.61194 13.16228
2455281.51493 7.59585
2455292.41791 9.26316
2455303.32090 13.42059
2455314.22388 15.47010
2455325.12687 19.68586
2455336.02985 31.82969
2455346.93284 33.58966
2455357.83582 28.36589
2455368.73881 29.09783
2455379.64179 19.53920
2455390.54478 14.74640
2455401.44776 12.90415
2455597.70149 27.22683
2455608.60448 28.38189
2455619.50746 34.30138
2455630.41045 20.93372
2455641.31343 18.95931
2455652.21642 12.88685
2455663.11940 16.52309
2455674.02239 17.83666
2455684.92537 21.55354
2455695.82836 24.92707
2455706.73134 28.12354
2455717.63433 36.46566
2455728.53731 40.16184
2455739.44030 31.00289
2455750.34328 24.00018
2455761.24627 22.41871
2455772.14925 15.81956
2455957.50000 32.93350
