2445000.00000 4.68648
2445010.90299 3.77109
2445021.80597 6.14179
2445032.70896 7.14915
2445043.61194 8.45179
2445054.51493 4.88842
2445065.41791 2.80703
2445076.32090 3.20457
2445087.22388 5.06508
2445098.12687 5.55022
2445109.02985 5.78102
2445119.93284 3.32474
2445130.83582 1.49946
2445141.73881 2.54762
2445152.64179 5.03618
2445163.54478 6.03043
2445174.44776 3.15899
2445370.70149 0.30749
2445381.60448 0.35458
2445392.50746 2.52051
2445403.41045 4.25062
2445414.31343 4.67816
2445425.21642 1.64879
2445436.11940 0.24049
2445447.02239 1.25703
2445457.92537 3.99384
2445468.82836 5.89044
2445479.73134 3.96413
2445490.63433 1.47808
2445501.53731 0.96045
2445512.44030 2.79172
2445523.34328 5.48148
2445534.24627 5.44685
2445545.14925 3.11746
2445730.50000 5.86295
2445741.40299 4.74822
2445752.30597 4.75588
2445763.20896 7.25666
2445774.11194 10.90414
2445785.01493 9.90298
2445795.91791 6.56927
2445806.82090 6.26890
2445817.72388 7.53258
2445828.62687 9.81440
2445839.52985 11.44160
2445850.43284 11.05844
2445861.33582 6.98342
2445872.23881 7.12323
2445883.14179 10.19054
2445894.04478 9.68353
2445904.94776 13.42847
2446101.20149 15.01427
2446112.10448 14.20655
2446123.00746 14.31613
2446133.91045 19.01128
2446144.81343 21.53591
2446155.71642 17.12243
2446166.61940 15.25364
2446177.52239 22.20219
2446188.42537 22.22617
2446199.32836 19.08643
2446210.23134 24.14383
2446221.13433 23.13155
2446232.03731 20.60225
2446242.94030 22.83912
2446253.84328 19.11575
2446264.74627 23.51364
2446275.64925 22.28485
2446461.00000 26.51021
2446471.90299 24.51482
2446482.80597 28.24096
2446493.70896 21.84347
2446504.61194 28.63972
2446515.51493 29.20394
2446526.41791 26.72920
2446537.32090 22.67834
2446548.22388 27.21083
2446559.12687 28.24709
2446570.02985 28.89803
2446580.93284 29.48710
2446591.83582 23.94034
2446602.73881 25.14968
2446613.64179 27.56714
2446624.54478 24.18459
2446635.44776 31.52743
2446831.70149 30.34151
2446842.60448 24.46305
2446853.50746 23.51911
2446864.41045 28.78344
2446875.31343 33.88725
2446886.21642 26.09902
2446897.11940 26.62176
2446908.02239 21.34131
2446918.92537 25.08070
2446929.82836 23.35060
2446940.73134 27.98195
2446951.63433 24.85936
2446962.53731 26.09619
2446973.44030 22.96523
2446984.34328 28.33662
2446995.24627 28.29371
2447006.14925 28.51689
2447191.50000 26.93900
2447202.40299 21.20007
2447213.30597 22.07597
2447224.20896 19.85560
2447235.11194 23.24074
2447246.01493 22.94393
2447256.91791 21.13653
2447267.82090 18.27973
2447278.72388 18.95115
2447289.62687 21.38089
2447300.52985 20.85579
2447311.43284 23.14581
2447322.33582 22.29023
2447333.23881 17.78538
2447344.14179 17.26940
2447355.04478 19.25399
2447365.94776 22.01399
2447562.20149 14.25386
2447573.10448 13.40666
2447584.00746 7.89947
2447594.91045 10.18463
2447605.81343 10.13983
2447616.71642 15.11047
2447627.61940 11.83414
2447638.52239 9.17691
2447649.42537 8.15124
2447660.32836 11.25096
2447671.23134 13.08196
2447682.13433 12.62910
2447693.03731 10.87388
2447703.94030 7.79345
2447714.84328 8.30313
2447725.74627 8.02132
2447736.64925 10.64447
2447922.00000 6.13233
2447932.90299 5.94218
2447943.80597 2.90321
2447954.70896 2.30902
2447965.61194 3.40560
2447976.51493 6.46229
2447987.41791 5.30652
2447998.32090 4.82438
2448009.22388 2.09024
2448020.12687 1.71128
2448031.02985 3.98559
2448041.93284 5.14823
2448052.83582 5.80214
2448063.73881 3.17517
2448074.64179 0.95119
2448085.54478 1.45205
2448096.44776 4.99105
2448292.70149 5.99505
2448303.60448 4.19390
2448314.50746 1.92350
2448325.41045 1.50695
2448336.31343 3.73264
2448347.21642 4.71978
2448358.11940 6.83703
2448369.02239 3.80779
2448379.92537 2.32329
2448390.82836 3.30987
2448401.73134 3.98154
2448412.63433 6.83645
2448423.53731 5.45880
2448434.44030 3.52227
2448445.34328 2.78281
2448456.24627 4.05104
2448467.14925 6.85154
2448652.50000 10.77087
2448663.40299 11.86499
2448674.30597 9.01515
2448685.20896 8.95403
2448696.11194 8.15508
2448707.01493 10.73570
2448717.91791 11.06672
2448728.82090 12.57340
2448739.72388 11.12203
2448750.62687 9.14224
2448761.52985 10.97262
2448772.43284 10.79496
2448783.33582 14.08904
2448794.23881 15.90222
2448805.14179 12.40351
2448816.04478 11.97082
2448826.94776 12.84424
2449023.20149 21.77346
2449034.10448 18.89070
2449045.00746 19.94822
2449055.91045 20.60677
2449066.81343 20.75576
2449077.71642 23.87166
2449088.61940 22.77545
2449099.52239 24.82696
2449110.42537 23.67782
2449121.32836 21.77808
2449132.23134 16.89929
2449143.13433 27.05790
2449154.03731 23.73661
2449164.94030 24.49531
2449175.84328 20.20360
2449186.74627 24.89628
2449197.64925 25.74291
2449383.00000 25.98576
2449393.90299 23.47684
2449404.80597 29.65322
2449415.70896 26.39623
2449426.61194 24.42009
2449437.51493 27.50043
2449448.41791 29.12305
2449459.32090 30.06334
2449470.22388 30.44148
2449481.12687 26.33573
2449492.02985 22.20381
2449502.93284 33.05008
2449513.83582 24.15288
2449524.73881 28.46667
2449535.64179 26.03305
2449546.54478 21.26143
2449557.44776 28.96755
2449753.70149 31.22755
2449764.60448 31.47858
2449775.50746 28.30908
2449786.41045 32.62634
2449797.31343 29.06399
2449808.21642 26.57653
2449819.11940 25.67358
2449830.02239 31.20053
2449840.92537 27.02191
2449851.82836 21.83017
2449862.73134 24.34593
2449873.63433 23.26251
2449884.53731 29.52671
2449895.44030 27.87891
2449906.34328 19.15280
2449917.24627 20.20394
2449928.14925 24.06229
2450113.50000 20.31682
2450124.40299 21.91253
2450135.30597 24.88667
2450146.20896 19.50848
2450157.11194 20.94832
2450168.01493 16.76027
2450178.91791 17.57185
2450189.82090 19.66506
2450200.72388 19.15261
2450211.62687 15.51296
2450222.52985 16.83881
2450233.43284 15.51733
2450244.33582 18.93764
2450255.23881 17.88415
2450266.14179 17.73686
2450277.04478 14.79168
2450287.94776 14.59280
2450484.20149 10.16200
2450495.10448 13.25722
2450506.00746 12.84100
2450516.91045 10.44521
2450527.81343 8.72694
2450538.71642 8.99723
2450549.61940 10.84391
2450560.52239 9.75466
2450571.42537 8.89626
2450582.32836 8.58345
2450593.23134 5.60675
2450604.13433 6.47430
2450615.03731 8.76435
2450625.94030 11.57077
2450636.84328 7.96049
2450647.74627 4.93903
2450658.64925 3.69173
2450844.00000 2.59654
2450854.90299 4.92028
2450865.80597 6.29273
2450876.70896 5.72763
2450887.61194 3.51023
2450898.51493 2.29589
2450909.41791 2.61589
2450920.32090 4.56264
2450931.22388 5.70541
2450942.12687 5.04347
2450953.02985 2.58952
2450963.93284 1.55479
2450974.83582 3.02148
2450985.73881 4.90122
2450996.64179 5.65504
2451007.54478 3.71484
2451018.44776 1.60472
2451214.70149 2.39102
2451225.60448 4.90288
2451236.50746 6.34634
2451247.41045 6.57858
2451258.31343 4.27917
2451269.21642 2.85330
2451280.11940 3.93427
2451291.02239 6.44210
2451301.92537 7.77842
2451312.82836 7.32892
2451323.73134 4.38620
2451334.63433 4.19663
2451345.53731 7.25583
2451356.44030 9.09486
2451367.34328 8.11260
2451378.24627 6.49370
2451389.14925 4.98593
2451574.50000 10.22508
2451585.40299 11.10472
2451596.30597 12.74422
2451607.20896 15.47931
2451618.11194 14.44562
2451629.01493 10.37367
2451639.91791 13.08752
2451650.82090 13.66483
2451661.72388 18.48889
2451672.62687 14.44551
2451683.52985 15.04764
2451694.43284 12.42087
2451705.33582 15.84437
2451716.23881 15.43702
2451727.14179 19.26253
2451738.04478 16.07511
2451748.94776 14.67443
2451945.20149 20.32528
2451956.10448 21.49282
2451967.00746 22.37402
2451977.91045 22.30678
2451988.81343 21.50550
2451999.71642 22.91562
2452010.61940 18.45553
2452021.52239 20.47150
2452032.42537 22.21993
2452043.32836 24.24814
2452054.23134 26.12629
2452065.13433 20.22653
2452076.03731 23.46305
2452086.94030 25.99004
2452097.84328 25.68732
2452108.74627 24.43115
2452119.64925 23.23501
2452305.00000 23.94658
2452315.90299 18.23007
2452326.80597 22.27740
2452337.70896 30.32533
2452348.61194 29.00748
2452359.51493 30.22692
2452370.41791 26.20438
2452381.32090 27.04896
2452392.22388 24.56983
2452403.12687 24.55924
2452414.02985 28.43441
2452424.93284 28.84776
2452435.83582 25.60365
2452446.73881 22.36516
2452457.64179 31.65506
2452468.54478 31.22398
2452479.44776 28.08841
2452675.70149 27.14546
2452686.60448 24.92624
2452697.50746 24.65273
2452708.41045 27.78768
2452719.31343 27.57325
2452730.21642 22.02451
2452741.11940 25.71110
2452752.02239 22.66468
2452762.92537 23.24541
2452773.82836 23.25447
2452784.73134 21.20786
2452795.63433 22.34034
2452806.53731 19.79388
2452817.44030 23.86471
2452828.34328 27.21519
2452839.24627 25.04038
2452850.14925 24.75453
2453035.50000 19.70300
2453046.40299 18.02291
2453057.30597 18.72960
2453068.20896 17.02311
2453079.11194 18.05013
2453090.01493 18.98907
2453100.91791 13.13939
2453111.82090 15.67772
2453122.72388 16.16599
2453133.62687 16.18522
2453144.52985 16.40288
2453155.43284 16.56252
2453166.33582 12.31949
2453177.23881 13.06739
2453188.14179 16.75893
2453199.04478 13.90528
2453209.94776 14.07641
2453406.20149 9.47870
2453417.10448 8.27462
2453428.00746 6.40202
2453438.91045 9.97097
2453449.81343 9.71012
2453460.71642 9.45288
2453471.61940 5.40523
2453482.52239 4.51532
2453493.42537 6.80801
2453504.32836 8.73963
2453515.23134 9.74728
2453526.13433 6.30597
2453537.03731 5.34506
2453547.94030 5.57305
2453558.84328 7.88176
2453569.74627 8.76536
2453580.64925 8.01485
2453766.00000 5.38783
2453776.90299 3.14381
2453787.80597 2.01360
2453798.70896 3.29217
2453809.61194 4.68165
2453820.51493 5.65295
2453831.41791 4.33522
2453842.32090 2.11541
2453853.22388 2.44679
2453864.12687 3.54454
2453875.02985 5.77608
2453885.93284 5.45679
2453896.83582 3.55701
2453907.73881 2.13806
2453918.64179 2.82377
2453929.54478 4.58792
2453940.44776 6.67582
2454136.70149 8.15695
2454147.60448 4.56189
2454158.50746 4.59384
2454169.41045 7.08586
2454180.31343 9.05377
2454191.21642 9.18834
2454202.11940 7.18552
2454213.02239 5.57980
2454223.92537 6.49347
2454234.82836 8.20101
2454245.73134 9.15963
2454256.63433 7.33142
2454267.53731 8.07331
2454278.44030 6.91554
2454289.34328 9.56289
2454300.24627 11.34341
2454311.14925 11.71549
2454496.50000 15.41562
2454507.40299 11.51824
2454518.30597 11.94971
2454529.20896 15.28383
2454540.11194 17.28146
2454551.01493 16.00366
2454561.91791 17.72299
2454572.82090 14.33367
2454583.72388 13.87099
2454594.62687 16.43831
2454605.52985 17.15659
2454616.43284 18.27153
2454627.33582 18.48384
2454638.23881 13.87750
2454649.14179 17.09064
2454660.04478 17.90642
2454670.94776 20.17796
2454867.20149 24.96823
2454878.10448 24.11806
2454889.00746 18.63902
2454899.91045 20.78153
2454910.81343 27.16871
2454921.71642 23.85754
2454932.61940 26.52431
2454943.52239 23.68535
2454954.42537 20.87945
2454965.32836 22.04002
2454976.23134 24.40160
2454987.13433 31.39270
2454998.03731 28.18031
2455008.94030 25.20897
2455019.84328 27.27582
2455030.74627 25.77751
2455041.64925 28.55483
2455227.00000 27.60225
2455237.90299 31.59598
2455248.80597 28.10675
2455259.70896 25.16505
2455270.61194 24.24440
2455281.51493 28.83365
2455292.41791 26.08443
2455303.32090 26.36747
2455314.22388 24.46943
2455325.12687 22.20436
2455336.02985 29.41291
2455346.93284 31.69439
2455357.83582 31.30195
2455368.73881 26.05662
2455379.64179 26.31777
2455390.54478 20.59456
2455401.44776 27.67090
2455597.70149 27.82916
2455608.60448 25.93612
2455619.50746 20.60316
2455630.41045 21.22304
2455641.31343 22.97257
2455652.21642 25.92543
2455663.11940 23.77362
2455674.02239 24.60624
2455684.92537 19.98635
2455695.82836 17.27454
2455706.73134 25.40017
2455717.63433 20.85346
2455728.53731 25.91102
2455739.44030 23.26143
2455750.34328 20.67620
2455761.24627 19.72886
2455772.14925 19.68336
2455957.50000 18.43208
