2445000.00000 17.43090
2445010.90299 5.33770
2445021.80597 0.73372
2445032.70896 12.33515
2445043.61194 26.12535
2445054.51493 15.66751
2445065.41791 2.87338
2445076.32090 5.41037
2445087.22388 19.61830
2445098.12687 18.50484
2445109.02985 11.04456
2445119.93284 2.85837
2445130.83582 13.06059
2445141.73881 21.25702
2445152.64179 22.81457
2445163.54478 6.35877
2445174.44776 5.97831
2445370.70149 6.24986
2445381.60448 13.88100
2445392.50746 24.84655
2445403.41045 21.85960
2445414.31343 10.02497
2445425.21642 8.11431
2445436.11940 19.44956
2445447.02239 30.21971
2445457.92537 23.39610
2445468.82836 7.97682
2445479.73134 10.29936
2445490.63433 22.84540
2445501.53731 27.30618
2445512.44030 13.66797
2445523.34328 8.36112
2445534.24627 16.75685
2445545.14925 21.44258
2445730.50000 7.01623
2445741.40299 19.03890
2445752.30597 29.85693
2445763.20896 14.49539
2445774.11194 4.64627
2445785.01493 12.15128
2445795.91791 27.19611
2445806.82090 20.25682
2445817.72388 8.54411
2445828.62687 3.89327
2445839.52985 16.85761
2445850.43284 22.12037
2445861.33582 15.03582
2445872.23881 3.34187
2445883.14179 4.33080
2445894.04478 17.88738
2445904.94776 23.63138
2446101.20149 13.58890
2446112.10448 9.70838
2446123.00746 -3.80652
2446133.91045 -3.83629
2446144.81343 8.76490
2446155.71642 12.23675
2446166.61940 1.84952
2446177.52239 -7.71057
2446188.42537 -1.55597
2446199.32836 8.72012
2446210.23134 8.67238
2446221.13433 -5.56028
2446232.03731 -10.00990
2446242.94030 1.43780
2446253.84328 8.92189
2446264.74627 2.13706
2446275.64925 -9.03440
2446461.00000 0.65264
2446471.90299 -10.59236
2446482.80597 -18.33952
2446493.70896 -8.65256
2446504.61194 1.13718
2446515.51493 -5.10287
2446526.41791 -20.05812
2446537.32090 -15.49571
2446548.22388 -4.18847
2446559.12687 -0.76607
2446570.02985 -12.96187
2446580.93284 -18.44389
2446591.83582 -14.21977
2446602.73881 -2.98620
2446613.64179 -5.24619
2446624.54478 -16.25193
2446635.44776 -21.02543
2446831.70149 -25.76803
2446842.60448 -22.80300
2446853.50746 -9.89992
2446864.41045 -8.42272
2446875.31343 -18.76348
2446886.21642 -28.52721
2446897.11940 -17.94641
2446908.02239 -8.17439
2446918.92537 -14.44408
2446929.82836 -26.68694
2446940.73134 -29.50392
2446951.63433 -15.79864
2446962.53731 -6.35863
2446973.44030 -19.14506
2446984.34328 -26.65269
2446995.24627 -18.69423
2447006.14925 -7.81851
2447191.50000 -22.32571
2447202.40299 -14.64345
2447213.30597 -5.36011
2447224.20896 -16.81742
2447235.11194 -25.26279
2447246.01493 -20.47873
2447256.91791 -7.16525
2447267.82090 -7.50626
2447278.72388 -18.08602
2447289.62687 -23.28107
2447300.52985 -16.20576
2447311.43284 -4.57532
2447322.33582 -10.60345
2447333.23881 -22.91801
2447344.14179 -20.19456
2447355.04478 -7.27804
2447365.94776 -3.74653
2447562.20149 1.83755
2447573.10448 -1.99856
2447584.00746 -14.11275
2447594.91045 -17.56318
2447605.81343 -3.28945
2447616.71642 3.80759
2447627.61940 -4.56203
2447638.52239 -14.30869
2447649.42537 -8.61782
2447660.32836 3.87145
2447671.23134 4.38207
2447682.13433 -8.73882
2447693.03731 -13.44284
2447703.94030 -3.52876
2447714.84328 7.52499
2447725.74627 2.19927
2447736.64925 -11.57351
2447922.00000 14.12638
2447932.90299 2.99851
2447943.80597 -4.54489
2447954.70896 4.58747
2447965.61194 17.94498
2447976.51493 9.65557
2447987.41791 -0.08503
2447998.32090 -1.37960
2448009.22388 10.66130
2448020.12687 19.72849
2448031.02985 8.23374
2448041.93284 -1.16460
2448052.83582 4.39336
2448063.73881 19.23132
2448074.64179 16.83060
2448085.54478 6.37603
2448096.44776 0.42853
2448292.70149 6.44914
2448303.60448 10.89616
2448314.50746 24.54465
2448325.41045 24.12218
2448336.31343 15.29451
2448347.21642 5.56237
2448358.11940 15.10716
2448369.02239 30.42876
2448379.92537 26.25186
2448390.82836 9.44380
2448401.73134 7.76001
2448412.63433 21.74926
2448423.53731 21.07831
2448434.44030 21.46835
2448445.34328 8.65137
2448456.24627 11.28790
2448467.14925 21.94621
2448652.50000 7.10044
2448663.40299 20.87564
2448674.30597 29.83673
2448685.20896 23.29924
2448696.11194 7.64476
2448707.01493 11.40821
2448717.91791 21.37152
2448728.82090 20.75479
2448739.72388 13.23216
2448750.62687 5.89381
2448761.52985 12.75999
2448772.43284 30.22608
2448783.33582 25.77689
2448794.23881 8.49440
2448805.14179 7.30487
2448816.04478 20.67182
2448826.94776 28.99848
2449023.20149 22.06951
2449034.10448 17.95390
2449045.00746 4.17441
2449055.91045 -0.16700
2449066.81343 10.49177
2449077.71642 20.51135
2449088.61940 9.97024
2449099.52239 -1.36889
2449110.42537 1.46893
2449121.32836 14.13848
2449132.23134 15.93252
2449143.13433 5.20623
2449154.03731 -5.24870
2449164.94030 3.68413
2449175.84328 16.16791
2449186.74627 10.12157
2449197.64925 -2.70249
2449383.00000 7.66599
2449393.90299 -3.42960
2449404.80597 -13.82870
2449415.70896 -5.68960
2449426.61194 6.06899
2449437.51493 3.12487
2449448.41791 -9.84053
2449459.32090 -15.00302
2449470.22388 -3.18938
2449481.12687 5.35325
2449492.02985 -4.32904
2449502.93284 -16.81296
2449513.83582 -12.87830
2449524.73881 -0.26082
2449535.64179 1.96972
2449546.54478 -9.81881
2449557.44776 -19.92646
2449753.70149 -23.31249
2449764.60448 -24.39743
2449775.50746 -8.77721
2449786.41045 -4.50141
2449797.31343 -16.04193
2449808.21642 -27.72328
2449819.11940 -21.54824
2449830.02239 -6.73371
2449840.92537 -8.66766
2449851.82836 -24.96197
2449862.73134 -24.92959
2449873.63433 -14.16750
2449884.53731 -6.49096
2449895.44030 -14.34801
2449906.34328 -28.21266
2449917.24627 -25.73768
2449928.14925 -9.54281
2450113.50000 -34.18905
2450124.40299 -18.56211
2450135.30597 -7.57914
2450146.20896 -15.13184
2450157.11194 -25.33667
2450168.01493 -23.73856
2450178.91791 -13.34887
2450189.82090 -7.52506
2450200.72388 -19.49214
2450211.62687 -25.82899
2450222.52985 -21.17261
2450233.43284 -8.96008
2450244.33582 -10.98022
2450255.23881 -22.79235
2450266.14179 -29.34044
2450277.04478 -15.33030
2450287.94776 -6.86905
2450484.20149 -4.62876
2450495.10448 -4.52170
2450506.00746 -17.76628
2450516.91045 -18.74467
2450527.81343 -9.99280
2450538.71642 -0.87884
2450549.61940 -8.76048
2450560.52239 -22.14089
2450571.42537 -19.76657
2450582.32836 -4.47760
2450593.23134 0.23397
2450604.13433 -11.87890
2450615.03731 -20.57885
2450625.94030 -13.84621
2450636.84328 0.87297
2450647.74627 -1.06963
2450658.64925 -13.94859
2450844.00000 7.21088
2450854.90299 -0.12988
2450865.80597 -10.97982
2450876.70896 -4.05468
2450887.61194 9.75639
2450898.51493 10.35832
2450909.41791 -3.13219
2450920.32090 -8.20830
2450931.22388 2.48701
2450942.12687 15.63769
2450953.02985 7.66285
2450963.93284 -5.68289
2450974.83582 -3.66384
2450985.73881 11.15292
2450996.64179 14.02422
2451007.54478 3.57169
2451018.44776 -4.95970
2451214.70149 3.70134
2451225.60448 3.71610
2451236.50746 15.69853
2451247.41045 22.99648
2451258.31343 12.62965
2451269.21642 3.34949
2451280.11940 8.49381
2451291.02239 18.34233
2451301.92537 17.89431
2451312.82836 8.91408
2451323.73134 3.87141
2451334.63433 14.43026
2451345.53731 22.21758
2451356.44030 19.55943
2451367.34328 6.89561
2451378.24627 8.13163
2451389.14925 24.65422
2451574.50000 7.19177
2451585.40299 19.33064
2451596.30597 25.34714
2451607.20896 24.15711
2451618.11194 11.17188
2451629.01493 9.30767
2451639.91791 18.83334
2451650.82090 25.89828
2451661.72388 18.20083
2451672.62687 8.66320
2451683.52985 17.22260
2451694.43284 23.70058
2451705.33582 24.05367
2451716.23881 13.15813
2451727.14179 8.50615
2451738.04478 19.65860
2451748.94776 28.65431
2451945.20149 23.28677
2451956.10448 24.42760
2451967.00746 11.28689
2451977.91045 3.69167
2451988.81343 10.45511
2451999.71642 19.64089
2452010.61940 19.19300
2452021.52239 5.55683
2452032.42537 3.91014
2452043.32836 16.61256
2452054.23134 20.74538
2452065.13433 12.20000
2452076.03731 1.24423
2452086.94030 7.49658
2452097.84328 15.07047
2452108.74627 17.64427
2452119.64925 4.54407
2452305.00000 14.84143
2452315.90299 5.71718
2452326.80597 -6.70314
2452337.70896 -3.18896
2452348.61194 9.05025
2452359.51493 12.09447
2452370.41791 -1.62524
2452381.32090 -9.86215
2452392.22388 -0.43507
2452403.12687 10.75527
2452414.02985 5.75121
2452424.93284 -9.05802
2452435.83582 -10.05589
2452446.73881 2.99482
2452457.64179 8.03176
2452468.54478 -2.22169
2452479.44776 -13.26008
2452675.70149 -18.21651
2452686.60448 -17.22631
2452697.50746 -8.04416
2452708.41045 0.25310
2452719.31343 -7.58100
2452730.21642 -19.32288
2452741.11940 -15.69187
2452752.02239 -4.95906
2452762.92537 -2.72235
2452773.82836 -15.83151
2452784.73134 -24.11900
2452795.63433 -13.49591
2452806.53731 -2.78445
2452817.44030 -7.86304
2452828.34328 -21.37164
2452839.24627 -26.05632
2452850.14925 -9.34546
2453035.50000 -31.48996
2453046.40299 -18.72613
2453057.30597 -8.50069
2453068.20896 -10.95867
2453079.11194 -26.50771
2453090.01493 -33.24677
2453100.91791 -15.41114
2453111.82090 -7.38761
2453122.72388 -17.54946
2453133.62687 -25.16028
2453144.52985 -22.64687
2453155.43284 -10.83029
2453166.33582 -9.36375
2453177.23881 -22.69644
2453188.14179 -25.76439
2453199.04478 -18.24765
2453209.94776 -8.46113
2453406.20149 -11.11869
2453417.10448 -5.57004
2453428.00746 -19.42340
2453438.91045 -31.74044
2453449.81343 -17.66074
2453460.71642 -6.78614
2453471.61940 -8.47592
2453482.52239 -24.34303
2453493.42537 -26.72316
2453504.32836 -12.46517
2453515.23134 -4.04784
2453526.13433 -12.92463
2453537.03731 -24.98910
2453547.94030 -19.13448
2453558.84328 -5.73031
2453569.74627 -3.47188
2453580.64925 -14.06057
2453766.00000 4.40307
2453776.90299 -3.07613
2453787.80597 -15.00770
2453798.70896 -12.24409
2453809.61194 0.66612
2453820.51493 5.70209
2453831.41791 -5.78375
2453842.32090 -15.42806
2453853.22388 -6.05460
2453864.12687 6.45157
2453875.02985 3.79063
2453885.93284 -10.27229
2453896.83582 -10.84808
2453907.73881 1.04678
2453918.64179 9.15865
2453929.54478 0.74383
2453940.44776 -10.65690
2454136.70149 1.41638
2454147.60448 -3.27663
2454158.50746 7.32731
2454169.41045 18.45206
2454180.31343 11.98283
2454191.21642 -0.57897
2454202.11940 1.51894
2454213.02239 17.58678
2454223.92537 21.73502
2454234.82836 8.84762
2454245.73134 -0.31815
2454256.63433 7.11502
2454267.53731 22.26609
2454278.44030 19.99325
2454289.34328 4.15881
2454300.24627 2.60250
2454311.14925 14.74440
2454496.50000 5.28220
2454507.40299 13.61199
2454518.30597 25.57002
2454529.20896 24.80578
2454540.11194 12.98545
2454551.01493 6.48789
2454561.91791 18.93508
2454572.82090 30.76311
2454583.72388 19.95108
2454594.62687 9.14919
2454605.52985 9.31052
2454616.43284 22.16025
2454627.33582 32.77583
2454638.23881 18.32022
2454649.14179 7.66758
2454660.04478 17.35283
2454670.94776 26.60601
2454867.20149 22.72549
2454878.10448 31.91268
2454889.00746 14.04505
2454899.91045 6.45983
2454910.81343 12.80232
2454921.71642 29.54378
2454932.61940 25.92033
2454943.52239 11.86199
2454954.42537 6.21029
2454965.32836 22.58044
2454976.23134 25.42677
2454987.13433 20.25146
2454998.03731 5.21396
2455008.94030 9.29626
2455019.84328 16.88713
2455030.74627 22.70814
2455041.64925 12.10108
2455227.00000 20.50378
2455237.90299 15.47850
2455248.80597 0.68143
2455259.70896 0.03582
2455270.61194 13.70691
2455281.51493 19.41509
2455292.41791 7.34917
2455303.32090 -3.63831
2455314.22388 2.61180
2455325.12687 13.70790
2455336.02985 13.83701
2455346.93284 0.10084
2455357.83582 -5.49558
2455368.73881 5.30052
2455379.64179 14.14503
2455390.54478 6.60875
2455401.44776 -4.78787
2455597.70149 -6.65881
2455608.60448 -12.60414
2455619.50746 -5.49711
2455630.41045 4.66842
2455641.31343 -0.37807
2455652.21642 -13.01856
2455663.11940 -13.96156
2455674.02239 -1.63360
2455684.92537 3.06051
2455695.82836 -6.59203
2455706.73134 -18.06079
2455717.63433 -11.53582
2455728.53731 0.33911
2455739.44030 -0.87795
2455750.34328 -13.47052
2455761.24627 -18.02438
2455772.14925 -8.09273
2455957.50000 -27.11320
