2445000.00000 -1.76987
2445010.90299 -3.54191
2445021.80597 -4.79001
2445032.70896 -7.04711
2445043.61194 -4.15887
2445054.51493 -1.75280
2445065.41791 -1.57862
2445076.32090 -4.00402
2445087.22388 -6.28569
2445098.12687 -5.33968
2445109.02985 -3.41842
2445119.93284 -1.23483
2445130.83582 -1.59517
2445141.73881 -4.09687
2445152.64179 -5.86988
2445163.54478 -5.49385
2445174.44776 -2.85607
2445370.70149 -0.53007
2445381.60448 -0.39623
2445392.50746 -2.86562
2445403.41045 -5.24736
2445414.31343 -4.87912
2445425.21642 -2.14723
2445436.11940 0.02918
2445447.02239 -0.38880
2445457.92537 -3.19765
2445468.82836 -5.11237
2445479.73134 -3.59048
2445490.63433 -1.21546
2445501.53731 0.52915
2445512.44030 -0.45687
2445523.34328 -2.93578
2445534.24627 -5.18539
2445545.14925 -3.57173
2445730.50000 -2.74790
2445741.40299 -0.59441
2445752.30597 1.68520
2445763.20896 1.34439
2445774.11194 -0.92346
2445785.01493 -3.36631
2445795.91791 -2.01048
2445806.82090 0.40209
2445817.72388 2.18163
2445828.62687 1.44815
2445839.52985 -1.12718
2445850.43284 -3.20705
2445861.33582 -1.53860
2445872.23881 1.27642
2445883.14179 2.68207
2445894.04478 1.24951
2445904.94776 -1.35272
2446101.20149 -1.08797
2446112.10448 -0.44373
2446123.00746 1.88511
2446133.91045 4.46163
2446144.81343 3.10802
2446155.71642 0.89366
2446166.61940 -0.98479
2446177.52239 0.31240
2446188.42537 3.27605
2446199.32836 4.32087
2446210.23134 2.60044
2446221.13433 0.63944
2446232.03731 -0.47296
2446242.94030 0.97932
2446253.84328 4.21641
2446264.74627 5.58031
2446275.64925 3.68464
2446461.00000 5.28769
2446471.90299 2.38131
2446482.80597 0.58808
2446493.70896 1.78878
2446504.61194 4.99722
2446515.51493 6.60704
2446526.41791 4.97043
2446537.32090 2.24217
2446548.22388 0.97899
2446559.12687 2.74013
2446570.02985 5.66933
2446580.93284 6.70482
2446591.83582 5.02206
2446602.73881 1.89220
2446613.64179 1.29134
2446624.54478 3.29455
2446635.44776 6.01648
2446831.70149 7.50562
2446842.60448 4.94136
2446853.50746 3.54874
2446864.41045 1.68498
2446875.31343 3.41220
2446886.21642 6.06596
2446897.11940 6.38324
2446908.02239 4.45630
2446918.92537 2.91994
2446929.82836 1.71222
2446940.73134 3.83623
2446951.63433 4.96836
2446962.53731 5.95942
2446973.44030 5.14643
2446984.34328 2.29440
2446995.24627 1.75821
2447006.14925 4.29436
2447191.50000 2.92386
2447202.40299 5.92651
2447213.30597 6.73536
2447224.20896 4.47530
2447235.11194 2.38215
2447246.01493 1.07785
2447256.91791 3.43974
2447267.82090 6.02453
2447278.72388 6.46629
2447289.62687 4.83287
2447300.52985 1.95276
2447311.43284 1.30554
2447322.33582 4.08053
2447333.23881 6.23118
2447344.14179 5.96602
2447355.04478 3.67225
2447365.94776 1.28257
2447562.20149 0.46813
2447573.10448 2.01029
2447584.00746 4.57363
2447594.91045 5.13249
2447605.81343 3.23267
2447616.71642 0.84286
2447627.61940 0.34026
2447638.52239 2.62183
2447649.42537 4.82318
2447660.32836 5.08129
2447671.23134 2.51303
2447682.13433 0.22135
2447693.03731 0.23321
2447703.94030 2.42984
2447714.84328 5.02336
2447725.74627 4.32932
2447736.64925 1.54694
2447922.00000 1.80546
2447932.90299 -0.83935
2447943.80597 -1.55260
2447954.70896 0.56384
2447965.61194 3.20661
2447976.51493 3.65717
2447987.41791 1.14609
2447998.32090 -1.45558
2448009.22388 -1.56990
2448020.12687 0.84409
2448031.02985 3.40252
2448041.93284 2.39954
2448052.83582 0.06017
2448063.73881 -2.47095
2448074.64179 -1.53719
2448085.54478 0.80968
2448096.44776 2.76408
2448292.70149 1.53504
2448303.60448 -0.90608
2448314.50746 -2.99751
2448325.41045 -3.60372
2448336.31343 -1.09546
2448347.21642 1.10532
2448358.11940 0.87034
2448369.02239 -1.75844
2448379.92537 -3.86150
2448390.82836 -4.24463
2448401.73134 -1.03225
2448412.63433 0.84562
2448423.53731 0.09910
2448434.44030 -2.48524
2448445.34328 -4.65686
2448456.24627 -3.65980
2448467.14925 -0.86596
2448652.50000 -2.86494
2448663.40299 -0.62500
2448674.30597 -0.80899
2448685.20896 -3.04866
2448696.11194 -5.49806
2448707.01493 -4.56175
2448717.91791 -2.42251
2448728.82090 -0.71722
2448739.72388 -1.28460
2448750.62687 -3.95064
2448761.52985 -6.03882
2448772.43284 -4.58899
2448783.33582 -2.56534
2448794.23881 -0.90732
2448805.14179 -1.92567
2448816.04478 -4.80272
2448826.94776 -6.25782
2449023.20149 -6.88324
2449034.10448 -3.73447
2449045.00746 -1.57307
2449055.91045 -2.04901
2449066.81343 -4.27572
2449077.71642 -7.48041
2449088.61940 -5.52095
2449099.52239 -3.53593
2449110.42537 -1.65875
2449121.32836 -2.67283
2449132.23134 -5.35673
2449143.13433 -7.14685
2449154.03731 -6.28264
2449164.94030 -2.86055
2449175.84328 -1.77676
2449186.74627 -3.56018
2449197.64925 -7.38197
2449383.00000 -5.21961
2449393.90299 -6.92877
2449404.80597 -5.54911
2449415.70896 -3.45622
2449426.61194 -1.63080
2449437.51493 -2.42892
2449448.41791 -5.31255
2449459.32090 -5.71272
2449470.22388 -5.28246
2449481.12687 -2.55329
2449492.02985 -1.56723
2449502.93284 -3.15715
2449513.83582 -5.99731
2449524.73881 -6.25317
2449535.64179 -4.59620
2449546.54478 -2.15342
2449557.44776 -1.39625
2449753.70149 -1.40483
2449764.60448 -3.73686
2449775.50746 -6.46239
2449786.41045 -4.64409
2449797.31343 -2.01103
2449808.21642 -0.49289
2449819.11940 -1.76278
2449830.02239 -3.92953
2449840.92537 -5.63518
2449851.82836 -3.51755
2449862.73134 -1.11868
2449873.63433 -0.24579
2449884.53731 -2.10080
2449895.44030 -5.30074
2449906.34328 -5.39352
2449917.24627 -2.95386
2449928.14925 -0.52603
2450113.50000 -0.45376
2450124.40299 0.99114
2450135.30597 -0.15045
2450146.20896 -2.63251
2450157.11194 -4.17883
2450168.01493 -2.29226
2450178.91791 0.32319
2450189.82090 1.39124
2450200.72388 -0.28363
2450211.62687 -2.83232
2450222.52985 -3.16037
2450233.43284 -1.22573
2450244.33582 1.16527
2450255.23881 1.70396
2450266.14179 -0.44329
2450277.04478 -3.23684
2450287.94776 -2.45825
2450484.20149 -0.53775
2450495.10448 1.86084
2450506.00746 2.21579
2450516.91045 1.52231
2450527.81343 -0.80912
2450538.71642 -1.68930
2450549.61940 0.25581
2450560.52239 3.22796
2450571.42537 3.00041
2450582.32836 1.35711
2450593.23134 -0.83211
2450604.13433 -0.96393
2450615.03731 0.97380
2450625.94030 3.12493
2450636.84328 4.07799
2450647.74627 1.27306
2450658.64925 -0.67224
2450844.00000 0.82262
2450854.90299 0.02980
2450865.80597 1.61542
2450876.70896 4.22808
2450887.61194 4.98642
2450898.51493 2.79836
2450909.41791 0.76354
2450920.32090 0.47483
2450931.22388 2.42576
2450942.12687 5.32600
2450953.02985 4.44551
2450963.93284 3.34170
2450974.83582 0.87220
2450985.73881 0.97392
2450996.64179 3.07900
2451007.54478 5.25041
2451018.44776 4.98878
2451214.70149 4.33646
2451225.60448 1.73007
2451236.50746 1.27002
2451247.41045 3.88046
2451258.31343 5.34419
2451269.21642 6.61615
2451280.11940 3.31205
2451291.02239 1.61573
2451301.92537 1.63837
2451312.82836 3.22815
2451323.73134 5.63470
2451334.63433 5.00230
2451345.53731 3.12301
2451356.44030 1.53380
2451367.34328 1.98137
2451378.24627 4.01504
2451389.14925 6.48131
2451574.50000 5.65892
2451585.40299 5.28049
2451596.30597 4.44891
2451607.20896 1.99227
2451618.11194 1.75780
2451629.01493 4.06146
2451639.91791 5.89889
2451650.82090 5.48920
2451661.72388 3.20704
2451672.62687 1.52069
2451683.52985 1.93874
2451694.43284 4.20912
2451705.33582 5.58938
2451716.23881 5.52339
2451727.14179 2.68909
2451738.04478 1.55620
2451748.94776 2.38032
2451945.20149 2.31539
2451956.10448 4.79409
2451967.00746 3.53649
2451977.91045 2.95348
2451988.81343 0.78112
2451999.71642 1.18397
2452010.61940 3.05643
2452021.52239 5.35001
2452032.42537 3.93658
2452043.32836 2.32198
2452054.23134 0.43462
2452065.13433 1.21560
2452076.03731 3.67747
2452086.94030 4.82472
2452097.84328 2.95888
2452108.74627 1.14880
2452119.64925 0.18987
2452305.00000 -0.38122
2452315.90299 -0.10746
2452326.80597 1.93710
2452337.70896 3.49442
2452348.61194 3.01899
2452359.51493 0.81969
2452370.41791 -0.78420
2452381.32090 -0.07788
2452392.22388 2.40492
2452403.12687 3.38216
2452414.02985 2.60453
2452424.93284 0.04759
2452435.83582 -1.36315
2452446.73881 -0.01687
2452457.64179 2.08442
2452468.54478 2.66891
2452479.44776 1.50788
2452675.70149 -0.48429
2452686.60448 -2.27758
2452697.50746 -1.61302
2452708.41045 0.53173
2452719.31343 1.92405
2452730.21642 0.73610
2452741.11940 -1.39103
2452752.02239 -2.71494
2452762.92537 -1.43307
2452773.82836 0.46350
2452784.73134 1.38315
2452795.63433 0.13962
2452806.53731 -1.85498
2452817.44030 -3.18994
2452828.34328 -1.54601
2452839.24627 0.51342
2452850.14925 0.98912
2453035.50000 0.23730
2453046.40299 -0.54685
2453057.30597 -2.71402
2453068.20896 -3.91560
2453079.11194 -3.66021
2453090.01493 -0.87643
2453100.91791 0.07042
2453111.82090 -1.06328
2453122.72388 -3.11169
2453133.62687 -4.03335
2453144.52985 -2.57221
2453155.43284 -0.74219
2453166.33582 -0.23102
2453177.23881 -1.85078
2453188.14179 -3.50751
2453199.04478 -4.64697
2453209.94776 -2.48358
2453406.20149 -1.78598
2453417.10448 -0.86698
2453428.00746 -2.08902
2453438.91045 -4.33250
2453449.81343 -5.71116
2453460.71642 -3.64667
2453471.61940 -1.73039
2453482.52239 -1.12873
2453493.42537 -2.50694
2453504.32836 -4.07392
2453515.23134 -4.20949
2453526.13433 -3.55796
2453537.03731 -1.48295
2453547.94030 -1.20389
2453558.84328 -2.99149
2453569.74627 -4.57837
2453580.64925 -4.61956
2453766.00000 -3.84191
2453776.90299 -3.73347
2453787.80597 -2.06464
2453798.70896 -1.21815
2453809.61194 -2.66765
2453820.51493 -4.52825
2453831.41791 -4.48898
2453842.32090 -3.27808
2453853.22388 -1.57413
2453864.12687 -1.17406
2453875.02985 -3.23697
2453885.93284 -4.86378
2453896.83582 -4.15985
2453907.73881 -3.20230
2453918.64179 -1.48946
2453929.54478 -1.52517
2453940.44776 -3.70244
2454136.70149 -4.34658
2454147.60448 -4.44723
2454158.50746 -3.01299
2454169.41045 -1.04960
2454180.31343 -0.87167
2454191.21642 -2.10582
2454202.11940 -4.96363
2454213.02239 -4.10985
2454223.92537 -2.45925
2454234.82836 -0.81502
2454245.73134 -0.89140
2454256.63433 -2.17304
2454267.53731 -3.87613
2454278.44030 -4.30040
2454289.34328 -2.13491
2454300.24627 -0.53312
2454311.14925 -0.90789
2454496.50000 0.11258
2454507.40299 -1.18888
2454518.30597 -3.13632
2454529.20896 -3.09698
2454540.11194 -1.84462
2454551.01493 0.12519
2454561.91791 0.22919
2454572.82090 -1.30670
2454583.72388 -2.30114
2454594.62687 -2.88613
2454605.52985 -0.93130
2454616.43284 0.46662
2454627.33582 0.23513
2454638.23881 -1.37576
2454649.14179 -2.60360
2454660.04478 -2.09802
2454670.94776 -0.31241
2454867.20149 1.25811
2454878.10448 1.34444
2454889.00746 -0.06094
2454899.91045 -1.63107
2454910.81343 -1.38660
2454921.71642 0.23852
2454932.61940 1.61535
2454943.52239 1.43002
2454954.42537 -0.20665
2454965.32836 -1.44589
2454976.23134 -1.00939
2454987.13433 0.88890
2454998.03731 2.06080
2455008.94030 1.80783
2455019.84328 -0.24107
2455030.74627 -1.20629
2455041.64925 -0.33687
2455227.00000 -0.25085
2455237.90299 1.53984
2455248.80597 2.67443
2455259.70896 2.42273
2455270.61194 1.14681
2455281.51493 -0.21690
2455292.41791 0.17641
2455303.32090 2.31032
2455314.22388 3.56097
2455325.12687 2.62156
2455336.02985 0.97622
2455346.93284 -0.09405
2455357.83582 0.69777
2455368.73881 2.36183
2455379.64179 3.36579
2455390.54478 2.48162
2455401.44776 0.76700
2455597.70149 0.62549
2455608.60448 1.06638
2455619.50746 2.78036
2455630.41045 3.92189
2455641.31343 3.70265
2455652.21642 1.58165
2455663.11940 0.80660
2455674.02239 1.45013
2455684.92537 3.22578
2455695.82836 3.69849
2455706.73134 3.03702
2455717.63433 1.79212
2455728.53731 0.84162
2455739.44030 2.04553
2455750.34328 3.86801
2455761.24627 4.16814
2455772.14925 3.05679
2455957.50000 4.23096
