2445000.00000 -4.07189
2445010.90299 1.52388
2445021.80597 -3.49536
2445032.70896 -1.03253
2445043.61194 -0.49941
2445054.51493 -3.99054
2445065.41791 1.52618
2445076.32090 -4.53841
2445087.22388 0.86125
2445098.12687 -2.39000
2445109.02985 -1.77035
2445119.93284 -0.11636
2445130.83582 -4.06381
2445141.73881 1.37064
2445152.64179 -4.57335
2445163.54478 -0.07271
2445174.44776 -2.65188
2445370.70149 -0.05490
2445381.60448 -3.21080
2445392.50746 -2.40878
2445403.41045 -0.78202
2445414.31343 -4.45201
2445425.21642 0.53636
2445436.11940 -4.30834
2445447.02239 -0.82875
2445457.92537 -2.70007
2445468.82836 -3.97724
2445479.73134 -0.23016
2445490.63433 -6.03205
2445501.53731 0.48720
2445512.44030 -4.76789
2445523.34328 -1.51138
2445534.24627 -2.17832
2445545.14925 -4.21037
2445730.50000 -0.47867
2445741.40299 -2.54630
2445752.30597 -3.10631
2445763.20896 0.23378
2445774.11194 -4.68897
2445785.01493 0.95907
2445795.91791 -4.59099
2445806.82090 -0.83792
2445817.72388 -1.51237
2445828.62687 -2.95339
2445839.52985 0.86706
2445850.43284 -4.43856
2445861.33582 1.02672
2445872.23881 -3.46812
2445883.14179 -1.41274
2445894.04478 -0.40082
2445904.94776 -4.20130
2446101.20149 -0.16264
2446112.10448 -2.38134
2446123.00746 2.25938
2446133.91045 -3.71086
2446144.81343 2.44168
2446155.71642 -2.25513
2446166.61940 -0.04854
2446177.52239 0.99783
2446188.42537 -2.62957
2446199.32836 3.21218
2446210.23134 -3.27201
2446221.13433 2.23974
2446232.03731 -0.85868
2446242.94030 -0.41153
2446253.84328 1.71342
2446264.74627 -2.66541
2446275.64925 3.32896
2446461.00000 2.21378
2446471.90299 -0.99149
2446482.80597 4.33694
2446493.70896 -1.71191
2446504.61194 3.89254
2446515.51493 0.49909
2446526.41791 0.90801
2446537.32090 3.16198
2446548.22388 -1.26611
2446559.12687 4.16943
2446570.02985 -0.95136
2446580.93284 3.31220
2446591.83582 1.54421
2446602.73881 0.51386
2446613.64179 4.34948
2446624.54478 -1.06500
2446635.44776 4.71890
2446831.70149 -0.46049
2446842.60448 5.47926
2446853.50746 -0.15622
2446864.41045 3.56485
2446875.31343 2.10006
2446886.21642 1.25827
2446897.11940 5.17228
2446908.02239 -0.59889
2446918.92537 4.78604
2446929.82836 0.42151
2446940.73134 3.57784
2446951.63433 2.99982
2446962.53731 0.50138
2446973.44030 4.95065
2446984.34328 -0.63754
2446995.24627 4.90432
2447006.14925 0.83843
2447191.50000 -1.03984
2447202.40299 5.17978
2447213.30597 0.09693
2447224.20896 2.88578
2447235.11194 3.10152
2447246.01493 -0.04249
2447256.91791 3.88586
2447267.82090 -1.22037
2447278.72388 5.09873
2447289.62687 0.35771
2447300.52985 1.48050
2447311.43284 3.07397
2447322.33582 -0.88817
2447333.23881 4.39204
2447344.14179 -1.19798
2447355.04478 3.20848
2447365.94776 0.78707
2447562.20149 3.15616
2447573.10448 -0.69906
2447584.00746 0.43513
2447594.91045 2.15975
2447605.81343 -2.26322
2447616.71642 3.60997
2447627.61940 -2.38632
2447638.52239 2.13407
2447649.42537 -0.43213
2447660.32836 -0.72778
2447671.23134 2.40545
2447682.13433 -3.42733
2447693.03731 3.10532
2447703.94030 -2.61092
2447714.84328 1.28115
2447725.74627 -0.05199
2447736.64925 -1.91836
2447922.00000 0.56858
2447932.90299 -2.06852
2447943.80597 -2.30287
2447954.70896 1.06407
2447965.61194 -4.32444
2447976.51493 1.66379
2447987.41791 -3.70416
2447998.32090 -0.28507
2448009.22388 -1.51465
2448020.12687 -3.19837
2448031.02985 0.87765
2448041.93284 -4.65400
2448052.83582 0.98840
2448063.73881 -3.81302
2448074.64179 -1.37001
2448085.54478 -0.88331
2448096.44776 -3.88787
2448292.70149 -2.35575
2448303.60448 -4.51408
2448314.50746 0.29128
2448325.41045 -5.67098
2448336.31343 0.29975
2448347.21642 -3.86473
2448358.11940 -1.93092
2448369.02239 -1.53971
2448379.92537 -5.69528
2448390.82836 0.45929
2448401.73134 -6.17882
2448412.63433 -0.12590
2448423.53731 -3.87959
2448434.44030 -2.58557
2448445.34328 -0.88478
2448456.24627 -5.38320
2448467.14925 0.57282
2448652.50000 -1.06289
2448663.40299 -4.34576
2448674.30597 0.92064
2448685.20896 -4.76000
2448696.11194 0.24098
2448707.01493 -2.93216
2448717.91791 -2.40383
2448728.82090 -0.18352
2448739.72388 -4.61466
2448750.62687 0.92523
2448761.52985 -4.71381
2448772.43284 -0.11237
2448783.33582 -1.70941
2448794.23881 -3.05701
2448805.14179 0.52363
2448816.04478 -3.83997
2448826.94776 1.25232
2449023.20149 -3.26039
2449034.10448 2.03702
2449045.00746 -2.87314
2449055.91045 1.25897
2449066.81343 -0.64424
2449077.71642 -1.64887
2449088.61940 2.11154
2449099.52239 -2.91786
2449110.42537 2.51387
2449121.32836 -2.18718
2449132.23134 0.85331
2449143.13433 0.42425
2449154.03731 -1.70408
2449164.94030 2.70948
2449175.84328 -3.37916
2449186.74627 2.88923
2449197.64925 -1.32931
2449383.00000 -1.86510
2449393.90299 3.93835
2449404.80597 -0.94315
2449415.70896 2.34984
2449426.61194 1.88163
2449437.51493 -0.49204
2449448.41791 5.07720
2449459.32090 -1.58211
2449470.22388 3.96337
2449481.12687 0.02092
2449492.02985 1.54883
2449502.93284 3.10862
2449513.83582 -0.61234
2449524.73881 4.48465
2449535.64179 -1.15180
2449546.54478 3.39645
2449557.44776 0.87532
2449753.70149 4.70792
2449764.60448 0.79304
2449775.50746 2.72857
2449786.41045 3.56532
2449797.31343 -0.05270
2449808.21642 4.82713
2449819.11940 -0.45060
2449830.02239 4.88648
2449840.92537 1.81766
2449851.82836 1.71662
2449862.73134 4.52885
2449873.63433 -0.39352
2449884.53731 5.36569
2449895.44030 -0.07313
2449906.34328 3.96393
2449917.24627 2.17570
2449928.14925 1.12711
2450113.50000 4.22185
2450124.40299 1.37253
2450135.30597 1.53552
2450146.20896 3.58291
2450157.11194 -0.68509
2450168.01493 4.88716
2450178.91791 -0.61069
2450189.82090 3.36759
2450200.72388 2.04608
2450211.62687 0.43340
2450222.52985 3.44511
2450233.43284 -1.20484
2450244.33582 4.03805
2450255.23881 -0.24704
2450266.14179 2.19062
2450277.04478 2.21485
2450287.94776 -0.34451
2450484.20149 0.73239
2450495.10448 -0.81875
2450506.00746 3.01999
2450516.91045 -2.27251
2450527.81343 3.01829
2450538.71642 -1.30181
2450549.61940 0.98675
2450560.52239 1.18508
2450571.42537 -1.65814
2450582.32836 2.94123
2450593.23134 -2.58420
2450604.13433 2.86518
2450615.03731 -1.28934
2450625.94030 -0.13526
2450636.84328 1.16573
2450647.74627 -2.81787
2450658.64925 2.74400
2450844.00000 -0.23613
2450854.90299 -2.89937
2450865.80597 1.38155
2450876.70896 -3.94760
2450887.61194 1.05849
2450898.51493 -2.45742
2450909.41791 -1.73540
2450920.32090 0.09926
2450931.22388 -4.51355
2450942.12687 1.29388
2450953.02985 -3.88068
2450963.93284 0.20187
2450974.83582 -2.02079
2450985.73881 -2.48905
2450996.64179 0.48086
2451007.54478 -4.37440
2451018.44776 1.19078
2451214.70149 -4.96979
2451225.60448 0.66397
2451236.50746 -5.50609
2451247.41045 -0.56778
2451258.31343 -2.23542
2451269.21642 -3.34803
2451280.11940 -0.22200
2451291.02239 -5.09134
2451301.92537 0.56321
2451312.82836 -4.27783
2451323.73134 -1.34844
2451334.63433 -1.96783
2451345.53731 -3.91108
2451356.44030 0.21102
2451367.34328 -5.64057
2451378.24627 0.33440
2451389.14925 -3.13518
2451574.50000 -4.42131
2451585.40299 0.66429
2451596.30597 -4.00236
2451607.20896 -0.99198
2451618.11194 -1.38813
2451629.01493 -3.54220
2451639.91791 0.59358
2451650.82090 -4.45916
2451661.72388 0.77814
2451672.62687 -3.69569
2451683.52985 -1.49885
2451694.43284 -0.66116
2451705.33582 -3.87709
2451716.23881 0.98789
2451727.14179 -4.38566
2451738.04478 0.48349
2451748.94776 -2.18733
2451945.20149 1.84041
2451956.10448 -2.15092
2451967.00746 -0.36164
2451977.91045 0.55256
2451988.81343 -2.59782
2451999.71642 2.61358
2452010.61940 -2.94787
2452021.52239 1.95181
2452032.42537 -1.33620
2452043.32836 -0.68564
2452054.23134 1.70337
2452065.13433 -2.62336
2452076.03731 2.73597
2452086.94030 -2.48230
2452097.84328 1.55173
2452108.74627 -0.13891
2452119.64925 -1.09344
2452305.00000 3.62081
2452315.90299 0.19755
2452326.80597 0.58346
2452337.70896 3.49117
2452348.61194 -1.34340
2452359.51493 4.36811
2452370.41791 -1.27089
2452381.32090 2.68599
2452392.22388 1.25821
2452403.12687 0.29398
2452414.02985 3.60520
2452424.93284 -1.36748
2452435.83582 4.15560
2452446.73881 -0.41789
2452457.64179 2.49747
2452468.54478 2.41977
2452479.44776 -0.07091
2452675.70149 2.22778
2452686.60448 1.11687
2452697.50746 4.24368
2452708.41045 -0.51460
2452719.31343 4.31810
2452730.21642 0.28235
2452741.11940 2.76874
2452752.02239 2.71564
2452762.92537 0.49403
2452773.82836 4.47681
2452784.73134 -0.56201
2452795.63433 3.74931
2452806.53731 0.89977
2452817.44030 2.18325
2452828.34328 3.54403
2452839.24627 -0.00961
2452850.14925 4.64780
2453035.50000 3.15568
2453046.40299 0.17371
2453057.30597 4.90680
2453068.20896 -0.90917
2453079.11194 4.57640
2453090.01493 0.62447
2453100.91791 1.68920
2453111.82090 2.88978
2453122.72388 -0.50175
2453133.62687 4.57419
2453144.52985 -0.78719
2453155.43284 3.59320
2453166.33582 1.10809
2453177.23881 1.19776
2453188.14179 3.60036
2453199.04478 -0.87857
2453209.94776 4.05081
2453406.20149 -1.89221
2453417.10448 3.29574
2453428.00746 -1.83383
2453438.91045 2.39932
2453449.81343 -0.08187
2453460.71642 -0.30712
2453471.61940 1.96411
2453482.52239 -2.42707
2453493.42537 3.28741
2453504.32836 -1.71736
2453515.23134 1.40231
2453526.13433 0.26361
2453537.03731 -1.08349
2453547.94030 2.41536
2453558.84328 -2.62940
2453569.74627 2.73960
2453580.64925 -1.92151
2453766.00000 -3.12451
2453776.90299 1.75048
2453787.80597 -2.88749
2453798.70896 0.04498
2453809.61194 -1.11343
2453820.51493 -2.54439
2453831.41791 1.14245
2453842.32090 -3.50082
2453853.22388 1.25160
2453864.12687 -3.08392
2453875.02985 -1.01148
2453885.93284 -0.63672
2453896.83582 -3.49668
2453907.73881 1.06596
2453918.64179 -4.29323
2453929.54478 0.70655
2453940.44776 -3.23957
2454136.70149 0.39177
2454147.60448 -3.77851
2454158.50746 -1.49762
2454169.41045 -1.15034
2454180.31343 -3.90870
2454191.21642 0.49793
2454202.11940 -4.77726
2454213.02239 -0.06425
2454223.92537 -3.41317
2454234.82836 -2.89673
2454245.73134 -0.76944
2454256.63433 -4.64988
2454267.53731 0.54823
2454278.44030 -4.85288
2454289.34328 -0.44455
2454300.24627 -2.81963
2454311.14925 -3.69706
2454496.50000 0.07344
2454507.40299 -3.13196
2454518.30597 -2.63253
2454529.20896 -0.45341
2454540.11194 -5.08210
2454551.01493 0.89919
2454561.91791 -3.85156
2454572.82090 -0.21509
2454583.72388 -1.84186
2454594.62687 -3.29906
2454605.52985 0.30482
2454616.43284 -4.61728
2454627.33582 1.06524
2454638.23881 -3.92490
2454649.14179 -0.61522
2454660.04478 -1.09273
2454670.94776 -3.31021
2454867.20149 -1.02565
2454878.10448 -1.75821
2454889.00746 1.40156
2454899.91045 -3.34276
2454910.81343 1.99031
2454921.71642 -2.52987
2454932.61940 0.46286
2454943.52239 0.01695
2454954.42537 -1.89536
2454965.32836 2.35077
2454976.23134 -3.26077
2454987.13433 2.24413
2454998.03731 -2.01146
2455008.94030 0.19014
2455019.84328 1.07104
2455030.74627 -1.99279
2455041.64925 2.63813
2455227.00000 1.44441
2455237.90299 -0.56646
2455248.80597 3.24381
2455259.70896 -1.76099
2455270.61194 3.01424
2455281.51493 -0.29520
2455292.41791 1.14341
2455303.32090 2.22593
2455314.22388 -0.67862
2455325.12687 4.31697
2455336.02985 -1.40179
2455346.93284 3.60988
2455357.83582 0.55852
2455368.73881 1.03906
2455379.64179 3.28120
2455390.54478 -0.92215
2455401.44776 4.70837
2455597.70149 -0.11127
2455608.60448 4.02880
2455619.50746 -0.62436
2455630.41045 4.18545
2455641.31343 1.20308
2455652.21642 1.86778
2455663.11940 3.99106
2455674.02239 -0.34898
2455684.92537 4.25903
2455695.82836 -0.11931
2455706.73134 3.58724
2455717.63433 1.95668
2455728.53731 0.91605
2455739.44030 4.56548
2455750.34328 -0.46806
2455761.24627 5.14422
2455772.14925 0.36250
2455957.50000 -0.54486
