2445000.00000 9.40081
2445010.90299 6.42603
2445021.80597 11.11450
2445032.70896 4.33334
2445043.61194 11.75268
2445054.51493 8.67944
2445065.41791 6.97294
2445076.32090 9.02033
2445087.22388 6.41678
2445098.12687 12.85605
2445109.02985 6.57299
2445119.93284 9.92783
2445130.83582 9.33440
2445141.73881 6.54470
2445152.64179 13.21398
2445163.54478 6.09392
2445174.44776 9.84744
2445370.70149 8.42064
2445381.60448 8.82413
2445392.50746 14.46462
2445403.41045 8.03884
2445414.31343 12.59170
2445425.21642 8.40982
2445436.11940 12.01368
2445447.02239 11.46129
2445457.92537 8.33374
2445468.82836 15.46924
2445479.73134 7.72973
2445490.63433 12.56520
2445501.53731 11.17570
2445512.44030 10.37259
2445523.34328 13.24050
2445534.24627 8.68024
2445545.14925 15.78518
2445730.50000 16.66337
2445741.40299 10.88896
2445752.30597 15.02759
2445763.20896 11.65728
2445774.11194 11.85922
2445785.01493 14.50404
2445795.91791 11.21816
2445806.82090 14.62073
2445817.72388 11.50665
2445828.62687 12.34074
2445839.52985 15.73666
2445850.43284 8.65162
2445861.33582 16.67733
2445872.23881 12.09126
2445883.14179 12.69286
2445894.04478 15.09795
2445904.94776 13.41805
2446101.20149 17.95299
2446112.10448 11.98372
2446123.00746 16.87822
2446133.91045 12.24921
2446144.81343 13.24163
2446155.71642 15.79081
2446166.61940 12.61323
2446177.52239 18.06194
2446188.42537 13.40198
2446199.32836 13.80586
2446210.23134 14.22955
2446221.13433 11.96529
2446232.03731 20.01906
2446242.94030 12.19582
2446253.84328 18.00575
2446264.74627 13.62460
2446275.64925 14.33679
2446461.00000 15.33765
2446471.90299 18.02484
2446482.80597 11.71449
2446493.70896 17.06178
2446504.61194 11.17062
2446515.51493 14.04610
2446526.41791 16.38808
2446537.32090 11.15276
2446548.22388 20.22359
2446559.12687 11.27331
2446570.02985 18.94241
2446580.93284 14.25185
2446591.83582 12.87538
2446602.73881 19.90322
2446613.64179 12.91103
2446624.54478 17.02495
2446635.44776 12.84271
2446831.70149 15.79165
2446842.60448 15.44445
2446853.50746 12.68802
2446864.41045 15.05331
2446875.31343 10.25730
2446886.21642 12.53413
2446897.11940 13.23769
2446908.02239 14.69900
2446918.92537 16.01094
2446929.82836 11.20764
2446940.73134 18.73232
2446951.63433 14.30199
2446962.53731 16.44902
2446973.44030 14.07293
2446984.34328 12.73847
2446995.24627 15.69468
2447006.14925 8.58102
2447191.50000 9.93707
2447202.40299 13.21578
2447213.30597 9.54252
2447224.20896 13.74706
2447235.11194 14.45076
2447246.01493 8.23033
2447256.91791 18.97352
2447267.82090 9.63997
2447278.72388 14.31754
2447289.62687 12.14184
2447300.52985 11.44105
2447311.43284 14.83547
2447322.33582 10.02079
2447333.23881 13.38738
2447344.14179 10.41983
2447355.04478 11.26597
2447365.94776 15.07027
2447562.20149 7.30440
2447573.10448 14.09501
2447584.00746 7.55260
2447594.91045 11.26370
2447605.81343 8.20848
2447616.71642 7.14139
2447627.61940 14.01284
2447638.52239 5.24178
2447649.42537 10.50203
2447660.32836 6.84049
2447671.23134 9.67562
2447682.13433 9.57028
2447693.03731 5.08871
2447703.94030 10.03426
2447714.84328 5.18689
2447725.74627 9.37632
2447736.64925 8.77762
2447922.00000 7.97003
2447932.90299 5.05192
2447943.80597 11.05011
2447954.70896 3.41263
2447965.61194 10.20700
2447976.51493 4.31437
2447987.41791 5.84703
2447998.32090 7.36402
2448009.22388 4.04718
2448020.12687 8.53650
2448031.02985 3.63748
2448041.93284 6.91108
2448052.83582 8.18227
2448063.73881 3.58746
2448074.64179 12.78896
2448085.54478 2.84726
2448096.44776 7.89381
2448292.70149 3.79670
2448303.60448 5.23704
2448314.50746 7.15445
2448325.41045 1.83545
2448336.31343 9.59447
2448347.21642 2.37124
2448358.11940 6.57305
2448369.02239 4.34898
2448379.92537 2.44161
2448390.82836 8.29152
2448401.73134 1.61394
2448412.63433 8.48107
2448423.53731 3.84192
2448434.44030 4.43125
2448445.34328 7.39435
2448456.24627 1.46516
2448467.14925 9.51589
2448652.50000 9.99452
2448663.40299 1.82666
2448674.30597 5.13104
2448685.20896 6.00221
2448696.11194 3.98164
2448707.01493 9.26877
2448717.91791 1.71171
2448728.82090 8.92196
2448739.72388 4.15924
2448750.62687 4.65639
2448761.52985 7.37386
2448772.43284 2.03893
2448783.33582 9.75032
2448794.23881 3.22404
2448805.14179 6.47084
2448816.04478 6.10304
2448826.94776 2.91721
2449023.20149 9.38535
2449034.10448 3.28868
2449045.00746 10.11008
2449055.91045 6.51957
2449066.81343 6.77514
2449077.71642 10.82274
2449088.61940 3.74500
2449099.52239 11.10051
2449110.42537 4.14190
2449121.32836 8.29248
2449132.23134 9.14270
2449143.13433 4.82990
2449154.03731 13.26292
2449164.94030 4.62872
2449175.84328 12.84235
2449186.74627 7.65225
2449197.64925 7.64571
2449383.00000 9.06739
2449393.90299 11.89989
2449404.80597 6.01080
2449415.70896 15.92088
2449426.61194 6.79404
2449437.51493 12.18329
2449448.41791 10.13647
2449459.32090 7.59384
2449470.22388 13.28366
2449481.12687 7.21054
2449492.02985 13.49759
2449502.93284 8.96396
2449513.83582 11.28739
2449524.73881 17.28090
2449535.64179 6.10071
2449546.54478 15.55795
2449557.44776 8.84164
2449753.70149 16.59711
2449764.60448 11.86876
2449775.50746 11.76827
2449786.41045 19.54064
2449797.31343 8.83802
2449808.21642 16.81289
2449819.11940 13.00504
2449830.02239 14.53796
2449840.92537 17.73579
2449851.82836 9.34600
2449862.73134 19.33767
2449873.63433 12.55835
2449884.53731 14.66968
2449895.44030 16.04515
2449906.34328 9.70980
2449917.24627 21.98623
2449928.14925 11.45444
2450113.50000 10.14675
2450124.40299 21.70799
2450135.30597 15.17498
2450146.20896 17.71290
2450157.11194 19.52294
2450168.01493 14.38791
2450178.91791 18.23986
2450189.82090 14.36236
2450200.72388 19.20411
2450211.62687 17.08977
2450222.52985 11.11252
2450233.43284 21.03165
2450244.33582 13.55172
2450255.23881 17.24262
2450266.14179 15.66509
2450277.04478 17.20710
2450287.94776 18.80945
2450484.20149 13.70324
2450495.10448 21.50648
2450506.00746 16.63683
2450516.91045 17.63987
2450527.81343 18.64239
2450538.71642 16.15666
2450549.61940 20.45883
2450560.52239 14.18827
2450571.42537 22.03704
2450582.32836 13.71735
2450593.23134 14.03152
2450604.13433 18.80232
2450615.03731 14.30881
2450625.94030 20.45224
2450636.84328 12.91857
2450647.74627 16.55481
2450658.64925 21.40856
2450844.00000 17.67937
2450854.90299 15.04494
2450865.80597 20.37280
2450876.70896 12.75118
2450887.61194 15.74526
2450898.51493 13.79369
2450909.41791 13.28716
2450920.32090 16.00704
2450931.22388 11.41383
2450942.12687 19.21285
2450953.02985 11.01511
2450963.93284 15.70872
2450974.83582 15.91959
2450985.73881 12.18058
2450996.64179 19.76449
2451007.54478 10.41845
2451018.44776 19.22152
2451214.70149 10.18943
2451225.60448 11.25792
2451236.50746 19.57618
2451247.41045 7.82981
2451258.31343 16.97810
2451269.21642 9.71586
2451280.11940 13.01043
2451291.02239 11.76217
2451301.92537 11.48045
2451312.82836 17.22356
2451323.73134 9.58923
2451334.63433 15.29681
2451345.53731 11.49835
2451356.44030 11.66936
2451367.34328 13.62277
2451378.24627 7.79688
2451389.14925 16.11761
2451574.50000 15.34164
2451585.40299 6.18475
2451596.30597 10.22039
2451607.20896 8.90838
2451618.11194 7.69775
2451629.01493 13.58161
2451639.91791 5.11122
2451650.82090 11.41102
2451661.72388 7.25605
2451672.62687 9.03465
2451683.52985 11.10920
2451694.43284 5.80692
2451705.33582 14.89540
2451716.23881 4.52018
2451727.14179 10.17336
2451738.04478 10.64937
2451748.94776 5.44260
2451945.20149 11.86218
2451956.10448 2.32043
2451967.00746 8.32732
2451977.91045 4.98343
2451988.81343 5.59312
2451999.71642 7.68335
2452010.61940 2.01787
2452021.52239 9.41523
2452032.42537 2.90454
2452043.32836 7.20598
2452054.23134 7.63275
2452065.13433 2.58499
2452076.03731 10.31866
2452086.94030 1.34257
2452097.84328 8.95127
2452108.74627 4.26503
2452119.64925 4.22087
2452305.00000 4.44624
2452315.90299 7.14282
2452326.80597 0.79006
2452337.70896 9.01626
2452348.61194 1.11238
2452359.51493 6.87321
2452370.41791 4.77268
2452381.32090 1.60860
2452392.22388 8.56167
2452403.12687 0.18964
2452414.02985 7.16294
2452424.93284 2.90285
2452435.83582 3.34985
2452446.73881 7.64903
2452457.64179 0.15528
2452468.54478 9.15464
2452479.44776 1.45565
2452675.70149 5.55811
2452686.60448 5.22150
2452697.50746 1.82613
2452708.41045 6.80819
2452719.31343 0.40827
2452730.21642 8.60702
2452741.11940 2.53262
2452752.02239 4.36780
2452762.92537 7.67390
2452773.82836 0.65058
2452784.73134 8.49632
2452795.63433 1.71132
2452806.53731 5.82171
2452817.44030 6.57169
2452828.34328 2.02839
2452839.24627 9.25036
2452850.14925 1.06913
2453035.50000 2.10183
2453046.40299 10.65965
2453057.30597 4.46841
2453068.20896 6.27127
2453079.11194 8.64926
2453090.01493 3.03240
2453100.91791 9.65688
2453111.82090 3.64317
2453122.72388 8.26169
2453133.62687 8.39860
2453144.52985 4.29200
2453155.43284 11.51642
2453166.33582 2.82610
2453177.23881 9.77392
2453188.14179 6.90832
2453199.04478 5.28835
2453209.94776 9.92182
2453406.20149 6.33940
2453417.10448 15.20761
2453428.00746 7.11560
2453438.91045 11.00973
2453449.81343 11.22283
2453460.71642 6.86376
2453471.61940 13.47887
2453482.52239 5.65655
2453493.42537 13.90763
2453504.32836 10.04984
2453515.23134 8.87992
2453526.13433 14.49723
2453537.03731 7.30634
2453547.94030 15.54785
2453558.84328 7.42257
2453569.74627 11.40241
2453580.64925 12.51117
2453766.00000 15.02654
2453776.90299 11.13612
2453787.80597 18.81697
2453798.70896 8.68393
2453809.61194 17.30735
2453820.51493 11.23383
2453831.41791 12.23604
2453842.32090 17.88445
2453853.22388 10.41336
2453864.12687 15.53424
2453875.02985 9.09579
2453885.93284 13.11447
2453896.83582 14.71956
2453907.73881 10.68066
2453918.64179 19.60522
2453929.54478 11.24579
2453940.44776 17.50880
2454136.70149 11.66945
2454147.60448 13.70493
2454158.50746 19.57248
2454169.41045 13.22236
2454180.31343 19.44199
2454191.21642 14.05632
2454202.11940 17.59759
2454213.02239 16.08957
2454223.92537 14.30939
2454234.82836 17.71810
2454245.73134 11.64202
2454256.63433 21.69531
2454267.53731 15.24055
2454278.44030 14.27732
2454289.34328 18.01506
2454300.24627 9.26477
2454311.14925 22.99591
2454496.50000 24.34598
2454507.40299 14.57874
2454518.30597 23.82063
2454529.20896 18.31118
2454540.11194 13.86860
2454551.01493 19.58648
2454561.91791 11.87508
2454572.82090 24.69922
2454583.72388 14.70153
2454594.62687 12.14590
2454605.52985 21.02074
2454616.43284 11.85918
2454627.33582 19.23823
2454638.23881 13.11274
2454649.14179 19.43896
2454660.04478 19.87249
2454670.94776 15.32933
2454867.20149 22.03853
2454878.10448 14.17376
2454889.00746 19.18195
2454899.91045 12.99260
2454910.81343 14.94138
2454921.71642 17.54480
2454932.61940 13.64618
2454943.52239 18.49648
2454954.42537 11.61942
2454965.32836 19.77837
2454976.23134 16.36558
2454987.13433 13.70560
2454998.03731 18.25870
2455008.94030 11.81882
2455019.84328 19.78785
2455030.74627 15.86876
2455041.64925 12.36772
2455227.00000 12.77985
2455237.90299 15.38823
2455248.80597 9.29005
2455259.70896 18.46467
2455270.61194 12.25070
2455281.51493 12.28727
2455292.41791 11.91142
2455303.32090 12.72342
2455314.22388 16.53413
2455325.12687 9.85958
2455336.02985 11.36952
2455346.93284 12.76057
2455357.83582 9.68974
2455368.73881 13.53904
2455379.64179 8.51647
2455390.54478 18.59182
2455401.44776 9.93713
2455597.70149 9.90260
2455608.60448 10.15982
2455619.50746 7.72802
2455630.41045 12.24171
2455641.31343 5.50279
2455652.21642 14.26338
2455663.11940 8.56766
2455674.02239 10.46163
2455684.92537 14.23833
2455695.82836 5.40083
2455706.73134 13.27802
2455717.63433 5.62860
2455728.53731 11.09853
2455739.44030 9.65577
2455750.34328 5.58529
2455761.24627 12.95776
2455772.14925 4.47648
2455957.50000 3.12854
