2445000.00000 46.60022
2445010.90299 53.03368
2445021.80597 55.12079
2445032.70896 49.72328
2445043.61194 63.21232
2445054.51493 73.41528
2445065.41791 76.12367
2445076.32090 89.00083
2445087.22388 83.27098
2445098.12687 88.58052
2445109.02985 67.98802
2445119.93284 72.57386
2445130.83582 67.75477
2445141.73881 45.86835
2445152.64179 40.27722
2445163.54478 36.67541
2445174.44776 30.20054
2445370.70149 17.01631
2445381.60448 24.56658
2445392.50746 32.27236
2445403.41045 48.62051
2445414.31343 48.26963
2445425.21642 46.95244
2445436.11940 51.13507
2445447.02239 53.14234
2445457.92537 36.92318
2445468.82836 36.25907
2445479.73134 19.72417
2445490.63433 16.44282
2445501.53731 8.29385
2445512.44030 5.24680
2445523.34328 6.35534
2445534.24627 11.67621
2445545.14925 16.14000
2445730.50000 52.30786
2445741.40299 50.91427
2445752.30597 65.46587
2445763.20896 68.29775
2445774.11194 82.79085
2445785.01493 85.18925
2445795.91791 63.05555
2445806.82090 52.06841
2445817.72388 44.91378
2445828.62687 40.34085
2445839.52985 41.26632
2445850.43284 37.71754
2445861.33582 41.34219
2445872.23881 50.11975
2445883.14179 62.42325
2445894.04478 62.95600
2445904.94776 88.82371
2446101.20149 86.26123
2446112.10448 87.72145
2446123.00746 91.54132
2446133.91045 83.13184
2446144.81343 94.53388
2446155.71642 76.00171
2446166.61940 79.04390
2446177.52239 59.20706
2446188.42537 56.43861
2446199.32836 55.46486
2446210.23134 71.30240
2446221.13433 68.85552
2446232.03731 65.21647
2446242.94030 76.39014
2446253.84328 101.84956
2446264.74627 98.96844
2446275.64925 108.11392
2446461.00000 88.07451
2446471.90299 72.03932
2446482.80597 59.98890
2446493.70896 43.97585
2446504.61194 37.29490
2446515.51493 25.04659
2446526.41791 20.84872
2446537.32090 18.29856
2446548.22388 20.98874
2446559.12687 25.97712
2446570.02985 38.68564
2446580.93284 37.59269
2446591.83582 52.79777
2446602.73881 48.60516
2446613.64179 65.87345
2446624.54478 56.38708
2446635.44776 47.95528
2446831.70149 29.68363
2446842.60448 20.29408
2446853.50746 11.92299
2446864.41045 6.98095
2446875.31343 7.52583
2446886.21642 8.62330
2446897.11940 14.59535
2446908.02239 22.33986
2446918.92537 30.89079
2446929.82836 48.76316
2446940.73134 59.30470
2446951.63433 53.59491
2446962.53731 47.09965
2446973.44030 54.14350
2446984.34328 57.49024
2446995.24627 35.70896
2447006.14925 38.48198
2447191.50000 60.43886
2447202.40299 51.12271
2447213.30597 32.18829
2447224.20896 44.88180
2447235.11194 62.52335
2447246.01493 64.98041
2447256.91791 78.73719
2447267.82090 93.61233
2447278.72388 102.01054
2447289.62687 94.28082
2447300.52985 94.56025
2447311.43284 93.63016
2447322.33582 108.04998
2447333.23881 83.44758
2447344.14179 90.68598
2447355.04478 66.51173
2447365.94776 60.78737
2447562.20149 55.83074
2447573.10448 70.37765
2447584.00746 55.75575
2447594.91045 74.37782
2447605.81343 77.42073
2447616.71642 84.01515
2447627.61940 92.16564
2447638.52239 80.13791
2447649.42537 86.25836
2447660.32836 84.42627
2447671.23134 68.55044
2447682.13433 62.19066
2447693.03731 50.14481
2447703.94030 42.12433
2447714.84328 39.93416
2447725.74627 30.90330
2447736.64925 31.02335
2447922.00000 17.62691
2447932.90299 23.09652
2447943.80597 29.70087
2447954.70896 41.16377
2447965.61194 49.97819
2447976.51493 54.62030
2447987.41791 49.16562
2447998.32090 48.12188
2448009.22388 37.57897
2448020.12687 28.31313
2448031.02985 19.58627
2448041.93284 8.40246
2448052.83582 5.38370
2448063.73881 1.51304
2448074.64179 2.64233
2448085.54478 7.08695
2448096.44776 15.94963
2448292.70149 44.84659
2448303.60448 66.49850
2448314.50746 54.79805
2448325.41045 74.64634
2448336.31343 65.60518
2448347.21642 68.09815
2448358.11940 56.83363
2448369.02239 47.39909
2448379.92537 37.46033
2448390.82836 33.49040
2448401.73134 40.14519
2448412.63433 37.67902
2448423.53731 35.68787
2448434.44030 47.55375
2448445.34328 54.46232
2448456.24627 77.21039
2448467.14925 76.78027
2448652.50000 112.33236
2448663.40299 104.74509
2448674.30597 130.55163
2448685.20896 102.04236
2448696.11194 85.54823
2448707.01493 94.39486
2448717.91791 68.51939
2448728.82090 67.59169
2448739.72388 55.15779
2448750.62687 48.91331
2448761.52985 64.99965
2448772.43284 67.37823
2448783.33582 77.49652
2448794.23881 80.72418
2448805.14179 100.16208
2448816.04478 100.53981
2448826.94776 101.76030
2449023.20149 70.55321
2449034.10448 69.72249
2449045.00746 49.12511
2449055.91045 43.05062
2449066.81343 32.36921
2449077.71642 22.35962
2449088.61940 18.95121
2449099.52239 27.36689
2449110.42537 28.59502
2449121.32836 35.38192
2449132.23134 34.58796
2449143.13433 43.87293
2449154.03731 60.91414
2449164.94030 59.64698
2449175.84328 56.97929
2449186.74627 63.99166
2449197.64925 55.30373
2449383.00000 27.91293
2449393.90299 17.61268
2449404.80597 8.83837
2449415.70896 4.06319
2449426.61194 2.54372
2449437.51493 4.99010
2449448.41791 11.01787
2449459.32090 19.68698
2449470.22388 27.60158
2449481.12687 38.89400
2449492.02985 46.88739
2449502.93284 57.89360
2449513.83582 58.72842
2449524.73881 55.69347
2449535.64179 53.47781
2449546.54478 33.41012
2449557.44776 28.76798
2449753.70149 35.08230
2449764.60448 38.03063
2449775.50746 33.76371
2449786.41045 52.13073
2449797.31343 62.68477
2449808.21642 79.07243
2449819.11940 76.10715
2449830.02239 70.48033
2449840.92537 102.83275
2449851.82836 116.87205
2449862.73134 121.31374
2449873.63433 101.23727
2449884.53731 82.92560
2449895.44030 86.48637
2449906.34328 75.16529
2449917.24627 69.86457
2449928.14925 62.90139
2450113.50000 56.70013
2450124.40299 64.30543
2450135.30597 72.90387
2450146.20896 73.54087
2450157.11194 85.16661
2450168.01493 82.63645
2450178.91791 85.52443
2450189.82090 102.37190
2450200.72388 110.57491
2450211.62687 79.19173
2450222.52985 85.09286
2450233.43284 72.53895
2450244.33582 54.15276
2450255.23881 53.12722
2450266.14179 40.24431
2450277.04478 29.60692
2450287.94776 31.61498
2450484.20149 30.56894
2450495.10448 38.42203
2450506.00746 46.21150
2450516.91045 50.86099
2450527.81343 44.99281
2450538.71642 54.43289
2450549.61940 56.94839
2450560.52239 38.81119
2450571.42537 31.01744
2450582.32836 18.72992
2450593.23134 9.87315
2450604.13433 3.65225
2450615.03731 0.33086
2450625.94030 0.93541
2450636.84328 5.41002
2450647.74627 12.62942
2450658.64925 22.26809
2450844.00000 47.86499
2450854.90299 57.72191
2450865.80597 60.38278
2450876.70896 58.13843
2450887.61194 69.27248
2450898.51493 69.27712
2450909.41791 55.73237
2450920.32090 51.91156
2450931.22388 37.00281
2450942.12687 35.98196
2450953.02985 31.77729
2450963.93284 29.26649
2450974.83582 33.43076
2450985.73881 44.92276
2450996.64179 53.66386
2451007.54478 70.02122
2451018.44776 80.49647
2451214.70149 96.02769
2451225.60448 93.05249
2451236.50746 113.54206
2451247.41045 86.68845
2451258.31343 73.18233
2451269.21642 76.71165
2451280.11940 66.73983
2451291.02239 65.47794
2451301.92537 58.85296
2451312.82836 71.84431
2451323.73134 74.81513
2451334.63433 92.13004
2451345.53731 70.98384
2451356.44030 82.62683
2451367.34328 94.65228
2451378.24627 121.65984
2451389.14925 96.09267
2451574.50000 81.85392
2451585.40299 69.63925
2451596.30597 58.11208
2451607.20896 45.64680
2451618.11194 35.24522
2451629.01493 28.30488
2451639.91791 27.44021
2451650.82090 25.42643
2451661.72388 29.21401
2451672.62687 34.78314
2451683.52985 40.40402
2451694.43284 53.08769
2451705.33582 54.13221
2451716.23881 58.40574
2451727.14179 63.57466
2451738.04478 64.31529
2451748.94776 60.14628
2451945.20149 16.86733
2451956.10448 7.77210
2451967.00746 3.45475
2451977.91045 0.98453
2451988.81343 3.01747
2451999.71642 8.06585
2452010.61940 18.41932
2452021.52239 24.27380
2452032.42537 35.47547
2452043.32836 49.31804
2452054.23134 51.62982
2452065.13433 55.65346
2452076.03731 55.69645
2452086.94030 53.26218
2452097.84328 39.81497
2452108.74627 35.73966
2452119.64925 20.92625
2452305.00000 40.61695
2452315.90299 40.36410
2452326.80597 41.45123
2452337.70896 46.97060
2452348.61194 62.31331
2452359.51493 65.56455
2452370.41791 76.76996
2452381.32090 92.51015
2452392.22388 97.81007
2452403.12687 86.21335
2452414.02985 116.38530
2452424.93284 96.81389
2452435.83582 71.84303
2452446.73881 74.23081
2452457.64179 68.88792
2452468.54478 67.96760
2452479.44776 64.29560
2452675.70149 74.59929
2452686.60448 79.56814
2452697.50746 71.32054
2452708.41045 89.23876
2452719.31343 79.95036
2452730.21642 90.64847
2452741.11940 88.89475
2452752.02239 97.96231
2452762.92537 69.19546
2452773.82836 91.81161
2452784.73134 80.10556
2452795.63433 63.63434
2452806.53731 58.31141
2452817.44030 42.92991
2452828.34328 47.44366
2452839.24627 36.75411
2452850.14925 42.16376
2453035.50000 34.46861
2453046.40299 37.70806
2453057.30597 51.99406
2453068.20896 54.25483
2453079.11194 60.11542
2453090.01493 56.61011
2453100.91791 38.46943
2453111.82090 49.59155
2453122.72388 35.22828
2453133.62687 21.77989
2453144.52985 11.94490
2453155.43284 6.24282
2453166.33582 2.03708
2453177.23881 1.74225
2453188.14179 5.86762
2453199.04478 13.37109
2453209.94776 23.81560
2453406.20149 69.18535
2453417.10448 68.53232
2453428.00746 61.78673
2453438.91045 70.01954
2453449.81343 62.10691
2453460.71642 53.41261
2453471.61940 41.81127
2453482.52239 29.41820
2453493.42537 33.31440
2453504.32836 28.84645
2453515.23134 30.15432
2453526.13433 26.55955
2453537.03731 41.89890
2453547.94030 53.68719
2453558.84328 57.02965
2453569.74627 65.75209
2453580.64925 87.96603
2453766.00000 123.69007
2453776.90299 111.54311
2453787.80597 104.41327
2453798.70896 86.95336
2453809.61194 62.50753
2453820.51493 77.08019
2453831.41791 56.05041
2453842.32090 56.88442
2453853.22388 71.24134
2453864.12687 63.43943
2453875.02985 67.25003
2453885.93284 69.86823
2453896.83582 89.61910
2453907.73881 81.77103
2453918.64179 88.98660
2453929.54478 99.98545
2453940.44776 122.63707
2454136.70149 64.27727
2454147.60448 56.89539
2454158.50746 50.44654
2454169.41045 42.67582
2454180.31343 34.21513
2454191.21642 23.51975
2454202.11940 28.08331
2454213.02239 31.50664
2454223.92537 41.95809
2454234.82836 46.04490
2454245.73134 51.12801
2454256.63433 62.83647
2454267.53731 62.86195
2454278.44030 77.99992
2454289.34328 53.79447
2454300.24627 53.17293
2454311.14925 50.33544
2454496.50000 15.91269
2454507.40299 13.31059
2454518.30597 5.07887
2454529.20896 2.69124
2454540.11194 3.77774
2454551.01493 9.67562
2454561.91791 18.25363
2454572.82090 25.66566
2454583.72388 41.54384
2454594.62687 47.66030
2454605.52985 54.56936
2454616.43284 57.78870
2454627.33582 45.22756
2454638.23881 49.75486
2454649.14179 41.32912
2454660.04478 32.56192
2454670.94776 24.18516
2454867.20149 35.18243
2454878.10448 39.82384
2454889.00746 39.38236
2454899.91045 56.37035
2454910.81343 72.91923
2454921.71642 64.84432
2454932.61940 83.37980
2454943.52239 98.66319
2454954.42537 75.27741
2454965.32836 87.51582
2454976.23134 86.75439
2454987.13433 88.71512
2454998.03731 68.67691
2455008.94030 68.03587
2455019.84328 60.98468
2455030.74627 62.54092
2455041.64925 54.67471
2455227.00000 58.22544
2455237.90299 63.73092
2455248.80597 63.71431
2455259.70896 83.60389
2455270.61194 76.90872
2455281.51493 87.97251
2455292.41791 111.39121
2455303.32090 106.48279
2455314.22388 88.77958
2455325.12687 64.36475
2455336.02985 78.90174
2455346.93284 59.39153
2455357.83582 58.85544
2455368.73881 59.38386
2455379.64179 40.72490
2455390.54478 42.25499
2455401.44776 52.30438
2455597.70149 38.97824
2455608.60448 47.48574
2455619.50746 56.59131
2455630.41045 49.43050
2455641.31343 64.97814
2455652.21642 51.49651
2455663.11940 38.65979
2455674.02239 36.96918
2455684.92537 28.46419
2455695.82836 18.95928
2455706.73134 12.00012
2455717.63433 5.26186
2455728.53731 5.33722
2455739.44030 10.96229
2455750.34328 17.45555
2455761.24627 29.27637
2455772.14925 36.52646
2455957.50000 49.57125
