2445000.00000 -1.36989
2445010.90299 1.27106
2445021.80597 5.20665
2445032.70896 5.97600
2445043.61194 7.17682
2445054.51493 3.04881
2445065.41791 -0.32319
2445076.32090 -1.47441
2445087.22388 -0.17520
2445098.12687 3.12467
2445109.02985 6.52685
2445119.93284 7.07593
2445130.83582 4.15262
2445141.73881 0.64567
2445152.64179 -1.65256
2445163.54478 -1.28729
2445174.44776 1.78685
2445370.70149 3.33293
2445381.60448 -0.04224
2445392.50746 -2.26528
2445403.41045 -2.45318
2445414.31343 0.21934
2445425.21642 3.58607
2445436.11940 4.64304
2445447.02239 3.64861
2445457.92537 0.94923
2445468.82836 -2.59144
2445479.73134 -3.90430
2445490.63433 -1.56872
2445501.53731 2.00987
2445512.44030 4.90783
2445523.34328 4.53470
2445534.24627 1.90650
2445545.14925 -2.15333
2445730.50000 -4.27006
2445741.40299 0.01685
2445752.30597 2.96952
2445763.20896 3.46018
2445774.11194 0.47464
2445785.01493 -3.35030
2445795.91791 -5.71635
2445806.82090 -4.54929
2445817.72388 -1.86240
2445828.62687 1.39813
2445839.52985 3.27238
2445850.43284 1.39656
2445861.33582 -2.59825
2445872.23881 -5.63950
2445883.14179 -5.78054
2445894.04478 -3.71785
2445904.94776 0.00795
2446101.20149 -3.06034
2446112.10448 -6.50039
2446123.00746 -6.14675
2446133.91045 -5.55589
2446144.81343 -1.21958
2446155.71642 1.44611
2446166.61940 1.45624
2446177.52239 -2.00871
2446188.42537 -5.32217
2446199.32836 -7.81742
2446210.23134 -6.56320
2446221.13433 -2.73489
2446232.03731 0.61641
2446242.94030 1.70341
2446253.84328 -0.41873
2446264.74627 -4.36445
2446275.64925 -6.52755
2446461.00000 -2.70251
2446471.90299 0.77463
2446482.80597 2.10939
2446493.70896 0.32980
2446504.61194 -3.35194
2446515.51493 -6.08763
2446526.41791 -6.55758
2446537.32090 -4.17951
2446548.22388 -0.11389
2446559.12687 2.29019
2446570.02985 1.47465
2446580.93284 -1.74290
2446591.83582 -6.48230
2446602.73881 -5.93549
2446613.64179 -5.28438
2446624.54478 -1.05809
2446635.44776 2.21578
2446831.70149 -3.30082
2446842.60448 -5.51206
2446853.50746 -3.50387
2446864.41045 0.01671
2446875.31343 3.86121
2446886.21642 4.22895
2446897.11940 2.42045
2446908.02239 -1.43970
2446918.92537 -3.76748
2446929.82836 -3.97596
2446940.73134 -0.93310
2446951.63433 3.14539
2446962.53731 5.08380
2446973.44030 4.30823
2446984.34328 0.46264
2446995.24627 -3.34669
2447006.14925 -4.24975
2447191.50000 4.34409
2447202.40299 7.64091
2447213.30597 5.39488
2447224.20896 2.31314
2447235.11194 -1.07828
2447246.01493 -3.04527
2447256.91791 -0.69268
2447267.82090 3.27190
2447278.72388 7.53747
2447289.62687 7.00406
2447300.52985 3.96637
2447311.43284 0.34839
2447322.33582 -2.38840
2447333.23881 -1.32843
2447344.14179 1.99986
2447355.04478 4.89831
2447365.94776 8.76750
2447562.20149 -1.48805
2447573.10448 -0.98426
2447584.00746 2.04070
2447594.91045 4.61747
2447605.81343 7.11064
2447616.71642 7.07367
2447627.61940 2.62225
2447638.52239 -0.80480
2447649.42537 -1.57683
2447660.32836 0.55801
2447671.23134 4.12648
2447682.13433 9.29105
2447693.03731 8.00811
2447703.94030 4.35340
2447714.84328 0.08946
2447725.74627 -1.98844
2447736.64925 -0.82439
2447922.00000 6.98968
2447932.90299 5.89367
2447943.80597 3.56116
2447954.70896 -0.57470
2447965.61194 -3.09942
2447976.51493 -2.41327
2447987.41791 1.14827
2447998.32090 5.72404
2448009.22388 6.22724
2448020.12687 4.36942
2448031.02985 0.29200
2448041.93284 -3.13402
2448052.83582 -2.98279
2448063.73881 -0.59866
2448074.64179 3.60052
2448085.54478 6.35370
2448096.44776 4.84329
2448292.70149 -5.85366
2448303.60448 -2.88211
2448314.50746 1.11557
2448325.41045 4.64812
2448336.31343 3.59836
2448347.21642 -0.02024
2448358.11940 -4.08792
2448369.02239 -5.61065
2448379.92537 -4.39973
2448390.82836 -1.05736
2448401.73134 2.48835
2448412.63433 3.22310
2448423.53731 0.81642
2448434.44030 -3.61425
2448445.34328 -6.77317
2448456.24627 -7.22075
2448467.14925 -3.68838
2448652.50000 2.70917
2448663.40299 0.05870
2448674.30597 -4.96770
2448685.20896 -6.79704
2448696.11194 -7.38449
2448707.01493 -4.21891
2448717.91791 -0.55005
2448728.82090 1.81993
2448739.72388 1.06978
2448750.62687 -3.00394
2448761.52985 -6.68403
2448772.43284 -10.38406
2448783.33582 -5.83624
2448794.23881 -2.05277
2448805.14179 1.44801
2448816.04478 1.83068
2448826.94776 -1.35772
2449023.20149 -7.51157
2449034.10448 -2.65550
2449045.00746 1.33834
2449055.91045 2.12917
2449066.81343 -0.51155
2449077.71642 -4.29216
2449088.61940 -7.64588
2449099.52239 -7.42276
2449110.42537 -3.66817
2449121.32836 0.56388
2449132.23134 2.84139
2449143.13433 1.23258
2449154.03731 -3.18774
2449164.94030 -6.49628
2449175.84328 -8.17559
2449186.74627 -5.00723
2449197.64925 -0.50547
2449383.00000 3.24439
2449393.90299 -0.79620
2449404.80597 -4.69916
2449415.70896 -6.64198
2449426.61194 -3.66369
2449437.51493 0.57091
2449448.41791 3.87959
2449459.32090 4.36105
2449470.22388 1.32201
2449481.12687 -2.75576
2449492.02985 -5.42320
2449502.93284 -4.43323
2449513.83582 -0.37553
2449524.73881 4.11693
2449535.64179 5.50538
2449546.54478 4.06266
2449557.44776 -0.63315
2449753.70149 1.16534
2449764.60448 5.08772
2449775.50746 6.98539
2449786.41045 6.11044
2449797.31343 1.54350
2449808.21642 -2.04646
2449819.11940 -3.18981
2449830.02239 -0.11336
2449840.92537 4.08767
2449851.82836 7.40838
2449862.73134 8.09544
2449873.63433 3.70702
2449884.53731 -0.52145
2449895.44030 -2.79929
2449906.34328 -1.02768
2449917.24627 3.47297
2449928.14925 6.90295
2450113.50000 4.62250
2450124.40299 0.49694
2450135.30597 -2.07945
2450146.20896 -0.91622
2450157.11194 3.34457
2450168.01493 9.07476
2450178.91791 8.43520
2450189.82090 7.63830
2450200.72388 2.10907
2450211.62687 -1.49361
2450222.52985 -1.48420
2450233.43284 1.82917
2450244.33582 5.88612
2450255.23881 9.89628
2450266.14179 7.20028
2450277.04478 3.75892
2450287.94776 -0.51216
2450484.20149 4.91383
2450495.10448 7.41240
2450506.00746 7.35903
2450516.91045 3.31293
2450527.81343 -1.43812
2450538.71642 -3.24458
2450549.61940 -1.95187
2450560.52239 2.72069
2450571.42537 5.92751
2450582.32836 7.46849
2450593.23134 4.27697
2450604.13433 -0.31995
2450615.03731 -3.68337
2450625.94030 -3.07363
2450636.84328 0.23714
2450647.74627 4.23421
2450658.64925 7.65410
2450844.00000 -1.91757
2450854.90299 -5.80811
2450865.80597 -4.11493
2450876.70896 -2.25373
2450887.61194 2.18261
2450898.51493 4.29052
2450909.41791 3.88347
2450920.32090 -0.79065
2450931.22388 -4.86033
2450942.12687 -6.84581
2450953.02985 -3.83602
2450963.93284 0.03307
2450974.83582 3.28666
2450985.73881 3.94798
2450996.64179 0.39587
2451007.54478 -4.59022
2451018.44776 -8.09739
2451214.70149 1.84953
2451225.60448 2.75670
2451236.50746 -0.67149
2451247.41045 -5.90320
2451258.31343 -8.26714
2451269.21642 -8.14519
2451280.11940 -3.57346
2451291.02239 0.23562
2451301.92537 2.66790
2451312.82836 0.54838
2451323.73134 -4.68461
2451334.63433 -6.80569
2451345.53731 -8.27654
2451356.44030 -6.05102
2451367.34328 -1.50713
2451378.24627 1.97715
2451389.14925 1.38435
2451574.50000 -8.95096
2451585.40299 -10.12771
2451596.30597 -6.55798
2451607.20896 -2.25607
2451618.11194 1.91573
2451629.01493 2.02280
2451639.91791 -1.59008
2451650.82090 -6.98603
2451661.72388 -8.31772
2451672.62687 -7.91481
2451683.52985 -3.41258
2451694.43284 1.14188
2451705.33582 2.97971
2451716.23881 0.41188
2451727.14179 -5.29516
2451738.04478 -7.79972
2451748.94776 -8.76010
2451945.20149 5.32289
2451956.10448 2.51437
2451967.00746 -2.12105
2451977.91045 -6.01392
2451988.81343 -6.36594
2451999.71642 -3.46009
2452010.61940 1.51748
2452021.52239 5.57608
2452032.42537 3.56071
2452043.32836 0.34792
2452054.23134 -5.08083
2452065.13433 -6.42194
2452076.03731 -4.19873
2452086.94030 0.37631
2452097.84328 4.61579
2452108.74627 6.76596
2452119.64925 3.09495
2452305.00000 -4.00217
2452315.90299 -2.82756
2452326.80597 1.90828
2452337.70896 5.34286
2452348.61194 8.16078
2452359.51493 5.94477
2452370.41791 0.59865
2452381.32090 -3.62091
2452392.22388 -2.50334
2452403.12687 0.58011
2452414.02985 6.32400
2452424.93284 8.64634
2452435.83582 7.97607
2452446.73881 3.15243
2452457.64179 -1.84518
2452468.54478 -3.46545
2452479.44776 -0.62014
2452675.70149 7.33359
2452686.60448 5.51152
2452697.50746 -0.29736
2452708.41045 -2.25577
2452719.31343 -0.16777
2452730.21642 5.26092
2452741.11940 9.06432
2452752.02239 9.26872
2452762.92537 6.33577
2452773.82836 1.50248
2452784.73134 -1.71566
2452795.63433 -1.41568
2452806.53731 2.13625
2452817.44030 8.94930
2452828.34328 9.46250
2452839.24627 7.35523
2452850.14925 2.96181
2453035.50000 -2.76599
2453046.40299 1.45142
2453057.30597 5.21023
2453068.20896 9.86654
2453079.11194 7.26012
2453090.01493 2.75089
2453100.91791 -1.90113
2453111.82090 -3.37668
2453122.72388 -1.03260
2453133.62687 4.43479
2453144.52985 6.92736
2453155.43284 8.09384
2453166.33582 4.58847
2453177.23881 -1.20462
2453188.14179 -4.71643
2453199.04478 -3.29975
2453209.94776 1.90824
2453406.20149 2.70710
2453417.10448 -2.71903
2453428.00746 -7.30773
2453438.91045 -5.89973
2453449.81343 -1.19587
2453460.71642 3.32708
2453471.61940 6.89771
2453482.52239 3.60134
2453493.42537 -1.60272
2453504.32836 -5.41678
2453515.23134 -7.36983
2453526.13433 -3.98262
2453537.03731 1.45337
2453547.94030 5.19792
2453558.84328 3.16298
2453569.74627 -0.36307
2453580.64925 -5.15870
2453766.00000 -5.89204
2453776.90299 -1.10221
2453787.80597 2.43343
2453798.70896 2.15438
2453809.61194 -1.54394
2453820.51493 -7.70395
2453831.41791 -6.02830
2453842.32090 -9.01453
2453853.22388 -4.24779
2453864.12687 1.27826
2453875.02985 2.90816
2453885.93284 -0.15173
2453896.83582 -5.18048
2453907.73881 -9.94634
2453918.64179 -10.36066
2453929.54478 -5.88095
2453940.44776 -0.52915
2454136.70149 -5.23218
2454147.60448 -10.54870
2454158.50746 -10.39654
2454169.41045 -5.14365
2454180.31343 -1.28642
2454191.21642 2.59061
2454202.11940 1.71523
2454213.02239 -2.90407
2454223.92537 -8.44064
2454234.82836 -9.92739
2454245.73134 -9.70973
2454256.63433 -3.04561
2454267.53731 2.20227
2454278.44030 2.66960
2454289.34328 -0.64217
2454300.24627 -5.02623
2454311.14925 -10.11993
2454496.50000 -1.83817
2454507.40299 3.44013
2454518.30597 5.35042
2454529.20896 1.39632
2454540.11194 -4.49634
2454551.01493 -7.41715
2454561.91791 -7.29646
2454572.82090 -3.04348
2454583.72388 1.86683
2454594.62687 5.44489
2454605.52985 3.96811
2454616.43284 -1.00468
2454627.33582 -5.65970
2454638.23881 -6.71601
2454649.14179 -4.37155
2454660.04478 1.25277
2454670.94776 5.59138
2454867.20149 -3.53583
2454878.10448 -5.21168
2454889.00746 -2.57727
2454899.91045 2.65356
2454910.81343 6.88794
2454921.71642 7.49220
2454932.61940 5.26663
2454943.52239 -0.74322
2454954.42537 -4.28788
2454965.32836 -3.40816
2454976.23134 1.46389
2454987.13433 7.36049
2454998.03731 10.87427
2455008.94030 6.47980
2455019.84328 2.06231
2455030.74627 -2.25196
2455041.64925 -3.36750
2455227.00000 7.61272
2455237.90299 12.42974
2455248.80597 8.07907
2455259.70896 4.02486
2455270.61194 -1.23294
2455281.51493 -2.47980
2455292.41791 0.59706
2455303.32090 6.38956
2455314.22388 10.08115
2455325.12687 8.76782
2455336.02985 6.17765
2455346.93284 0.52213
2455357.83582 -2.48106
2455368.73881 -0.87282
2455379.64179 5.01375
2455390.54478 9.38498
2455401.44776 11.42370
2455597.70149 -3.00273
2455608.60448 -1.94910
2455619.50746 2.62255
2455630.41045 9.00121
2455641.31343 9.18295
2455652.21642 7.15634
2455663.11940 1.55914
2455674.02239 -2.74843
2455684.92537 -3.34633
2455695.82836 0.30583
2455706.73134 5.39595
2455717.63433 7.56841
2455728.53731 9.75709
2455739.44030 3.33284
2455750.34328 -2.06133
2455761.24627 -3.82959
2455772.14925 -1.98143
2455957.50000 7.09239
