2445000.00000 2.08760
2445010.90299 1.42683
2445021.80597 0.64043
2445032.70896 0.84681
2445043.61194 1.82325
2445054.51493 3.68323
2445065.41791 4.25242
2445076.32090 3.28859
2445087.22388 2.32641
2445098.12687 0.97383
2445109.02985 0.94663
2445119.93284 1.55498
2445130.83582 2.78136
2445141.73881 3.47621
2445152.64179 2.70732
2445163.54478 2.71076
2445174.44776 1.61876
2445370.70149 2.33793
2445381.60448 3.60780
2445392.50746 3.48261
2445403.41045 3.25000
2445414.31343 2.01283
2445425.21642 1.16728
2445436.11940 1.06642
2445447.02239 2.04970
2445457.92537 3.16808
2445468.82836 4.04893
2445479.73134 3.15880
2445490.63433 2.79696
2445501.53731 1.21730
2445512.44030 0.87270
2445523.34328 1.26812
2445534.24627 2.08832
2445545.14925 3.53492
2445730.50000 2.32933
2445741.40299 1.39048
2445752.30597 0.57986
2445763.20896 0.65480
2445774.11194 1.58706
2445785.01493 2.45947
2445795.91791 2.99768
2445806.82090 2.53811
2445817.72388 1.57753
2445828.62687 0.50685
2445839.52985 0.22013
2445850.43284 0.63434
2445861.33582 1.91716
2445872.23881 3.01035
2445883.14179 2.88398
2445894.04478 1.88695
2445904.94776 0.67613
2446101.20149 0.41967
2446112.10448 1.52394
2446123.00746 1.88064
2446133.91045 1.17589
2446144.81343 0.16237
2446155.71642 -0.70213
2446166.61940 -1.31603
2446177.52239 -0.38288
2446188.42537 0.70622
2446199.32836 1.31789
2446210.23134 1.27802
2446221.13433 0.43658
2446232.03731 -0.78547
2446242.94030 -1.34513
2446253.84328 -1.20968
2446264.74627 -0.24297
2446275.64925 0.77824
2446461.00000 -0.21418
2446471.90299 -1.34136
2446482.80597 -2.40508
2446493.70896 -2.13378
2446504.61194 -1.57360
2446515.51493 -0.59510
2446526.41791 0.09188
2446537.32090 -0.11549
2446548.22388 -1.11738
2446559.12687 -1.93777
2446570.02985 -2.85009
2446580.93284 -2.41911
2446591.83582 -1.57810
2446602.73881 -0.41346
2446613.64179 -0.19167
2446624.54478 -0.82456
2446635.44776 -1.74778
2446831.70149 -2.64319
2446842.60448 -1.33317
2446853.50746 -0.76458
2446864.41045 -0.96141
2446875.31343 -2.08487
2446886.21642 -3.52674
2446897.11940 -3.95192
2446908.02239 -2.80827
2446918.92537 -2.09173
2446929.82836 -1.11340
2446940.73134 -0.89209
2446951.63433 -1.66422
2446962.53731 -3.02297
2446973.44030 -3.82513
2446984.34328 -3.62777
2446995.24627 -1.76031
2447006.14925 -1.36253
2447191.50000 -1.21805
2447202.40299 -2.04070
2447213.30597 -2.90656
2447224.20896 -3.43412
2447235.11194 -2.59272
2447246.01493 -1.99390
2447256.91791 -0.92962
2447267.82090 -0.88967
2447278.72388 -1.83701
2447289.62687 -2.92779
2447300.52985 -3.27383
2447311.43284 -3.05452
2447322.33582 -1.77688
2447333.23881 -1.16435
2447344.14179 -0.78869
2447355.04478 -0.97136
2447365.94776 -2.02265
2447562.20149 -2.20370
2447573.10448 -0.93675
2447584.00746 -0.19882
2447594.91045 -0.29335
2447605.81343 -1.02063
2447616.71642 -2.17202
2447627.61940 -2.42168
2447638.52239 -2.00021
2447649.42537 -1.23656
2447660.32836 -0.16538
2447671.23134 0.18294
2447682.13433 -0.33189
2447693.03731 -1.30013
2447703.94030 -2.47330
2447714.84328 -2.10650
2447725.74627 -1.61285
2447736.64925 -0.35454
2447922.00000 1.01953
2447932.90299 0.02123
2447943.80597 -0.96517
2447954.70896 -1.24068
2447965.61194 -0.81993
2447976.51493 0.25095
2447987.41791 1.18261
2447998.32090 1.55568
2448009.22388 0.66856
2448020.12687 -0.21467
2448031.02985 -0.90096
2448041.93284 -0.84180
2448052.83582 0.05403
2448063.73881 1.12749
2448074.64179 1.93240
2448085.54478 1.52802
2448096.44776 0.66535
2448292.70149 0.45199
2448303.60448 1.41037
2448314.50746 2.60067
2448325.41045 2.35556
2448336.31343 2.05693
2448347.21642 0.82131
2448358.11940 0.27464
2448369.02239 0.46170
2448379.92537 1.35902
2448390.82836 2.46553
2448401.73134 2.51892
2448412.63433 2.21603
2448423.53731 1.78403
2448434.44030 0.62089
2448445.34328 0.48086
2448456.24627 1.18796
2448467.14925 2.04308
2448652.50000 3.56136
2448663.40299 2.18502
2448674.30597 1.65725
2448685.20896 0.92994
2448696.11194 1.20929
2448707.01493 2.24722
2448717.91791 2.91391
2448728.82090 3.75660
2448739.72388 3.45557
2448750.62687 2.06904
2448761.52985 1.26575
2448772.43284 0.93414
2448783.33582 1.88398
2448794.23881 2.88228
2448805.14179 3.53297
2448816.04478 2.96730
2448826.94776 2.58901
2449023.20149 1.04910
2449034.10448 1.92478
2449045.00746 2.81462
2449055.91045 2.98422
2449066.81343 3.04881
2449077.71642 1.67837
2449088.61940 0.85684
2449099.52239 0.69005
2449110.42537 1.56654
2449121.32836 2.44926
2449132.23134 2.99522
2449143.13433 3.11452
2449154.03731 2.10108
2449164.94030 0.83546
2449175.84328 0.57589
2449186.74627 0.96342
2449197.64925 1.54291
2449383.00000 2.25897
2449393.90299 1.41133
2449404.80597 0.68753
2449415.70896 -0.15456
2449426.61194 -0.09776
2449437.51493 0.76786
2449448.41791 1.59232
2449459.32090 2.06925
2449470.22388 1.58387
2449481.12687 0.81694
2449492.02985 -0.17798
2449502.93284 -0.58234
2449513.83582 -0.02900
2449524.73881 0.94891
2449535.64179 1.74210
2449546.54478 1.50322
2449557.44776 0.90481
2449753.70149 -1.26609
2449764.60448 -0.43530
2449775.50746 0.46090
2449786.41045 0.96362
2449797.31343 0.36886
2449808.21642 -0.60744
2449819.11940 -1.61905
2449830.02239 -1.72676
2449840.92537 -1.30571
2449851.82836 -0.20737
2449862.73134 0.40689
2449873.63433 0.38439
2449884.53731 -0.43896
2449895.44030 -1.41694
2449906.34328 -2.14929
2449917.24627 -1.88020
2449928.14925 -0.79330
2450113.50000 -0.30551
2450124.40299 -0.70864
2450135.30597 -1.75378
2450146.20896 -2.46169
2450157.11194 -2.37225
2450168.01493 -1.94864
2450178.91791 -1.08330
2450189.82090 -0.50781
2450200.72388 -0.69301
2450211.62687 -1.59529
2450222.52985 -2.93123
2450233.43284 -2.90265
2450244.33582 -2.44726
2450255.23881 -1.47858
2450266.14179 -0.81367
2450277.04478 -0.66182
2450287.94776 -1.11496
2450484.20149 -3.40876
2450495.10448 -3.11673
2450506.00746 -1.35317
2450516.91045 -0.98506
2450527.81343 -1.35186
2450538.71642 -1.97502
2450549.61940 -2.94489
2450560.52239 -4.11568
2450571.42537 -2.65038
2450582.32836 -1.67967
2450593.23134 -1.06093
2450604.13433 -1.02015
2450615.03731 -1.45905
2450625.94030 -2.96892
2450636.84328 -3.46467
2450647.74627 -3.19836
2450658.64925 -2.24759
2450844.00000 -0.70691
2450854.90299 -1.06080
2450865.80597 -2.01781
2450876.70896 -2.58617
2450887.61194 -3.06159
2450898.51493 -2.49072
2450909.41791 -1.57781
2450920.32090 -0.63409
2450931.22388 -0.47118
2450942.12687 -1.13356
2450953.02985 -2.55425
2450963.93284 -2.70443
2450974.83582 -2.68710
2450985.73881 -1.79140
2450996.64179 -0.71260
2451007.54478 -0.21969
2451018.44776 -0.61471
2451214.70149 -1.77574
2451225.60448 -1.20801
2451236.50746 -0.18287
2451247.41045 0.59618
2451258.31343 0.55602
2451269.21642 -0.31880
2451280.11940 -1.21073
2451291.02239 -1.86223
2451301.92537 -1.38856
2451312.82836 -0.35204
2451323.73134 0.69196
2451334.63433 0.90307
2451345.53731 0.30546
2451356.44030 -0.51191
2451367.34328 -1.29249
2451378.24627 -1.53677
2451389.14925 -0.49382
2451574.50000 1.73669
2451585.40299 1.55458
2451596.30597 0.75732
2451607.20896 -0.07694
2451618.11194 -0.46161
2451629.01493 0.02510
2451639.91791 0.92648
2451650.82090 2.07471
2451661.72388 2.40168
2451672.62687 1.52520
2451683.52985 0.51492
2451694.43284 -0.09824
2451705.33582 -0.00311
2451716.23881 0.79285
2451727.14179 1.76607
2451738.04478 2.38576
2451748.94776 2.14055
2451945.20149 0.53099
2451956.10448 0.94945
2451967.00746 2.01185
2451977.91045 2.66877
2451988.81343 2.89792
2451999.71642 2.31612
2452010.61940 1.21632
2452021.52239 0.68611
2452032.42537 0.95613
2452043.32836 2.08683
2452054.23134 3.05683
2452065.13433 3.12669
2452076.03731 2.33669
2452086.94030 1.84987
2452097.84328 0.97701
2452108.74627 0.90976
2452119.64925 1.21827
2452305.00000 2.88455
2452315.90299 2.42423
2452326.80597 2.60109
2452337.70896 1.41082
2452348.61194 0.95556
2452359.51493 1.13397
2452370.41791 1.86742
2452381.32090 3.07198
2452392.22388 2.98884
2452403.12687 3.02751
2452414.02985 2.29242
2452424.93284 0.87707
2452435.83582 0.95981
2452446.73881 1.42349
2452457.64179 2.30272
2452468.54478 2.92741
2452479.44776 3.30377
2452675.70149 0.38596
2452686.60448 0.66061
2452697.50746 2.01194
2452708.41045 2.74883
2452719.31343 2.29291
2452730.21642 1.76857
2452741.11940 1.13102
2452752.02239 0.29772
2452762.92537 0.28496
2452773.82836 0.81253
2452784.73134 2.17727
2452795.63433 2.57122
2452806.53731 2.26048
2452817.44030 1.15353
2452828.34328 0.30461
2452839.24627 -0.10423
2452850.14925 0.33503
2453035.50000 1.53614
2453046.40299 1.60287
2453057.30597 0.77999
2453068.20896 -0.23473
2453079.11194 -0.94166
2453090.01493 -0.85265
2453100.91791 -0.07910
2453111.82090 0.89069
2453122.72388 1.39669
2453133.62687 0.85958
2453144.52985 -0.05892
2453155.43284 -0.87980
2453166.33582 -1.27951
2453177.23881 -0.93895
2453188.14179 0.13615
2453199.04478 0.87869
2453209.94776 0.84254
2453406.20149 -2.59402
2453417.10448 -2.25606
2453428.00746 -1.22819
2453438.91045 -0.22712
2453449.81343 0.08742
2453460.71642 -0.37991
2453471.61940 -1.32181
2453482.52239 -2.36415
2453493.42537 -2.49770
2453504.32836 -1.77550
2453515.23134 -0.86418
2453526.13433 -0.21943
2453537.03731 -0.30985
2453547.94030 -1.24377
2453558.84328 -2.40306
2453569.74627 -2.87657
2453580.64925 -2.26252
2453766.00000 -1.18597
2453776.90299 -0.62881
2453787.80597 -1.08501
2453798.70896 -2.50453
2453809.61194 -3.11309
2453820.51493 -3.42176
2453831.41791 -2.23574
2453842.32090 -1.34677
2453853.22388 -0.92715
2453864.12687 -1.12873
2453875.02985 -2.02211
2453885.93284 -3.02571
2453896.83582 -3.26612
2453907.73881 -3.32050
2453918.64179 -1.94106
2453929.54478 -1.10608
2453940.44776 -0.99668
2454136.70149 -2.91873
2454147.60448 -2.67754
2454158.50746 -2.79871
2454169.41045 -1.35492
2454180.31343 -0.80507
2454191.21642 -1.20529
2454202.11940 -2.13133
2454213.02239 -3.19233
2454223.92537 -3.08372
2454234.82836 -3.32463
2454245.73134 -1.70873
2454256.63433 -0.79543
2454267.53731 -0.86925
2454278.44030 -1.60068
2454289.34328 -2.45268
2454300.24627 -3.14144
2454311.14925 -2.77315
2454496.50000 -0.51894
2454507.40299 -0.09393
2454518.30597 -0.52269
2454529.20896 -1.29517
2454540.11194 -2.31858
2454551.01493 -2.46750
2454561.91791 -1.60492
2454572.82090 -0.70309
2454583.72388 0.05196
2454594.62687 0.09022
2454605.52985 -0.78028
2454616.43284 -1.83276
2454627.33582 -2.32250
2454638.23881 -2.05333
2454649.14179 -0.75879
2454660.04478 0.06189
2454670.94776 0.46472
2454867.20149 -1.31913
2454878.10448 -1.21174
2454889.00746 -0.39300
2454899.91045 0.64156
2454910.81343 1.26330
2454921.71642 1.10003
2454932.61940 0.40707
2454943.52239 -0.48194
2454954.42537 -0.96459
2454965.32836 -0.49244
2454976.23134 0.53164
2454987.13433 1.28691
2454998.03731 1.95677
2455008.94030 1.31284
2455019.84328 0.24260
2455030.74627 -0.52486
2455041.64925 -0.43437
2455227.00000 2.07446
2455237.90299 2.41255
2455248.80597 2.52451
2455259.70896 1.51666
2455270.61194 0.52543
2455281.51493 0.24770
2455292.41791 0.74776
2455303.32090 1.80058
2455314.22388 2.56958
2455325.12687 3.22005
2455336.02985 2.36624
2455346.93284 1.20718
2455357.83582 0.47763
2455368.73881 0.59073
2455379.64179 1.55655
2455390.54478 2.56360
2455401.44776 3.09622
2455597.70149 1.32885
2455608.60448 1.01021
2455619.50746 1.33526
2455630.41045 2.31329
2455641.31343 3.16404
2455652.21642 3.62253
2455663.11940 2.24464
2455674.02239 1.46083
2455684.92537 0.88454
2455695.82836 1.05106
2455706.73134 2.08559
2455717.63433 3.29115
2455728.53731 3.89255
2455739.44030 3.31181
2455750.34328 2.31856
2455761.24627 1.25148
2455772.14925 1.04495
2455957.50000 2.45127
