2445000.00000 19.56911
2445010.90299 39.92300
2445021.80597 32.13346
2445032.70896 16.91273
2445043.61194 0.37656
2445054.51493 8.54288
2445065.41791 34.04934
2445076.32090 49.63234
2445087.22388 27.50594
2445098.12687 3.11353
2445109.02985 3.06251
2445119.93284 21.69093
2445130.83582 46.99589
2445141.73881 32.63459
2445152.64179 9.09756
2445163.54478 0.43342
2445174.44776 16.94416
2445370.70149 43.98989
2445381.60448 21.83314
2445392.50746 4.65768
2445403.41045 8.95711
2445414.31343 37.93424
2445425.21642 49.93502
2445436.11940 38.93186
2445447.02239 9.97043
2445457.92537 6.90227
2445468.82836 26.98894
2445479.73134 47.40324
2445490.63433 46.60552
2445501.53731 23.59522
2445512.44030 6.08167
2445523.34328 18.22386
2445534.24627 38.78732
2445545.14925 52.10677
2445730.50000 44.30404
2445741.40299 17.57419
2445752.30597 15.30799
2445763.20896 38.11030
2445774.11194 57.71864
2445785.01493 46.42702
2445795.91791 22.35176
2445806.82090 15.46842
2445817.72388 32.12365
2445828.62687 52.91788
2445839.52985 55.71107
2445850.43284 34.61602
2445861.33582 19.75951
2445872.23881 28.24322
2445883.14179 48.30839
2445894.04478 59.10760
2445904.94776 54.18988
2446101.20149 22.25307
2446112.10448 39.93242
2446123.00746 56.67526
2446133.91045 53.58221
2446144.81343 37.46542
2446155.71642 26.67306
2446166.61940 38.51124
2446177.52239 44.74657
2446188.42537 70.12004
2446199.32836 35.90940
2446210.23134 22.84262
2446221.13433 31.13615
2446232.03731 55.24427
2446242.94030 70.60241
2446253.84328 61.98817
2446264.74627 37.88931
2446275.64925 31.51837
2446461.00000 43.59480
2446471.90299 69.18356
2446482.80597 64.04241
2446493.70896 45.76874
2446504.61194 26.96303
2446515.51493 40.71526
2446526.41791 64.87367
2446537.32090 70.32179
2446548.22388 63.14396
2446559.12687 30.21165
2446570.02985 25.49544
2446580.93284 48.47895
2446591.83582 64.04904
2446602.73881 59.46955
2446613.64179 41.99028
2446624.54478 21.66113
2446635.44776 44.64130
2446831.70149 67.79573
2446842.60448 43.49421
2446853.50746 25.26190
2446864.41045 33.82724
2446875.31343 49.96672
2446886.21642 66.24920
2446897.11940 43.14081
2446908.02239 26.65648
2446918.92537 22.55895
2446929.82836 48.08682
2446940.73134 61.19433
2446951.63433 54.15567
2446962.53731 36.94769
2446973.44030 18.80468
2446984.34328 32.95953
2446995.24627 49.18340
2447006.14925 58.16144
2447191.50000 36.84217
2447202.40299 16.40183
2447213.30597 15.12152
2447224.20896 39.71652
2447235.11194 65.56542
2447246.01493 36.13530
2447256.91791 19.14255
2447267.82090 10.31946
2447278.72388 29.40157
2447289.62687 43.23740
2447300.52985 48.23193
2447311.43284 28.37258
2447322.33582 8.31794
2447333.23881 15.57811
2447344.14179 41.34825
2447355.04478 52.44724
2447365.94776 40.15518
2447562.20149 4.47196
2447573.10448 24.77250
2447584.00746 44.13042
2447594.91045 31.39070
2447605.81343 15.37048
2447616.71642 1.75531
2447627.61940 14.71053
2447638.52239 35.79570
2447649.42537 46.79834
2447660.32836 26.81019
2447671.23134 3.49657
2447682.13433 7.19059
2447693.03731 37.72353
2447703.94030 47.43667
2447714.84328 35.50349
2447725.74627 8.56518
2447736.64925 1.64303
2447922.00000 16.55523
2447932.90299 28.74862
2447943.80597 41.89592
2447954.70896 19.58062
2447965.61194 1.06351
2447976.51493 10.42896
2447987.41791 34.56223
2447998.32090 39.52369
2448009.22388 27.39464
2448020.12687 5.11969
2448031.02985 4.27627
2448041.93284 25.78402
2448052.83582 41.40877
2448063.73881 33.76852
2448074.64179 11.47672
2448085.54478 2.04689
2448096.44776 13.87074
2448292.70149 47.03609
2448303.60448 31.58251
2448314.50746 9.18263
2448325.41045 12.58906
2448336.31343 40.89463
2448347.21642 51.45343
2448358.11940 33.28558
2448369.02239 15.80912
2448379.92537 10.74501
2448390.82836 35.35116
2448401.73134 44.07570
2448412.63433 45.54241
2448423.53731 25.98060
2448434.44030 11.05180
2448445.34328 24.97769
2448456.24627 41.79181
2448467.14925 49.72814
2448652.50000 45.20420
2448663.40299 22.65924
2448674.30597 22.16296
2448685.20896 46.56206
2448696.11194 58.49217
2448707.01493 49.65074
2448717.91791 37.79468
2448728.82090 13.86006
2448739.72388 35.37223
2448750.62687 51.14058
2448761.52985 58.86004
2448772.43284 41.12555
2448783.33582 24.25298
2448794.23881 33.69757
2448805.14179 39.29154
2448816.04478 71.83497
2448826.94776 58.26857
2449023.20149 24.37198
2449034.10448 45.73993
2449045.00746 61.78858
2449055.91045 45.55466
2449066.81343 42.57196
2449077.71642 27.65703
2449088.61940 43.73088
2449099.52239 66.04979
2449110.42537 82.53384
2449121.32836 43.45631
2449132.23134 32.74237
2449143.13433 28.87778
2449154.03731 54.42717
2449164.94030 70.15434
2449175.84328 61.09244
2449186.74627 38.71442
2449197.64925 30.02218
2449383.00000 50.61052
2449393.90299 56.31336
2449404.80597 72.72905
2449415.70896 40.49929
2449426.61194 24.83873
2449437.51493 33.57072
2449448.41791 64.45587
2449459.32090 61.57189
2449470.22388 47.99625
2449481.12687 32.07883
2449492.02985 26.95838
2449502.93284 41.94032
2449513.83582 67.49085
2449524.73881 62.99933
2449535.64179 37.47893
2449546.54478 24.84153
2449557.44776 40.36508
2449753.70149 63.15719
2449764.60448 38.98404
2449775.50746 20.40997
2449786.41045 28.64692
2449797.31343 49.58331
2449808.21642 60.62643
2449819.11940 51.26841
2449830.02239 23.19298
2449840.92537 19.49785
2449851.82836 35.91276
2449862.73134 66.34854
2449873.63433 50.41821
2449884.53731 30.17128
2449895.44030 15.89200
2449906.34328 25.93540
2449917.24627 48.58043
2449928.14925 72.90475
2450113.50000 36.22208
2450124.40299 12.20654
2450135.30597 10.77049
2450146.20896 30.97072
2450157.11194 47.59484
2450168.01493 37.95053
2450178.91791 16.51057
2450189.82090 6.09539
2450200.72388 22.21349
2450211.62687 46.75203
2450222.52985 50.09855
2450233.43284 23.80368
2450244.33582 5.52094
2450255.23881 13.00143
2450266.14179 38.25808
2450277.04478 41.56012
2450287.94776 33.32540
2450484.20149 2.80146
2450495.10448 23.07369
2450506.00746 42.51103
2450516.91045 41.60482
2450527.81343 13.47513
2450538.71642 0.63047
2450549.61940 14.13615
2450560.52239 34.57047
2450571.42537 47.50518
2450582.32836 20.15447
2450593.23134 2.27671
2450604.13433 6.03796
2450615.03731 26.49255
2450625.94030 39.87511
2450636.84328 31.98790
2450647.74627 8.84656
2450658.64925 1.44529
2450844.00000 18.02177
2450854.90299 42.77754
2450865.80597 44.80443
2450876.70896 22.28107
2450887.61194 3.52150
2450898.51493 14.67448
2450909.41791 30.06643
2450920.32090 50.07457
2450931.22388 26.16974
2450942.12687 9.06396
2450953.02985 7.52836
2450963.93284 30.92429
2450974.83582 38.49431
2450985.73881 37.54718
2450996.64179 18.16725
2451007.54478 4.59896
2451018.44776 19.93195
2451214.70149 45.53303
2451225.60448 32.99947
2451236.50746 13.43919
2451247.41045 16.69510
2451258.31343 37.56649
2451269.21642 51.30581
2451280.11940 49.55708
2451291.02239 17.46863
2451301.92537 15.96014
2451312.82836 33.66101
2451323.73134 49.53482
2451334.63433 57.51999
2451345.53731 29.60439
2451356.44030 16.41940
2451367.34328 30.19208
2451378.24627 48.13804
2451389.14925 56.42650
2451574.50000 54.68799
2451585.40299 25.14767
2451596.30597 25.27166
2451607.20896 48.72902
2451618.11194 69.21503
2451629.01493 55.77097
2451639.91791 34.85052
2451650.82090 26.04437
2451661.72388 38.78512
2451672.62687 60.53405
2451683.52985 64.91998
2451694.43284 42.59598
2451705.33582 26.48202
2451716.23881 26.40072
2451727.14179 68.62808
2451738.04478 71.07522
2451748.94776 56.93826
2451945.20149 30.37296
2451956.10448 49.89137
2451967.00746 64.29536
2451977.91045 66.87711
2451988.81343 41.80986
2451999.71642 27.59395
2452010.61940 35.06919
2452021.52239 58.17816
2452032.42537 60.22854
2452043.32836 52.93936
2452054.23134 36.05795
2452065.13433 36.06772
2452076.03731 45.76116
2452086.94030 72.41687
2452097.84328 60.70135
2452108.74627 39.72245
2452119.64925 28.66518
2452305.00000 33.67474
2452315.90299 58.99347
2452326.80597 73.62015
2452337.70896 40.64960
2452348.61194 25.47610
2452359.51493 29.02733
2452370.41791 56.26561
2452381.32090 71.34020
2452392.22388 49.13018
2452403.12687 32.27049
2452414.02985 22.85694
2452424.93284 40.16969
2452435.83582 65.76884
2452446.73881 59.00887
2452457.64179 32.24220
2452468.54478 22.02282
2452479.44776 33.65552
2452675.70149 60.71224
2452686.60448 36.98405
2452697.50746 15.52499
2452708.41045 20.04339
2452719.31343 44.54535
2452730.21642 42.21340
2452741.11940 37.61951
2452752.02239 16.77395
2452762.92537 12.57280
2452773.82836 32.75775
2452784.73134 55.49806
2452795.63433 46.75593
2452806.53731 27.81918
2452817.44030 10.39003
2452828.34328 19.13734
2452839.24627 49.18922
2452850.14925 47.36460
2453035.50000 34.72732
2453046.40299 9.72638
2453057.30597 7.46366
2453068.20896 31.21543
2453079.11194 43.24648
2453090.01493 35.29290
2453100.91791 14.68774
2453111.82090 4.44960
2453122.72388 15.83402
2453133.62687 45.16055
2453144.52985 45.50672
2453155.43284 20.69960
2453166.33582 3.96828
2453177.23881 12.22064
2453188.14179 30.79439
2453199.04478 47.05129
2453209.94776 32.26555
2453406.20149 1.99432
2453417.10448 18.03107
2453428.00746 42.31219
2453438.91045 33.08936
2453449.81343 18.34230
2453460.71642 1.13736
2453471.61940 12.75001
2453482.52239 36.20403
2453493.42537 42.87475
2453504.32836 27.00411
2453515.23134 4.23983
2453526.13433 5.04444
2453537.03731 28.66565
2453547.94030 39.45788
2453558.84328 29.53582
2453569.74627 10.59599
2453580.64925 2.99487
2453766.00000 24.79964
2453776.90299 42.58377
2453787.80597 37.85491
2453798.70896 27.73130
2453809.61194 6.67849
2453820.51493 16.94399
2453831.41791 41.32592
2453842.32090 51.52947
2453853.22388 36.48631
2453864.12687 12.59640
2453875.02985 12.30466
2453885.93284 25.28889
2453896.83582 42.70003
2453907.73881 47.14250
2453918.64179 19.45171
2453929.54478 10.51933
2453940.44776 25.05581
2454136.70149 62.02375
2454147.60448 45.69892
2454158.50746 21.37784
2454169.41045 24.93133
2454180.31343 46.23405
2454191.21642 47.75876
2454202.11940 41.34969
2454213.02239 25.63298
2454223.92537 18.39697
2454234.82836 48.35599
2454245.73134 62.54223
2454256.63433 55.59382
2454267.53731 38.07055
2454278.44030 22.53829
2454289.34328 29.56726
2454300.24627 49.00178
2454311.14925 67.24598
2454496.50000 56.91465
2454507.40299 34.31359
2454518.30597 25.62551
2454529.20896 42.96538
2454540.11194 59.20778
2454551.01493 52.91240
2454561.91791 38.02726
2454572.82090 28.00751
2454583.72388 43.59492
2454594.62687 69.24087
2454605.52985 65.10438
2454616.43284 51.19010
2454627.33582 29.70693
2454638.23881 39.72547
2454649.14179 46.21147
2454660.04478 64.56411
2454670.94776 48.69097
2454867.20149 28.19355
2454878.10448 42.54796
2454889.00746 79.30084
2454899.91045 73.39003
2454910.81343 32.12762
2454921.71642 25.57490
2454932.61940 40.63670
2454943.52239 64.36363
2454954.42537 63.24287
2454965.32836 51.55550
2454976.23134 29.58593
2454987.13433 28.28701
2454998.03731 56.09665
2455008.94030 72.73380
2455019.84328 50.37690
2455030.74627 35.56147
2455041.64925 23.80699
2455227.00000 46.30975
2455237.90299 53.61350
2455248.80597 57.15162
2455259.70896 42.35237
2455270.61194 20.38818
2455281.51493 23.44947
2455292.41791 57.11588
2455303.32090 60.50627
2455314.22388 45.23994
2455325.12687 29.16927
2455336.02985 24.58245
2455346.93284 46.21224
2455357.83582 52.75401
2455368.73881 54.32294
2455379.64179 34.31814
2455390.54478 16.48822
2455401.44776 24.80117
2455597.70149 49.73927
2455608.60448 28.42419
2455619.50746 12.43223
2455630.41045 15.29551
2455641.31343 30.85494
2455652.21642 48.25516
2455663.11940 40.89494
2455674.02239 16.63327
2455684.92537 11.23135
2455695.82836 22.65771
2455706.73134 48.76950
2455717.63433 39.66128
2455728.53731 20.92684
2455739.44030 7.13425
2455750.34328 16.30309
2455761.24627 40.62297
2455772.14925 50.95444
2455957.50000 32.36737
