2445000.00000 -80.80527
2445010.90299 -55.73939
2445021.80597 -22.27574
2445032.70896 16.92835
2445043.61194 41.35941
2445054.51493 35.94478
2445065.41791 2.29529
2445076.32090 -34.33351
2445087.22388 -63.67729
2445098.12687 -59.29573
2445109.02985 -40.66315
2445119.93284 6.17004
2445130.83582 44.95289
2445141.73881 67.81402
2445152.64179 48.83535
2445163.54478 13.97310
2445174.44776 -22.69031
2445370.70149 -9.07066
2445381.60448 -14.41477
2445392.50746 -2.55253
2445403.41045 33.88545
2445414.31343 80.68716
2445425.21642 108.82826
2445436.11940 110.25755
2445447.02239 56.97295
2445457.92537 25.70074
2445468.82836 -7.27655
2445479.73134 -14.59062
2445490.63433 8.80713
2445501.53731 54.04499
2445512.44030 94.49252
2445523.34328 116.30294
2445534.24627 68.73450
2445545.14925 66.96493
2445730.50000 57.31300
2445741.40299 16.90296
2445752.30597 -22.61629
2445763.20896 -43.21183
2445774.11194 -27.54324
2445785.01493 2.73282
2445795.91791 46.28920
2445806.82090 72.53730
2445817.72388 81.95718
2445828.62687 33.88308
2445839.52985 -7.57396
2445850.43284 -46.63316
2445861.33582 -66.04804
2445872.23881 -45.08599
2445883.14179 -7.55040
2445894.04478 31.27773
2445904.94776 58.20652
2446101.20149 19.52750
2446112.10448 1.10253
2446123.00746 -39.51777
2446133.91045 -87.21369
2446144.81343 -100.61631
2446155.71642 -105.80249
2446166.61940 -71.59372
2446177.52239 -20.74558
2446188.42537 9.04838
2446199.32836 13.75532
2446210.23134 -12.12276
2446221.13433 -50.14115
2446232.03731 -112.05763
2446242.94030 -116.01692
2446253.84328 -96.63270
2446264.74627 -63.00956
2446275.64925 -13.38355
2446461.00000 -15.96743
2446471.90299 26.70334
2446482.80597 40.88647
2446493.70896 25.59564
2446504.61194 -8.86733
2446515.51493 -54.99611
2446526.41791 -72.40168
2446537.32090 -57.09128
2446548.22388 -37.55190
2446559.12687 10.16285
2446570.02985 51.93631
2446580.93284 47.19188
2446591.83582 35.09670
2446602.73881 1.16487
2446613.64179 -34.36421
2446624.54478 -56.95649
2446635.44776 -42.91793
2446831.70149 0.50280
2446842.60448 37.72098
2446853.50746 90.89753
2446864.41045 98.14146
2446875.31343 97.90444
2446886.21642 56.70593
2446897.11940 16.59031
2446908.02239 -10.48142
2446918.92537 -11.93346
2446929.82836 11.89873
2446940.73134 58.07044
2446951.63433 83.32307
2446962.53731 90.06644
2446973.44030 101.79424
2446984.34328 55.43483
2446995.24627 12.56676
2447006.14925 -14.94454
2447191.50000 -20.16685
2447202.40299 -38.38932
2447213.30597 -22.28719
2447224.20896 14.62550
2447235.11194 53.85517
2447246.01493 78.56346
2447256.91791 71.13297
2447267.82090 35.58216
2447278.72388 -11.85660
2447289.62687 -39.15838
2447300.52985 -44.38943
2447311.43284 -34.16452
2447322.33582 4.99730
2447333.23881 42.92260
2447344.14179 55.82645
2447355.04478 45.06382
2447365.94776 5.07361
2447562.20149 -47.00182
2447573.10448 -85.91071
2447584.00746 -103.00567
2447594.91045 -89.96557
2447605.81343 -62.14918
2447616.71642 -15.13816
2447627.61940 11.35851
2447638.52239 11.56938
2447649.42537 -16.52639
2447660.32836 -57.34457
2447671.23134 -89.21752
2447682.13433 -126.09545
2447693.03731 -84.25563
2447703.94030 -48.92145
2447714.84328 -8.28509
2447725.74627 16.25998
2447736.64925 7.12118
2447922.00000 29.83758
2447932.90299 19.47322
2447943.80597 -23.84363
2447954.70896 -58.94851
2447965.61194 -80.99677
2447976.51493 -65.33268
2447987.41791 -30.66649
2447998.32090 12.43115
2448009.22388 43.70861
2448020.12687 47.49640
2448031.02985 28.16386
2448041.93284 -11.13959
2448052.83582 -46.14298
2448063.73881 -61.53545
2448074.64179 -43.35204
2448085.54478 -3.76148
2448096.44776 45.30478
2448292.70149 91.92337
2448303.60448 115.77312
2448314.50746 68.54340
2448325.41045 56.16293
2448336.31343 9.84865
2448347.21642 -13.40787
2448358.11940 -9.97297
2448369.02239 21.95642
2448379.92537 67.41693
2448390.82836 89.53302
2448401.73134 107.79648
2448412.63433 85.16334
2448423.53731 48.99253
2448434.44030 4.66166
2448445.34328 -12.46271
2448456.24627 -5.53408
2448467.14925 31.81791
2448652.50000 -12.12108
2448663.40299 22.38268
2448674.30597 68.13074
2448685.20896 76.13409
2448696.11194 65.13660
2448707.01493 32.16801
2448717.91791 -13.65974
2448728.82090 -52.40446
2448739.72388 -53.99237
2448750.62687 -22.27334
2448761.52985 17.63198
2448772.43284 47.16888
2448783.33582 64.76914
2448794.23881 47.37525
2448805.14179 2.49659
2448816.04478 -30.76740
2448826.94776 -75.29208
2449023.20149 -107.69501
2449034.10448 -81.17412
2449045.00746 -42.55203
2449055.91045 -5.90825
2449066.81343 16.51395
2449077.71642 9.28988
2449088.61940 -25.76818
2449099.52239 -53.19163
2449110.42537 -106.21992
2449121.32836 -106.42577
2449132.23134 -85.61486
2449143.13433 -40.71714
2449154.03731 -3.21282
2449164.94030 17.22403
2449175.84328 2.18714
2449186.74627 -39.72489
2449197.64925 -67.28890
2449383.00000 -36.74701
2449393.90299 -67.70107
2449404.80597 -91.49141
2449415.70896 -71.04819
2449426.61194 -31.59938
2449437.51493 16.90910
2449448.41791 42.43374
2449459.32090 45.22107
2449470.22388 15.69083
2449481.12687 -21.11331
2449492.02985 -58.75528
2449502.93284 -70.22614
2449513.83582 -43.13731
2449524.73881 -1.03235
2449535.64179 44.19024
2449546.54478 72.10679
2449557.44776 70.92489
2449753.70149 84.10086
2449764.60448 40.00345
2449775.50746 2.17069
2449786.41045 -16.32371
2449797.31343 -9.03466
2449808.21642 25.67125
2449819.11940 78.54330
2449830.02239 90.11724
2449840.92537 110.50859
2449851.82836 91.88885
2449862.73134 40.64960
2449873.63433 0.38961
2449884.53731 -15.73905
2449895.44030 0.12789
2449906.34328 30.92488
2449917.24627 77.94096
2449928.14925 82.70413
2450113.50000 74.23224
2450124.40299 83.02001
2450135.30597 73.75268
2450146.20896 30.53353
2450157.11194 -19.60673
2450168.01493 -39.75992
2450178.91791 -38.98820
2450189.82090 -11.14292
2450200.72388 30.89291
2450211.62687 57.96921
2450222.52985 70.50311
2450233.43284 40.51214
2450244.33582 -0.56906
2450255.23881 -51.27319
2450266.14179 -80.09777
2450277.04478 -56.02337
2450287.94776 -22.40282
2450484.20149 -31.55458
2450495.10448 1.52797
2450506.00746 16.05726
2450516.91045 7.15282
2450527.81343 -26.67039
2450538.71642 -83.29975
2450549.61940 -112.00945
2450560.52239 -125.11340
2450571.42537 -71.13960
2450582.32836 -29.91078
2450593.23134 2.26818
2450604.13433 16.46392
2450615.03731 -2.77995
2450625.94030 -41.52910
2450636.84328 -86.98646
2450647.74627 -107.86973
2450658.64925 -81.59151
2450844.00000 -91.46878
2450854.90299 -65.47692
2450865.80597 -28.10920
2450876.70896 21.11530
2450887.61194 47.08385
2450898.51493 37.11051
2450909.41791 6.54937
2450920.32090 -33.10897
2450931.22388 -59.90125
2450942.12687 -57.01377
2450953.02985 -41.73218
2450963.93284 1.96380
2450974.83582 39.17547
2450985.73881 66.85816
2450996.64179 51.36527
2451007.54478 18.56410
2451018.44776 -22.93620
2451214.70149 -5.39945
2451225.60448 -21.06755
2451236.50746 -6.33518
2451247.41045 33.42922
2451258.31343 86.53547
2451269.21642 108.28535
2451280.11940 103.26641
2451291.02239 76.58029
2451301.92537 27.70465
2451312.82836 -4.93105
2451323.73134 -17.44995
2451334.63433 5.38045
2451345.53731 44.89421
2451356.44030 82.86384
2451367.34328 101.84137
2451378.24627 108.90654
2451389.14925 64.58609
2451574.50000 69.27750
2451585.40299 24.62122
2451596.30597 -18.67594
2451607.20896 -40.30454
2451618.11194 -36.51440
2451629.01493 -0.90618
2451639.91791 39.63202
2451650.82090 76.29885
2451661.72388 67.31505
2451672.62687 40.19020
2451683.52985 -3.84422
2451694.43284 -51.00546
2451705.33582 -64.18401
2451716.23881 -44.06634
2451727.14179 -11.44606
2451738.04478 26.77536
2451748.94776 54.09816
2451945.20149 23.79353
2451956.10448 4.58371
2451967.00746 -35.27047
2451977.91045 -88.70477
2451988.81343 -102.90176
2451999.71642 -104.55247
2452010.61940 -78.07827
2452021.52239 -28.71841
2452032.42537 6.41701
2452043.32836 16.35690
2452054.23134 -9.69826
2452065.13433 -52.74457
2452076.03731 -93.62557
2452086.94030 -130.50426
2452097.84328 -86.49200
2452108.74627 -60.83192
2452119.64925 -15.73428
2452305.00000 -20.56659
2452315.90299 20.71108
2452326.80597 41.38387
2452337.70896 29.59720
2452348.61194 -5.38282
2452359.51493 -48.41527
2452370.41791 -79.71872
2452381.32090 -81.60850
2452392.22388 -43.08795
2452403.12687 5.33092
2452414.02985 48.90330
2452424.93284 56.00106
2452435.83582 47.66493
2452446.73881 5.65707
2452457.64179 -33.45298
2452468.54478 -63.36698
2452479.44776 -43.96561
2452675.70149 -3.11945
2452686.60448 41.93353
2452697.50746 73.42771
2452708.41045 100.98940
2452719.31343 120.77645
2452730.21642 55.27869
2452741.11940 19.69182
2452752.02239 -9.20761
2452762.92537 -13.02713
2452773.82836 10.97451
2452784.73134 52.54133
2452795.63433 101.21864
2452806.53731 111.98873
2452817.44030 100.68624
2452828.34328 58.51892
2452839.24627 16.13813
2452850.14925 -14.04202
2453035.50000 -20.16168
2453046.40299 -38.48726
2453057.30597 -23.52364
2453068.20896 11.32718
2453079.11194 52.27006
2453090.01493 86.18217
2453100.91791 56.00878
2453111.82090 40.13080
2453122.72388 -6.34734
2453133.62687 -49.63078
2453144.52985 -60.28775
2453155.43284 -42.72576
2453166.33582 0.80709
2453177.23881 49.35423
2453188.14179 47.17774
2453199.04478 49.27264
2453209.94776 11.83293
2453406.20149 -43.24166
2453417.10448 -91.20273
2453428.00746 -114.11510
2453438.91045 -106.59588
2453449.81343 -55.76714
2453460.71642 -20.41335
2453471.61940 9.77312
2453482.52239 13.02224
2453493.42537 -15.09351
2453504.32836 -55.90042
2453515.23134 -78.85604
2453526.13433 -115.88492
2453537.03731 -99.92901
2453547.94030 -60.38965
2453558.84328 -12.24641
2453569.74627 13.10572
2453580.64925 9.56524
2453766.00000 34.43374
2453776.90299 21.72880
2453787.80597 -15.09203
2453798.70896 -63.20979
2453809.61194 -72.00046
2453820.51493 -75.32846
2453831.41791 -41.08538
2453842.32090 8.39639
2453853.22388 39.65970
2453864.12687 55.44631
2453875.02985 32.58145
2453885.93284 -7.49264
2453896.83582 -37.69702
2453907.73881 -66.48102
2453918.64179 -46.87099
2453929.54478 -8.56264
2453940.44776 34.40432
2454136.70149 87.23812
2454147.60448 119.05675
2454158.50746 85.44631
2454169.41045 56.88879
2454180.31343 13.10402
2454191.21642 -13.42877
2454202.11940 -13.72463
2454213.02239 16.41580
2454223.92537 66.57810
2454234.82836 98.76437
2454245.73134 105.16479
2454256.63433 104.27522
2454267.53731 52.95639
2454278.44030 10.59540
2454289.34328 -12.88439
2454300.24627 -7.80679
2454311.14925 27.03863
2454496.50000 -19.51992
2454507.40299 23.52815
2454518.30597 70.21554
2454529.20896 85.68510
2454540.11194 82.69853
2454551.01493 41.51175
2454561.91791 -10.23645
2454572.82090 -46.90203
2454583.72388 -47.36866
2454594.62687 -32.11997
2454605.52985 11.29866
2454616.43284 51.61845
2454627.33582 58.63580
2454638.23881 41.50555
2454649.14179 6.98920
2454660.04478 -39.42005
2454670.94776 -72.30371
2454867.20149 -119.71959
2454878.10448 -88.18790
2454889.00746 -44.95190
2454899.91045 -11.13850
2454910.81343 16.31702
2454921.71642 14.17813
2454932.61940 -22.49344
2454943.52239 -68.68071
2454954.42537 -107.25118
2454965.32836 -108.56288
2454976.23134 -85.58809
2454987.13433 -49.37212
2454998.03731 -6.99352
2455008.94030 18.24791
2455019.84328 4.58875
2455030.74627 -27.32651
2455041.64925 -74.90503
2455227.00000 -28.58166
2455237.90299 -67.95914
2455248.80597 -92.02808
2455259.70896 -62.94239
2455270.61194 -39.71378
2455281.51493 10.28841
2455292.41791 41.95324
2455303.32090 45.82711
2455314.22388 23.44161
2455325.12687 -21.56340
2455336.02985 -66.87390
2455346.93284 -64.98205
2455357.83582 -55.17505
2455368.73881 -7.02457
2455379.64179 40.24482
2455390.54478 76.04012
2455401.44776 59.00012
2455597.70149 84.72927
2455608.60448 52.78493
2455619.50746 5.07950
2455630.41045 -17.84458
2455641.31343 -9.31227
2455652.21642 22.12141
2455663.11940 74.42157
2455674.02239 94.59490
2455684.92537 120.87189
2455695.82836 95.32964
2455706.73134 47.47601
2455717.63433 3.05933
2455728.53731 -13.51165
2455739.44030 -2.85015
2455750.34328 27.30626
2455761.24627 86.52172
2455772.14925 115.51398
2455957.50000 85.13464
