2445000.00000 0.97730
2445010.90299 0.69021
2445021.80597 0.18620
2445032.70896 1.24634
2445043.61194 -2.86399
2445054.51493 -1.74739
2445065.41791 2.65967
2445076.32090 0.61341
2445087.22388 -1.45914
2445098.12687 0.17780
2445109.02985 -1.34676
2445119.93284 0.47199
2445130.83582 2.88833
2445141.73881 -1.57849
2445152.64179 -2.33589
2445163.54478 1.56220
2445174.44776 0.20637
2445370.70149 -2.92495
2445381.60448 0.52909
2445392.50746 2.92951
2445403.41045 -0.87408
2445414.31343 -0.50322
2445425.21642 -0.40666
2445436.11940 -1.38035
2445447.02239 2.23964
2445457.92537 1.80767
2445468.82836 -3.27407
2445479.73134 -0.54627
2445490.63433 1.26005
2445501.53731 -0.13691
2445512.44030 1.57581
2445523.34328 -0.47391
2445534.24627 -2.58671
2445545.14925 1.71362
2445730.50000 -1.13824
2445741.40299 0.19355
2445752.30597 -1.48970
2445763.20896 -0.33294
2445774.11194 2.72050
2445785.01493 -0.43992
2445795.91791 -2.70786
2445806.82090 0.93887
2445817.72388 0.25677
2445828.62687 0.54485
2445839.52985 1.73479
2445850.43284 -2.06822
2445861.33582 -1.42965
2445872.23881 2.62673
2445883.14179 0.40223
2445894.04478 -0.94562
2445904.94776 0.12498
2446101.20149 2.61293
2446112.10448 -2.07529
2446123.00746 -1.02210
2446133.91045 0.90070
2446144.81343 -0.26746
2446155.71642 1.54393
2446166.61940 0.33562
2446177.52239 -2.61895
2446188.42537 0.51269
2446199.32836 2.57485
2446210.23134 -0.52058
2446221.13433 -0.00769
2446232.03731 -0.62550
2446242.94030 -1.60690
2446253.84328 2.24362
2446264.74627 1.43101
2446275.64925 -2.96772
2446461.00000 0.18143
2446471.90299 0.24620
2446482.80597 1.96782
2446493.70896 -1.58298
2446504.61194 -2.29256
2446515.51493 2.50970
2446526.41791 1.01319
2446537.32090 -0.54296
2446548.22388 0.31752
2446559.12687 -2.06798
2446570.02985 -0.29350
2446580.93284 3.62925
2446591.83582 -0.64465
2446602.73881 -2.12945
2446613.64179 0.55334
2446624.54478 -0.23456
2446635.44776 0.80959
2446831.70149 -0.44173
2446842.60448 2.34713
2446853.50746 -0.23033
2446864.41045 0.08527
2446875.31343 -0.27725
2446886.21642 -2.19822
2446897.11940 1.51415
2446908.02239 2.26944
2446918.92537 -2.09778
2446929.82836 -0.74000
2446940.73134 0.47950
2446951.63433 -0.34765
2446962.53731 1.71701
2446973.44030 0.28628
2446984.34328 -2.94738
2446995.24627 0.52768
2447006.14925 2.11212
2447191.50000 0.58124
2447202.40299 -1.39061
2447213.30597 -1.04354
2447224.20896 2.86616
2447235.11194 0.41633
2447246.01493 -2.19197
2447256.91791 0.17019
2447267.82090 -0.31567
2447278.72388 0.50244
2447289.62687 2.78435
2447300.52985 -1.97114
2447311.43284 -2.57307
2447322.33582 2.06516
2447333.23881 0.70041
2447344.14179 -0.19953
2447355.04478 0.43045
2447365.94776 -1.98023
2447562.20149 -1.33500
2447573.10448 -0.98026
2447584.00746 0.32843
2447594.91045 -0.69749
2447605.81343 1.76058
2447616.71642 1.01143
2447627.61940 -2.60880
2447638.52239 -0.35746
2447649.42537 2.16700
2447660.32836 -0.20282
2447671.23134 0.57285
2447682.13433 -0.53830
2447693.03731 -1.94179
2447703.94030 1.58103
2447714.84328 2.05989
2447725.74627 -1.84016
2447736.64925 -0.59390
2447922.00000 -0.06818
2447932.90299 2.68000
2447943.80597 -0.94603
2447954.70896 -3.20879
2447965.61194 1.14137
2447976.51493 0.79762
2447987.41791 -0.09990
2447998.32090 0.88323
2448009.22388 -1.77479
2448020.12687 -1.00308
2448031.02985 2.24141
2448041.93284 0.25637
2448052.83582 -1.44457
2448063.73881 0.20267
2448074.64179 -0.72302
2448085.54478 0.62603
2448096.44776 2.31882
2448292.70149 2.07438
2448303.60448 0.00731
2448314.50746 0.69237
2448325.41045 0.06321
2448336.31343 -2.57029
2448347.21642 0.54866
2448358.11940 2.32177
2448369.02239 -1.27892
2448379.92537 -0.82861
2448390.82836 -0.06491
2448401.73134 -0.85581
2448412.63433 1.99412
2448423.53731 1.16652
2448434.44030 -2.87303
2448445.34328 -0.30189
2448456.24627 1.31864
2448467.14925 -0.15190
2448652.50000 -1.45116
2448663.40299 -2.03573
2448674.30597 2.27492
2448685.20896 1.30639
2448696.11194 -1.23101
2448707.01493 0.05199
2448717.91791 -0.95713
2448728.82090 -0.03941
2448739.72388 2.77434
2448750.62687 -0.82422
2448761.52985 -2.97344
2448772.43284 0.96485
2448783.33582 0.53101
2448794.23881 0.27130
2448805.14179 1.15276
2448816.04478 -2.11690
2448826.94776 -1.14167
2449023.20149 -0.84167
2449034.10448 -0.04562
2449045.00746 -1.29114
2449055.91045 1.51683
2449066.81343 1.87164
2449077.71642 -2.74963
2449088.61940 -1.11273
2449099.52239 1.28341
2449110.42537 -0.10206
2449121.32836 1.19338
2449132.23134 0.01300
2449143.13433 -3.01107
2449154.03731 0.93747
2449164.94030 2.84372
2449175.84328 -0.89830
2449186.74627 -0.41943
2449197.64925 -0.50390
2449383.00000 2.52711
2449393.90299 0.12784
2449404.80597 -3.11264
2449415.70896 0.48342
2449426.61194 0.59705
2449437.51493 0.15665
2449448.41791 1.66338
2449459.32090 -1.85939
2449470.22388 -2.20772
2449481.12687 2.50663
2449492.02985 0.88318
2449502.93284 -1.03616
2449513.83582 0.16880
2449524.73881 -1.52854
2449535.64179 0.01437
2449546.54478 2.76387
2449557.44776 -0.81810
2449753.70149 -0.13230
2449764.60448 1.34537
2449775.50746 0.95069
2449786.41045 -3.29189
2449797.31343 -0.09838
2449808.21642 2.59337
2449819.11940 -0.48674
2449830.02239 -0.40114
2449840.92537 -0.30980
2449851.82836 -1.57573
2449862.73134 1.67311
2449873.63433 1.90904
2449884.53731 -2.51229
2449895.44030 -0.87467
2449906.34328 0.86544
2449917.24627 -0.23864
2449928.14925 1.79445
2450113.50000 -2.61855
2450124.40299 1.47302
2450135.30597 1.46381
2450146.20896 -0.88134
2450157.11194 0.30413
2450168.01493 -1.42132
2450178.91791 -0.81490
2450189.82090 3.01634
2450200.72388 0.07464
2450211.62687 -2.42739
2450222.52985 0.47656
2450233.43284 0.10527
2450244.33582 0.45927
2450255.23881 1.86581
2450266.14179 -1.69509
2450277.04478 -1.96291
2450287.94776 2.43244
2450484.20149 -0.01228
2450495.10448 -2.29667
2450506.00746 1.09085
2450516.91045 2.66294
2450527.81343 -1.79905
2450538.71642 -1.27375
2450549.61940 0.71380
2450560.52239 -0.39346
2450571.42537 1.44050
2450582.32836 0.87759
2450593.23134 -3.58211
2450604.13433 -0.05308
2450615.03731 2.41093
2450625.94030 -0.40545
2450636.84328 0.14546
2450647.74627 -0.54554
2450658.64925 -2.17942
2450844.00000 1.19855
2450854.90299 -2.42970
2450865.80597 -0.02382
2450876.70896 0.01907
2450887.61194 0.05037
2450898.51493 2.12310
2450909.41791 -1.46369
2450920.32090 -2.64868
2450931.22388 1.97440
2450942.12687 1.39184
2450953.02985 -0.55732
2450963.93284 0.45461
2450974.83582 -1.64585
2450985.73881 -0.76620
2450996.64179 3.11511
2451007.54478 0.02085
2451018.44776 -2.08383
2451214.70149 1.25230
2451225.60448 1.61903
2451236.50746 -2.72607
2451247.41045 -1.17570
2451258.31343 2.42015
2451269.21642 -0.01455
2451280.11940 0.28269
2451291.02239 -0.10693
2451301.92537 -2.27581
2451312.82836 1.30205
2451323.73134 2.74732
2451334.63433 -1.68496
2451345.53731 -0.95752
2451356.44030 0.35354
2451367.34328 -0.55382
2451378.24627 1.82917
2451389.14925 0.85491
2451574.50000 0.95529
2451585.40299 1.21776
2451596.30597 -0.30480
2451607.20896 0.82150
2451618.11194 -1.60768
2451629.01493 -1.73331
2451639.91791 2.63823
2451650.82090 1.02817
2451661.72388 -2.11585
2451672.62687 0.05501
2451683.52985 -0.48231
2451694.43284 0.13842
2451705.33582 2.50852
2451716.23881 -1.49341
2451727.14179 -2.61633
2451738.04478 1.59440
2451748.94776 0.58483
2451945.20149 -2.68310
2451956.10448 0.20954
2451967.00746 3.15679
2451977.91045 -0.83127
2451988.81343 -1.32359
2451999.71642 0.14699
2452010.61940 -0.85396
2452021.52239 1.93504
2452032.42537 1.59582
2452043.32836 -3.34306
2452054.23134 -0.80424
2452065.13433 1.87309
2452076.03731 -0.07949
2452086.94030 0.86626
2452097.84328 -0.19490
2452108.74627 -3.05311
2452119.64925 1.35071
2452305.00000 -1.90932
2452315.90299 -0.18758
2452326.80597 -0.58111
2452337.70896 -0.49032
2452348.61194 2.48690
2452359.51493 -0.23647
2452370.41791 -2.37691
2452381.32090 0.91743
2452392.22388 0.86159
2452403.12687 -0.02731
2452414.02985 1.12959
2452424.93284 -1.73167
2452435.83582 -1.81462
2452446.73881 2.30394
2452457.64179 0.85511
2452468.54478 -1.92806
2452479.44776 0.10567
2452675.70149 2.21325
2452686.60448 -2.39754
2452697.50746 -1.77865
2452708.41045 1.78420
2452719.31343 0.06938
2452730.21642 0.79008
2452741.11940 0.45746
2452752.02239 -2.59646
2452762.92537 0.20150
2452773.82836 2.54379
2452784.73134 -0.86496
2452795.63433 -0.68483
2452806.53731 -0.15084
2452817.44030 -1.44930
2452828.34328 1.60299
2452839.24627 2.14746
2452850.14925 -2.88918
2453035.50000 1.17379
2453046.40299 -0.05080
2453057.30597 1.42232
2453068.20896 -1.53898
2453079.11194 -2.92195
2453090.01493 2.31188
2453100.91791 1.61644
2453111.82090 -1.46355
2453122.72388 0.05667
2453133.62687 -1.12510
2453144.52985 -0.48478
2453155.43284 2.93211
2453166.33582 -0.37004
2453177.23881 -2.95932
2453188.14179 0.79536
2453199.04478 0.52159
2453209.94776 0.24333
2453406.20149 -0.96060
2453417.10448 3.29404
2453428.00746 -0.13289
2453438.91045 -0.83897
2453449.81343 -0.01790
2453460.71642 -1.79534
2453471.61940 1.37872
2453482.52239 3.12468
2453493.42537 -2.29437
2453504.32836 -1.58393
2453515.23134 1.17280
2453526.13433 -0.15632
2453537.03731 1.15944
2453547.94030 0.52078
2453558.84328 -3.72639
2453569.74627 0.34005
2453580.64925 2.85500
2453766.00000 0.10275
2453776.90299 -1.12722
2453787.80597 -1.40031
2453798.70896 3.31461
2453809.61194 0.71934
2453820.51493 -2.88960
2453831.41791 0.13857
2453842.32090 0.56762
2453853.22388 0.10009
2453864.12687 2.32370
2453875.02985 -1.86808
2453885.93284 -2.50983
2453896.83582 2.44330
2453907.73881 1.36156
2453918.64179 -0.93648
2453929.54478 0.26566
2453940.44776 -1.75851
2454136.70149 -1.50942
2454147.60448 -2.17576
2454158.50746 0.98413
2454169.41045 -0.29748
2454180.31343 1.47682
2454191.21642 1.53381
2454202.11940 -3.22192
2454213.02239 -0.76911
2454223.92537 2.45506
2454234.82836 -0.16485
2454245.73134 -0.26298
2454256.63433 -0.19688
2454267.53731 -2.12405
2454278.44030 1.54607
2454289.34328 3.61885
2454300.24627 -2.55734
2454311.14925 -1.14904
2454496.50000 -0.21340
2454507.40299 2.62363
2454518.30597 -0.48973
2454529.20896 -3.10032
2454540.11194 1.32176
2454551.01493 2.17892
2454561.91791 -0.66417
2454572.82090 0.52768
2454583.72388 -1.67124
2454594.62687 -1.84178
2454605.52985 3.82351
2454616.43284 0.80564
2454627.33582 -2.39125
2454638.23881 0.20412
2454649.14179 -0.03070
2454660.04478 0.22543
2454670.94776 2.98313
2454867.20149 2.70001
2454878.10448 0.40894
2454889.00746 -0.17176
2454899.91045 0.24535
2454910.81343 -2.52913
2454921.71642 0.61929
2454932.61940 3.56747
2454943.52239 -1.51698
2454954.42537 -1.89733
2454965.32836 0.53394
2454976.23134 -0.82220
2454987.13433 1.86990
2454998.03731 1.59431
2455008.94030 -3.95463
2455019.84328 -0.76957
2455030.74627 2.42829
2455041.64925 -0.21977
2455227.00000 -1.32331
2455237.90299 -2.65130
2455248.80597 2.84738
2455259.70896 1.71278
2455270.61194 -1.96215
2455281.51493 -0.25170
2455292.41791 -0.13461
2455303.32090 -0.24533
2455314.22388 2.90037
2455325.12687 -0.61240
2455336.02985 -3.47454
2455346.93284 1.66998
2455357.83582 1.34806
2455368.73881 -0.36943
2455379.64179 0.97430
2455390.54478 -1.95029
2455401.44776 -2.03437
2455597.70149 -2.01922
2455608.60448 0.28617
2455619.50746 -0.91568
2455630.41045 1.42526
2455641.31343 2.88943
2455652.21642 -3.02032
2455663.11940 -1.55650
2455674.02239 2.49154
2455684.92537 0.15780
2455695.82836 0.42037
2455706.73134 0.25465
2455717.63433 -4.17308
2455728.53731 0.92257
2455739.44030 3.81134
2455750.34328 -1.48524
2455761.24627 -1.30308
2455772.14925 0.22863
2455957.50000 2.94376
