2445000.00000 -4.07883
2445010.90299 -3.13035
2445021.80597 -1.58074
2445032.70896 0.06930
2445043.61194 2.07007
2445054.51493 4.11626
2445065.41791 6.74359
2445076.32090 8.15283
2445087.22388 8.38435
2445098.12687 8.98811
2445109.02985 11.92577
2445119.93284 8.66463
2445130.83582 10.39617
2445141.73881 8.79894
2445152.64179 8.36764
2445163.54478 6.00055
2445174.44776 4.04679
2445370.70149 9.79213
2445381.60448 9.30399
2445392.50746 9.89575
2445403.41045 8.71383
2445414.31343 6.08398
2445425.21642 3.89705
2445436.11940 2.29863
2445447.02239 0.45486
2445457.92537 -0.86077
2445468.82836 -1.81972
2445479.73134 -2.08368
2445490.63433 -2.63186
2445501.53731 -2.12954
2445512.44030 -1.05714
2445523.34328 0.35083
2445534.24627 1.83945
2445545.14925 3.62836
2445730.50000 -4.44273
2445741.40299 -3.93868
2445752.30597 -3.24579
2445763.20896 -2.30158
2445774.11194 -0.94559
2445785.01493 0.57772
2445795.91791 2.19545
2445806.82090 3.73553
2445817.72388 6.42582
2445828.62687 7.39025
2445839.52985 9.09803
2445850.43284 9.52926
2445861.33582 8.69540
2445872.23881 7.33001
2445883.14179 6.45372
2445894.04478 5.80396
2445904.94776 3.92964
2446101.20149 5.86204
2446112.10448 5.55802
2446123.00746 4.22801
2446133.91045 3.21758
2446144.81343 2.13390
2446155.71642 0.46338
2446166.61940 -1.68077
2446177.52239 -3.27933
2446188.42537 -4.30037
2446199.32836 -6.94952
2446210.23134 -8.78762
2446221.13433 -8.77089
2446232.03731 -10.92372
2446242.94030 -8.02538
2446253.84328 -8.28859
2446264.74627 -6.37692
2446275.64925 -5.42801
2446461.00000 -9.29627
2446471.90299 -10.29874
2446482.80597 -10.13537
2446493.70896 -10.66991
2446504.61194 -9.29303
2446515.51493 -8.64909
2446526.41791 -6.81007
2446537.32090 -4.44957
2446548.22388 -2.84718
2446559.12687 -1.11390
2446570.02985 0.33333
2446580.93284 1.58364
2446591.83582 1.98330
2446602.73881 2.22286
2446613.64179 2.17512
2446624.54478 1.29339
2446635.44776 -0.03672
2446831.70149 1.97500
2446842.60448 2.83419
2446853.50746 2.73846
2446864.41045 2.63759
2446875.31343 1.48443
2446886.21642 0.30695
2446897.11940 -1.47613
2446908.02239 -3.04081
2446918.92537 -4.59926
2446929.82836 -6.53652
2446940.73134 -8.29864
2446951.63433 -10.62560
2446962.53731 -10.88537
2446973.44030 -11.26390
2446984.34328 -9.14782
2446995.24627 -8.21962
2447006.14925 -8.12754
2447191.50000 -6.34700
2447202.40299 -7.83544
2447213.30597 -7.63569
2447224.20896 -7.75843
2447235.11194 -6.29121
2447246.01493 -6.50361
2447256.91791 -4.73757
2447267.82090 -2.38412
2447278.72388 -1.35150
2447289.62687 0.96263
2447300.52985 3.02013
2447311.43284 4.25563
2447322.33582 5.34831
2447333.23881 6.54706
2447344.14179 8.47274
2447355.04478 6.82526
2447365.94776 6.25215
2447562.20149 6.46171
2447573.10448 8.04257
2447584.00746 10.52442
2447594.91045 9.89663
2447605.81343 8.83887
2447616.71642 8.36849
2447627.61940 7.41617
2447638.52239 5.72217
2447649.42537 4.58693
2447660.32836 2.51470
2447671.23134 0.90223
2447682.13433 -0.48635
2447693.03731 -1.94781
2447703.94030 -3.00105
2447714.84328 -3.05545
2447725.74627 -3.14653
2447736.64925 -2.05406
2447922.00000 1.64438
2447932.90299 -0.06367
2447943.80597 -1.21830
2447954.70896 -1.83442
2447965.61194 -2.34651
2447976.51493 -1.89381
2447987.41791 -1.47869
2447998.32090 -0.24540
2448009.22388 1.12878
2448020.12687 2.51923
2448031.02985 4.11404
2448041.93284 6.80505
2448052.83582 7.60338
2448063.73881 8.43409
2448074.64179 9.99725
2448085.54478 12.16278
2448096.44776 10.66926
2448292.70149 5.14241
2448303.60448 7.13450
2448314.50746 9.07065
2448325.41045 9.44008
2448336.31343 9.50829
2448347.21642 9.79121
2448358.11940 8.66082
2448369.02239 8.39359
2448379.92537 5.09658
2448390.82836 3.90279
2448401.73134 1.67466
2448412.63433 -0.26395
2448423.53731 -2.30639
2448434.44030 -3.89656
2448445.34328 -4.76174
2448456.24627 -5.40733
2448467.14925 -6.69122
2448652.50000 -1.48023
2448663.40299 -3.24007
2448674.30597 -5.46864
2448685.20896 -7.53099
2448696.11194 -7.60110
2448707.01493 -7.30038
2448717.91791 -6.11646
2448728.82090 -8.08249
2448739.72388 -6.18800
2448750.62687 -5.27666
2448761.52985 -4.34218
2448772.43284 -2.48762
2448783.33582 -0.21337
2448794.23881 1.58816
2448805.14179 3.02973
2448816.04478 3.64254
2448826.94776 4.54540
2449023.20149 -3.64113
2449034.10448 -1.64469
2449045.00746 -0.06443
2449055.91045 1.33310
2449066.81343 2.37015
2449077.71642 2.63712
2449088.61940 2.18590
2449099.52239 1.75511
2449110.42537 0.97693
2449121.32836 -0.49315
2449132.23134 -2.40821
2449143.13433 -4.31855
2449154.03731 -6.61656
2449164.94030 -8.46048
2449175.84328 -9.22875
2449186.74627 -9.34690
2449197.64925 -9.85507
2449383.00000 -3.00399
2449393.90299 -5.19030
2449404.80597 -6.58100
2449415.70896 -6.40409
2449426.61194 -10.47487
2449437.51493 -10.25747
2449448.41791 -9.00981
2449459.32090 -8.85440
2449470.22388 -11.49078
2449481.12687 -8.75998
2449492.02985 -8.53458
2449502.93284 -5.31873
2449513.83582 -3.96533
2449524.73881 -2.10855
2449535.64179 -0.19495
2449546.54478 1.56965
2449557.44776 2.49964
2449753.70149 -3.91137
2449764.60448 -1.30992
2449775.50746 0.53688
2449786.41045 3.13861
2449797.31343 3.52235
2449808.21642 5.16300
2449819.11940 5.38684
2449830.02239 5.66704
2449840.92537 6.88132
2449851.82836 4.99506
2449862.73134 4.54865
2449873.63433 2.72848
2449884.53731 0.83785
2449895.44030 -0.95187
2449906.34328 -2.68271
2449917.24627 -4.53943
2449928.14925 -5.49562
2450113.50000 6.67389
2450124.40299 4.31175
2450135.30597 2.40490
2450146.20896 1.14054
2450157.11194 -0.47569
2450168.01493 -2.11548
2450178.91791 -2.41610
2450189.82090 -3.61395
2450200.72388 -3.91020
2450211.62687 -3.11890
2450222.52985 -2.03976
2450233.43284 -0.97085
2450244.33582 0.63893
2450255.23881 2.63441
2450266.14179 3.84766
2450277.04478 5.41371
2450287.94776 8.02387
2450484.20149 0.45969
2450495.10448 2.19600
2450506.00746 4.17140
2450516.91045 6.16933
2450527.81343 7.20843
2450538.71642 10.46194
2450549.61940 9.05294
2450560.52239 13.88984
2450571.42537 12.58514
2450582.32836 11.24646
2450593.23134 7.82428
2450604.13433 9.48848
2450615.03731 6.90331
2450625.94030 4.18873
2450636.84328 3.59724
2450647.74627 1.82859
2450658.64925 0.14690
2450844.00000 9.72247
2450854.90299 7.27077
2450865.80597 6.03995
2450876.70896 3.45863
2450887.61194 1.71081
2450898.51493 -0.17786
2450909.41791 -1.99655
2450920.32090 -3.36447
2450931.22388 -3.77306
2450942.12687 -4.96889
2450953.02985 -5.15752
2450963.93284 -3.57237
2450974.83582 -2.92838
2450985.73881 -1.18771
2450996.64179 0.36782
2451007.54478 2.08929
2451018.44776 3.72497
2451214.70149 -6.58079
2451225.60448 -4.45169
2451236.50746 -3.37745
2451247.41045 -2.19685
2451258.31343 -0.17303
2451269.21642 1.39605
2451280.11940 3.33269
2451291.02239 3.71886
2451301.92537 4.51542
2451312.82836 4.95621
2451323.73134 4.82128
2451334.63433 3.76463
2451345.53731 2.72169
2451356.44030 1.29331
2451367.34328 -0.38966
2451378.24627 -2.36745
2451389.14925 -4.59794
2451574.50000 2.76803
2451585.40299 1.76519
2451596.30597 0.74168
2451607.20896 -0.73267
2451618.11194 -3.26972
2451629.01493 -4.04444
2451639.91791 -7.01952
2451650.82090 -7.89361
2451661.72388 -8.46687
2451672.62687 -10.68871
2451683.52985 -10.10470
2451694.43284 -12.29732
2451705.33582 -11.87060
2451716.23881 -9.15353
2451727.14179 -7.27256
2451738.04478 -7.42961
2451748.94776 -4.89478
2451945.20149 -10.90802
2451956.10448 -9.35629
2451967.00746 -9.85444
2451977.91045 -5.78916
2451988.81343 -5.50992
2451999.71642 -3.14381
2452010.61940 -1.74378
2452021.52239 -0.03815
2452032.42537 1.36813
2452043.32836 3.18119
2452054.23134 3.44054
2452065.13433 3.55274
2452076.03731 2.98730
2452086.94030 1.56820
2452097.84328 0.46723
2452108.74627 -0.98581
2452119.64925 -3.02110
2452305.00000 4.75258
2452315.90299 5.71641
2452326.80597 5.00483
2452337.70896 3.93957
2452348.61194 1.92631
2452359.51493 0.77733
2452370.41791 -0.93499
2452381.32090 -2.93794
2452392.22388 -4.29859
2452403.12687 -5.69691
2452414.02985 -6.70187
2452424.93284 -7.43898
2452435.83582 -6.99001
2452446.73881 -6.86113
2452457.64179 -6.10478
2452468.54478 -4.14088
2452479.44776 -1.97678
2452675.70149 -4.17850
2452686.60448 -4.16796
2452697.50746 -4.05979
2452708.41045 -2.71989
2452719.31343 -0.86741
2452730.21642 0.75089
2452741.11940 3.24885
2452752.02239 4.74237
2452762.92537 6.37326
2452773.82836 7.88670
2452784.73134 10.91302
2452795.63433 9.49477
2452806.53731 8.86778
2452817.44030 10.14242
2452828.34328 11.01881
2452839.24627 7.69595
2452850.14925 6.30976
2453035.50000 11.58188
2453046.40299 10.20894
2453057.30597 11.41358
2453068.20896 10.60522
2453079.11194 9.80302
2453090.01493 8.03422
2453100.91791 7.58443
2453111.82090 4.31987
2453122.72388 3.01162
2453133.62687 1.14360
2453144.52985 -0.29612
2453155.43284 -1.29596
2453166.33582 -2.57591
2453177.23881 -2.20181
2453188.14179 -2.21363
2453199.04478 -1.34459
2453209.94776 -0.14548
2453406.20149 -2.70303
2453417.10448 -2.94505
2453428.00746 -3.69760
2453438.91045 -3.51514
2453449.81343 -2.18943
2453460.71642 -1.32893
2453471.61940 0.28825
2453482.52239 1.91738
2453493.42537 3.66352
2453504.32836 5.75383
2453515.23134 6.94772
2453526.13433 7.30087
2453537.03731 8.69751
2453547.94030 8.51278
2453558.84328 8.74884
2453569.74627 8.60974
2453580.64925 5.06507
2453766.00000 3.52022
2453776.90299 5.30329
2453787.80597 5.35780
2453798.70896 6.75201
2453809.61194 6.23883
2453820.51493 4.73635
2453831.41791 3.41438
2453842.32090 1.85748
2453853.22388 -0.29560
2453864.12687 -2.18094
2453875.02985 -4.30177
2453885.93284 -5.88997
2453896.83582 -7.95595
2453907.73881 -8.74895
2453918.64179 -7.29166
2453929.54478 -7.78555
2453940.44776 -7.78650
2454136.70149 -8.56713
2454147.60448 -9.91488
2454158.50746 -8.57537
2454169.41045 -11.15515
2454180.31343 -8.96335
2454191.21642 -10.06996
2454202.11940 -8.51034
2454213.02239 -5.82689
2454223.92537 -5.23758
2454234.82836 -3.34481
2454245.73134 -1.59022
2454256.63433 -0.07683
2454267.53731 1.11522
2454278.44030 1.74256
2454289.34328 2.73572
2454300.24627 2.32322
2454311.14925 1.85709
2454496.50000 -1.39720
2454507.40299 0.20522
2454518.30597 1.63632
2454529.20896 2.34826
2454540.11194 2.46833
2454551.01493 2.48504
2454561.91791 1.89701
2454572.82090 0.64673
2454583.72388 -0.92752
2454594.62687 -2.51482
2454605.52985 -4.50624
2454616.43284 -6.85009
2454627.33582 -6.22677
2454638.23881 -10.17351
2454649.14179 -10.46521
2454660.04478 -10.42620
2454670.94776 -10.01299
2454867.20149 -3.98119
2454878.10448 -6.45422
2454889.00746 -7.33732
2454899.91045 -7.29699
2454910.81343 -7.61458
2454921.71642 -7.81608
2454932.61940 -7.10249
2454943.52239 -6.04464
2454954.42537 -4.27572
2454965.32836 -2.63008
2454976.23134 -0.45225
2454987.13433 1.70643
2454998.03731 2.94022
2455008.94030 5.67366
2455019.84328 5.30135
2455030.74627 6.11906
2455041.64925 6.03503
2455227.00000 2.44608
2455237.90299 4.49494
2455248.80597 5.83529
2455259.70896 7.95182
2455270.61194 8.87040
2455281.51493 9.75163
2455292.41791 8.94980
2455303.32090 8.20313
2455314.22388 8.31929
2455325.12687 6.58500
2455336.02985 4.91884
2455346.93284 3.08485
2455357.83582 1.29777
2455368.73881 -0.25871
2455379.64179 -1.33344
2455390.54478 -2.72980
2455401.44776 -3.60907
2455597.70149 3.52869
2455608.60448 1.96501
2455619.50746 0.44020
2455630.41045 -0.74039
2455641.31343 -2.07299
2455652.21642 -1.79059
2455663.11940 -2.39723
2455674.02239 -1.85799
2455684.92537 -0.69734
2455695.82836 0.68740
2455706.73134 1.87948
2455717.63433 3.94157
2455728.53731 5.35618
2455739.44030 7.66344
2455750.34328 9.82594
2455761.24627 9.57151
2455772.14925 11.73348
2455957.50000 1.91271
