2445000.00000 14.13302
2445010.90299 11.39339
2445021.80597 2.74454
2445032.70896 4.23646
2445043.61194 13.65561
2445054.51493 14.75367
2445065.41791 6.51827
2445076.32090 1.16897
2445087.22388 8.49315
2445098.12687 17.06774
2445109.02985 9.61492
2445119.93284 1.56302
2445130.83582 2.82404
2445141.73881 12.05005
2445152.64179 12.62620
2445163.54478 4.99805
2445174.44776 0.64511
2445370.70149 -1.88107
2445381.60448 5.73765
2445392.50746 12.62049
2445403.41045 5.60918
2445414.31343 -2.28507
2445425.21642 0.62668
2445436.11940 10.25012
2445447.02239 8.67813
2445457.92537 -0.07059
2445468.82836 -3.78461
2445479.73134 4.42734
2445490.63433 9.28215
2445501.53731 3.89174
2445512.44030 -4.00077
2445523.34328 -0.62865
2445534.24627 8.15219
2445545.14925 7.19184
2445730.50000 4.07087
2445741.40299 3.48210
2445752.30597 -6.55901
2445763.20896 -8.05313
2445774.11194 0.63065
2445785.01493 4.21686
2445795.91791 -2.78411
2445806.82090 -8.35105
2445817.72388 -4.64171
2445828.62687 2.95042
2445839.52985 1.09982
2445850.43284 -9.29777
2445861.33582 -10.78937
2445872.23881 -1.10479
2445883.14179 3.33632
2445894.04478 -5.12297
2445904.94776 -13.41070
2446101.20149 -14.47442
2446112.10448 -9.07264
2446123.00746 -0.59751
2446133.91045 -4.46726
2446144.81343 -14.42986
2446155.71642 -13.46413
2446166.61940 -4.29719
2446177.52239 -1.24248
2446188.42537 -12.16208
2446199.32836 -16.41130
2446210.23134 -11.26404
2446221.13433 -1.55458
2446232.03731 -5.93194
2446242.94030 -17.80025
2446253.84328 -14.96103
2446264.74627 -4.95074
2446275.64925 -2.25666
2446461.00000 -4.37122
2446471.90299 -4.17374
2446482.80597 -14.16492
2446493.70896 -17.01370
2446504.61194 -11.72355
2446515.51493 -2.19590
2446526.41791 -7.79784
2446537.32090 -19.85668
2446548.22388 -13.49430
2446559.12687 -4.26895
2446570.02985 -2.59995
2446580.93284 -14.16194
2446591.83582 -18.21495
2446602.73881 -7.69423
2446613.64179 -1.96198
2446624.54478 -8.87437
2446635.44776 -18.10016
2446831.70149 -14.64160
2446842.60448 -11.34751
2446853.50746 -0.71653
2446864.41045 -1.13327
2446875.31343 -11.75117
2446886.21642 -14.24208
2446897.11940 -5.02663
2446908.02239 1.35969
2446918.92537 -5.67899
2446929.82836 -13.97302
2446940.73134 -8.85731
2446951.63433 0.94936
2446962.53731 0.03982
2446973.44030 -10.95825
2446984.34328 -12.18845
2446995.24627 -2.28914
2447006.14925 3.01537
2447191.50000 1.95541
2447202.40299 6.71143
2447213.30597 -1.26594
2447224.20896 -7.83832
2447235.11194 -2.57819
2447246.01493 7.74438
2447256.91791 4.95240
2447267.82090 -5.27603
2447278.72388 -6.40187
2447289.62687 4.93897
2447300.52985 9.97384
2447311.43284 0.38798
2447322.33582 -7.01242
2447333.23881 0.07404
2447344.14179 10.82733
2447355.04478 5.32328
2447365.94776 -3.48592
2447562.20149 -0.42521
2447573.10448 0.60995
2447584.00746 9.93890
2447594.91045 13.99883
2447605.81343 5.39922
2447616.71642 -1.06181
2447627.61940 5.30294
2447638.52239 13.92237
2447649.42537 12.40670
2447660.32836 0.85715
2447671.23134 2.31893
2447682.13433 12.93671
2447693.03731 16.95634
2447703.94030 5.48959
2447714.84328 0.33203
2447725.74627 7.06624
2447736.64925 13.63838
2447922.00000 11.28091
2447932.90299 20.69682
2447943.80597 12.71664
2447954.70896 3.25390
2447965.61194 6.20792
2447976.51493 14.60122
2447987.41791 19.03450
2447998.32090 8.35892
2448009.22388 2.61954
2448020.12687 12.35164
2448031.02985 21.83134
2448041.93284 12.00057
2448052.83582 2.44233
2448063.73881 6.40351
2448074.64179 16.17337
2448085.54478 17.52989
2448096.44776 5.82807
2448292.70149 3.89657
2448303.60448 1.75818
2448314.50746 12.07821
2448325.41045 20.49382
2448336.31343 9.05416
2448347.21642 0.68358
2448358.11940 5.94218
2448369.02239 11.02895
2448379.92537 13.26420
2448390.82836 2.73916
2448401.73134 0.69325
2448412.63433 9.35301
2448423.53731 14.60755
2448434.44030 8.18899
2448445.34328 -0.84256
2448456.24627 5.67783
2448467.14925 16.19076
2448652.50000 1.80859
2448663.40299 10.36965
2448674.30597 8.24086
2448685.20896 -3.82751
2448696.11194 -3.64813
2448707.01493 7.51228
2448717.91791 10.11524
2448728.82090 0.65561
2448739.72388 -7.28218
2448750.62687 0.23164
2448761.52985 10.21836
2448772.43284 5.70052
2448783.33582 -3.96412
2448794.23881 -5.90148
2448805.14179 4.95970
2448816.04478 8.04362
2448826.94776 -1.74501
2449023.20149 -6.71458
2449034.10448 -13.63188
2449045.00746 -4.68176
2449055.91045 3.38138
2449066.81343 -2.20302
2449077.71642 -14.02629
2449088.61940 -9.52341
2449099.52239 -0.06169
2449110.42537 1.19027
2449121.32836 -8.54620
2449132.23134 -15.70200
2449143.13433 -5.75767
2449154.03731 1.77457
2449164.94030 -3.60352
2449175.84328 -14.45906
2449186.74627 -9.32947
2449197.64925 -1.41198
2449383.00000 -14.22200
2449393.90299 -3.40285
2449404.80597 -3.53137
2449415.70896 -12.50866
2449426.61194 -18.91733
2449437.51493 -8.45700
2449448.41791 -1.62240
2449459.32090 -9.34847
2449470.22388 -15.04669
2449481.12687 -14.82114
2449492.02985 -4.07036
2449502.93284 -4.56978
2449513.83582 -11.18185
2449524.73881 -17.67024
2449535.64179 -6.37686
2449546.54478 -2.64757
2449557.44776 -9.45450
2449753.70149 -9.60872
2449764.60448 -17.76715
2449775.50746 -13.35854
2449786.41045 -2.50890
2449797.31343 -4.70720
2449808.21642 -17.81012
2449819.11940 -18.25926
2449830.02239 -5.54906
2449840.92537 -1.52106
2449851.82836 -10.31976
2449862.73134 -16.53985
2449873.63433 -11.00059
2449884.53731 -1.61183
2449895.44030 -3.58920
2449906.34328 -15.89262
2449917.24627 -13.48130
2449928.14925 -4.80996
2450113.50000 -11.51862
2450124.40299 -1.19929
2450135.30597 2.44984
2450146.20896 -6.19038
2450157.11194 -15.12807
2450168.01493 -6.58814
2450178.91791 3.30815
2450189.82090 -0.73883
2450200.72388 -10.92205
2450211.62687 -9.90500
2450222.52985 0.82491
2450233.43284 3.71917
2450244.33582 -5.10550
2450255.23881 -11.62705
2450266.14179 -3.29080
2450277.04478 5.23118
2450287.94776 0.60990
2450484.20149 3.87864
2450495.10448 -5.71630
2450506.00746 -2.37758
2450516.91045 7.84064
2450527.81343 8.48031
2450538.71642 -0.70970
2450549.61940 -4.74764
2450560.52239 4.17270
2450571.42537 11.69378
2450582.32836 5.22103
2450593.23134 -3.72693
2450604.13433 -0.61386
2450615.03731 9.48704
2450625.94030 11.01331
2450636.84328 0.83868
2450647.74627 -2.92979
2450658.64925 5.60557
2450844.00000 0.39318
2450854.90299 10.62937
2450865.80597 13.93724
2450876.70896 8.00075
2450887.61194 0.58381
2450898.51493 5.11996
2450909.41791 15.05829
2450920.32090 13.93252
2450931.22388 4.54776
2450942.12687 1.65359
2450953.02985 13.44056
2450963.93284 19.03407
2450974.83582 9.10838
2450985.73881 1.23353
2450996.64179 7.00864
2451007.54478 12.53653
2451018.44776 14.97287
2451214.70149 14.43150
2451225.60448 4.12093
2451236.50746 3.37973
2451247.41045 12.63926
2451258.31343 17.47431
2451269.21642 9.66191
2451280.11940 2.03110
2451291.02239 7.78413
2451301.92537 18.79878
2451312.82836 12.02928
2451323.73134 3.58660
2451334.63433 3.56248
2451345.53731 13.37551
2451356.44030 16.88891
2451367.34328 7.40746
2451378.24627 1.49437
2451389.14925 8.24579
2451574.50000 -0.35496
2451585.40299 6.99935
2451596.30597 13.52903
2451607.20896 8.90297
2451618.11194 0.24543
2451629.01493 1.25688
2451639.91791 10.62941
2451650.82090 12.23414
2451661.72388 2.73764
2451672.62687 -1.45182
2451683.52985 4.74662
2451694.43284 13.61007
2451705.33582 7.71361
2451716.23881 -1.42706
2451727.14179 0.04853
2451738.04478 8.96858
2451748.94776 8.63313
2451945.20149 7.54562
2451956.10448 -2.54191
2451967.00746 -6.82170
2451977.91045 1.41820
2451988.81343 7.10585
2451999.71642 1.41087
2452010.61940 -5.47886
2452021.52239 -4.59309
2452032.42537 5.14916
2452043.32836 4.91214
2452054.23134 -3.81106
2452065.13433 -9.08565
2452076.03731 -0.16937
2452086.94030 5.57763
2452097.84328 -0.81915
2452108.74627 -9.60570
2452119.64925 -6.26999
2452305.00000 -10.97745
2452315.90299 -7.18850
2452326.80597 0.36606
2452337.70896 -1.02244
2452348.61194 -9.61737
2452359.51493 -11.13188
2452370.41791 -3.95558
2452381.32090 0.63243
2452392.22388 -7.12614
2452403.12687 -15.61010
2452414.02985 -9.14439
2452424.93284 -0.61858
2452435.83582 -2.98536
2452446.73881 -12.13666
2452457.64179 -13.32455
2452468.54478 -4.57777
2452479.44776 -0.58991
2452675.70149 -1.86788
2452686.60448 -9.05557
2452697.50746 -15.14184
2452708.41045 -10.43672
2452719.31343 -2.41788
2452730.21642 -4.88651
2452741.11940 -11.53104
2452752.02239 -12.15478
2452762.92537 -4.76613
2452773.82836 -1.96867
2452784.73134 -10.33305
2452795.63433 -13.77975
2452806.53731 -8.03566
2452817.44030 -2.08755
2452828.34328 -6.47280
2452839.24627 -15.29236
2452850.14925 -13.07898
2453035.50000 -10.70827
2453046.40299 -11.02194
2453057.30597 -3.15039
2453068.20896 -1.37944
2453079.11194 -7.93963
2453090.01493 -13.70316
2453100.91791 -6.74009
2453111.82090 -0.21924
2453122.72388 -5.02889
2453133.62687 -11.11093
2453144.52985 -11.14595
2453155.43284 -1.70920
2453166.33582 -0.63343
2453177.23881 -7.97526
2453188.14179 -13.30780
2453199.04478 -4.93452
2453209.94776 0.93771
2453406.20149 3.70272
2453417.10448 -1.44084
2453428.00746 -7.38549
2453438.91045 -5.96847
2453449.81343 2.82345
2453460.71642 2.88396
2453471.61940 -5.10889
2453482.52239 -9.18027
2453493.42537 0.14804
2453504.32836 4.94165
2453515.23134 -0.27587
2453526.13433 -6.35048
2453537.03731 -3.80394
2453547.94030 4.70408
2453558.84328 4.44028
2453569.74627 -3.51913
2453580.64925 -4.91364
2453766.00000 -1.17389
2453776.90299 -2.05645
2453787.80597 5.22848
2453798.70896 7.58703
2453809.61194 2.38537
2453820.51493 -2.32676
2453831.41791 1.84514
2453842.32090 9.25018
2453853.22388 7.01874
2453864.12687 -0.03228
2453875.02985 -0.62461
2453885.93284 7.59852
2453896.83582 8.69114
2453907.73881 3.57017
2453918.64179 -1.09113
2453929.54478 3.15724
2453940.44776 8.88010
2454136.70149 11.06900
2454147.60448 9.65334
2454158.50746 1.89360
2454169.41045 2.50273
2454180.31343 9.96629
2454191.21642 13.02369
2454202.11940 5.08250
2454213.02239 1.59645
2454223.92537 6.46630
2454234.82836 14.49420
2454245.73134 8.83119
2454256.63433 2.50866
2454267.53731 2.60532
2454278.44030 9.21228
2454289.34328 13.11225
2454300.24627 4.71162
2454311.14925 1.53788
2454496.50000 4.99146
2454507.40299 1.58467
2454518.30597 6.51052
2454529.20896 11.34446
2454540.11194 9.08886
2454551.01493 1.52251
2454561.91791 2.83937
2454572.82090 11.37289
2454583.72388 10.17354
2454594.62687 3.37993
2454605.52985 0.84865
2454616.43284 8.33937
2454627.33582 8.96293
2454638.23881 7.10424
2454649.14179 0.84058
2454660.04478 3.33925
2454670.94776 11.10433
2454867.20149 7.92369
2454878.10448 5.77914
2454889.00746 0.37317
2454899.91045 -1.39905
2454910.81343 5.37524
2454921.71642 6.78602
2454932.61940 3.36525
2454943.52239 -2.77922
2454954.42537 0.70352
2454965.32836 6.93573
2454976.23134 4.75325
2454987.13433 -0.89575
2454998.03731 -2.80835
2455008.94030 3.51801
2455019.84328 7.42871
2455030.74627 1.51091
2455041.64925 -3.53932
2455227.00000 -1.62637
2455237.90299 -5.07177
2455248.80597 -2.24427
2455259.70896 3.35047
2455270.61194 1.17429
2455281.51493 -4.55043
2455292.41791 -5.67053
2455303.32090 0.54079
2455314.22388 2.76938
2455325.12687 -2.72355
2455336.02985 -7.93686
2455346.93284 -2.77809
2455357.83582 2.27687
2455368.73881 -0.11446
2455379.64179 -6.20821
2455390.54478 -6.14773
2455401.44776 -0.49284
2455597.70149 -1.68865
2455608.60448 -0.55358
2455619.50746 -6.52773
2455630.41045 -9.63089
2455641.31343 -4.48629
2455652.21642 -0.41092
2455663.11940 -2.72929
2455674.02239 -9.73925
2455684.92537 -9.04446
2455695.82836 -2.02875
2455706.73134 -1.38626
2455717.63433 -6.56180
2455728.53731 -10.63703
2455739.44030 -4.45939
2455750.34328 -1.02565
2455761.24627 -4.44440
2455772.14925 -11.56954
2455957.50000 -3.86846
