2445000.00000 3.08639
2445010.90299 3.49222
2445021.80597 5.61130
2445032.70896 3.77113
2445043.61194 2.97659
2445054.51493 6.18872
2445065.41791 5.15249
2445076.32090 3.13629
2445087.22388 5.16263
2445098.12687 6.89450
2445109.02985 5.19956
2445119.93284 3.81848
2445130.83582 6.41047
2445141.73881 8.24598
2445152.64179 5.31386
2445163.54478 4.88402
2445174.44776 7.75741
2445370.70149 9.19787
2445381.60448 10.53404
2445392.50746 8.61093
2445403.41045 9.09322
2445414.31343 12.87498
2445425.21642 10.60313
2445436.11940 8.53001
2445447.02239 9.15340
2445457.92537 11.86867
2445468.82836 10.10229
2445479.73134 6.50442
2445490.63433 11.91967
2445501.53731 13.11870
2445512.44030 8.97163
2445523.34328 9.80425
2445534.24627 12.19736
2445545.14925 9.85607
2445730.50000 7.00187
2445741.40299 6.23984
2445752.30597 4.85183
2445763.20896 5.61640
2445774.11194 6.83332
2445785.01493 5.88049
2445795.91791 3.47317
2445806.82090 7.21390
2445817.72388 5.81337
2445828.62687 4.51576
2445839.52985 3.67853
2445850.43284 6.38987
2445861.33582 6.04821
2445872.23881 3.22751
2445883.14179 4.06169
2445894.04478 6.26858
2445904.94776 4.85526
2446101.20149 7.98346
2446112.10448 4.52429
2446123.00746 7.71025
2446133.91045 8.30662
2446144.81343 6.68830
2446155.71642 4.91855
2446166.61940 9.36755
2446177.52239 8.30888
2446188.42537 5.25266
2446199.32836 7.66675
2446210.23134 9.34337
2446221.13433 9.40685
2446232.03731 7.12018
2446242.94030 9.54546
2446253.84328 12.56736
2446264.74627 9.04462
2446275.64925 7.40301
2446461.00000 11.46210
2446471.90299 8.02189
2446482.80597 11.41326
2446493.70896 9.84199
2446504.61194 6.87250
2446515.51493 9.32329
2446526.41791 10.42328
2446537.32090 9.49518
2446548.22388 6.47144
2446559.12687 7.64441
2446570.02985 9.02396
2446580.93284 7.91556
2446591.83582 5.41122
2446602.73881 8.84083
2446613.64179 10.26548
2446624.54478 6.26212
2446635.44776 5.88273
2446831.70149 1.81877
2446842.60448 5.47296
2446853.50746 5.35748
2446864.41045 3.19382
2446875.31343 3.41314
2446886.21642 5.65948
2446897.11940 3.99074
2446908.02239 2.77394
2446918.92537 3.58005
2446929.82836 7.28963
2446940.73134 4.25521
2446951.63433 2.97834
2446962.53731 7.33953
2446973.44030 7.14966
2446984.34328 3.89748
2446995.24627 3.58154
2447006.14925 8.03435
2447191.50000 7.65393
2447202.40299 11.35832
2447213.30597 11.44226
2447224.20896 8.17297
2447235.11194 8.59426
2447246.01493 12.43907
2447256.91791 10.29238
2447267.82090 7.94120
2447278.72388 11.36906
2447289.62687 12.51057
2447300.52985 9.77361
2447311.43284 7.25057
2447322.33582 11.39323
2447333.23881 11.35529
2447344.14179 9.43676
2447355.04478 8.40906
2447365.94776 12.73762
2447562.20149 9.20265
2447573.10448 6.75330
2447584.00746 4.51447
2447594.91045 5.49297
2447605.81343 8.57432
2447616.71642 5.52536
2447627.61940 3.96035
2447638.52239 5.32439
2447649.42537 6.78164
2447660.32836 3.31990
2447671.23134 3.80201
2447682.13433 7.39964
2447693.03731 5.60622
2447703.94030 2.52817
2447714.84328 3.17700
2447725.74627 5.55828
2447736.64925 4.17639
2447922.00000 8.00997
2447932.90299 7.49159
2447943.80597 3.82903
2447954.70896 6.19617
2447965.61194 8.59171
2447976.51493 5.82618
2447987.41791 4.95911
2447998.32090 8.02024
2448009.22388 8.68354
2448020.12687 5.68954
2448031.02985 7.48633
2448041.93284 9.55427
2448052.83582 9.62026
2448063.73881 6.79058
2448074.64179 9.47392
2448085.54478 10.08647
2448096.44776 8.22362
2448292.70149 9.86564
2448303.60448 7.86414
2448314.50746 9.86354
2448325.41045 11.00167
2448336.31343 8.68396
2448347.21642 9.21111
2448358.11940 9.39870
2448369.02239 10.11146
2448379.92537 8.07212
2448390.82836 8.13875
2448401.73134 11.30377
2448412.63433 7.46849
2448423.53731 7.12424
2448434.44030 7.70936
2448445.34328 8.33397
2448456.24627 6.14338
2448467.14925 5.81566
2448652.50000 3.89677
2448663.40299 2.33646
2448674.30597 4.62351
2448685.20896 6.17158
2448696.11194 2.35748
2448707.01493 2.70854
2448717.91791 5.78512
2448728.82090 4.73755
2448739.72388 2.22927
2448750.62687 4.47191
2448761.52985 6.21161
2448772.43284 3.61133
2448783.33582 2.51240
2448794.23881 7.32924
2448805.14179 5.92941
2448816.04478 2.87999
2448826.94776 3.96311
2449023.20149 8.80069
2449034.10448 12.50385
2449045.00746 10.66657
2449055.91045 8.32353
2449066.81343 10.02528
2449077.71642 13.94795
2449088.61940 9.18052
2449099.52239 9.74522
2449110.42537 13.02464
2449121.32836 12.25937
2449132.23134 8.62233
2449143.13433 8.73742
2449154.03731 11.80701
2449164.94030 12.44619
2449175.84328 5.68728
2449186.74627 8.34888
2449197.64925 13.48453
2449383.00000 6.00976
2449393.90299 10.29505
2449404.80597 7.11465
2449415.70896 3.67903
2449426.61194 6.02986
2449437.51493 7.88714
2449448.41791 5.18181
2449459.32090 4.04349
2449470.22388 6.30398
2449481.12687 7.17403
2449492.02985 3.51419
2449502.93284 3.34754
2449513.83582 5.71477
2449524.73881 5.69854
2449535.64179 2.23832
2449546.54478 5.37017
2449557.44776 6.24445
2449753.70149 8.23205
2449764.60448 4.27559
2449775.50746 3.26445
2449786.41045 6.82552
2449797.31343 7.41194
2449808.21642 6.27488
2449819.11940 4.21718
2449830.02239 9.30341
2449840.92537 8.08482
2449851.82836 5.31003
2449862.73134 6.81880
2449873.63433 9.66105
2449884.53731 9.18827
2449895.44030 6.65856
2449906.34328 9.67902
2449917.24627 11.36577
2449928.14925 7.73646
2450113.50000 11.49454
2450124.40299 10.91813
2450135.30597 9.40016
2450146.20896 10.87583
2450157.11194 12.76860
2450168.01493 8.25741
2450178.91791 8.96831
2450189.82090 11.94820
2450200.72388 9.52141
2450211.62687 7.41763
2450222.52985 9.45582
2450233.43284 11.64049
2450244.33582 9.06430
2450255.23881 6.50510
2450266.14179 9.65253
2450277.04478 10.30503
2450287.94776 6.56850
2450484.20149 3.33858
2450495.10448 1.89890
2450506.00746 4.23367
2450516.91045 6.19559
2450527.81343 2.08535
2450538.71642 2.21522
2450549.61940 6.46775
2450560.52239 4.77984
2450571.42537 1.38751
2450582.32836 4.15492
2450593.23134 6.13748
2450604.13433 2.95675
2450615.03731 2.30862
2450625.94030 5.36218
2450636.84328 5.38352
2450647.74627 2.29022
2450658.64925 3.59563
2450844.00000 8.30978
2450854.90299 8.12734
2450865.80597 13.20797
2450876.70896 10.92864
2450887.61194 8.52638
2450898.51493 8.11103
2450909.41791 12.63611
2450920.32090 10.62490
2450931.22388 7.44437
2450942.12687 12.05096
2450953.02985 12.85241
2450963.93284 9.77958
2450974.83582 8.04713
2450985.73881 12.25512
2450996.64179 12.52619
2451007.54478 9.71359
2451018.44776 9.71163
2451214.70149 5.92391
2451225.60448 11.70643
2451236.50746 8.68733
2451247.41045 4.60545
2451258.31343 6.60803
2451269.21642 8.58992
2451280.11940 6.07659
2451291.02239 3.86175
2451301.92537 7.01974
2451312.82836 6.75298
2451323.73134 3.38276
2451334.63433 4.13093
2451345.53731 7.12227
2451356.44030 4.40685
2451367.34328 1.98542
2451378.24627 3.77776
2451389.14925 5.65186
2451574.50000 3.99438
2451585.40299 6.06378
2451596.30597 5.33327
2451607.20896 2.77990
2451618.11194 6.04726
2451629.01493 8.34093
2451639.91791 4.62204
2451650.82090 4.15429
2451661.72388 7.95269
2451672.62687 9.08863
2451683.52985 4.91868
2451694.43284 7.20870
2451705.33582 10.90672
2451716.23881 6.91097
2451727.14179 6.11308
2451738.04478 8.51813
2451748.94776 11.34073
2451945.20149 16.11409
2451956.10448 8.78747
2451967.00746 8.70902
2451977.91045 11.00200
2451988.81343 12.99036
2451999.71642 9.63395
2452010.61940 9.25015
2452021.52239 13.26654
2452032.42537 10.17224
2452043.32836 8.90215
2452054.23134 8.82948
2452065.13433 11.09780
2452076.03731 8.89726
2452086.94030 7.02157
2452097.84328 9.71878
2452108.74627 10.70160
2452119.64925 6.01392
2452305.00000 7.24542
2452315.90299 3.48523
2452326.80597 1.53132
2452337.70896 4.89545
2452348.61194 5.19490
2452359.51493 1.36783
2452370.41791 1.37963
2452381.32090 5.06573
2452392.22388 2.95038
2452403.12687 0.83214
2452414.02985 4.26477
2452424.93284 6.91416
2452435.83582 2.69501
2452446.73881 1.63089
2452457.64179 5.12271
2452468.54478 5.36199
2452479.44776 1.66991
2452675.70149 7.84160
2452686.60448 8.52287
2452697.50746 12.89137
2452708.41045 11.21832
2452719.31343 8.10725
2452730.21642 11.21383
2452741.11940 13.92863
2452752.02239 9.43970
2452762.92537 7.40274
2452773.82836 12.19072
2452784.73134 11.86078
2452795.63433 9.50175
2452806.53731 8.52622
2452817.44030 13.45860
2452828.34328 11.93862
2452839.24627 9.15007
2452850.14925 11.54720
2453035.50000 6.26977
2453046.40299 5.65927
2453057.30597 11.72200
2453068.20896 9.97575
2453079.11194 4.92901
2453090.01493 7.01406
2453100.91791 9.58961
2453111.82090 5.36183
2453122.72388 4.09464
2453133.62687 7.06375
2453144.52985 6.89991
2453155.43284 3.12815
2453166.33582 3.25358
2453177.23881 7.71823
2453188.14179 6.08722
2453199.04478 1.81988
2453209.94776 4.22206
2453406.20149 2.94365
2453417.10448 8.00338
2453428.00746 4.44314
2453438.91045 1.99461
2453449.81343 5.23694
2453460.71642 7.33788
2453471.61940 3.50498
2453482.52239 3.67226
2453493.42537 9.10537
2453504.32836 7.75672
2453515.23134 3.52850
2453526.13433 6.61730
2453537.03731 10.50492
2453547.94030 6.73088
2453558.84328 5.42332
2453569.74627 10.95047
2453580.64925 12.97372
2453766.00000 8.97849
2453776.90299 12.90877
2453787.80597 11.15112
2453798.70896 10.51008
2453809.61194 12.69410
2453820.51493 11.21682
2453831.41791 8.73499
2453842.32090 9.50202
2453853.22388 12.04959
2453864.12687 10.30364
2453875.02985 8.36363
2453885.93284 11.53712
2453896.83582 12.26661
2453907.73881 8.72343
2453918.64179 7.17531
2453929.54478 11.24861
2453940.44776 12.46133
2454136.70149 7.22759
2454147.60448 2.35021
2454158.50746 1.28364
2454169.41045 5.09325
2454180.31343 5.51110
2454191.21642 0.78958
2454202.11940 2.21313
2454213.02239 6.69969
2454223.92537 3.34539
2454234.82836 0.26349
2454245.73134 3.65238
2454256.63433 5.67934
2454267.53731 1.94173
2454278.44030 1.01598
2454289.34328 5.76559
2454300.24627 4.88974
2454311.14925 1.03012
2454496.50000 12.35482
2454507.40299 6.05148
2454518.30597 6.82942
2454529.20896 9.75876
2454540.11194 11.08647
2454551.01493 6.71753
2454561.91791 10.42937
2454572.82090 15.25145
2454583.72388 10.67511
2454594.62687 8.23527
2454605.52985 14.10336
2454616.43284 15.33111
2454627.33582 8.76509
2454638.23881 9.88280
2454649.14179 15.80120
2454660.04478 12.23148
2454670.94776 8.97647
2454867.20149 6.61497
2454878.10448 7.52576
2454889.00746 9.91670
2454899.91045 8.63083
2454910.81343 4.76604
2454921.71642 7.38168
2454932.61940 9.70946
2454943.52239 6.41601
2454954.42537 3.66875
2454965.32836 8.46978
2454976.23134 8.66827
2454987.13433 3.35220
2454998.03731 3.96420
2455008.94030 6.17165
2455019.84328 5.18297
2455030.74627 1.57876
2455041.64925 4.11095
2455227.00000 0.69532
2455237.90299 2.75620
2455248.80597 6.05656
2455259.70896 3.79750
2455270.61194 1.16206
2455281.51493 4.76442
2455292.41791 6.68429
2455303.32090 3.45283
2455314.22388 2.83712
2455325.12687 7.25862
2455336.02985 7.01953
2455346.93284 3.27770
2455357.83582 6.35896
2455368.73881 10.41338
2455379.64179 7.00612
2455390.54478 4.48061
2455401.44776 8.19186
2455597.70149 13.01308
2455608.60448 13.70901
2455619.50746 10.76520
2455630.41045 10.11950
2455641.31343 14.34690
2455652.21642 14.95569
2455663.11940 9.71785
2455674.02239 10.04229
2455684.92537 12.69180
2455695.82836 12.28609
2455706.73134 8.57104
2455717.63433 11.48738
2455728.53731 15.91046
2455739.44030 9.26511
2455750.34328 8.36074
2455761.24627 13.44403
2455772.14925 10.61930
2455957.50000 5.66201
