2445000.00000 10.95119
2445010.90299 7.11802
2445021.80597 5.39368
2445032.70896 8.11907
2445043.61194 15.90575
2445054.51493 18.47816
2445065.41791 15.74570
2445076.32090 10.45159
2445087.22388 3.06036
2445098.12687 -0.95006
2445109.02985 -0.17010
2445119.93284 4.21992
2445130.83582 9.59664
2445141.73881 9.12876
2445152.64179 5.94467
2445163.54478 -1.41491
2445174.44776 -7.00836
2445370.70149 -12.61934
2445381.60448 -7.86122
2445392.50746 -5.95618
2445403.41045 -10.25495
2445414.31343 -18.67245
2445425.21642 -20.09482
2445436.11940 -17.85694
2445447.02239 -13.61194
2445457.92537 -6.84774
2445468.82836 -3.60762
2445479.73134 -5.44374
2445490.63433 -10.42330
2445501.53731 -13.54739
2445512.44030 -16.32648
2445523.34328 -10.38185
2445534.24627 -4.20749
2445545.14925 2.43705
2445730.50000 19.35248
2445741.40299 10.05305
2445752.30597 6.66857
2445763.20896 8.10621
2445774.11194 11.35187
2445785.01493 15.77849
2445795.91791 25.29114
2445806.82090 17.78353
2445817.72388 12.15175
2445828.62687 8.30092
2445839.52985 6.43209
2445850.43284 9.69406
2445861.33582 13.69669
2445872.23881 18.76048
2445883.14179 19.27005
2445894.04478 15.29661
2445904.94776 9.98120
2446101.20149 -12.21444
2446112.10448 -6.52071
2446123.00746 -3.67694
2446133.91045 -4.43692
2446144.81343 -10.22599
2446155.71642 -17.12544
2446166.61940 -21.48892
2446177.52239 -22.02852
2446188.42537 -16.66130
2446199.32836 -10.17831
2446210.23134 -8.33784
2446221.13433 -8.27663
2446232.03731 -15.71346
2446242.94030 -20.48996
2446253.84328 -22.36753
2446264.74627 -16.19622
2446275.64925 -11.82927
2446461.00000 9.63648
2446471.90299 6.90708
2446482.80597 1.53318
2446493.70896 -1.32538
2446504.61194 -0.04992
2446515.51493 4.69935
2446526.41791 12.32927
2446537.32090 17.23323
2446548.22388 16.02895
2446559.12687 9.71561
2446570.02985 6.03679
2446580.93284 4.67117
2446591.83582 9.00734
2446602.73881 15.27171
2446613.64179 19.02429
2446624.54478 19.59367
2446635.44776 16.59624
2446831.70149 -3.23270
2446842.60448 -0.24868
2446853.50746 4.66892
2446864.41045 7.21360
2446875.31343 5.59158
2446886.21642 -0.42641
2446897.11940 -5.96429
2446908.02239 -9.66419
2446918.92537 -11.82145
2446929.82836 -6.10081
2446940.73134 -2.12451
2446951.63433 -0.95690
2446962.53731 -4.72735
2446973.44030 -12.01364
2446984.34328 -17.82857
2446995.24627 -15.82175
2447006.14925 -14.48014
2447191.50000 -3.50856
2447202.40299 -2.04167
2447213.30597 -5.54580
2447224.20896 -10.16484
2447235.11194 -15.08911
2447246.01493 -11.00503
2447256.91791 -4.95428
2447267.82090 1.83307
2447278.72388 5.91060
2447289.62687 4.17138
2447300.52985 0.50165
2447311.43284 -3.63313
2447322.33582 -5.34855
2447333.23881 -0.19980
2447344.14179 6.43052
2447355.04478 10.39246
2447365.94776 13.32138
2447562.20149 6.94199
2447573.10448 4.85886
2447584.00746 8.50474
2447594.91045 13.03114
2447605.81343 18.05196
2447616.71642 18.55021
2447627.61940 9.90041
2447638.52239 2.88681
2447649.42537 -0.28398
2447660.32836 0.92715
2447671.23134 4.79556
2447682.13433 9.77851
2447693.03731 9.01340
2447703.94030 5.52503
2447714.84328 -1.25994
2447725.74627 -6.85043
2447736.64925 -9.09513
2447922.00000 -9.48226
2447932.90299 -7.89086
2447943.80597 -7.58833
2447954.70896 -11.30533
2447965.61194 -16.92644
2447976.51493 -21.88464
2447987.41791 -19.03246
2447998.32090 -11.92461
2448009.22388 -7.10937
2448020.12687 -4.39342
2448031.02985 -5.43433
2448041.93284 -11.96216
2448052.83582 -16.20834
2448063.73881 -16.00415
2448074.64179 -10.52144
2448085.54478 -4.18703
2448096.44776 1.52981
2448292.70149 7.89065
2448303.60448 6.07212
2448314.50746 6.48955
2448325.41045 11.92601
2448336.31343 18.17400
2448347.21642 22.30792
2448358.11940 20.73413
2448369.02239 15.63834
2448379.92537 7.70691
2448390.82836 6.98555
2448401.73134 10.17143
2448412.63433 14.18762
2448423.53731 21.66440
2448434.44030 18.33529
2448445.34328 12.47818
2448456.24627 6.91834
2448467.14925 2.83784
2448652.50000 -9.92617
2448663.40299 -5.49373
2448674.30597 -2.22356
2448685.20896 -3.86079
2448696.11194 -11.21548
2448707.01493 -16.04358
2448717.91791 -19.99140
2448728.82090 -16.91899
2448739.72388 -12.88732
2448750.62687 -9.33179
2448761.52985 -6.60154
2448772.43284 -10.24073
2448783.33582 -18.11247
2448794.23881 -20.82819
2448805.14179 -19.70976
2448816.04478 -14.71607
2448826.94776 -10.36825
2449023.20149 5.57525
2449034.10448 0.14170
2449045.00746 -2.36579
2449055.91045 -0.38709
2449066.81343 5.47434
2449077.71642 12.11117
2449088.61940 15.85773
2449099.52239 14.41055
2449110.42537 9.11384
2449121.32836 5.95431
2449132.23134 4.03563
2449143.13433 8.70565
2449154.03731 13.44457
2449164.94030 20.74274
2449175.84328 16.86960
2449186.74627 15.09044
2449197.64925 11.06028
2449383.00000 -2.25708
2449393.90299 0.82145
2449404.80597 6.11419
2449415.70896 6.92213
2449426.61194 6.14300
2449437.51493 -0.34633
2449448.41791 -7.62443
2449459.32090 -9.23968
2449470.22388 -9.20912
2449481.12687 -4.26297
2449492.02985 -1.07259
2449502.93284 -0.40235
2449513.83582 -5.55790
2449524.73881 -11.36088
2449535.64179 -14.75114
2449546.54478 -18.79414
2449557.44776 -12.58582
2449753.70149 -3.21524
2449764.60448 -7.07331
2449775.50746 -10.62602
2449786.41045 -14.10565
2449797.31343 -11.29086
2449808.21642 -5.79730
2449819.11940 1.62044
2449830.02239 4.12212
2449840.92537 3.36955
2449851.82836 -0.72114
2449862.73134 -5.07741
2449873.63433 -5.08046
2449884.53731 -0.35218
2449895.44030 6.57811
2449906.34328 12.94932
2449917.24627 10.42027
2449928.14925 9.42265
2450113.50000 5.68216
2450124.40299 5.97374
2450135.30597 11.18253
2450146.20896 16.12735
2450157.11194 18.65581
2450168.01493 13.69823
2450178.91791 10.53139
2450189.82090 3.48860
2450200.72388 0.35924
2450211.62687 2.29797
2450222.52985 6.78239
2450233.43284 10.71698
2450244.33582 11.23224
2450255.23881 5.22291
2450266.14179 -1.10553
2450277.04478 -6.55011
2450287.94776 -8.28350
2450484.20149 -6.95022
2450495.10448 -8.23389
2450506.00746 -11.34985
2450516.91045 -17.88065
2450527.81343 -22.69080
2450538.71642 -23.35854
2450549.61940 -12.90609
2450560.52239 -6.90699
2450571.42537 -4.76187
2450582.32836 -6.53834
2450593.23134 -11.82768
2450604.13433 -18.84025
2450615.03731 -13.61607
2450625.94030 -11.30283
2450636.84328 -3.75440
2450647.74627 0.87875
2450658.64925 1.97042
2450844.00000 9.81692
2450854.90299 4.81190
2450865.80597 8.28579
2450876.70896 13.36849
2450887.61194 18.96466
2450898.51493 25.00272
2450909.41791 18.34997
2450920.32090 12.98577
2450931.22388 7.52097
2450942.12687 7.68388
2450953.02985 10.35439
2450963.93284 14.65099
2450974.83582 19.03841
2450985.73881 18.90028
2450996.64179 15.84938
2451007.54478 7.13906
2451018.44776 3.62166
2451214.70149 -4.34192
2451225.60448 -1.78563
2451236.50746 -3.85676
2451247.41045 -10.64670
2451258.31343 -18.06357
2451269.21642 -18.78426
2451280.11940 -16.72846
2451291.02239 -14.78408
2451301.92537 -7.30390
2451312.82836 -5.83452
2451323.73134 -9.96367
2451334.63433 -13.32976
2451345.53731 -25.07534
2451356.44030 -18.06275
2451367.34328 -16.41522
2451378.24627 -10.17294
2451389.14925 -5.35180
2451574.50000 4.58109
2451585.40299 -1.26909
2451596.30597 -3.37729
2451607.20896 -0.70993
2451618.11194 6.30629
2451629.01493 12.03817
2451639.91791 18.40440
2451650.82090 13.23402
2451661.72388 9.18386
2451672.62687 5.25673
2451683.52985 4.02934
2451694.43284 9.09975
2451705.33582 16.24694
2451716.23881 22.49891
2451727.14179 17.94593
2451738.04478 18.53512
2451748.94776 10.67352
2451945.20149 2.71633
2451956.10448 5.02175
2451967.00746 9.16394
2451977.91045 6.72190
2451988.81343 -0.23532
2451999.71642 -6.67957
2452010.61940 -9.61418
2452021.52239 -7.47102
2452032.42537 -3.52172
2452043.32836 0.11956
2452054.23134 0.10286
2452065.13433 -4.31115
2452076.03731 -13.51103
2452086.94030 -18.07813
2452097.84328 -19.88384
2452108.74627 -14.66522
2452119.64925 -8.88690
2452305.00000 -3.53382
2452315.90299 -8.00185
2452326.80597 -15.26348
2452337.70896 -16.31212
2452348.61194 -11.46325
2452359.51493 -4.83076
2452370.41791 1.23426
2452381.32090 4.62652
2452392.22388 2.59385
2452403.12687 -1.99625
2452414.02985 -5.79725
2452424.93284 -6.32100
2452435.83582 -0.51529
2452446.73881 6.84005
2452457.64179 10.66296
2452468.54478 12.51018
2452479.44776 9.40512
2452675.70149 8.24062
2452686.60448 13.94889
2452697.50746 16.50757
2452708.41045 19.66794
2452719.31343 16.30500
2452730.21642 9.46606
2452741.11940 3.60203
2452752.02239 1.13925
2452762.92537 2.90259
2452773.82836 8.37654
2452784.73134 12.20514
2452795.63433 13.22024
2452806.53731 6.23727
2452817.44030 -0.95360
2452828.34328 -5.89794
2452839.24627 -6.99054
2452850.14925 -3.21189
2453035.50000 -7.02734
2453046.40299 -9.36419
2453057.30597 -16.41254
2453068.20896 -16.99492
2453079.11194 -24.30845
2453090.01493 -20.80860
2453100.91791 -14.98946
2453111.82090 -7.04566
2453122.72388 -5.79049
2453133.62687 -8.22625
2453144.52985 -13.73134
2453155.43284 -15.84079
2453166.33582 -17.44060
2453177.23881 -12.33748
2453188.14179 -4.10232
2453199.04478 0.66817
2453209.94776 0.98670
2453406.20149 4.41590
2453417.10448 8.08913
2453428.00746 13.21510
2453438.91045 18.39682
2453449.81343 23.00721
2453460.71642 20.61850
2453471.61940 13.95484
2453482.52239 9.29139
2453493.42537 7.32668
2453504.32836 11.07680
2453515.23134 17.26974
2453526.13433 20.33118
2453537.03731 19.66723
2453547.94030 14.88442
2453558.84328 9.19763
2453569.74627 4.21315
2453580.64925 3.55051
2453766.00000 -3.32266
2453776.90299 -1.31759
2453787.80597 -4.28370
2453798.70896 -10.48220
2453809.61194 -17.13093
2453820.51493 -19.62088
2453831.41791 -21.48932
2453842.32090 -11.33551
2453853.22388 -6.41729
2453864.12687 -6.93944
2453875.02985 -12.36261
2453885.93284 -16.87397
2453896.83582 -24.08438
2453907.73881 -23.75800
2453918.64179 -16.55983
2453929.54478 -10.17793
2453940.44776 -7.73830
2454136.70149 -3.32181
2454147.60448 -4.13794
2454158.50746 -1.21534
2454169.41045 5.43651
2454180.31343 13.17517
2454191.21642 16.70005
2454202.11940 14.27858
2454213.02239 8.67317
2454223.92537 3.94988
2454234.82836 4.62804
2454245.73134 10.21749
2454256.63433 17.64094
2454267.53731 20.79559
2454278.44030 18.76111
2454289.34328 15.39841
2454300.24627 10.57591
2454311.14925 7.12231
2454496.50000 4.52683
2454507.40299 9.77374
2454518.30597 9.46591
2454529.20896 6.78478
2454540.11194 -0.13957
2454551.01493 -7.93747
2454561.91791 -8.58644
2454572.82090 -7.76105
2454583.72388 -2.37458
2454594.62687 1.09545
2454605.52985 0.70323
2454616.43284 -5.20338
2454627.33582 -12.92794
2454638.23881 -21.46674
2454649.14179 -19.79098
2454660.04478 -13.76420
2454670.94776 -7.26933
2454867.20149 -10.63722
2454878.10448 -14.19002
2454889.00746 -18.22811
2454899.91045 -12.74883
2454910.81343 -5.98956
2454921.71642 1.17556
2454932.61940 3.82397
2454943.52239 1.31842
2454954.42537 -3.55416
2454965.32836 -7.82236
2454976.23134 -7.03616
2454987.13433 -0.80132
2454998.03731 8.49664
2455008.94030 13.74390
2455019.84328 10.38872
2455030.74627 8.06940
2455041.64925 2.90854
2455227.00000 9.08354
2455237.90299 12.37075
2455248.80597 23.37312
2455259.70896 18.55721
2455270.61194 18.58236
2455281.51493 11.55315
2455292.41791 4.41865
2455303.32090 2.04273
2455314.22388 5.16557
2455325.12687 9.49511
2455336.02985 14.71020
2455346.93284 15.66057
2455357.83582 7.65115
2455368.73881 -0.96325
2455379.64179 -6.47215
2455390.54478 -7.18999
2455401.44776 -1.90353
2455597.70149 -10.35136
2455608.60448 -12.84554
2455619.50746 -22.18832
2455630.41045 -22.27266
2455641.31343 -21.12657
2455652.21642 -15.11747
2455663.11940 -6.30663
2455674.02239 -5.68435
2455684.92537 -9.98558
2455695.82836 -15.06895
2455706.73134 -19.15752
2455717.63433 -19.15168
2455728.53731 -14.24433
2455739.44030 -5.97988
2455750.34328 0.08269
2455761.24627 -0.29267
2455772.14925 -6.22508
2455957.50000 5.50879
