2445000.00000 16.48507
2445010.90299 18.73969
2445021.80597 16.21447
2445032.70896 11.20273
2445043.61194 17.99014
2445054.51493 21.21694
2445065.41791 8.99789
2445076.32090 15.68759
2445087.22388 18.64222
2445098.12687 10.09131
2445109.02985 9.21784
2445119.93284 16.40379
2445130.83582 11.67555
2445141.73881 8.91381
2445152.64179 12.85817
2445163.54478 10.22964
2445174.44776 7.09100
2445370.70149 9.01838
2445381.60448 2.07833
2445392.50746 8.25205
2445403.41045 9.34443
2445414.31343 2.19112
2445425.21642 4.15917
2445436.11940 11.20705
2445447.02239 4.61160
2445457.92537 1.91808
2445468.82836 9.43909
2445479.73134 5.70306
2445490.63433 0.65333
2445501.53731 9.94931
2445512.44030 9.36513
2445523.34328 0.20179
2445534.24627 6.82404
2445545.14925 10.59961
2445730.50000 2.26603
2445741.40299 3.42873
2445752.30597 12.49183
2445763.20896 4.72204
2445774.11194 2.17918
2445785.01493 11.34808
2445795.91791 8.33961
2445806.82090 2.64528
2445817.72388 8.86428
2445828.62687 9.86447
2445839.52985 2.62988
2445850.43284 9.95569
2445861.33582 11.93629
2445872.23881 4.22985
2445883.14179 8.11696
2445894.04478 13.11393
2445904.94776 6.85610
2446101.20149 23.55192
2446112.10448 17.97109
2446123.00746 10.71308
2446133.91045 17.59603
2446144.81343 19.99448
2446155.71642 12.44071
2446166.61940 17.54554
2446177.52239 24.36394
2446188.42537 14.56083
2446199.32836 16.07364
2446210.23134 22.75723
2446221.13433 16.97144
2446232.03731 18.89341
2446242.94030 23.54443
2446253.84328 22.72561
2446264.74627 20.96600
2446275.64925 24.59602
2446461.00000 32.61223
2446471.90299 23.61286
2446482.80597 35.73231
2446493.70896 36.97704
2446504.61194 22.69944
2446515.51493 25.83766
2446526.41791 35.42853
2446537.32090 29.64682
2446548.22388 31.99514
2446559.12687 39.45707
2446570.02985 31.47910
2446580.93284 30.27802
2446591.83582 37.29462
2446602.73881 37.54529
2446613.64179 22.56755
2446624.54478 38.96767
2446635.44776 42.47639
2446831.70149 33.81912
2446842.60448 47.81135
2446853.50746 36.92330
2446864.41045 40.31406
2446875.31343 48.39455
2446886.21642 42.94862
2446897.11940 36.60425
2446908.02239 44.05297
2446918.92537 43.18076
2446929.82836 43.15144
2446940.73134 49.45379
2446951.63433 49.39045
2446962.53731 35.61582
2446973.44030 43.31925
2446984.34328 50.42051
2446995.24627 37.77958
2447006.14925 46.15816
2447191.50000 46.08641
2447202.40299 48.34205
2447213.30597 35.24056
2447224.20896 46.23001
2447235.11194 47.22569
2447246.01493 42.61012
2447256.91791 43.21732
2447267.82090 41.36471
2447278.72388 34.34242
2447289.62687 35.79339
2447300.52985 40.45645
2447311.43284 34.78131
2447322.33582 37.26615
2447333.23881 42.28587
2447344.14179 35.70687
2447355.04478 35.79661
2447365.94776 49.69625
2447562.20149 31.51184
2447573.10448 35.67259
2447584.00746 32.59623
2447594.91045 29.63791
2447605.81343 30.45541
2447616.71642 33.84495
2447627.61940 29.51239
2447638.52239 23.59912
2447649.42537 39.54459
2447660.32836 25.98815
2447671.23134 20.68678
2447682.13433 38.36635
2447693.03731 31.11457
2447703.94030 23.54283
2447714.84328 33.74399
2447725.74627 28.94938
2447736.64925 26.69328
2447922.00000 18.56159
2447932.90299 22.05963
2447943.80597 12.89064
2447954.70896 18.09751
2447965.61194 25.05269
2447976.51493 12.80750
2447987.41791 14.02008
2447998.32090 20.97431
2448009.22388 17.76362
2448020.12687 10.91748
2448031.02985 17.46160
2448041.93284 15.91314
2448052.83582 10.08184
2448063.73881 17.00010
2448074.64179 19.40571
2448085.54478 12.24675
2448096.44776 12.13615
2448292.70149 6.28227
2448303.60448 4.39586
2448314.50746 10.74616
2448325.41045 7.97758
2448336.31343 3.51749
2448347.21642 12.41360
2448358.11940 9.03903
2448369.02239 2.01322
2448379.92537 7.85945
2448390.82836 9.07993
2448401.73134 2.15143
2448412.63433 5.56240
2448423.53731 12.99660
2448434.44030 3.33639
2448445.34328 3.49038
2448456.24627 9.40726
2448467.14925 4.53214
2448652.50000 1.40736
2448663.40299 8.40262
2448674.30597 8.21421
2448685.20896 1.25214
2448696.11194 7.56356
2448707.01493 10.14423
2448717.91791 2.21544
2448728.82090 6.85490
2448739.72388 12.22998
2448750.62687 3.93920
2448761.52985 4.87294
2448772.43284 10.97328
2448783.33582 6.52053
2448794.23881 3.65326
2448805.14179 12.98404
2448816.04478 9.23097
2448826.94776 3.33236
2449023.20149 14.26749
2449034.10448 8.90895
2449045.00746 16.86088
2449055.91045 20.24857
2449066.81343 11.09944
2449077.71642 13.70967
2449088.61940 18.61376
2449099.52239 12.78344
2449110.42537 14.19684
2449121.32836 21.61677
2449132.23134 19.54101
2449143.13433 11.34149
2449154.03731 22.01826
2449164.94030 20.57393
2449175.84328 10.98341
2449186.74627 22.28211
2449197.64925 25.16641
2449383.00000 21.70393
2449393.90299 28.37144
2449404.80597 33.33771
2449415.70896 22.18241
2449426.61194 26.85825
2449437.51493 35.01658
2449448.41791 26.14410
2449459.32090 24.27391
2449470.22388 29.52425
2449481.12687 32.50736
2449492.02985 25.45405
2449502.93284 26.90627
2449513.83582 38.31274
2449524.73881 28.75921
2449535.64179 28.33111
2449546.54478 44.35345
2449557.44776 30.18218
2449753.70149 39.17660
2449764.60448 36.15967
2449775.50746 29.77391
2449786.41045 43.40991
2449797.31343 39.08204
2449808.21642 30.23655
2449819.11940 39.02562
2449830.02239 44.67648
2449840.92537 37.72579
2449851.82836 35.05697
2449862.73134 46.12054
2449873.63433 41.68797
2449884.53731 38.22333
2449895.44030 42.07304
2449906.34328 41.72804
2449917.24627 36.29067
2449928.14925 50.31429
2450113.50000 43.09459
2450124.40299 37.39487
2450135.30597 39.37731
2450146.20896 49.51184
2450157.11194 34.82581
2450168.01493 32.14090
2450178.91791 52.31301
2450189.82090 44.16924
2450200.72388 35.52324
2450211.62687 41.50442
2450222.52985 41.15231
2450233.43284 37.19231
2450244.33582 39.91415
2450255.23881 41.28754
2450266.14179 32.37730
2450277.04478 39.50763
2450287.94776 45.61425
2450484.20149 33.25338
2450495.10448 43.07806
2450506.00746 27.60152
2450516.91045 33.72381
2450527.81343 37.38037
2450538.71642 29.19722
2450549.61940 28.45260
2450560.52239 35.93518
2450571.42537 33.21268
2450582.32836 24.94226
2450593.23134 28.76114
2450604.13433 32.13664
2450615.03731 26.56587
2450625.94030 27.07319
2450636.84328 36.73689
2450647.74627 26.20878
2450658.64925 27.12271
2450844.00000 28.49016
2450854.90299 23.86185
2450865.80597 16.69838
2450876.70896 25.51230
2450887.61194 18.48091
2450898.51493 17.92504
2450909.41791 19.94704
2450920.32090 22.67934
2450931.22388 14.96299
2450942.12687 21.04593
2450953.02985 25.50569
2450963.93284 13.99101
2450974.83582 14.29167
2450985.73881 23.30234
2450996.64179 12.64326
2451007.54478 14.24487
2451018.44776 22.25527
2451214.70149 5.92972
2451225.60448 12.34833
2451236.50746 13.58773
2451247.41045 5.44610
2451258.31343 10.53823
2451269.21642 14.14798
2451280.11940 7.13999
2451291.02239 6.15755
2451301.92537 15.41457
2451312.82836 7.37351
2451323.73134 4.82955
2451334.63433 11.02752
2451345.53731 9.53992
2451356.44030 4.08265
2451367.34328 10.88252
2451378.24627 10.51490
2451389.14925 3.54070
2451574.50000 6.15981
2451585.40299 12.15403
2451596.30597 4.73849
2451607.20896 5.21405
2451618.11194 11.33762
2451629.01493 5.72953
2451639.91791 4.10992
2451650.82090 11.94591
2451661.72388 7.05152
2451672.62687 3.10401
2451683.52985 10.96139
2451694.43284 10.09497
2451705.33582 3.27942
2451716.23881 8.73846
2451727.14179 14.05995
2451738.04478 4.17414
2451748.94776 6.45562
2451945.20149 9.28452
2451956.10448 7.67041
2451967.00746 18.90895
2451977.91045 12.79742
2451988.81343 9.09329
2451999.71642 16.62064
2452010.61940 16.65434
2452021.52239 10.61490
2452032.42537 16.36173
2452043.32836 15.96966
2452054.23134 12.56684
2452065.13433 15.27058
2452076.03731 20.89241
2452086.94030 15.49887
2452097.84328 18.24059
2452108.74627 23.25018
2452119.64925 18.43809
2452305.00000 16.45214
2452315.90299 26.30622
2452326.80597 25.88263
2452337.70896 20.34080
2452348.61194 26.64267
2452359.51493 28.34126
2452370.41791 23.99033
2452381.32090 25.82899
2452392.22388 33.15904
2452403.12687 28.51675
2452414.02985 24.16754
2452424.93284 39.02960
2452435.83582 24.60917
2452446.73881 21.58212
2452457.64179 41.35822
2452468.54478 38.34923
2452479.44776 27.18777
2452675.70149 36.73411
2452686.60448 31.94052
2452697.50746 34.52635
2452708.41045 40.78890
2452719.31343 37.55039
2452730.21642 29.37313
2452741.11940 41.15562
2452752.02239 41.49047
2452762.92537 36.29995
2452773.82836 40.64611
2452784.73134 38.47508
2452795.63433 31.27458
2452806.53731 38.36421
2452817.44030 43.02114
2452828.34328 33.88278
2452839.24627 30.59171
2452850.14925 44.91183
2453035.50000 34.62493
2453046.40299 41.94279
2453057.30597 42.67516
2453068.20896 45.35951
2453079.11194 35.38259
2453090.01493 38.93967
2453100.91791 40.34018
2453111.82090 36.17249
2453122.72388 47.49552
2453133.62687 41.08739
2453144.52985 35.13141
2453155.43284 33.41943
2453166.33582 42.62159
2453177.23881 38.75546
2453188.14179 35.38627
2453199.04478 46.71197
2453209.94776 33.98344
2453406.20149 38.80199
2453417.10448 39.64981
2453428.00746 35.20793
2453438.91045 29.74513
2453449.81343 39.07316
2453460.71642 29.11673
2453471.61940 42.52574
2453482.52239 36.07423
2453493.42537 24.84259
2453504.32836 33.57610
2453515.23134 35.56090
2453526.13433 30.33805
2453537.03731 31.51004
2453547.94030 33.11198
2453558.84328 33.04568
2453569.74627 27.32582
2453580.64925 29.10491
2453766.00000 27.97405
2453776.90299 20.84932
2453787.80597 25.22655
2453798.70896 26.91347
2453809.61194 18.95976
2453820.51493 19.02711
2453831.41791 23.01684
2453842.32090 21.29852
2453853.22388 18.20075
2453864.12687 28.91144
2453875.02985 20.08977
2453885.93284 14.95548
2453896.83582 22.22829
2453907.73881 26.15503
2453918.64179 14.92506
2453929.54478 17.33002
2453940.44776 21.31139
2454136.70149 12.50464
2454147.60448 15.79798
2454158.50746 12.94859
2454169.41045 9.33712
2454180.31343 18.62413
2454191.21642 12.77948
2454202.11940 8.27777
2454213.02239 13.16889
2454223.92537 13.52262
2454234.82836 7.99429
2454245.73134 13.34119
2454256.63433 15.16161
2454267.53731 6.99133
2454278.44030 10.12657
2454289.34328 15.17599
2454300.24627 6.79932
2454311.14925 8.05355
2454496.50000 11.24802
2454507.40299 8.31090
2454518.30597 5.44155
2454529.20896 12.32768
2454540.11194 12.50336
2454551.01493 4.68122
2454561.91791 10.23880
2454572.82090 12.76252
2454583.72388 5.24246
2454594.62687 8.14797
2454605.52985 15.87781
2454616.43284 7.37586
2454627.33582 7.36415
2454638.23881 12.33044
2454649.14179 9.26104
2454660.04478 4.95377
2454670.94776 13.02535
2454867.20149 8.17866
2454878.10448 15.67891
2454889.00746 16.17571
2454899.91045 10.46098
2454910.81343 13.21852
2454921.71642 18.36103
2454932.61940 10.73661
2454943.52239 11.63590
2454954.42537 19.10599
2454965.32836 14.49721
2454976.23134 11.07646
2454987.13433 19.19226
2454998.03731 14.55498
2455008.94030 11.32688
2455019.84328 19.15525
2455030.74627 15.53049
2455041.64925 10.89981
2455227.00000 18.98827
2455237.90299 29.59552
2455248.80597 23.36206
2455259.70896 18.14242
2455270.61194 27.88738
2455281.51493 18.49516
2455292.41791 23.69530
2455303.32090 30.17017
2455314.22388 29.47992
2455325.12687 21.04924
2455336.02985 28.65928
2455346.93284 26.83631
2455357.83582 20.80955
2455368.73881 26.03100
2455379.64179 33.90390
2455390.54478 22.94207
2455401.44776 28.24752
2455597.70149 32.11396
2455608.60448 33.37627
2455619.50746 32.89226
2455630.41045 39.14249
2455641.31343 27.11549
2455652.21642 27.66744
2455663.11940 33.95373
2455674.02239 31.05525
2455684.92537 30.61712
2455695.82836 41.50586
2455706.73134 30.16796
2455717.63433 31.40152
2455728.53731 33.63998
2455739.44030 28.19031
2455750.34328 36.17637
2455761.24627 44.65830
2455772.14925 34.06102
2455957.50000 35.10810
