2445000.00000 -2.55722
2445010.90299 -1.87977
2445021.80597 -0.31184
2445032.70896 0.60427
2445043.61194 0.18648
2445054.51493 -1.04077
2445065.41791 -2.59422
2445076.32090 -2.66444
2445087.22388 -2.39574
2445098.12687 -1.92401
2445109.02985 -0.30598
2445119.93284 0.13999
2445130.83582 -0.50846
2445141.73881 -2.10231
2445152.64179 -3.09684
2445163.54478 -3.34625
2445174.44776 -2.92272
2445370.70149 -0.52757
2445381.60448 -1.25824
2445392.50746 -2.35629
2445403.41045 -3.94818
2445414.31343 -4.58367
2445425.21642 -3.35464
2445436.11940 -1.98816
2445447.02239 -0.63792
2445457.92537 -0.64148
2445468.82836 -1.32655
2445479.73134 -2.56923
2445490.63433 -4.36791
2445501.53731 -4.30308
2445512.44030 -2.82775
2445523.34328 -1.24950
2445534.24627 -0.41687
2445545.14925 -0.75662
2445730.50000 -2.46433
2445741.40299 -3.36082
2445752.30597 -2.77058
2445763.20896 -1.84734
2445774.11194 -0.47142
2445785.01493 0.35090
2445795.91791 0.12208
2445806.82090 -1.14921
2445817.72388 -2.55209
2445828.62687 -2.97790
2445839.52985 -2.68660
2445850.43284 -1.15049
2445861.33582 0.45631
2445872.23881 0.84617
2445883.14179 0.24276
2445894.04478 -1.12200
2445904.94776 -2.51467
2446101.20149 0.48537
2446112.10448 1.59142
2446123.00746 2.58592
2446133.91045 1.84379
2446144.81343 0.33575
2446155.71642 -0.83808
2446166.61940 -1.11306
2446177.52239 -0.05178
2446188.42537 1.72722
2446199.32836 2.50650
2446210.23134 2.96418
2446221.13433 1.97436
2446232.03731 0.29545
2446242.94030 -0.63722
2446253.84328 -0.33773
2446264.74627 0.99755
2446275.64925 2.39797
2446461.00000 3.82109
2446471.90299 2.88424
2446482.80597 1.21110
2446493.70896 0.39250
2446504.61194 0.62448
2446515.51493 1.79291
2446526.41791 3.30359
2446537.32090 4.21950
2446548.22388 3.62840
2446559.12687 2.06415
2446570.02985 1.16336
2446580.93284 0.50940
2446591.83582 1.12537
2446602.73881 2.63055
2446613.64179 3.76846
2446624.54478 4.70195
2446635.44776 3.00109
2446831.70149 0.26609
2446842.60448 0.74080
2446853.50746 2.02626
2446864.41045 3.19604
2446875.31343 3.71184
2446886.21642 2.90010
2446897.11940 1.60104
2446908.02239 0.24409
2446918.92537 0.04845
2446929.82836 1.02009
2446940.73134 2.67761
2446951.63433 3.09865
2446962.53731 3.43446
2446973.44030 2.45840
2446984.34328 0.68736
2446995.24627 -0.35280
2447006.14925 -0.10039
2447191.50000 1.27699
2447202.40299 2.81276
2447213.30597 1.92641
2447224.20896 0.73563
2447235.11194 -0.70897
2447246.01493 -1.60450
2447256.91791 -1.55612
2447267.82090 -0.35753
2447278.72388 1.23597
2447289.62687 1.74519
2447300.52985 1.50681
2447311.43284 -0.24515
2447322.33582 -1.52532
2447333.23881 -1.85483
2447344.14179 -1.72271
2447355.04478 -0.29172
2447365.94776 1.02193
2447562.20149 -1.48275
2447573.10448 -3.54004
2447584.00746 -3.74127
2447594.91045 -3.00782
2447605.81343 -1.75676
2447616.71642 -0.31555
2447627.61940 -0.05930
2447638.52239 -0.88903
2447649.42537 -2.73103
2447660.32836 -3.61329
2447671.23134 -3.79164
2447682.13433 -2.88597
2447693.03731 -1.56445
2447703.94030 -0.41644
2447714.84328 -0.56065
2447725.74627 -1.75688
2447736.64925 -2.96790
2447922.00000 -4.11693
2447932.90299 -2.86636
2447943.80597 -1.75440
2447954.70896 -0.53684
2447965.61194 -0.66385
2447976.51493 -1.87161
2447987.41791 -3.23319
2447998.32090 -4.00285
2448009.22388 -4.25767
2448020.12687 -2.36252
2448031.02985 -0.96887
2448041.93284 -0.31170
2448052.83582 -0.83891
2448063.73881 -2.33018
2448074.64179 -3.82943
2448085.54478 -4.17844
2448096.44776 -3.84968
2448292.70149 0.83630
2448303.60448 0.15004
2448314.50746 -1.09088
2448325.41045 -2.92741
2448336.31343 -2.79877
2448347.21642 -2.02596
2448358.11940 -0.51523
2448369.02239 0.93420
2448379.92537 1.11096
2448390.82836 0.32310
2448401.73134 -1.08312
2448412.63433 -2.52859
2448423.53731 -2.40769
2448434.44030 -1.10822
2448445.34328 0.66051
2448456.24627 1.43502
2448467.14925 1.52863
2448652.50000 0.32099
2448663.40299 -0.78511
2448674.30597 -0.68354
2448685.20896 0.50419
2448696.11194 2.41187
2448707.01493 3.66510
2448717.91791 2.88264
2448728.82090 1.59884
2448739.72388 0.29625
2448750.62687 -0.45665
2448761.52985 0.03879
2448772.43284 1.39461
2448783.33582 3.39295
2448794.23881 3.67373
2448805.14179 2.29375
2448816.04478 1.71388
2448826.94776 0.36926
2449023.20149 2.23832
2449034.10448 3.87464
2449045.00746 4.07526
2449055.91045 4.27384
2449066.81343 2.53147
2449077.71642 1.17327
2449088.61940 0.62456
2449099.52239 1.49748
2449110.42537 3.07631
2449121.32836 4.92175
2449132.23134 5.19107
2449143.13433 3.37375
2449154.03731 1.90134
2449164.94030 0.69926
2449175.84328 0.72675
2449186.74627 1.74270
2449197.64925 3.83429
2449383.00000 4.38008
2449393.90299 2.96929
2449404.80597 1.16017
2449415.70896 -0.06344
2449426.61194 -0.04041
2449437.51493 1.17823
2449448.41791 2.95916
2449459.32090 4.06963
2449470.22388 3.48089
2449481.12687 1.92167
2449492.02985 0.20400
2449502.93284 -0.55183
2449513.83582 -0.18124
2449524.73881 1.09031
2449535.64179 3.12500
2449546.54478 3.77422
2449557.44776 2.30167
2449753.70149 -2.12972
2449764.60448 -2.10646
2449775.50746 -0.37321
2449786.41045 1.26489
2449797.31343 1.41259
2449808.21642 0.83018
2449819.11940 -0.93515
2449830.02239 -1.99553
2449840.92537 -3.20692
2449851.82836 -1.86476
2449862.73134 -0.30919
2449873.63433 0.81081
2449884.53731 0.86408
2449895.44030 -0.26386
2449906.34328 -2.28321
2449917.24627 -3.28896
2449928.14925 -3.39044
2450113.50000 -1.79542
2450124.40299 -0.33762
2450135.30597 -0.29690
2450146.20896 -1.45157
2450157.11194 -3.64985
2450168.01493 -4.47216
2450178.91791 -4.11348
2450189.82090 -3.08894
2450200.72388 -1.15964
2450211.62687 -0.38293
2450222.52985 -0.89740
2450233.43284 -2.30554
2450244.33582 -4.28509
2450255.23881 -5.13240
2450266.14179 -4.09585
2450277.04478 -2.78750
2450287.94776 -1.24357
2450484.20149 -2.12478
2450495.10448 -4.24130
2450506.00746 -5.09928
2450516.91045 -3.98971
2450527.81343 -2.68039
2450538.71642 -0.67253
2450549.61940 -0.22464
2450560.52239 -1.00284
2450571.42537 -2.95668
2450582.32836 -4.56917
2450593.23134 -4.30895
2450604.13433 -3.55491
2450615.03731 -1.59448
2450625.94030 -0.08375
2450636.84328 0.00946
2450647.74627 -1.04000
2450658.64925 -2.38599
2450844.00000 -2.78121
2450854.90299 -1.66741
2450865.80597 0.07896
2450876.70896 1.38476
2450887.61194 1.60223
2450898.51493 0.33822
2450909.41791 -1.15683
2450920.32090 -2.58851
2450931.22388 -1.89593
2450942.12687 -0.56409
2450953.02985 1.43077
2450963.93284 2.02149
2450974.83582 1.88632
2450985.73881 0.36321
2450996.64179 -1.33705
2451007.54478 -1.90363
2451018.44776 -1.23949
2451214.70149 4.41318
2451225.60448 4.10855
2451236.50746 1.88442
2451247.41045 0.36432
2451258.31343 -0.28174
2451269.21642 0.61794
2451280.11940 1.81523
2451291.02239 3.69098
2451301.92537 4.57576
2451312.82836 3.02441
2451323.73134 1.65810
2451334.63433 0.39565
2451345.53731 0.19540
2451356.44030 1.40211
2451367.34328 3.17273
2451378.24627 4.72139
2451389.14925 4.58397
2451574.50000 2.08580
2451585.40299 0.89970
2451596.30597 0.67005
2451607.20896 1.56715
2451618.11194 3.45191
2451629.01493 4.01546
2451639.91791 5.45491
2451650.82090 3.75410
2451661.72388 1.92214
2451672.62687 0.59023
2451683.52985 0.80879
2451694.43284 2.38521
2451705.33582 3.98908
2451716.23881 4.50535
2451727.14179 4.29668
2451738.04478 3.05354
2451748.94776 0.83654
2451945.20149 1.21009
2451956.10448 3.07065
2451967.00746 3.59367
2451977.91045 2.67908
2451988.81343 1.56053
2451999.71642 -0.34004
2452010.61940 -1.12909
2452021.52239 -0.21806
2452032.42537 1.41035
2452043.32836 2.62049
2452054.23134 3.00756
2452065.13433 1.78906
2452076.03731 0.22974
2452086.94030 -1.75448
2452097.84328 -1.59884
2452108.74627 -0.35287
2452119.64925 1.59055
2452305.00000 1.20281
2452315.90299 0.25003
2452326.80597 -1.70485
2452337.70896 -3.20062
2452348.61194 -3.74594
2452359.51493 -2.14566
2452370.41791 -0.37350
2452381.32090 0.78167
2452392.22388 0.57736
2452403.12687 -1.01202
2452414.02985 -2.80667
2452424.93284 -3.85069
2452435.83582 -3.67144
2452446.73881 -1.84476
2452457.64179 -0.31405
2452468.54478 0.38497
2452479.44776 -0.33559
2452675.70149 -5.23922
2452686.60448 -5.41854
2452697.50746 -3.03694
2452708.41045 -1.13272
2452719.31343 -0.68842
2452730.21642 -0.91203
2452741.11940 -2.61144
2452752.02239 -4.23481
2452762.92537 -5.30341
2452773.82836 -4.22579
2452784.73134 -2.49054
2452795.63433 -0.97584
2452806.53731 -0.79586
2452817.44030 -1.53007
2452828.34328 -3.30583
2452839.24627 -4.83680
2452850.14925 -4.50319
2453035.50000 -1.90185
2453046.40299 -0.34837
2453057.30597 -0.08897
2453068.20896 -1.20471
2453079.11194 -2.70225
2453090.01493 -3.97631
2453100.91791 -4.20453
2453111.82090 -3.10940
2453122.72388 -1.00110
2453133.62687 0.31029
2453144.52985 0.12488
2453155.43284 -1.07708
2453166.33582 -3.30022
2453177.23881 -3.91374
2453188.14179 -3.69082
2453199.04478 -1.68943
2453209.94776 0.07905
2453406.20149 0.40526
2453417.10448 -1.23471
2453428.00746 -2.17561
2453438.91045 -1.60318
2453449.81343 0.10917
2453460.71642 2.12879
2453471.61940 2.91593
2453482.52239 2.05552
2453493.42537 0.43302
2453504.32836 -1.11301
2453515.23134 -1.63845
2453526.13433 -0.46029
2453537.03731 1.53317
2453547.94030 2.38639
2453558.84328 2.88494
2453569.74627 1.83508
2453580.64925 0.39896
2453766.00000 0.00028
2453776.90299 0.94682
2453787.80597 2.36110
2453798.70896 4.65986
2453809.61194 5.48321
2453820.51493 3.86798
2453831.41791 1.71530
2453842.32090 0.47241
2453853.22388 0.62166
2453864.12687 2.17504
2453875.02985 4.54752
2453885.93284 4.59676
2453896.83582 5.95156
2453907.73881 3.21683
2453918.64179 1.34735
2453929.54478 0.49492
2453940.44776 1.15179
2454136.70149 5.53204
2454147.60448 5.00141
2454158.50746 2.84143
2454169.41045 1.46105
2454180.31343 0.44882
2454191.21642 0.98209
2454202.11940 2.89321
2454213.02239 3.64288
2454223.92537 5.04623
2454234.82836 4.56001
2454245.73134 2.07994
2454256.63433 0.57117
2454267.53731 0.15223
2454278.44030 1.33240
2454289.34328 2.73922
2454300.24627 4.57073
2454311.14925 5.23379
2454496.50000 1.00486
2454507.40299 -0.76428
2454518.30597 -1.15922
2454529.20896 -0.30620
2454540.11194 1.55542
2454551.01493 3.24380
2454561.91791 3.42085
2454572.82090 1.44563
2454583.72388 -0.54590
2454594.62687 -2.05991
2454605.52985 -1.84365
2454616.43284 -0.41766
2454627.33582 1.38197
2454638.23881 2.50935
2454649.14179 1.73015
2454660.04478 0.19072
2454670.94776 -1.92023
2454867.20149 -2.03361
2454878.10448 -0.37517
2454889.00746 0.72537
2454899.91045 0.10246
2454910.81343 -1.65432
2454921.71642 -3.80810
2454932.61940 -4.86463
2454943.52239 -3.62685
2454954.42537 -2.32679
2454965.32836 -0.44005
2454976.23134 0.12963
2454987.13433 -0.91802
2454998.03731 -2.81412
2455008.94030 -4.86336
2455019.84328 -5.78056
2455030.74627 -3.96625
2455041.64925 -1.87308
2455227.00000 -0.75923
2455237.90299 -1.69604
2455248.80597 -3.61848
2455259.70896 -4.79114
2455270.61194 -5.83161
2455281.51493 -4.21675
2455292.41791 -2.63504
2455303.32090 -0.87651
2455314.22388 -0.84049
2455325.12687 -2.03913
2455336.02985 -4.80491
2455346.93284 -6.35063
2455357.83582 -5.05485
2455368.73881 -3.39182
2455379.64179 -1.79185
2455390.54478 -0.52610
2455401.44776 -0.91656
2455597.70149 -4.09062
2455608.60448 -3.84199
2455619.50746 -2.58504
2455630.41045 -0.41502
2455641.31343 0.77403
2455652.21642 0.18979
2455663.11940 -1.52821
2455674.02239 -3.47607
2455684.92537 -4.37787
2455695.82836 -3.28923
2455706.73134 -0.92015
2455717.63433 0.72636
2455728.53731 1.15968
2455739.44030 0.26962
2455750.34328 -1.43020
2455761.24627 -3.27879
2455772.14925 -3.35209
2455957.50000 0.85527
