2445000.00000 2.38357
2445010.90299 3.64695
2445021.80597 0.29461
2445032.70896 3.97317
2445043.61194 1.50417
2445054.51493 1.83154
2445065.41791 3.86661
2445076.32090 0.14586
2445087.22388 2.91996
2445098.12687 1.92209
2445109.02985 0.95243
2445119.93284 4.06476
2445130.83582 0.08322
2445141.73881 2.77674
2445152.64179 2.15344
2445163.54478 0.48868
2445174.44776 4.06554
2445370.70149 2.79155
2445381.60448 -1.08023
2445392.50746 2.03658
2445403.41045 0.49844
2445414.31343 -0.78371
2445425.21642 2.62637
2445436.11940 -1.74171
2445447.02239 0.97206
2445457.92537 0.58316
2445468.82836 -1.53722
2445479.73134 1.89148
2445490.63433 -1.65198
2445501.53731 0.28474
2445512.44030 0.69458
2445523.34328 -2.32494
2445534.24627 1.65691
2445545.14925 -1.40546
2445730.50000 0.40124
2445741.40299 -2.86594
2445752.30597 -1.10749
2445763.20896 -1.11287
2445774.11194 -3.18715
2445785.01493 0.21364
2445795.91791 -2.92728
2445806.82090 -1.69132
2445817.72388 -0.79068
2445828.62687 -3.67144
2445839.52985 -0.16590
2445850.43284 -2.67307
2445861.33582 -2.67429
2445872.23881 -0.57290
2445883.14179 -4.44517
2445894.04478 -0.56846
2445904.94776 -2.77961
2446101.20149 -3.38620
2446112.10448 -2.18899
2446123.00746 -0.75199
2446133.91045 -3.57550
2446144.81343 -0.29642
2446155.71642 -2.75509
2446166.61940 -2.17248
2446177.52239 -0.17687
2446188.42537 -3.22517
2446199.32836 -0.43542
2446210.23134 -1.94094
2446221.13433 -2.82816
2446232.03731 0.30998
2446242.94030 -3.48817
2446253.84328 -0.63647
2446264.74627 -1.24351
2446275.64925 -3.33175
2446461.00000 -0.71023
2446471.90299 -1.05136
2446482.80597 1.53752
2446493.70896 -2.06586
2446504.61194 1.33687
2446515.51493 0.24139
2446526.41791 -1.10515
2446537.32090 2.02659
2446548.22388 -1.30777
2446559.12687 1.09957
2446570.02985 1.09899
2446580.93284 -1.16880
2446591.83582 2.61484
2446602.73881 -0.80828
2446613.64179 1.00036
2446624.54478 1.74204
2446635.44776 -1.04437
2446831.70149 0.34059
2446842.60448 3.48595
2446853.50746 0.34995
2446864.41045 2.66161
2446875.31343 3.41779
2446886.21642 0.28857
2446897.11940 3.89125
2446908.02239 0.99760
2446918.92537 2.06056
2446929.82836 3.39620
2446940.73134 0.21127
2446951.63433 3.59073
2446962.53731 1.70696
2446973.44030 1.73981
2446984.34328 3.60108
2446995.24627 0.26236
2447006.14925 4.25723
2447191.50000 -0.02299
2447202.40299 3.60039
2447213.30597 0.91269
2447224.20896 1.38356
2447235.11194 3.14677
2447246.01493 -0.37414
2447256.91791 3.43113
2447267.82090 1.13963
2447278.72388 0.69316
2447289.62687 3.48519
2447300.52985 -0.61929
2447311.43284 2.54337
2447322.33582 1.09477
2447333.23881 -0.03825
2447344.14179 3.07348
2447355.04478 -0.62996
2447365.94776 1.71557
2447562.20149 1.09385
2447573.10448 -0.65967
2447584.00746 -1.79169
2447594.91045 1.55615
2447605.81343 -2.57223
2447616.71642 0.34407
2447627.61940 -0.42028
2447638.52239 -2.10246
2447649.42537 0.90223
2447660.32836 -2.22379
2447671.23134 -0.35933
2447682.13433 -0.43822
2447693.03731 -3.48178
2447703.94030 0.77712
2447714.84328 -2.72061
2447725.74627 -1.48133
2447736.64925 -0.21747
2447922.00000 -1.27277
2447932.90299 -1.81721
2447943.80597 -4.46318
2447954.70896 -0.18485
2447965.61194 -3.88861
2447976.51493 -1.70808
2447987.41791 -1.20518
2447998.32090 -4.33172
2448009.22388 -0.41747
2448020.12687 -3.46062
2448031.02985 -2.41023
2448041.93284 -0.94831
2448052.83582 -5.44188
2448063.73881 -0.58364
2448074.64179 -2.97493
2448085.54478 -3.52619
2448096.44776 -0.34780
2448292.70149 -0.22762
2448303.60448 -3.43792
2448314.50746 0.40435
2448325.41045 -2.37666
2448336.31343 -1.58074
2448347.21642 0.39556
2448358.11940 -3.49912
2448369.02239 0.40878
2448379.92537 -1.57764
2448390.82836 -2.44591
2448401.73134 1.11257
2448412.63433 -3.18620
2448423.53731 0.33702
2448434.44030 -0.63394
2448445.34328 -2.32435
2448456.24627 1.77527
2448467.14925 -2.48921
2448652.50000 2.64747
2448663.40299 -1.27007
2448674.30597 2.31627
2448685.20896 0.95940
2448696.11194 -0.13885
2448707.01493 3.24809
2448717.91791 -0.68690
2448728.82090 2.14745
2448739.72388 2.03209
2448750.62687 -0.17966
2448761.52985 3.46645
2448772.43284 -0.03938
2448783.33582 1.99130
2448794.23881 2.56383
2448805.14179 -0.15904
2448816.04478 4.30990
2448826.94776 0.64266
2449023.20149 0.51858
2449034.10448 3.04280
2449045.00746 3.11202
2449055.91045 0.62557
2449066.81343 4.46479
2449077.71642 0.98986
2449088.61940 2.66173
2449099.52239 4.02442
2449110.42537 0.25652
2449121.32836 3.92338
2449132.23134 1.23845
2449143.13433 1.73979
2449154.03731 4.15532
2449164.94030 0.08397
2449175.84328 3.70605
2449186.74627 1.55060
2449197.64925 1.23831
2449383.00000 -0.01166
2449393.90299 0.87830
2449404.80597 2.75372
2449415.70896 -1.07393
2449426.61194 2.16698
2449437.51493 0.10676
2449448.41791 0.03341
2449459.32090 2.59774
2449470.22388 -1.24135
2449481.12687 1.70228
2449492.02985 0.26544
2449502.93284 -0.80133
2449513.83582 2.60184
2449524.73881 -1.74351
2449535.64179 1.02881
2449546.54478 0.31121
2449557.44776 -1.53512
2449753.70149 -2.32511
2449764.60448 0.50932
2449775.50746 -3.08305
2449786.41045 -0.39357
2449797.31343 -1.58847
2449808.21642 -2.74203
2449819.11940 0.37947
2449830.02239 -4.06754
2449840.92537 -1.00348
2449851.82836 -1.15317
2449862.73134 -3.87013
2449873.63433 0.10814
2449884.53731 -3.55611
2449895.44030 -1.81343
2449906.34328 -1.10790
2449917.24627 -4.51454
2449928.14925 -0.19923
2450113.50000 -4.05800
2450124.40299 -0.24603
2450135.30597 -3.93171
2450146.20896 -1.94719
2450157.11194 -1.43084
2450168.01493 -4.12356
2450178.91791 -0.15082
2450189.82090 -3.45132
2450200.72388 -1.92761
2450211.62687 -0.76437
2450222.52985 -4.48204
2450233.43284 -0.14477
2450244.33582 -2.72345
2450255.23881 -2.23438
2450266.14179 -0.19757
2450277.04478 -3.85591
2450287.94776 -0.26536
2450484.20149 1.36845
2450495.10448 -1.32093
2450506.00746 -0.74512
2450516.91045 1.19394
2450527.81343 -2.46765
2450538.71642 1.78027
2450549.61940 -0.71333
2450560.52239 -0.94158
2450571.42537 1.77323
2450582.32836 -1.53632
2450593.23134 1.24965
2450604.13433 0.28789
2450615.03731 -0.94506
2450625.94030 2.58724
2450636.84328 -1.22876
2450647.74627 1.43951
2450658.64925 1.12707
2450844.00000 3.21043
2450854.90299 1.48289
2450865.80597 0.82439
2450876.70896 4.28258
2450887.61194 0.00383
2450898.51493 3.02821
2450909.41791 2.27298
2450920.32090 0.53342
2450931.22388 4.61187
2450942.12687 0.43588
2450953.02985 2.80747
2450963.93284 2.30876
2450974.83582 0.40345
2450985.73881 4.31372
2450996.64179 0.94666
2451007.54478 2.10659
2451018.44776 3.64637
2451214.70149 2.53837
2451225.60448 0.37486
2451236.50746 4.67552
2451247.41045 0.49163
2451258.31343 2.45893
2451269.21642 3.07243
2451280.11940 -0.06682
2451291.02239 4.55324
2451301.92537 0.63569
2451312.82836 1.44874
2451323.73134 2.79799
2451334.63433 -0.42190
2451345.53731 3.15143
2451356.44030 0.89588
2451367.34328 0.60955
2451378.24627 3.02485
2451389.14925 -0.75578
2451574.50000 1.54345
2451585.40299 -1.84724
2451596.30597 1.29284
2451607.20896 -0.85187
2451618.11194 -0.75580
2451629.01493 1.30771
2451639.91791 -2.75938
2451650.82090 0.93639
2451661.72388 -1.03068
2451672.62687 -1.86029
2451683.52985 1.44195
2451694.43284 -2.11312
2451705.33582 0.26145
2451716.23881 -0.79882
2451727.14179 -2.69711
2451738.04478 0.99284
2451748.94776 -3.25001
2451945.20149 -4.58766
2451956.10448 -0.71182
2451967.00746 -1.94007
2451977.91045 -2.93616
2451988.81343 -0.19665
2451999.71642 -3.96985
2452010.61940 -1.41603
2452021.52239 -2.04924
2452032.42537 -4.06017
2452043.32836 -0.24052
2452054.23134 -4.03992
2452065.13433 -2.12090
2452076.03731 -1.43351
2452086.94030 -4.91259
2452097.84328 -0.33671
2452108.74627 -3.59603
2452119.64925 -2.37710
2452305.00000 -4.37773
2452315.90299 -1.09133
2452326.80597 -1.04420
2452337.70896 -4.45597
2452348.61194 0.47266
2452359.51493 -3.03731
2452370.41791 -1.33769
2452381.32090 -0.27173
2452392.22388 -3.28244
2452403.12687 0.65421
2452414.02985 -2.34128
2452424.93284 -1.60106
2452435.83582 0.51050
2452446.73881 -3.39708
2452457.64179 0.67530
2452468.54478 -1.56163
2452479.44776 -1.61128
2452675.70149 0.29734
2452686.60448 2.14813
2452697.50746 -1.36517
2452708.41045 2.48886
2452719.31343 0.14411
2452730.21642 0.28102
2452741.11940 3.02891
2452752.02239 -1.14483
2452762.92537 2.35544
2452773.82836 1.06442
2452784.73134 0.11105
2452795.63433 3.86034
2452806.53731 -0.45198
2452817.44030 2.18751
2452828.34328 1.89147
2452839.24627 0.03403
2452850.14925 3.83995
2453035.50000 1.38017
2453046.40299 4.59729
2453057.30597 0.35882
2453068.20896 3.76463
2453079.11194 2.20915
2453090.01493 0.92595
2453100.91791 4.42152
2453111.82090 0.51037
2453122.72388 2.96016
2453133.62687 2.57747
2453144.52985 0.69856
2453155.43284 4.25855
2453166.33582 0.79984
2453177.23881 3.00304
2453188.14179 3.24031
2453199.04478 0.27560
2453209.94776 4.70013
2453406.20149 3.43009
2453417.10448 -0.31936
2453428.00746 2.23279
2453438.91045 1.97314
2453449.81343 -0.73509
2453460.71642 2.76912
2453471.61940 -0.23553
2453482.52239 0.91716
2453493.42537 2.28592
2453504.32836 -1.32553
2453515.23134 2.10621
2453526.13433 -0.20017
2453537.03731 0.01569
2453547.94030 2.12418
2453558.84328 -1.87728
2453569.74627 2.28837
2453580.64925 -0.06354
2453766.00000 0.90782
2453776.90299 -2.24792
2453787.80597 -1.59881
2453798.70896 0.28029
2453809.61194 -3.10901
2453820.51493 0.31250
2453831.41791 -2.27826
2453842.32090 -2.31485
2453853.22388 0.30869
2453864.12687 -4.28185
2453875.02985 -0.33125
2453885.93284 -1.77984
2453896.83582 -2.77977
2453907.73881 0.18815
2453918.64179 -3.63593
2453929.54478 -0.98008
2453940.44776 -1.47263
2454136.70149 -2.60472
2454147.60448 -3.06617
2454158.50746 -0.40516
2454169.41045 -3.29524
2454180.31343 -1.14642
2454191.21642 -2.07859
2454202.11940 -3.60471
2454213.02239 -0.15011
2454223.92537 -4.52650
2454234.82836 -1.86928
2454245.73134 -1.43466
2454256.63433 -4.10261
2454267.53731 -0.06881
2454278.44030 -3.26476
2454289.34328 -2.19676
2454300.24627 -0.90476
2454311.14925 -3.83929
2454496.50000 -0.39060
2454507.40299 -2.31647
2454518.30597 1.38983
2454529.20896 -2.32307
2454540.11194 -0.36474
2454551.01493 0.37579
2454561.91791 -2.48157
2454572.82090 1.88041
2454583.72388 -1.45610
2454594.62687 -0.43202
2454605.52985 1.34464
2454616.43284 -2.45543
2454627.33582 1.70664
2454638.23881 -0.56957
2454649.14179 -0.53122
2454660.04478 2.11666
2454670.94776 -1.61147
2454867.20149 -0.44964
2454878.10448 3.05971
2454889.00746 0.89660
2454899.91045 1.21743
2454910.81343 3.52849
2454921.71642 -0.27959
2454932.61940 3.29339
2454943.52239 1.74688
2454954.42537 0.96797
2454965.32836 3.99741
2454976.23134 0.04215
2454987.13433 3.74448
2454998.03731 1.78078
2455008.94030 0.86376
2455019.84328 4.82233
2455030.74627 0.45285
2455041.64925 2.94283
2455227.00000 0.23382
2455237.90299 3.75548
2455248.80597 2.46199
2455259.70896 0.98567
2455270.61194 4.30264
2455281.51493 0.21229
2455292.41791 3.09631
2455303.32090 2.47302
2455314.22388 0.40229
2455325.12687 3.83652
2455336.02985 0.30278
2455346.93284 2.27848
2455357.83582 2.46760
2455368.73881 -0.11149
2455379.64179 3.90613
2455390.54478 0.47899
2455401.44776 1.59637
2455597.70149 0.95680
2455608.60448 0.85685
2455619.50746 -1.44682
2455630.41045 2.24435
2455641.31343 -1.25504
2455652.21642 0.13614
2455663.11940 1.20165
2455674.02239 -1.92513
2455684.92537 1.77070
2455695.82836 -1.16963
2455706.73134 -0.73407
2455717.63433 1.28009
2455728.53731 -2.89788
2455739.44030 0.98831
2455750.34328 -1.21160
2455761.24627 -1.73266
2455772.14925 0.90638
2455957.50000 -2.17801
