2445000.00000 13.38035
2445010.90299 12.20916
2445021.80597 22.49143
2445032.70896 24.24146
2445043.61194 14.02003
2445054.51493 10.20035
2445065.41791 21.82797
2445076.32090 20.52923
2445087.22388 13.76796
2445098.12687 12.75602
2445109.02985 18.21971
2445119.93284 16.75752
2445130.83582 9.86016
2445141.73881 11.94050
2445152.64179 21.49874
2445163.54478 16.97097
2445174.44776 8.60838
2445370.70149 17.22124
2445381.60448 9.37038
2445392.50746 7.56819
2445403.41045 18.14074
2445414.31343 19.89016
2445425.21642 7.86130
2445436.11940 8.53301
2445447.02239 15.76027
2445457.92537 15.63009
2445468.82836 6.78236
2445479.73134 9.33901
2445490.63433 17.38497
2445501.53731 12.94185
2445512.44030 7.04514
2445523.34328 8.87796
2445534.24627 17.06573
2445545.14925 11.29858
2445730.50000 4.24375
2445741.40299 14.42217
2445752.30597 15.07664
2445763.20896 4.12750
2445774.11194 5.47864
2445785.01493 11.22130
2445795.91791 11.37451
2445806.82090 2.93668
2445817.72388 5.07345
2445828.62687 15.76824
2445839.52985 9.01361
2445850.43284 2.02501
2445861.33582 6.45563
2445872.23881 13.57515
2445883.14179 7.46862
2445894.04478 1.43269
2445904.94776 7.53997
2446101.20149 1.01150
2446112.10448 4.05768
2446123.00746 13.40590
2446133.91045 7.12597
2446144.81343 0.45389
2446155.71642 5.55863
2446166.61940 15.86569
2446177.52239 7.90046
2446188.42537 0.15292
2446199.32836 5.96783
2446210.23134 13.49124
2446221.13433 5.50143
2446232.03731 0.14375
2446242.94030 7.31131
2446253.84328 12.09434
2446264.74627 4.49257
2446275.64925 0.48280
2446461.00000 12.26315
2446471.90299 8.78913
2446482.80597 0.93195
2446493.70896 4.75982
2446504.61194 13.37401
2446515.51493 6.36820
2446526.41791 0.95276
2446537.32090 8.25528
2446548.22388 13.84824
2446559.12687 5.83627
2446570.02985 1.34986
2446580.93284 10.80310
2446591.83582 11.79713
2446602.73881 4.79317
2446613.64179 2.11852
2446624.54478 9.96240
2446635.44776 11.55448
2446831.70149 9.03542
2446842.60448 14.88549
2446853.50746 8.51039
2446864.41045 4.88110
2446875.31343 12.08701
2446886.21642 13.42433
2446897.11940 8.72791
2446908.02239 4.79512
2446918.92537 14.27895
2446929.82836 11.88446
2446940.73134 8.02882
2446951.63433 5.09971
2446962.53731 16.36929
2446973.44030 15.94532
2446984.34328 7.26222
2446995.24627 7.84964
2447006.14925 15.74651
2447191.50000 12.04201
2447202.40299 7.58908
2447213.30597 16.45414
2447224.20896 20.80615
2447235.11194 12.97752
2447246.01493 9.31971
2447256.91791 17.24598
2447267.82090 20.79997
2447278.72388 12.42417
2447289.62687 9.38372
2447300.52985 14.38924
2447311.43284 18.62926
2447322.33582 12.61907
2447333.23881 12.55535
2447344.14179 21.70821
2447355.04478 19.28083
2447365.94776 11.03541
2447562.20149 21.81082
2447573.10448 13.90954
2447584.00746 14.11008
2447594.91045 20.26427
2447605.81343 23.77043
2447616.71642 14.73027
2447627.61940 11.65981
2447638.52239 22.76642
2447649.42537 20.99454
2447660.32836 14.77744
2447671.23134 12.30780
2447682.13433 19.39017
2447693.03731 23.46751
2447703.94030 13.50631
2447714.84328 16.69895
2447725.74627 26.66147
2447736.64925 19.52631
2447922.00000 16.05708
2447932.90299 19.38910
2447943.80597 22.08499
2447954.70896 14.79504
2447965.61194 12.78174
2447976.51493 23.88322
2447987.41791 24.63115
2447998.32090 14.08091
2448009.22388 16.20518
2448020.12687 19.68980
2448031.02985 19.55778
2448041.93284 12.11904
2448052.83582 16.39428
2448063.73881 22.95827
2448074.64179 18.15120
2448085.54478 11.29896
2448096.44776 18.19657
2448292.70149 12.98506
2448303.60448 14.14595
2448314.50746 24.66851
2448325.41045 20.22106
2448336.31343 9.70490
2448347.21642 14.41260
2448358.11940 23.08286
2448369.02239 17.77888
2448379.92537 10.63809
2448390.82836 14.15209
2448401.73134 22.91813
2448412.63433 15.57057
2448423.53731 8.05264
2448434.44030 19.14574
2448445.34328 21.03232
2448456.24627 15.46980
2448467.14925 10.49492
2448652.50000 16.15940
2448663.40299 12.72765
2448674.30597 5.94280
2448685.20896 10.16832
2448696.11194 20.22543
2448707.01493 13.71509
2448717.91791 5.02041
2448728.82090 12.23040
2448739.72388 15.83001
2448750.62687 9.66798
2448761.52985 6.32802
2448772.43284 12.97636
2448783.33582 19.59319
2448794.23881 9.42606
2448805.14179 4.48238
2448816.04478 10.52847
2448826.94776 18.14523
2449023.20149 7.95263
2449034.10448 14.20105
2449045.00746 9.19639
2449055.91045 2.39139
2449066.81343 7.60156
2449077.71642 11.76905
2449088.61940 7.58636
2449099.52239 1.85610
2449110.42537 9.03172
2449121.32836 14.23327
2449132.23134 5.68047
2449143.13433 1.96185
2449154.03731 11.43565
2449164.94030 13.26486
2449175.84328 3.99617
2449186.74627 1.92478
2449197.64925 11.73750
2449383.00000 6.68101
2449393.90299 0.16855
2449404.80597 5.88560
2449415.70896 11.03453
2449426.61194 3.84551
2449437.51493 0.24517
2449448.41791 8.92910
2449459.32090 11.91783
2449470.22388 3.47863
2449481.12687 0.66567
2449492.02985 9.32824
2449502.93284 11.12175
2449513.83582 2.09045
2449524.73881 1.51387
2449535.64179 10.75746
2449546.54478 11.78421
2449557.44776 1.40165
2449753.70149 9.25080
2449764.60448 5.45812
2449775.50746 1.17983
2449786.41045 8.30161
2449797.31343 12.37023
2449808.21642 3.54029
2449819.11940 2.15670
2449830.02239 10.19139
2449840.92537 12.88476
2449851.82836 2.86239
2449862.73134 3.63579
2449873.63433 10.80311
2449884.53731 10.47644
2449895.44030 2.63952
2449906.34328 4.80967
2449917.24627 14.31409
2449928.14925 10.82276
2450113.50000 4.85025
2450124.40299 13.54695
2450135.30597 12.99248
2450146.20896 6.19537
2450157.11194 4.97721
2450168.01493 13.23797
2450178.91791 14.75666
2450189.82090 6.10716
2450200.72388 6.72957
2450211.62687 14.80009
2450222.52985 15.41005
2450233.43284 5.18523
2450244.33582 9.57803
2450255.23881 16.00619
2450266.14179 13.65308
2450277.04478 6.19158
2450287.94776 10.30846
2450484.20149 10.95916
2450495.10448 9.10396
2450506.00746 19.21159
2450516.91045 19.43367
2450527.81343 9.80142
2450538.71642 11.11213
2450549.61940 21.73419
2450560.52239 16.97535
2450571.42537 9.09336
2450582.32836 11.08920
2450593.23134 24.49062
2450604.13433 18.23831
2450615.03731 8.98039
2450625.94030 14.02214
2450636.84328 21.64472
2450647.74627 16.18976
2450658.64925 10.17629
2450844.00000 25.33197
2450854.90299 21.44525
2450865.80597 12.78386
2450876.70896 12.98399
2450887.61194 20.92311
2450898.51493 19.46914
2450909.41791 12.02167
2450920.32090 18.34003
2450931.22388 21.80173
2450942.12687 20.59834
2450953.02985 11.25066
2450963.93284 18.13643
2450974.83582 24.00442
2450985.73881 19.00330
2450996.64179 15.15695
2451007.54478 15.97846
2451018.44776 21.09658
2451214.70149 21.09844
2451225.60448 23.27083
2451236.50746 16.82502
2451247.41045 13.77044
2451258.31343 17.98780
2451269.21642 20.91105
2451280.11940 15.99070
2451291.02239 9.67239
2451301.92537 18.56168
2451312.82836 24.83882
2451323.73134 14.95934
2451334.63433 11.95833
2451345.53731 20.62366
2451356.44030 25.56475
2451367.34328 16.25235
2451378.24627 12.32867
2451389.14925 22.36205
2451574.50000 17.96620
2451585.40299 11.99639
2451596.30597 14.97417
2451607.20896 24.07693
2451618.11194 13.34006
2451629.01493 11.40190
2451639.91791 16.24879
2451650.82090 23.79583
2451661.72388 15.22797
2451672.62687 8.68652
2451683.52985 20.11275
2451694.43284 20.12055
2451705.33582 13.04332
2451716.23881 9.33480
2451727.14179 17.24304
2451738.04478 20.77693
2451748.94776 13.78778
2451945.20149 19.40492
2451956.10448 11.25366
2451967.00746 6.49837
2451977.91045 13.48051
2451988.81343 21.43353
2451999.71642 9.90999
2452010.61940 7.06041
2452021.52239 15.09619
2452032.42537 15.89769
2452043.32836 6.92309
2452054.23134 6.26056
2452065.13433 15.47035
2452076.03731 14.99353
2452086.94030 7.36756
2452097.84328 7.12986
2452108.74627 13.51341
2452119.64925 14.01723
2452305.00000 2.50711
2452315.90299 11.37189
2452326.80597 14.42006
2452337.70896 4.87487
2452348.61194 3.45358
2452359.51493 11.70879
2452370.41791 10.35858
2452381.32090 5.31427
2452392.22388 3.23719
2452403.12687 13.06620
2452414.02985 13.17404
2452424.93284 3.38204
2452435.83582 4.36248
2452446.73881 10.74391
2452457.64179 10.13356
2452468.54478 2.17161
2452479.44776 3.46653
2452675.70149 3.52881
2452686.60448 1.75841
2452697.50746 12.78573
2452708.41045 10.56456
2452719.31343 2.48733
2452730.21642 2.21874
2452741.11940 11.18525
2452752.02239 9.98358
2452762.92537 1.49480
2452773.82836 3.17812
2452784.73134 10.46651
2452795.63433 8.17072
2452806.53731 0.73920
2452817.44030 3.74969
2452828.34328 12.99189
2452839.24627 8.10395
2452850.14925 0.51302
2453035.50000 11.27340
2453046.40299 10.08419
2453057.30597 3.17917
2453068.20896 3.20630
2453079.11194 10.62452
2453090.01493 10.42914
2453100.91791 2.16768
2453111.82090 4.11167
2453122.72388 13.23964
2453133.62687 7.77464
2453144.52985 1.95220
2453155.43284 5.93941
2453166.33582 12.64228
2453177.23881 9.91427
2453188.14179 2.26078
2453199.04478 6.85252
2453209.94776 12.89260
2453406.20149 6.46699
2453417.10448 13.21317
2453428.00746 9.92788
2453438.91045 5.62756
2453449.81343 7.51927
2453460.71642 16.59184
2453471.61940 10.68209
2453482.52239 5.39345
2453493.42537 8.23784
2453504.32836 18.04535
2453515.23134 12.80813
2453526.13433 5.91884
2453537.03731 9.75452
2453547.94030 18.46826
2453558.84328 12.08621
2453569.74627 6.46772
2453580.64925 13.07810
2453766.00000 14.94873
2453776.90299 9.13311
2453787.80597 10.73046
2453798.70896 23.68600
2453809.61194 14.97718
2453820.51493 9.82389
2453831.41791 14.95005
2453842.32090 20.91185
2453853.22388 13.30048
2453864.12687 8.86130
2453875.02985 18.21886
2453885.93284 21.11650
2453896.83582 12.77600
2453907.73881 8.77541
2453918.64179 18.43437
2453929.54478 20.79241
2453940.44776 10.29970
2454136.70149 22.61850
2454147.60448 16.92546
2454158.50746 12.89830
2454169.41045 18.36028
2454180.31343 22.86397
2454191.21642 20.19395
2454202.11940 10.82248
2454213.02239 18.93536
2454223.92537 20.71804
2454234.82836 17.06384
2454245.73134 12.97536
2454256.63433 18.86983
2454267.53731 17.70885
2454278.44030 15.33936
2454289.34328 15.35053
2454300.24627 19.43583
2454311.14925 21.07157
2454496.50000 12.97865
2454507.40299 21.72982
2454518.30597 22.18251
2454529.20896 15.42294
2454540.11194 13.25328
2454551.01493 18.38979
2454561.91791 18.10228
2454572.82090 14.28072
2454583.72388 15.08663
2454594.62687 20.45253
2454605.52985 21.10579
2454616.43284 16.54672
2454627.33582 11.20721
2454638.23881 25.33836
2454649.14179 21.04267
2454660.04478 12.94604
2454670.94776 15.15875
2454867.20149 14.92047
2454878.10448 8.96746
2454889.00746 20.69574
2454899.91045 22.74724
2454910.81343 16.05860
2454921.71642 12.29298
2454932.61940 17.06021
2454943.52239 17.92620
2454954.42537 11.86697
2454965.32836 11.71406
2454976.23134 20.13714
2454987.13433 18.65728
2454998.03731 9.82336
2455008.94030 11.97654
2455019.84328 21.94706
2455030.74627 18.89634
2455041.64925 9.17507
2455227.00000 14.90262
2455237.90299 17.78767
2455248.80597 9.73312
2455259.70896 7.03081
2455270.61194 18.92238
2455281.51493 16.65840
2455292.41791 6.43529
2455303.32090 7.45492
2455314.22388 16.05134
2455325.12687 14.17015
2455336.02985 5.71127
2455346.93284 8.20201
2455357.83582 15.06078
2455368.73881 11.68091
2455379.64179 6.52364
2455390.54478 9.62925
2455401.44776 16.94087
2455597.70149 5.20357
2455608.60448 13.77884
2455619.50746 11.68259
2455630.41045 3.56993
2455641.31343 5.60446
2455652.21642 12.47103
2455663.11940 11.83561
2455674.02239 3.10825
2455684.92537 5.92387
2455695.82836 13.29631
2455706.73134 9.34328
2455717.63433 2.53673
2455728.53731 8.07591
2455739.44030 12.37207
2455750.34328 7.95117
2455761.24627 1.86386
2455772.14925 8.56324
2455957.50000 9.42974
