2445000.00000 4.82300
2445010.90299 5.26230
2445021.80597 10.98605
2445032.70896 9.08363
2445043.61194 4.95709
2445054.51493 6.37337
2445065.41791 8.58196
2445076.32090 7.74280
2445087.22388 4.91048
2445098.12687 8.70656
2445109.02985 10.32910
2445119.93284 6.82202
2445130.83582 4.77634
2445141.73881 8.91067
2445152.64179 10.99225
2445163.54478 6.25729
2445174.44776 5.76412
2445370.70149 4.96348
2445381.60448 3.52641
2445392.50746 7.51684
2445403.41045 7.49210
2445414.31343 4.50415
2445425.21642 4.97760
2445436.11940 8.15711
2445447.02239 7.89861
2445457.92537 3.88744
2445468.82836 4.61309
2445479.73134 8.79927
2445490.63433 6.28087
2445501.53731 3.38302
2445512.44030 6.47839
2445523.34328 8.15482
2445534.24627 4.99786
2445545.14925 2.95008
2445730.50000 7.96379
2445741.40299 4.93769
2445752.30597 2.17784
2445763.20896 5.73947
2445774.11194 6.38386
2445785.01493 3.72362
2445795.91791 2.08348
2445806.82090 5.77914
2445817.72388 7.10296
2445828.62687 2.76485
2445839.52985 2.33173
2445850.43284 5.78294
2445861.33582 6.75944
2445872.23881 2.11498
2445883.14179 3.81682
2445894.04478 6.70844
2445904.94776 5.64744
2446101.20149 6.95526
2446112.10448 5.59217
2446123.00746 1.55812
2446133.91045 4.71238
2446144.81343 6.52477
2446155.71642 4.42195
2446166.61940 1.79889
2446177.52239 5.45890
2446188.42537 6.48588
2446199.32836 2.75302
2446210.23134 2.00312
2446221.13433 4.60018
2446232.03731 5.38263
2446242.94030 2.70758
2446253.84328 2.63975
2446264.74627 6.82820
2446275.64925 5.13001
2446461.00000 2.64634
2446471.90299 6.89580
2446482.80597 6.64607
2446493.70896 2.11275
2446504.61194 3.74145
2446515.51493 6.79776
2446526.41791 5.26898
2446537.32090 1.99822
2446548.22388 4.32693
2446559.12687 6.88830
2446570.02985 4.72985
2446580.93284 2.00598
2446591.83582 5.70391
2446602.73881 7.88072
2446613.64179 3.69943
2446624.54478 2.49755
2446635.44776 6.46309
2446831.70149 2.94908
2446842.60448 7.83264
2446853.50746 7.22217
2446864.41045 3.51999
2446875.31343 4.08628
2446886.21642 8.66818
2446897.11940 7.66789
2446908.02239 3.33748
2446918.92537 4.05443
2446929.82836 9.02883
2446940.73134 7.93088
2446951.63433 3.06761
2446962.53731 5.73100
2446973.44030 9.40738
2446984.34328 5.52438
2446995.24627 3.31939
2447006.14925 6.19930
2447191.50000 7.16110
2447202.40299 4.80350
2447213.30597 7.93675
2447224.20896 9.88801
2447235.11194 6.60999
2447246.01493 4.21960
2447256.91791 10.09603
2447267.82090 11.02580
2447278.72388 5.83785
2447289.62687 5.79099
2447300.52985 10.28204
2447311.43284 9.49107
2447322.33582 5.53118
2447333.23881 5.82865
2447344.14179 10.40899
2447355.04478 8.83786
2447365.94776 5.38818
2447562.20149 9.86691
2447573.10448 6.22818
2447584.00746 7.89706
2447594.91045 13.71570
2447605.81343 10.33922
2447616.71642 6.53737
2447627.61940 10.76527
2447638.52239 13.01164
2447649.42537 9.09949
2447660.32836 8.24568
2447671.23134 8.57065
2447682.13433 13.10560
2447693.03731 7.36711
2447703.94030 7.31946
2447714.84328 12.30909
2447725.74627 10.91035
2447736.64925 7.43751
2447922.00000 9.70391
2447932.90299 14.37744
2447943.80597 9.70267
2447954.70896 9.02759
2447965.61194 13.87801
2447976.51493 14.01854
2447987.41791 9.00759
2447998.32090 12.90487
2448009.22388 16.77033
2448020.12687 9.74582
2448031.02985 9.08527
2448041.93284 11.22016
2448052.83582 16.20848
2448063.73881 11.45153
2448074.64179 8.24811
2448085.54478 13.53603
2448096.44776 11.68107
2448292.70149 14.02224
2448303.60448 14.64195
2448314.50746 11.34528
2448325.41045 11.16587
2448336.31343 14.89481
2448347.21642 13.86621
2448358.11940 9.56352
2448369.02239 11.75671
2448379.92537 17.84520
2448390.82836 13.79714
2448401.73134 9.73803
2448412.63433 14.88173
2448423.53731 15.04276
2448434.44030 13.56044
2448445.34328 12.01622
2448456.24627 14.90631
2448467.14925 13.76334
2448652.50000 13.06479
2448663.40299 15.82160
2448674.30597 19.97786
2448685.20896 15.05355
2448696.11194 14.19715
2448707.01493 15.43657
2448717.91791 16.51978
2448728.82090 13.39887
2448739.72388 10.22559
2448750.62687 16.11282
2448761.52985 19.33525
2448772.43284 11.99106
2448783.33582 12.43408
2448794.23881 19.16941
2448805.14179 16.21384
2448816.04478 11.35301
2448826.94776 13.81566
2449023.20149 14.22886
2449034.10448 16.14202
2449045.00746 18.22051
2449055.91045 14.33759
2449066.81343 12.03935
2449077.71642 15.05999
2449088.61940 19.55166
2449099.52239 14.67170
2449110.42537 11.66921
2449121.32836 17.62288
2449132.23134 19.75441
2449143.13433 15.17613
2449154.03731 11.59197
2449164.94030 14.79296
2449175.84328 17.94723
2449186.74627 12.52901
2449197.64925 13.82375
2449383.00000 16.03024
2449393.90299 13.95357
2449404.80597 15.85415
2449415.70896 17.26731
2449426.61194 16.16133
2449437.51493 13.44437
2449448.41791 11.68902
2449459.32090 15.62806
2449470.22388 14.65710
2449481.12687 11.06878
2449492.02985 17.25284
2449502.93284 18.24631
2449513.83582 12.05368
2449524.73881 13.65988
2449535.64179 19.12380
2449546.54478 18.13747
2449557.44776 12.56444
2449753.70149 14.99095
2449764.60448 11.35670
2449775.50746 13.41446
2449786.41045 14.01289
2449797.31343 15.76845
2449808.21642 10.39442
2449819.11940 10.81678
2449830.02239 16.02063
2449840.92537 13.29326
2449851.82836 12.31854
2449862.73134 13.01001
2449873.63433 17.52577
2449884.53731 15.33717
2449895.44030 9.47605
2449906.34328 14.69910
2449917.24627 15.41563
2449928.14925 11.20803
2450113.50000 12.40273
2450124.40299 17.63529
2450135.30597 10.81326
2450146.20896 8.22693
2450157.11194 15.61193
2450168.01493 14.09577
2450178.91791 11.85760
2450189.82090 11.15245
2450200.72388 12.57789
2450211.62687 15.96339
2450222.52985 12.49210
2450233.43284 9.90825
2450244.33582 17.28716
2450255.23881 14.09105
2450266.14179 9.30874
2450277.04478 12.50027
2450287.94776 13.30065
2450484.20149 10.07974
2450495.10448 14.82134
2450506.00746 10.41682
2450516.91045 8.06218
2450527.81343 8.58819
2450538.71642 11.02977
2450549.61940 9.86438
2450560.52239 5.67454
2450571.42537 11.54752
2450582.32836 11.52999
2450593.23134 9.50771
2450604.13433 5.33336
2450615.03731 11.77407
2450625.94030 11.78313
2450636.84328 7.31295
2450647.74627 7.69470
2450658.64925 13.00209
2450844.00000 6.01753
2450854.90299 6.05567
2450865.80597 10.05926
2450876.70896 9.30925
2450887.61194 5.58374
2450898.51493 5.76214
2450909.41791 10.91618
2450920.32090 9.53292
2450931.22388 4.27010
2450942.12687 8.46626
2450953.02985 10.35949
2450963.93284 7.55730
2450974.83582 3.88317
2450985.73881 7.59114
2450996.64179 9.20515
2451007.54478 5.16565
2451018.44776 4.41368
2451214.70149 5.35641
2451225.60448 3.52971
2451236.50746 7.05786
2451247.41045 9.44819
2451258.31343 3.19029
2451269.21642 4.07132
2451280.11940 7.49775
2451291.02239 7.79853
2451301.92537 2.69583
2451312.82836 4.28041
2451323.73134 8.68379
2451334.63433 5.96156
2451345.53731 2.49026
2451356.44030 4.64267
2451367.34328 10.31589
2451378.24627 5.46228
2451389.14925 1.74339
2451574.50000 7.74176
2451585.40299 4.18477
2451596.30597 1.00057
2451607.20896 4.03273
2451618.11194 8.31130
2451629.01493 2.86249
2451639.91791 1.26125
2451650.82090 5.76081
2451661.72388 6.75850
2451672.62687 1.42066
2451683.52985 1.85725
2451694.43284 6.99103
2451705.33582 6.82108
2451716.23881 1.30038
2451727.14179 2.45519
2451738.04478 6.42508
2451748.94776 5.34078
2451945.20149 5.67098
2451956.10448 4.94872
2451967.00746 0.24766
2451977.91045 2.65141
2451988.81343 7.43514
2451999.71642 2.94427
2452010.61940 0.09390
2452021.52239 3.49844
2452032.42537 6.89959
2452043.32836 2.45050
2452054.23134 0.31914
2452065.13433 6.17830
2452076.03731 6.26670
2452086.94030 1.36736
2452097.84328 0.76632
2452108.74627 4.95760
2452119.64925 5.52342
2452305.00000 0.93150
2452315.90299 5.90216
2452326.80597 6.11323
2452337.70896 0.79979
2452348.61194 2.07436
2452359.51493 5.90734
2452370.41791 5.54470
2452381.32090 0.33249
2452392.22388 2.92443
2452403.12687 7.60086
2452414.02985 3.79722
2452424.93284 0.29969
2452435.83582 4.26944
2452446.73881 7.31226
2452457.64179 2.55805
2452468.54478 0.56890
2452479.44776 5.22819
2452675.70149 1.21999
2452686.60448 6.55823
2452697.50746 7.72546
2452708.41045 2.57968
2452719.31343 1.83696
2452730.21642 7.49893
2452741.11940 6.49958
2452752.02239 1.99064
2452762.92537 2.99167
2452773.82836 7.91279
2452784.73134 6.79942
2452795.63433 1.50899
2452806.53731 3.37043
2452817.44030 7.80551
2452828.34328 5.46519
2452839.24627 1.70901
2452850.14925 5.93472
2453035.50000 5.79900
2453046.40299 2.94000
2453057.30597 6.59201
2453068.20896 8.52568
2453079.11194 5.11380
2453090.01493 3.69612
2453100.91791 9.05188
2453111.82090 7.83946
2453122.72388 5.25230
2453133.62687 4.11690
2453144.52985 10.43108
2453155.43284 8.57500
2453166.33582 3.80898
2453177.23881 4.68445
2453188.14179 9.36373
2453199.04478 8.06009
2453209.94776 4.53034
2453406.20149 9.39263
2453417.10448 5.53775
2453428.00746 6.82525
2453438.91045 12.99492
2453449.81343 7.40189
2453460.71642 5.36142
2453471.61940 8.59903
2453482.52239 12.93658
2453493.42537 7.74557
2453504.32836 6.03476
2453515.23134 9.79215
2453526.13433 11.36186
2453537.03731 8.54696
2453547.94030 6.72729
2453558.84328 10.50660
2453569.74627 12.86125
2453580.64925 6.84235
2453766.00000 12.31704
2453776.90299 12.18518
2453787.80597 7.84262
2453798.70896 8.89304
2453809.61194 13.70773
2453820.51493 11.40182
2453831.41791 7.67341
2453842.32090 11.15045
2453853.22388 15.60586
2453864.12687 12.93298
2453875.02985 6.72760
2453885.93284 11.76982
2453896.83582 15.13790
2453907.73881 14.24491
2453918.64179 8.66883
2453929.54478 12.36087
2453940.44776 16.60790
2454136.70149 17.41719
2454147.60448 18.52299
2454158.50746 11.91732
2454169.41045 10.96887
2454180.31343 13.97248
2454191.21642 16.37196
2454202.11940 9.81310
2454213.02239 11.04797
2454223.92537 15.60007
2454234.82836 15.43815
2454245.73134 10.77402
2454256.63433 11.90044
2454267.53731 18.44998
2454278.44030 15.56706
2454289.34328 11.77550
2454300.24627 14.39211
2454311.14925 19.13644
2454496.50000 13.88580
2454507.40299 15.54232
2454518.30597 24.00916
2454529.20896 13.93095
2454540.11194 11.87604
2454551.01493 20.48333
2454561.91791 18.46725
2454572.82090 11.13821
2454583.72388 11.75874
2454594.62687 17.93252
2454605.52985 20.18345
2454616.43284 12.30956
2454627.33582 13.59339
2454638.23881 17.16040
2454649.14179 18.32661
2454660.04478 12.46543
2454670.94776 15.30943
2454867.20149 12.78943
2454878.10448 15.52285
2454889.00746 18.34320
2454899.91045 20.99055
2454910.81343 12.40765
2454921.71642 15.45763
2454932.61940 17.40530
2454943.52239 16.96657
2454954.42537 13.01595
2454965.32836 17.56721
2454976.23134 17.56510
2454987.13433 15.21538
2454998.03731 13.76314
2455008.94030 18.48410
2455019.84328 20.06777
2455030.74627 13.25606
2455041.64925 14.09159
2455227.00000 22.18508
2455237.90299 12.66625
2455248.80597 15.72979
2455259.70896 16.69070
2455270.61194 17.50190
2455281.51493 14.46894
2455292.41791 16.12149
2455303.32090 16.62982
2455314.22388 16.92139
2455325.12687 12.74954
2455336.02985 16.87551
2455346.93284 20.61375
2455357.83582 17.98796
2455368.73881 14.14334
2455379.64179 18.02540
2455390.54478 21.70313
2455401.44776 14.56737
2455597.70149 20.35958
2455608.60448 15.34271
2455619.50746 9.86207
2455630.41045 19.07034
2455641.31343 18.35318
2455652.21642 13.08283
2455663.11940 14.06888
2455674.02239 15.69514
2455684.92537 17.68414
2455695.82836 11.61699
2455706.73134 15.34210
2455717.63433 19.14891
2455728.53731 14.97553
2455739.44030 13.22763
2455750.34328 13.15402
2455761.24627 21.45405
2455772.14925 15.46168
2455957.50000 11.65904
