2445000.00000 -0.75151
2445010.90299 -13.19681
2445021.80597 -10.51473
2445032.70896 -4.26378
2445043.61194 -0.96089
2445054.51493 -11.85956
2445065.41791 -16.57318
2445076.32090 -5.63397
2445087.22388 -0.96697
2445098.12687 -11.92531
2445109.02985 -16.97292
2445119.93284 -7.75088
2445130.83582 -0.91483
2445141.73881 -10.81358
2445152.64179 -19.53986
2445163.54478 -8.81807
2445174.44776 -0.85853
2445370.70149 -10.66404
2445381.60448 -11.44094
2445392.50746 0.67946
2445403.41045 1.21406
2445414.31343 -10.93761
2445425.21642 -10.16196
2445436.11940 1.01676
2445447.02239 3.76447
2445457.92537 -7.10174
2445468.82836 -10.49371
2445479.73134 1.29492
2445490.63433 5.11534
2445501.53731 -3.43047
2445512.44030 -8.56716
2445523.34328 1.64337
2445534.24627 8.47029
2445545.14925 -1.32137
2445730.50000 -1.01959
2445741.40299 2.44994
2445752.30597 12.58006
2445763.20896 11.16052
2445774.11194 0.80666
2445785.01493 2.17912
2445795.91791 13.24464
2445806.82090 14.47256
2445817.72388 2.21015
2445828.62687 2.41526
2445839.52985 11.37743
2445850.43284 16.62696
2445861.33582 5.21792
2445872.23881 2.02220
2445883.14179 13.29274
2445894.04478 15.57321
2445904.94776 5.70791
2446101.20149 4.36870
2446112.10448 14.93188
2446123.00746 9.37497
2446133.91045 -1.74470
2446144.81343 1.82337
2446155.71642 12.62541
2446166.61940 10.61776
2446177.52239 -2.57173
2446188.42537 -0.51118
2446199.32836 9.60833
2446210.23134 10.01496
2446221.13433 -3.21782
2446232.03731 -2.91326
2446242.94030 8.54942
2446253.84328 6.83799
2446264.74627 -3.72890
2446275.64925 -5.85506
2446461.00000 -4.97302
2446471.90299 2.64261
2446482.80597 -4.23602
2446493.70896 -13.59473
2446504.61194 -7.71213
2446515.51493 1.07731
2446526.41791 -4.72437
2446537.32090 -14.15118
2446548.22388 -11.13013
2446559.12687 -0.15969
2446570.02985 -4.70469
2446580.93284 -15.85464
2446591.83582 -11.77819
2446602.73881 -1.60843
2446613.64179 -4.10632
2446624.54478 -16.02383
2446635.44776 -15.97521
2446831.70149 0.45702
2446842.60448 -8.75023
2446853.50746 -13.80754
2446864.41045 -5.35406
2446875.31343 1.38248
2446886.21642 -6.60952
2446897.11940 -15.06828
2446908.02239 -7.23950
2446918.92537 2.46893
2446929.82836 -3.64785
2446940.73134 -13.90038
2446951.63433 -6.22733
2446962.53731 3.40138
2446973.44030 -0.65149
2446984.34328 -10.79682
2446995.24627 -6.77747
2447006.14925 4.31387
2447191.50000 13.06413
2447202.40299 1.53673
2447213.30597 -2.98166
2447224.20896 7.18302
2447235.11194 11.52486
2447246.01493 4.00616
2447256.91791 -2.17000
2447267.82090 7.39027
2447278.72388 12.50560
2447289.62687 6.05096
2447300.52985 -1.08810
2447311.43284 6.50547
2447322.33582 15.19637
2447333.23881 9.25208
2447344.14179 -0.10935
2447355.04478 6.23096
2447365.94776 17.77230
2447562.20149 4.39165
2447573.10448 1.12194
2447584.00746 8.83917
2447594.91045 13.07420
2447605.81343 5.30608
2447616.71642 -0.35857
2447627.61940 10.10718
2447638.52239 15.07634
2447649.42537 3.98225
2447660.32836 -1.89019
2447671.23134 7.93526
2447682.13433 12.00495
2447693.03731 4.15174
2447703.94030 -2.79070
2447714.84328 5.12394
2447725.74627 13.55047
2447736.64925 4.69258
2447922.00000 -8.51225
2447932.90299 -7.81133
2447943.80597 1.87669
2447954.70896 2.52303
2447965.61194 -8.26247
2447976.51493 -10.50741
2447987.41791 -0.40307
2447998.32090 2.07245
2448009.22388 -7.47242
2448020.12687 -14.04984
2448031.02985 -2.53716
2448041.93284 0.98519
2448052.83582 -7.33426
2448063.73881 -16.27073
2448074.64179 -4.62807
2448085.54478 0.50521
2448096.44776 -8.81537
2448292.70149 -12.08999
2448303.60448 -1.46605
2448314.50746 -3.15737
2448325.41045 -14.14459
2448336.31343 -13.29700
2448347.21642 -2.31249
2448358.11940 -1.67068
2448369.02239 -11.43784
2448379.92537 -12.50388
2448390.82836 -2.14087
2448401.73134 -0.14183
2448412.63433 -10.05053
2448423.53731 -13.43324
2448434.44030 -2.23306
2448445.34328 1.60614
2448456.24627 -9.11439
2448467.14925 -12.43983
2448652.50000 -1.30482
2448663.40299 9.38678
2448674.30597 6.04467
2448685.20896 -4.52754
2448696.11194 -0.93453
2448707.01493 10.36026
2448717.91791 8.11877
2448728.82090 -2.99086
2448739.72388 -0.60234
2448750.62687 11.83275
2448761.52985 11.15607
2448772.43284 -0.56224
2448783.33582 -0.31311
2448794.23881 12.16351
2448805.14179 13.05739
2448816.04478 1.48751
2448826.94776 -0.01551
2449023.20149 17.42744
2449034.10448 10.49626
2449045.00746 0.89790
2449055.91045 6.49766
2449066.81343 14.42278
2449077.71642 9.71906
2449088.61940 0.75811
2449099.52239 4.86741
2449110.42537 14.67377
2449121.32836 11.12158
2449132.23134 0.69540
2449143.13433 3.20428
2449154.03731 12.90576
2449164.94030 11.38476
2449175.84328 0.62281
2449186.74627 0.85227
2449197.64925 11.78466
2449383.00000 8.53362
2449393.90299 -0.66019
2449404.80597 -7.67813
2449415.70896 -1.27207
2449426.61194 7.68953
2449437.51493 -0.82802
2449448.41791 -11.32810
2449459.32090 -3.79486
2449470.22388 5.00752
2449481.12687 -1.23230
2449492.02985 -11.91329
2449502.93284 -6.49736
2449513.83582 2.80025
2449524.73881 -1.28948
2449535.64179 -11.28011
2449546.54478 -8.73356
2449557.44776 1.05325
2449753.70149 -12.40593
2449764.60448 -16.58471
2449775.50746 -6.95904
2449786.41045 -0.78443
2449797.31343 -8.51958
2449808.21642 -20.16387
2449819.11940 -7.71613
2449830.02239 -0.59228
2449840.92537 -7.22322
2449851.82836 -17.97386
2449862.73134 -8.24946
2449873.63433 -0.11098
2449884.53731 -6.41265
2449895.44030 -14.91221
2449906.34328 -9.07545
2449917.24627 0.28409
2449928.14925 -3.91831
2450113.50000 -5.91615
2450124.40299 -8.17011
2450135.30597 2.44564
2450146.20896 7.12644
2450157.11194 -2.41119
2450168.01493 -5.98496
2450178.91791 2.96217
2450189.82090 8.11767
2450200.72388 -0.04784
2450211.62687 -5.39530
2450222.52985 3.47629
2450233.43284 10.22739
2450244.33582 2.57561
2450255.23881 -4.20804
2450266.14179 3.30076
2450277.04478 10.32284
2450287.94776 6.11904
2450484.20149 2.27821
2450495.10448 11.16909
2450506.00746 13.98783
2450516.91045 3.50759
2450527.81343 2.03897
2450538.71642 11.54630
2450549.61940 12.69757
2450560.52239 5.98914
2450571.42537 1.36162
2450582.32836 10.50187
2450593.23134 13.74020
2450604.13433 5.31829
2450615.03731 0.55901
2450625.94030 9.25903
2450636.84328 15.43206
2450647.74627 7.41931
2450658.64925 -0.16106
2450844.00000 -1.58936
2450854.90299 8.31308
2450865.80597 7.20559
2450876.70896 -3.66324
2450887.61194 -4.11680
2450898.51493 5.36261
2450909.41791 6.60014
2450920.32090 -5.06469
2450931.22388 -6.21377
2450942.12687 3.81623
2450953.02985 5.84650
2450963.93284 -5.04627
2450974.83582 -7.86625
2450985.73881 1.13996
2450996.64179 5.04158
2451007.54478 -5.58217
2451018.44776 -10.52008
2451214.70149 -0.69846
2451225.60448 -5.59223
2451236.50746 -13.55522
2451247.41045 -11.37131
2451258.31343 -1.94121
2451269.21642 -3.82206
2451280.11940 -15.47730
2451291.02239 -13.02618
2451301.92537 -2.31340
2451312.82836 -2.97882
2451323.73134 -13.58202
2451334.63433 -15.64003
2451345.53731 -3.35852
2451356.44030 -2.16910
2451367.34328 -11.47659
2451378.24627 -15.51599
2451389.14925 -4.05752
2451574.50000 3.76180
2451585.40299 -1.53309
2451596.30597 -9.88293
2451607.20896 -4.69732
2451618.11194 4.06417
2451629.01493 0.59418
2451639.91791 -8.27982
2451650.82090 -4.91568
2451661.72388 5.18936
2451672.62687 3.22542
2451683.52985 -6.49817
2451694.43284 -4.46622
2451705.33582 7.67730
2451716.23881 5.59679
2451727.14179 -4.99160
2451738.04478 -4.19248
2451748.94776 6.14145
2451945.20149 6.51030
2451956.10448 -0.31628
2451967.00746 7.22643
2451977.91045 15.43245
2451988.81343 9.15079
2451999.71642 0.41346
2452010.61940 6.28750
2452021.52239 15.36408
2452032.42537 10.33676
2452043.32836 1.00160
2452054.23134 5.19831
2452065.13433 14.96957
2452076.03731 10.46934
2452086.94030 1.51107
2452097.84328 4.73725
2452108.74627 13.51457
2452119.64925 12.29318
2452305.00000 3.25320
2452315.90299 -2.41818
2452326.80597 5.16965
2452337.70896 12.69076
2452348.61194 3.54760
2452359.51493 -3.58885
2452370.41791 2.98559
2452381.32090 9.74158
2452392.22388 2.88832
2452403.12687 -5.34457
2452414.02985 0.56136
2452424.93284 8.27547
2452435.83582 2.62378
2452446.73881 -6.83460
2452457.64179 -2.05317
2452468.54478 7.41995
2452479.44776 2.26756
2452675.70149 -13.96742
2452686.60448 -3.38845
2452697.50746 0.31067
2452708.41045 -9.02728
2452719.31343 -14.18544
2452730.21642 -5.53847
2452741.11940 -0.08186
2452752.02239 -7.96398
2452762.92537 -14.44873
2452773.82836 -7.18435
2452784.73134 -0.45171
2452795.63433 -7.57963
2452806.53731 -17.42817
2452817.44030 -6.80980
2452828.34328 -0.70703
2452839.24627 -6.58493
2452850.14925 -14.65348
2453035.50000 -12.37508
2453046.40299 -1.15629
2453057.30597 0.66451
2453068.20896 -8.77450
2453079.11194 -10.69013
2453090.01493 -1.19254
2453100.91791 2.23201
2453111.82090 -6.87359
2453122.72388 -11.82536
2453133.62687 -0.77695
2453144.52985 3.65437
2453155.43284 -4.03553
2453166.33582 -9.60683
2453177.23881 -0.76997
2453188.14179 4.97847
2453199.04478 -1.68286
2453209.94776 -7.50436
2453406.20149 10.96061
2453417.10448 8.40559
2453428.00746 0.50426
2453438.91045 0.48951
2453449.81343 9.98193
2453460.71642 10.60612
2453471.61940 2.25879
2453482.52239 0.67591
2453493.42537 10.51886
2453504.32836 13.31731
2453515.23134 4.31859
2453526.13433 0.85081
2453537.03731 9.75394
2453547.94030 13.72242
2453558.84328 5.84207
2453569.74627 0.72784
2453580.64925 11.30901
2453766.00000 12.29909
2453776.90299 8.34009
2453787.80597 -0.04685
2453798.70896 1.84098
2453809.61194 11.74331
2453820.51493 9.65964
2453831.41791 -0.28272
2453842.32090 0.00626
2453853.22388 9.51440
2453864.12687 8.48557
2453875.02985 -0.61110
2453885.93284 -2.29986
2453896.83582 7.09166
2453907.73881 10.90760
2453918.64179 -1.09350
2453929.54478 -3.35730
2453940.44776 5.21164
2454136.70149 -1.86973
2454147.60448 -10.62157
2454158.50746 -6.67881
2454169.41045 1.79695
2454180.31343 -2.18356
2454191.21642 -12.42235
2454202.11940 -9.88463
2454213.02239 0.26522
2454223.92537 -2.01208
2454234.82836 -12.74841
2454245.73134 -10.55919
2454256.63433 -1.33429
2454267.53731 -2.34196
2454278.44030 -11.68225
2454289.34328 -11.55006
2454300.24627 -2.40431
2454311.14925 -1.91421
2454496.50000 -7.51834
2454507.40299 -15.00468
2454518.30597 -7.29156
2454529.20896 0.46827
2454540.11194 -5.71615
2454551.01493 -11.32343
2454561.91791 -8.15194
2454572.82090 0.95827
2454583.72388 -2.72694
2454594.62687 -11.78640
2454605.52985 -8.48623
2454616.43284 1.32514
2454627.33582 -0.95064
2454638.23881 -10.93827
2454649.14179 -8.30576
2454660.04478 2.03360
2454670.94776 1.07000
2454867.20149 -4.31313
2454878.10448 3.96585
2454889.00746 9.77863
2454899.91045 3.55969
2454910.81343 -2.89724
2454921.71642 3.91888
2454932.61940 12.04208
2454943.52239 6.44245
2454954.42537 -1.71079
2454965.32836 3.35874
2454976.23134 12.73232
2454987.13433 8.72035
2454998.03731 -0.58176
2455008.94030 3.45054
2455019.84328 12.92802
2455030.74627 9.45363
2455041.64925 0.60220
2455227.00000 1.00226
2455237.90299 10.74247
2455248.80597 15.63485
2455259.70896 5.20696
2455270.61194 0.09142
2455281.51493 6.60010
2455292.41791 12.47812
2455303.32090 4.81335
2455314.22388 -0.80743
2455325.12687 6.90207
2455336.02985 12.42100
2455346.93284 6.42271
2455357.83582 -1.43090
2455368.73881 3.74791
2455379.64179 13.54619
2455390.54478 6.14506
2455401.44776 -2.52050
2455597.70149 2.44479
2455608.60448 4.44266
2455619.50746 -5.61209
2455630.41045 -9.60385
2455641.31343 -0.01093
2455652.21642 3.15532
2455663.11940 -5.50391
2455674.02239 -11.11879
2455684.92537 -2.23425
2455695.82836 2.55801
2455706.73134 -5.93557
2455717.63433 -11.71717
2455728.53731 -4.11920
2455739.44030 1.66977
2455750.34328 -5.50818
2455761.24627 -13.13381
2455772.14925 -6.55284
2455957.50000 -2.61237
