2445000.00000 -3.89811
2445010.90299 15.80206
2445021.80597 9.36126
2445032.70896 -0.67874
2445043.61194 20.94318
2445054.51493 5.44055
2445065.41791 3.39928
2445076.32090 20.60425
2445087.22388 3.59853
2445098.12687 8.87030
2445109.02985 22.12994
2445119.93284 1.94701
2445130.83582 16.69578
2445141.73881 20.08146
2445152.64179 2.46783
2445163.54478 20.51465
2445174.44776 20.49635
2445370.70149 12.57504
2445381.60448 33.10489
2445392.50746 15.86405
2445403.41045 18.38518
2445414.31343 33.43474
2445425.21642 13.31219
2445436.11940 21.08501
2445447.02239 34.43396
2445457.92537 15.65769
2445468.82836 25.80756
2445479.73134 31.76824
2445490.63433 13.30262
2445501.53731 33.13959
2445512.44030 25.86439
2445523.34328 14.89028
2445534.24627 36.78865
2445545.14925 22.99572
2445730.50000 20.47109
2445741.40299 19.36069
2445752.30597 37.51103
2445763.20896 22.98154
2445774.11194 28.09895
2445785.01493 44.44745
2445795.91791 17.48060
2445806.82090 32.60569
2445817.72388 35.85437
2445828.62687 15.40236
2445839.52985 36.26372
2445850.43284 30.15206
2445861.33582 16.59357
2445872.23881 30.12072
2445883.14179 20.84117
2445894.04478 18.13314
2445904.94776 33.76224
2446101.20149 14.25233
2446112.10448 17.97167
2446123.00746 25.80180
2446133.91045 11.64007
2446144.81343 22.60200
2446155.71642 22.57433
2446166.61940 8.17674
2446177.52239 24.96246
2446188.42537 20.56559
2446199.32836 6.93574
2446210.23134 33.79207
2446221.13433 13.91149
2446232.03731 10.16176
2446242.94030 23.60722
2446253.84328 9.68518
2446264.74627 11.65082
2446275.64925 22.32798
2446461.00000 15.66484
2446471.90299 -4.84959
2446482.80597 8.69032
2446493.70896 10.80260
2446504.61194 -6.22366
2446515.51493 10.62833
2446526.41791 5.71096
2446537.32090 -7.59202
2446548.22388 12.03362
2446559.12687 -0.72602
2446570.02985 -7.25714
2446580.93284 11.45269
2446591.83582 -6.80994
2446602.73881 -3.61697
2446613.64179 8.60293
2446624.54478 -11.92659
2446635.44776 -1.55747
2446831.70149 -4.70579
2446842.60448 -21.81728
2446853.50746 -6.17663
2446864.41045 -12.45778
2446875.31343 -25.35858
2446886.21642 -4.36409
2446897.11940 -16.69970
2446908.02239 -22.46491
2446918.92537 -4.50334
2446929.82836 -20.65274
2446940.73134 -19.39885
2446951.63433 -7.93443
2446962.53731 -23.80847
2446973.44030 -15.65898
2446984.34328 -11.09241
2446995.24627 -30.83930
2447006.14925 -12.80858
2447191.50000 -19.84414
2447202.40299 -22.21328
2447213.30597 -32.28337
2447224.20896 -13.82549
2447235.11194 -24.76125
2447246.01493 -25.03645
2447256.91791 -15.39461
2447267.82090 -35.39528
2447278.72388 -28.64640
2447289.62687 -14.83693
2447300.52985 -43.53620
2447311.43284 -25.75347
2447322.33582 -19.19104
2447333.23881 -40.28895
2447344.14179 -22.84631
2447355.04478 -24.02917
2447365.94776 -39.80854
2447562.20149 -18.25309
2447573.10448 -30.55772
2447584.00746 -38.72684
2447594.91045 -14.21870
2447605.81343 -28.35200
2447616.71642 -27.96201
2447627.61940 -16.55139
2447638.52239 -31.15345
2447649.42537 -23.15635
2447660.32836 -17.15532
2447671.23134 -32.66740
2447682.13433 -22.34748
2447693.03731 -18.56907
2447703.94030 -33.44661
2447714.84328 -17.06752
2447725.74627 -19.62935
2447736.64925 -31.46093
2447922.00000 -24.04497
2447932.90299 -6.85310
2447943.80597 -21.89657
2447954.70896 -16.59894
2447965.61194 -5.68388
2447976.51493 -24.57054
2447987.41791 -12.53030
2447998.32090 -6.39640
2448009.22388 -24.63929
2448020.12687 -8.70021
2448031.02985 -9.03451
2448041.93284 -23.68254
2448052.83582 -3.29955
2448063.73881 -11.99000
2448074.64179 -16.22173
2448085.54478 -0.28476
2448096.44776 -13.15513
2448292.70149 -3.77694
2448303.60448 8.45612
2448314.50746 -8.69694
2448325.41045 1.93805
2448336.31343 10.09424
2448347.21642 -8.81506
2448358.11940 6.56599
2448369.02239 6.41508
2448379.92537 -7.33328
2448390.82836 11.81916
2448401.73134 3.76604
2448412.63433 -3.27867
2448423.53731 15.42400
2448434.44030 1.07302
2448445.34328 1.22952
2448456.24627 17.04693
2448467.14925 -0.83577
2448652.50000 5.97481
2448663.40299 16.55494
2448674.30597 23.82079
2448685.20896 4.44099
2448696.11194 23.24917
2448707.01493 22.56746
2448717.91791 6.83086
2448728.82090 25.39044
2448739.72388 17.12639
2448750.62687 9.74945
2448761.52985 28.48561
2448772.43284 12.59171
2448783.33582 14.40435
2448794.23881 23.39103
2448805.14179 10.26635
2448816.04478 19.86078
2448826.94776 33.28938
2449023.20149 11.91057
2449034.10448 23.23028
2449045.00746 28.23216
2449055.91045 13.94767
2449066.81343 29.23660
2449077.71642 23.19710
2449088.61940 19.12012
2449099.52239 35.49560
2449110.42537 20.86381
2449121.32836 21.65981
2449132.23134 34.14557
2449143.13433 20.75840
2449154.03731 25.87064
2449164.94030 31.88767
2449175.84328 15.22881
2449186.74627 23.75184
2449197.64925 31.97824
2449383.00000 30.54573
2449393.90299 14.69639
2449404.80597 33.03117
2449415.70896 21.22474
2449426.61194 13.39139
2449437.51493 29.59317
2449448.41791 14.94081
2449459.32090 19.47851
2449470.22388 23.16447
2449481.12687 11.60157
2449492.02985 20.32275
2449502.93284 30.82961
2449513.83582 9.97761
2449524.73881 21.21337
2449535.64179 25.50643
2449546.54478 10.33860
2449557.44776 25.21948
2449753.70149 9.62062
2449764.60448 4.70423
2449775.50746 19.59528
2449786.41045 6.91614
2449797.31343 5.90015
2449808.21642 19.54303
2449819.11940 2.21952
2449830.02239 11.00748
2449840.92537 16.81994
2449851.82836 -1.16006
2449862.73134 11.70032
2449873.63433 11.99156
2449884.53731 -2.85641
2449895.44030 16.09138
2449906.34328 7.29070
2449917.24627 -2.53836
2449928.14925 10.83525
2450113.50000 6.22803
2450124.40299 -9.67859
2450135.30597 -8.92137
2450146.20896 4.31142
2450157.11194 -13.40557
2450168.01493 -5.94452
2450178.91791 2.21349
2450189.82090 -16.79575
2450200.72388 -2.84716
2450211.62687 -2.24704
2450222.52985 -18.39888
2450233.43284 -1.04623
2450244.33582 -6.82298
2450255.23881 -16.80914
2450266.14179 -0.41681
2450277.04478 -11.61641
2450287.94776 -18.85147
2450484.20149 -8.31210
2450495.10448 -26.00605
2450506.00746 -16.91673
2450516.91045 -10.82815
2450527.81343 -31.96930
2450538.71642 -15.76378
2450549.61940 -15.04064
2450560.52239 -26.95763
2450571.42537 -12.46435
2450582.32836 -21.88657
2450593.23134 -31.14002
2450604.13433 -10.45340
2450615.03731 -20.27287
2450625.94030 -27.69721
2450636.84328 -11.32506
2450647.74627 -27.74558
2450658.64925 -24.62530
2450844.00000 -20.11315
2450854.90299 -15.23530
2450865.80597 -34.11244
2450876.70896 -18.86809
2450887.61194 -15.75968
2450898.51493 -32.36498
2450909.41791 -16.81671
2450920.32090 -23.86992
2450931.22388 -34.97675
2450942.12687 -14.08916
2450953.02985 -31.37199
2450963.93284 -29.76450
2450974.83582 -16.67171
2450985.73881 -30.55310
2450996.64179 -26.53658
2451007.54478 -14.81821
2451018.44776 -37.32596
2451214.70149 -15.18559
2451225.60448 -13.60601
2451236.50746 -31.35264
2451247.41045 -10.44266
2451258.31343 -19.44558
2451269.21642 -27.22050
2451280.11940 -8.01254
2451291.02239 -21.36013
2451301.92537 -23.85544
2451312.82836 -8.04451
2451323.73134 -20.34182
2451334.63433 -17.36961
2451345.53731 -8.02915
2451356.44030 -24.57411
2451367.34328 -12.72845
2451378.24627 -8.32223
2451389.14925 -27.43396
2451574.50000 -18.08161
2451585.40299 -0.73227
2451596.30597 -7.86219
2451607.20896 -14.35896
2451618.11194 1.97278
2451629.01493 -7.36163
2451639.91791 -11.00869
2451650.82090 4.24002
2451661.72388 -11.31415
2451672.62687 -5.68324
2451683.52985 4.68390
2451694.43284 -11.28824
2451705.33582 -0.55910
2451716.23881 3.01654
2451727.14179 -10.37291
2451738.04478 4.53314
2451748.94776 1.23194
2451945.20149 -0.66520
2451956.10448 15.64774
2451967.00746 4.73450
2451977.91045 4.04279
2451988.81343 17.67068
2451999.71642 2.93929
2452010.61940 6.87351
2452021.52239 17.94283
2452032.42537 1.81362
2452043.32836 13.25785
2452054.23134 17.24456
2452065.13433 2.03329
2452076.03731 16.72145
2452086.94030 13.14126
2452097.84328 4.06198
2452108.74627 20.85056
2452119.64925 12.01489
2452305.00000 17.40932
2452315.90299 13.01707
2452326.80597 27.70417
2452337.70896 11.59284
2452348.61194 18.12292
2452359.51493 29.13603
2452370.41791 10.89794
2452381.32090 20.98024
2452392.22388 27.75000
2452403.12687 10.97621
2452414.02985 28.01123
2452424.93284 26.13117
2452435.83582 11.59340
2452446.73881 28.90935
2452457.64179 21.33517
2452468.54478 14.57978
2452479.44776 33.77538
2452675.70149 17.32558
2452686.60448 21.00593
2452697.50746 28.40513
2452708.41045 12.78630
2452719.31343 23.08644
2452730.21642 24.53276
2452741.11940 10.79057
2452752.02239 27.93840
2452762.92537 24.47772
2452773.82836 13.10628
2452784.73134 33.43137
2452795.63433 19.22047
2452806.53731 14.78397
2452817.44030 29.37398
2452828.34328 16.28311
2452839.24627 18.01647
2452850.14925 27.80718
2453035.50000 25.74450
2453046.40299 7.99518
2453057.30597 21.03675
2453068.20896 23.16412
2453079.11194 6.19828
2453090.01493 19.08001
2453100.91791 18.62974
2453111.82090 7.16761
2453122.72388 25.29512
2453133.62687 11.51531
2453144.52985 6.44040
2453155.43284 21.69563
2453166.33582 7.63665
2453177.23881 9.94516
2453188.14179 19.15272
2453199.04478 4.29163
2453209.94776 13.12771
2453406.20149 9.47753
2453417.10448 -5.18561
2453428.00746 7.84008
2453438.91045 3.68392
2453449.81343 -5.65307
2453460.71642 9.82136
2453471.61940 -0.55412
2453482.52239 -4.61499
2453493.42537 8.93993
2453504.32836 -4.56285
2453515.23134 -2.93108
2453526.13433 7.63335
2453537.03731 -7.95855
2453547.94030 -0.88207
2453558.84328 4.35924
2453569.74627 -11.82859
2453580.64925 1.03373
2453766.00000 -4.59712
2453776.90299 -8.06294
2453787.80597 -17.85540
2453798.70896 -2.89790
2453809.61194 -11.72572
2453820.51493 -17.59370
2453831.41791 -2.84926
2453842.32090 -16.68666
2453853.22388 -13.85766
2453864.12687 -5.11344
2453875.02985 -22.19181
2453885.93284 -11.74687
2453896.83582 -8.00652
2453907.73881 -22.05601
2453918.64179 -9.29388
2453929.54478 -11.76391
2453940.44776 -22.11898
2454136.70149 -10.37246
2454147.60448 -19.55920
2454158.50746 -20.68731
2454169.41045 -10.45650
2454180.31343 -26.49680
2454191.21642 -21.89762
2454202.11940 -13.32662
2454213.02239 -28.36064
2454223.92537 -19.43882
2454234.82836 -13.65962
2454245.73134 -25.93281
2454256.63433 -16.94827
2454267.53731 -17.46696
2454278.44030 -33.52895
2454289.34328 -13.22239
2454300.24627 -21.80839
2454311.14925 -22.20230
2454496.50000 -21.07629
2454507.40299 -10.37272
2454518.30597 -20.81343
2454529.20896 -20.46305
2454540.11194 -12.52031
2454551.01493 -28.45696
2454561.91791 -14.74777
2454572.82090 -14.31380
2454583.72388 -29.06774
2454594.62687 -14.64134
2454605.52985 -12.93251
2454616.43284 -25.14625
2454627.33582 -12.21157
2454638.23881 -18.86992
2454649.14179 -24.24527
2454660.04478 -10.18612
2454670.94776 -20.22753
2454867.20149 -13.61266
2454878.10448 -3.90514
2454889.00746 -17.68286
2454899.91045 -10.92352
2454910.81343 -5.10485
2454921.71642 -14.94396
2454932.61940 -6.52001
2454943.52239 -7.52837
2454954.42537 -16.95855
2454965.32836 -2.44328
2454976.23134 -9.18104
2454987.13433 -15.62873
2454998.03731 -0.35217
2455008.94030 -11.88734
2455019.84328 -11.21186
2455030.74627 0.72827
2455041.64925 -11.62978
2455227.00000 -6.68995
2455237.90299 1.44620
2455248.80597 5.03601
2455259.70896 -7.23364
2455270.61194 6.12510
2455281.51493 4.73917
2455292.41791 -3.96974
2455303.32090 8.06454
2455314.22388 2.60616
2455325.12687 -2.53912
2455336.02985 10.08609
2455346.93284 0.53753
2455357.83582 0.91298
2455368.73881 13.50001
2455379.64179 -0.85414
2455390.54478 5.23768
2455401.44776 11.25688
2455597.70149 4.54657
2455608.60448 17.51200
2455619.50746 13.75199
2455630.41045 5.99278
2455641.31343 16.54134
2455652.21642 12.58216
2455663.11940 5.86601
2455674.02239 18.72525
2455684.92537 10.20738
2455695.82836 11.93630
2455706.73134 20.25541
2455717.63433 7.70082
2455728.53731 14.77883
2455739.44030 18.68122
2455750.34328 9.98137
2455761.24627 20.67485
2455772.14925 16.63749
2455957.50000 20.76908
