2445000.00000 28.77618
2445010.90299 29.32853
2445021.80597 41.19572
2445032.70896 35.94904
2445043.61194 36.77118
2445054.51493 31.71997
2445065.41791 27.09025
2445076.32090 20.22197
2445087.22388 26.80426
2445098.12687 37.11218
2445109.02985 36.17345
2445119.93284 37.97411
2445130.83582 26.71879
2445141.73881 23.82613
2445152.64179 22.91854
2445163.54478 26.99027
2445174.44776 35.37780
2445370.70149 18.23417
2445381.60448 25.57593
2445392.50746 32.05636
2445403.41045 27.86577
2445414.31343 29.23548
2445425.21642 17.47469
2445436.11940 15.25070
2445447.02239 18.32972
2445457.92537 24.03361
2445468.82836 21.85679
2445479.73134 29.26928
2445490.63433 24.66199
2445501.53731 12.25519
2445512.44030 13.32184
2445523.34328 17.28947
2445534.24627 20.49621
2445545.14925 25.48481
2445730.50000 5.45156
2445741.40299 5.65088
2445752.30597 14.48046
2445763.20896 21.46976
2445774.11194 20.41188
2445785.01493 12.35846
2445795.91791 5.49172
2445806.82090 2.94988
2445817.72388 8.98014
2445828.62687 13.03456
2445839.52985 17.66005
2445850.43284 15.31105
2445861.33582 9.37117
2445872.23881 3.35337
2445883.14179 3.06178
2445894.04478 9.69380
2445904.94776 15.12287
2446101.20149 3.20129
2446112.10448 7.95913
2446123.00746 14.19290
2446133.91045 17.79507
2446144.81343 12.54514
2446155.71642 9.67105
2446166.61940 4.77057
2446177.52239 6.37816
2446188.42537 12.41807
2446199.32836 16.89988
2446210.23134 21.89044
2446221.13433 16.03498
2446232.03731 10.45812
2446242.94030 5.47188
2446253.84328 9.93147
2446264.74627 14.72602
2446275.64925 21.36018
2446461.00000 9.46254
2446471.90299 10.88229
2446482.80597 20.30720
2446493.70896 24.56308
2446504.61194 26.81279
2446515.51493 27.35524
2446526.41791 17.46373
2446537.32090 11.94333
2446548.22388 17.63415
2446559.12687 21.81247
2446570.02985 28.56682
2446580.93284 27.76368
2446591.83582 30.26237
2446602.73881 18.76290
2446613.64179 20.02673
2446624.54478 22.74365
2446635.44776 32.76014
2446831.70149 25.30799
2446842.60448 26.67791
2446853.50746 33.33295
2446864.41045 35.78478
2446875.31343 38.63501
2446886.21642 29.48220
2446897.11940 23.44514
2446908.02239 25.49160
2446918.92537 31.85124
2446929.82836 35.14183
2446940.73134 36.64637
2446951.63433 32.34057
2446962.53731 29.62820
2446973.44030 29.63694
2446984.34328 22.63831
2446995.24627 36.96083
2447006.14925 37.87255
2447191.50000 24.09261
2447202.40299 20.37590
2447213.30597 28.67961
2447224.20896 33.46862
2447235.11194 41.66598
2447246.01493 29.41960
2447256.91791 26.25801
2447267.82090 22.94287
2447278.72388 22.69811
2447289.62687 29.59504
2447300.52985 31.16069
2447311.43284 33.71236
2447322.33582 34.33986
2447333.23881 26.24464
2447344.14179 21.05572
2447355.04478 21.71961
2447365.94776 25.96599
2447562.20149 12.79597
2447573.10448 13.62897
2447584.00746 19.19695
2447594.91045 23.50706
2447605.81343 28.46968
2447616.71642 20.28020
2447627.61940 11.84282
2447638.52239 9.43700
2447649.42537 11.15759
2447660.32836 19.22982
2447671.23134 21.55539
2447682.13433 21.88883
2447693.03731 15.08583
2447703.94030 8.97506
2447714.84328 6.85056
2447725.74627 12.67891
2447736.64925 19.18331
2447922.00000 7.04080
2447932.90299 2.94877
2447943.80597 5.46647
2447954.70896 10.11448
2447965.61194 14.11803
2447976.51493 16.93263
2447987.41791 10.75177
2447998.32090 4.00444
2448009.22388 2.42119
2448020.12687 7.07697
2448031.02985 14.51381
2448041.93284 17.09638
2448052.83582 13.59046
2448063.73881 8.16585
2448074.64179 2.51379
2448085.54478 3.95196
2448096.44776 8.28158
2448292.70149 7.70890
2448303.60448 7.58948
2448314.50746 13.26495
2448325.41045 22.38364
2448336.31343 22.59447
2448347.21642 18.89970
2448358.11940 11.29398
2448369.02239 9.08661
2448379.92537 10.25417
2448390.82836 17.22350
2448401.73134 22.67425
2448412.63433 23.92547
2448423.53731 19.59850
2448434.44030 15.07910
2448445.34328 9.86598
2448456.24627 14.11864
2448467.14925 17.33961
2448652.50000 23.13779
2448663.40299 23.18060
2448674.30597 20.62083
2448685.20896 26.32036
2448696.11194 29.09049
2448707.01493 33.14897
2448717.91791 28.08623
2448728.82090 22.79438
2448739.72388 17.43567
2448750.62687 25.66545
2448761.52985 32.68224
2448772.43284 35.06703
2448783.33582 34.49894
2448794.23881 22.91132
2448805.14179 22.90642
2448816.04478 24.81713
2448826.94776 22.77712
2449023.20149 27.69474
2449034.10448 27.13456
2449045.00746 25.85788
2449055.91045 32.27131
2449066.81343 41.33178
2449077.71642 33.86236
2449088.61940 34.94689
2449099.52239 29.28707
2449110.42537 22.80760
2449121.32836 28.75807
2449132.23134 29.64860
2449143.13433 39.33757
2449154.03731 40.48612
2449164.94030 28.07607
2449175.84328 22.66362
2449186.74627 21.52352
2449197.64925 27.54837
2449383.00000 24.19402
2449393.90299 21.81551
2449404.80597 17.86308
2449415.70896 23.52609
2449426.61194 27.47542
2449437.51493 32.32940
2449448.41791 28.69527
2449459.32090 19.78834
2449470.22388 13.33238
2449481.12687 16.74722
2449492.02985 21.58105
2449502.93284 25.74765
2449513.83582 26.97206
2449524.73881 19.74528
2449535.64179 15.47322
2449546.54478 15.66417
2449557.44776 16.21420
2449753.70149 10.87227
2449764.60448 7.20847
2449775.50746 7.20561
2449786.41045 13.77224
2449797.31343 19.30854
2449808.21642 19.37354
2449819.11940 15.32191
2449830.02239 8.56577
2449840.92537 4.50630
2449851.82836 6.46438
2449862.73134 14.49893
2449873.63433 21.53156
2449884.53731 15.46066
2449895.44030 11.51091
2449906.34328 5.43331
2449917.24627 3.83836
2449928.14925 8.15221
2450113.50000 10.01058
2450124.40299 5.79183
2450135.30597 2.52296
2450146.20896 7.24888
2450157.11194 13.77209
2450168.01493 20.17333
2450178.91791 11.01820
2450189.82090 9.83443
2450200.72388 5.30131
2450211.62687 3.36224
2450222.52985 8.93425
2450233.43284 12.72483
2450244.33582 18.52399
2450255.23881 17.74343
2450266.14179 9.26617
2450277.04478 4.67592
2450287.94776 6.03309
2450484.20149 17.63771
2450495.10448 14.17161
2450506.00746 12.32643
2450516.91045 15.22937
2450527.81343 23.96138
2450538.71642 33.11723
2450549.61940 24.82020
2450560.52239 15.39183
2450571.42537 13.49235
2450582.32836 13.59374
2450593.23134 22.43306
2450604.13433 26.29633
2450615.03731 28.49448
2450625.94030 27.97256
2450636.84328 21.83636
2450647.74627 16.43339
2450658.64925 16.70783
2450844.00000 32.89823
2450854.90299 28.42817
2450865.80597 19.84996
2450876.70896 27.02155
2450887.61194 33.58471
2450898.51493 31.66590
2450909.41791 34.09034
2450920.32090 32.63452
2450931.22388 24.94728
2450942.12687 24.16893
2450953.02985 22.49732
2450963.93284 33.66647
2450974.83582 40.30271
2450985.73881 43.02685
2450996.64179 26.27202
2451007.54478 26.60479
2451018.44776 23.29916
2451214.70149 34.14665
2451225.60448 25.46189
2451236.50746 25.66327
2451247.41045 29.84665
2451258.31343 29.38037
2451269.21642 39.63680
2451280.11940 36.87774
2451291.02239 26.35085
2451301.92537 22.11687
2451312.82836 24.29216
2451323.73134 28.26645
2451334.63433 32.86627
2451345.53731 38.93612
2451356.44030 31.70642
2451367.34328 23.47223
2451378.24627 19.84683
2451389.14925 21.07594
2451574.50000 29.75578
2451585.40299 23.78028
2451596.30597 16.34410
2451607.20896 13.29502
2451618.11194 17.85801
2451629.01493 22.13338
2451639.91791 26.65099
2451650.82090 24.53822
2451661.72388 13.72398
2451672.62687 8.38104
2451683.52985 11.51440
2451694.43284 15.64146
2451705.33582 23.98592
2451716.23881 22.86948
2451727.14179 17.86528
2451738.04478 11.80789
2451748.94776 8.49101
2451945.20149 13.24842
2451956.10448 8.42131
2451967.00746 2.64459
2451977.91045 3.59929
2451988.81343 9.53348
2451999.71642 16.87592
2452010.61940 15.10468
2452021.52239 12.32092
2452032.42537 3.84630
2452043.32836 1.71045
2452054.23134 4.41084
2452065.13433 10.75955
2452076.03731 17.15926
2452086.94030 15.89291
2452097.84328 8.94234
2452108.74627 2.66996
2452119.64925 2.12591
2452305.00000 20.06575
2452315.90299 13.11529
2452326.80597 7.59340
2452337.70896 4.55882
2452348.61194 8.70592
2452359.51493 19.47770
2452370.41791 23.52816
2452381.32090 20.72078
2452392.22388 11.89461
2452403.12687 8.26556
2452414.02985 7.02058
2452424.93284 12.53784
2452435.83582 22.66662
2452446.73881 22.07903
2452457.64179 23.76931
2452468.54478 13.66044
2452479.44776 9.11310
2452675.70149 32.81185
2452686.60448 26.39381
2452697.50746 16.29805
2452708.41045 18.95559
2452719.31343 20.94369
2452730.21642 30.34921
2452741.11940 38.69855
2452752.02239 31.39448
2452762.92537 22.78444
2452773.82836 18.35147
2452784.73134 23.72693
2452795.63433 28.89318
2452806.53731 35.08887
2452817.44030 43.48478
2452828.34328 23.46695
2452839.24627 21.17603
2452850.14925 21.46035
2453035.50000 44.80184
2453046.40299 40.27223
2453057.30597 30.99782
2453068.20896 26.62387
2453079.11194 22.15192
2453090.01493 34.29659
2453100.91791 40.16470
2453111.82090 39.27052
2453122.72388 34.86777
2453133.62687 27.05595
2453144.52985 28.24553
2453155.43284 32.59495
2453166.33582 34.23857
2453177.23881 42.52316
2453188.14179 43.37870
2453199.04478 32.36133
2453209.94776 24.49312
2453406.20149 33.69296
2453417.10448 30.59611
2453428.00746 21.37546
2453438.91045 22.15375
2453449.81343 24.28320
2453460.71642 26.66123
2453471.61940 31.52941
2453482.52239 32.00735
2453493.42537 20.18839
2453504.32836 18.15283
2453515.23134 18.51526
2453526.13433 22.33765
2453537.03731 26.67993
2453547.94030 32.70509
2453558.84328 24.30048
2453569.74627 21.17814
2453580.64925 17.14232
2453766.00000 18.29418
2453776.90299 23.23361
2453787.80597 14.92061
2453798.70896 8.57974
2453809.61194 8.06021
2453820.51493 13.52540
2453831.41791 19.49076
2453842.32090 24.38438
2453853.22388 19.62074
2453864.12687 9.56182
2453875.02985 4.62963
2453885.93284 5.49506
2453896.83582 11.94851
2453907.73881 20.36171
2453918.64179 17.15342
2453929.54478 13.20004
2453940.44776 6.53881
2454136.70149 15.13342
2454147.60448 11.09939
2454158.50746 4.21873
2454169.41045 0.16012
2454180.31343 2.45307
2454191.21642 9.40591
2454202.11940 17.62625
2454213.02239 16.19864
2454223.92537 11.73812
2454234.82836 2.97437
2454245.73134 0.78166
2454256.63433 5.25031
2454267.53731 12.94507
2454278.44030 17.74586
2454289.34328 15.67829
2454300.24627 8.88261
2454311.14925 3.28453
2454496.50000 25.61031
2454507.40299 25.02562
2454518.30597 14.29230
2454529.20896 10.61706
2454540.11194 8.93906
2454551.01493 15.14592
2454561.91791 24.31505
2454572.82090 27.63194
2454583.72388 23.60558
2454594.62687 19.66799
2454605.52985 13.09468
2454616.43284 12.90233
2454627.33582 15.40876
2454638.23881 28.05542
2454649.14179 26.28320
2454660.04478 27.08367
2454670.94776 20.20331
2454867.20149 32.37688
2454878.10448 38.93251
2454889.00746 32.73487
2454899.91045 25.62883
2454910.81343 22.28256
2454921.71642 31.25642
2454932.61940 30.76875
2454943.52239 42.63286
2454954.42537 39.99861
2454965.32836 27.32764
2454976.23134 26.82748
2454987.13433 26.00948
2454998.03731 35.73734
2455008.94030 40.18240
2455019.84328 41.30085
2455030.74627 38.23825
2455041.64925 25.79711
2455227.00000 35.61897
2455237.90299 48.35618
2455248.80597 38.44730
2455259.70896 30.65431
2455270.61194 20.37520
2455281.51493 33.50482
2455292.41791 32.38405
2455303.32090 41.08490
2455314.22388 42.68870
2455325.12687 36.70617
2455336.02985 26.38627
2455346.93284 20.82894
2455357.83582 27.60344
2455368.73881 38.16943
2455379.64179 45.46709
2455390.54478 37.38173
2455401.44776 29.90558
2455597.70149 37.41923
2455608.60448 32.96057
2455619.50746 27.44077
2455630.41045 15.93433
2455641.31343 13.95699
2455652.21642 17.95271
2455663.11940 25.95536
2455674.02239 33.24229
2455684.92537 28.56007
2455695.82836 19.13317
2455706.73134 12.87150
2455717.63433 12.73035
2455728.53731 18.52158
2455739.44030 22.47588
2455750.34328 24.29773
2455761.24627 20.64139
2455772.14925 12.11673
2455957.50000 17.23844
