2445000.00000 -4.05609
2445010.90299 1.30846
2445021.80597 1.62260
2445032.70896 -2.49443
2445043.61194 -6.10639
2445054.51493 -6.45197
2445065.41791 -0.89865
2445076.32090 3.10884
2445087.22388 1.01637
2445098.12687 -4.55707
2445109.02985 -7.88684
2445119.93284 -4.03141
2445130.83582 1.80109
2445141.73881 2.81420
2445152.64179 -0.56375
2445163.54478 -5.64937
2445174.44776 -4.65193
2445370.70149 2.42192
2445381.60448 5.06233
2445392.50746 3.30928
2445403.41045 -1.39342
2445414.31343 -3.69995
2445425.21642 -0.16212
2445436.11940 5.64971
2445447.02239 6.35606
2445457.92537 2.53295
2445468.82836 -2.20417
2445479.73134 -2.14386
2445490.63433 2.64610
2445501.53731 6.36668
2445512.44030 5.45607
2445523.34328 0.48919
2445534.24627 -2.23553
2445545.14925 0.12387
2445730.50000 2.46925
2445741.40299 7.42267
2445752.30597 8.20689
2445763.20896 4.10622
2445774.11194 0.00282
2445785.01493 0.59420
2445795.91791 5.72307
2445806.82090 8.61366
2445817.72388 7.59425
2445828.62687 2.54147
2445839.52985 -0.08727
2445850.43284 2.45366
2445861.33582 7.45173
2445872.23881 9.54700
2445883.14179 5.85315
2445894.04478 0.99858
2445904.94776 0.63468
2446101.20149 6.10346
2446112.10448 8.98749
2446123.00746 8.18331
2446133.91045 2.61921
2446144.81343 1.14116
2446155.71642 3.67946
2446166.61940 9.48260
2446177.52239 6.76278
2446188.42537 5.95810
2446199.32836 1.90599
2446210.23134 1.59086
2446221.13433 5.41456
2446232.03731 10.18192
2446242.94030 9.51977
2446253.84328 3.50029
2446264.74627 1.10590
2446275.64925 2.86015
2446461.00000 4.07320
2446471.90299 8.50545
2446482.80597 10.32462
2446493.70896 5.71758
2446504.61194 0.92412
2446515.51493 1.43058
2446526.41791 5.43816
2446537.32090 10.64146
2446548.22388 7.45049
2446559.12687 3.09296
2446570.02985 0.15731
2446580.93284 2.31393
2446591.83582 7.80562
2446602.73881 10.21043
2446613.64179 5.60788
2446624.54478 0.84964
2446635.44776 0.24120
2446831.70149 4.17704
2446842.60448 6.01446
2446853.50746 5.67765
2446864.41045 0.66436
2446875.31343 -1.73949
2446886.21642 0.72117
2446897.11940 4.88447
2446908.02239 8.13797
2446918.92537 3.18536
2446929.82836 -1.72658
2446940.73134 -2.01676
2446951.63433 2.37142
2446962.53731 6.71370
2446973.44030 5.77247
2446984.34328 0.48781
2446995.24627 -2.75456
2447006.14925 -1.00838
2447191.50000 -1.53428
2447202.40299 3.23392
2447213.30597 3.57240
2447224.20896 0.00960
2447235.11194 -4.81766
2447246.01493 -3.80474
2447256.91791 -0.16903
2447267.82090 3.98921
2447278.72388 1.93289
2447289.62687 -2.37109
2447300.52985 -5.33606
2447311.43284 -3.34726
2447322.33582 1.05162
2447333.23881 2.73548
2447344.14179 -0.22145
2447355.04478 -4.55624
2447365.94776 -6.43082
2447562.20149 -2.61477
2447573.10448 1.00842
2447584.00746 -0.66302
2447594.91045 -6.16243
2447605.81343 -9.83954
2447616.71642 -6.09619
2447627.61940 -0.82052
2447638.52239 0.57207
2447649.42537 -2.98288
2447660.32836 -5.96277
2447671.23134 -7.18515
2447682.13433 -3.26262
2447693.03731 -0.12857
2447703.94030 -0.82559
2447714.84328 -5.54434
2447725.74627 -8.94229
2447736.64925 -6.06780
2447922.00000 -7.05898
2447932.90299 -1.78419
2447943.80597 -1.10466
2447954.70896 -5.01676
2447965.61194 -9.22064
2447976.51493 -9.78939
2447987.41791 -4.47960
2447998.32090 -1.22100
2448009.22388 -2.29469
2448020.12687 -6.27823
2448031.02985 -9.30691
2448041.93284 -7.07603
2448052.83582 -2.94001
2448063.73881 -1.10585
2448074.64179 -4.15744
2448085.54478 -8.20447
2448096.44776 -11.34946
2448292.70149 -4.52697
2448303.60448 -0.99913
2448314.50746 -2.23578
2448325.41045 -7.31110
2448336.31343 -7.63753
2448347.21642 -7.21216
2448358.11940 -2.59383
2448369.02239 -0.52633
2448379.92537 -3.22200
2448390.82836 -7.22095
2448401.73134 -9.25311
2448412.63433 -4.39642
2448423.53731 -0.85852
2448434.44030 -1.39737
2448445.34328 -4.89638
2448456.24627 -9.09198
2448467.14925 -6.93763
2448652.50000 -5.19859
2448663.40299 -0.59362
2448674.30597 0.90617
2448685.20896 -2.34345
2448696.11194 -6.86270
2448707.01493 -7.42739
2448717.91791 -2.84291
2448728.82090 1.24737
2448739.72388 0.55907
2448750.62687 -4.27564
2448761.52985 -6.30750
2448772.43284 -5.23956
2448783.33582 -0.37096
2448794.23881 1.66935
2448805.14179 -0.73621
2448816.04478 -5.10210
2448826.94776 -5.54945
2449023.20149 0.10408
2449034.10448 3.20741
2449045.00746 3.01657
2449055.91045 -1.41291
2449066.81343 -3.62368
2449077.71642 -2.14629
2449088.61940 2.68016
2449099.52239 4.14274
2449110.42537 2.02986
2449121.32836 -2.88725
2449132.23134 -3.24412
2449143.13433 0.29962
2449154.03731 4.57414
2449164.94030 3.83402
2449175.84328 0.27852
2449186.74627 -3.63910
2449197.64925 -1.61987
2449383.00000 0.60328
2449393.90299 5.18732
2449404.80597 7.27473
2449415.70896 3.89631
2449426.61194 -0.34518
2449437.51493 -0.69784
2449448.41791 2.94141
2449459.32090 7.73807
2449470.22388 6.59116
2449481.12687 2.12927
2449492.02985 -0.85654
2449502.93284 0.79212
2449513.83582 5.18971
2449524.73881 6.87529
2449535.64179 5.44376
2449546.54478 1.02478
2449557.44776 -0.28579
2449753.70149 4.89149
2449764.60448 9.25930
2449775.50746 8.90072
2449786.41045 3.65626
2449797.31343 0.74402
2449808.21642 2.36416
2449819.11940 7.24045
2449830.02239 9.61224
2449840.92537 5.61835
2449851.82836 2.06644
2449862.73134 1.15943
2449873.63433 4.07017
2449884.53731 8.46080
2449895.44030 9.36438
2449906.34328 4.90130
2449917.24627 1.15410
2449928.14925 1.85922
2450113.50000 3.01203
2450124.40299 8.27713
2450135.30597 9.89114
2450146.20896 6.05761
2450157.11194 1.78902
2450168.01493 1.16798
2450178.91791 5.89436
2450189.82090 8.47400
2450200.72388 8.26612
2450211.62687 3.72191
2450222.52985 0.80171
2450233.43284 2.16621
2450244.33582 6.47457
2450255.23881 9.75306
2450266.14179 6.78758
2450277.04478 2.13791
2450287.94776 0.60059
2450484.20149 3.61200
2450495.10448 7.21246
2450506.00746 7.11914
2450516.91045 2.44351
2450527.81343 -0.69958
2450538.71642 1.06820
2450549.61940 4.88531
2450560.52239 7.73397
2450571.42537 4.41438
2450582.32836 0.22618
2450593.23134 -1.25171
2450604.13433 2.19962
2450615.03731 5.67967
2450625.94030 4.87832
2450636.84328 1.96047
2450647.74627 -1.30997
2450658.64925 -0.55606
2450844.00000 -1.22749
2450854.90299 2.48919
2450865.80597 4.71530
2450876.70896 2.39643
2450887.61194 -2.36991
2450898.51493 -3.04040
2450909.41791 0.09249
2450920.32090 3.78162
2450931.22388 3.50695
2450942.12687 -0.41452
2450953.02985 -4.59138
2450963.93284 -2.95052
2450974.83582 1.55563
2450985.73881 3.53787
2450996.64179 1.82566
2451007.54478 -2.77337
2451018.44776 -5.77788
2451214.70149 -1.89140
2451225.60448 1.81995
2451236.50746 0.93970
2451247.41045 -3.47188
2451258.31343 -5.69739
2451269.21642 -4.86343
2451280.11940 -0.84642
2451291.02239 1.37951
2451301.92537 -0.90414
2451312.82836 -5.27201
2451323.73134 -7.08359
2451334.63433 -4.11899
2451345.53731 0.23682
2451356.44030 0.54774
2451367.34328 -3.05553
2451378.24627 -6.89263
2451389.14925 -6.59485
2451574.50000 -6.67583
2451585.40299 -2.23244
2451596.30597 -0.31929
2451607.20896 -3.07323
2451618.11194 -7.28789
2451629.01493 -7.98806
2451639.91791 -5.17523
2451650.82090 -1.34395
2451661.72388 -1.05870
2451672.62687 -5.48838
2451683.52985 -8.69832
2451694.43284 -7.82480
2451705.33582 -3.21015
2451716.23881 -0.69625
2451727.14179 -2.77229
2451738.04478 -6.39403
2451748.94776 -8.46195
2451945.20149 -5.29395
2451956.10448 -1.49374
2451967.00746 -1.59700
2451977.91045 -5.21393
2451988.81343 -7.85938
2451999.71642 -8.31258
2452010.61940 -3.30244
2452021.52239 -0.75129
2452032.42537 -2.97036
2452043.32836 -7.92920
2452054.23134 -8.78909
2452065.13433 -6.18594
2452076.03731 -1.73846
2452086.94030 -0.97550
2452097.84328 -3.46364
2452108.74627 -8.74625
2452119.64925 -8.85224
2452305.00000 -7.01727
2452315.90299 -1.99860
2452326.80597 0.23904
2452337.70896 -2.21040
2452348.61194 -5.56725
2452359.51493 -7.33516
2452370.41791 -4.09585
2452381.32090 -0.21242
2452392.22388 0.07012
2452403.12687 -3.91089
2452414.02985 -6.91687
2452424.93284 -6.44464
2452435.83582 -1.90170
2452446.73881 0.85121
2452457.64179 -0.92574
2452468.54478 -5.88891
2452479.44776 -7.15838
2452675.70149 -1.91776
2452686.60448 2.19869
2452697.50746 2.17999
2452708.41045 -1.55718
2452719.31343 -4.33463
2452730.21642 -3.67446
2452741.11940 0.62415
2452752.02239 2.72132
2452762.92537 1.29682
2452773.82836 -2.69139
2452784.73134 -5.20059
2452795.63433 -1.51656
2452806.53731 2.82971
2452817.44030 3.44674
2452828.34328 0.02431
2452839.24627 -3.39858
2452850.14925 -3.47466
2453035.50000 -1.12281
2453046.40299 2.60651
2453057.30597 6.67225
2453068.20896 3.08715
2453079.11194 -0.67386
2453090.01493 -1.77357
2453100.91791 1.18721
2453111.82090 5.75694
2453122.72388 6.15938
2453133.62687 2.28873
2453144.52985 -1.06331
2453155.43284 -0.75045
2453166.33582 3.27441
2453177.23881 6.48672
2453188.14179 4.60562
2453199.04478 0.79117
2453209.94776 -1.16943
2453406.20149 3.11430
2453417.10448 6.98004
2453428.00746 7.24589
2453438.91045 3.20307
2453449.81343 0.36294
2453460.71642 1.37912
2453471.61940 4.93527
2453482.52239 9.53016
2453493.42537 6.52870
2453504.32836 2.24591
2453515.23134 0.47906
2453526.13433 2.97015
2453537.03731 7.48356
2453547.94030 7.61581
2453558.84328 4.69170
2453569.74627 1.20659
2453580.64925 1.20729
2453766.00000 1.94901
2453776.90299 6.65101
2453787.80597 10.62508
2453798.70896 6.88836
2453809.61194 2.55296
2453820.51493 0.83087
2453831.41791 4.61966
2453842.32090 5.79934
2453853.22388 8.79157
2453864.12687 5.02267
2453875.02985 1.51833
2453885.93284 1.71352
2453896.83582 6.08832
2453907.73881 6.27695
2453918.64179 7.61655
2453929.54478 3.03943
2453940.44776 0.74196
2454136.70149 3.56333
2454147.60448 7.37954
2454158.50746 8.01074
2454169.41045 3.89866
2454180.31343 0.27639
2454191.21642 0.79027
2454202.11940 5.72100
2454213.02239 7.34761
2454223.92537 5.21713
2454234.82836 1.36165
2454245.73134 -0.34312
2454256.63433 1.90063
2454267.53731 7.13066
2454278.44030 5.79968
2454289.34328 3.92854
2454300.24627 -0.00339
2454311.14925 -0.17821
2454496.50000 -0.73793
2454507.40299 3.61039
2454518.30597 4.57052
2454529.20896 3.46190
2454540.11194 -0.56801
2454551.01493 -2.42756
2454561.91791 0.29986
2454572.82090 4.28735
2454583.72388 4.84666
2454594.62687 1.38841
2454605.52985 -2.17662
2454616.43284 -2.11475
2454627.33582 1.58837
2454638.23881 4.18814
2454649.14179 2.81532
2454660.04478 -0.69273
2454670.94776 -3.43223
2454867.20149 -1.69263
2454878.10448 2.04262
2454889.00746 2.18577
2454899.91045 -1.14232
2454910.81343 -5.00716
2454921.71642 -3.53479
2454932.61940 -0.47295
2454943.52239 2.47382
2454954.42537 0.73053
2454965.32836 -3.83194
2454976.23134 -5.18053
2454987.13433 -3.45767
2454998.03731 0.59487
2455008.94030 1.69381
2455019.84328 -1.54318
2455030.74627 -5.78838
2455041.64925 -6.56720
2455227.00000 -7.69095
2455237.90299 -2.08336
2455248.80597 0.24525
2455259.70896 -1.40156
2455270.61194 -4.84655
2455281.51493 -6.68547
2455292.41791 -5.94009
2455303.32090 -1.07262
2455314.22388 -0.19338
2455325.12687 -3.98807
2455336.02985 -6.96512
2455346.93284 -7.26504
2455357.83582 -2.89703
2455368.73881 -0.44044
2455379.64179 -1.36485
2455390.54478 -4.80694
2455401.44776 -7.29623
2455597.70149 -5.09880
2455608.60448 -1.40583
2455619.50746 -1.19042
2455630.41045 -4.62156
2455641.31343 -6.56856
2455652.21642 -8.61810
2455663.11940 -4.46359
2455674.02239 -0.89227
2455684.92537 -1.86397
2455695.82836 -5.13504
2455706.73134 -7.93316
2455717.63433 -5.49571
2455728.53731 -2.34322
2455739.44030 -0.86293
2455750.34328 -3.71743
2455761.24627 -6.57799
2455772.14925 -9.36713
2455957.50000 -6.40195
