2445000.00000 30.70554
2445010.90299 15.07036
2445021.80597 12.50722
2445032.70896 28.50226
2445043.61194 32.11112
2445054.51493 20.59440
2445065.41791 12.75365
2445076.32090 22.99372
2445087.22388 40.05059
2445098.12687 31.30820
2445109.02985 14.73943
2445119.93284 20.31025
2445130.83582 36.48494
2445141.73881 34.45806
2445152.64179 23.75482
2445163.54478 21.79961
2445174.44776 27.29662
2445370.70149 46.37404
2445381.60448 35.15444
2445392.50746 21.26456
2445403.41045 24.75118
2445414.31343 37.30028
2445425.21642 40.43389
2445436.11940 26.99019
2445447.02239 16.83132
2445457.92537 33.50011
2445468.82836 48.19949
2445479.73134 31.57131
2445490.63433 19.32109
2445501.53731 33.63349
2445512.44030 37.63415
2445523.34328 36.24603
2445534.24627 20.01100
2445545.14925 26.16540
2445730.50000 16.85065
2445741.40299 26.38148
2445752.30597 38.22333
2445763.20896 19.06783
2445774.11194 13.81294
2445785.01493 25.65943
2445795.91791 39.29376
2445806.82090 34.61989
2445817.72388 14.26172
2445828.62687 18.95962
2445839.52985 33.94381
2445850.43284 33.54044
2445861.33582 18.59827
2445872.23881 10.56788
2445883.14179 30.01098
2445894.04478 38.53946
2445904.94776 20.69254
2446101.20149 7.17865
2446112.10448 8.46311
2446123.00746 31.58063
2446133.91045 22.04652
2446144.81343 10.17099
2446155.71642 5.62760
2446166.61940 20.44223
2446177.52239 24.98926
2446188.42537 15.23191
2446199.32836 2.55511
2446210.23134 11.12649
2446221.13433 26.97756
2446232.03731 18.51737
2446242.94030 4.01471
2446253.84328 5.89286
2446264.74627 24.14788
2446275.64925 25.37812
2446461.00000 22.90129
2446471.90299 10.65298
2446482.80597 0.16843
2446493.70896 9.73069
2446504.61194 23.63261
2446515.51493 20.24626
2446526.41791 2.36959
2446537.32090 4.37677
2446548.22388 23.28865
2446559.12687 22.89026
2446570.02985 6.11590
2446580.93284 2.17811
2446591.83582 15.45996
2446602.73881 26.30232
2446613.64179 11.62001
2446624.54478 1.86343
2446635.44776 13.49153
2446831.70149 24.23801
2446842.60448 29.96841
2446853.50746 11.95670
2446864.41045 7.67810
2446875.31343 20.92007
2446886.21642 35.98992
2446897.11940 21.14147
2446908.02239 9.42628
2446918.92537 17.91985
2446929.82836 39.02333
2446940.73134 29.13136
2446951.63433 10.83434
2446962.53731 16.12723
2446973.44030 26.34004
2446984.34328 26.08716
2446995.24627 18.48986
2447006.14925 13.01627
2447191.50000 16.42032
2447202.40299 23.53898
2447213.30597 41.17862
2447224.20896 27.53782
2447235.11194 18.96522
2447246.01493 21.39235
2447256.91791 40.72625
2447267.82090 36.29510
2447278.72388 26.03760
2447289.62687 17.73900
2447300.52985 37.80063
2447311.43284 39.41162
2447322.33582 30.19219
2447333.23881 17.07724
2447344.14179 26.52330
2447355.04478 44.21177
2447365.94776 28.22179
2447562.20149 22.93916
2447573.10448 16.59140
2447584.00746 29.08182
2447594.91045 47.81771
2447605.81343 28.20605
2447616.71642 16.58064
2447627.61940 31.13333
2447638.52239 40.91064
2447649.42537 36.43217
2447660.32836 20.99976
2447671.23134 21.45024
2447682.13433 38.82799
2447693.03731 41.49124
2447703.94030 20.86863
2447714.84328 14.83586
2447725.74627 30.24789
2447736.64925 37.03742
2447922.00000 33.07722
2447932.90299 26.63150
2447943.80597 11.30157
2447954.70896 14.01711
2447965.61194 33.37176
2447976.51493 29.32927
2447987.41791 14.18029
2447998.32090 8.94929
2448009.22388 23.45860
2448020.12687 31.44573
2448031.02985 19.84991
2448041.93284 7.85084
2448052.83582 15.28678
2448063.73881 23.66622
2448074.64179 22.32742
2448085.54478 8.02422
2448096.44776 8.46786
2448292.70149 15.96700
2448303.60448 25.75575
2448314.50746 10.99396
2448325.41045 1.21082
2448336.31343 9.50014
2448347.21642 22.75702
2448358.11940 20.77950
2448369.02239 3.51680
2448379.92537 4.34445
2448390.82836 18.61624
2448401.73134 20.90184
2448412.63433 9.19222
2448423.53731 1.17266
2448434.44030 14.61392
2448445.34328 21.66232
2448456.24627 13.17703
2448467.14925 0.85157
2448652.50000 5.47451
2448663.40299 6.70615
2448674.30597 20.44684
2448685.20896 27.10540
2448696.11194 10.68338
2448707.01493 4.20960
2448717.91791 16.30797
2448728.82090 30.76227
2448739.72388 15.85218
2448750.62687 6.12309
2448761.52985 14.18516
2448772.43284 31.17987
2448783.33582 27.11690
2448794.23881 9.20415
2448805.14179 10.54277
2448816.04478 28.67505
2448826.94776 27.25804
2449023.20149 27.55999
2449034.10448 13.88214
2449045.00746 20.58486
2449055.91045 34.84805
2449066.81343 32.31228
2449077.71642 18.70307
2449088.61940 19.44263
2449099.52239 34.31244
2449110.42537 38.07819
2449121.32836 19.91810
2449132.23134 13.87549
2449143.13433 30.19655
2449154.03731 32.50208
2449164.94030 31.99497
2449175.84328 18.70911
2449186.74627 22.55559
2449197.64925 34.77621
2449383.00000 34.82546
2449393.90299 41.26217
2449404.80597 28.57893
2449415.70896 20.08859
2449426.61194 28.80951
2449437.51493 47.97937
2449448.41791 30.87683
2449459.32090 20.50558
2449470.22388 31.24004
2449481.12687 42.03743
2449492.02985 39.05954
2449502.93284 23.27051
2449513.83582 20.90555
2449524.73881 39.34822
2449535.64179 38.78513
2449546.54478 25.70608
2449557.44776 19.72294
2449753.70149 21.70418
2449764.60448 38.27225
2449775.50746 32.48959
2449786.41045 17.47423
2449797.31343 14.82447
2449808.21642 24.46671
2449819.11940 36.43991
2449830.02239 19.88239
2449840.92537 13.19076
2449851.82836 21.44414
2449862.73134 33.76927
2449873.63433 23.79781
2449884.53731 8.96975
2449895.44030 21.11292
2449906.34328 30.51760
2449917.24627 27.35416
2449928.14925 12.84225
2450113.50000 13.81258
2450124.40299 4.18438
2450135.30597 18.45632
2450146.20896 25.45083
2450157.11194 18.36540
2450168.01493 3.03110
2450178.91791 9.74107
2450189.82090 28.60216
2450200.72388 22.04577
2450211.62687 5.50139
2450222.52985 5.76567
2450233.43284 21.71145
2450244.33582 21.57054
2450255.23881 8.04852
2450266.14179 2.47083
2450277.04478 12.47426
2450287.94776 26.89326
2450484.20149 17.17815
2450495.10448 5.59973
2450506.00746 4.93433
2450516.91045 18.27597
2450527.81343 24.04678
2450538.71642 10.35710
2450549.61940 2.91932
2450560.52239 14.92867
2450571.42537 24.96506
2450582.32836 15.84552
2450593.23134 4.07712
2450604.13433 9.36799
2450615.03731 23.95188
2450625.94030 20.03063
2450636.84328 7.62865
2450647.74627 6.00535
2450658.64925 25.40598
2450844.00000 18.70527
2450854.90299 31.41408
2450865.80597 23.92119
2450876.70896 7.65944
2450887.61194 18.06573
2450898.51493 29.81575
2450909.41791 30.35024
2450920.32090 15.50440
2450931.22388 16.15625
2450942.12687 34.14519
2450953.02985 34.23971
2450963.93284 18.13337
2450974.83582 15.19007
2450985.73881 28.81344
2450996.64179 42.61983
2451007.54478 26.93342
2451018.44776 15.63476
2451214.70149 19.79003
2451225.60448 35.79124
2451236.50746 44.62180
2451247.41045 24.76962
2451258.31343 21.94770
2451269.21642 30.23195
2451280.11940 41.51021
2451291.02239 35.35063
2451301.92537 18.15349
2451312.82836 29.00822
2451323.73134 42.21731
2451334.63433 34.82879
2451345.53731 17.69415
2451356.44030 24.31320
2451367.34328 32.24261
2451378.24627 39.61245
2451389.14925 27.39434
2451574.50000 31.70154
2451585.40299 17.63821
2451596.30597 20.61815
2451607.20896 39.08436
2451618.11194 37.44247
2451629.01493 24.03105
2451639.91791 18.50215
2451650.82090 29.48660
2451661.72388 44.04494
2451672.62687 29.67772
2451683.52985 16.13145
2451694.43284 29.01383
2451705.33582 46.26169
2451716.23881 24.51297
2451727.14179 14.28909
2451738.04478 22.02368
2451748.94776 34.08156
2451945.20149 28.91227
2451956.10448 16.17463
2451967.00746 7.25695
2451977.91045 19.39306
2451988.81343 32.24552
2451999.71642 14.13164
2452010.61940 7.64724
2452021.52239 14.36044
2452032.42537 24.32427
2452043.32836 20.75735
2452054.23134 9.93503
2452065.13433 7.24614
2452076.03731 23.88208
2452086.94030 24.87754
2452097.84328 11.17523
2452108.74627 3.88121
2452119.64925 17.94730
2452305.00000 8.43255
2452315.90299 25.51796
2452326.80597 20.90803
2452337.70896 5.76862
2452348.61194 4.14275
2452359.51493 17.89544
2452370.41791 27.31699
2452381.32090 11.72873
2452392.22388 1.69230
2452403.12687 12.24169
2452414.02985 31.02697
2452424.93284 17.93238
2452435.83582 3.12236
2452446.73881 7.53041
2452457.64179 23.57962
2452468.54478 21.79832
2452479.44776 5.50165
2452675.70149 5.22726
2452686.60448 20.07978
2452697.50746 36.10825
2452708.41045 17.40383
2452719.31343 8.77353
2452730.21642 11.93441
2452741.11940 26.45645
2452752.02239 23.23836
2452762.92537 13.67695
2452773.82836 9.30151
2452784.73134 30.03334
2452795.63433 34.94264
2452806.53731 14.84982
2452817.44030 11.81843
2452828.34328 22.97566
2452839.24627 30.24018
2452850.14925 21.30480
2453035.50000 33.83219
2453046.40299 20.72018
2453057.30597 17.31803
2453068.20896 24.86971
2453079.11194 39.83893
2453090.01493 23.44977
2453100.91791 17.75465
2453111.82090 33.04954
2453122.72388 41.47652
2453133.62687 32.49850
2453144.52985 19.18164
2453155.43284 23.71867
2453166.33582 41.46794
2453177.23881 40.07080
2453188.14179 22.05632
2453199.04478 25.44197
2453209.94776 33.65877
2453406.20149 38.19903
2453417.10448 28.24817
2453428.00746 19.83197
2453438.91045 23.17952
2453449.81343 39.95747
2453460.71642 34.36262
2453471.61940 26.00641
2453482.52239 18.67516
2453493.42537 29.09553
2453504.32836 38.81864
2453515.23134 26.59552
2453526.13433 17.71593
2453537.03731 28.90365
2453547.94030 36.04436
2453558.84328 28.67212
2453569.74627 20.12255
2453580.64925 27.76434
2453766.00000 15.26355
2453776.90299 27.86607
2453787.80597 33.41917
2453798.70896 22.08872
2453809.61194 11.85552
2453820.51493 23.95721
2453831.41791 30.68486
2453842.32090 28.74150
2453853.22388 12.62786
2453864.12687 16.67229
2453875.02985 36.11741
2453885.93284 27.60651
2453896.83582 14.09411
2453907.73881 11.01559
2453918.64179 25.05813
2453929.54478 28.39030
2453940.44776 14.92246
2454136.70149 5.37417
2454147.60448 9.49512
2454158.50746 26.50918
2454169.41045 22.68831
2454180.31343 8.11515
2454191.21642 5.11130
2454202.11940 18.26167
2454213.02239 28.76412
2454223.92537 11.70780
2454234.82836 2.91068
2454245.73134 12.50739
2454256.63433 27.70273
2454267.53731 16.39349
2454278.44030 3.34908
2454289.34328 7.73067
2454300.24627 24.46583
2454311.14925 22.07307
2454496.50000 28.32612
2454507.40299 12.71067
2454518.30597 3.82106
2454529.20896 13.62979
2454540.11194 22.94584
2454551.01493 20.35202
2454561.91791 5.39974
2454572.82090 12.86583
2454583.72388 26.24665
2454594.62687 22.18950
2454605.52985 7.72133
2454616.43284 8.09012
2454627.33582 22.41036
2454638.23881 29.84864
2454649.14179 13.71116
2454660.04478 7.71080
2454670.94776 16.30994
2454867.20149 27.25831
2454878.10448 31.29009
2454889.00746 14.12343
2454899.91045 14.94283
2454910.81343 29.41374
2454921.71642 30.98862
2454932.61940 17.96516
2454943.52239 13.49784
2454954.42537 22.51444
2454965.32836 33.22220
2454976.23134 30.71305
2454987.13433 14.29206
2454998.03731 20.92671
2455008.94030 34.93582
2455019.84328 34.82468
2455030.74627 20.86138
2455041.64925 16.89801
2455227.00000 18.25178
2455237.90299 36.02131
2455248.80597 49.12963
2455259.70896 28.57084
2455270.61194 23.62511
2455281.51493 22.69864
2455292.41791 42.87957
2455303.32090 34.62409
2455314.22388 26.21131
2455325.12687 21.79610
2455336.02985 35.63770
2455346.93284 39.03769
2455357.83582 31.85262
2455368.73881 20.47828
2455379.64179 30.74850
2455390.54478 41.44007
2455401.44776 32.21745
2455597.70149 25.72860
2455608.60448 17.04782
2455619.50746 32.06548
2455630.41045 32.54495
2455641.31343 23.28593
2455652.21642 16.63413
2455663.11940 22.95878
2455674.02239 36.56834
2455684.92537 30.81019
2455695.82836 13.76293
2455706.73134 22.19277
2455717.63433 34.60823
2455728.53731 34.03664
2455739.44030 16.62871
2455750.34328 12.64077
2455761.24627 29.29521
2455772.14925 32.95143
2455957.50000 36.70122
