2445000.00000 0.66349
2445010.90299 -2.62513
2445021.80597 -0.22413
2445032.70896 -1.32016
2445043.61194 -2.33195
2445054.51493 0.33520
2445065.41791 -2.95058
2445076.32090 -1.35400
2445087.22388 -1.12897
2445098.12687 -2.78199
2445109.02985 -0.19483
2445119.93284 -3.73894
2445130.83582 -2.13819
2445141.73881 -0.87386
2445152.64179 -4.34843
2445163.54478 -0.71256
2445174.44776 -2.70548
2445370.70149 -2.81852
2445381.60448 -2.79017
2445392.50746 -0.23687
2445403.41045 -3.88840
2445414.31343 -0.72428
2445425.21642 -1.89536
2445436.11940 -2.53796
2445447.02239 0.40765
2445457.92537 -3.40591
2445468.82836 -0.69199
2445479.73134 -0.56031
2445490.63433 -2.22247
2445501.53731 0.81807
2445512.44030 -1.52235
2445523.34328 -0.84830
2445534.24627 0.60081
2445545.14925 -2.31435
2445730.50000 2.64410
2445741.40299 -0.28936
2445752.30597 3.84003
2445763.20896 0.96300
2445774.11194 1.25230
2445785.01493 3.41540
2445795.91791 0.09888
2445806.82090 4.16242
2445817.72388 2.00838
2445828.62687 1.10478
2445839.52985 4.31240
2445850.43284 0.50226
2445861.33582 3.10469
2445872.23881 2.71330
2445883.14179 1.03531
2445894.04478 4.06265
2445904.94776 1.14075
2446101.20149 0.33402
2446112.10448 2.26364
2446123.00746 2.47832
2446133.91045 -0.31181
2446144.81343 3.10602
2446155.71642 0.37624
2446166.61940 0.71722
2446177.52239 2.63911
2446188.42537 -1.07321
2446199.32836 2.32103
2446210.23134 0.43165
2446221.13433 -0.30733
2446232.03731 2.64706
2446242.94030 -1.46767
2446253.84328 1.11314
2446264.74627 0.48548
2446275.64925 -0.97632
2446461.00000 -1.62720
2446471.90299 -2.89804
2446482.80597 -0.08760
2446493.70896 -3.91348
2446504.61194 -1.54654
2446515.51493 -1.40287
2446526.41791 -3.95128
2446537.32090 -0.41538
2446548.22388 -3.63409
2446559.12687 -2.25323
2446570.02985 -0.99547
2446580.93284 -4.55878
2446591.83582 -0.86354
2446602.73881 -3.19559
2446613.64179 -2.82677
2446624.54478 -0.80002
2446635.44776 -4.67655
2446831.70149 -2.97653
2446842.60448 -0.12203
2446853.50746 -1.31144
2446864.41045 -2.78832
2446875.31343 1.03888
2446886.21642 -3.06281
2446897.11940 -0.10421
2446908.02239 -0.02336
2446918.92537 -2.27060
2446929.82836 1.69773
2446940.73134 -1.27934
2446951.63433 -0.16219
2446962.53731 1.25876
2446973.44030 -1.91262
2446984.34328 2.22199
2446995.24627 -0.38087
2447006.14925 -0.16526
2447191.50000 1.46742
2447202.40299 1.38323
2447213.30597 4.40762
2447224.20896 0.33975
2447235.11194 3.31796
2447246.01493 1.85113
2447256.91791 1.08434
2447267.82090 4.05895
2447278.72388 0.76992
2447289.62687 3.68316
2447300.52985 3.46494
2447311.43284 1.05514
2447322.33582 4.71284
2447333.23881 1.13152
2447344.14179 2.33372
2447355.04478 3.48367
2447365.94776 0.61463
2447562.20149 -0.82192
2447573.10448 2.70139
2447584.00746 -0.18172
2447594.91045 0.35477
2447605.81343 2.05899
2447616.71642 -1.53997
2447627.61940 1.77595
2447638.52239 -0.19425
2447649.42537 -0.79382
2447660.32836 1.62894
2447671.23134 -2.28585
2447682.13433 0.73364
2447693.03731 -0.18276
2447703.94030 -1.95361
2447714.84328 1.49961
2447725.74627 -2.64390
2447736.64925 -0.43083
2447922.00000 -4.31034
2447932.90299 -1.56913
2447943.80597 -1.56803
2447954.70896 -3.40991
2447965.61194 -0.80865
2447976.51493 -3.31768
2447987.41791 -2.41849
2447998.32090 -1.41795
2448009.22388 -4.88719
2448020.12687 -0.77637
2448031.02985 -3.51258
2448041.93284 -3.94969
2448052.83582 -0.73183
2448063.73881 -4.54976
2448074.64179 -1.19039
2448085.54478 -1.62429
2448096.44776 -3.45011
2448292.70149 -1.63325
2448303.60448 1.59026
2448314.50746 -2.26838
2448325.41045 0.50835
2448336.31343 0.63649
2448347.21642 -1.49648
2448358.11940 1.83659
2448369.02239 -0.95443
2448379.92537 0.42298
2448390.82836 1.83685
2448401.73134 -1.20193
2448412.63433 2.44082
2448423.53731 0.13951
2448434.44030 0.45528
2448445.34328 3.04414
2448456.24627 -0.60025
2448467.14925 2.52118
2448652.50000 0.55763
2448663.40299 3.85115
2448674.30597 2.45015
2448685.20896 1.48347
2448696.11194 4.73864
2448707.01493 0.74101
2448717.91791 3.50215
2448728.82090 3.07316
2448739.72388 0.98101
2448750.62687 4.35824
2448761.52985 0.85780
2448772.43284 2.58157
2448783.33582 3.71093
2448794.23881 0.39622
2448805.14179 3.77223
2448816.04478 1.18664
2448826.94776 1.77256
2449023.20149 -0.15767
2449034.10448 1.36701
2449045.00746 -1.98431
2449055.91045 1.28147
2449066.81343 -0.70889
2449077.71642 -1.44512
2449088.61940 1.11536
2449099.52239 -2.57454
2449110.42537 0.17444
2449121.32836 -0.71474
2449132.23134 -3.16008
2449143.13433 0.75487
2449154.03731 -2.70629
2449164.94030 -1.04165
2449175.84328 -0.70259
2449186.74627 -3.41994
2449197.64925 0.14979
2449383.00000 -3.97664
2449393.90299 -0.64066
2449404.80597 -3.75159
2449415.70896 -2.65370
2449426.61194 -1.29765
2449437.51493 -4.54479
2449448.41791 -0.79992
2449459.32090 -3.18820
2449470.22388 -2.93272
2449481.12687 -0.50105
2449492.02985 -4.09857
2449502.93284 -0.82549
2449513.83582 -2.24295
2449524.73881 -3.66288
2449535.64179 0.02968
2449546.54478 -3.62494
2449557.44776 -1.01665
2449753.70149 1.18873
2449764.60448 1.06664
2449775.50746 -1.07513
2449786.41045 2.59776
2449797.31343 -0.50809
2449808.21642 1.10054
2449819.11940 1.70742
2449830.02239 -0.60816
2449840.92537 3.17886
2449851.82836 0.57723
2449862.73134 0.86214
2449873.63433 3.53458
2449884.53731 -0.23014
2449895.44030 3.12433
2449906.34328 1.57616
2449917.24627 0.66995
2449928.14925 3.74197
2450113.50000 1.39451
2450124.40299 3.90691
2450135.30597 0.60953
2450146.20896 3.13989
2450157.11194 2.55579
2450168.01493 0.59549
2450178.91791 3.95003
2450189.82090 0.66966
2450200.72388 2.35521
2450211.62687 3.05530
2450222.52985 0.06081
2450233.43284 3.59146
2450244.33582 0.72798
2450255.23881 1.29284
2450266.14179 3.29544
2450277.04478 -0.52601
2450287.94776 2.63356
2450484.20149 0.76369
2450495.10448 -1.42141
2450506.00746 -1.52666
2450516.91045 0.57927
2450527.81343 -3.40451
2450538.71642 -0.23685
2450549.61940 -1.43800
2450560.52239 -3.06090
2450571.42537 0.28363
2450582.32836 -3.84390
2450593.23134 -1.59443
2450604.13433 -1.20077
2450615.03731 -3.71114
2450625.94030 -0.26221
2450636.84328 -3.36956
2450647.74627 -2.45104
2450658.64925 -0.92747
2450844.00000 -2.23079
2450854.90299 -0.91948
2450865.80597 -3.74596
2450876.70896 -0.44250
2450887.61194 -2.95585
2450898.51493 -2.59015
2450909.41791 -0.23283
2450920.32090 -3.91881
2450931.22388 -0.58587
2450942.12687 -1.79412
2450953.02985 -2.86839
2450963.93284 0.48857
2450974.83582 -3.54576
2450985.73881 -0.47668
2450996.64179 -0.48463
2451007.54478 -2.58353
2451018.44776 1.08685
2451214.70149 2.73515
2451225.60448 0.01837
2451236.50746 1.49092
2451247.41045 2.85948
2451258.31343 -0.21129
2451269.21642 3.59797
2451280.11940 1.15869
2451291.02239 1.15260
2451301.92537 3.52245
2451312.82836 0.15036
2451323.73134 4.03557
2451334.63433 1.82793
2451345.53731 1.11121
2451356.44030 3.86023
2451367.34328 0.54396
2451378.24627 3.58249
2451389.14925 2.89399
2451574.50000 2.88196
2451585.40299 2.43669
2451596.30597 0.41777
2451607.20896 3.75486
2451618.11194 0.26563
2451629.01493 1.77055
2451639.91791 2.69546
2451650.82090 -0.37109
2451661.72388 3.53954
2451672.62687 0.30736
2451683.52985 0.78664
2451694.43284 2.59031
2451705.33582 -0.99456
2451716.23881 2.20480
2451727.14179 0.28737
2451738.04478 -0.35806
2451748.94776 2.25443
2451945.20149 0.11067
2451956.10448 -3.73186
2451967.00746 -0.74549
2451977.91045 -1.71594
2451988.81343 -3.56690
2451999.71642 -0.13782
2452010.61940 -3.52359
2452021.52239 -1.51176
2452032.42537 -1.39332
2452043.32836 -4.29430
2452054.23134 -0.49260
2452065.13433 -3.54024
2452076.03731 -2.16971
2452086.94030 -1.03696
2452097.84328 -4.27632
2452108.74627 -0.69403
2452119.64925 -2.69388
2452305.00000 -0.10148
2452315.90299 -2.10151
2452326.80597 -2.40235
2452337.70896 0.17129
2452348.61194 -2.42222
2452359.51493 -0.00047
2452370.41791 -1.17735
2452381.32090 -2.35749
2452392.22388 0.96501
2452403.12687 -2.89289
2452414.02985 0.01891
2452424.93284 0.01893
2452435.83582 -1.99664
2452446.73881 1.78300
2452457.64179 -1.48289
2452468.54478 0.00034
2452479.44776 1.01760
2452675.70149 3.04752
2452686.60448 0.17750
2452697.50746 3.95505
2452708.41045 1.36314
2452719.31343 1.86105
2452730.21642 3.79787
2452741.11940 0.35672
2452752.02239 4.36769
2452762.92537 2.84709
2452773.82836 1.44693
2452784.73134 4.12083
2452795.63433 0.73646
2452806.53731 2.78305
2452817.44030 2.67834
2452828.34328 1.01025
2452839.24627 4.36300
2452850.14925 0.97126
2453035.50000 3.60524
2453046.40299 -0.25083
2453057.30597 1.75169
2453068.20896 1.98626
2453079.11194 -0.72701
2453090.01493 2.78120
2453100.91791 -0.34836
2453111.82090 0.35704
2453122.72388 1.96409
2453133.62687 -1.56633
2453144.52985 2.01159
2453155.43284 -0.29442
2453166.33582 -0.91894
2453177.23881 1.41509
2453188.14179 -2.20801
2453199.04478 0.78370
2453209.94776 -0.26589
2453406.20149 -2.02408
2453417.10448 -3.74373
2453428.00746 -0.38271
2453438.91045 -4.32948
2453449.81343 -1.58494
2453460.71642 -1.78830
2453471.61940 -3.51191
2453482.52239 -0.51101
2453493.42537 -2.95355
2453504.32836 -2.56280
2453515.23134 -1.01945
2453526.13433 -4.26187
2453537.03731 -0.80015
2453547.94030 -3.29821
2453558.84328 -3.31854
2453569.74627 -0.67284
2453580.64925 -4.31035
2453766.00000 0.63605
2453776.90299 -2.40521
2453787.80597 0.57356
2453798.70896 -0.67832
2453809.61194 -1.60181
2453820.51493 1.38688
2453831.41791 -2.15774
2453842.32090 0.75372
2453853.22388 0.56907
2453864.12687 -1.63731
2453875.02985 2.46661
2453885.93284 -0.92397
2453896.83582 0.64203
2453907.73881 1.99889
2453918.64179 -1.33997
2453929.54478 2.42859
2453940.44776 0.17639
2454136.70149 1.49177
2454147.60448 1.65076
2454158.50746 4.14850
2454169.41045 0.61596
2454180.31343 3.91968
2454191.21642 2.07092
2454202.11940 1.67532
2454213.02239 4.03074
2454223.92537 0.71768
2454234.82836 2.89028
2454245.73134 3.54548
2454256.63433 0.81984
2454267.53731 4.52939
2454278.44030 0.74997
2454289.34328 2.63485
2454300.24627 2.86947
2454311.14925 0.28056
2454496.50000 1.31432
2454507.40299 -1.18487
2454518.30597 2.12554
2454529.20896 -0.87022
2454540.11194 -0.22331
2454551.01493 1.29932
2454561.91791 -2.19143
2454572.82090 1.15881
2454583.72388 -0.97395
2454594.62687 -1.63261
2454605.52985 1.12408
2454616.43284 -2.77674
2454627.33582 0.13574
2454638.23881 -0.81629
2454649.14179 -2.86210
2454660.04478 0.58972
2454670.94776 -2.72850
2454867.20149 -3.87230
2454878.10448 -1.74318
2454889.00746 -1.67299
2454899.91045 -4.77871
2454910.81343 -0.60562
2454921.71642 -4.22190
2454932.61940 -2.36756
2454943.52239 -1.04774
2454954.42537 -4.27840
2454965.32836 -0.75284
2454976.23134 -2.58730
2454987.13433 -2.91637
2454998.03731 -0.54246
2455008.94030 -4.32141
2455019.84328 -0.72059
2455030.74627 -2.15500
2455041.64925 -3.09522
2455227.00000 -0.13305
2455237.90299 -1.00383
2455248.80597 2.36782
2455259.70896 -1.51322
2455270.61194 1.26776
2455281.51493 1.24177
2455292.41791 -0.77715
2455303.32090 2.55721
2455314.22388 -0.39143
2455325.12687 1.26581
2455336.02985 2.17518
2455346.93284 -0.62911
2455357.83582 2.89196
2455368.73881 0.68882
2455379.64179 0.93592
2455390.54478 3.24726
2455401.44776 -0.18868
2455597.70149 0.58012
2455608.60448 4.26488
2455619.50746 2.18000
2455630.41045 1.36883
2455641.31343 3.54440
2455652.21642 0.60858
2455663.11940 2.98750
2455674.02239 2.62758
2455684.92537 0.66649
2455695.82836 3.95069
2455706.73134 0.58677
2455717.63433 2.41196
2455728.53731 2.47680
2455739.44030 0.02317
2455750.34328 3.83193
2455761.24627 0.69597
2455772.14925 1.28570
2455957.50000 -1.76423
