2445000.00000 10.02290
2445010.90299 6.87568
2445021.80597 5.64381
2445032.70896 7.68180
2445043.61194 7.82899
2445054.51493 5.61977
2445065.41791 4.49897
2445076.32090 6.07479
2445087.22388 8.51524
2445098.12687 5.58575
2445109.02985 2.96862
2445119.93284 4.60800
2445130.83582 7.13432
2445141.73881 5.90855
2445152.64179 2.86492
2445163.54478 2.90771
2445174.44776 6.37032
2445370.70149 1.99725
2445381.60448 0.02917
2445392.50746 1.77160
2445403.41045 4.76131
2445414.31343 2.81707
2445425.21642 0.05598
2445436.11940 1.48293
2445447.02239 4.78024
2445457.92537 3.17500
2445468.82836 0.33152
2445479.73134 1.32152
2445490.63433 3.82559
2445501.53731 3.39883
2445512.44030 0.96354
2445523.34328 1.10711
2445534.24627 3.98682
2445545.14925 4.48709
2445730.50000 5.71923
2445741.40299 3.91889
2445752.30597 5.93134
2445763.20896 7.25523
2445774.11194 6.45039
2445785.01493 4.69072
2445795.91791 5.71271
2445806.82090 8.77913
2445817.72388 8.81470
2445828.62687 5.94982
2445839.52985 7.42871
2445850.43284 8.89218
2445861.33582 9.15439
2445872.23881 6.88070
2445883.14179 7.32023
2445894.04478 8.02082
2445904.94776 11.00653
2446101.20149 11.41313
2446112.10448 12.08325
2446123.00746 16.10637
2446133.91045 16.33049
2446144.81343 10.68384
2446155.71642 10.00854
2446166.61940 14.81320
2446177.52239 13.05512
2446188.42537 11.98361
2446199.32836 13.03427
2446210.23134 16.48643
2446221.13433 15.80734
2446232.03731 14.45778
2446242.94030 11.76968
2446253.84328 16.01373
2446264.74627 14.94406
2446275.64925 12.79838
2446461.00000 12.16541
2446471.90299 11.21117
2446482.80597 13.38285
2446493.70896 18.40811
2446504.61194 12.11582
2446515.51493 11.77453
2446526.41791 14.95738
2446537.32090 15.51142
2446548.22388 11.69936
2446559.12687 10.76868
2446570.02985 12.60257
2446580.93284 11.39395
2446591.83582 13.62441
2446602.73881 11.84644
2446613.64179 13.73026
2446624.54478 13.28968
2446635.44776 10.03491
2446831.70149 5.25911
2446842.60448 7.98070
2446853.50746 8.71455
2446864.41045 5.07169
2446875.31343 4.30585
2446886.21642 7.52677
2446897.11940 8.46988
2446908.02239 6.35208
2446918.92537 4.60104
2446929.82836 6.33384
2446940.73134 5.77647
2446951.63433 4.58933
2446962.53731 3.70341
2446973.44030 5.13264
2446984.34328 7.55698
2446995.24627 4.31894
2447006.14925 2.33284
2447191.50000 1.77005
2447202.40299 4.41908
2447213.30597 4.14325
2447224.20896 2.61452
2447235.11194 1.35540
2447246.01493 4.02149
2447256.91791 4.59921
2447267.82090 2.31122
2447278.72388 1.28527
2447289.62687 3.30632
2447300.52985 4.55171
2447311.43284 3.50852
2447322.33582 1.62483
2447333.23881 3.60261
2447344.14179 5.17966
2447355.04478 3.73969
2447365.94776 1.91204
2447562.20149 7.95175
2447573.10448 6.94122
2447584.00746 5.80045
2447594.91045 4.71086
2447605.81343 7.95879
2447616.71642 9.01993
2447627.61940 6.34870
2447638.52239 6.35338
2447649.42537 6.29008
2447660.32836 8.39243
2447671.23134 8.47946
2447682.13433 7.00634
2447693.03731 8.18149
2447703.94030 8.50542
2447714.84328 7.72167
2447725.74627 7.42886
2447736.64925 8.85903
2447922.00000 13.99548
2447932.90299 12.35412
2447943.80597 12.93024
2447954.70896 11.98305
2447965.61194 11.89045
2447976.51493 15.33068
2447987.41791 14.54715
2447998.32090 12.60128
2448009.22388 13.17283
2448020.12687 15.08076
2448031.02985 16.95994
2448041.93284 10.69598
2448052.83582 14.93052
2448063.73881 15.37782
2448074.64179 15.55491
2448085.54478 11.85042
2448096.44776 12.02970
2448292.70149 14.51714
2448303.60448 14.97647
2448314.50746 11.14037
2448325.41045 9.86221
2448336.31343 15.76701
2448347.21642 12.73545
2448358.11940 13.40239
2448369.02239 11.19421
2448379.92537 14.68624
2448390.82836 13.10266
2448401.73134 10.46302
2448412.63433 9.81478
2448423.53731 10.70643
2448434.44030 11.25800
2448445.34328 9.08057
2448456.24627 8.91096
2448467.14925 12.43685
2448652.50000 8.63749
2448663.40299 8.19934
2448674.30597 6.90494
2448685.20896 6.28517
2448696.11194 8.35628
2448707.01493 8.16008
2448717.91791 4.99002
2448728.82090 6.72548
2448739.72388 6.35897
2448750.62687 8.01859
2448761.52985 5.45566
2448772.43284 4.37708
2448783.33582 7.38093
2448794.23881 6.99693
2448805.14179 3.81683
2448816.04478 4.46476
2448826.94776 6.58180
2449023.20149 4.39375
2449034.10448 2.78224
2449045.00746 3.01226
2449055.91045 5.61978
2449066.81343 4.04319
2449077.71642 2.64881
2449088.61940 2.94157
2449099.52239 4.86918
2449110.42537 5.22184
2449121.32836 3.20438
2449132.23134 3.01270
2449143.13433 5.78635
2449154.03731 4.85019
2449164.94030 3.31975
2449175.84328 3.13939
2449186.74627 5.41054
2449197.64925 5.51564
2449383.00000 7.83541
2449393.90299 5.21102
2449404.80597 6.01046
2449415.70896 8.49012
2449426.61194 7.91660
2449437.51493 6.44748
2449448.41791 5.86743
2449459.32090 9.45225
2449470.22388 8.66943
2449481.12687 8.17975
2449492.02985 6.12349
2449502.93284 8.82872
2449513.83582 10.20948
2449524.73881 7.14141
2449535.64179 7.47942
2449546.54478 11.37932
2449557.44776 13.18869
2449753.70149 10.22177
2449764.60448 11.25129
2449775.50746 11.88100
2449786.41045 13.20161
2449797.31343 11.73651
2449808.21642 11.17046
2449819.11940 13.69868
2449830.02239 15.42511
2449840.92537 10.52197
2449851.82836 11.03985
2449862.73134 11.22333
2449873.63433 12.85712
2449884.53731 10.74624
2449895.44030 10.25201
2449906.34328 14.21033
2449917.24627 14.63567
2449928.14925 12.14271
2450113.50000 12.31297
2450124.40299 12.38709
2450135.30597 11.97684
2450146.20896 13.29147
2450157.11194 12.43539
2450168.01493 11.00867
2450178.91791 11.87548
2450189.82090 12.28468
2450200.72388 11.95725
2450211.62687 8.94040
2450222.52985 12.38616
2450233.43284 14.74670
2450244.33582 11.78790
2450255.23881 9.30312
2450266.14179 12.07948
2450277.04478 12.30183
2450287.94776 9.46724
2450484.20149 6.91296
2450495.10448 8.71162
2450506.00746 9.70202
2450516.91045 6.35179
2450527.81343 5.44288
2450538.71642 7.21132
2450549.61940 8.10142
2450560.52239 6.22086
2450571.42537 4.62121
2450582.32836 6.23704
2450593.23134 7.40856
2450604.13433 6.34953
2450615.03731 4.17222
2450625.94030 4.25257
2450636.84328 6.20258
2450647.74627 6.54675
2450658.64925 4.30871
2450844.00000 3.09593
2450854.90299 4.99019
2450865.80597 5.45341
2450876.70896 4.31565
2450887.61194 3.31723
2450898.51493 3.72314
2450909.41791 4.84400
2450920.32090 4.03323
2450931.22388 3.52337
2450942.12687 3.98788
2450953.02985 5.97616
2450963.93284 5.10849
2450974.83582 3.67889
2450985.73881 4.18832
2450996.64179 5.12258
2451007.54478 5.89766
2451018.44776 3.64190
2451214.70149 5.37836
2451225.60448 7.05568
2451236.50746 7.64018
2451247.41045 5.41842
2451258.31343 6.23106
2451269.21642 10.82791
2451280.11940 6.50139
2451291.02239 6.46836
2451301.92537 7.95466
2451312.82836 7.93258
2451323.73134 9.40455
2451334.63433 6.95794
2451345.53731 9.61908
2451356.44030 11.63967
2451367.34328 10.18243
2451378.24627 8.17324
2451389.14925 8.87402
2451574.50000 11.44839
2451585.40299 13.39575
2451596.30597 12.56283
2451607.20896 9.53158
2451618.11194 12.35796
2451629.01493 11.60014
2451639.91791 10.65188
2451650.82090 11.03135
2451661.72388 10.61480
2451672.62687 15.04229
2451683.52985 13.99040
2451694.43284 11.89140
2451705.33582 11.41313
2451716.23881 13.23539
2451727.14179 11.55258
2451738.04478 9.90376
2451748.94776 11.16046
2451945.20149 12.72526
2451956.10448 13.26994
2451967.00746 12.02205
2451977.91045 9.88643
2451988.81343 11.80672
2451999.71642 11.06153
2452010.61940 8.92997
2452021.52239 10.80417
2452032.42537 12.69013
2452043.32836 11.91283
2452054.23134 11.55490
2452065.13433 9.58953
2452076.03731 11.30581
2452086.94030 11.91322
2452097.84328 8.50285
2452108.74627 8.70957
2452119.64925 9.83475
2452305.00000 7.24472
2452315.90299 8.11915
2452326.80597 5.37009
2452337.70896 6.70762
2452348.61194 7.40623
2452359.51493 6.77196
2452370.41791 6.07246
2452381.32090 6.41468
2452392.22388 7.45816
2452403.12687 7.37328
2452414.02985 5.66716
2452424.93284 6.04392
2452435.83582 7.33421
2452446.73881 6.79565
2452457.64179 5.90304
2452468.54478 5.06124
2452479.44776 6.13788
2452675.70149 5.94149
2452686.60448 3.88624
2452697.50746 3.80356
2452708.41045 6.14676
2452719.31343 6.15988
2452730.21642 4.56069
2452741.11940 4.36029
2452752.02239 5.10091
2452762.92537 6.96452
2452773.82836 4.05926
2452784.73134 4.52220
2452795.63433 5.03533
2452806.53731 5.48952
2452817.44030 4.80111
2452828.34328 3.56776
2452839.24627 5.23820
2452850.14925 6.32738
2453035.50000 7.05778
2453046.40299 5.71168
2453057.30597 7.17893
2453068.20896 7.94234
2453079.11194 7.92246
2453090.01493 8.35332
2453100.91791 7.35991
2453111.82090 8.13034
2453122.72388 8.70975
2453133.62687 6.93536
2453144.52985 8.19345
2453155.43284 8.69023
2453166.33582 8.67060
2453177.23881 9.69318
2453188.14179 9.16572
2453199.04478 7.27958
2453209.94776 9.82165
2453406.20149 10.41244
2453417.10448 11.50840
2453428.00746 10.00159
2453438.91045 13.34828
2453449.81343 11.30668
2453460.71642 9.47545
2453471.61940 12.06277
2453482.52239 13.95764
2453493.42537 11.46509
2453504.32836 10.63478
2453515.23134 10.01827
2453526.13433 11.85294
2453537.03731 13.31952
2453547.94030 10.81403
2453558.84328 11.55323
2453569.74627 11.62733
2453580.64925 13.94504
2453766.00000 10.76599
2453776.90299 12.06517
2453787.80597 12.28056
2453798.70896 10.87504
2453809.61194 11.27619
2453820.51493 10.83196
2453831.41791 12.40542
2453842.32090 14.10256
2453853.22388 12.84588
2453864.12687 10.11213
2453875.02985 11.68738
2453885.93284 11.76619
2453896.83582 9.74583
2453907.73881 9.91156
2453918.64179 10.95484
2453929.54478 11.88526
2453940.44776 12.27641
2454136.70149 6.78823
2454147.60448 7.05363
2454158.50746 8.38301
2454169.41045 6.42381
2454180.31343 5.38669
2454191.21642 6.62250
2454202.11940 8.91047
2454213.02239 7.06165
2454223.92537 5.52568
2454234.82836 5.83410
2454245.73134 7.01616
2454256.63433 6.76582
2454267.53731 4.72737
2454278.44030 4.56116
2454289.34328 6.11214
2454300.24627 5.80087
2454311.14925 4.70064
2454496.50000 3.41361
2454507.40299 3.13601
2454518.30597 5.38234
2454529.20896 4.52316
2454540.11194 3.43193
2454551.01493 3.96490
2454561.91791 6.07049
2454572.82090 5.28340
2454583.72388 2.89210
2454594.62687 3.53071
2454605.52985 6.26678
2454616.43284 5.09075
2454627.33582 3.38636
2454638.23881 3.85681
2454649.14179 5.11057
2454660.04478 7.20063
2454670.94776 3.77296
2454867.20149 7.14664
2454878.10448 7.84586
2454889.00746 6.22656
2454899.91045 6.22246
2454910.81343 6.49008
2454921.71642 8.90108
2454932.61940 8.66377
2454943.52239 7.47132
2454954.42537 7.81686
2454965.32836 8.45440
2454976.23134 9.19058
2454987.13433 7.36161
2454998.03731 7.66526
2455008.94030 8.76565
2455019.84328 11.19859
2455030.74627 9.27671
2455041.64925 9.14615
2455227.00000 12.30132
2455237.90299 13.55275
2455248.80597 12.76772
2455259.70896 11.98165
2455270.61194 12.90796
2455281.51493 14.06673
2455292.41791 14.83928
2455303.32090 10.52138
2455314.22388 13.17819
2455325.12687 13.47145
2455336.02985 12.69420
2455346.93284 14.13210
2455357.83582 10.68350
2455368.73881 16.63754
2455379.64179 14.86716
2455390.54478 11.39825
2455401.44776 10.70263
2455597.70149 13.54932
2455608.60448 12.88714
2455619.50746 13.39476
2455630.41045 11.84936
2455641.31343 13.18416
2455652.21642 15.41662
2455663.11940 11.01941
2455674.02239 8.57592
2455684.92537 10.59704
2455695.82836 13.94162
2455706.73134 9.30168
2455717.63433 9.47053
2455728.53731 11.11066
2455739.44030 11.50523
2455750.34328 9.82185
2455761.24627 7.93674
2455772.14925 11.68539
2455957.50000 8.09115
