2445000.00000 7.56138
2445010.90299 5.13885
2445021.80597 7.79526
2445032.70896 8.54517
2445043.61194 6.28827
2445054.51493 4.18653
2445065.41791 6.18307
2445076.32090 7.15141
2445087.22388 2.87628
2445098.12687 2.34718
2445109.02985 4.03287
2445119.93284 5.11053
2445130.83582 1.75589
2445141.73881 0.92395
2445152.64179 4.02675
2445163.54478 3.77107
2445174.44776 0.97057
2445370.70149 9.32813
2445381.60448 6.29466
2445392.50746 3.95261
2445403.41045 6.03564
2445414.31343 6.22341
2445425.21642 3.66164
2445436.11940 1.69407
2445447.02239 3.95692
2445457.92537 4.38469
2445468.82836 1.31931
2445479.73134 0.97136
2445490.63433 3.79673
2445501.53731 3.86703
2445512.44030 0.78660
2445523.34328 1.33060
2445534.24627 4.90713
2445545.14925 4.72941
2445730.50000 3.33656
2445741.40299 6.81345
2445752.30597 6.14285
2445763.20896 2.63003
2445774.11194 2.17771
2445785.01493 5.75267
2445795.91791 4.87788
2445806.82090 1.23935
2445817.72388 1.05016
2445828.62687 4.26687
2445839.52985 3.68239
2445850.43284 0.80103
2445861.33582 1.50900
2445872.23881 4.81013
2445883.14179 3.86449
2445894.04478 1.76584
2445904.94776 3.38315
2446101.20149 2.63227
2446112.10448 2.04064
2446123.00746 4.14630
2446133.91045 4.80924
2446144.81343 0.99885
2446155.71642 1.09009
2446166.61940 4.79132
2446177.52239 3.66080
2446188.42537 0.76901
2446199.32836 1.73926
2446210.23134 5.02672
2446221.13433 4.15392
2446232.03731 2.17112
2446242.94030 3.84270
2446253.84328 6.03550
2446264.74627 5.27446
2446275.64925 3.17456
2446461.00000 4.29465
2446471.90299 4.43244
2446482.80597 0.70707
2446493.70896 1.16313
2446504.61194 4.55943
2446515.51493 3.56239
2446526.41791 0.64791
2446537.32090 1.79421
2446548.22388 5.56322
2446559.12687 3.86994
2446570.02985 1.85585
2446580.93284 3.95633
2446591.83582 6.87967
2446602.73881 5.04312
2446613.64179 3.59374
2446624.54478 5.70596
2446635.44776 8.27717
2446831.70149 1.12924
2446842.60448 3.64488
2446853.50746 2.61572
2446864.41045 0.60893
2446875.31343 2.52914
2446886.21642 5.32136
2446897.11940 3.77362
2446908.02239 2.05729
2446918.92537 4.16243
2446929.82836 6.85801
2446940.73134 4.82937
2446951.63433 3.37598
2446962.53731 7.65665
2446973.44030 8.83402
2446984.34328 5.83876
2446995.24627 5.14703
2447006.14925 8.73134
2447191.50000 2.60864
2447202.40299 0.53726
2447213.30597 2.58926
2447224.20896 5.12389
2447235.11194 3.79407
2447246.01493 1.85891
2447256.91791 4.81488
2447267.82090 7.71570
2447278.72388 5.35057
2447289.62687 4.14355
2447300.52985 6.48940
2447311.43284 8.43354
2447322.33582 5.37496
2447333.23881 5.52231
2447344.14179 7.71219
2447355.04478 10.37143
2447365.94776 5.24212
2447562.20149 5.33796
2447573.10448 3.80925
2447584.00746 1.89679
2447594.91045 5.49588
2447605.81343 7.49836
2447616.71642 5.30637
2447627.61940 4.72456
2447638.52239 7.95851
2447649.42537 7.08913
2447660.32836 7.37809
2447671.23134 6.49719
2447682.13433 6.22108
2447693.03731 7.57472
2447703.94030 5.72701
2447714.84328 4.77713
2447725.74627 6.68741
2447736.64925 7.69672
2447922.00000 2.53026
2447932.90299 4.74391
2447943.80597 6.66298
2447954.70896 6.00975
2447965.61194 4.15800
2447976.51493 8.53045
2447987.41791 9.34351
2447998.32090 6.08416
2448009.22388 4.43964
2448020.12687 8.29813
2448031.02985 9.33017
2448041.93284 4.90610
2448052.83582 3.67678
2448063.73881 7.44295
2448074.64179 7.11968
2448085.54478 2.91263
2448096.44776 4.31205
2448292.70149 6.23676
2448303.60448 4.54247
2448314.50746 7.76438
2448325.41045 8.52033
2448336.31343 6.97297
2448347.21642 5.25264
2448358.11940 7.89607
2448369.02239 8.16030
2448379.92537 4.71802
2448390.82836 3.77315
2448401.73134 8.39792
2448412.63433 6.10478
2448423.53731 2.69655
2448434.44030 2.79231
2448445.34328 5.17433
2448456.24627 5.31566
2448467.14925 1.01754
2448652.50000 7.72928
2448663.40299 7.89879
2448674.30597 5.83860
2448685.20896 5.17156
2448696.11194 7.96052
2448707.01493 8.54612
2448717.91791 4.56819
2448728.82090 4.58640
2448739.72388 8.27755
2448750.62687 6.46531
2448761.52985 2.87983
2448772.43284 2.78676
2448783.33582 5.63799
2448794.23881 4.13355
2448805.14179 0.94654
2448816.04478 2.31910
2448826.94776 4.79381
2449023.20149 4.75663
2449034.10448 8.72018
2449045.00746 8.34648
2449055.91045 5.61593
2449066.81343 4.88774
2449077.71642 8.05422
2449088.61940 6.89351
2449099.52239 3.16800
2449110.42537 2.99126
2449121.32836 5.40234
2449132.23134 3.87365
2449143.13433 0.74212
2449154.03731 2.31671
2449164.94030 4.25194
2449175.84328 2.41845
2449186.74627 0.01683
2449197.64925 2.37542
2449383.00000 8.39976
2449393.90299 4.46327
2449404.80597 5.40321
2449415.70896 7.98502
2449426.61194 4.94772
2449437.51493 2.86964
2449448.41791 3.22996
2449459.32090 6.11365
2449470.22388 4.43615
2449481.12687 0.56000
2449492.02985 2.61029
2449502.93284 4.68966
2449513.83582 2.65102
2449524.73881 0.01095
2449535.64179 2.22336
2449546.54478 4.16481
2449557.44776 2.59171
2449753.70149 7.67987
2449764.60448 6.27398
2449775.50746 2.69911
2449786.41045 2.94171
2449797.31343 5.47688
2449808.21642 3.90265
2449819.11940 0.60284
2449830.02239 2.04377
2449840.92537 4.87511
2449851.82836 2.35080
2449862.73134 0.02438
2449873.63433 2.76475
2449884.53731 4.81517
2449895.44030 2.39802
2449906.34328 1.07291
2449917.24627 4.15091
2449928.14925 6.15661
2450113.50000 2.14184
2450124.40299 2.84059
2450135.30597 5.66682
2450146.20896 2.98030
2450157.11194 0.39464
2450168.01493 2.42941
2450178.91791 4.64383
2450189.82090 1.98956
2450200.72388 0.06961
2450211.62687 2.85653
2450222.52985 4.47069
2450233.43284 2.62285
2450244.33582 1.40839
2450255.23881 5.37688
2450266.14179 5.80073
2450277.04478 3.89573
2450287.94776 3.09553
2450484.20149 2.94781
2450495.10448 0.38669
2450506.00746 2.67656
2450516.91045 4.32932
2450527.81343 1.76534
2450538.71642 0.14151
2450549.61940 2.91384
2450560.52239 4.67813
2450571.42537 2.09151
2450582.32836 1.86773
2450593.23134 4.11607
2450604.13433 7.21601
2450615.03731 3.83367
2450625.94030 3.89402
2450636.84328 8.35450
2450647.74627 7.74092
2450658.64925 4.91335
2450844.00000 2.54271
2450854.90299 4.04453
2450865.80597 1.77526
2450876.70896 0.21544
2450887.61194 3.54600
2450898.51493 4.72826
2450909.41791 2.13918
2450920.32090 1.60127
2450931.22388 5.79166
2450942.12687 6.47715
2450953.02985 3.74799
2450963.93284 3.03202
2450974.83582 7.45976
2450985.73881 7.87888
2450996.64179 5.26524
2451007.54478 4.99280
2451018.44776 9.15252
2451214.70149 0.27591
2451225.60448 3.39753
2451236.50746 5.46245
2451247.41045 2.18691
2451258.31343 2.05336
2451269.21642 5.68212
2451280.11940 6.48495
2451291.02239 4.43619
2451301.92537 4.03637
2451312.82836 7.40874
2451323.73134 6.95545
2451334.63433 5.45449
2451345.53731 5.50816
2451356.44030 9.53516
2451367.34328 6.75938
2451378.24627 4.71570
2451389.14925 6.18901
2451574.50000 5.46991
2451585.40299 2.44826
2451596.30597 1.55325
2451607.20896 7.08760
2451618.11194 6.81565
2451629.01493 3.65646
2451639.91791 4.11874
2451650.82090 6.86454
2451661.72388 7.31976
2451672.62687 4.50060
2451683.52985 7.13219
2451694.43284 11.66905
2451705.33582 6.36870
2451716.23881 4.98631
2451727.14179 5.70558
2451738.04478 8.60744
2451748.94776 5.97339
2451945.20149 5.67101
2451956.10448 7.29237
2451967.00746 4.42751
2451977.91045 5.53761
2451988.81343 8.81782
2451999.71642 8.38657
2452010.61940 4.87685
2452021.52239 5.71285
2452032.42537 9.22994
2452043.32836 7.73893
2452054.23134 4.84106
2452065.13433 5.73459
2452076.03731 8.60987
2452086.94030 5.39315
2452097.84328 3.25986
2452108.74627 5.16206
2452119.64925 7.02392
2452305.00000 3.13186
2452315.90299 5.36504
2452326.80597 8.38395
2452337.70896 5.88231
2452348.61194 5.51340
2452359.51493 6.50101
2452370.41791 9.90966
2452381.32090 7.52510
2452392.22388 5.02467
2452403.12687 7.02044
2452414.02985 8.40647
2452424.93284 6.02174
2452435.83582 3.53196
2452446.73881 4.81303
2452457.64179 6.58959
2452468.54478 3.21564
2452479.44776 1.38119
2452675.70149 6.00108
2452686.60448 5.11855
2452697.50746 6.77728
2452708.41045 8.96613
2452719.31343 7.57314
2452730.21642 5.34958
2452741.11940 6.95680
2452752.02239 7.47476
2452762.92537 5.03837
2452773.82836 3.19294
2452784.73134 4.59581
2452795.63433 7.34875
2452806.53731 3.80153
2452817.44030 1.03170
2452828.34328 3.75931
2452839.24627 4.08833
2452850.14925 1.37987
2453035.50000 6.93666
2453046.40299 10.06122
2453057.30597 8.46443
2453068.20896 4.77067
2453079.11194 5.80414
2453090.01493 7.93617
2453100.91791 5.29077
2453111.82090 2.80857
2453122.72388 4.80438
2453133.62687 5.37145
2453144.52985 3.34876
2453155.43284 1.10080
2453166.33582 3.72087
2453177.23881 5.19748
2453188.14179 1.12209
2453199.04478 0.38202
2453209.94776 3.94606
2453406.20149 4.34072
2453417.10448 6.14751
2453428.00746 10.13824
2453438.91045 4.64177
2453449.81343 2.88064
2453460.71642 4.51300
2453471.61940 6.87044
2453482.52239 2.64845
2453493.42537 1.14909
2453504.32836 3.68689
2453515.23134 3.51767
2453526.13433 0.96943
2453537.03731 0.52480
2453547.94030 3.57133
2453558.84328 3.54175
2453569.74627 1.16866
2453580.64925 1.75946
2453766.00000 8.01970
2453776.90299 4.62343
2453787.80597 2.68332
2453798.70896 4.70094
2453809.61194 6.46704
2453820.51493 2.42416
2453831.41791 0.97214
2453842.32090 4.01574
2453853.22388 4.49527
2453864.12687 0.74815
2453875.02985 0.65989
2453885.93284 3.89337
2453896.83582 4.32538
2453907.73881 0.91797
2453918.64179 1.84649
2453929.54478 5.67506
2453940.44776 5.07428
2454136.70149 5.21359
2454147.60448 6.36786
2454158.50746 1.90762
2454169.41045 1.38878
2454180.31343 4.26551
2454191.21642 3.99449
2454202.11940 0.79995
2454213.02239 0.87843
2454223.92537 3.49574
2454234.82836 3.24869
2454245.73134 0.95879
2454256.63433 1.96936
2454267.53731 5.01138
2454278.44030 5.29036
2454289.34328 2.20421
2454300.24627 3.63685
2454311.14925 7.97919
2454496.50000 1.92538
2454507.40299 1.27199
2454518.30597 4.36726
2454529.20896 3.87086
2454540.11194 0.62855
2454551.01493 0.72461
2454561.91791 4.15689
2454572.82090 4.54385
2454583.72388 1.02479
2454594.62687 2.53836
2454605.52985 5.98571
2454616.43284 4.38794
2454627.33582 2.53456
2454638.23881 5.09823
2454649.14179 8.71743
2454660.04478 6.78452
2454670.94776 4.75676
2454867.20149 4.05866
2454878.10448 0.48898
2454889.00746 1.20141
2454899.91045 4.28423
2454910.81343 3.79542
2454921.71642 0.95813
2454932.61940 2.40559
2454943.52239 6.60641
2454954.42537 4.88078
2454965.32836 2.71322
2454976.23134 4.84065
2454987.13433 8.99415
2454998.03731 4.97997
2455008.94030 5.13427
2455019.84328 7.80456
2455030.74627 10.07472
2455041.64925 6.76801
2455227.00000 1.39314
2455237.90299 4.59919
2455248.80597 4.20386
2455259.70896 1.13688
2455270.61194 2.88687
2455281.51493 5.56532
2455292.41791 5.00173
2455303.32090 2.76156
2455314.22388 5.29688
2455325.12687 7.57192
2455336.02985 6.16964
2455346.93284 4.36846
2455357.83582 6.31786
2455368.73881 9.07066
2455379.64179 6.95914
2455390.54478 5.55445
2455401.44776 7.88553
2455597.70149 1.08035
2455608.60448 2.57106
2455619.50746 6.69296
2455630.41045 4.97842
2455641.31343 3.13094
2455652.21642 6.08107
2455663.11940 8.91386
2455674.02239 6.93775
2455684.92537 4.85588
2455695.82836 8.14245
2455706.73134 9.79408
2455717.63433 7.68199
2455728.53731 4.56255
2455739.44030 7.50657
2455750.34328 8.68628
2455761.24627 5.12524
2455772.14925 3.75838
2455957.50000 5.95778
