2445000.00000 7.76061
2445010.90299 4.21479
2445021.80597 -5.66228
2445032.70896 -7.77574
2445043.61194 1.26869
2445054.51493 8.01210
2445065.41791 1.21412
2445076.32090 -7.72475
2445087.22388 -6.22774
2445098.12687 2.88257
2445109.02985 6.27208
2445119.93284 -3.31995
2445130.83582 -11.36348
2445141.73881 -6.08724
2445152.64179 4.19695
2445163.54478 4.69751
2445174.44776 -5.54605
2445370.70149 0.41922
2445381.60448 -9.76633
2445392.50746 -15.85793
2445403.41045 -8.05868
2445414.31343 1.19378
2445425.21642 -2.53888
2445436.11940 -11.86555
2445447.02239 -16.40578
2445457.92537 -5.82623
2445468.82836 1.25379
2445479.73134 -4.96824
2445490.63433 -16.80603
2445501.53731 -10.44763
2445512.44030 -3.42503
2445523.34328 0.38670
2445534.24627 -9.38582
2445545.14925 -13.90134
2445730.50000 0.62013
2445741.40299 -6.25462
2445752.30597 -17.34971
2445763.20896 -10.31266
2445774.11194 -0.28700
2445785.01493 -0.41056
2445795.91791 -12.23248
2445806.82090 -16.17385
2445817.72388 -8.79012
2445828.62687 1.69067
2445839.52985 -1.54994
2445850.43284 -13.36397
2445861.33582 -13.22838
2445872.23881 -3.98097
2445883.14179 2.50645
2445894.04478 -4.63396
2445904.94776 -12.21675
2446101.20149 -0.23983
2446112.10448 -9.66405
2446123.00746 -6.76357
2446133.91045 3.70944
2446144.81343 6.65938
2446155.71642 -1.90191
2446166.61940 -9.21071
2446177.52239 -3.76857
2446188.42537 7.92068
2446199.32836 6.90013
2446210.23134 -3.57630
2446221.13433 -8.03276
2446232.03731 0.36842
2446242.94030 9.14829
2446253.84328 5.06605
2446264.74627 -4.17816
2446275.64925 -6.24969
2446461.00000 8.78544
2446471.90299 -0.97811
2446482.80597 -2.03904
2446493.70896 8.48711
2446504.61194 16.26549
2446515.51493 8.42741
2446526.41791 -1.68324
2446537.32090 0.79588
2446548.22388 13.11375
2446559.12687 11.23167
2446570.02985 5.39279
2446580.93284 -1.91968
2446591.83582 3.99069
2446602.73881 17.28791
2446613.64179 13.64453
2446624.54478 3.37269
2446635.44776 -1.14196
2446831.70149 4.16279
2446842.60448 -0.53474
2446853.50746 8.18437
2446864.41045 15.97215
2446875.31343 10.70086
2446886.21642 1.46771
2446897.11940 0.40440
2446908.02239 9.00188
2446918.92537 17.44600
2446929.82836 9.26305
2446940.73134 -0.53344
2446951.63433 2.17150
2446962.53731 16.04400
2446973.44030 14.57381
2446984.34328 4.46669
2446995.24627 -1.80755
2447006.14925 3.68360
2447191.50000 2.51104
2447202.40299 -5.02081
2447213.30597 0.76934
2447224.20896 14.64527
2447235.11194 11.11712
2447246.01493 -1.51396
2447256.91791 -5.50541
2447267.82090 2.57300
2447278.72388 10.11745
2447289.62687 6.33216
2447300.52985 -4.68305
2447311.43284 -6.80680
2447322.33582 4.34997
2447333.23881 9.53184
2447344.14179 2.33084
2447355.04478 -6.06141
2447365.94776 -3.61843
2447562.20149 -10.48547
2447573.10448 -9.09422
2447584.00746 1.28398
2447594.91045 4.33907
2447605.81343 -6.35145
2447616.71642 -12.47790
2447627.61940 -7.62551
2447638.52239 2.29943
2447649.42537 1.24562
2447660.32836 -12.32098
2447671.23134 -13.54203
2447682.13433 -4.76721
2447693.03731 3.35330
2447703.94030 -2.19210
2447714.84328 -9.90253
2447725.74627 -13.74805
2447736.64925 -3.20891
2447922.00000 -14.95761
2447932.90299 -14.23964
2447943.80597 -5.54187
2447954.70896 0.67111
2447965.61194 -7.08222
2447976.51493 -16.55270
2447987.41791 -12.47644
2447998.32090 -2.42157
2448009.22388 -0.21609
2448020.12687 -9.74923
2448031.02985 -13.08332
2448041.93284 -9.64867
2448052.83582 -0.27525
2448063.73881 -1.78606
2448074.64179 -13.72384
2448085.54478 -15.78262
2448096.44776 -7.86387
2448292.70149 -13.74622
2448303.60448 -4.20955
2448314.50746 3.96317
2448325.41045 -1.30004
2448336.31343 -11.98133
2448347.21642 -10.62781
2448358.11940 -0.72412
2448369.02239 5.13218
2448379.92537 -2.81223
2448390.82836 -13.32844
2448401.73134 -8.32975
2448412.63433 2.44537
2448423.53731 5.07159
2448434.44030 -4.66851
2448445.34328 -13.76366
2448456.24627 -4.91433
2448467.14925 5.95353
2448652.50000 -7.97048
2448663.40299 -0.12335
2448674.30597 9.76663
2448685.20896 8.27681
2448696.11194 -2.46141
2448707.01493 -5.29456
2448717.91791 4.08955
2448728.82090 13.98695
2448739.72388 6.15864
2448750.62687 -2.78083
2448761.52985 -2.91374
2448772.43284 8.28337
2448783.33582 12.71593
2448794.23881 4.90574
2448805.14179 -4.02801
2448816.04478 0.21420
2448826.94776 11.96309
2449023.20149 2.38970
2449034.10448 15.37363
2449045.00746 18.16848
2449055.91045 5.04254
2449066.81343 -0.82904
2449077.71642 6.01590
2449088.61940 15.69519
2449099.52239 12.55470
2449110.42537 2.97551
2449121.32836 -0.18190
2449132.23134 7.40093
2449143.13433 19.54782
2449154.03731 10.66129
2449164.94030 1.17923
2449175.84328 1.30427
2449186.74627 12.86306
2449197.64925 18.98410
2449383.00000 0.01429
2449393.90299 8.18052
2449404.80597 14.57565
2449415.70896 7.46567
2449426.61194 -2.25063
2449437.51493 1.70288
2449448.41791 12.95894
2449459.32090 14.35158
2449470.22388 2.80795
2449481.12687 -3.80566
2449492.02985 3.52591
2449502.93284 12.72054
2449513.83582 10.30860
2449524.73881 -0.54279
2449535.64179 -3.93420
2449546.54478 4.77691
2449557.44776 13.86176
2449753.70149 1.01771
2449764.60448 7.78816
2449775.50746 2.65228
2449786.41045 -8.68049
2449797.31343 -7.95403
2449808.21642 3.39577
2449819.11940 8.35991
2449830.02239 -1.53980
2449840.92537 -9.60608
2449851.82836 -5.32034
2449862.73134 4.21521
2449873.63433 4.54978
2449884.53731 -5.51814
2449895.44030 -10.55416
2449906.34328 -5.00082
2449917.24627 4.76201
2449928.14925 1.94474
2450113.50000 -8.61704
2450124.40299 1.36770
2450135.30597 -1.63706
2450146.20896 -12.12192
2450157.11194 -17.85644
2450168.01493 -6.68880
2450178.91791 1.42984
2450189.82090 -4.14498
2450200.72388 -13.91682
2450211.62687 -15.04970
2450222.52985 -3.06626
2450233.43284 0.84154
2450244.33582 -7.88371
2450255.23881 -17.09764
2450266.14179 -12.16677
2450277.04478 -1.72732
2450287.94776 -0.71350
2450484.20149 -1.11632
2450495.10448 -0.19773
2450506.00746 -10.42870
2450516.91045 -17.33646
2450527.81343 -9.21502
2450538.71642 1.05598
2450549.61940 -1.79198
2450560.52239 -10.24422
2450571.42537 -16.07604
2450582.32836 -5.17380
2450593.23134 2.20713
2450604.13433 -2.88705
2450615.03731 -12.04826
2450625.94030 -13.70653
2450636.84328 -1.49354
2450647.74627 2.64895
2450658.64925 -5.54944
2450844.00000 2.77529
2450854.90299 6.57122
2450865.80597 -1.73126
2450876.70896 -9.25025
2450887.61194 -5.56473
2450898.51493 6.65518
2450909.41791 6.13278
2450920.32090 -4.41286
2450931.22388 -9.62154
2450942.12687 -1.00610
2450953.02985 8.55775
2450963.93284 6.09835
2450974.83582 -5.59955
2450985.73881 -7.30808
2450996.64179 3.03881
2451007.54478 9.47039
2451018.44776 4.61775
2451214.70149 16.83250
2451225.60448 8.79914
2451236.50746 -1.64016
2451247.41045 -0.24166
2451258.31343 10.02684
2451269.21642 15.73635
2451280.11940 5.42917
2451291.02239 -2.22482
2451301.92537 2.61879
2451312.82836 15.50155
2451323.73134 12.69584
2451334.63433 4.10267
2451345.53731 -1.46175
2451356.44030 5.15243
2451367.34328 14.53505
2451378.24627 13.04470
2451389.14925 1.88582
2451574.50000 14.69815
2451585.40299 13.18359
2451596.30597 2.66395
2451607.20896 0.18286
2451618.11194 10.99872
2451629.01493 15.36007
2451639.91791 11.06276
2451650.82090 0.03864
2451661.72388 1.84941
2451672.62687 15.26697
2451683.52985 16.80814
2451694.43284 6.90806
2451705.33582 -1.59637
2451716.23881 4.01726
2451727.14179 17.55193
2451738.04478 18.73056
2451748.94776 3.62095
2451945.20149 11.61518
2451956.10448 -0.07481
2451967.00746 -5.94129
2451977.91045 2.11164
2451988.81343 12.07268
2451999.71642 7.98777
2452010.61940 -3.84549
2452021.52239 -5.11605
2452032.42537 4.79459
2452043.32836 10.05309
2452054.23134 3.21149
2452065.13433 -6.97001
2452076.03731 -5.33622
2452086.94030 5.97267
2452097.84328 9.02680
2452108.74627 -0.50228
2452119.64925 -8.68132
2452305.00000 4.89146
2452315.90299 -4.82757
2452326.80597 -13.60654
2452337.70896 -7.38426
2452348.61194 2.56781
2452359.51493 2.01300
2452370.41791 -8.98386
2452381.32090 -14.39788
2452392.22388 -5.47777
2452403.12687 2.98989
2452414.02985 -1.05261
2452424.93284 -14.07231
2452435.83582 -12.47909
2452446.73881 -4.79725
2452457.64179 2.60665
2452468.54478 -3.89292
2452479.44776 -15.08685
2452675.70149 -7.07526
2452686.60448 -16.89363
2452697.50746 -16.40362
2452708.41045 -2.85853
2452719.31343 0.07442
2452730.21642 -9.23569
2452741.11940 -16.74910
2452752.02239 -11.20045
2452762.92537 -0.99052
2452773.82836 -1.55317
2452784.73134 -14.32900
2452795.63433 -16.56826
2452806.53731 -7.75662
2452817.44030 0.67656
2452828.34328 -2.97819
2452839.24627 -14.67756
2452850.14925 -16.97195
2453035.50000 -0.88868
2453046.40299 -13.68538
2453057.30597 -13.02727
2453068.20896 -2.49388
2453079.11194 4.50948
2453090.01493 -2.75213
2453100.91791 -11.86565
2453111.82090 -10.76980
2453122.72388 1.39942
2453133.62687 4.44676
2453144.52985 -4.89105
2453155.43284 -13.88234
2453166.33582 -5.81418
2453177.23881 4.96281
2453188.14179 4.23817
2453199.04478 -6.52119
2453209.94776 -11.30929
2453406.20149 -2.21425
2453417.10448 -5.17674
2453428.00746 2.33124
2453438.91045 11.13092
2453449.81343 6.58599
2453460.71642 -3.04208
2453471.61940 -4.39407
2453482.52239 6.97920
2453493.42537 12.74241
2453504.32836 6.16137
2453515.23134 -3.77442
2453526.13433 -1.02782
2453537.03731 11.17786
2453547.94030 14.23780
2453558.84328 3.70897
2453569.74627 -4.00769
2453580.64925 2.32045
2453766.00000 6.88328
2453776.90299 -0.98288
2453787.80597 4.87372
2453798.70896 15.65369
2453809.61194 14.55849
2453820.51493 3.66606
2453831.41791 -0.51002
2453842.32090 9.21399
2453853.22388 15.99336
2453864.12687 13.33399
2453875.02985 1.35441
2453885.93284 0.63548
2453896.83582 10.76962
2453907.73881 15.36864
2453918.64179 10.22654
2453929.54478 -0.01233
2453940.44776 2.79298
2454136.70149 -1.58910
2454147.60448 1.17658
2454158.50746 12.21362
2454169.41045 13.18868
2454180.31343 4.86851
2454191.21642 -3.26657
2454202.11940 3.03973
2454213.02239 13.58384
2454223.92537 11.98766
2454234.82836 0.59117
2454245.73134 -3.30171
2454256.63433 5.33016
2454267.53731 13.06853
2454278.44030 8.26121
2454289.34328 -2.49575
2454300.24627 -3.37052
2454311.14925 7.33746
2454496.50000 -6.62252
2454507.40299 -8.86334
2454518.30597 2.62178
2454529.20896 7.95770
2454540.11194 -0.00706
2454551.01493 -11.54445
2454561.91791 -8.25646
2454572.82090 4.37704
2454583.72388 6.32304
2454594.62687 -4.27891
2454605.52985 -12.47662
2454616.43284 -4.95822
2454627.33582 5.38149
2454638.23881 3.38051
2454649.14179 -7.51478
2454660.04478 -11.20262
2454670.94776 -3.67083
2454867.20149 -16.57421
2454878.10448 -5.19106
2454889.00746 1.64434
2454899.91045 -3.87265
2454910.81343 -13.67376
2454921.71642 -15.69692
2454932.61940 -4.24937
2454943.52239 0.92351
2454954.42537 -7.47778
2454965.32836 -17.97846
2454976.23134 -11.29233
2454987.13433 -2.64798
2454998.03731 -0.11900
2455008.94030 -9.45211
2455019.84328 -15.94129
2455030.74627 -11.71449
2455041.64925 -0.38621
2455227.00000 -14.03546
2455237.90299 -8.38740
2455248.80597 0.43038
2455259.70896 -1.16618
2455270.61194 -12.88184
2455281.51493 -18.09132
2455292.41791 -7.07753
2455303.32090 1.73041
2455314.22388 -3.17921
2455325.12687 -12.93938
2455336.02985 -13.85634
2455346.93284 -2.91108
2455357.83582 2.83906
2455368.73881 -6.54818
2455379.64179 -14.64026
2455390.54478 -11.09984
2455401.44776 0.61080
2455597.70149 -6.57383
2455608.60448 4.76404
2455619.50746 6.39981
2455630.41045 -3.87854
2455641.31343 -8.85217
2455652.21642 -2.20297
2455663.11940 6.63837
2455674.02239 5.41948
2455684.92537 -4.61636
2455695.82836 -7.24876
2455706.73134 1.63063
2455717.63433 11.42896
2455728.53731 3.63193
2455739.44030 -5.16618
2455750.34328 -5.29238
2455761.24627 6.95777
2455772.14925 12.03552
2455957.50000 -1.31734
