2445000.00000 -3.08479
2445010.90299 -0.54260
2445021.80597 -2.14432
2445032.70896 -7.47756
2445043.61194 -9.05077
2445054.51493 -6.29255
2445065.41791 -3.58060
2445076.32090 -0.66190
2445087.22388 -2.46659
2445098.12687 -7.54509
2445109.02985 -10.13342
2445119.93284 -6.52713
2445130.83582 -2.74383
2445141.73881 -0.64868
2445152.64179 -2.61736
2445163.54478 -6.19788
2445174.44776 -9.55104
2445370.70149 -9.16914
2445381.60448 -6.35556
2445392.50746 -1.42768
2445403.41045 -0.26038
2445414.31343 -3.49104
2445425.21642 -6.48263
2445436.11940 -9.02406
2445447.02239 -4.47996
2445457.92537 -1.05799
2445468.82836 -0.01625
2445479.73134 -3.26938
2445490.63433 -6.50638
2445501.53731 -7.63287
2445512.44030 -3.83886
2445523.34328 -0.34293
2445534.24627 0.25886
2445545.14925 -3.12164
2445730.50000 1.56925
2445741.40299 -2.17764
2445752.30597 -6.00286
2445763.20896 -5.53907
2445774.11194 -1.23841
2445785.01493 2.29490
2445795.91791 1.81707
2445806.82090 -2.20935
2445817.72388 -5.36948
2445828.62687 -4.07094
2445839.52985 -0.23931
2445850.43284 3.49284
2445861.33582 2.68504
2445872.23881 -1.85447
2445883.14179 -5.50172
2445894.04478 -4.22070
2445904.94776 0.69700
2446101.20149 3.84676
2446112.10448 5.49353
2446123.00746 4.02726
2446133.91045 -0.08758
2446144.81343 -2.19239
2446155.71642 -0.10530
2446166.61940 4.32922
2446177.52239 8.17428
2446188.42537 4.14554
2446199.32836 0.23264
2446210.23134 -1.79019
2446221.13433 0.73040
2446232.03731 4.81245
2446242.94030 7.76735
2446253.84328 5.01217
2446264.74627 0.59343
2446275.64925 -1.06911
2446461.00000 1.65163
2446471.90299 0.28617
2446482.80597 3.70114
2446493.70896 7.92508
2446504.61194 7.89867
2446515.51493 5.76602
2446526.41791 1.17189
2446537.32090 0.75243
2446548.22388 4.90940
2446559.12687 8.82533
2446570.02985 10.85426
2446580.93284 4.66032
2446591.83582 1.22872
2446602.73881 1.12351
2446613.64179 5.40326
2446624.54478 9.56287
2446635.44776 11.35596
2446831.70149 8.83624
2446842.60448 4.98338
2446853.50746 0.88345
2446864.41045 1.24217
2446875.31343 5.63566
2446886.21642 8.99980
2446897.11940 8.77451
2446908.02239 4.12445
2446918.92537 0.65556
2446929.82836 1.41598
2446940.73134 5.12918
2446951.63433 9.75476
2446962.53731 7.60200
2446973.44030 3.32574
2446984.34328 0.15437
2446995.24627 1.50438
2447006.14925 5.26670
2447191.50000 0.80570
2447202.40299 6.31662
2447213.30597 7.77193
2447224.20896 5.09626
2447235.11194 0.37828
2447246.01493 -2.04645
2447256.91791 0.41801
2447267.82090 4.73244
2447278.72388 6.61134
2447289.62687 3.23857
2447300.52985 -0.52880
2447311.43284 -2.13729
2447322.33582 0.13740
2447333.23881 5.12895
2447344.14179 5.58351
2447355.04478 4.13983
2447365.94776 -1.69351
2447562.20149 -4.17158
2447573.10448 -5.33768
2447584.00746 -1.42845
2447594.91045 2.62778
2447605.81343 3.01219
2447616.71642 -0.58301
2447627.61940 -4.76958
2447638.52239 -4.77702
2447649.42537 -1.99469
2447660.32836 2.45180
2447671.23134 2.36179
2447682.13433 -1.81747
2447693.03731 -6.66581
2447703.94030 -6.08358
2447714.84328 -2.52590
2447725.74627 1.59473
2447736.64925 1.57616
2447922.00000 0.35951
2447932.90299 -0.68151
2447943.80597 -5.42128
2447954.70896 -8.94625
2447965.61194 -8.88187
2447976.51493 -3.71732
2447987.41791 0.03620
2447998.32090 -1.20095
2448009.22388 -5.76874
2448020.12687 -10.38848
2448031.02985 -7.92339
2448041.93284 -3.38871
2448052.83582 -0.28796
2448063.73881 -1.61539
2448074.64179 -6.56273
2448085.54478 -10.16211
2448096.44776 -7.54446
2448292.70149 -7.10666
2448303.60448 -2.95535
2448314.50746 -0.62908
2448325.41045 -3.33969
2448336.31343 -8.17213
2448347.21642 -10.02607
2448358.11940 -9.36324
2448369.02239 -2.44733
2448379.92537 -0.74189
2448390.82836 -3.89529
2448401.73134 -9.81935
2448412.63433 -10.67918
2448423.53731 -6.04433
2448434.44030 -2.19486
2448445.34328 -0.49869
2448456.24627 -2.77797
2448467.14925 -8.37230
2448652.50000 -3.45622
2448663.40299 -8.87366
2448674.30597 -9.48922
2448685.20896 -4.20232
2448696.11194 0.18614
2448707.01493 0.51833
2448717.91791 -3.93059
2448728.82090 -8.62477
2448739.72388 -6.70085
2448750.62687 -3.27320
2448761.52985 1.04096
2448772.43284 1.00041
2448783.33582 -3.31125
2448794.23881 -8.33036
2448805.14179 -7.40246
2448816.04478 -2.19182
2448826.94776 1.95487
2449023.20149 3.80713
2449034.10448 2.95533
2449045.00746 -1.71562
2449055.91045 -4.87161
2449066.81343 -2.54106
2449077.71642 1.87841
2449088.61940 5.09381
2449099.52239 3.13852
2449110.42537 -1.24802
2449121.32836 -5.09529
2449132.23134 -2.06819
2449143.13433 2.86879
2449154.03731 5.83282
2449164.94030 3.90939
2449175.84328 -0.70083
2449186.74627 -2.61101
2449197.64925 -1.24707
2449383.00000 -1.40320
2449393.90299 1.34264
2449404.80597 5.45017
2449415.70896 8.26113
2449426.61194 5.28105
2449437.51493 0.81414
2449448.41791 -0.88110
2449459.32090 2.36418
2449470.22388 7.71073
2449481.12687 9.77497
2449492.02985 5.75260
2449502.93284 0.93090
2449513.83582 -0.28700
2449524.73881 4.13355
2449535.64179 8.32694
2449546.54478 9.45870
2449557.44776 6.12960
2449753.70149 6.26298
2449764.60448 1.35784
2449775.50746 1.34043
2449786.41045 4.97879
2449797.31343 9.95196
2449808.21642 12.07939
2449819.11940 6.05827
2449830.02239 1.29603
2449840.92537 2.20284
2449851.82836 5.65028
2449862.73134 10.56659
2449873.63433 10.19890
2449884.53731 5.89424
2449895.44030 1.08862
2449906.34328 1.72162
2449917.24627 6.27872
2449928.14925 13.51253
2450113.50000 7.29726
2450124.40299 8.28495
2450135.30597 7.07574
2450146.20896 2.96179
2450157.11194 -0.16680
2450168.01493 1.54629
2450178.91791 6.45277
2450189.82090 8.33640
2450200.72388 7.50090
2450211.62687 2.39615
2450222.52985 -0.66337
2450233.43284 1.50107
2450244.33582 6.00998
2450255.23881 9.17374
2450266.14179 6.68320
2450277.04478 1.22003
2450287.94776 -1.53900
2450484.20149 -2.76459
2450495.10448 0.02170
2450506.00746 5.31184
2450516.91045 6.80082
2450527.81343 2.35363
2450538.71642 -2.57223
2450549.61940 -3.43388
2450560.52239 -0.41501
2450571.42537 4.80777
2450582.32836 5.22262
2450593.23134 1.46249
2450604.13433 -3.09444
2450615.03731 -3.81452
2450625.94030 -0.85441
2450636.84328 4.41523
2450647.74627 3.39684
2450658.64925 0.56979
2450844.00000 1.73643
2450854.90299 -2.66740
2450865.80597 -6.63429
2450876.70896 -7.51983
2450887.61194 -2.44862
2450898.51493 1.70287
2450909.41791 1.11324
2450920.32090 -3.59072
2450931.22388 -7.41950
2450942.12687 -6.99523
2450953.02985 -3.44986
2450963.93284 1.12975
2450974.83582 0.24831
2450985.73881 -4.78778
2450996.64179 -8.67006
2451007.54478 -6.89048
2451018.44776 -3.30094
2451214.70149 -3.13891
2451225.60448 -0.41170
2451236.50746 -2.64981
2451247.41045 -7.87361
2451258.31343 -11.55928
2451269.21642 -8.32123
2451280.11940 -3.01974
2451291.02239 -0.56482
2451301.92537 -3.03350
2451312.82836 -7.70618
2451323.73134 -10.29623
2451334.63433 -8.38580
2451345.53731 -3.26334
2451356.44030 -0.84729
2451367.34328 -4.06024
2451378.24627 -8.26711
2451389.14925 -12.94402
2451574.50000 -9.47009
2451585.40299 -11.70946
2451596.30597 -6.28781
2451607.20896 -1.81654
2451618.11194 -0.55034
2451629.01493 -3.90900
2451639.91791 -9.57118
2451650.82090 -9.51995
2451661.72388 -7.22096
2451672.62687 -1.32633
2451683.52985 -0.36456
2451694.43284 -3.33188
2451705.33582 -9.57664
2451716.23881 -10.22368
2451727.14179 -5.70293
2451738.04478 -0.69331
2451748.94776 -0.03118
2451945.20149 1.43750
2451956.10448 -3.42046
2451967.00746 -7.00921
2451977.91045 -6.77638
2451988.81343 -1.82875
2451999.71642 2.24538
2452010.61940 1.76001
2452021.52239 -2.87159
2452032.42537 -6.58654
2452043.32836 -5.84876
2452054.23134 -0.62338
2452065.13433 3.41344
2452076.03731 1.88940
2452086.94030 -2.46145
2452097.84328 -5.25751
2452108.74627 -5.02180
2452119.64925 0.41914
2452305.00000 -1.79329
2452315.90299 4.02977
2452326.80597 6.99880
2452337.70896 4.81475
2452348.61194 -0.69067
2452359.51493 -3.57559
2452370.41791 -0.58045
2452381.32090 4.49257
2452392.22388 6.01360
2452403.12687 5.08337
2452414.02985 -0.31623
2452424.93284 -2.58178
2452435.83582 0.48120
2452446.73881 6.01757
2452457.64179 8.64003
2452468.54478 5.14859
2452479.44776 0.11361
2452675.70149 1.05331
2452686.60448 0.08691
2452697.50746 4.42837
2452708.41045 9.20534
2452719.31343 9.73836
2452730.21642 6.88131
2452741.11940 1.51950
2452752.02239 0.64314
2452762.92537 4.70919
2452773.82836 8.71337
2452784.73134 11.98440
2452795.63433 5.83211
2452806.53731 1.50494
2452817.44030 0.90361
2452828.34328 5.12538
2452839.24627 9.82797
2452850.14925 10.34044
2453035.50000 10.14668
2453046.40299 10.22028
2453057.30597 4.34256
2453068.20896 1.10352
2453079.11194 2.14837
2453090.01493 6.38005
2453100.91791 13.13026
2453111.82090 10.40854
2453122.72388 4.72415
2453133.62687 0.75971
2453144.52985 2.44179
2453155.43284 7.06960
2453166.33582 9.61168
2453177.23881 8.95345
2453188.14179 3.87400
2453199.04478 0.45690
2453209.94776 2.23275
2453406.20149 1.49905
2453417.10448 6.78187
2453428.00746 8.59077
2453438.91045 5.92950
2453449.81343 0.85832
2453460.71642 -1.48292
2453471.61940 1.06679
2453482.52239 6.12044
2453493.42537 7.59572
2453504.32836 4.69270
2453515.23134 -0.15096
2453526.13433 -2.23056
2453537.03731 0.77870
2453547.94030 7.05481
2453558.84328 8.30386
2453569.74627 3.82582
2453580.64925 -1.07222
2453766.00000 0.92749
2453776.90299 -4.49909
2453787.80597 -4.69723
2453798.70896 -1.11966
2453809.61194 4.02423
2453820.51493 4.23641
2453831.41791 -0.28131
2453842.32090 -5.21054
2453853.22388 -7.12515
2453864.12687 -1.46604
2453875.02985 3.11001
2453885.93284 3.15409
2453896.83582 -1.31021
2453907.73881 -4.99647
2453918.64179 -5.68265
2453929.54478 -1.96118
2453940.44776 2.11776
2454136.70149 0.89061
2454147.60448 -0.36255
2454158.50746 -4.39550
2454169.41045 -9.30846
2454180.31343 -8.51567
2454191.21642 -2.59222
2454202.11940 0.35667
2454213.02239 -1.38726
2454223.92537 -5.85587
2454234.82836 -9.03909
2454245.73134 -10.34860
2454256.63433 -3.93065
2454267.53731 0.00163
2454278.44030 -2.08700
2454289.34328 -7.82312
2454300.24627 -9.12805
2454311.14925 -9.49586
2454496.50000 -11.64720
2454507.40299 -9.04416
2454518.30597 -3.18823
2454529.20896 -0.92485
2454540.11194 -3.38715
2454551.01493 -10.12366
2454561.91791 -12.76525
2454572.82090 -7.40636
2454583.72388 -2.62463
2454594.62687 -0.88796
2454605.52985 -4.74826
2454616.43284 -8.77904
2454627.33582 -10.24142
2454638.23881 -7.34659
2454649.14179 -2.97239
2454660.04478 -0.70077
2454670.94776 -4.83039
2454867.20149 -4.35268
2454878.10448 -9.41184
2454889.00746 -9.24830
2454899.91045 -5.13351
2454910.81343 -0.15260
2454921.71642 0.10993
2454932.61940 -4.06316
2454943.52239 -7.61964
2454954.42537 -8.09182
2454965.32836 -3.54117
2454976.23134 0.54712
2454987.13433 0.43207
2454998.03731 -4.20859
2455008.94030 -7.00097
2455019.84328 -7.53330
2455030.74627 -2.77792
2455041.64925 1.44284
2455227.00000 0.14914
2455237.90299 4.55785
2455248.80597 2.46276
2455259.70896 -2.33041
2455270.61194 -5.78278
2455281.51493 -3.80031
2455292.41791 1.30174
2455303.32090 4.42737
2455314.22388 3.07811
2455325.12687 -2.18441
2455336.02985 -4.28288
2455346.93284 -3.32765
2455357.83582 2.37248
2455368.73881 5.69017
2455379.64179 3.89648
2455390.54478 -1.82776
2455401.44776 -4.06168
2455597.70149 -2.40374
2455608.60448 1.12593
2455619.50746 7.20750
2455630.41045 8.18191
2455641.31343 4.91413
2455652.21642 0.19994
2455663.11940 -1.16867
2455674.02239 2.09397
2455684.92537 7.37857
2455695.82836 8.64521
2455706.73134 6.58464
2455717.63433 0.53128
2455728.53731 -0.50541
2455739.44030 3.16840
2455750.34328 8.41153
2455761.24627 9.59862
2455772.14925 4.97271
2455957.50000 12.15111
