2445000.00000 4.58797
2445010.90299 1.41781
2445021.80597 10.69070
2445032.70896 2.00504
2445043.61194 6.53148
2445054.51493 6.74259
2445065.41791 2.52570
2445076.32090 11.70926
2445087.22388 3.34243
2445098.12687 7.23457
2445109.02985 9.07656
2445119.93284 3.53203
2445130.83582 11.81300
2445141.73881 4.68353
2445152.64179 6.64532
2445163.54478 11.16338
2445174.44776 3.78574
2445370.70149 4.90111
2445381.60448 9.72620
2445392.50746 2.54262
2445403.41045 7.88446
2445414.31343 6.03829
2445425.21642 3.23055
2445436.11940 9.71195
2445447.02239 1.41270
2445457.92537 6.73282
2445468.82836 5.20265
2445479.73134 1.55840
2445490.63433 7.72999
2445501.53731 0.33513
2445512.44030 4.86581
2445523.34328 4.31171
2445534.24627 -0.51436
2445545.14925 6.12499
2445730.50000 -3.82330
2445741.40299 -0.65304
2445752.30597 -8.66225
2445763.20896 -1.09561
2445774.11194 -5.99650
2445785.01493 -7.17889
2445795.91791 -1.66137
2445806.82090 -9.78650
2445817.72388 -2.59001
2445828.62687 -7.32781
2445839.52985 -8.03380
2445850.43284 -2.60129
2445861.33582 -9.39182
2445872.23881 -4.74965
2445883.14179 -8.08532
2445894.04478 -10.86586
2445904.94776 -3.00617
2446101.20149 -6.39573
2446112.10448 -12.25381
2446123.00746 -2.87784
2446133.91045 -10.66283
2446144.81343 -6.59430
2446155.71642 -4.59261
2446166.61940 -11.15925
2446177.52239 -2.10290
2446188.42537 -7.68931
2446199.32836 -6.05126
2446210.23134 -2.28897
2446221.13433 -7.99069
2446232.03731 -1.28215
2446242.94030 -6.74756
2446253.84328 -4.00442
2446264.74627 -0.75487
2446275.64925 -7.17795
2446461.00000 2.66859
2446471.90299 -0.35850
2446482.80597 6.29410
2446493.70896 -0.20404
2446504.61194 5.03016
2446515.51493 5.27526
2446526.41791 0.74546
2446537.32090 7.93321
2446548.22388 1.62510
2446559.12687 5.61616
2446570.02985 6.36591
2446580.93284 1.98576
2446591.83582 8.32141
2446602.73881 2.98008
2446613.64179 6.26882
2446624.54478 7.42292
2446635.44776 2.62524
2446831.70149 6.62633
2446842.60448 11.04181
2446853.50746 3.29208
2446864.41045 9.90352
2446875.31343 6.94044
2446886.21642 5.45041
2446897.11940 10.73368
2446908.02239 2.88343
2446918.92537 8.59271
2446929.82836 5.70853
2446940.73134 3.34091
2446951.63433 8.80953
2446962.53731 2.03797
2446973.44030 7.50470
2446984.34328 5.51944
2446995.24627 1.73327
2447006.14925 7.12518
2447191.50000 -1.52415
2447202.40299 1.38858
2447213.30597 -5.43081
2447224.20896 1.34818
2447235.11194 -3.43360
2447246.01493 -3.20421
2447256.91791 0.10853
2447267.82090 -5.89730
2447278.72388 -0.48218
2447289.62687 -5.00374
2447300.52985 -5.24704
2447311.43284 -0.93407
2447322.33582 -8.56324
2447333.23881 -2.03894
2447344.14179 -5.24798
2447355.04478 -7.29648
2447365.94776 -2.03383
2447562.20149 -4.93582
2447573.10448 -9.56439
2447584.00746 -3.45664
2447594.91045 -10.19432
2447605.81343 -6.61179
2447616.71642 -5.04344
2447627.61940 -7.81029
2447638.52239 -3.27654
2447649.42537 -9.09109
2447660.32836 -6.70789
2447671.23134 -3.68730
2447682.13433 -9.17308
2447693.03731 -2.76802
2447703.94030 -7.00908
2447714.84328 -6.74453
2447725.74627 -2.80954
2447736.64925 -9.11779
2447922.00000 0.10170
2447932.90299 -2.11724
2447943.80597 4.09525
2447954.70896 -2.58299
2447965.61194 2.18695
2447976.51493 1.98689
2447987.41791 -0.93780
2447998.32090 5.54784
2448009.22388 -0.61858
2448020.12687 3.65970
2448031.02985 3.88014
2448041.93284 0.15747
2448052.83582 6.49719
2448063.73881 1.14551
2448074.64179 4.60069
2448085.54478 7.42006
2448096.44776 1.32740
2448292.70149 5.84110
2448303.60448 9.19800
2448314.50746 3.35665
2448325.41045 11.41320
2448336.31343 5.71340
2448347.21642 4.38026
2448358.11940 9.56639
2448369.02239 2.42503
2448379.92537 8.62787
2448390.82836 6.65075
2448401.73134 4.44031
2448412.63433 8.40819
2448423.53731 3.02552
2448434.44030 8.54237
2448445.34328 5.97222
2448456.24627 2.52583
2448467.14925 10.50578
2448652.50000 0.99700
2448663.40299 3.33218
2448674.30597 -3.01179
2448685.20896 3.79424
2448696.11194 -1.56692
2448707.01493 -0.95870
2448717.91791 2.01858
2448728.82090 -4.20833
2448739.72388 1.64704
2448750.62687 -2.29067
2448761.52985 -2.52935
2448772.43284 0.68100
2448783.33582 -5.84084
2448794.23881 -0.02489
2448805.14179 -3.62065
2448816.04478 -4.31950
2448826.94776 -0.36686
2449023.20149 -5.01419
2449034.10448 -9.16188
2449045.00746 -3.29107
2449055.91045 -8.87598
2449066.81343 -6.41427
2449077.71642 -5.36918
2449088.61940 -8.82903
2449099.52239 -2.96539
2449110.42537 -9.01655
2449121.32836 -5.42392
2449132.23134 -4.29306
2449143.13433 -9.80874
2449154.03731 -3.08374
2449164.94030 -8.29179
2449175.84328 -7.18067
2449186.74627 -3.13425
2449197.64925 -8.70232
2449383.00000 -2.38553
2449393.90299 -3.63934
2449404.80597 1.74832
2449415.70896 -4.08658
2449426.61194 0.57593
2449437.51493 -0.20915
2449448.41791 -2.68462
2449459.32090 2.87704
2449470.22388 -2.87787
2449481.12687 1.73534
2449492.02985 1.90967
2449502.93284 -1.64937
2449513.83582 4.15970
2449524.73881 -0.98855
2449535.64179 2.56949
2449546.54478 3.05441
2449557.44776 -0.42353
2449753.70149 4.49868
2449764.60448 9.13137
2449775.50746 2.86570
2449786.41045 8.82827
2449797.31343 5.07732
2449808.21642 4.49083
2449819.11940 9.10507
2449830.02239 3.17665
2449840.92537 7.79935
2449851.82836 5.80700
2449862.73134 3.42034
2449873.63433 9.38714
2449884.53731 3.57463
2449895.44030 8.71590
2449906.34328 5.81143
2449917.24627 3.63481
2449928.14925 8.68216
2450113.50000 2.81962
2450124.40299 5.05212
2450135.30597 -0.73547
2450146.20896 5.39501
2450157.11194 0.18200
2450168.01493 1.51138
2450178.91791 3.78794
2450189.82090 -2.05621
2450200.72388 4.03692
2450211.62687 -0.69555
2450222.52985 -0.39409
2450233.43284 2.29549
2450244.33582 -3.72605
2450255.23881 2.01090
2450266.14179 -1.74248
2450277.04478 -2.08222
2450287.94776 1.21552
2450484.20149 -4.24647
2450495.10448 -8.57605
2450506.00746 -2.76522
2450516.91045 -8.98273
2450527.81343 -4.25447
2450538.71642 -4.15716
2450549.61940 -7.57783
2450560.52239 -3.18694
2450571.42537 -8.95589
2450582.32836 -4.72345
2450593.23134 -5.03527
2450604.13433 -8.47240
2450615.03731 -3.19976
2450625.94030 -6.49005
2450636.84328 -5.88177
2450647.74627 -3.74427
2450658.64925 -8.36354
2450844.00000 -3.18279
2450854.90299 -4.82211
2450865.80597 -0.23685
2450876.70896 -6.30887
2450887.61194 -0.76486
2450898.51493 -2.42560
2450909.41791 -4.23985
2450920.32090 0.82780
2450931.22388 -4.99175
2450942.12687 -0.03140
2450953.02985 -0.57809
2450963.93284 -2.68018
2450974.83582 2.65589
2450985.73881 -3.07105
2450996.64179 0.78060
2451007.54478 1.26657
2451018.44776 -1.91444
2451214.70149 4.06490
2451225.60448 5.56471
2451236.50746 1.69985
2451247.41045 7.36218
2451258.31343 4.09191
2451269.21642 4.16647
2451280.11940 7.32796
2451291.02239 2.49798
2451301.92537 7.33789
2451312.82836 5.16227
2451323.73134 4.37157
2451334.63433 7.81231
2451345.53731 2.54588
2451356.44030 6.34382
2451367.34328 5.53108
2451378.24627 4.02930
2451389.14925 8.59759
2451574.50000 5.36854
2451585.40299 5.37937
2451596.30597 0.94344
2451607.20896 6.38482
2451618.11194 1.27259
2451629.01493 2.92309
2451639.91791 4.85351
2451650.82090 -0.19007
2451661.72388 6.05272
2451672.62687 0.67518
2451683.52985 1.50896
2451694.43284 3.41275
2451705.33582 -1.21095
2451716.23881 3.60229
2451727.14179 -0.09352
2451738.04478 -0.11586
2451748.94776 2.62444
2451945.20149 -3.19738
2451956.10448 -6.62966
2451967.00746 -1.02672
2451977.91045 -6.11719
2451988.81343 -2.54551
2451999.71642 -3.47870
2452010.61940 -6.71986
2452021.52239 -2.03205
2452032.42537 -6.20084
2452043.32836 -4.17528
2452054.23134 -3.80210
2452065.13433 -6.92337
2452076.03731 -2.35253
2452086.94030 -7.13303
2452097.84328 -4.51122
2452108.74627 -3.83147
2452119.64925 -9.53493
2452305.00000 -4.95705
2452315.90299 -6.11991
2452326.80597 -1.48268
2452337.70896 -5.49184
2452348.61194 -1.95943
2452359.51493 -3.63280
2452370.41791 -4.52543
2452381.32090 -0.49919
2452392.22388 -5.92580
2452403.12687 -1.37337
2452414.02985 -1.92224
2452424.93284 -4.29287
2452435.83582 0.53106
2452446.73881 -4.02958
2452457.64179 -0.55469
2452468.54478 -0.78308
2452479.44776 -4.01750
2452675.70149 2.66686
2452686.60448 4.67799
2452697.50746 0.62802
2452708.41045 6.26005
2452719.31343 3.29136
2452730.21642 3.19225
2452741.11940 6.73154
2452752.02239 1.27792
2452762.92537 5.72391
2452773.82836 3.70546
2452784.73134 3.75106
2452795.63433 7.21292
2452806.53731 1.96043
2452817.44030 5.50518
2452828.34328 4.13974
2452839.24627 3.06435
2452850.14925 6.64507
2453035.50000 5.50920
2453046.40299 7.30139
2453057.30597 2.11793
2453068.20896 6.17133
2453079.11194 2.22872
2453090.01493 4.39705
2453100.91791 5.29672
2453111.82090 1.04376
2453122.72388 5.81696
2453133.62687 1.83044
2453144.52985 3.08282
2453155.43284 4.51215
2453166.33582 0.13970
2453177.23881 4.44108
2453188.14179 1.12133
2453199.04478 1.70403
2453209.94776 3.85103
2453406.20149 -1.90934
2453417.10448 -3.57215
2453428.00746 0.10404
2453438.91045 -5.32905
2453449.81343 -1.72060
2453460.71642 -2.30392
2453471.61940 -5.57957
2453482.52239 -0.65631
2453493.42537 -5.30492
2453504.32836 -2.96617
2453515.23134 -2.84810
2453526.13433 -5.37519
2453537.03731 -1.51058
2453547.94030 -5.80709
2453558.84328 -3.01306
2453569.74627 -3.03183
2453580.64925 -7.47530
2453766.00000 -5.07942
2453776.90299 -5.82073
2453787.80597 -1.97220
2453798.70896 -6.15966
2453809.61194 -2.26056
2453820.51493 -4.42873
2453831.41791 -4.78480
2453842.32090 -1.53814
2453853.22388 -4.38380
2453864.12687 -1.98867
2453875.02985 -4.04386
2453885.93284 -5.59861
2453896.83582 -0.90442
2453907.73881 -4.60974
2453918.64179 -1.95071
2453929.54478 -2.18136
2453940.44776 -3.55540
2454136.70149 1.11544
2454147.60448 2.93274
2454158.50746 -0.75660
2454169.41045 4.03403
2454180.31343 0.93755
2454191.21642 1.40758
2454202.11940 4.30186
2454213.02239 0.18421
2454223.92537 5.34743
2454234.82836 1.84820
2454245.73134 2.29787
2454256.63433 5.76944
2454267.53731 0.90902
2454278.44030 5.50084
2454289.34328 2.87546
2454300.24627 2.54795
2454311.14925 5.72414
2454496.50000 5.38815
2454507.40299 5.26873
2454518.30597 2.52532
2454529.20896 6.95363
2454540.11194 2.40439
2454551.01493 4.62328
2454561.91791 5.46151
2454572.82090 1.98821
2454583.72388 6.08153
2454594.62687 2.23643
2454605.52985 4.09752
2454616.43284 5.78589
2454627.33582 1.44908
2454638.23881 4.41316
2454649.14179 2.17764
2454660.04478 2.92669
2454670.94776 4.50562
2454867.20149 -0.45737
2454878.10448 -2.14047
2454889.00746 1.20270
2454899.91045 -3.83287
2454910.81343 -0.20645
2454921.71642 -1.05558
2454932.61940 -3.28709
2454943.52239 0.51039
2454954.42537 -3.98102
2454965.32836 -1.58461
2454976.23134 -1.90154
2454987.13433 -4.75353
2454998.03731 -0.44876
2455008.94030 -5.27876
2455019.84328 -2.74961
2455030.74627 -2.00496
2455041.64925 -4.66416
2455227.00000 -5.07600
2455237.90299 -6.40844
2455248.80597 -3.01224
2455259.70896 -7.60847
2455270.61194 -3.19256
2455281.51493 -5.03536
2455292.41791 -6.37047
2455303.32090 -2.08779
2455314.22388 -6.92322
2455325.12687 -3.47507
2455336.02985 -4.92669
2455346.93284 -5.29440
2455357.83582 -1.74172
2455368.73881 -4.88047
2455379.64179 -2.89384
2455390.54478 -3.57928
2455401.44776 -5.64791
2455597.70149 -0.16789
2455608.60448 1.39494
2455619.50746 -2.52366
2455630.41045 2.81762
2455641.31343 -0.68516
2455652.21642 0.56237
2455663.11940 2.63550
2455674.02239 -1.39352
2455684.92537 3.30249
2455695.82836 0.72074
2455706.73134 1.50059
2455717.63433 3.63567
2455728.53731 -0.23819
2455739.44030 4.89138
2455750.34328 2.28612
2455761.24627 1.53032
2455772.14925 5.58189
2455957.50000 6.11492
