2445000.00000 2.64384
2445020.83175 1.06995
2445041.66350 2.62018
2445062.49525 0.90868
2445083.32700 3.74766
2445104.15875 0.83964
2445124.99049 3.45236
2445145.82224 1.13213
2445166.65399 2.42938
2445374.97148 0.83608
2445395.80323 3.15583
2445416.63498 1.36172
2445437.46673 2.21754
2445458.29848 1.97486
2445479.13023 1.31474
2445499.96198 2.43165
2445520.79373 0.78469
2445541.62548 3.05444
2445749.94297 -0.13728
2445770.77471 1.80577
2445791.60646 -0.75269
2445812.43821 1.72682
2445833.26996 -0.96935
2445854.10171 1.13153
2445874.93346 -0.69791
2445895.76521 0.59328
2446104.08270 -1.79975
2446124.91445 -0.27329
2446145.74620 -1.65659
2446166.57795 -1.17150
2446187.40970 -0.99752
2446208.24144 -2.27416
2446229.07319 -0.62626
2446249.90494 -2.87080
2446270.73669 -0.39336
2446479.05418 -2.98774
2446499.88593 -1.03588
2446520.71768 -3.53836
2446541.54943 -1.02708
2446562.38118 -3.05924
2446583.21293 -1.16243
2446604.04468 -2.80053
2446624.87643 -1.60242
2446833.19392 -2.80136
2446854.02567 -1.08988
2446874.85741 -1.95439
2446895.68916 -1.50858
2446916.52091 -1.27407
2446937.35266 -2.09536
2446958.18441 -0.48164
2446979.01616 -2.51585
2446999.84791 -0.04106
2447208.16540 -1.41212
2447228.99715 0.92060
2447249.82890 -1.49590
2447270.66065 1.07476
2447291.49240 -1.11090
2447312.32414 1.21183
2447333.15589 -0.38537
2447353.98764 0.76670
2447562.30513 0.44066
2447583.13688 1.67460
2447603.96863 1.00214
2447624.80038 1.65154
2447645.63213 1.73187
2447666.46388 0.94053
2447687.29563 2.76365
2447708.12738 0.61765
2447728.95913 2.83147
2447937.27662 0.92449
2447958.10837 3.34332
2447978.94011 0.85872
2447999.77186 3.12753
2448020.60361 1.29557
2448041.43536 2.90562
2448062.26711 1.71620
2448083.09886 2.15167
2448291.41635 1.00291
2448312.24810 1.92477
2448333.07985 1.36720
2448353.91160 0.98145
2448374.74335 1.82400
2448395.57510 0.39055
2448416.40684 2.32705
2448437.23859 -0.17378
2448458.07034 2.04120
2448666.38783 -1.46892
2448687.21958 1.21322
2448708.05133 -1.47354
2448728.88308 0.78221
2448749.71483 -1.68338
2448770.54658 0.19719
2448791.37833 -1.10304
2448812.21008 -0.63848
2449020.52757 -2.34332
2449041.35932 -1.45067
2449062.19106 -1.41609
2449083.02281 -2.18104
2449103.85456 -1.07788
2449124.68631 -3.13932
2449145.51806 -0.81508
2449166.34981 -2.81827
2449187.18156 -0.76980
2449395.49905 -3.99955
2449416.33080 -0.79770
2449437.16255 -3.38037
2449457.99430 -1.07371
2449478.82605 -3.17155
2449499.65779 -1.41726
2449520.48954 -2.22990
2449541.32129 -2.46508
2449562.15304 -1.57347
2449749.63878 -1.72834
2449770.47053 -1.10542
2449791.30228 -0.88494
2449812.13403 -1.63616
2449832.96578 -0.17141
2449853.79753 -2.01212
2449874.62928 0.44005
2449895.46103 -2.31187
2449916.29278 0.60572
2450124.61027 -1.06867
2450145.44202 1.90861
2450166.27376 -0.50835
2450187.10551 2.01354
2450207.93726 -0.01967
2450228.76901 1.38414
2450249.60076 0.83113
2450270.43251 0.84696
2450291.26426 1.66523
2450478.75000 1.64153
2450499.58175 2.25546
2450520.41350 2.06522
2450541.24525 1.45836
2450562.07700 2.33971
2450582.90875 1.15602
2450603.74049 2.88936
2450624.57224 0.91498
2450645.40399 3.81121
2450853.72148 0.91901
2450874.55323 3.46659
2450895.38498 0.77735
2450916.21673 3.41366
2450937.04848 1.20274
2450957.88023 2.39442
2450978.71198 2.00479
2450999.54373 1.44731
2451020.37548 2.08543
2451228.69297 0.94822
2451249.52471 1.17677
2451270.35646 0.00420
2451291.18821 1.79637
2451312.01996 -0.73725
2451332.85171 1.69740
2451353.68346 -1.02610
2451374.51521 1.37864
2451582.83270 -2.40567
2451603.66445 0.33099
2451624.49620 -2.67532
2451645.32795 -0.20815
2451666.15970 -1.97441
2451686.99144 -1.06184
2451707.82319 -1.33656
2451728.65494 -1.93681
2451749.48669 -0.81000
2451957.80418 -2.80700
2451978.63593 -1.62248
2451999.46768 -3.56820
2452020.29943 -0.95441
2452041.13118 -4.45119
2452061.96293 -0.81691
2452082.79468 -3.99084
2452103.62643 -1.31295
2452311.94392 -3.25370
2452332.77567 -0.82892
2452353.60741 -3.02652
2452374.43916 -1.38778
2452395.27091 -2.61167
2452416.10266 -1.54369
2452436.93441 -2.05934
2452457.76616 -2.50855
2452478.59791 -0.71296
2452686.91540 -1.30289
2452707.74715 0.19221
2452728.57890 -1.53126
2452749.41065 1.12732
2452770.24240 -1.69576
2452791.07414 1.17132
2452811.90589 -1.37129
2452832.73764 1.37149
2453041.05513 -0.17625
2453061.88688 2.85699
2453082.71863 0.38883
2453103.55038 2.31444
2453124.38213 1.22152
2453145.21388 1.60478
2453166.04563 2.31754
2453186.87738 1.10859
2453207.70913 2.81715
2453416.02662 1.99888
2453436.85837 3.25173
2453457.69011 1.56743
2453478.52186 3.50730
2453499.35361 1.03733
2453520.18536 3.36773
2453541.01711 1.16224
2453561.84886 3.11785
2453770.16635 0.72136
2453790.99810 2.86634
2453811.82985 1.07681
2453832.66160 2.18513
2453853.49335 1.51888
2453874.32510 1.36067
2453895.15684 2.44288
2453915.98859 0.60578
2453936.82034 2.74729
2454145.13783 -0.48318
2454165.96958 1.32276
2454186.80133 -1.39470
2454207.63308 1.30912
2454228.46483 -1.41867
2454249.29658 1.28858
2454270.12833 -1.80093
2454290.96008 0.41042
2454499.27757 -2.85551
2454520.10932 -0.53912
2454540.94106 -2.69510
2454561.77281 -1.67316
2454582.60456 -2.06111
2454603.43631 -2.50710
2454624.26806 -1.36213
2454645.09981 -2.62942
2454665.93156 -0.94244
2454874.24905 -3.51714
2454895.08080 -1.59369
2454915.91255 -4.02279
2454936.74430 -1.03756
2454957.57605 -4.10172
2454978.40779 -1.03009
2454999.23954 -4.32095
2455020.07129 -1.85143
2455040.90304 -2.99550
2455228.38878 -3.27003
2455249.22053 -0.80231
2455270.05228 -2.73903
2455290.88403 -1.41311
2455311.71578 -1.42056
2455332.54753 -2.21153
2455353.37928 -0.39560
2455374.21103 -2.55137
2455395.04278 0.35412
2455603.36027 -1.12400
2455624.19202 1.67707
2455645.02376 -1.44790
2455665.85551 2.57176
2455686.68726 -0.81195
2455707.51901 2.40101
2455728.35076 -0.23897
2455749.18251 1.71823
2455770.01426 0.87864
2455957.50000 0.86811
