2445000.00000 15.94916
2445020.83175 10.56177
2445041.66350 -3.96180
2445062.49525 -6.41766
2445083.32700 5.37905
2445104.15875 17.65326
2445124.99049 12.80683
2445145.82224 0.83100
2445166.65399 -5.05434
2445374.97148 -1.94072
2445395.80323 4.77176
2445416.63498 20.60267
2445437.46673 20.24753
2445458.29848 8.26228
2445479.13023 -2.51957
2445499.96198 3.76219
2445520.79373 16.49465
2445541.62548 21.82686
2445749.94297 18.78114
2445770.77471 7.09266
2445791.60646 -7.16348
2445812.43821 -8.14976
2445833.26996 4.74479
2445854.10171 14.90120
2445874.93346 5.00939
2445895.76521 -10.09074
2446104.08270 -13.87201
2446124.91445 -23.56569
2446145.74620 -9.64882
2446166.57795 2.27306
2446187.40970 0.08621
2446208.24144 -10.23467
2446229.07319 -22.26351
2446249.90494 -12.94738
2446270.73669 -0.35636
2446479.05418 -1.88852
2446499.88593 2.59284
2446520.71768 -7.38873
2446541.54943 -19.10596
2446562.38118 -15.15452
2446583.21293 -1.26165
2446604.04468 6.09589
2446624.87643 -3.64538
2446833.19392 4.51474
2446854.02567 -8.84225
2446874.85741 -8.44134
2446895.68916 3.99814
2446916.52091 13.16388
2446937.35266 10.13781
2446958.18441 -2.21829
2446979.01616 -6.68538
2446999.84791 5.16145
2447208.16540 5.18325
2447228.99715 22.20483
2447249.82890 20.51322
2447270.66065 6.72720
2447291.49240 -1.63034
2447312.32414 4.49262
2447333.15589 18.87415
2447353.98764 18.88592
2447562.30513 17.39607
2447583.13688 8.63742
2447603.96863 -5.14205
2447624.80038 -4.77333
2447645.63213 7.62012
2447666.46388 13.93396
2447687.29563 6.45992
2447708.12738 -6.48351
2447728.95913 -10.24614
2447937.27662 -14.85355
2447958.10837 -7.27875
2447978.94011 4.02356
2447999.77186 1.09309
2448020.60361 -13.72110
2448041.43536 -18.20734
2448062.26711 -12.66298
2448083.09886 1.09663
2448291.41635 -2.29522
2448312.24810 1.43072
2448333.07985 -10.03284
2448353.91160 -19.33350
2448374.74335 -13.89675
2448395.57510 -1.90396
2448416.40684 3.17791
2448437.23859 -6.42211
2448458.07034 -16.10888
2448666.38783 -9.76890
2448687.21958 -12.49768
2448708.05133 1.59923
2448728.88308 10.94958
2448749.71483 7.01042
2448770.54658 -5.31653
2448791.37833 -7.70994
2448812.21008 3.49103
2449020.52757 6.16034
2449041.35932 16.15173
2449062.19106 17.26146
2449083.02281 5.99083
2449103.85456 -1.97987
2449124.68631 4.68364
2449145.51806 16.56934
2449166.34981 18.89797
2449187.18156 6.33183
2449395.49905 7.26535
2449416.33080 -3.01473
2449437.16255 -1.76009
2449457.99430 10.83109
2449478.82605 14.89105
2449499.65779 7.11974
2449520.48954 -4.62222
2449541.32129 -6.13103
2449562.15304 5.83101
2449749.63878 -10.12845
2449770.47053 -3.11831
2449791.30228 6.00776
2449812.13403 2.29626
2449832.96578 -9.76137
2449853.79753 -16.63682
2449874.62928 -7.25981
2449895.46103 2.92658
2449916.29278 1.08439
2450124.61027 0.50047
2450145.44202 -8.96398
2450166.27376 -17.95458
2450187.10551 -14.01228
2450207.93726 -1.99974
2450228.76901 1.53154
2450249.60076 -7.88586
2450270.43251 -16.54049
2450291.26426 -15.03630
2450478.75000 -9.49747
2450499.58175 -10.59680
2450520.41350 0.10143
2450541.24525 8.85932
2450562.07700 2.64417
2450582.90875 -7.19239
2450603.74049 -8.49320
2450624.57224 1.71633
2450645.40399 9.77202
2450853.72148 15.95313
2450874.55323 13.21466
2450895.38498 2.84882
2450916.21673 -2.83468
2450937.04848 4.45301
2450957.88023 17.38626
2450978.71198 17.95550
2450999.54373 5.80955
2451020.37548 -1.72658
2451228.69297 -1.57358
2451249.52471 0.45698
2451270.35646 12.62687
2451291.18821 17.03198
2451312.01996 8.14000
2451332.85171 -3.21560
2451353.68346 -2.70751
2451374.51521 8.30367
2451582.83270 -0.11564
2451603.66445 7.80561
2451624.49620 3.28888
2451645.32795 -6.55249
2451666.15970 -11.89760
2451686.99144 -4.48412
2451707.82319 3.90719
2451728.65494 2.08975
2451749.48669 -9.91719
2451957.80418 -11.36567
2451978.63593 -16.84212
2451999.46768 -9.87306
2452020.29943 -1.42660
2452041.13118 0.70255
2452061.96293 -8.57057
2452082.79468 -16.55020
2452103.62643 -12.94713
2452311.94392 -11.57692
2452332.77567 -0.98460
2452353.60741 5.83495
2452374.43916 0.10502
2452395.27091 -8.11525
2452416.10266 -10.74516
2452436.93441 0.05486
2452457.76616 8.50149
2452478.59791 4.40128
2452686.91540 11.59427
2452707.74715 0.93395
2452728.57890 -4.47945
2452749.41065 3.28993
2452770.24240 14.00643
2452791.07414 14.68153
2452811.90589 3.52347
2452832.73764 -2.56124
2453041.05513 -1.22335
2453061.88688 2.03246
2453082.71863 12.95820
2453103.55038 18.56767
2453124.38213 8.33324
2453145.21388 -1.48734
2453166.04563 -0.28132
2453186.87738 9.12637
2453207.70913 15.68836
2453416.02662 8.89418
2453436.85837 4.25901
2453457.69011 -5.46616
2453478.52186 -10.05493
2453499.35361 -1.08543
2453520.18536 5.49792
2453541.01711 3.05725
2453561.84886 -6.60230
2453770.16635 -8.83414
2453790.99810 -14.02782
2453811.82985 -10.94954
2453832.66160 -0.77474
2453853.49335 0.57709
2453874.32510 -7.54026
2453895.15684 -14.99819
2453915.98859 -12.55380
2453936.82034 -1.90168
2454145.13783 -2.09160
2454165.96958 3.82364
2454186.80133 -2.03913
2454207.63308 -10.79014
2454228.46483 -10.35571
2454249.29658 -1.25285
2454270.12833 5.37246
2454290.96008 0.99240
2454499.27757 7.56997
2454520.10932 -1.51781
2454540.94106 -6.03499
2454561.77281 2.68812
2454582.60456 11.76485
2454603.43631 10.33965
2454624.26806 1.68698
2454645.09981 -3.13424
2454665.93156 2.79219
2454874.24905 2.47347
2454895.08080 13.16580
2454915.91255 14.60881
2454936.74430 7.97618
2454957.57605 -1.01595
2454978.40779 1.12636
2454999.23954 11.86950
2455020.07129 18.86712
2455040.90304 7.58563
2455228.38878 10.07531
2455249.22053 7.10671
2455270.05228 -3.26608
2455290.88403 -6.16920
2455311.71578 1.33812
2455332.54753 7.31561
2455353.37928 4.79453
2455374.21103 -5.70699
2455395.04278 -8.20939
2455603.36027 -14.40685
2455624.19202 -7.51560
2455645.02376 0.67914
2455665.85551 0.77502
2455686.68726 -7.60965
2455707.51901 -14.63735
2455728.35076 -11.91360
2455749.18251 -1.10484
2455770.01426 0.65580
2455957.50000 -2.24706
