2445000.00000 -3.03169
2445020.83175 -7.44985
2445041.66350 -0.32809
2445062.49525 -7.28619
2445083.32700 -7.45135
2445104.15875 -2.04461
2445124.99049 -10.29733
2445145.82224 -4.56616
2445166.65399 -4.67651
2445374.97148 -3.31644
2445395.80323 -7.08276
2445416.63498 -9.86204
2445437.46673 -0.60166
2445458.29848 -9.48066
2445479.13023 -5.68194
2445499.96198 0.12948
2445520.79373 -8.10303
2445541.62548 -0.63584
2445749.94297 -1.98406
2445770.77471 8.72718
2445791.60646 3.76037
2445812.43821 1.55098
2445833.26996 9.70097
2445854.10171 2.62733
2445874.93346 6.51097
2445895.76521 11.07935
2446104.08270 10.16331
2446124.91445 9.11614
2446145.74620 2.10766
2446166.57795 11.11714
2446187.40970 4.40391
2446208.24144 3.05090
2446229.07319 11.79045
2446249.90494 1.20724
2446270.73669 5.71561
2446479.05418 -6.48782
2446499.88593 0.20376
2446520.71768 -1.30276
2446541.54943 -8.35432
2446562.38118 0.61500
2446583.21293 -5.67704
2446604.04468 -7.85184
2446624.87643 -0.77067
2446833.19392 -8.14616
2446854.02567 -4.20144
2446874.85741 -14.35188
2446895.68916 -4.19617
2446916.52091 -8.03103
2446937.35266 -12.80974
2446958.18441 -1.80806
2446979.01616 -7.96179
2446999.84791 -7.03821
2447208.16540 -4.25390
2447228.99715 1.14297
2447249.82890 4.83008
2447270.66065 -3.17443
2447291.49240 6.07230
2447312.32414 3.35165
2447333.15589 -0.20208
2447353.98764 9.99722
2447562.30513 6.28328
2447583.13688 14.30647
2447603.96863 3.30051
2447624.80038 8.47949
2447645.63213 13.49908
2447666.46388 2.68400
2447687.29563 11.07229
2447708.12738 7.83910
2447728.95913 3.28630
2447937.27662 -0.66955
2447958.10837 -0.46595
2447978.94011 4.77351
2447999.77186 -4.70757
2448020.60361 1.14295
2448041.43536 0.81160
2448062.26711 -7.18891
2448083.09886 1.94765
2448291.41635 -10.34673
2448312.24810 -2.89546
2448333.07985 -12.99191
2448353.91160 -9.07291
2448374.74335 -4.62049
2448395.57510 -14.16373
2448416.40684 -6.28878
2448437.23859 -7.19247
2448458.07034 -14.86359
2448666.38783 -4.90961
2448687.21958 -7.02873
2448708.05133 3.32618
2448728.88308 -5.37030
2448749.71483 -1.20756
2448770.54658 3.75916
2448791.37833 -5.70497
2448812.21008 5.83912
2449020.52757 1.66221
2449041.35932 11.57655
2449062.19106 4.99148
2449083.02281 4.69103
2449103.85456 12.43456
2449124.68631 4.11233
2449145.51806 9.46303
2449166.34981 12.55798
2449187.18156 3.13981
2449395.49905 7.95285
2449416.33080 -0.23268
2449437.16255 9.39628
2449457.99430 1.89571
2449478.82605 0.56185
2449499.65779 7.95292
2449520.48954 -3.62846
2449541.32129 2.45732
2449562.15304 2.96155
2449749.63878 -11.96896
2449770.47053 -3.14316
2449791.30228 -7.53860
2449812.13403 -14.73727
2449832.96578 -2.31192
2449853.79753 -11.24882
2449874.62928 -9.30443
2449895.46103 -3.70917
2449916.29278 -14.47868
2450124.61027 -3.62600
2450145.44202 -12.41348
2450166.27376 -2.12305
2450187.10551 -5.97579
2450207.93726 -9.29606
2450228.76901 1.36430
2450249.60076 -7.77472
2450270.43251 -4.18735
2450291.26426 2.60208
2450478.75000 -0.70260
2450499.58175 6.54771
2450520.41350 8.17206
2450541.24525 0.45183
2450562.07700 13.57427
2450582.90875 5.16575
2450603.74049 3.80912
2450624.57224 13.33738
2450645.40399 4.58743
2450853.72148 14.57395
2450874.55323 2.16994
2450895.38498 11.01106
2450916.21673 12.26569
2450937.04848 0.74814
2450957.88023 12.42766
2450978.71198 3.60939
2450999.54373 1.42657
2451020.37548 8.14561
2451228.69297 -4.14968
2451249.52471 0.84642
2451270.35646 -11.98593
2451291.18821 -2.64315
2451312.01996 -3.65965
2451332.85171 -12.40019
2451353.68346 -1.63675
2451374.51521 -11.50955
2451582.83270 -2.48621
2451603.66445 -12.22674
2451624.49620 -8.51344
2451645.32795 -4.25480
2451666.15970 -13.98435
2451686.99144 -3.73698
2451707.82319 -6.02229
2451728.65494 -11.59526
2451749.48669 0.11685
2451957.80418 -1.65783
2451978.63593 8.34626
2451999.46768 -1.70515
2452020.29943 4.24399
2452041.13118 8.31152
2452061.96293 -1.02297
2452082.79468 10.24568
2452103.62643 6.64668
2452311.94392 16.43310
2452332.77567 6.63737
2452353.60741 7.86950
2452374.43916 14.70431
2452395.27091 3.31580
2452416.10266 11.12262
2452436.93441 12.19903
2452457.76616 1.80682
2452478.59791 14.23015
2452686.91540 -3.85180
2452707.74715 6.15077
2452728.57890 -3.38831
2452749.41065 -3.56423
2452770.24240 3.28580
2452791.07414 -7.89937
2452811.90589 -1.91133
2452832.73764 -2.23657
2453041.05513 -4.81961
2453061.88688 -8.55385
2453082.71863 -13.28464
2453103.55038 -3.49824
2453124.38213 -11.83315
2453145.21388 -8.55488
2453166.04563 -4.15101
2453186.87738 -17.12498
2453207.70913 -5.12608
2453416.02662 -8.75150
2453436.85837 2.98885
2453457.69011 -1.63178
2453478.52186 -4.75744
2453499.35361 6.70810
2453520.18536 -2.93918
2453541.01711 1.95178
2453561.84886 7.38453
2453770.16635 10.52529
2453790.99810 12.63230
2453811.82985 3.49230
2453832.66160 13.09698
2453853.49335 8.27396
2453874.32510 6.15917
2453895.15684 14.90307
2453915.98859 3.94835
2453936.82034 9.19885
2454145.13783 -1.58043
2454165.96958 7.74199
2454186.80133 3.95422
2454207.63308 -3.53824
2454228.46483 5.73092
2454249.29658 -1.74526
2454270.12833 -2.50661
2454290.96008 4.81235
2454499.27757 -6.67622
2454520.10932 -3.73440
2454540.94106 -16.03543
2454561.77281 -4.34260
2454582.60456 -7.62631
2454603.43631 -16.37031
2454624.26806 -3.12226
2454645.09981 -12.82588
2454665.93156 -11.80216
2454874.24905 -10.22688
2454895.08080 -4.63373
2454915.91255 -1.37925
2454936.74430 -9.98549
2454957.57605 0.90826
2454978.40779 -2.37392
2454999.23954 -7.59444
2455020.07129 4.89700
2455040.90304 -4.33907
2455228.38878 3.60061
2455249.22053 12.16479
2455270.05228 1.43069
2455290.88403 8.99512
2455311.71578 13.02768
2455332.54753 2.19571
2455353.37928 12.85218
2455374.21103 7.78340
2455395.04278 5.73855
2455603.36027 4.16917
2455624.19202 5.85579
2455645.02376 10.45000
2455665.85551 0.25632
2455686.68726 8.26872
2455707.51901 7.19650
2455728.35076 -1.62382
2455749.18251 10.10861
2455770.01426 0.83731
2455957.50000 -8.18168
