2445000.00000 1.27840
2445020.83175 7.35261
2445041.66350 5.10229
2445062.49525 2.08126
2445083.32700 7.49835
2445104.15875 3.11851
2445124.99049 3.70657
2445145.82224 8.51234
2445166.65399 1.04281
2445374.97148 5.25519
2445395.80323 0.46536
2445416.63498 6.13706
2445437.46673 3.87378
2445458.29848 1.09405
2445479.13023 7.19434
2445499.96198 1.78208
2445520.79373 2.64640
2445541.62548 7.57776
2445749.94297 4.08712
2445770.77471 5.79133
2445791.60646 0.01973
2445812.43821 5.73720
2445833.26996 3.03165
2445854.10171 0.99341
2445874.93346 7.44619
2445895.76521 1.51099
2446104.08270 6.68167
2446124.91445 0.88698
2446145.74620 4.12252
2446166.57795 5.02366
2446187.40970 0.37529
2446208.24144 6.02570
2446229.07319 4.22281
2446249.90494 1.91792
2446270.73669 5.96298
2446479.05418 3.78231
2446499.88593 7.71093
2446520.71768 1.63919
2446541.54943 6.11943
2446562.38118 8.05297
2446583.21293 1.48411
2446604.04468 8.75111
2446624.87643 5.06615
2446833.19392 10.03499
2446854.02567 4.44181
2446874.85741 4.04231
2446895.68916 11.65797
2446916.52091 2.69107
2446937.35266 7.58193
2446958.18441 7.53857
2446979.01616 3.43204
2446999.84791 9.43598
2447208.16540 5.05046
2447228.99715 12.80340
2447249.82890 5.87628
2447270.66065 7.11524
2447291.49240 12.45673
2447312.32414 4.17413
2447333.15589 10.39328
2447353.98764 11.59661
2447562.30513 9.87509
2447583.13688 7.64398
2447603.96863 6.51743
2447624.80038 11.74859
2447645.63213 6.88254
2447666.46388 7.47696
2447687.29563 14.10804
2447708.12738 4.87801
2447728.95913 11.41959
2447937.27662 5.04483
2447958.10837 11.25942
2447978.94011 7.94211
2447999.77186 8.05581
2448020.60361 13.20427
2448041.43536 6.76124
2448062.26711 8.14364
2448083.09886 12.51159
2448291.41635 9.64398
2448312.24810 10.80748
2448333.07985 5.85510
2448353.91160 11.38694
2448374.74335 10.15330
2448395.57510 8.40017
2448416.40684 13.20918
2448437.23859 8.28512
2448458.07034 8.60798
2448666.38783 5.98357
2448687.21958 8.64184
2448708.05133 10.37964
2448728.88308 5.65981
2448749.71483 10.57302
2448770.54658 9.65627
2448791.37833 6.27618
2448812.21008 11.63624
2449020.52757 5.40503
2449041.35932 10.92111
2449062.19106 4.07850
2449083.02281 8.02748
2449103.85456 9.88577
2449124.68631 3.53360
2449145.51806 9.89930
2449166.34981 7.09499
2449187.18156 4.46589
2449395.49905 4.62941
2449416.33080 4.67687
2449437.16255 8.80339
2449457.99430 2.73990
2449478.82605 7.68050
2449499.65779 6.39485
2449520.48954 2.22875
2449541.32129 8.76091
2449562.15304 4.58410
2449749.63878 2.46068
2449770.47053 8.69242
2449791.30228 3.06843
2449812.13403 3.55378
2449832.96578 7.65210
2449853.79753 1.60223
2449874.62928 6.07224
2449895.46103 5.73473
2449916.29278 1.39143
2450124.61027 4.97675
2450145.44202 1.51185
2450166.27376 7.19786
2450187.10551 2.26013
2450207.93726 3.52303
2450228.76901 6.97276
2450249.60076 1.09335
2450270.43251 5.24958
2450291.26426 5.11992
2450478.75000 0.74343
2450499.58175 6.34967
2450520.41350 4.27422
2450541.24525 1.60804
2450562.07700 7.67370
2450582.90875 2.23013
2450603.74049 3.67217
2450624.57224 8.21700
2450645.40399 0.99134
2450853.72148 6.81419
2450874.55323 1.17654
2450895.38498 7.95045
2450916.21673 4.49198
2450937.04848 2.37848
2450957.88023 8.58324
2450978.71198 3.04412
2450999.54373 4.23949
2451020.37548 6.94797
2451228.69297 5.06093
2451249.52471 8.14763
2451270.35646 2.27824
2451291.18821 6.84851
2451312.01996 4.74557
2451332.85171 3.75149
2451353.68346 9.02820
2451374.51521 4.17258
2451582.83270 10.11326
2451603.66445 3.89140
2451624.49620 7.73936
2451645.32795 9.15066
2451666.15970 3.77084
2451686.99144 7.08685
2451707.82319 6.64374
2451728.65494 4.31632
2451749.48669 11.67718
2451957.80418 7.23834
2451978.63593 12.37991
2451999.46768 4.51540
2452020.29943 9.17651
2452041.13118 7.49906
2452061.96293 5.50484
2452082.79468 10.16394
2452103.62643 7.21268
2452311.94392 9.58576
2452332.77567 7.03550
2452353.60741 7.77791
2452374.43916 11.78947
2452395.27091 6.65600
2452416.10266 9.11429
2452436.93441 11.09625
2452457.76616 5.88122
2452478.59791 12.71347
2452686.91540 6.85526
2452707.74715 11.51178
2452728.57890 7.05311
2452749.41065 9.17853
2452770.24240 11.95963
2452791.07414 5.58379
2452811.90589 10.02475
2452832.73764 10.95429
2453041.05513 10.54687
2453061.88688 9.45500
2453082.71863 7.28760
2453103.55038 13.43510
2453124.38213 6.63520
2453145.21388 8.39133
2453166.04563 11.38973
2453186.87738 6.41702
2453207.70913 9.12816
2453416.02662 5.78482
2453436.85837 9.76521
2453457.69011 7.62434
2453478.52186 5.83359
2453499.35361 9.82675
2453520.18536 5.81060
2453541.01711 8.11519
2453561.84886 9.43615
2453770.16635 8.51807
2453790.99810 7.23189
2453811.82985 4.43806
2453832.66160 9.92993
2453853.49335 6.32703
2453874.32510 4.33385
2453895.15684 10.41526
2453915.98859 4.32610
2453936.82034 6.69608
2454145.13783 3.24831
2454165.96958 6.61756
2454186.80133 8.95434
2454207.63308 3.61483
2454228.46483 8.07458
2454249.29658 5.37449
2454270.12833 3.61566
2454290.96008 7.38739
2454499.27757 4.42151
2454520.10932 8.39349
2454540.94106 2.22294
2454561.77281 5.98919
2454582.60456 6.15837
2454603.43631 2.37839
2454624.26806 7.85363
2454645.09981 4.38054
2454665.93156 3.49086
2454874.24905 2.79259
2454895.08080 3.54127
2454915.91255 7.17614
2454936.74430 1.96045
2454957.57605 7.06252
2454978.40779 5.29617
2454999.23954 2.44467
2455020.07129 5.97341
2455040.90304 3.51804
2455228.38878 2.64239
2455249.22053 6.68938
2455270.05228 2.88586
2455290.88403 3.85434
2455311.71578 6.99142
2455332.54753 1.87700
2455353.37928 4.89741
2455374.21103 5.33929
2455395.04278 2.27542
2455603.36027 3.54209
2455624.19202 2.57642
2455645.02376 8.95373
2455665.85551 3.61876
2455686.68726 4.50781
2455707.51901 6.83412
2455728.35076 2.88619
2455749.18251 6.96886
2455770.01426 5.77999
2455957.50000 2.74965
