2445000.00000 1.04074
2445020.83175 0.04565
2445041.66350 -1.33915
2445062.49525 2.15380
2445083.32700 -1.29930
2445104.15875 -0.53397
2445124.99049 2.48244
2445145.82224 -2.76250
2445166.65399 1.56703
2445374.97148 -2.74466
2445395.80323 1.58083
2445416.63498 -0.11358
2445437.46673 -1.14757
2445458.29848 1.41890
2445479.13023 -0.86136
2445499.96198 -0.14388
2445520.79373 0.55294
2445541.62548 -0.13359
2445749.94297 -0.83464
2445770.77471 2.57076
2445791.60646 -2.57790
2445812.43821 0.97921
2445833.26996 1.37710
2445854.10171 -2.93704
2445874.93346 3.30716
2445895.76521 -0.67768
2446104.08270 1.09630
2446124.91445 -0.41249
2446145.74620 -0.23363
2446166.57795 0.33833
2446187.40970 0.06162
2446208.24144 -0.30014
2446229.07319 -0.05860
2446249.90494 0.72874
2446270.73669 -1.32049
2446479.05418 2.01388
2446499.88593 -3.12093
2446520.71768 2.73304
2446541.54943 -0.14256
2446562.38118 -1.91232
2446583.21293 2.77321
2446604.04468 -1.75785
2446624.87643 -0.22710
2446833.19392 0.28689
2446854.02567 -0.33643
2446874.85741 -0.23907
2446895.68916 0.87277
2446916.52091 -1.47023
2446937.35266 0.47377
2446958.18441 0.89702
2446979.01616 -2.34118
2446999.84791 2.21881
2447208.16540 -2.64954
2447228.99715 2.38727
2447249.82890 -1.62887
2447270.66065 -0.67264
2447291.49240 2.32104
2447312.32414 -2.07226
2447333.15589 0.70794
2447353.98764 0.60366
2447562.30513 -1.34040
2447583.13688 0.29805
2447603.96863 1.34186
2447624.80038 -1.74001
2447645.63213 1.97504
2447666.46388 -0.05572
2447687.29563 -2.04795
2447708.12738 2.23480
2447728.95913 -1.67723
2447937.27662 1.79951
2447958.10837 -1.53730
2447978.94011 0.42611
2447999.77186 0.66095
2448020.60361 -1.05459
2448041.43536 0.45963
2448062.26711 0.04028
2448083.09886 -0.13189
2448291.41635 1.96758
2448312.24810 0.33870
2448333.07985 -2.20007
2448353.91160 3.32196
2448374.74335 -1.68535
2448395.57510 -0.86239
2448416.40684 2.39547
2448437.23859 -2.61573
2448458.07034 1.45886
2448666.38783 -0.83405
2448687.21958 0.26245
2448708.05133 0.11304
2448728.88308 -0.01795
2448749.71483 -0.44157
2448770.54658 0.58660
2448791.37833 -0.09653
2448812.21008 -1.04793
2449020.52757 -1.19471
2449041.35932 -1.40351
2449062.19106 2.75452
2449083.02281 -2.49495
2449103.85456 0.78857
2449124.68631 1.66580
2449145.51806 -2.71423
2449166.34981 2.47757
2449187.18156 -0.31138
2449395.49905 -0.77363
2449416.33080 0.59038
2449437.16255 0.09934
2449457.99430 -1.22229
2449478.82605 1.74732
2449499.65779 -1.01306
2449520.48954 -0.55765
2449541.32129 2.41732
2449562.15304 -2.55582
2449749.63878 0.38176
2449770.47053 1.68099
2449791.30228 -3.04736
2449812.13403 1.29317
2449832.96578 0.04883
2449853.79753 -1.35192
2449874.62928 1.34703
2449895.46103 -0.77023
2449916.29278 -0.20696
2450124.61027 1.54733
2450145.44202 -0.80986
2450166.27376 -0.76835
2450187.10551 2.26047
2450207.93726 -2.30253
2450228.76901 0.86040
2450249.60076 1.62709
2450270.43251 -3.03014
2450291.26426 2.55338
2450478.75000 0.33896
2450499.58175 -1.75547
2450520.41350 1.28418
2450541.24525 -0.54294
2450562.07700 -0.34878
2450582.90875 0.61089
2450603.74049 -0.24408
2450624.57224 -0.15886
2450645.40399 0.00139
2450853.72148 -1.95618
2450874.55323 0.30401
2450895.38498 1.94081
2450916.21673 -3.03266
2450937.04848 2.22794
2450957.88023 0.09034
2450978.71198 -1.91777
2450999.54373 2.76039
2451020.37548 -1.88465
2451228.69297 0.35056
2451249.52471 -0.03752
2451270.35646 -0.19527
2451291.18821 -0.14455
2451312.01996 0.86814
2451332.85171 -0.99475
2451353.68346 0.34906
2451374.51521 0.82805
2451582.83270 2.45584
2451603.66445 0.51941
2451624.49620 -2.68831
2451645.32795 2.09646
2451666.15970 -1.36130
2451686.99144 -0.87763
2451707.82319 2.23996
2451728.65494 -2.29038
2451749.48669 0.64919
2451957.80418 1.01350
2451978.63593 -1.19575
2451999.46768 0.17364
2452020.29943 1.34817
2452041.13118 -2.49648
2452061.96293 2.01647
2452082.79468 0.13810
2452103.62643 -2.63061
2452311.94392 -1.00645
2452332.77567 -1.27618
2452353.60741 2.22380
2452374.43916 -1.93661
2452395.27091 0.40487
2452416.10266 1.12990
2452436.93441 -1.43475
2452457.76616 0.74107
2452478.59791 0.04699
2452686.91540 -1.81751
2452707.74715 1.43088
2452728.57890 0.56548
2452749.41065 -2.64979
2452770.24240 2.99580
2452791.07414 -1.50060
2452811.90589 -1.00474
2452832.73764 3.64067
2453041.05513 0.09753
2453061.88688 1.25247
2453082.71863 -1.28071
2453103.55038 0.56970
2453124.38213 0.16959
2453145.21388 -0.26535
2453166.04563 -0.11555
2453186.87738 0.47066
2453207.70913 -0.03579
2453416.02662 2.95488
2453436.85837 -1.14371
2453457.69011 -2.05414
2453478.52186 3.71736
2453499.35361 -2.61321
2453520.18536 0.66792
2453541.01711 2.22090
2453561.84886 -3.14558
2453770.16635 0.25289
2453790.99810 -0.08923
2453811.82985 -0.38248
2453832.66160 0.54250
2453853.49335 0.14262
2453874.32510 -1.40446
2453895.15684 1.46336
2453915.98859 -0.86905
2453936.82034 -0.78485
2454145.13783 -2.53042
2454165.96958 0.17407
2454186.80133 2.24577
2454207.63308 -3.33825
2454228.46483 1.70146
2454249.29658 0.29782
2454270.12833 -2.15196
2454290.96008 1.92795
2454499.27757 0.38705
2454520.10932 -1.49760
2454540.94106 1.80814
2454561.77281 -0.75531
2454582.60456 -1.14623
2454603.43631 3.12334
2454624.26806 -2.37925
2454645.09981 0.62072
2454665.93156 1.86268
2454874.24905 1.80177
2454895.08080 0.75460
2454915.91255 -2.00324
2454936.74430 1.62402
2454957.57605 -0.73776
2454978.40779 -0.61670
2454999.23954 1.07841
2455020.07129 -0.66310
2455040.90304 -0.03419
2455228.38878 -1.69856
2455249.22053 3.49166
2455270.05228 -2.69886
2455290.88403 0.09156
2455311.71578 2.92367
2455332.54753 -3.96142
2455353.37928 2.62505
2455374.21103 0.44206
2455395.04278 -3.39263
2455603.36027 -0.48735
2455624.19202 -0.61611
2455645.02376 1.08511
2455665.85551 -0.34720
2455686.68726 -0.13320
2455707.51901 -0.01344
2455728.35076 0.62869
2455749.18251 -0.94627
2455770.01426 0.37262
2455957.50000 3.43449
