2445000.00000 127.46125
2445020.83175 102.29147
2445041.66350 51.12681
2445062.49525 17.22106
2445083.32700 31.21306
2445104.15875 76.77980
2445124.99049 106.86443
2445145.82224 79.76419
2445166.65399 18.73052
2445374.97148 36.49531
2445395.80323 -20.77072
2445416.63498 -28.35288
2445437.46673 16.40274
2445458.29848 58.56936
2445479.13023 44.88931
2445499.96198 -20.62014
2445520.79373 -51.97978
2445541.62548 -28.93365
2445749.94297 -101.62451
2445770.77471 -61.00178
2445791.60646 -9.72655
2445812.43821 -2.52171
2445833.26996 -53.48841
2445854.10171 -102.64829
2445874.93346 -94.04495
2445895.76521 -42.00350
2446104.08270 -129.08975
2446124.91445 -65.44086
2446145.74620 -28.96354
2446166.57795 -62.96262
2446187.40970 -118.83966
2446208.24144 -115.37667
2446229.07319 -102.39269
2446249.90494 -32.84675
2446270.73669 -34.35780
2446479.05418 -20.38733
2446499.88593 -18.41367
2446520.71768 -72.29332
2446541.54943 -120.04687
2446562.38118 -87.11050
2446583.21293 -20.17244
2446604.04468 2.47228
2446624.87643 -23.49879
2446833.19392 38.28596
2446854.02567 6.29327
2446874.85741 -37.00312
2446895.68916 -42.33725
2446916.52091 6.15566
2446937.35266 51.22735
2446958.18441 44.77071
2446979.01616 -3.49756
2446999.84791 -33.53998
2447208.16540 31.19431
2447228.99715 2.96712
2447249.82890 41.25554
2447270.66065 99.06390
2447291.49240 116.38865
2447312.32414 81.76604
2447333.15589 20.94951
2447353.98764 30.87973
2447562.30513 29.72322
2447583.13688 38.98183
2447603.96863 93.79028
2447624.80038 113.14422
2447645.63213 100.52412
2447666.46388 47.55780
2447687.29563 26.14895
2447708.12738 74.39442
2447728.95913 108.69624
2447937.27662 57.02284
2447958.10837 91.54217
2447978.94011 98.72382
2447999.77186 51.13096
2448020.60361 -5.05469
2448041.43536 7.32657
2448062.26711 70.91758
2448083.09886 80.48067
2448291.41635 27.25366
2448312.24810 47.42862
2448333.07985 4.62798
2448353.91160 -48.12498
2448374.74335 -63.71179
2448395.57510 -18.79325
2448416.40684 25.73848
2448437.23859 9.74830
2448458.07034 -55.98253
2448666.38783 -27.50822
2448687.21958 -90.07603
2448708.05133 -133.77984
2448728.88308 -74.02930
2448749.71483 -40.26357
2448770.54658 -27.28104
2448791.37833 -68.42260
2448812.21008 -96.73387
2449020.52757 -80.57020
2449041.35932 -124.12962
2449062.19106 -121.29496
2449083.02281 -59.52238
2449103.85456 -27.23359
2449124.68631 -43.41429
2449145.51806 -109.05899
2449166.34981 -109.36202
2449187.18156 -78.90223
2449395.49905 -93.49027
2449416.33080 -47.41715
2449437.16255 2.86540
2449457.99430 7.23367
2449478.82605 -43.31623
2449499.65779 -77.42363
2449520.48954 -56.99092
2449541.32129 0.43910
2449562.15304 38.80503
2449749.63878 -14.50313
2449770.47053 39.25775
2449791.30228 80.03918
2449812.13403 39.46255
2449832.96578 -7.09708
2449853.79753 -14.44997
2449874.62928 31.36310
2449895.46103 87.49733
2449916.29278 79.59765
2450124.61027 117.14853
2450145.44202 86.79601
2450166.27376 56.06347
2450187.10551 22.70388
2450207.93726 46.66645
2450228.76901 102.34283
2450249.60076 118.43413
2450270.43251 86.00768
2450291.26426 36.34236
2450478.75000 125.50317
2450499.58175 54.65746
2450520.41350 28.89008
2450541.24525 36.62007
2450562.07700 74.21474
2450582.90875 132.56337
2450603.74049 99.00690
2450624.57224 31.98419
2450645.40399 9.74367
2450853.72148 3.10360
2450874.55323 -18.25254
2450895.38498 13.71204
2450916.21673 65.45572
2450937.04848 52.26458
2450957.88023 10.09861
2450978.71198 -29.06655
2450999.54373 -21.02952
2451020.37548 24.91457
2451228.69297 -60.15509
2451249.52471 -9.42098
2451270.35646 11.22381
2451291.18821 -17.47465
2451312.01996 -62.55005
2451332.85171 -105.20795
2451353.68346 -44.22432
2451374.51521 -7.23331
2451582.83270 -64.32021
2451603.66445 -30.89889
2451624.49620 -35.45834
2451645.32795 -76.64744
2451666.15970 -120.72815
2451686.99144 -95.73150
2451707.82319 -43.09233
2451728.65494 -24.03957
2451749.48669 -68.32026
2451957.80418 -23.02169
2451978.63593 -71.48161
2451999.46768 -116.52091
2452020.29943 -75.24842
2452041.13118 -36.55728
2452061.96293 -8.33598
2452082.79468 -25.16432
2452103.62643 -72.17349
2452311.94392 2.84609
2452332.77567 -44.61141
2452353.60741 -53.56466
2452374.43916 -23.20729
2452395.27091 31.40004
2452416.10266 31.61570
2452436.93441 -4.99885
2452457.76616 -46.47970
2452478.59791 -26.57462
2452686.91540 -6.18422
2452707.74715 14.12408
2452728.57890 61.99984
2452749.41065 82.35928
2452770.24240 61.00023
2452791.07414 19.40151
2452811.90589 9.50015
2452832.73764 46.40085
2453041.05513 32.52781
2453061.88688 68.14213
2453082.71863 118.72050
2453103.55038 96.56661
2453124.38213 49.22636
2453145.21388 26.58736
2453166.04563 48.16907
2453186.87738 119.12247
2453207.70913 112.15781
2453416.02662 94.23969
2453436.85837 96.15245
2453457.69011 54.75153
2453478.52186 8.83391
2453499.35361 11.59949
2453520.18536 55.62555
2453541.01711 88.34989
2453561.84886 67.70714
2453770.16635 50.56125
2453790.99810 30.19857
2453811.82985 -22.52899
2453832.66160 -48.00101
2453853.49335 -12.69388
2453874.32510 23.16845
2453895.15684 31.65474
2453915.98859 -19.78641
2453936.82034 -56.77418
2454145.13783 -48.90279
2454165.96958 -67.80977
2454186.80133 -77.67522
2454207.63308 -22.28501
2454228.46483 -10.21475
2454249.29658 -46.93413
2454270.12833 -102.86512
2454290.96008 -103.91967
2454499.27757 -93.48378
2454520.10932 -91.90672
2454540.94106 -71.87989
2454561.77281 -22.82246
2454582.60456 -35.30697
2454603.43631 -87.11108
2454624.26806 -102.37216
2454645.09981 -91.55099
2454665.93156 -37.08103
2454874.24905 -71.17115
2454895.08080 -15.92983
2454915.91255 0.04112
2454936.74430 -36.13305
2454957.57605 -68.27758
2454978.40779 -70.76830
2454999.23954 -23.67104
2455020.07129 14.78144
2455040.90304 0.82599
2455228.38878 13.41897
2455249.22053 51.81852
2455270.05228 26.55452
2455290.88403 -10.76034
2455311.71578 -28.39710
2455332.54753 8.09586
2455353.37928 58.86103
2455374.21103 56.50704
2455395.04278 20.01579
2455603.36027 64.07396
2455624.19202 36.99449
2455645.02376 14.39085
2455665.85551 30.67654
2455686.68726 68.64303
2455707.51901 94.42391
2455728.35076 85.41985
2455749.18251 32.23100
2455770.01426 19.64171
2455957.50000 56.68225
