2445000.00000 99.59280
2445020.83175 82.04342
2445041.66350 8.49777
2445062.49525 58.19626
2445083.32700 119.80529
2445104.15875 22.91595
2445124.99049 37.83756
2445145.82224 97.25390
2445166.65399 47.39956
2445374.97148 46.35048
2445395.80323 30.24406
2445416.63498 129.34593
2445437.46673 74.14125
2445458.29848 27.68234
2445479.13023 85.49807
2445499.96198 99.83993
2445520.79373 32.65682
2445541.62548 85.63516
2445749.94297 103.83350
2445770.77471 141.23814
2445791.60646 49.98759
2445812.43821 79.98130
2445833.26996 122.54445
2445854.10171 78.53379
2445874.93346 61.82217
2445895.76521 130.85366
2446104.08270 156.45452
2446124.91445 91.85957
2446145.74620 65.19633
2446166.57795 133.46607
2446187.40970 131.62034
2446208.24144 55.34546
2446229.07319 122.53285
2446249.90494 142.64959
2446270.73669 80.77502
2446479.05418 72.84940
2446499.88593 115.18522
2446520.71768 199.30118
2446541.54943 86.08004
2446562.38118 88.44226
2446583.21293 164.27824
2446604.04468 116.99674
2446624.87643 60.96137
2446833.19392 55.06494
2446854.02567 137.56245
2446874.85741 123.74557
2446895.68916 60.63626
2446916.52091 105.18629
2446937.35266 155.33494
2446958.18441 69.12712
2446979.01616 98.91223
2446999.84791 178.45748
2447208.16540 156.59891
2447228.99715 75.36952
2447249.82890 69.06880
2447270.66065 158.82410
2447291.49240 87.15817
2447312.32414 48.32045
2447333.15589 87.44826
2447353.98764 106.92544
2447562.30513 73.77352
2447583.13688 27.07878
2447603.96863 95.46084
2447624.80038 102.17988
2447645.63213 27.85039
2447666.46388 71.67121
2447687.29563 105.86202
2447708.12738 47.85156
2447728.95913 43.65708
2447937.27662 30.58022
2447958.10837 123.42915
2447978.94011 47.72182
2447999.77186 13.88306
2448020.60361 97.04819
2448041.43536 76.04235
2448062.26711 6.07750
2448083.09886 68.96006
2448291.41635 74.66461
2448312.24810 81.16953
2448333.07985 4.56061
2448353.91160 45.58147
2448374.74335 76.78572
2448395.57510 21.34643
2448416.40684 21.96037
2448437.23859 96.50642
2448458.07034 50.08582
2448666.38783 33.90024
2448687.21958 10.99697
2448708.05133 94.90759
2448728.88308 63.84625
2448749.71483 3.73057
2448770.54658 67.05312
2448791.37833 102.58150
2448812.21008 12.43676
2449020.52757 13.95919
2449041.35932 61.29791
2449062.19106 120.60686
2449083.02281 28.63933
2449103.85456 36.37856
2449124.68631 112.90548
2449145.51806 64.57032
2449166.34981 25.29315
2449187.18156 112.89485
2449395.49905 126.54429
2449416.33080 95.62312
2449437.16255 35.12218
2449457.99430 100.02955
2449478.82605 133.32342
2449499.65779 37.51468
2449520.48954 100.82878
2449541.32129 130.25689
2449562.15304 61.83141
2449749.63878 140.94747
2449770.47053 64.69788
2449791.30228 69.51721
2449812.13403 154.07468
2449832.96578 92.46832
2449853.79753 56.28426
2449874.62928 135.00999
2449895.46103 129.49560
2449916.29278 50.97754
2450124.61027 67.84712
2450145.44202 141.46750
2450166.27376 147.85330
2450187.10551 61.29101
2450207.93726 115.26686
2450228.76901 165.57459
2450249.60076 80.08355
2450270.43251 96.62694
2450291.26426 152.96140
2450478.75000 100.82986
2450499.58175 163.22006
2450520.41350 68.13787
2450541.24525 73.64155
2450562.07700 153.25098
2450582.90875 119.19824
2450603.74049 59.24661
2450624.57224 104.35392
2450645.40399 136.66016
2450853.72148 128.91257
2450874.55323 51.00117
2450895.38498 116.43144
2450916.21673 145.50702
2450937.04848 57.79551
2450957.88023 73.65550
2450978.71198 158.95545
2450999.54373 78.25120
2451020.37548 59.34749
2451228.69297 51.99797
2451249.52471 119.57391
2451270.35646 75.89389
2451291.18821 31.23072
2451312.01996 119.84316
2451332.85171 103.50244
2451353.68346 28.35448
2451374.51521 89.58110
2451582.83270 85.28339
2451603.66445 114.57459
2451624.49620 26.03607
2451645.32795 48.18674
2451666.15970 120.58713
2451686.99144 43.13917
2451707.82319 20.81433
2451728.65494 90.08979
2451749.48669 64.11428
2451957.80418 53.22182
2451978.63593 8.24282
2451999.46768 85.77735
2452020.29943 65.57667
2452041.13118 3.61953
2452061.96293 60.54384
2452082.79468 91.76735
2452103.62643 13.72342
2452311.94392 10.28865
2452332.77567 40.87967
2452353.60741 92.01938
2452374.43916 33.37813
2452395.27091 20.00304
2452416.10266 88.15405
2452436.93441 52.13168
2452457.76616 6.49105
2452478.59791 67.72075
2452686.91540 92.50310
2452707.74715 84.60356
2452728.57890 14.87727
2452749.41065 78.68995
2452770.24240 98.98291
2452791.07414 25.26921
2452811.90589 54.72277
2452832.73764 124.66749
2453041.05513 100.05125
2453061.88688 49.78200
2453082.71863 52.90074
2453103.55038 123.08819
2453124.38213 86.45193
2453145.21388 31.95669
2453166.04563 128.49723
2453186.87738 106.07192
2453207.70913 31.33682
2453416.02662 35.42864
2453436.85837 106.93243
2453457.69011 132.38712
2453478.52186 50.12608
2453499.35361 99.22876
2453520.18536 141.60616
2453541.01711 64.77125
2453561.84886 64.23042
2453770.16635 83.70675
2453790.99810 136.62424
2453811.82985 108.10294
2453832.66160 62.28571
2453853.49335 145.65278
2453874.32510 144.34785
2453895.15684 64.64572
2453915.98859 105.67613
2453936.82034 162.17367
2454145.13783 168.21708
2454165.96958 65.70126
2454186.80133 128.88455
2454207.63308 131.65194
2454228.46483 84.74223
2454249.29658 84.46140
2454270.12833 161.65031
2454290.96008 97.27244
2454499.27757 91.33086
2454520.10932 61.85922
2454540.94106 140.69643
2454561.77281 106.62187
2454582.60456 62.39337
2454603.43631 96.43077
2454624.26806 146.05266
2454645.09981 63.16683
2454665.93156 79.08288
2454874.24905 80.69251
2454895.08080 132.12615
2454915.91255 58.40445
2454936.74430 55.61250
2454957.57605 125.79743
2454978.40779 70.71123
2454999.23954 43.56395
2455020.07129 110.69104
2455040.90304 83.19540
2455228.38878 117.13365
2455249.22053 61.51223
2455270.05228 23.38996
2455290.88403 80.94187
2455311.71578 97.96505
2455332.54753 26.73462
2455353.37928 64.47596
2455374.21103 109.84074
2455395.04278 37.40266
2455603.36027 26.29194
2455624.19202 41.71261
2455645.02376 86.23934
2455665.85551 45.60521
2455686.68726 19.69343
2455707.51901 102.99179
2455728.35076 73.67949
2455749.18251 11.37462
2455770.01426 85.77341
2455957.50000 9.46600
