2445000.00000 5.59295
2445020.83175 3.29162
2445041.66350 8.51506
2445062.49525 14.07769
2445083.32700 5.45193
2445104.15875 1.78553
2445124.99049 7.94778
2445145.82224 13.35732
2445166.65399 6.53206
2445374.97148 4.97114
2445395.80323 12.51430
2445416.63498 9.02379
2445437.46673 2.36571
2445458.29848 4.49287
2445479.13023 11.59665
2445499.96198 9.65802
2445520.79373 3.15407
2445541.62548 4.19186
2445749.94297 14.34546
2445770.77471 8.20103
2445791.60646 4.78942
2445812.43821 14.37176
2445833.26996 19.77072
2445854.10171 11.69970
2445874.93346 6.35993
2445895.76521 12.55890
2446104.08270 17.85249
2446124.91445 13.19184
2446145.74620 15.77927
2446166.57795 28.69378
2446187.40970 18.41211
2446208.24144 12.01975
2446229.07319 16.01478
2446249.90494 25.36977
2446270.73669 25.33326
2446479.05418 18.92368
2446499.88593 30.68512
2446520.71768 25.89532
2446541.54943 19.13987
2446562.38118 21.10092
2446583.21293 27.71843
2446604.04468 33.56784
2446624.87643 24.42672
2446833.19392 22.37465
2446854.02567 36.13542
2446874.85741 32.63320
2446895.68916 23.89080
2446916.52091 23.38970
2446937.35266 35.80398
2446958.18441 25.26560
2446979.01616 19.69671
2446999.84791 19.49094
2447208.16540 35.81670
2447228.99715 24.68649
2447249.82890 21.86799
2447270.66065 30.08814
2447291.49240 28.52645
2447312.32414 22.01925
2447333.15589 17.14413
2447353.98764 20.42595
2447562.30513 18.95193
2447583.13688 13.48865
2447603.96863 14.96677
2447624.80038 21.68526
2447645.63213 17.29159
2447666.46388 10.04300
2447687.29563 14.11652
2447708.12738 24.81134
2447728.95913 16.07389
2447937.27662 5.59280
2447958.10837 13.84828
2447978.94011 15.63614
2447999.77186 6.79958
2448020.60361 4.24845
2448041.43536 11.66845
2448062.26711 13.12292
2448083.09886 5.88479
2448291.41635 5.56059
2448312.24810 11.32209
2448333.07985 6.07314
2448353.91160 0.15830
2448374.74335 4.55513
2448395.57510 12.35402
2448416.40684 6.89629
2448437.23859 0.23731
2448458.07034 3.27206
2448666.38783 11.30629
2448687.21958 2.70696
2448708.05133 3.12317
2448728.88308 10.91489
2448749.71483 13.38272
2448770.54658 4.23505
2448791.37833 3.78314
2448812.21008 12.44342
2449020.52757 11.42891
2449041.35932 7.15943
2449062.19106 13.44280
2449083.02281 16.78831
2449103.85456 13.55256
2449124.68631 7.43601
2449145.51806 13.77576
2449166.34981 19.88685
2449187.18156 16.91256
2449395.49905 17.23487
2449416.33080 24.35111
2449437.16255 21.43467
2449457.99430 15.31521
2449478.82605 16.43159
2449499.65779 26.73658
2449520.48954 26.86640
2449541.32129 14.43076
2449562.15304 17.28751
2449749.63878 23.58188
2449770.47053 27.66289
2449791.30228 24.95845
2449812.13403 18.51156
2449832.96578 27.39197
2449853.79753 30.10094
2449874.62928 23.21211
2449895.46103 19.33544
2449916.29278 29.78380
2450124.61027 28.29332
2450145.44202 21.25398
2450166.27376 23.44076
2450187.10551 28.51544
2450207.93726 25.86432
2450228.76901 23.85457
2450249.60076 22.85961
2450270.43251 27.74824
2450291.26426 27.04193
2450478.75000 18.30657
2450499.58175 14.73960
2450520.41350 27.24630
2450541.24525 28.05725
2450562.07700 21.14011
2450582.90875 11.69003
2450603.74049 21.20089
2450624.57224 29.46847
2450645.40399 17.37592
2450853.72148 13.44283
2450874.55323 21.47747
2450895.38498 13.07351
2450916.21673 9.09477
2450937.04848 10.16576
2450957.88023 17.72453
2450978.71198 15.06566
2450999.54373 7.62777
2451020.37548 7.63967
2451228.69297 12.73724
2451249.52471 8.81496
2451270.35646 2.41398
2451291.18821 9.49969
2451312.01996 14.12252
2451332.85171 6.87125
2451353.68346 1.80233
2451374.51521 7.22433
2451582.83270 9.04946
2451603.66445 1.28436
2451624.49620 3.41976
2451645.32795 11.76975
2451666.15970 10.47496
2451686.99144 1.99176
2451707.82319 3.33086
2451728.65494 12.53505
2451749.48669 11.00053
2451957.80418 4.07167
2451978.63593 11.45601
2451999.46768 15.21574
2452020.29943 8.90742
2452041.13118 5.90245
2452061.96293 9.99948
2452082.79468 16.57067
2452103.62643 11.82928
2452311.94392 13.66428
2452332.77567 21.49418
2452353.60741 15.61743
2452374.43916 10.10659
2452395.27091 11.66418
2452416.10266 20.48777
2452436.93441 18.30356
2452457.76616 12.28802
2452478.59791 15.17976
2452686.91540 27.08831
2452707.74715 22.32023
2452728.57890 20.06508
2452749.41065 21.66527
2452770.24240 30.24229
2452791.07414 19.35661
2452811.90589 16.41617
2452832.73764 23.32061
2453041.05513 25.86692
2453061.88688 20.60402
2453082.71863 20.95947
2453103.55038 30.19421
2453124.38213 27.46807
2453145.21388 22.40570
2453166.04563 22.74990
2453186.87738 29.11453
2453207.70913 27.21080
2453416.02662 18.28186
2453436.85837 23.73491
2453457.69011 25.74168
2453478.52186 16.96421
2453499.35361 17.99249
2453520.18536 20.59471
2453541.01711 25.44708
2453561.84886 23.47305
2453770.16635 18.99183
2453790.99810 24.42757
2453811.82985 17.99579
2453832.66160 13.46195
2453853.49335 16.95257
2453874.32510 20.53040
2453895.15684 18.45601
2453915.98859 12.69373
2453936.82034 12.59938
2454145.13783 15.66828
2454165.96958 10.35370
2454186.80133 7.17207
2454207.63308 13.69100
2454228.46483 18.77828
2454249.29658 8.30609
2454270.12833 6.54423
2454290.96008 12.33386
2454499.27757 8.73237
2454520.10932 3.45297
2454540.94106 8.40436
2454561.77281 13.84572
2454582.60456 8.49698
2454603.43631 3.74401
2454624.26806 6.80266
2454645.09981 12.71764
2454665.93156 10.60048
2454874.24905 4.59289
2454895.08080 12.61336
2454915.91255 11.17781
2454936.74430 7.20781
2454957.57605 5.39486
2454978.40779 9.68742
2454999.23954 12.83622
2455020.07129 7.39412
2455040.90304 5.47681
2455228.38878 11.31055
2455249.22053 18.04852
2455270.05228 13.56764
2455290.88403 9.44045
2455311.71578 10.01091
2455332.54753 17.82988
2455353.37928 14.82132
2455374.21103 8.98211
2455395.04278 12.56065
2455603.36027 21.41839
2455624.19202 16.13792
2455645.02376 16.31165
2455665.85551 19.95946
2455686.68726 24.25249
2455707.51901 17.38291
2455728.35076 17.03755
2455749.18251 17.50975
2455770.01426 23.18848
2455957.50000 19.82937
