2445000.00000 19.27197
2445020.83175 37.74329
2445041.66350 1.92011
2445062.49525 28.29997
2445083.32700 29.62033
2445104.15875 0.03112
2445124.99049 35.89194
2445145.82224 27.60282
2445166.65399 2.84073
2445374.97148 42.89942
2445395.80323 2.94921
2445416.63498 41.99477
2445437.46673 34.78438
2445458.29848 6.49789
2445479.13023 42.73933
2445499.96198 26.24267
2445520.79373 13.72705
2445541.62548 44.11035
2445749.94297 17.06784
2445770.77471 53.37057
2445791.60646 38.51916
2445812.43821 18.52480
2445833.26996 64.83731
2445854.10171 26.22406
2445874.93346 31.36688
2445895.76521 63.01037
2446104.08270 27.72141
2446124.91445 63.07549
2446145.74620 36.28634
2446166.57795 38.43331
2446187.40970 60.37570
2446208.24144 32.75473
2446229.07319 40.11834
2446249.90494 64.60337
2446270.73669 27.88023
2446479.05418 73.80669
2446499.88593 36.98009
2446520.71768 58.72745
2446541.54943 66.04212
2446562.38118 28.00061
2446583.21293 68.13202
2446604.04468 57.51363
2446624.87643 28.97949
2446833.19392 58.19236
2446854.02567 29.23834
2446874.85741 48.08123
2446895.68916 55.09973
2446916.52091 21.27490
2446937.35266 60.40226
2446958.18441 42.08562
2446979.01616 23.11288
2446999.84791 56.60115
2447208.16540 11.52857
2447228.99715 38.05995
2447249.82890 40.26011
2447270.66065 13.35313
2447291.49240 55.25937
2447312.32414 23.62386
2447333.15589 18.10895
2447353.98764 46.57110
2447562.30513 4.45850
2447583.13688 42.53188
2447603.96863 19.26487
2447624.80038 8.56983
2447645.63213 45.54818
2447666.46388 10.52630
2447687.29563 17.43854
2447708.12738 47.08619
2447728.95913 3.10873
2447937.27662 38.68843
2447958.10837 10.35422
2447978.94011 12.11191
2447999.77186 43.99686
2448020.60361 5.17937
2448041.43536 28.56310
2448062.26711 37.81548
2448083.09886 2.11732
2448291.41635 49.63955
2448312.24810 12.57137
2448333.07985 27.86086
2448353.91160 57.90253
2448374.74335 8.06274
2448395.57510 31.13972
2448416.40684 42.59426
2448437.23859 13.42371
2448458.07034 52.37693
2448666.38783 19.79565
2448687.21958 54.53060
2448708.05133 49.81068
2448728.88308 17.45483
2448749.71483 57.66623
2448770.54658 43.73190
2448791.37833 21.50248
2448812.21008 70.30654
2449020.52757 26.48595
2449041.35932 73.47108
2449062.19106 38.85022
2449083.02281 34.67826
2449103.85456 64.17736
2449124.68631 38.72717
2449145.51806 36.17380
2449166.34981 94.07847
2449187.18156 38.05396
2449395.49905 68.46846
2449416.33080 39.43102
2449437.16255 32.55965
2449457.99430 56.88062
2449478.82605 37.18590
2449499.65779 38.49222
2449520.48954 68.17412
2449541.32129 26.61257
2449562.15304 50.11841
2449749.63878 62.59109
2449770.47053 24.51417
2449791.30228 32.83286
2449812.13403 54.78386
2449832.96578 21.71494
2449853.79753 43.02145
2449874.62928 54.96018
2449895.46103 16.62043
2449916.29278 50.75914
2450124.61027 12.42367
2450145.44202 31.20958
2450166.27376 41.34234
2450187.10551 7.08458
2450207.93726 31.95651
2450228.76901 31.70992
2450249.60076 6.11048
2450270.43251 41.43731
2450291.26426 23.57826
2450478.75000 1.75366
2450499.58175 31.27265
2450520.41350 26.56764
2450541.24525 1.02031
2450562.07700 42.51752
2450582.90875 22.12511
2450603.74049 4.67498
2450624.57224 38.88248
2450645.40399 12.38721
2450853.72148 41.64853
2450874.55323 29.54233
2450895.38498 5.01542
2450916.21673 36.05173
2450937.04848 16.72891
2450957.88023 12.44166
2450978.71198 42.41913
2450999.54373 10.99893
2451020.37548 18.71178
2451228.69297 33.97314
2451249.52471 21.30829
2451270.35646 60.88723
2451291.18821 21.60794
2451312.01996 30.17729
2451332.85171 54.50439
2451353.68346 15.45207
2451374.51521 35.80938
2451582.83270 32.88351
2451603.66445 30.91602
2451624.49620 66.96844
2451645.32795 25.46994
2451666.15970 51.05191
2451686.99144 68.84173
2451707.82319 25.54913
2451728.65494 58.36861
2451749.48669 50.70581
2451957.80418 52.84181
2451978.63593 61.36064
2451999.46768 27.81113
2452020.29943 70.11040
2452041.13118 57.60424
2452061.96293 27.17488
2452082.79468 66.39754
2452103.62643 48.50934
2452311.94392 52.59252
2452332.77567 60.06763
2452353.60741 30.30333
2452374.43916 61.89042
2452395.27091 43.57421
2452416.10266 26.28758
2452436.93441 61.03575
2452457.76616 33.03635
2452478.59791 32.79207
2452686.91540 35.92372
2452707.74715 16.17285
2452728.57890 49.91192
2452749.41065 23.87810
2452770.24240 20.27343
2452791.07414 46.98387
2452811.90589 15.07020
2452832.73764 29.47472
2453041.05513 21.71435
2453061.88688 14.11110
2453082.71863 44.73444
2453103.55038 10.64363
2453124.38213 23.08202
2453145.21388 36.41406
2453166.04563 3.87968
2453186.87738 26.25244
2453207.70913 29.97811
2453416.02662 18.78010
2453436.85837 41.52265
2453457.69011 3.01646
2453478.52186 31.15620
2453499.35361 36.45116
2453520.18536 1.55650
2453541.01711 32.48639
2453561.84886 20.95426
2453770.16635 26.52779
2453790.99810 42.48545
2453811.82985 7.37598
2453832.66160 39.48534
2453853.49335 35.19372
2453874.32510 11.74591
2453895.15684 44.97280
2453915.98859 28.66287
2453936.82034 18.69922
2454145.13783 39.58631
2454165.96958 21.04098
2454186.80133 49.60600
2454207.63308 38.13749
2454228.46483 22.04401
2454249.29658 65.88008
2454270.12833 31.11828
2454290.96008 31.41598
2454499.27757 45.86703
2454520.10932 28.90039
2454540.94106 77.15900
2454561.77281 35.66532
2454582.60456 42.02308
2454603.43631 70.01993
2454624.26806 27.99095
2454645.09981 46.91808
2454665.93156 62.13107
2454874.24905 43.67528
2454895.08080 71.79187
2454915.91255 32.10912
2454936.74430 54.61344
2454957.57605 76.09325
2454978.40779 27.98754
2454999.23954 65.42253
2455020.07129 63.86549
2455040.90304 27.50187
2455228.38878 37.46042
2455249.22053 43.57957
2455270.05228 18.72518
2455290.88403 51.52423
2455311.71578 52.41866
2455332.54753 18.09648
2455353.37928 53.27563
2455374.21103 48.13327
2455395.04278 18.18250
2455603.36027 46.97128
2455624.19202 11.27241
2455645.02376 51.17324
2455665.85551 31.86573
2455686.68726 10.06532
2455707.51901 44.47033
2455728.35076 21.20516
2455749.18251 13.84884
2455770.01426 57.70158
2455957.50000 30.33250
