2445000.00000 23.17041
2445020.83175 12.07370
2445041.66350 4.29567
2445062.49525 3.52642
2445083.32700 14.26175
2445104.15875 25.42878
2445124.99049 18.20091
2445145.82224 5.78489
2445166.65399 5.07532
2445374.97148 11.61838
2445395.80323 22.21346
2445416.63498 26.79132
2445437.46673 20.79838
2445458.29848 14.85782
2445479.13023 12.01963
2445499.96198 20.63308
2445520.79373 27.52774
2445541.62548 29.04744
2445749.94297 28.13670
2445770.77471 14.93346
2445791.60646 16.09452
2445812.43821 22.94217
2445833.26996 29.69751
2445854.10171 28.29982
2445874.93346 17.12227
2445895.76521 16.02850
2446104.08270 5.61576
2446124.91445 15.84053
2446145.74620 23.63345
2446166.57795 20.13202
2446187.40970 8.75110
2446208.24144 3.64076
2446229.07319 12.15347
2446249.90494 21.02628
2446270.73669 16.03513
2446479.05418 15.65729
2446499.88593 5.30419
2446520.71768 2.14313
2446541.54943 12.12302
2446562.38118 17.79271
2446583.21293 19.09591
2446604.04468 6.96150
2446624.87643 4.06923
2446833.19392 8.70701
2446854.02567 15.92052
2446874.85741 31.46908
2446895.68916 28.83648
2446916.52091 13.64500
2446937.35266 11.87264
2446958.18441 18.32479
2446979.01616 34.45191
2446999.84791 28.08143
2447208.16540 30.90332
2447228.99715 20.45656
2447249.82890 14.00701
2447270.66065 24.94572
2447291.49240 30.12005
2447312.32414 27.38426
2447333.15589 17.62314
2447353.98764 12.50435
2447562.30513 5.83690
2447583.13688 12.42155
2447603.96863 25.27923
2447624.80038 21.43096
2447645.63213 7.99188
2447666.46388 2.95307
2447687.29563 10.28138
2447708.12738 22.43025
2447728.95913 15.04002
2447937.27662 18.04935
2447958.10837 7.60203
2447978.94011 1.73920
2447999.77186 9.13276
2448020.60361 21.71371
2448041.43536 21.19358
2448062.26711 8.76187
2448083.09886 3.66717
2448291.41635 8.36013
2448312.24810 16.56696
2448333.07985 30.50267
2448353.91160 25.76833
2448374.74335 20.65044
2448395.57510 13.60071
2448416.40684 17.77724
2448437.23859 28.91007
2448458.07034 26.18145
2448666.38783 31.97515
2448687.21958 22.59226
2448708.05133 13.05041
2448728.88308 19.78973
2448749.71483 27.71450
2448770.54658 26.30789
2448791.37833 18.78529
2448812.21008 10.84311
2449020.52757 5.54230
2449041.35932 8.90522
2449062.19106 20.21737
2449083.02281 20.24281
2449103.85456 10.95662
2449124.68631 2.91146
2449145.51806 7.66466
2449166.34981 16.10609
2449187.18156 18.02971
2449395.49905 19.14778
2449416.33080 7.68358
2449437.16255 1.41830
2449457.99430 6.81096
2449478.82605 16.82608
2449499.65779 19.43795
2449520.48954 10.97425
2449541.32129 3.28069
2449562.15304 11.76949
2449749.63878 8.70815
2449770.47053 16.40680
2449791.30228 26.55050
2449812.13403 31.85532
2449832.96578 20.92617
2449853.79753 13.71098
2449874.62928 16.62529
2449895.46103 24.20729
2449916.29278 32.76603
2450124.61027 32.53765
2450145.44202 20.97029
2450166.27376 13.80317
2450187.10551 15.90489
2450207.93726 28.83236
2450228.76901 32.32757
2450249.60076 21.13009
2450270.43251 10.22886
2450291.26426 16.22933
2450478.75000 5.93663
2450499.58175 9.45081
2450520.41350 22.41793
2450541.24525 22.09628
2450562.07700 11.47287
2450582.90875 3.28356
2450603.74049 7.03406
2450624.57224 13.32958
2450645.40399 18.26816
2450853.72148 17.81292
2450874.55323 10.99569
2450895.38498 1.75829
2450916.21673 5.65314
2450937.04848 19.63011
2450957.88023 22.33489
2450978.71198 11.34874
2450999.54373 3.99821
2451020.37548 7.29865
2451228.69297 13.28323
2451249.52471 29.61507
2451270.35646 27.54708
2451291.18821 19.16958
2451312.01996 12.37303
2451332.85171 16.33253
2451353.68346 27.28689
2451374.51521 31.05229
2451582.83270 36.00279
2451603.66445 28.00844
2451624.49620 16.91399
2451645.32795 16.60244
2451666.15970 23.12985
2451686.99144 34.62233
2451707.82319 22.06906
2451728.65494 10.80436
2451749.48669 11.15599
2451957.80418 6.07970
2451978.63593 17.15244
2451999.46768 23.63253
2452020.29943 16.12290
2452041.13118 3.17410
2452061.96293 4.70857
2452082.79468 12.70729
2452103.62643 18.08541
2452311.94392 17.97180
2452332.77567 10.22163
2452353.60741 2.56672
2452374.43916 3.80068
2452395.27091 17.12445
2452416.10266 24.33982
2452436.93441 14.61088
2452457.76616 4.99065
2452478.59791 5.35426
2452686.91540 11.23075
2452707.74715 24.71184
2452728.57890 26.90474
2452749.41065 24.25013
2452770.24240 11.58620
2452791.07414 15.37950
2452811.90589 26.02496
2452832.73764 26.00263
2453041.05513 39.16128
2453061.88688 28.81291
2453082.71863 15.69726
2453103.55038 13.12851
2453124.38213 28.67193
2453145.21388 28.93892
2453166.04563 23.30260
2453186.87738 12.87009
2453207.70913 13.21198
2453416.02662 4.95330
2453436.85837 18.24199
2453457.69011 22.04830
2453478.52186 14.24604
2453499.35361 4.23231
2453520.18536 2.82998
2453541.01711 15.25999
2453561.84886 18.52729
2453770.16635 19.14700
2453790.99810 15.69352
2453811.82985 3.48604
2453832.66160 3.08383
2453853.49335 14.65211
2453874.32510 22.76677
2453895.15684 17.73561
2453915.98859 6.10831
2453936.82034 5.63732
2454145.13783 11.23305
2454165.96958 23.29345
2454186.80133 31.18302
2454207.63308 26.47112
2454228.46483 14.50851
2454249.29658 15.90641
2454270.12833 25.45283
2454290.96008 31.80030
2454499.27757 36.91542
2454520.10932 26.43837
2454540.94106 11.67819
2454561.77281 13.22843
2454582.60456 23.45366
2454603.43631 26.19819
2454624.26806 22.43708
2454645.09981 12.81799
2454665.93156 11.89246
2454874.24905 4.85015
2454895.08080 14.01668
2454915.91255 22.83733
2454936.74430 16.79337
2454957.57605 5.59946
2454978.40779 2.20850
2454999.23954 12.01992
2455020.07129 20.93885
2455040.90304 12.56606
2455228.38878 19.02186
2455249.22053 14.00369
2455270.05228 5.96559
2455290.88403 2.14886
2455311.71578 10.74373
2455332.54753 18.97109
2455353.37928 15.61921
2455374.21103 7.00961
2455395.04278 3.52757
2455603.36027 10.73675
2455624.19202 21.18833
2455645.02376 32.73392
2455665.85551 30.48648
2455686.68726 19.22726
2455707.51901 12.81688
2455728.35076 20.39450
2455749.18251 34.94243
2455770.01426 31.49386
2455957.50000 31.86576
