2445000.00000 8.19872
2445020.83175 11.04678
2445041.66350 8.69310
2445062.49525 8.04234
2445083.32700 11.93319
2445104.15875 8.34397
2445124.99049 9.78098
2445145.82224 11.53618
2445166.65399 7.99606
2445374.97148 11.05388
2445395.80323 8.61459
2445416.63498 7.36045
2445437.46673 12.14955
2445458.29848 7.80254
2445479.13023 9.73501
2445499.96198 9.97758
2445520.79373 7.22761
2445541.62548 10.31542
2445749.94297 6.18114
2445770.77471 4.52663
2445791.60646 8.53282
2445812.43821 4.96538
2445833.26996 4.91538
2445854.10171 7.06754
2445874.93346 3.89699
2445895.76521 5.07446
2446104.08270 3.53304
2446124.91445 1.70042
2446145.74620 5.37391
2446166.57795 2.37195
2446187.40970 1.71484
2446208.24144 4.59397
2446229.07319 1.66490
2446249.90494 2.32091
2446270.73669 5.05721
2446479.05418 0.45459
2446499.88593 4.03028
2446520.71768 2.03073
2446541.54943 1.09050
2446562.38118 4.31104
2446583.21293 1.40422
2446604.04468 1.42185
2446624.87643 4.37090
2446833.19392 2.07499
2446854.02567 5.50647
2446874.85741 4.19806
2446895.68916 3.14582
2446916.52091 6.29714
2446937.35266 3.59769
2446958.18441 4.33496
2446979.01616 7.41789
2446999.84791 3.87833
2447208.16540 8.76036
2447228.99715 7.06171
2447249.82890 6.47176
2447270.66065 10.14445
2447291.49240 8.66007
2447312.32414 6.85930
2447333.15589 11.09789
2447353.98764 7.55772
2447562.30513 12.14562
2447583.13688 12.30411
2447603.96863 8.28458
2447624.80038 11.37984
2447645.63213 8.87474
2447666.46388 8.50260
2447687.29563 11.32218
2447708.12738 10.55497
2447728.95913 9.56293
2447937.27662 9.42386
2447958.10837 7.05205
2447978.94011 11.08948
2447999.77186 10.54110
2448020.60361 7.22163
2448041.43536 12.38702
2448062.26711 8.84971
2448083.09886 7.33696
2448291.41635 8.50785
2448312.24810 4.91788
2448333.07985 6.60337
2448353.91160 5.66850
2448374.74335 3.95431
2448395.57510 6.99384
2448416.40684 5.97463
2448437.23859 3.41604
2448458.07034 7.68763
2448666.38783 1.21551
2448687.21958 4.11576
2448708.05133 3.68903
2448728.88308 0.92175
2448749.71483 4.83274
2448770.54658 2.57000
2448791.37833 0.82377
2448812.21008 4.18053
2449020.52757 0.25656
2449041.35932 3.04304
2449062.19106 3.50893
2449083.02281 0.27194
2449103.85456 3.72085
2449124.68631 3.18780
2449145.51806 0.59778
2449166.34981 4.78394
2449187.18156 2.81549
2449395.49905 4.52418
2449416.33080 5.69418
2449437.16255 2.22444
2449457.99430 5.91574
2449478.82605 5.25894
2449499.65779 2.85166
2449520.48954 6.54845
2449541.32129 5.92184
2449562.15304 3.57157
2449749.63878 7.58662
2449770.47053 9.73461
2449791.30228 5.02083
2449812.13403 8.46061
2449832.96578 9.46089
2449853.79753 6.19465
2449874.62928 9.37477
2449895.46103 10.45324
2449916.29278 6.34116
2450124.61027 11.26248
2450145.44202 6.82921
2450166.27376 11.53763
2450187.10551 11.41959
2450207.93726 8.18486
2450228.76901 10.24048
2450249.60076 9.59577
2450270.43251 7.83088
2450291.26426 9.88820
2450478.75000 12.61467
2450499.58175 7.13209
2450520.41350 8.34126
2450541.24525 10.21076
2450562.07700 7.31617
2450582.90875 8.80072
2450603.74049 8.16136
2450624.57224 5.82738
2450645.40399 9.65348
2450853.72148 5.29743
2450874.55323 6.67171
2450895.38498 8.46271
2450916.21673 3.92645
2450937.04848 6.98658
2450957.88023 6.90052
2450978.71198 2.50059
2450999.54373 6.40437
2451020.37548 5.41725
2451228.69297 2.38888
2451249.52471 5.23812
2451270.35646 1.28541
2451291.18821 3.29709
2451312.01996 4.32728
2451332.85171 0.51834
2451353.68346 2.87890
2451374.51521 3.20107
2451582.83270 1.42048
2451603.66445 4.18912
2451624.49620 0.79762
2451645.32795 2.49437
2451666.15970 4.43966
2451686.99144 0.52595
2451707.82319 2.90953
2451728.65494 3.72281
2451749.48669 0.62267
2451957.80418 6.81529
2451978.63593 2.19604
2451999.46768 4.56891
2452020.29943 6.89279
2452041.13118 3.60011
2452061.96293 6.30445
2452082.79468 5.88081
2452103.62643 3.84467
2452311.94392 10.19681
2452332.77567 6.40934
2452353.60741 7.84795
2452374.43916 9.88408
2452395.27091 6.09877
2452416.10266 9.03327
2452436.93441 10.53305
2452457.76616 7.72044
2452478.59791 9.07116
2452686.91540 9.30409
2452707.74715 9.97614
2452728.57890 11.13884
2452749.41065 9.87907
2452770.24240 9.79263
2452791.07414 10.69021
2452811.90589 6.84676
2452832.73764 8.89650
2453041.05513 8.95838
2453061.88688 7.76201
2453082.71863 11.41039
2453103.55038 7.27722
2453124.38213 8.42676
2453145.21388 11.93366
2453166.04563 7.20605
2453186.87738 8.11370
2453207.70913 8.51411
2453416.02662 3.81725
2453436.85837 7.78266
2453457.69011 4.40246
2453478.52186 4.45980
2453499.35361 7.64325
2453520.18536 3.08448
2453541.01711 5.26749
2453561.84886 5.66481
2453770.16635 1.07014
2453790.99810 4.44258
2453811.82985 2.49229
2453832.66160 1.33911
2453853.49335 5.24294
2453874.32510 1.38019
2453895.15684 1.51912
2453915.98859 4.22123
2453936.82034 0.62152
2454145.13783 4.70878
2454165.96958 1.70093
2454186.80133 0.77690
2454207.63308 4.42311
2454228.46483 1.85971
2454249.29658 1.57078
2454270.12833 4.37249
2454290.96008 1.25414
2454499.27757 6.02452
2454520.10932 3.93994
2454540.94106 2.54977
2454561.77281 7.87540
2454582.60456 4.46831
2454603.43631 2.94293
2454624.26806 6.91108
2454645.09981 5.30711
2454665.93156 5.73526
2454874.24905 8.76304
2454895.08080 5.47311
2454915.91255 9.62264
2454936.74430 8.14471
2454957.57605 8.21812
2454978.40779 10.48654
2454999.23954 6.63729
2455020.07129 7.85336
2455040.90304 11.96426
2455228.38878 10.88958
2455249.22053 8.24354
2455270.05228 11.84131
2455290.88403 11.97580
2455311.71578 7.84512
2455332.54753 12.09621
2455353.37928 9.79371
2455374.21103 9.03699
2455395.04278 11.09000
2455603.36027 6.27640
2455624.19202 9.43616
2455645.02376 8.70368
2455665.85551 6.63469
2455686.68726 11.22701
2455707.51901 7.77987
2455728.35076 6.61879
2455749.18251 11.00929
2455770.01426 6.80059
2455957.50000 3.22616
