2445000.00000 -26.17068
2445020.83175 23.06625
2445041.66350 -23.81600
2445062.49525 11.41125
2445083.32700 -11.46409
2445104.15875 -10.43321
2445124.99049 7.50823
2445145.82224 -27.61709
2445166.65399 17.96751
2445374.97148 -21.16842
2445395.80323 -6.99589
2445416.63498 -8.15868
2445437.46673 -27.79054
2445458.29848 8.02381
2445479.13023 -36.69766
2445499.96198 5.40213
2445520.79373 -36.38106
2445541.62548 -7.25285
2445749.94297 0.58033
2445770.77471 -35.30459
2445791.60646 9.00728
2445812.43821 -32.12270
2445833.26996 -0.03743
2445854.10171 -23.95608
2445874.93346 -19.79328
2445895.76521 -1.24977
2446104.08270 -37.83663
2446124.91445 12.03232
2446145.74620 -23.75501
2446166.57795 -5.06095
2446187.40970 -2.00599
2446208.24144 -23.77533
2446229.07319 15.10408
2446249.90494 -27.83143
2446270.73669 17.40346
2446479.05418 -0.40366
2446499.88593 -5.73737
2446520.71768 18.60046
2446541.54943 -17.62862
2446562.38118 35.22696
2446583.21293 -20.81034
2446604.04468 21.88370
2446624.87643 0.35176
2446833.19392 -6.11435
2446854.02567 41.72500
2446874.85741 -10.12835
2446895.68916 34.16583
2446916.52091 0.43663
2446937.35266 18.96794
2446958.18441 22.46688
2446979.01616 -0.41348
2446999.84791 40.29720
2447208.16540 -3.76561
2447228.99715 33.23161
2447249.82890 14.39981
2447270.66065 7.31013
2447291.49240 31.44635
2447312.32414 -7.30234
2447333.15589 41.70491
2447353.98764 -6.79815
2447562.30513 11.02461
2447583.13688 21.63564
2447603.96863 -8.37277
2447624.80038 30.86312
2447645.63213 -13.00723
2447666.46388 29.96409
2447687.29563 -6.02853
2447708.12738 9.74043
2447728.95913 11.69107
2447937.27662 -21.34335
2447958.10837 26.56474
2447978.94011 -16.18697
2447999.77186 8.82142
2448020.60361 -5.76562
2448041.43536 -13.90614
2448062.26711 12.98702
2448083.09886 -30.38095
2448291.41635 7.04941
2448312.24810 -24.66236
2448333.07985 -13.22720
2448353.91160 -2.80000
2448374.74335 -28.60167
2448395.57510 9.72203
2448416.40684 -35.83469
2448437.23859 6.49425
2448458.07034 -27.97621
2448666.38783 -29.40012
2448687.21958 3.87860
2448708.05133 -43.40709
2448728.88308 7.46749
2448749.71483 -35.62974
2448770.54658 -3.91183
2448791.37833 -18.23425
2448812.21008 -24.45685
2449020.52757 11.32526
2449041.35932 -33.37698
2449062.19106 7.34226
2449083.02281 -18.82877
2449103.85456 -11.14361
2449124.68631 1.97622
2449145.51806 -29.69528
2449166.34981 14.10597
2449187.18156 -30.87954
2449395.49905 6.09258
2449416.33080 3.10216
2449437.16255 -11.13834
2449457.99430 23.61329
2449478.82605 -16.74400
2449499.65779 29.31295
2449520.48954 -16.76450
2449541.32129 20.91710
2449562.15304 4.45096
2449749.63878 27.51906
2449770.47053 -9.70183
2449791.30228 47.57318
2449812.13403 -8.61658
2449832.96578 35.51857
2449853.79753 3.91758
2449874.62928 12.12663
2449895.46103 21.52250
2449916.29278 -3.86667
2450124.61027 38.63092
2450145.44202 0.16020
2450166.27376 22.61323
2450187.10551 19.88974
2450207.93726 2.74783
2450228.76901 36.99236
2450249.60076 -6.09975
2450270.43251 39.24448
2450291.26426 -3.69631
2450478.75000 8.57734
2450499.58175 7.65972
2450520.41350 23.14931
2450541.24525 -11.33525
2450562.07700 32.60190
2450582.90875 -11.33675
2450603.74049 28.08883
2450624.57224 -0.49984
2450645.40399 6.22746
2450853.72148 24.53843
2450874.55323 -27.75246
2450895.38498 18.13752
2450916.21673 -15.81042
2450937.04848 3.41361
2450957.88023 0.72981
2450978.71198 -14.21468
2450999.54373 12.97027
2451020.37548 -23.40950
2451228.69297 3.63145
2451249.52471 -16.95555
2451270.35646 -16.61582
2451291.18821 2.29318
2451312.01996 -32.91112
2451332.85171 12.12028
2451353.68346 -38.86964
2451374.51521 3.06869
2451582.83270 -7.99755
2451603.66445 -32.22986
2451624.49620 5.13627
2451645.32795 -33.50222
2451666.15970 5.45855
2451686.99144 -31.50678
2451707.82319 -9.45766
2451728.65494 -12.68965
2451749.48669 -28.69666
2451957.80418 10.34028
2451978.63593 -36.92753
2451999.46768 2.32393
2452020.29943 -12.53060
2452041.13118 -16.88974
2452061.96293 4.18879
2452082.79468 -26.80433
2452103.62643 16.11824
2452311.94392 -13.54261
2452332.77567 1.14567
2452353.60741 7.24803
2452374.43916 -15.59719
2452395.27091 21.09866
2452416.10266 -20.09714
2452436.93441 23.92952
2452457.76616 -12.50023
2452478.59791 8.54976
2452686.91540 27.33436
2452707.74715 -10.43453
2452728.57890 29.86340
2452749.41065 -7.89240
2452770.24240 28.75335
2452791.07414 8.06589
2452811.90589 6.43057
2452832.73764 25.46655
2453041.05513 -7.09146
2453061.88688 42.17735
2453082.71863 4.03514
2453103.55038 15.15730
2453124.38213 24.60284
2453145.21388 -0.40417
2453166.04563 38.42354
2453186.87738 -7.87442
2453207.70913 33.08525
2453416.02662 11.98175
2453436.85837 2.65332
2453457.69011 28.08271
2453478.52186 -10.72488
2453499.35361 33.21184
2453520.18536 -10.40570
2453541.01711 20.33071
2453561.84886 4.76656
2453770.16635 -10.95735
2453790.99810 26.84224
2453811.82985 -20.31976
2453832.66160 18.46486
2453853.49335 -11.23935
2453874.32510 1.26861
2453895.15684 6.09465
2453915.98859 -15.02140
2453936.82034 16.36899
2454145.13783 -32.42487
2454165.96958 0.02049
2454186.80133 -8.44368
2454207.63308 -18.82127
2454228.46483 6.74080
2454249.29658 -29.29721
2454270.12833 9.71271
2454290.96008 -27.79780
2454499.27757 -18.21023
2454520.10932 -3.95767
2454540.94106 -30.65760
2454561.77281 6.72147
2454582.60456 -37.23162
2454603.43631 2.62395
2454624.26806 -22.67034
2454645.09981 -12.02191
2454665.93156 -6.65737
2454874.24905 -30.93452
2454895.08080 7.91910
2454915.91255 -29.51276
2454936.74430 -2.00606
2454957.57605 -12.74680
2454978.40779 -19.19453
2454999.23954 7.48318
2455020.07129 -29.86112
2455040.90304 13.87230
2455228.38878 11.11517
2455249.22053 -9.60766
2455270.05228 -4.75139
2455290.88403 9.43798
2455311.71578 -17.42558
2455332.54753 20.99131
2455353.37928 -17.46368
2455374.21103 18.19325
2455395.04278 -7.44981
2455603.36027 -4.24473
2455624.19202 30.42552
2455645.02376 -10.84388
2455665.85551 29.70289
2455686.68726 -5.68581
2455707.51901 20.42367
2455728.35076 11.56157
2455749.18251 1.52908
2455770.01426 26.58370
2455957.50000 36.89291
