2445000.00000 -14.36529
2445020.83175 -11.06595
2445041.66350 -2.59253
2445062.49525 2.96589
2445083.32700 -1.45366
2445104.15875 -7.82577
2445124.99049 -12.39974
2445145.82224 -9.19559
2445166.65399 -0.74670
2445374.97148 -11.58148
2445395.80323 -5.26021
2445416.63498 2.15922
2445437.46673 0.61475
2445458.29848 -8.36184
2445479.13023 -10.05569
2445499.96198 -11.24266
2445520.79373 -3.39255
2445541.62548 2.46432
2445749.94297 -6.19013
2445770.77471 2.14895
2445791.60646 3.00097
2445812.43821 -2.29102
2445833.26996 -11.06056
2445854.10171 -10.83438
2445874.93346 -2.59871
2445895.76521 4.77830
2446104.08270 -5.28843
2446124.91445 3.87998
2446145.74620 8.32245
2446166.57795 3.14179
2446187.40970 -4.62236
2446208.24144 -8.15976
2446229.07319 -2.20799
2446249.90494 6.65651
2446270.73669 9.74374
2446479.05418 5.05179
2446499.88593 12.20692
2446520.71768 10.93327
2446541.54943 1.11316
2446562.38118 -4.14623
2446583.21293 -1.49389
2446604.04468 8.78388
2446624.87643 12.19640
2446833.19392 4.17757
2446854.02567 15.22188
2446874.85741 12.89273
2446895.68916 5.84637
2446916.52091 -1.11976
2446937.35266 -1.25331
2446958.18441 4.95748
2446979.01616 14.85107
2446999.84791 12.92798
2447208.16540 10.09472
2447228.99715 14.35019
2447249.82890 10.02694
2447270.66065 0.30849
2447291.49240 -2.68880
2447312.32414 3.28040
2447333.15589 11.08814
2447353.98764 12.87335
2447562.30513 6.27883
2447583.13688 13.60469
2447603.96863 8.48138
2447624.80038 0.54812
2447645.63213 -5.70338
2447666.46388 -1.96205
2447687.29563 6.60223
2447708.12738 12.21380
2447728.95913 6.86423
2447937.27662 8.08789
2447958.10837 8.50509
2447978.94011 -0.28688
2447999.77186 -7.40206
2448020.60361 -7.87554
2448041.43536 0.98412
2448062.26711 7.56766
2448083.09886 5.62683
2448291.41635 2.53533
2448312.24810 4.89645
2448333.07985 -1.22325
2448353.91160 -11.40804
2448374.74335 -12.61823
2448395.57510 -6.82101
2448416.40684 2.32044
2448437.23859 3.22834
2448458.07034 -4.42607
2448666.38783 3.19855
2448687.21958 -1.13552
2448708.05133 -10.23900
2448728.88308 -19.56028
2448749.71483 -12.67568
2448770.54658 -1.52407
2448791.37833 2.67083
2448812.21008 -3.97517
2449020.52757 1.94142
2449041.35932 1.05116
2449062.19106 -7.63905
2449083.02281 -19.43626
2449103.85456 -18.34048
2449124.68631 -4.24441
2449145.51806 2.25533
2449166.34981 0.02979
2449187.18156 -11.39066
2449395.49905 5.55097
2449416.33080 -2.86308
2449437.16255 -13.24609
2449457.99430 -13.11874
2449478.82605 -4.33026
2449499.65779 4.40583
2449520.48954 5.46581
2449541.32129 -3.96318
2449562.15304 -14.20960
2449749.63878 9.59239
2449770.47053 5.35597
2449791.30228 -5.41023
2449812.13403 -9.53326
2449832.96578 -3.37937
2449853.79753 8.72568
2449874.62928 12.13308
2449895.46103 4.88616
2449916.29278 -6.27365
2450124.61027 11.24933
2450145.44202 1.95461
2450166.27376 -6.21407
2450187.10551 -2.38465
2450207.93726 9.83949
2450228.76901 18.17490
2450249.60076 10.17715
2450270.43251 1.09615
2450291.26426 -5.37602
2450478.75000 19.18855
2450499.58175 7.83936
2450520.41350 -1.44078
2450541.24525 -1.83254
2450562.07700 8.99911
2450582.90875 15.69191
2450603.74049 16.22317
2450624.57224 7.63963
2450645.40399 -2.26938
2450853.72148 12.77933
2450874.55323 1.23192
2450895.38498 -3.51995
2450916.21673 4.79576
2450937.04848 15.73229
2450957.88023 18.51196
2450978.71198 10.11378
2450999.54373 -1.66600
2451020.37548 -3.83870
2451228.69297 1.51283
2451249.52471 -6.89585
2451270.35646 -2.54395
2451291.18821 9.34307
2451312.01996 17.81551
2451332.85171 9.04674
2451353.68346 -2.68721
2451374.51521 -10.03851
2451582.83270 0.41438
2451603.66445 -12.07714
2451624.49620 -13.00948
2451645.32795 0.28603
2451666.15970 11.29293
2451686.99144 7.31404
2451707.82319 -4.63464
2451728.65494 -13.63098
2451749.48669 -12.09061
2451957.80418 -14.04271
2451978.63593 -14.01119
2451999.46768 -9.98470
2452020.29943 3.33421
2452041.13118 5.89687
2452061.96293 -4.68608
2452082.79468 -19.20721
2452103.62643 -16.48853
2452311.94392 -15.72841
2452332.77567 -22.65957
2452353.60741 -13.34577
2452374.43916 -2.72015
2452395.27091 3.53954
2452416.10266 -3.30390
2452436.93441 -16.41754
2452457.76616 -22.17598
2452478.59791 -16.39444
2452686.91540 -21.42052
2452707.74715 -18.95465
2452728.57890 -6.91370
2452749.41065 4.10284
2452770.24240 0.84757
2452791.07414 -13.52658
2452811.90589 -17.70116
2452832.73764 -15.39908
2453041.05513 -19.39538
2453061.88688 -17.26372
2453082.71863 -7.06575
2453103.55038 6.02428
2453124.38213 8.00200
2453145.21388 -3.49850
2453166.04563 -14.25518
2453186.87738 -13.43755
2453207.70913 -1.66255
2453416.02662 -13.90756
2453436.85837 -5.53786
2453457.69011 6.03350
2453478.52186 14.27837
2453499.35361 7.13259
2453520.18536 -6.51440
2453541.01711 -11.85163
2453561.84886 -0.17008
2453770.16635 -6.57245
2453790.99810 -3.75864
2453811.82985 11.05383
2453832.66160 17.63379
2453853.49335 13.75752
2453874.32510 2.01975
2453895.15684 -5.79989
2453915.98859 0.67765
2453936.82034 14.42965
2454145.13783 -3.27209
2454165.96958 10.29102
2454186.80133 20.40297
2454207.63308 19.15180
2454228.46483 8.93289
2454249.29658 -2.80999
2454270.12833 -0.72424
2454290.96008 13.08675
2454499.27757 -4.26944
2454520.10932 3.83381
2454540.94106 22.08050
2454561.77281 20.97421
2454582.60456 13.37451
2454603.43631 -1.25817
2454624.26806 -4.27399
2454645.09981 5.89912
2454665.93156 21.51500
2454874.24905 -4.34071
2454895.08080 11.46212
2454915.91255 18.39790
2454936.74430 12.15278
2454957.57605 -2.55886
2454978.40779 -11.70200
2454999.23954 -3.78277
2455020.07129 11.49017
2455040.90304 20.39743
2455228.38878 -12.34348
2455249.22053 -0.72398
2455270.05228 10.78347
2455290.88403 10.05507
2455311.71578 -4.26750
2455332.54753 -17.06572
2455353.37928 -13.25329
2455374.21103 0.77768
2455395.04278 10.11740
2455603.36027 -13.06485
2455624.19202 3.05043
2455645.02376 7.29022
2455665.85551 -5.05772
2455686.68726 -21.43460
2455707.51901 -21.04532
2455728.35076 -8.95796
2455749.18251 3.18900
2455770.01426 2.82409
2455957.50000 -16.13593
