2445000.00000 16.25792
2445020.83175 62.92399
2445041.66350 73.52499
2445062.49525 23.04060
2445083.32700 71.71225
2445104.15875 65.84448
2445124.99049 23.81835
2445145.82224 77.37996
2445166.65399 51.14123
2445374.97148 47.38003
2445395.80323 71.90302
2445416.63498 19.23389
2445437.46673 35.29573
2445458.29848 57.55698
2445479.13023 4.41825
2445499.96198 43.70912
2445520.79373 45.75907
2445541.62548 -6.38341
2445749.94297 10.15744
2445770.77471 -35.23212
2445791.60646 -45.23524
2445812.43821 -1.67936
2445833.26996 -58.70141
2445854.10171 -42.52402
2445874.93346 -15.35243
2445895.76521 -70.66121
2446104.08270 -33.12145
2446124.91445 -55.57554
2446145.74620 -84.22219
2446166.57795 -27.24142
2446187.40970 -56.94251
2446208.24144 -66.63985
2446229.07319 -21.83095
2446249.90494 -68.40095
2446270.73669 -57.95686
2446479.05418 1.05709
2446499.88593 -40.38352
2446520.71768 7.96183
2446541.54943 5.39948
2446562.38118 -31.87351
2446583.21293 31.74536
2446604.04468 10.64675
2446624.87643 -11.91796
2446833.19392 66.10308
2446854.02567 26.26461
2446874.85741 50.83640
2446895.68916 72.87434
2446916.52091 26.07409
2446937.35266 64.19223
2446958.18441 79.29609
2446979.01616 25.43671
2446999.84791 73.37210
2447208.16540 32.69221
2447228.99715 21.16192
2447249.82890 56.66871
2447270.66065 15.79711
2447291.49240 24.73012
2447312.32414 57.93606
2447333.15589 1.15191
2447353.98764 20.25677
2447562.30513 -17.22767
2447583.13688 -45.12153
2447603.96863 -0.41838
2447624.80038 -31.68914
2447645.63213 -46.32089
2447666.46388 -6.42325
2447687.29563 -39.05517
2447708.12738 -51.52806
2447728.95913 -16.51724
2447937.27662 -92.21183
2447958.10837 -43.01846
2447978.94011 -36.50986
2447999.77186 -70.65195
2448020.60361 -32.12760
2448041.43536 -47.58205
2448062.26711 -69.98118
2448083.09886 -24.55188
2448291.41635 -37.55268
2448312.24810 -10.96034
2448333.07985 17.63818
2448353.91160 -30.21567
2448374.74335 7.89995
2448395.57510 21.12462
2448416.40684 -19.38042
2448437.23859 25.57340
2448458.07034 29.76349
2448666.38783 31.55694
2448687.21958 85.15014
2448708.05133 31.00140
2448728.88308 45.80210
2448749.71483 88.08999
2448770.54658 28.03905
2448791.37833 48.17252
2448812.21008 71.79060
2449020.52757 20.55293
2449041.35932 58.52879
2449062.19106 35.99809
2449083.02281 13.78017
2449103.85456 55.14106
2449124.68631 19.13972
2449145.51806 8.93632
2449166.34981 54.88164
2449187.18156 0.68024
2449395.49905 -6.80107
2449416.33080 -10.45513
2449437.16255 -54.97715
2449457.99430 -12.07630
2449478.82605 -29.47291
2449499.65779 -53.84039
2449520.48954 -15.72106
2449541.32129 -38.21293
2449562.15304 -59.19219
2449749.63878 -48.47718
2449770.47053 -25.53130
2449791.30228 -73.86588
2449812.13403 -44.65144
2449832.96578 -30.63750
2449853.79753 -65.08202
2449874.62928 -32.97901
2449895.46103 -34.29953
2449916.29278 -62.43740
2450124.61027 14.02322
2450145.44202 -23.02558
2450166.27376 -11.49283
2450187.10551 21.60188
2450207.93726 -16.01525
2450228.76901 5.39979
2450249.60076 34.65059
2450270.43251 -8.74154
2450291.26426 22.46167
2450478.75000 54.04600
2450499.58175 50.85882
2450520.41350 27.72040
2450541.24525 66.49735
2450562.07700 35.40600
2450582.90875 30.82992
2450603.74049 75.84949
2450624.57224 36.54955
2450645.40399 40.85274
2450853.72148 43.39762
2450874.55323 10.47060
2450895.38498 41.49892
2450916.21673 37.23697
2450937.04848 2.70957
2450957.88023 41.27605
2450978.71198 18.80380
2450999.54373 -3.55322
2451020.37548 39.38262
2451228.69297 -41.16036
2451249.52471 -20.39057
2451270.35646 -11.53424
2451291.18821 -61.62700
2451312.01996 -23.12418
2451332.85171 -26.89221
2451353.68346 -65.14693
2451374.51521 -25.31552
2451582.83270 -63.93057
2451603.66445 -64.82050
2451624.49620 -22.08053
2451645.32795 -54.22980
2451666.15970 -49.30397
2451686.99144 -17.89475
2451707.82319 -69.87533
2451728.65494 -36.72636
2451749.48669 -20.19472
2451957.80418 -32.87156
2451978.63593 20.67289
2451999.46768 -6.55834
2452020.29943 -12.41866
2452041.13118 35.45233
2452061.96293 -2.58536
2452082.79468 4.73321
2452103.62643 41.65630
2452311.94392 18.03210
2452332.77567 62.37612
2452353.60741 50.41716
2452374.43916 25.59505
2452395.27091 69.83295
2452416.10266 52.53024
2452436.93441 29.87543
2452457.76616 80.19338
2452478.59791 41.48578
2452686.91540 32.76035
2452707.74715 48.62333
2452728.57890 4.62071
2452749.41065 37.25493
2452770.24240 30.63091
2452791.07414 -5.27376
2452811.90589 22.40544
2452832.73764 16.51840
2453041.05513 -32.81776
2453061.88688 -0.73953
2453082.71863 -47.46041
2453103.55038 -37.72078
2453124.38213 -11.08574
2453145.21388 -63.62932
2453166.04563 -31.31288
2453186.87738 -23.01098
2453207.70913 -64.55379
2453416.02662 -19.39371
2453436.85837 -48.60825
2453457.69011 -68.49769
2453478.52186 -23.57774
2453499.35361 -51.19960
2453520.18536 -60.21609
2453541.01711 -12.19042
2453561.84886 -68.45219
2453770.16635 6.54540
2453790.99810 4.34888
2453811.82985 -23.69971
2453832.66160 22.96581
2453853.49335 7.11902
2453874.32510 -12.71041
2453895.15684 40.68079
2453915.98859 11.80024
2453936.82034 3.44707
2454145.13783 59.43257
2454165.96958 22.29687
2454186.80133 47.28732
2454207.63308 64.07487
2454228.46483 22.37041
2454249.29658 79.41204
2454270.12833 60.48639
2454290.96008 22.71119
2454499.27757 66.56923
2454520.10932 18.03146
2454540.94106 26.35830
2454561.77281 61.93923
2454582.60456 1.85278
2454603.43631 23.67982
2454624.26806 34.44220
2454645.09981 -12.39009
2454665.93156 18.64264
2454874.24905 -30.72152
2454895.08080 -49.25195
2454915.91255 -6.44313
2454936.74430 -43.17904
2454957.57605 -47.45564
2454978.40779 -13.47227
2454999.23954 -65.03181
2455020.07129 -48.00018
2455040.90304 -19.75935
2455228.38878 -43.39966
2455249.22053 -82.19669
2455270.05228 -28.36107
2455290.88403 -42.59371
2455311.71578 -77.04351
2455332.54753 -19.37479
2455353.37928 -55.03243
2455374.21103 -62.42929
2455395.04278 -10.43889
2455603.36027 -26.44068
2455624.19202 6.82834
2455645.02376 21.00451
2455665.85551 -19.31375
2455686.68726 21.66259
2455707.51901 26.86068
2455728.35076 -8.81315
2455749.18251 35.41669
2455770.01426 26.89403
2455957.50000 29.20925
