2445000.00000 14.10168
2445020.83175 29.86183
2445041.66350 17.33069
2445062.49525 14.86940
2445083.32700 28.32225
2445104.15875 25.30680
2445124.99049 12.96632
2445145.82224 29.04429
2445166.65399 20.04041
2445374.97148 12.69010
2445395.80323 30.40647
2445416.63498 20.22991
2445437.46673 10.63851
2445458.29848 20.77240
2445479.13023 21.22068
2445499.96198 8.47261
2445520.79373 25.75165
2445541.62548 18.61228
2445749.94297 4.33303
2445770.77471 24.93620
2445791.60646 16.65413
2445812.43821 3.82874
2445833.26996 23.94151
2445854.10171 18.44411
2445874.93346 2.38017
2445895.76521 19.16989
2446104.08270 14.73570
2446124.91445 0.60601
2446145.74620 19.04851
2446166.57795 15.64901
2446187.40970 0.32774
2446208.24144 18.14056
2446229.07319 16.13398
2446249.90494 0.14498
2446270.73669 18.24118
2446479.05418 20.82608
2446499.88593 0.90960
2446520.71768 17.53245
2446541.54943 18.69899
2446562.38118 1.26025
2446583.21293 20.42721
2446604.04468 18.47754
2446624.87643 2.19547
2446833.19392 21.07565
2446854.02567 22.05425
2446874.85741 5.16256
2446895.68916 18.93122
2446916.52091 23.36374
2446937.35266 5.28449
2446958.18441 21.11041
2446979.01616 23.80079
2446999.84791 6.71169
2447208.16540 24.26761
2447228.99715 31.31839
2447249.82890 9.59368
2447270.66065 23.00155
2447291.49240 29.54058
2447312.32414 9.73645
2447333.15589 26.03536
2447353.98764 30.83793
2447562.30513 13.31304
2447583.13688 26.54188
2447603.96863 30.23871
2447624.80038 13.74577
2447645.63213 26.96647
2447666.46388 35.96404
2447687.29563 15.07671
2447708.12738 24.98239
2447728.95913 33.47652
2447937.27662 13.70973
2447958.10837 21.69984
2447978.94011 30.73514
2447999.77186 14.94524
2448020.60361 22.86940
2448041.43536 35.53318
2448062.26711 10.44807
2448083.09886 20.61713
2448291.41635 29.85167
2448312.24810 9.16529
2448333.07985 15.90526
2448353.91160 30.36645
2448374.74335 10.92781
2448395.57510 15.63326
2448416.40684 21.30592
2448437.23859 8.71683
2448458.07034 15.54398
2448666.38783 27.07576
2448687.21958 6.30611
2448708.05133 8.83295
2448728.88308 27.58123
2448749.71483 6.28701
2448770.54658 8.76776
2448791.37833 20.79048
2448812.21008 6.26183
2449020.52757 8.34991
2449041.35932 23.30422
2449062.19106 5.08694
2449083.02281 6.75766
2449103.85456 23.99158
2449124.68631 5.78582
2449145.51806 7.64389
2449166.34981 22.78040
2449187.18156 4.85462
2449395.49905 5.38986
2449416.33080 24.09869
2449437.16255 9.05020
2449457.99430 6.67990
2449478.82605 26.99260
2449499.65779 10.93737
2449520.48954 7.89486
2449541.32129 23.11147
2449562.15304 12.31958
2449749.63878 15.56121
2449770.47053 9.98471
2449791.30228 29.84157
2449812.13403 11.28103
2449832.96578 9.57315
2449853.79753 30.95571
2449874.62928 18.03661
2449895.46103 11.20318
2449916.29278 32.28954
2450124.61027 18.45695
2450145.44202 13.84213
2450166.27376 27.52492
2450187.10551 19.76676
2450207.93726 14.01548
2450228.76901 24.75486
2450249.60076 22.79767
2450270.43251 14.50984
2450291.26426 30.65949
2450478.75000 29.23161
2450499.58175 22.63612
2450520.41350 11.86547
2450541.24525 33.37422
2450562.07700 24.05766
2450582.90875 13.66889
2450603.74049 28.92682
2450624.57224 22.41592
2450645.40399 13.11074
2450853.72148 35.49250
2450874.55323 24.51964
2450895.38498 10.20570
2450916.21673 34.50204
2450937.04848 27.49418
2450957.88023 9.57576
2450978.71198 31.74105
2450999.54373 23.62046
2451020.37548 9.34039
2451228.69297 28.71893
2451249.52471 18.62892
2451270.35646 8.24467
2451291.18821 28.86208
2451312.01996 20.82575
2451332.85171 5.59208
2451353.68346 21.93226
2451374.51521 19.94193
2451582.83270 2.28413
2451603.66445 20.75963
2451624.49620 16.30275
2451645.32795 1.90272
2451666.15970 19.05929
2451686.99144 18.06574
2451707.82319 1.25778
2451728.65494 19.36091
2451749.48669 14.93274
2451957.80418 0.60896
2451978.63593 13.87752
2451999.46768 16.17411
2452020.29943 0.63590
2452041.13118 16.50529
2452061.96293 15.77829
2452082.79468 0.95932
2452103.62643 15.83385
2452311.94392 22.62194
2452332.77567 2.77652
2452353.60741 19.05419
2452374.43916 20.09889
2452395.27091 3.67710
2452416.10266 16.26581
2452436.93441 23.14819
2452457.76616 3.76640
2452478.59791 18.51391
2452686.91540 26.37285
2452707.74715 9.97808
2452728.57890 16.56638
2452749.41065 23.20780
2452770.24240 9.20438
2452791.07414 18.72784
2452811.90589 28.25818
2452832.73764 8.96850
2453041.05513 19.83167
2453061.88688 30.45078
2453082.71863 14.68736
2453103.55038 27.34506
2453124.38213 26.70357
2453145.21388 14.20076
2453166.04563 25.02349
2453186.87738 35.74596
2453207.70913 13.06225
2453416.02662 26.87408
2453436.85837 32.39055
2453457.69011 15.24251
2453478.52186 19.82628
2453499.35361 34.01155
2453520.18536 13.88385
2453541.01711 18.25723
2453561.84886 31.70141
2453770.16635 11.67579
2453790.99810 20.97477
2453811.82985 31.80646
2453832.66160 13.69462
2453853.49335 19.07437
2453874.32510 30.84073
2453895.15684 12.95960
2453915.98859 17.54522
2453936.82034 28.84784
2454145.13783 11.64043
2454165.96958 12.21222
2454186.80133 30.83651
2454207.63308 11.03981
2454228.46483 9.01143
2454249.29658 29.05518
2454270.12833 8.85127
2454290.96008 10.52294
2454499.27757 23.51963
2454520.10932 9.02942
2454540.94106 6.94982
2454561.77281 23.79834
2454582.60456 7.15587
2454603.43631 6.49420
2454624.26806 24.41413
2454645.09981 8.17600
2454665.93156 6.88114
2454874.24905 22.68042
2454895.08080 8.28856
2454915.91255 5.45965
2454936.74430 17.49591
2454957.57605 9.10362
2454978.40779 6.02136
2454999.23954 22.31075
2455020.07129 9.09309
2455040.90304 4.82915
2455228.38878 6.19924
2455249.22053 22.08424
2455270.05228 15.21874
2455290.88403 7.51711
2455311.71578 25.06382
2455332.54753 14.51428
2455353.37928 8.78031
2455374.21103 25.39282
2455395.04278 15.38664
2455603.36027 10.81955
2455624.19202 31.33935
2455645.02376 21.19653
2455665.85551 12.13401
2455686.68726 25.65341
2455707.51901 17.46758
2455728.35076 12.65089
2455749.18251 25.27097
2455770.01426 25.10432
2455957.50000 24.66417
