2445000.00000 101.14935
2445020.83175 168.89117
2445041.66350 133.86427
2445062.49525 142.74366
2445083.32700 146.57122
2445104.15875 123.92202
2445124.99049 139.59380
2445145.82224 107.29325
2445166.65399 148.24003
2445374.97148 150.50840
2445395.80323 142.53246
2445416.63498 178.01240
2445437.46673 100.26757
2445458.29848 168.10385
2445479.13023 109.00357
2445499.96198 181.95887
2445520.79373 132.04996
2445541.62548 165.52305
2445749.94297 141.87132
2445770.77471 92.28586
2445791.60646 122.58816
2445812.43821 80.77285
2445833.26996 117.71866
2445854.10171 92.01508
2445874.93346 90.02106
2445895.76521 105.22717
2446104.08270 44.38985
2446124.91445 96.65956
2446145.74620 38.29077
2446166.57795 86.55944
2446187.40970 56.67426
2446208.24144 57.44327
2446229.07319 76.51198
2446249.90494 26.24118
2446270.73669 83.92053
2446479.05418 12.05382
2446499.88593 44.97017
2446520.71768 28.81669
2446541.54943 17.74375
2446562.38118 41.34249
2446583.21293 3.60881
2446604.04468 57.26404
2446624.87643 2.62892
2446833.19392 37.95200
2446854.02567 43.87541
2446874.85741 20.77443
2446895.68916 61.56011
2446916.52091 10.90730
2446937.35266 71.32726
2446958.18441 21.18929
2446979.01616 55.69028
2446999.84791 43.84046
2447208.16540 52.53837
2447228.99715 78.51290
2447249.82890 40.49757
2447270.66065 101.01087
2447291.49240 61.21928
2447312.32414 100.82776
2447333.15589 71.89347
2447353.98764 71.35148
2447562.30513 117.65990
2447583.13688 89.79698
2447603.96863 139.46146
2447624.80038 109.69114
2447645.63213 140.05098
2447666.46388 157.31325
2447687.29563 132.34034
2447708.12738 161.52196
2447728.95913 96.86149
2447937.27662 138.56009
2447958.10837 119.26638
2447978.94011 160.29787
2447999.77186 170.49763
2448020.60361 115.52389
2448041.43536 162.02685
2448062.26711 116.60696
2448083.09886 140.99321
2448291.41635 125.24244
2448312.24810 126.78845
2448333.07985 178.89344
2448353.91160 97.27641
2448374.74335 165.74333
2448395.57510 97.64296
2448416.40684 137.23616
2448437.23859 108.47141
2448458.07034 135.76439
2448666.38783 117.02946
2448687.21958 73.59937
2448708.05133 111.95274
2448728.88308 65.32183
2448749.71483 115.24785
2448770.54658 66.80662
2448791.37833 67.68100
2448812.21008 85.69917
2449020.52757 27.61173
2449041.35932 72.08435
2449062.19106 28.28954
2449083.02281 60.25377
2449103.85456 41.94314
2449124.68631 36.92594
2449145.51806 58.54265
2449166.34981 16.75220
2449187.18156 72.20744
2449395.49905 17.02794
2449416.33080 45.53775
2449437.16255 34.90414
2449457.99430 18.43534
2449478.82605 53.39514
2449499.65779 8.65355
2449520.48954 61.72038
2449541.32129 15.18044
2449562.15304 54.53457
2449749.63878 56.78161
2449770.47053 69.47664
2449791.30228 36.69195
2449812.13403 79.97279
2449832.96578 32.54078
2449853.79753 95.29335
2449874.62928 45.04562
2449895.46103 69.79828
2449916.29278 73.99121
2450124.61027 69.97893
2450145.44202 117.68585
2450166.27376 76.66255
2450187.10551 110.06756
2450207.93726 90.21782
2450228.76901 108.57518
2450249.60076 123.19553
2450270.43251 97.25037
2450291.26426 134.40561
2450478.75000 132.90415
2450499.58175 127.36604
2450520.41350 161.15462
2450541.24525 116.06936
2450562.07700 119.04874
2450582.90875 132.61220
2450603.74049 119.08273
2450624.57224 167.10979
2450645.40399 110.95553
2450853.72148 135.68116
2450874.55323 147.21611
2450895.38498 112.16576
2450916.21673 163.74591
2450937.04848 118.16309
2450957.88023 150.89862
2450978.71198 110.02455
2450999.54373 162.51862
2451020.37548 126.57934
2451228.69297 108.14360
2451249.52471 133.05695
2451270.35646 75.87526
2451291.18821 116.91119
2451312.01996 78.66123
2451332.85171 103.10657
2451353.68346 87.04682
2451374.51521 88.28436
2451582.83270 89.87665
2451603.66445 36.20910
2451624.49620 95.37505
2451645.32795 49.16520
2451666.15970 71.10392
2451686.99144 66.42021
2451707.82319 43.90885
2451728.65494 70.71083
2451749.48669 28.46478
2451957.80418 50.16843
2451978.63593 22.43277
2451999.46768 48.78238
2452020.29943 39.34538
2452041.13118 26.22586
2452061.96293 59.25155
2452082.79468 12.50295
2452103.62643 61.31382
2452311.94392 28.17339
2452332.77567 46.08313
2452353.60741 49.10136
2452374.43916 30.12123
2452395.27091 71.02056
2452416.10266 24.31185
2452436.93441 76.14039
2452457.76616 36.72479
2452478.59791 61.44600
2452686.91540 76.79509
2452707.74715 55.46673
2452728.57890 106.98247
2452749.41065 60.11953
2452770.24240 90.13843
2452791.07414 75.01234
2452811.90589 67.03828
2452832.73764 80.51930
2453041.05513 92.18319
2453061.88688 131.54631
2453082.71863 92.81692
2453103.55038 130.16817
2453124.38213 116.01515
2453145.21388 113.40157
2453166.04563 154.60633
2453186.87738 105.14938
2453207.70913 159.24776
2453416.02662 144.55510
2453436.85837 167.57874
2453457.69011 123.36770
2453478.52186 116.26055
2453499.35361 166.65593
2453520.18536 102.04063
2453541.01711 199.11379
2453561.84886 87.83407
2453770.16635 122.62423
2453790.99810 136.47643
2453811.82985 117.84132
2453832.66160 138.00988
2453853.49335 83.56830
2453874.32510 122.49067
2453895.15684 100.71151
2453915.98859 128.21645
2453936.82034 98.35370
2454145.13783 66.49775
2454165.96958 103.18572
2454186.80133 48.26486
2454207.63308 104.29244
2454228.46483 52.99641
2454249.29658 106.93971
2454270.12833 72.41294
2454290.96008 55.93935
2454499.27757 81.56837
2454520.10932 29.83034
2454540.94106 76.21935
2454561.77281 38.05182
2454582.60456 53.51788
2454603.43631 50.89597
2454624.26806 29.57333
2454645.09981 56.41532
2454665.93156 18.42641
2454874.24905 58.59799
2454895.08080 25.75718
2454915.91255 42.90824
2454936.74430 50.44136
2454957.57605 26.17107
2454978.40779 67.14385
2454999.23954 16.10947
2455020.07129 69.55417
2455040.90304 28.99719
2455228.38878 48.03304
2455249.22053 52.82682
2455270.05228 76.24012
2455290.88403 47.23022
2455311.71578 79.60548
2455332.54753 46.87207
2455353.37928 75.71854
2455374.21103 54.62431
2455395.04278 89.84097
2455603.36027 125.75744
2455624.19202 76.32707
2455645.02376 136.70185
2455665.85551 82.97677
2455686.68726 107.74539
2455707.51901 107.80938
2455728.35076 100.13669
2455749.18251 103.79314
2455770.01426 92.52842
2455957.50000 97.87748
