2445000.00000 11.48356
2445020.83175 9.86129
2445041.66350 19.50712
2445062.49525 8.39957
2445083.32700 12.97251
2445104.15875 16.65589
2445124.99049 7.91029
2445145.82224 16.06226
2445166.65399 13.68413
2445374.97148 17.46203
2445395.80323 10.05204
2445416.63498 13.60195
2445437.46673 18.76598
2445458.29848 9.28958
2445479.13023 16.88234
2445499.96198 17.07604
2445520.79373 11.44781
2445541.62548 18.34445
2445749.94297 10.94214
2445770.77471 17.91804
2445791.60646 9.29494
2445812.43821 16.03309
2445833.26996 16.44450
2445854.10171 9.65790
2445874.93346 19.75665
2445895.76521 14.49898
2446104.08270 18.57059
2446124.91445 12.19750
2446145.74620 10.57025
2446166.57795 18.75161
2446187.40970 9.35093
2446208.24144 16.35861
2446229.07319 13.83696
2446249.90494 9.21987
2446270.73669 16.72500
2446479.05418 9.56262
2446499.88593 17.51484
2446520.71768 7.70942
2446541.54943 11.16550
2446562.38118 14.47928
2446583.21293 7.12188
2446604.04468 15.05406
2446624.87643 12.09968
2446833.19392 14.39074
2446854.02567 5.49391
2446874.85741 10.81648
2446895.68916 12.37526
2446916.52091 3.80583
2446937.35266 12.10946
2446958.18441 11.38002
2446979.01616 3.89172
2446999.84791 13.02583
2447208.16540 4.59451
2447228.99715 13.80179
2447249.82890 2.51471
2447270.66065 7.93468
2447291.49240 9.01996
2447312.32414 1.70246
2447333.15589 10.00026
2447353.98764 6.66995
2447562.30513 9.93792
2447583.13688 2.76608
2447603.96863 6.17110
2447624.80038 9.36177
2447645.63213 1.02959
2447666.46388 8.82395
2447687.29563 7.38029
2447708.12738 1.54328
2447728.95913 10.47015
2447937.27662 4.57427
2447958.10837 10.42735
2447978.94011 1.78900
2447999.77186 7.43757
2448020.60361 7.59981
2448041.43536 1.77396
2448062.26711 11.44692
2448083.09886 5.41489
2448291.41635 13.90488
2448312.24810 3.78894
2448333.07985 7.55383
2448353.91160 13.66216
2448374.74335 2.78383
2448395.57510 10.82907
2448416.40684 9.29983
2448437.23859 3.32859
2448458.07034 10.50332
2448666.38783 6.99732
2448687.21958 10.57656
2448708.05133 4.27786
2448728.88308 11.05648
2448749.71483 13.59654
2448770.54658 4.78694
2448791.37833 15.45594
2448812.21008 8.33347
2449020.52757 16.83780
2449041.35932 7.94782
2449062.19106 12.33542
2449083.02281 11.81060
2449103.85456 7.06338
2449124.68631 17.10015
2449145.51806 12.10928
2449166.34981 7.94330
2449187.18156 18.71968
2449395.49905 12.54405
2449416.33080 19.94102
2449437.16255 8.63106
2449457.99430 13.95025
2449478.82605 15.29480
2449499.65779 8.42404
2449520.48954 19.37879
2449541.32129 12.96589
2449562.15304 10.85860
2449749.63878 15.54850
2449770.47053 10.91813
2449791.30228 15.00854
2449812.13403 19.89815
2449832.96578 9.90924
2449853.79753 17.82113
2449874.62928 12.20502
2449895.46103 12.30722
2449916.29278 19.68310
2450124.61027 12.58426
2450145.44202 19.23645
2450166.27376 10.22339
2450187.10551 15.62554
2450207.93726 14.96309
2450228.76901 9.37693
2450249.60076 20.91255
2450270.43251 10.83598
2450291.26426 10.00939
2450478.75000 21.01534
2450499.58175 10.19307
2450520.41350 13.29779
2450541.24525 12.26364
2450562.07700 8.47829
2450582.90875 14.63722
2450603.74049 12.60941
2450624.57224 9.77368
2450645.40399 20.99315
2450853.72148 10.11081
2450874.55323 14.91209
2450895.38498 5.04036
2450916.21673 11.96304
2450937.04848 11.15210
2450957.88023 6.21978
2450978.71198 14.16664
2450999.54373 7.30730
2451020.37548 7.62104
2451228.69297 4.48185
2451249.52471 8.60263
2451270.35646 10.33477
2451291.18821 3.12173
2451312.01996 11.22980
2451332.85171 8.90097
2451353.68346 3.75650
2451374.51521 11.92160
2451582.83270 5.09504
2451603.66445 9.33792
2451624.49620 1.14900
2451645.32795 9.69313
2451666.15970 9.11831
2451686.99144 1.63605
2451707.82319 11.27873
2451728.65494 4.83268
2451749.48669 4.40053
2451957.80418 1.88869
2451978.63593 5.66558
2451999.46768 6.95347
2452020.29943 0.82617
2452041.13118 10.09029
2452061.96293 5.24366
2452082.79468 3.13617
2452103.62643 11.06422
2452311.94392 5.89778
2452332.77567 11.27203
2452353.60741 1.30073
2452374.43916 9.00214
2452395.27091 7.11629
2452416.10266 2.38699
2452436.93441 14.01015
2452457.76616 4.40717
2452478.59791 6.23336
2452686.91540 3.58858
2452707.74715 10.01222
2452728.57890 9.70570
2452749.41065 4.13061
2452770.24240 14.51449
2452791.07414 10.20641
2452811.90589 5.59198
2452832.73764 15.70760
2453041.05513 9.09214
2453061.88688 16.04615
2453082.71863 7.29086
2453103.55038 15.73981
2453124.38213 11.14969
2453145.21388 5.58138
2453166.04563 18.82137
2453186.87738 9.47778
2453207.70913 10.72375
2453416.02662 6.66636
2453436.85837 14.76487
2453457.69011 17.65942
2453478.52186 9.59354
2453499.35361 15.56151
2453520.18536 11.60686
2453541.01711 9.53890
2453561.84886 20.92525
2453770.16635 13.56389
2453790.99810 17.26061
2453811.82985 8.53380
2453832.66160 16.60444
2453853.49335 18.36344
2453874.32510 10.98376
2453895.15684 21.20936
2453915.98859 11.62561
2453936.82034 14.28620
2454145.13783 7.84816
2454165.96958 17.50523
2454186.80133 16.76970
2454207.63308 10.55676
2454228.46483 19.81562
2454249.29658 14.02907
2454270.12833 12.43996
2454290.96008 21.35602
2454499.27757 12.84355
2454520.10932 20.28966
2454540.94106 7.75900
2454561.77281 14.57938
2454582.60456 11.82118
2454603.43631 9.87087
2454624.26806 17.26247
2454645.09981 11.39000
2454665.93156 11.36256
2454874.24905 7.26561
2454895.08080 11.15679
2454915.91255 12.40487
2454936.74430 6.47594
2454957.57605 15.55521
2454978.40779 9.57318
2454999.23954 8.10871
2455020.07129 14.54299
2455040.90304 4.94796
2455228.38878 10.81801
2455249.22053 12.79663
2455270.05228 3.19136
2455290.88403 11.07762
2455311.71578 9.27188
2455332.54753 4.76000
2455353.37928 17.19145
2455374.21103 4.95718
2455395.04278 7.05433
2455603.36027 1.72973
2455624.19202 10.74742
2455645.02376 9.24430
2455665.85551 1.07011
2455686.68726 12.32470
2455707.51901 4.64712
2455728.35076 4.12930
2455749.18251 10.45648
2455770.01426 1.18520
2455957.50000 6.11752
