2445000.00000 16.34894
2445020.83175 20.22604
2445041.66350 32.11061
2445062.49525 45.35005
2445083.32700 42.66626
2445104.15875 31.55776
2445124.99049 22.09782
2445145.82224 21.41971
2445166.65399 28.56499
2445374.97148 19.52032
2445395.80323 22.01025
2445416.63498 41.77793
2445437.46673 42.49045
2445458.29848 49.76511
2445479.13023 30.96554
2445499.96198 24.14805
2445520.79373 19.67421
2445541.62548 35.33097
2445749.94297 22.60689
2445770.77471 23.25705
2445791.60646 33.70702
2445812.43821 44.57143
2445833.26996 54.83137
2445854.10171 40.79983
2445874.93346 20.57388
2445895.76521 19.08191
2446104.08270 28.86430
2446124.91445 21.14273
2446145.74620 17.44570
2446166.57795 26.05127
2446187.40970 44.18036
2446208.24144 41.89653
2446229.07319 33.10841
2446249.90494 20.66153
2446270.73669 14.78937
2446479.05418 31.97747
2446499.88593 12.21681
2446520.71768 12.18083
2446541.54943 20.04392
2446562.38118 39.74507
2446583.21293 34.59601
2446604.04468 27.28486
2446624.87643 13.80925
2446833.19392 33.15467
2446854.02567 19.43354
2446874.85741 8.43594
2446895.68916 4.77116
2446916.52091 16.76639
2446937.35266 31.25004
2446958.18441 32.66756
2446979.01616 24.67519
2446999.84791 6.55482
2447208.16540 33.26984
2447228.99715 17.15596
2447249.82890 5.34167
2447270.66065 0.92836
2447291.49240 11.91010
2447312.32414 23.97274
2447333.15589 27.65067
2447353.98764 20.70897
2447562.30513 24.10500
2447583.13688 29.13512
2447603.96863 21.52790
2447624.80038 5.37193
2447645.63213 0.69860
2447666.46388 10.93060
2447687.29563 26.59354
2447708.12738 30.33654
2447728.95913 24.69832
2447937.27662 25.90486
2447958.10837 27.31950
2447978.94011 20.70479
2447999.77186 9.22137
2448020.60361 5.03409
2448041.43536 13.01219
2448062.26711 29.21523
2448083.09886 28.54072
2448291.41635 18.96036
2448312.24810 32.05339
2448333.07985 37.23539
2448353.91160 28.13732
2448374.74335 16.15320
2448395.57510 10.26041
2448416.40684 23.23832
2448437.23859 35.58998
2448458.07034 44.62709
2448666.38783 24.12672
2448687.21958 32.16684
2448708.05133 40.19275
2448728.88308 43.66659
2448749.71483 22.38487
2448770.54658 15.81666
2448791.37833 25.96617
2448812.21008 44.06873
2449020.52757 18.62478
2449041.35932 28.12712
2449062.19106 38.85762
2449083.02281 51.04363
2449103.85456 40.30768
2449124.68631 29.07995
2449145.51806 17.17684
2449166.34981 29.31018
2449187.18156 39.07424
2449395.49905 21.17424
2449416.33080 33.71318
2449437.16255 40.05258
2449457.99430 54.45026
2449478.82605 33.11135
2449499.65779 26.99504
2449520.48954 18.40217
2449541.32129 27.44994
2449562.15304 43.43284
2449749.63878 28.71505
2449770.47053 20.74481
2449791.30228 20.19392
2449812.13403 32.19067
2449832.96578 50.44003
2449853.79753 33.45627
2449874.62928 25.00465
2449895.46103 12.78929
2449916.29278 16.49268
2450124.61027 22.11797
2450145.44202 14.02926
2450166.27376 17.50243
2450187.10551 33.25045
2450207.93726 44.40863
2450228.76901 32.56597
2450249.60076 20.58769
2450270.43251 11.19689
2450291.26426 11.69196
2450478.75000 28.78140
2450499.58175 15.15837
2450520.41350 5.95787
2450541.24525 10.50206
2450562.07700 22.16271
2450582.90875 33.83077
2450603.74049 27.72567
2450624.57224 15.24641
2450645.40399 4.38157
2450853.72148 27.54536
2450874.55323 11.70488
2450895.38498 2.73409
2450916.21673 5.31187
2450937.04848 19.04221
2450957.88023 24.92141
2450978.71198 24.22514
2450999.54373 13.32579
2451020.37548 2.27538
2451228.69297 26.63893
2451249.52471 13.54945
2451270.35646 3.19227
2451291.18821 5.40749
2451312.01996 19.85008
2451332.85171 24.74532
2451353.68346 21.81282
2451374.51521 12.86772
2451582.83270 31.18314
2451603.66445 27.91184
2451624.49620 14.98839
2451645.32795 6.98816
2451666.15970 9.21445
2451686.99144 19.80863
2451707.82319 28.60806
2451728.65494 36.87597
2451749.48669 17.50893
2451957.80418 32.35489
2451978.63593 35.90655
2451999.46768 27.64714
2452020.29943 12.59401
2452041.13118 15.59277
2452061.96293 31.14323
2452082.79468 32.73217
2452103.62643 38.27247
2452311.94392 31.11539
2452332.77567 30.34307
2452353.60741 41.56235
2452374.43916 25.22788
2452395.27091 19.09332
2452416.10266 18.22261
2452436.93441 29.82871
2452457.76616 35.62027
2452478.59791 34.42591
2452686.91540 30.11753
2452707.74715 50.21019
2452728.57890 46.02885
2452749.41065 28.14842
2452770.24240 19.31070
2452791.07414 21.87744
2452811.90589 35.87245
2452832.73764 46.88324
2453041.05513 23.21668
2453061.88688 33.86049
2453082.71863 38.55110
2453103.55038 41.64299
2453124.38213 31.67417
2453145.21388 21.58387
2453166.04563 21.42523
2453186.87738 38.00179
2453207.70913 46.21917
2453416.02662 20.11637
2453436.85837 35.14370
2453457.69011 41.71946
2453478.52186 38.53962
2453499.35361 32.19715
2453520.18536 18.39628
2453541.01711 23.38662
2453561.84886 33.20915
2453770.16635 13.17113
2453790.99810 14.71859
2453811.82985 26.46763
2453832.66160 38.87259
2453853.49335 44.22396
2453874.32510 33.44845
2453895.15684 16.70763
2453915.98859 14.30763
2453936.82034 24.20223
2454145.13783 14.46052
2454165.96958 10.29827
2454186.80133 20.75374
2454207.63308 31.44642
2454228.46483 30.51958
2454249.29658 24.75240
2454270.12833 12.44736
2454290.96008 9.78346
2454499.27757 21.81887
2454520.10932 10.61051
2454540.94106 7.48612
2454561.77281 16.23221
2454582.60456 22.11394
2454603.43631 29.78042
2454624.26806 15.22118
2454645.09981 10.97875
2454665.93156 7.76625
2454874.24905 16.40574
2454895.08080 11.23598
2454915.91255 7.29600
2454936.74430 17.11030
2454957.57605 27.65530
2454978.40779 30.51863
2454999.23954 21.44823
2455020.07129 12.38655
2455040.90304 9.39110
2455228.38878 31.27283
2455249.22053 23.97106
2455270.05228 12.51896
2455290.88403 9.96454
2455311.71578 17.19953
2455332.54753 26.51854
2455353.37928 28.32135
2455374.21103 22.93171
2455395.04278 15.16191
2455603.36027 34.04585
2455624.19202 27.42757
2455645.02376 12.27973
2455665.85551 16.85353
2455686.68726 21.72119
2455707.51901 26.28932
2455728.35076 37.47785
2455749.18251 29.83244
2455770.01426 20.22298
2455957.50000 37.24463
