2445000.00000 0.41477
2445020.83175 0.15516
2445041.66350 -0.35067
2445062.49525 0.73454
2445083.32700 -1.25862
2445104.15875 0.75562
2445124.99049 -1.84402
2445145.82224 1.29226
2445166.65399 -2.31986
2445374.97148 -0.96409
2445395.80323 -1.48084
2445416.63498 -0.32808
2445437.46673 -2.17298
2445458.29848 0.11855
2445479.13023 -2.39473
2445499.96198 0.42963
2445520.79373 -3.21326
2445541.62548 0.49146
2445749.94297 -1.77153
2445770.77471 -0.69893
2445791.60646 -2.09246
2445812.43821 -0.10083
2445833.26996 -2.72796
2445854.10171 0.24942
2445874.93346 -3.64032
2445895.76521 0.42926
2446104.08270 -1.74558
2446124.91445 -0.04224
2446145.74620 -1.61542
2446166.57795 0.58039
2446187.40970 -2.13556
2446208.24144 0.81117
2446229.07319 -2.50389
2446249.90494 1.28879
2446270.73669 -2.47025
2446479.05418 1.09038
2446499.88593 -1.02002
2446520.71768 1.70675
2446541.54943 -1.26109
2446562.38118 2.13018
2446583.21293 -1.35571
2446604.04468 2.44780
2446624.87643 -1.09088
2446833.19392 2.14534
2446854.02567 0.00743
2446874.85741 2.18352
2446895.68916 -0.28927
2446916.52091 2.96621
2446937.35266 -0.41874
2446958.18441 3.47213
2446979.01616 -0.31942
2446999.84791 3.44381
2447208.16540 0.16222
2447228.99715 3.47115
2447249.82890 -0.23436
2447270.66065 2.52059
2447291.49240 -0.44092
2447312.32414 3.43775
2447333.15589 -0.43869
2447353.98764 2.69300
2447562.30513 -0.51813
2447583.13688 2.08110
2447603.96863 -0.76548
2447624.80038 2.46122
2447645.63213 -1.41723
2447666.46388 1.97967
2447687.29563 -1.40242
2447708.12738 2.10363
2447728.95913 -0.96386
2447937.27662 0.98657
2447958.10837 -2.36596
2447978.94011 1.14174
2447999.77186 -2.43729
2448020.60361 1.14400
2448041.43536 -2.45819
2448062.26711 0.69380
2448083.09886 -2.40370
2448291.41635 0.21489
2448312.24810 -3.13716
2448333.07985 0.35642
2448353.91160 -3.51239
2448374.74335 0.25612
2448395.57510 -3.26148
2448416.40684 -0.01177
2448437.23859 -3.01785
2448458.07034 -0.61145
2448666.38783 -3.05745
2448687.21958 0.49541
2448708.05133 -3.45817
2448728.88308 0.47776
2448749.71483 -2.93079
2448770.54658 0.30684
2448791.37833 -1.88442
2448812.21008 -0.13854
2449020.52757 -1.79965
2449041.35932 1.48064
2449062.19106 -2.50800
2449083.02281 1.84942
2449103.85456 -2.06535
2449124.68631 1.37247
2449145.51806 -1.25643
2449166.34981 0.72185
2449187.18156 -0.39756
2449395.49905 2.97206
2449416.33080 -0.98136
2449437.16255 2.81310
2449457.99430 -0.53364
2449478.82605 2.59048
2449499.65779 -0.04351
2449520.48954 2.07854
2449541.32129 0.63071
2449562.15304 1.29840
2449749.63878 3.48514
2449770.47053 -0.27891
2449791.30228 3.03351
2449812.13403 -0.04161
2449832.96578 2.93459
2449853.79753 0.46891
2449874.62928 2.27044
2449895.46103 0.98924
2449916.29278 1.52678
2450124.61027 -0.56999
2450145.44202 3.33570
2450166.27376 -0.42838
2450187.10551 2.32669
2450207.93726 -0.02926
2450228.76901 1.53062
2450249.60076 0.53484
2450270.43251 1.03938
2450291.26426 1.16199
2450478.75000 -1.81564
2450499.58175 1.60398
2450520.41350 -1.12564
2450541.24525 1.24140
2450562.07700 -1.27255
2450582.90875 0.41611
2450603.74049 -0.60194
2450624.57224 -0.37010
2450645.40399 -0.08941
2450853.72148 0.66755
2450874.55323 -3.11828
2450895.38498 0.05710
2450916.21673 -1.98825
2450937.04848 -0.71489
2450957.88023 -1.55771
2450978.71198 -1.55738
2450999.54373 -1.09642
2451020.37548 -2.53886
2451228.69297 -2.85028
2451249.52471 -0.37661
2451270.35646 -2.01588
2451291.18821 -1.01630
2451312.01996 -1.98428
2451332.85171 -1.64055
2451353.68346 -0.99062
2451374.51521 -2.49677
2451582.83270 -2.27710
2451603.66445 0.16968
2451624.49620 -1.76228
2451645.32795 -0.24525
2451666.15970 -0.86397
2451686.99144 -0.77436
2451707.82319 -0.08622
2451728.65494 -1.56498
2451749.48669 0.71026
2451957.80418 1.30274
2451978.63593 -0.46652
2451999.46768 0.78114
2452020.29943 0.34317
2452041.13118 0.29059
2452061.96293 1.31858
2452082.79468 -0.29320
2452103.62643 1.80749
2452311.94392 2.51347
2452332.77567 0.68690
2452353.60741 1.65458
2452374.43916 1.29009
2452395.27091 1.03223
2452416.10266 2.35133
2452436.93441 0.51485
2452457.76616 2.83744
2452478.59791 0.01871
2452686.91540 0.81977
2452707.74715 1.99127
2452728.57890 1.57883
2452749.41065 1.09948
2452770.24240 2.11967
2452791.07414 0.38721
2452811.90589 2.68246
2452832.73764 -0.26100
2453041.05513 0.15026
2453061.88688 0.92134
2453082.71863 0.72409
2453103.55038 0.12259
2453124.38213 1.28496
2453145.21388 -0.68755
2453166.04563 1.62531
2453186.87738 -1.45231
2453207.70913 2.22896
2453416.02662 -0.35287
2453436.85837 -0.49475
2453457.69011 -1.29300
2453478.52186 0.07389
2453499.35361 -1.78253
2453520.18536 0.60485
2453541.01711 -2.72938
2453561.84886 0.88667
2453770.16635 -1.10113
2453790.99810 -1.04046
2453811.82985 -2.33798
2453832.66160 -0.75065
2453853.49335 -2.96991
2453874.32510 -0.08788
2453895.15684 -3.11616
2453915.98859 0.29761
2453936.82034 -3.58417
2454145.13783 -1.24938
2454165.96958 -1.91929
2454186.80133 -0.44670
2454207.63308 -2.40517
2454228.46483 0.31765
2454249.29658 -3.12854
2454270.12833 0.58915
2454290.96008 -2.95073
2454499.27757 -0.11478
2454520.10932 -1.05078
2454540.94106 0.83737
2454561.77281 -1.41140
2454582.60456 1.55692
2454603.43631 -2.07864
2454624.26806 1.82131
2454645.09981 -1.45994
2454665.93156 2.36737
2454874.24905 0.12691
2454895.08080 2.23867
2454915.91255 -0.44654
2454936.74430 2.47035
2454957.57605 -0.64633
2454978.40779 3.34761
2454999.23954 -0.73861
2455020.07129 2.95350
2455040.90304 -0.59506
2455228.38878 0.75788
2455249.22053 3.01344
2455270.05228 0.17541
2455290.88403 3.22809
2455311.71578 -0.22775
2455332.54753 3.57961
2455353.37928 -0.38977
2455374.21103 3.22348
2455395.04278 -0.30202
2455603.36027 2.77259
2455624.19202 -0.31264
2455645.02376 2.92029
2455665.85551 -0.75196
2455686.68726 3.68791
2455707.51901 -1.04201
2455728.35076 3.18516
2455749.18251 -0.85225
2455770.01426 2.75887
2455957.50000 1.61639
