2445000.00000 3.93120
2445020.83175 4.68585
2445041.66350 6.02379
2445062.49525 5.67465
2445083.32700 3.06607
2445104.15875 1.09477
2445124.99049 -0.37801
2445145.82224 -1.27174
2445166.65399 -0.64581
2445374.97148 -1.97485
2445395.80323 -0.09205
2445416.63498 2.27037
2445437.46673 3.95893
2445458.29848 3.76992
2445479.13023 3.13183
2445499.96198 1.01634
2445520.79373 -1.74411
2445541.62548 -3.84858
2445749.94297 -5.80826
2445770.77471 -5.31837
2445791.60646 -3.61377
2445812.43821 -2.48867
2445833.26996 -0.37444
2445854.10171 1.11012
2445874.93346 1.18092
2445895.76521 0.04170
2446104.08270 -0.42384
2446124.91445 -2.72188
2446145.74620 -4.39278
2446166.57795 -7.34117
2446187.40970 -6.02277
2446208.24144 -4.76981
2446229.07319 -2.76323
2446249.90494 -0.30949
2446270.73669 1.07750
2446479.05418 2.63149
2446499.88593 2.14496
2446520.71768 0.83569
2446541.54943 -1.40983
2446562.38118 -2.46520
2446583.21293 -4.30355
2446604.04468 -3.71774
2446624.87643 -2.13843
2446833.19392 -0.34784
2446854.02567 2.83015
2446874.85741 4.79472
2446895.68916 5.19410
2446916.52091 4.82042
2446937.35266 3.66507
2446958.18441 1.20791
2446979.01616 -0.63225
2446999.84791 -1.50796
2447208.16540 -1.04299
2447228.99715 -0.27978
2447249.82890 1.73062
2447270.66065 4.17460
2447291.49240 5.81396
2447312.32414 6.36121
2447333.15589 5.76931
2447353.98764 4.38828
2447562.30513 2.64127
2447583.13688 0.25032
2447603.96863 -1.38183
2447624.80038 -2.24220
2447645.63213 -1.27826
2447666.46388 0.45043
2447687.29563 2.85116
2447708.12738 3.90583
2447728.95913 4.70659
2447937.27662 2.69384
2447958.10837 1.77980
2447978.94011 -0.76876
2447999.77186 -3.21628
2448020.60361 -5.71317
2448041.43536 -5.65037
2448062.26711 -4.87376
2448083.09886 -2.12231
2448291.41635 -3.62350
2448312.24810 -0.62018
2448333.07985 1.11958
2448353.91160 0.71717
2448374.74335 -0.56023
2448395.57510 -2.96079
2448416.40684 -4.13590
2448437.23859 -7.19741
2448458.07034 -6.22834
2448666.38783 -5.99924
2448687.21958 -4.77827
2448708.05133 -1.69572
2448728.88308 0.79404
2448749.71483 2.45189
2448770.54658 1.76343
2448791.37833 0.41552
2448812.21008 -1.98282
2449020.52757 -0.53529
2449041.35932 -2.41984
2449062.19106 -3.15883
2449083.02281 -2.74335
2449103.85456 -0.65082
2449124.68631 1.98700
2449145.51806 4.74596
2449166.34981 5.94158
2449187.18156 4.72116
2449395.49905 6.86488
2449416.33080 4.60299
2449437.16255 1.57454
2449457.99430 -0.34380
2449478.82605 -0.87323
2449499.65779 -0.20020
2449520.48954 2.20622
2449541.32129 5.11809
2449562.15304 7.11860
2449749.63878 4.10766
2449770.47053 6.12718
2449791.30228 6.27753
2449812.13403 5.34395
2449832.96578 3.36274
2449853.79753 0.48238
2449874.62928 -1.64917
2449895.46103 -2.08954
2449916.29278 -1.38818
2450124.61027 -2.84849
2450145.44202 -0.42859
2450166.27376 2.24882
2450187.10551 3.70438
2450207.93726 5.09209
2450228.76901 2.00267
2450249.60076 -0.62285
2450270.43251 -2.70668
2450291.26426 -6.25392
2450478.75000 -5.64419
2450499.58175 -7.12322
2450520.41350 -5.89753
2450541.24525 -4.96983
2450562.07700 -2.42337
2450582.90875 -0.43251
2450603.74049 1.16178
2450624.57224 0.78197
2450645.40399 -0.74244
2450853.72148 -0.98159
2450874.55323 -3.75866
2450895.38498 -6.67540
2450916.21673 -6.92641
2450937.04848 -7.39377
2450957.88023 -5.65668
2450978.71198 -1.76535
2450999.54373 0.70224
2451020.37548 2.08002
2451228.69297 3.87169
2451249.52471 3.55899
2451270.35646 1.39522
2451291.18821 -1.25748
2451312.01996 -3.27319
2451332.85171 -4.66039
2451353.68346 -3.32886
2451374.51521 -0.83063
2451582.83270 1.09703
2451603.66445 3.62158
2451624.49620 6.63535
2451645.32795 7.31180
2451666.15970 6.36563
2451686.99144 4.09783
2451707.82319 1.35583
2451728.65494 -0.70232
2451749.48669 -1.47671
2451957.80418 -1.27063
2451978.63593 0.02580
2451999.46768 2.70033
2452020.29943 5.61775
2452041.13118 8.39139
2452061.96293 7.20938
2452082.79468 6.24434
2452103.62643 3.72787
2452311.94392 1.99863
2452332.77567 -1.32876
2452353.60741 -3.47652
2452374.43916 -4.27861
2452395.27091 -2.18335
2452416.10266 0.20106
2452436.93441 3.11523
2452457.76616 5.01230
2452478.59791 3.90497
2452686.91540 2.54708
2452707.74715 0.43861
2452728.57890 -2.56291
2452749.41065 -4.89491
2452770.24240 -7.62822
2452791.07414 -7.63684
2452811.90589 -6.05785
2452832.73764 -2.90530
2453041.05513 -3.03188
2453061.88688 -0.27705
2453082.71863 1.10980
2453103.55038 0.56102
2453124.38213 -1.65894
2453145.21388 -4.44380
2453166.04563 -7.82377
2453186.87738 -8.12370
2453207.70913 -8.53664
2453416.02662 -5.63840
2453436.85837 -3.62332
2453457.69011 -0.33356
2453478.52186 2.33350
2453499.35361 3.53098
2453520.18536 3.55661
2453541.01711 0.83081
2453561.84886 -1.95027
2453770.16635 -0.19865
2453790.99810 -2.56022
2453811.82985 -3.27014
2453832.66160 -1.97653
2453853.49335 0.97126
2453874.32510 3.64338
2453895.15684 7.61347
2453915.98859 7.16355
2453936.82034 6.11604
2454145.13783 7.53210
2454165.96958 4.86000
2454186.80133 1.75863
2454207.63308 -0.71125
2454228.46483 -0.94173
2454249.29658 0.26376
2454270.12833 3.20299
2454290.96008 6.41617
2454499.27757 5.59541
2454520.10932 6.98191
2454540.94106 7.11459
2454561.77281 5.21111
2454582.60456 2.11279
2454603.43631 -1.10336
2454624.26806 -3.90360
2454645.09981 -3.47463
2454665.93156 -2.28983
2454874.24905 -3.61300
2454895.08080 -0.89033
2454915.91255 1.78470
2454936.74430 4.09457
2454957.57605 2.67899
2454978.40779 0.76900
2454999.23954 -2.74373
2455020.07129 -5.58542
2455040.90304 -7.79683
2455228.38878 -6.68057
2455249.22053 -8.95599
2455270.05228 -9.71794
2455290.88403 -7.03768
2455311.71578 -3.27110
2455332.54753 -0.16997
2455353.37928 1.17247
2455374.21103 0.58771
2455395.04278 -1.82846
2455603.36027 -1.15273
2455624.19202 -5.10276
2455645.02376 -7.23338
2455665.85551 -8.61440
2455686.68726 -6.49985
2455707.51901 -4.72032
2455728.35076 -0.54391
2455749.18251 2.19560
2455770.01426 3.53056
2455957.50000 4.51713
