2445000.00000 20.10547
2445020.83175 3.46879
2445041.66350 22.88982
2445062.49525 9.03414
2445083.32700 12.89804
2445104.15875 15.38053
2445124.99049 7.50133
2445145.82224 23.50911
2445166.65399 5.26040
2445374.97148 17.69926
2445395.80323 19.71569
2445416.63498 13.23075
2445437.46673 24.89415
2445458.29848 8.01555
2445479.13023 27.90821
2445499.96198 11.29076
2445520.79373 20.27222
2445541.62548 16.96593
2445749.94297 13.59448
2445770.77471 32.76465
2445791.60646 15.44945
2445812.43821 22.18299
2445833.26996 22.76392
2445854.10171 15.66855
2445874.93346 29.91925
2445895.76521 13.55818
2446104.08270 19.49409
2446124.91445 18.81356
2446145.74620 12.96446
2446166.57795 29.80747
2446187.40970 12.52665
2446208.24144 23.13828
2446229.07319 12.08962
2446249.90494 24.28453
2446270.73669 16.16098
2446479.05418 8.87682
2446499.88593 24.22077
2446520.71768 8.91090
2446541.54943 19.53429
2446562.38118 14.66447
2446583.21293 15.27456
2446604.04468 22.06806
2446624.87643 7.20405
2446833.19392 16.98547
2446854.02567 11.77019
2446874.85741 12.29457
2446895.68916 13.28305
2446916.52091 5.65246
2446937.35266 21.90112
2446958.18441 4.28165
2446979.01616 19.82642
2446999.84791 9.57890
2447208.16540 4.95456
2447228.99715 18.98992
2447249.82890 3.90729
2447270.66065 15.97659
2447291.49240 8.94190
2447312.32414 12.55854
2447333.15589 16.22453
2447353.98764 6.22245
2447562.30513 23.18279
2447583.13688 12.23923
2447603.96863 14.98932
2447624.80038 17.74822
2447645.63213 9.62074
2447666.46388 24.49525
2447687.29563 9.41502
2447708.12738 23.68707
2447728.95913 13.31956
2447937.27662 12.36531
2447958.10837 29.72548
2447978.94011 11.54609
2447999.77186 23.49964
2448020.60361 17.17531
2448041.43536 19.92850
2448062.26711 23.87445
2448083.09886 15.49486
2448291.41635 31.77966
2448312.24810 15.23003
2448333.07985 21.89116
2448353.91160 23.55722
2448374.74335 15.76436
2448395.57510 34.45693
2448416.40684 11.42264
2448437.23859 28.70505
2448458.07034 13.23802
2448666.38783 15.09311
2448687.21958 26.44060
2448708.05133 9.15512
2448728.88308 21.42736
2448749.71483 10.10913
2448770.54658 19.67838
2448791.37833 15.75112
2448812.21008 13.03304
2449020.52757 23.68764
2449041.35932 6.35702
2449062.19106 16.86212
2449083.02281 12.06299
2449103.85456 7.86378
2449124.68631 18.46222
2449145.51806 4.12631
2449166.34981 18.97267
2449187.18156 4.93312
2449395.49905 9.41892
2449416.33080 17.82851
2449437.16255 4.08793
2449457.99430 20.35939
2449478.82605 4.18644
2449499.65779 18.08559
2449520.48954 11.46823
2449541.32129 10.90577
2449562.15304 17.99653
2449749.63878 18.41152
2449770.47053 7.25744
2449791.30228 21.86316
2449812.13403 13.04778
2449832.96578 17.39406
2449853.79753 17.27596
2449874.62928 8.09278
2449895.46103 22.74369
2449916.29278 8.19709
2450124.61027 20.36645
2450145.44202 28.03027
2450166.27376 13.50703
2450187.10551 32.01016
2450207.93726 11.18309
2450228.76901 27.07079
2450249.60076 15.25087
2450270.43251 24.21258
2450291.26426 23.89007
2450478.75000 31.13015
2450499.58175 12.85624
2450520.41350 26.81256
2450541.24525 15.24748
2450562.07700 24.28552
2450582.90875 27.48536
2450603.74049 14.81952
2450624.57224 33.88730
2450645.40399 10.55654
2450853.72148 20.05580
2450874.55323 21.81098
2450895.38498 14.02717
2450916.21673 27.43297
2450937.04848 8.43076
2450957.88023 26.32802
2450978.71198 12.09079
2450999.54373 17.39221
2451020.37548 15.35801
2451228.69297 5.26033
2451249.52471 22.70311
2451270.35646 5.69070
2451291.18821 19.83475
2451312.01996 14.24306
2451332.85171 8.36731
2451353.68346 20.53162
2451374.51521 4.53475
2451582.83270 15.22238
2451603.66445 13.27365
2451624.49620 8.22835
2451645.32795 15.01042
2451666.15970 2.96119
2451686.99144 21.17659
2451707.82319 4.45471
2451728.65494 14.09689
2451749.48669 12.55588
2451957.80418 4.90006
2451978.63593 22.87662
2451999.46768 5.90580
2452020.29943 22.31927
2452041.13118 11.92945
2452061.96293 11.19363
2452082.79468 22.71372
2452103.62643 8.54057
2452311.94392 25.97710
2452332.77567 13.12075
2452353.60741 16.08742
2452374.43916 23.35384
2452395.27091 10.58738
2452416.10266 29.69829
2452436.93441 11.06872
2452457.76616 26.63457
2452478.59791 18.97740
2452686.91540 13.79634
2452707.74715 31.81492
2452728.57890 12.42227
2452749.41065 29.28759
2452770.24240 14.75742
2452791.07414 20.71440
2452811.90589 26.88261
2452832.73764 17.06678
2453041.05513 31.64507
2453061.88688 13.58149
2453082.71863 27.20382
2453103.55038 23.34761
2453124.38213 12.17800
2453145.21388 25.62094
2453166.04563 8.13026
2453186.87738 21.25716
2453207.70913 12.06097
2453416.02662 7.76044
2453436.85837 21.89170
2453457.69011 3.38412
2453478.52186 16.13194
2453499.35361 8.16498
2453520.18536 15.46209
2453541.01711 15.38759
2453561.84886 5.86576
2453770.16635 17.69315
2453790.99810 4.20916
2453811.82985 13.60140
2453832.66160 12.60632
2453853.49335 5.50158
2453874.32510 19.16656
2453895.15684 1.05465
2453915.98859 21.73296
2453936.82034 3.78934
2454145.13783 8.71212
2454165.96958 23.15337
2454186.80133 3.37288
2454207.63308 23.49685
2454228.46483 5.39078
2454249.29658 16.96966
2454270.12833 17.20267
2454290.96008 10.32078
2454499.27757 24.38607
2454520.10932 10.07589
2454540.94106 27.44302
2454561.77281 18.88260
2454582.60456 15.32670
2454603.43631 24.03797
2454624.26806 9.56671
2454645.09981 27.69523
2454665.93156 12.06178
2454874.24905 20.08128
2454895.08080 26.28001
2454915.91255 13.61303
2454936.74430 33.98290
2454957.57605 13.50628
2454978.40779 25.68142
2454999.23954 19.54014
2455020.07129 19.02777
2455040.90304 29.25794
2455228.38878 35.04219
2455249.22053 10.24970
2455270.05228 29.70273
2455290.88403 16.78653
2455311.71578 18.03396
2455332.54753 23.88469
2455353.37928 9.57554
2455374.21103 26.25837
2455395.04278 9.29259
2455603.36027 15.14709
2455624.19202 18.16735
2455645.02376 6.05445
2455665.85551 26.05129
2455686.68726 3.42503
2455707.51901 22.34222
2455728.35076 7.99181
2455749.18251 13.97385
2455770.01426 13.56885
2455957.50000 22.61851
