2445000.00000 6.77942
2445020.83175 13.46175
2445041.66350 17.68859
2445062.49525 7.64437
2445083.32700 15.11056
2445104.15875 16.37214
2445124.99049 10.15364
2445145.82224 9.97437
2445166.65399 17.80834
2445374.97148 16.54416
2445395.80323 10.89780
2445416.63498 6.05141
2445437.46673 15.22184
2445458.29848 11.83589
2445479.13023 7.47173
2445499.96198 12.57458
2445520.79373 16.24213
2445541.62548 8.10755
2445749.94297 5.45401
2445770.77471 6.70747
2445791.60646 14.03405
2445812.43821 7.59601
2445833.26996 4.28984
2445854.10171 10.86021
2445874.93346 11.46073
2445895.76521 3.68665
2446104.08270 1.93116
2446124.91445 7.57652
2446145.74620 11.50505
2446166.57795 3.16480
2446187.40970 4.41473
2446208.24144 13.11006
2446229.07319 6.44864
2446249.90494 2.55753
2446270.73669 11.25778
2446479.05418 9.63186
2446499.88593 8.33590
2446520.71768 1.96269
2446541.54943 7.66147
2446562.38118 12.63124
2446583.21293 3.47424
2446604.04468 5.06848
2446624.87643 12.87327
2446833.19392 14.00204
2446854.02567 7.05592
2446874.85741 3.16976
2446895.68916 13.18250
2446916.52091 10.56333
2446937.35266 4.59425
2446958.18441 9.91756
2446979.01616 14.02325
2446999.84791 5.07611
2447208.16540 6.48230
2447228.99715 9.10991
2447249.82890 16.62989
2447270.66065 10.15601
2447291.49240 6.60974
2447312.32414 16.51144
2447333.15589 13.97839
2447353.98764 6.59287
2447562.30513 7.16072
2447583.13688 13.24072
2447603.96863 14.75450
2447624.80038 9.43435
2447645.63213 9.99956
2447666.46388 18.35789
2447687.29563 10.27031
2447708.12738 9.24241
2447728.95913 21.05305
2447937.27662 16.86623
2447958.10837 13.10122
2447978.94011 8.27901
2447999.77186 12.53546
2448020.60361 16.35661
2448041.43536 8.51905
2448062.26711 12.10601
2448083.09886 17.08380
2448291.41635 17.11346
2448312.24810 9.35310
2448333.07985 6.82354
2448353.91160 15.42244
2448374.74335 11.17093
2448395.57510 4.61826
2448416.40684 12.35558
2448437.23859 15.39068
2448458.07034 5.31313
2448666.38783 3.53244
2448687.21958 8.05506
2448708.05133 13.02039
2448728.88308 5.29238
2448749.71483 5.43324
2448770.54658 13.81619
2448791.37833 9.22201
2448812.21008 2.27303
2449020.52757 1.69961
2449041.35932 9.42052
2449062.19106 8.91498
2449083.02281 1.37142
2449103.85456 6.40251
2449124.68631 13.65253
2449145.51806 3.76201
2449166.34981 2.90752
2449187.18156 12.08754
2449395.49905 10.79042
2449416.33080 6.48824
2449437.16255 2.03664
2449457.99430 12.96635
2449478.82605 11.41299
2449499.65779 1.90041
2449520.48954 7.89234
2449541.32129 10.32009
2449562.15304 5.76394
2449749.63878 13.70540
2449770.47053 5.47604
2449791.30228 6.34043
2449812.13403 13.91699
2449832.96578 9.43283
2449853.79753 4.69962
2449874.62928 13.43484
2449895.46103 12.87241
2449916.29278 6.26459
2450124.61027 6.52284
2450145.44202 12.76658
2450166.27376 15.06237
2450187.10551 8.58511
2450207.93726 9.68470
2450228.76901 19.44168
2450249.60076 12.41400
2450270.43251 8.06646
2450291.26426 17.24759
2450478.75000 8.89698
2450499.58175 16.82991
2450520.41350 14.46388
2450541.24525 7.27832
2450562.07700 14.87717
2450582.90875 19.67488
2450603.74049 7.18514
2450624.57224 11.49662
2450645.40399 20.97661
2450853.72148 18.02050
2450874.55323 13.27559
2450895.38498 6.78901
2450916.21673 18.59604
2450937.04848 13.64492
2450957.88023 7.14201
2450978.71198 12.99140
2450999.54373 19.09493
2451020.37548 4.58745
2451228.69297 5.76551
2451249.52471 6.94905
2451270.35646 14.18575
2451291.18821 8.06078
2451312.01996 4.37966
2451332.85171 12.85931
2451353.68346 11.91588
2451374.51521 3.43214
2451582.83270 1.72958
2451603.66445 8.82492
2451624.49620 9.79414
2451645.32795 2.61713
2451666.15970 4.70310
2451686.99144 13.58348
2451707.82319 5.91998
2451728.65494 1.84198
2451749.48669 10.64578
2451957.80418 13.39911
2451978.63593 8.66350
2451999.46768 0.49360
2452020.29943 7.11024
2452041.13118 10.40200
2452061.96293 1.68503
2452082.79468 4.65253
2452103.62643 12.20485
2452311.94392 14.07454
2452332.77567 6.22591
2452353.60741 3.20284
2452374.43916 12.77572
2452395.27091 10.01122
2452416.10266 2.38165
2452436.93441 10.64095
2452457.76616 13.14164
2452478.59791 3.30575
2452686.91540 4.68631
2452707.74715 10.50528
2452728.57890 19.08834
2452749.41065 8.48043
2452770.24240 7.34516
2452791.07414 15.77980
2452811.90589 14.89605
2452832.73764 5.66216
2453041.05513 7.93231
2453061.88688 19.02164
2453082.71863 17.94861
2453103.55038 7.29372
2453124.38213 14.21966
2453145.21388 17.27616
2453166.04563 10.16765
2453186.87738 9.91410
2453207.70913 23.55296
2453416.02662 20.55034
2453436.85837 13.31340
2453457.69011 7.98998
2453478.52186 18.98729
2453499.35361 19.19362
2453520.18536 7.96612
2453541.01711 11.45478
2453561.84886 17.03279
2453770.16635 16.75041
2453790.99810 8.07240
2453811.82985 8.04602
2453832.66160 18.85247
2453853.49335 11.97661
2453874.32510 5.72353
2453895.15684 15.00462
2453915.98859 14.06752
2453936.82034 4.60242
2454145.13783 3.15065
2454165.96958 9.56966
2454186.80133 13.30295
2454207.63308 5.50520
2454228.46483 5.13210
2454249.29658 13.12068
2454270.12833 8.89152
2454290.96008 2.18558
2454499.27757 0.76822
2454520.10932 10.15751
2454540.94106 11.26217
2454561.77281 0.56520
2454582.60456 8.31191
2454603.43631 9.47870
2454624.26806 2.41585
2454645.09981 2.62772
2454665.93156 10.33230
2454874.24905 11.64174
2454895.08080 6.73747
2454915.91255 0.85551
2454936.74430 8.91293
2454957.57605 10.78999
2454978.40779 0.62680
2454999.23954 5.87005
2455020.07129 12.20034
2455040.90304 3.02683
2455228.38878 15.02567
2455249.22053 4.16385
2455270.05228 6.63508
2455290.88403 13.22401
2455311.71578 8.30805
2455332.54753 3.18062
2455353.37928 10.85491
2455374.21103 11.73591
2455395.04278 3.53939
2455603.36027 4.88281
2455624.19202 13.84483
2455645.02376 13.89984
2455665.85551 7.65527
2455686.68726 8.76528
2455707.51901 15.69747
2455728.35076 10.94969
2455749.18251 5.93992
2455770.01426 14.69557
2455957.50000 7.32483
