2445000.00000 -4.89106
2445020.83175 0.58993
2445041.66350 -5.23208
2445062.49525 0.55772
2445083.32700 -5.53393
2445104.15875 -0.54008
2445124.99049 -4.76898
2445145.82224 -2.23607
2445166.65399 -3.09677
2445374.97148 -3.67305
2445395.80323 -4.70945
2445416.63498 -6.81945
2445437.46673 -2.86460
2445458.29848 -7.84813
2445479.13023 -2.17091
2445499.96198 -9.38382
2445520.79373 -2.23568
2445541.62548 -8.11218
2445749.94297 -3.05290
2445770.77471 -9.55707
2445791.60646 -3.19325
2445812.43821 -7.29192
2445833.26996 -4.71683
2445854.10171 -5.62558
2445874.93346 -6.31677
2445895.76521 -3.33065
2446104.08270 -7.52959
2446124.91445 -2.46267
2446145.74620 -7.92212
2446166.57795 -1.57391
2446187.40970 -7.28113
2446208.24144 -1.86910
2446229.07319 -7.13158
2446249.90494 -2.76296
2446270.73669 -5.00370
2446479.05418 -1.63580
2446499.88593 -2.38071
2446520.71768 -2.58648
2446541.54943 -0.64403
2446562.38118 -3.93759
2446583.21293 0.92489
2446604.04468 -3.85603
2446624.87643 1.78278
2446833.19392 -2.80551
2446854.02567 3.54810
2446874.85741 -1.76549
2446895.68916 2.12318
2446916.52091 -0.20569
2446937.35266 2.13518
2446958.18441 2.39699
2446979.01616 0.54619
2446999.84791 4.12019
2447208.16540 2.21814
2447228.99715 6.05655
2447249.82890 1.27389
2447270.66065 7.62331
2447291.49240 0.85434
2447312.32414 6.26476
2447333.15589 1.92865
2447353.98764 6.13581
2447562.30513 3.32527
2447583.13688 7.67732
2447603.96863 5.52464
2447624.80038 6.26870
2447645.63213 6.58251
2447666.46388 4.34093
2447687.29563 7.17525
2447708.12738 3.09976
2447728.95913 10.61312
2447937.27662 2.91880
2447958.10837 9.30601
2447978.94011 2.36884
2447999.77186 7.80005
2448020.60361 3.24242
2448041.43536 6.99115
2448062.26711 4.52577
2448083.09886 4.00817
2448291.41635 4.64791
2448312.24810 3.39103
2448333.07985 5.86705
2448353.91160 1.49203
2448374.74335 7.35934
2448395.57510 0.25602
2448416.40684 6.28088
2448437.23859 0.23387
2448458.07034 5.52405
2448666.38783 -1.62658
2448687.21958 3.48983
2448708.05133 -0.62853
2448728.88308 0.96442
2448749.71483 0.91845
2448770.54658 -1.29597
2448791.37833 2.25964
2448812.21008 -3.23415
2449020.52757 0.17594
2449041.35932 -4.12635
2449062.19106 0.67254
2449083.02281 -5.46316
2449103.85456 0.05498
2449124.68631 -5.61240
2449145.51806 -1.54119
2449166.34981 -4.69529
2449187.18156 -3.20019
2449395.49905 -4.65337
2449416.33080 -5.40688
2449437.16255 -4.55740
2449457.99430 -6.57404
2449478.82605 -2.60294
2449499.65779 -8.47876
2449520.48954 -2.41115
2449541.32129 -8.42857
2449562.15304 -2.83440
2449749.63878 -2.31126
2449770.47053 -10.16031
2449791.30228 -4.11486
2449812.13403 -7.97305
2449832.96578 -4.67957
2449853.79753 -5.56023
2449874.62928 -5.76279
2449895.46103 -4.62225
2449916.29278 -8.07278
2450124.61027 -3.56513
2450145.44202 -8.19123
2450166.27376 -2.07595
2450187.10551 -6.92093
2450207.93726 -1.58929
2450228.76901 -7.00881
2450249.60076 -2.62871
2450270.43251 -6.02738
2450291.26426 -3.50840
2450478.75000 -0.80581
2450499.58175 -4.04820
2450520.41350 -1.94434
2450541.24525 -1.73103
2450562.07700 -3.33758
2450582.90875 0.38335
2450603.74049 -4.18013
2450624.57224 1.66147
2450645.40399 -3.27592
2450853.72148 3.94876
2450874.55323 -2.42828
2450895.38498 3.00722
2450916.21673 -1.11772
2450937.04848 3.00724
2450957.88023 0.85134
2450978.71198 1.56630
2450999.54373 2.84041
2451020.37548 0.20298
2451228.69297 5.58824
2451249.52471 1.95230
2451270.35646 5.68366
2451291.18821 1.00962
2451312.01996 7.48424
2451332.85171 1.64936
2451353.68346 7.29518
2451374.51521 2.73141
2451582.83270 7.21207
2451603.66445 4.39521
2451624.49620 7.03872
2451645.32795 5.23511
2451666.15970 4.91862
2451686.99144 7.49041
2451707.82319 3.14827
2451728.65494 7.89806
2451749.48669 3.00420
2451957.80418 9.11060
2451978.63593 2.56594
2451999.46768 7.82121
2452020.29943 3.23848
2452041.13118 8.49035
2452061.96293 4.60087
2452082.79468 5.19090
2452103.62643 6.27685
2452311.94392 3.77545
2452332.77567 4.15348
2452353.60741 1.86481
2452374.43916 6.27092
2452395.27091 0.60476
2452416.10266 7.57365
2452436.93441 0.01359
2452457.76616 6.29706
2452478.59791 0.55498
2452686.91540 3.49875
2452707.74715 -1.36499
2452728.57890 2.11483
2452749.41065 -0.15287
2452770.24240 -0.16631
2452791.07414 1.22661
2452811.90589 -2.13326
2452832.73764 2.17104
2453041.05513 -5.40798
2453061.88688 0.38122
2453082.71863 -5.29355
2453103.55038 0.36213
2453124.38213 -6.16720
2453145.21388 -0.69055
2453166.04563 -4.63478
2453186.87738 -2.11548
2453207.70913 -3.14535
2453416.02662 -4.39040
2453436.85837 -4.27804
2453457.69011 -6.59484
2453478.52186 -3.24986
2453499.35361 -8.38274
2453520.18536 -2.20519
2453541.01711 -8.91581
2453561.84886 -2.62774
2453770.16635 -10.92861
2453790.99810 -3.22367
2453811.82985 -9.34338
2453832.66160 -4.39041
2453853.49335 -7.84144
2453874.32510 -5.76285
2453895.15684 -5.07202
2453915.98859 -8.97817
2453936.82034 -3.42124
2454145.13783 -6.54067
2454165.96958 -1.87974
2454186.80133 -7.27473
2454207.63308 -1.52611
2454228.46483 -7.56749
2454249.29658 -1.73899
2454270.12833 -5.65749
2454290.96008 -2.81642
2454499.27757 -5.19117
2454520.10932 -1.07159
2454540.94106 -3.01124
2454561.77281 -2.63545
2454582.60456 -0.57681
2454603.43631 -3.82333
2454624.26806 0.98229
2454645.09981 -4.68066
2454665.93156 2.17438
2454874.24905 -1.93027
2454895.08080 4.34566
2454915.91255 -1.57875
2454936.74430 3.86481
2454957.57605 -0.15327
2454978.40779 2.59949
2454999.23954 1.83551
2455020.07129 0.96287
2455040.90304 3.71079
2455228.38878 3.87432
2455249.22053 2.16842
2455270.05228 5.98652
2455290.88403 1.38569
2455311.71578 7.10295
2455332.54753 1.48641
2455353.37928 8.99673
2455374.21103 1.91668
2455395.04278 6.82201
2455603.36027 3.66798
2455624.19202 6.56613
2455645.02376 5.25161
2455665.85551 5.56878
2455686.68726 7.09132
2455707.51901 4.59866
2455728.35076 7.89554
2455749.18251 3.23496
2455770.01426 9.59961
2455957.50000 9.21254
