2445000.00000 -87.65128
2445020.83175 -23.63800
2445041.66350 41.24403
2445062.49525 12.29949
2445083.32700 -53.23082
2445104.15875 -36.01209
2445124.99049 18.02321
2445145.82224 58.45171
2445166.65399 1.44260
2445374.97148 -15.50848
2445395.80323 7.28137
2445416.63498 90.26390
2445437.46673 97.08307
2445458.29848 25.77034
2445479.13023 -14.86795
2445499.96198 44.27737
2445520.79373 86.02094
2445541.62548 73.23540
2445749.94297 -15.01952
2445770.77471 -40.26529
2445791.60646 30.12316
2445812.43821 78.18042
2445833.26996 18.39132
2445854.10171 -45.87671
2445874.93346 -39.76185
2445895.76521 41.77266
2446104.08270 18.94582
2446124.91445 -45.48779
2446145.74620 -93.35494
2446166.57795 -52.37334
2446187.40970 7.16389
2446208.24144 -4.99517
2446229.07319 -90.94006
2446249.90494 -106.96008
2446270.73669 -34.52795
2446479.05418 36.44990
2446499.88593 8.99795
2446520.71768 -63.96551
2446541.54943 -49.27569
2446562.38118 20.03476
2446583.21293 59.82662
2446604.04468 -3.65501
2446624.87643 -52.30621
2446833.19392 4.70448
2446854.02567 80.83737
2446874.85741 94.06620
2446895.68916 21.70428
2446916.52091 -14.67671
2446937.35266 50.09940
2446958.18441 119.10537
2446979.01616 68.95836
2446999.84791 -1.92071
2447208.16540 -31.32055
2447228.99715 32.55847
2447249.82890 64.01700
2447270.66065 26.08401
2447291.49240 -44.83698
2447312.32414 -30.41953
2447333.15589 45.43380
2447353.98764 43.63599
2447562.30513 -36.52358
2447583.13688 -106.45482
2447603.96863 -66.37111
2447624.80038 6.68472
2447645.63213 -5.07217
2447666.46388 -81.61228
2447687.29563 -102.71833
2447708.12738 -33.92326
2447728.95913 15.79482
2447937.27662 3.82159
2447958.10837 -65.14973
2447978.94011 -61.97135
2447999.77186 19.97509
2448020.60361 51.28297
2448041.43536 -9.94101
2448062.26711 -59.09461
2448083.09886 -14.03504
2448291.41635 97.68942
2448312.24810 98.22114
2448333.07985 23.46707
2448353.91160 -18.19022
2448374.74335 38.81942
2448395.57510 120.44530
2448416.40684 76.07461
2448437.23859 -1.91047
2448458.07034 -0.43255
2448666.38783 35.78165
2448687.21958 82.69657
2448708.05133 26.32316
2448728.88308 -44.48532
2448749.71483 -25.74605
2448770.54658 46.27045
2448791.37833 40.00693
2448812.21008 -25.31225
2449020.52757 -100.68305
2449041.35932 -54.16786
2449062.19106 10.54265
2449083.02281 -3.72172
2449103.85456 -77.82937
2449124.68631 -109.96662
2449145.51806 -33.87394
2449166.34981 16.87848
2449187.18156 -39.35977
2449395.49905 -76.19760
2449416.33080 -75.36013
2449437.16255 15.19571
2449457.99430 47.01110
2449478.82605 -13.30364
2449499.65779 -62.47905
2449520.48954 -19.99735
2449541.32129 59.80305
2449562.15304 48.82151
2449749.63878 95.11584
2449770.47053 22.05200
2449791.30228 -15.49549
2449812.13403 40.15504
2449832.96578 114.19162
2449853.79753 68.69414
2449874.62928 -2.01699
2449895.46103 0.16966
2449916.29278 63.22857
2450124.61027 83.37271
2450145.44202 34.44347
2450166.27376 -42.50001
2450187.10551 -25.71831
2450207.93726 50.18027
2450228.76901 54.49943
2450249.60076 -23.55614
2450270.43251 -53.49139
2450291.26426 -11.25432
2450478.75000 -53.75479
2450499.58175 11.65951
2450520.41350 -2.26618
2450541.24525 -92.68134
2450562.07700 -88.87124
2450582.90875 -26.95796
2450603.74049 12.60286
2450624.57224 -33.85890
2450645.40399 -121.89447
2450853.72148 -67.66558
2450874.55323 11.10451
2450895.38498 49.06582
2450916.21673 -18.45654
2450937.04848 -69.82108
2450957.88023 -23.57785
2450978.71198 54.42214
2450999.54373 44.65249
2451020.37548 -30.85152
2451228.69297 -20.29994
2451249.52471 51.15206
2451270.35646 115.32633
2451291.18821 81.55308
2451312.01996 -2.70592
2451332.85171 0.33041
2451353.68346 82.36838
2451374.51521 126.17683
2451582.83270 32.20677
2451603.66445 -33.22458
2451624.49620 -16.48593
2451645.32795 66.56638
2451666.15970 58.58557
2451686.99144 -19.69656
2451707.82319 -56.22634
2451728.65494 -6.06477
2451749.48669 56.42291
2451957.80418 -0.50665
2451978.63593 -88.75650
2451999.46768 -84.03751
2452020.29943 -29.09528
2452041.13118 14.06865
2452061.96293 -43.00691
2452082.79468 -115.32379
2452103.62643 -73.46801
2452311.94392 5.16593
2452332.77567 35.88882
2452353.60741 -24.35100
2452374.43916 -81.39602
2452395.27091 -31.29928
2452416.10266 52.21234
2452436.93441 35.43620
2452457.76616 -34.63037
2452478.59791 -43.99384
2452686.91540 41.90305
2452707.74715 89.47490
2452728.57890 77.42404
2452749.41065 -3.51565
2452770.24240 -0.00865
2452791.07414 89.23448
2452811.90589 108.75833
2452832.73764 37.84017
2453041.05513 -36.59934
2453061.88688 -11.35571
2453082.71863 65.47193
2453103.55038 67.76357
2453124.38213 -17.11976
2453145.21388 -56.22321
2453166.04563 -0.42697
2453186.87738 62.68632
2453207.70913 19.60101
2453416.02662 -76.63065
2453436.85837 -109.41954
2453457.69011 -27.22040
2453478.52186 17.60697
2453499.35361 -30.77815
2453520.18536 -108.23899
2453541.01711 -88.90367
2453561.84886 -2.73070
2453770.16635 36.15887
2453790.99810 -29.05982
2453811.82985 -89.28994
2453832.66160 -34.19937
2453853.49335 49.02770
2453874.32510 41.78235
2453895.15684 -33.82555
2453915.98859 -56.91840
2453936.82034 24.69969
2454145.13783 81.89687
2454165.96958 77.78372
2454186.80133 -6.47821
2454207.63308 -0.72414
2454228.46483 73.51355
2454249.29658 103.23587
2454270.12833 44.24697
2454290.96008 -13.27917
2454499.27757 -9.09650
2454520.10932 69.39417
2454540.94106 74.39449
2454561.77281 -10.46054
2454582.60456 -51.18238
2454603.43631 4.72932
2454624.26806 75.88422
2454645.09981 23.55302
2454665.93156 -61.42560
2454874.24905 -102.70587
2454895.08080 -30.93887
2454915.91255 20.43419
2454936.74430 -36.11990
2454957.57605 -120.95262
2454978.40779 -85.87309
2454999.23954 -2.78332
2455020.07129 5.35562
2455040.90304 -70.53829
2455228.38878 -32.83275
2455249.22053 -87.78954
2455270.05228 -46.97576
2455290.88403 43.34200
2455311.71578 27.33167
2455332.54753 -38.48136
2455353.37928 -52.56131
2455374.21103 19.70945
2455395.04278 68.73202
2455603.36027 83.36878
2455624.19202 -8.71014
2455645.02376 -2.44949
2455665.85551 88.06504
2455686.68726 115.46573
2455707.51901 42.93765
2455728.35076 -14.29052
2455749.18251 30.32295
2455770.01426 95.42074
2455957.50000 66.53410
