2445000.00000 19.10798
2445020.83175 7.77397
2445041.66350 15.72015
2445062.49525 13.41343
2445083.32700 10.44665
2445104.15875 20.02404
2445124.99049 16.00136
2445145.82224 12.55898
2445166.65399 21.65608
2445374.97148 17.62023
2445395.80323 27.70430
2445416.63498 19.80942
2445437.46673 20.92310
2445458.29848 26.73708
2445479.13023 21.81374
2445499.96198 24.00369
2445520.79373 31.13777
2445541.62548 15.96568
2445749.94297 31.48942
2445770.77471 18.16840
2445791.60646 28.72898
2445812.43821 23.26696
2445833.26996 18.18645
2445854.10171 24.17666
2445874.93346 28.85965
2445895.76521 19.74670
2446104.08270 25.60924
2446124.91445 17.10366
2446145.74620 25.70338
2446166.57795 20.88389
2446187.40970 16.82746
2446208.24144 22.12139
2446229.07319 17.20788
2446249.90494 17.59333
2446270.73669 27.03507
2446479.05418 11.37384
2446499.88593 19.22691
2446520.71768 9.85966
2446541.54943 13.24908
2446562.38118 19.03699
2446583.21293 5.95526
2446604.04468 11.64321
2446624.87643 16.31385
2446833.19392 7.99578
2446854.02567 13.61275
2446874.85741 1.60320
2446895.68916 12.68032
2446916.52091 10.61403
2446937.35266 1.96289
2446958.18441 14.09854
2446979.01616 6.27178
2446999.84791 3.50273
2447208.16540 9.51442
2447228.99715 3.82138
2447249.82890 14.86476
2447270.66065 5.55048
2447291.49240 7.12851
2447312.32414 15.66238
2447333.15589 4.26410
2447353.98764 11.61402
2447562.30513 11.35111
2447583.13688 14.87578
2447603.96863 15.71740
2447624.80038 11.42695
2447645.63213 19.28271
2447666.46388 19.29080
2447687.29563 10.81750
2447708.12738 22.66269
2447728.95913 17.23218
2447937.27662 24.90802
2447958.10837 21.36351
2447978.94011 16.07657
2447999.77186 30.50424
2448020.60361 21.51049
2448041.43536 19.47172
2448062.26711 28.29837
2448083.09886 19.30777
2448291.41635 33.49184
2448312.24810 19.84992
2448333.07985 25.68485
2448353.91160 32.76148
2448374.74335 21.87883
2448395.57510 26.37503
2448416.40684 25.82326
2448437.23859 16.95329
2448458.07034 34.07198
2448666.38783 16.44002
2448687.21958 22.00923
2448708.05133 20.01791
2448728.88308 12.50584
2448749.71483 22.70953
2448770.54658 20.48928
2448791.37833 12.79272
2448812.21008 23.96205
2449020.52757 8.01642
2449041.35932 18.74327
2449062.19106 9.96918
2449083.02281 6.90713
2449103.85456 21.01127
2449124.68631 5.87049
2449145.51806 9.53201
2449166.34981 16.79977
2449187.18156 3.51486
2449395.49905 11.45719
2449416.33080 1.59745
2449437.16255 8.87603
2449457.99430 9.75665
2449478.82605 0.63272
2449499.65779 10.91212
2449520.48954 6.71378
2449541.32129 1.37417
2449562.15304 12.83453
2449749.63878 9.84214
2449770.47053 2.43917
2449791.30228 15.47458
2449812.13403 9.87760
2449832.96578 5.53786
2449853.79753 13.86204
2449874.62928 7.16153
2449895.46103 9.18802
2449916.29278 16.48104
2450124.61027 11.60031
2450145.44202 28.21697
2450166.27376 12.14874
2450187.10551 12.62575
2450207.93726 23.09105
2450228.76901 10.64835
2450249.60076 21.12326
2450270.43251 20.56208
2450291.26426 13.27386
2450478.75000 23.59666
2450499.58175 32.14663
2450520.41350 18.36801
2450541.24525 25.60068
2450562.07700 28.58846
2450582.90875 19.17711
2450603.74049 30.14828
2450624.57224 17.02102
2450645.40399 19.00969
2450853.72148 21.17736
2450874.55323 19.33429
2450895.38498 33.05363
2450916.21673 24.19803
2450937.04848 29.17716
2450957.88023 32.01744
2450978.71198 18.11654
2450999.54373 23.81949
2451020.37548 30.30863
2451228.69297 18.69234
2451249.52471 25.06515
2451270.35646 12.78048
2451291.18821 21.18928
2451312.01996 20.81264
2451332.85171 12.12597
2451353.68346 20.88422
2451374.51521 15.33373
2451582.83270 19.22407
2451603.66445 11.38173
2451624.49620 4.95740
2451645.32795 21.51558
2451666.15970 9.95520
2451686.99144 6.20657
2451707.82319 14.59948
2451728.65494 4.14500
2451749.48669 8.44141
2451957.80418 3.30146
2451978.63593 4.80176
2451999.46768 13.67912
2452020.29943 1.20810
2452041.13118 8.27562
2452061.96293 12.77444
2452082.79468 0.38550
2452103.62643 9.16583
2452311.94392 2.78644
2452332.77567 12.54583
2452353.60741 15.28958
2452374.43916 4.48432
2452395.27091 16.05852
2452416.10266 9.38466
2452436.93441 7.27738
2452457.76616 17.37511
2452478.59791 9.63156
2452686.91540 21.97276
2452707.74715 17.55323
2452728.57890 14.49315
2452749.41065 20.02048
2452770.24240 14.32780
2452791.07414 19.02732
2452811.90589 21.47013
2452832.73764 14.89618
2453041.05513 29.05960
2453061.88688 20.67637
2453082.71863 24.74665
2453103.55038 29.21310
2453124.38213 20.18227
2453145.21388 30.90303
2453166.04563 28.60377
2453186.87738 15.89186
2453207.70913 30.02202
2453416.02662 18.72619
2453436.85837 27.87631
2453457.69011 25.74665
2453478.52186 23.40405
2453499.35361 38.26038
2453520.18536 18.25002
2453541.01711 20.48961
2453561.84886 28.08232
2453770.16635 15.41524
2453790.99810 26.51552
2453811.82985 16.56775
2453832.66160 15.24063
2453853.49335 21.48947
2453874.32510 8.84427
2453895.15684 21.22038
2453915.98859 22.58880
2453936.82034 10.02338
2454145.13783 16.91800
2454165.96958 4.41911
2454186.80133 13.98567
2454207.63308 11.58552
2454228.46483 3.98559
2454249.29658 16.33343
2454270.12833 6.32427
2454290.96008 4.76385
2454499.27757 7.63289
2454520.10932 1.36675
2454540.94106 12.71157
2454561.77281 2.74508
2454582.60456 4.97929
2454603.43631 14.24947
2454624.26806 1.15411
2454645.09981 8.55580
2454665.93156 12.88410
2454874.24905 7.33423
2454895.08080 18.47553
2454915.91255 4.11157
2454936.74430 15.23086
2454957.57605 14.59665
2454978.40779 4.73141
2454999.23954 15.83520
2455020.07129 13.12300
2455040.90304 8.52839
2455228.38878 22.74266
2455249.22053 20.06476
2455270.05228 10.47300
2455290.88403 25.62367
2455311.71578 20.68727
2455332.54753 17.08358
2455353.37928 26.58108
2455374.21103 16.08529
2455395.04278 17.19525
2455603.36027 21.14632
2455624.19202 24.00289
2455645.02376 26.58666
2455665.85551 16.84665
2455686.68726 28.03211
2455707.51901 34.35904
2455728.35076 23.12490
2455749.18251 25.32133
2455770.01426 29.53885
2455957.50000 19.37657
