2445000.00000 13.76267
2445020.83175 11.20550
2445041.66350 11.42985
2445062.49525 17.57712
2445083.32700 15.31430
2445104.15875 11.98583
2445124.99049 14.85086
2445145.82224 13.60867
2445166.65399 10.28475
2445374.97148 11.24230
2445395.80323 13.92558
2445416.63498 13.78233
2445437.46673 10.10848
2445458.29848 14.59175
2445479.13023 15.76509
2445499.96198 10.23331
2445520.79373 15.76109
2445541.62548 12.64917
2445749.94297 14.53048
2445770.77471 10.10689
2445791.60646 13.74169
2445812.43821 14.62747
2445833.26996 8.62507
2445854.10171 15.80539
2445874.93346 12.15888
2445895.76521 10.88698
2446104.08270 11.23368
2446124.91445 11.80973
2446145.74620 12.03904
2446166.57795 10.12619
2446187.40970 14.53083
2446208.24144 12.40017
2446229.07319 8.63384
2446249.90494 12.06479
2446270.73669 10.96166
2446479.05418 9.82056
2446499.88593 7.58109
2446520.71768 13.76662
2446541.54943 12.49346
2446562.38118 7.70605
2446583.21293 11.03148
2446604.04468 11.47831
2446624.87643 7.12995
2446833.19392 5.65410
2446854.02567 9.70656
2446874.85741 9.53008
2446895.68916 5.11775
2446916.52091 8.30117
2446937.35266 9.69538
2446958.18441 4.44179
2446979.01616 7.89307
2446999.84791 9.46325
2447208.16540 6.20669
2447228.99715 3.01054
2447249.82890 7.78561
2447270.66065 8.75447
2447291.49240 3.77234
2447312.32414 7.42370
2447333.15589 6.94342
2447353.98764 3.57984
2447562.30513 3.29218
2447583.13688 8.28143
2447603.96863 7.42410
2447624.80038 2.28976
2447645.63213 6.11729
2447666.46388 6.42392
2447687.29563 2.54405
2447708.12738 5.61587
2447728.95913 7.43170
2447937.27662 6.19017
2447958.10837 2.57561
2447978.94011 7.63862
2447999.77186 6.04691
2448020.60361 2.57866
2448041.43536 5.56953
2448062.26711 7.92724
2448083.09886 3.08296
2448291.41635 3.72022
2448312.24810 8.56180
2448333.07985 8.98138
2448353.91160 3.95596
2448374.74335 7.98903
2448395.57510 7.91555
2448416.40684 3.49114
2448437.23859 7.10326
2448458.07034 10.11364
2448666.38783 9.37661
2448687.21958 5.35571
2448708.05133 8.74692
2448728.88308 10.47843
2448749.71483 5.78101
2448770.54658 10.14243
2448791.37833 9.36761
2448812.21008 6.84278
2449020.52757 6.49422
2449041.35932 12.41700
2449062.19106 12.23081
2449083.02281 6.86391
2449103.85456 11.84798
2449124.68631 12.47812
2449145.51806 9.20882
2449166.34981 11.28492
2449187.18156 14.40809
2449395.49905 12.69896
2449416.33080 9.70246
2449437.16255 13.89772
2449457.99430 14.81278
2449478.82605 10.96163
2449499.65779 13.84504
2449520.48954 14.20492
2449541.32129 10.34171
2449562.15304 15.88336
2449749.63878 11.68866
2449770.47053 15.81047
2449791.30228 16.50363
2449812.13403 12.69775
2449832.96578 17.21482
2449853.79753 18.90980
2449874.62928 12.16294
2449895.46103 14.29823
2449916.29278 15.69849
2450124.61027 16.17230
2450145.44202 9.92028
2450166.27376 17.68335
2450187.10551 16.11206
2450207.93726 12.65196
2450228.76901 13.18341
2450249.60076 18.56061
2450270.43251 13.54064
2450291.26426 14.63484
2450478.75000 10.00827
2450499.58175 15.63193
2450520.41350 16.17483
2450541.24525 9.83679
2450562.07700 16.78326
2450582.90875 14.22059
2450603.74049 12.23064
2450624.57224 15.42825
2450645.40399 20.33486
2450853.72148 13.59435
2450874.55323 8.28851
2450895.38498 15.11429
2450916.21673 13.02345
2450937.04848 8.02265
2450957.88023 10.63938
2450978.71198 14.61943
2450999.54373 8.87318
2451020.37548 10.47599
2451228.69297 10.39996
2451249.52471 12.89668
2451270.35646 6.43695
2451291.18821 8.22935
2451312.01996 14.89862
2451332.85171 5.96351
2451353.68346 7.45779
2451374.51521 10.26289
2451582.83270 9.72071
2451603.66445 3.53233
2451624.49620 6.67934
2451645.32795 10.05165
2451666.15970 3.89572
2451686.99144 5.95666
2451707.82319 10.04891
2451728.65494 3.64554
2451749.48669 4.61219
2451957.80418 6.64554
2451978.63593 7.21724
2451999.46768 1.30947
2452020.29943 4.24350
2452041.13118 7.21643
2452061.96293 1.74262
2452082.79468 3.42783
2452103.62643 7.73973
2452311.94392 5.69356
2452332.77567 0.15171
2452353.60741 4.23446
2452374.43916 7.31885
2452395.27091 0.53865
2452416.10266 3.48225
2452436.93441 6.07056
2452457.76616 1.32412
2452478.59791 2.03039
2452686.91540 5.76722
2452707.74715 7.03360
2452728.57890 0.58358
2452749.41065 4.31321
2452770.24240 6.52307
2452791.07414 1.54807
2452811.90589 3.34446
2452832.73764 9.75223
2453041.05513 6.33920
2453061.88688 2.09308
2453082.71863 6.91148
2453103.55038 8.44077
2453124.38213 2.86415
2453145.21388 5.78909
2453166.04563 12.15534
2453186.87738 4.94109
2453207.70913 5.02832
2453416.02662 10.17181
2453436.85837 11.33683
2453457.69011 4.87972
2453478.52186 8.50946
2453499.35361 12.00990
2453520.18536 6.57959
2453541.01711 7.96361
2453561.84886 13.05456
2453770.16635 14.09469
2453790.99810 8.47809
2453811.82985 15.16690
2453832.66160 15.58384
2453853.49335 9.88383
2453874.32510 12.91139
2453895.15684 14.43254
2453915.98859 11.34525
2453936.82034 11.69953
2454145.13783 14.53083
2454165.96958 18.06728
2454186.80133 12.05992
2454207.63308 12.73037
2454228.46483 19.39567
2454249.29658 10.48481
2454270.12833 15.12824
2454290.96008 19.35688
2454499.27757 16.04477
2454520.10932 12.61430
2454540.94106 15.94967
2454561.77281 19.47219
2454582.60456 12.14238
2454603.43631 15.23667
2454624.26806 20.26059
2454645.09981 13.55888
2454665.93156 16.03874
2454874.24905 13.95243
2454895.08080 18.75326
2454915.91255 12.35981
2454936.74430 16.94661
2454957.57605 19.52549
2454978.40779 11.92550
2454999.23954 11.13082
2455020.07129 18.28916
2455040.90304 14.68590
2455228.38878 17.70297
2455249.22053 9.93165
2455270.05228 15.15164
2455290.88403 19.56204
2455311.71578 10.17983
2455332.54753 14.14233
2455353.37928 18.65662
2455374.21103 11.96524
2455395.04278 8.94569
2455603.36027 9.96589
2455624.19202 14.48957
2455645.02376 9.28087
2455665.85551 10.01831
2455686.68726 17.16428
2455707.51901 9.09327
2455728.35076 8.65520
2455749.18251 15.99441
2455770.01426 8.17628
2455957.50000 12.51631
