2445000.00000 -8.06674
2445020.83175 -2.00363
2445041.66350 -9.42895
2445062.49525 -2.87301
2445083.32700 -8.79462
2445104.15875 -4.00368
2445124.99049 -12.64133
2445145.82224 -6.14206
2445166.65399 -11.27918
2445374.97148 -15.33972
2445395.80323 -13.06963
2445416.63498 -11.78913
2445437.46673 -12.96279
2445458.29848 -14.08115
2445479.13023 -14.79434
2445499.96198 -15.23155
2445520.79373 -13.89920
2445541.62548 -13.96543
2445749.94297 -14.48163
2445770.77471 -14.37388
2445791.60646 -11.61600
2445812.43821 -16.66510
2445833.26996 -12.27261
2445854.10171 -15.95704
2445874.93346 -11.79235
2445895.76521 -16.50359
2446104.08270 -12.16553
2446124.91445 -5.15426
2446145.74620 -11.71645
2446166.57795 -3.97837
2446187.40970 -12.14264
2446208.24144 -3.47119
2446229.07319 -10.89992
2446249.90494 -2.54661
2446270.73669 -8.60583
2446479.05418 -5.27986
2446499.88593 5.15933
2446520.71768 -3.11067
2446541.54943 5.42286
2446562.38118 -1.86105
2446583.21293 6.87614
2446604.04468 -0.42156
2446624.87643 7.81969
2446833.19392 12.33883
2446854.02567 6.85195
2446874.85741 12.02192
2446895.68916 7.24285
2446916.52091 14.63350
2446937.35266 8.59900
2446958.18441 18.96273
2446979.01616 9.77967
2446999.84791 15.72449
2447208.16540 17.27496
2447228.99715 13.03833
2447249.82890 15.44603
2447270.66065 11.92262
2447291.49240 14.38062
2447312.32414 16.08488
2447333.15589 15.98371
2447353.98764 16.91809
2447562.30513 13.02284
2447583.13688 11.04373
2447603.96863 13.58412
2447624.80038 9.70382
2447645.63213 16.27445
2447666.46388 9.57444
2447687.29563 14.85916
2447708.12738 7.87072
2447728.95913 11.70067
2447937.27662 8.77207
2447958.10837 1.32670
2447978.94011 8.32840
2447999.77186 -0.12951
2448020.60361 6.66474
2448041.43536 -1.57953
2448062.26711 4.83367
2448083.09886 -2.67759
2448291.41635 -8.49135
2448312.24810 -1.06561
2448333.07985 -9.46959
2448353.91160 -2.29263
2448374.74335 -8.84853
2448395.57510 -2.98537
2448416.40684 -9.35696
2448437.23859 -3.92355
2448458.07034 -11.44646
2448666.38783 -18.68675
2448687.21958 -9.38523
2448708.05133 -19.21600
2448728.88308 -12.49504
2448749.71483 -18.86337
2448770.54658 -11.85026
2448791.37833 -14.13011
2448812.21008 -11.86001
2449020.52757 -15.18394
2449041.35932 -14.20688
2449062.19106 -14.54264
2449083.02281 -17.31132
2449103.85456 -14.55970
2449124.68631 -16.45037
2449145.51806 -13.28068
2449166.34981 -12.97716
2449187.18156 -15.78600
2449395.49905 -10.90356
2449416.33080 -9.01391
2449437.16255 -12.17001
2449457.99430 -6.64554
2449478.82605 -8.61193
2449499.65779 -6.50793
2449520.48954 -8.17122
2449541.32129 -3.99452
2449562.15304 -9.29351
2449749.63878 3.28580
2449770.47053 -4.13315
2449791.30228 4.18499
2449812.13403 -2.89494
2449832.96578 5.35918
2449853.79753 -1.76366
2449874.62928 7.87435
2449895.46103 -0.81492
2449916.29278 7.61231
2450124.61027 14.74985
2450145.44202 4.70676
2450166.27376 15.38402
2450187.10551 6.83617
2450207.93726 17.89278
2450228.76901 6.46737
2450249.60076 13.89398
2450270.43251 8.22842
2450291.26426 18.54865
2450478.75000 12.67049
2450499.58175 20.32475
2450520.41350 10.18789
2450541.24525 19.51988
2450562.07700 13.75868
2450582.90875 16.32527
2450603.74049 11.85446
2450624.57224 16.01239
2450645.40399 12.82597
2450853.72148 12.29282
2450874.55323 12.83647
2450895.38498 11.90349
2450916.21673 11.05257
2450937.04848 11.04935
2450957.88023 10.70313
2450978.71198 10.05437
2450999.54373 11.87734
2451020.37548 11.21192
2451228.69297 8.06442
2451249.52471 3.27356
2451270.35646 6.89123
2451291.18821 1.37979
2451312.01996 6.09068
2451332.85171 0.04436
2451353.68346 4.41304
2451374.51521 -1.27104
2451582.83270 -5.92999
2451603.66445 -0.67699
2451624.49620 -9.57580
2451645.32795 -1.73185
2451666.15970 -9.88829
2451686.99144 -3.08515
2451707.82319 -10.42440
2451728.65494 -4.06074
2451749.48669 -11.80432
2451957.80418 -16.14493
2451978.63593 -9.55945
2451999.46768 -16.01996
2452020.29943 -8.76291
2452041.13118 -17.56938
2452061.96293 -10.74552
2452082.79468 -15.63375
2452103.62643 -9.67980
2452311.94392 -12.19072
2452332.77567 -16.61301
2452353.60741 -12.69534
2452374.43916 -15.59038
2452395.27091 -13.40255
2452416.10266 -16.77538
2452436.93441 -10.98798
2452457.76616 -11.53129
2452478.59791 -11.14485
2452686.91540 -8.59873
2452707.74715 -7.50544
2452728.57890 -10.23220
2452749.41065 -8.52744
2452770.24240 -9.79656
2452791.07414 -7.62602
2452811.90589 -8.29669
2452832.73764 -6.28858
2453041.05513 1.00979
2453061.88688 -2.99879
2453082.71863 2.64551
2453103.55038 -2.60032
2453124.38213 3.89455
2453145.21388 -1.62011
2453166.04563 5.39644
2453186.87738 -0.56370
2453207.70913 6.82563
2453416.02662 12.03670
2453436.85837 5.77669
2453457.69011 13.35254
2453478.52186 5.62096
2453499.35361 13.16425
2453520.18536 7.57084
2453541.01711 14.73191
2453561.84886 8.12339
2453770.16635 9.10771
2453790.99810 20.57779
2453811.82985 9.23024
2453832.66160 14.05169
2453853.49335 10.24128
2453874.32510 16.67297
2453895.15684 13.27440
2453915.98859 19.38820
2453936.82034 10.35372
2454145.13783 9.90647
2454165.96958 12.56279
2454186.80133 11.54669
2454207.63308 14.60708
2454228.46483 10.11255
2454249.29658 13.87514
2454270.12833 9.31113
2454290.96008 10.74528
2454499.27757 5.90008
2454520.10932 6.62571
2454540.94106 4.59873
2454561.77281 6.51348
2454582.60456 3.57854
2454603.43631 5.22465
2454624.26806 2.08793
2454645.09981 3.72828
2454665.93156 0.67228
2454874.24905 -4.60788
2454895.08080 -1.36008
2454915.91255 -8.08044
2454936.74430 -2.18952
2454957.57605 -9.36339
2454978.40779 -2.61361
2454999.23954 -10.38938
2455020.07129 -3.49326
2455040.90304 -10.15461
2455228.38878 -8.34491
2455249.22053 -15.58615
2455270.05228 -8.83292
2455290.88403 -15.87026
2455311.71578 -6.56184
2455332.54753 -14.94226
2455353.37928 -7.97011
2455374.21103 -14.32948
2455395.04278 -9.86776
2455603.36027 -10.44473
2455624.19202 -19.76097
2455645.02376 -9.54829
2455665.85551 -15.80762
2455686.68726 -9.62925
2455707.51901 -18.23655
2455728.35076 -9.84301
2455749.18251 -14.81944
2455770.01426 -8.07794
2455957.50000 -12.09225
