2445000.00000 31.85116
2445020.83175 25.22288
2445041.66350 13.06632
2445062.49525 30.27831
2445083.32700 20.26748
2445104.15875 14.94993
2445124.99049 29.00431
2445145.82224 11.80507
2445166.65399 15.34929
2445374.97148 14.36703
2445395.80323 5.29861
2445416.63498 21.44997
2445437.46673 8.66404
2445458.29848 5.27585
2445479.13023 20.21363
2445499.96198 4.95016
2445520.79373 12.54479
2445541.62548 20.40274
2445749.94297 9.17247
2445770.77471 22.00063
2445791.60646 15.51066
2445812.43821 13.53547
2445833.26996 26.97730
2445854.10171 11.91852
2445874.93346 20.17686
2445895.76521 26.93306
2446104.08270 19.38001
2446124.91445 32.60948
2446145.74620 19.02614
2446166.57795 21.26175
2446187.40970 36.58444
2446208.24144 20.32349
2446229.07319 31.02051
2446249.90494 38.06392
2446270.73669 17.68857
2446479.05418 38.84055
2446499.88593 23.23397
2446520.71768 24.25545
2446541.54943 41.60590
2446562.38118 18.46524
2446583.21293 24.03223
2446604.04468 39.36264
2446624.87643 14.10637
2446833.19392 23.56839
2446854.02567 11.20643
2446874.85741 15.15117
2446895.68916 21.80206
2446916.52091 6.68502
2446937.35266 15.23595
2446958.18441 17.83483
2446979.01616 3.72012
2446999.84791 18.52648
2447208.16540 5.64562
2447228.99715 10.18250
2447249.82890 25.21729
2447270.66065 6.56257
2447291.49240 13.71362
2447312.32414 17.83419
2447333.15589 4.86783
2447353.98764 22.30567
2447562.30513 13.98689
2447583.13688 21.56556
2447603.96863 30.54270
2447624.80038 14.93980
2447645.63213 28.68878
2447666.46388 30.10748
2447687.29563 15.93153
2447708.12738 32.72941
2447728.95913 32.65771
2447937.27662 24.60210
2447958.10837 40.38419
2447978.94011 17.87565
2447999.77186 31.76495
2448020.60361 32.83881
2448041.43536 20.97060
2448062.26711 33.09802
2448083.09886 27.23455
2448291.41635 21.95410
2448312.24810 30.99375
2448333.07985 13.67659
2448353.91160 24.18508
2448374.74335 25.13002
2448395.57510 9.63474
2448416.40684 24.75780
2448437.23859 18.74797
2448458.07034 10.32498
2448666.38783 20.37361
2448687.21958 3.24700
2448708.05133 19.47051
2448728.88308 14.37335
2448749.71483 2.27294
2448770.54658 15.44616
2448791.37833 12.23075
2448812.21008 4.39110
2449020.52757 21.05262
2449041.35932 7.01045
2449062.19106 17.81527
2449083.02281 22.82016
2449103.85456 9.62383
2449124.68631 32.00398
2449145.51806 16.89951
2449166.34981 12.89106
2449187.18156 32.77102
2449395.49905 17.69330
2449416.33080 32.95608
2449437.16255 29.55585
2449457.99430 20.66904
2449478.82605 41.51772
2449499.65779 29.69736
2449520.48954 17.72757
2449541.32129 36.63167
2449562.15304 22.23144
2449749.63878 17.22250
2449770.47053 28.28114
2449791.30228 27.80179
2449812.13403 17.98661
2449832.96578 37.24679
2449853.79753 21.97027
2449874.62928 20.50446
2449895.46103 35.85525
2449916.29278 18.70372
2450124.61027 24.05952
2450145.44202 19.12811
2450166.27376 6.44930
2450187.10551 28.72422
2450207.93726 12.77883
2450228.76901 8.30716
2450249.60076 24.46460
2450270.43251 7.63622
2450291.26426 9.32211
2450478.75000 21.22567
2450499.58175 15.32050
2450520.41350 5.20181
2450541.24525 21.88003
2450562.07700 10.58317
2450582.90875 8.33960
2450603.74049 24.30345
2450624.57224 10.68316
2450645.40399 14.16240
2450853.72148 25.07934
2450874.55323 15.11084
2450895.38498 29.83673
2450916.21673 21.85057
2450937.04848 18.90694
2450957.88023 39.94700
2450978.71198 19.92846
2450999.54373 33.01509
2451020.37548 34.81261
2451228.69297 24.39884
2451249.52471 40.53747
2451270.35646 24.92143
2451291.18821 25.94364
2451312.01996 35.67571
2451332.85171 18.69335
2451353.68346 30.92421
2451374.51521 37.94573
2451582.83270 17.72898
2451603.66445 32.01732
2451624.49620 15.76777
2451645.32795 17.30658
2451666.15970 25.34177
2451686.99144 9.48876
2451707.82319 15.46855
2451728.65494 24.73050
2451749.48669 6.75682
2451957.80418 24.00655
2451978.63593 5.56724
2451999.46768 10.06156
2452020.29943 19.36187
2452041.13118 3.74003
2452061.96293 10.56815
2452082.79468 21.96304
2452103.62643 2.64644
2452311.94392 22.82506
2452332.77567 12.00673
2452353.60741 15.16273
2452374.43916 27.01941
2452395.27091 13.51240
2452416.10266 25.70071
2452436.93441 32.67846
2452457.76616 12.34936
2452478.59791 26.03548
2452686.91540 20.89778
2452707.74715 30.73564
2452728.57890 37.95926
2452749.41065 20.46568
2452770.24240 28.85110
2452791.07414 37.06264
2452811.90589 20.42426
2452832.73764 38.21933
2453041.05513 19.64396
2453061.88688 24.35552
2453082.71863 39.88654
2453103.55038 13.62321
2453124.38213 25.72006
2453145.21388 30.24775
2453166.04563 12.60185
2453186.87738 22.27726
2453207.70913 25.67969
2453416.02662 13.49992
2453436.85837 26.65202
2453457.69011 4.28564
2453478.52186 16.58776
2453499.35361 21.06819
2453520.18536 2.26512
2453541.01711 17.92571
2453561.84886 15.05409
2453770.16635 12.61625
2453790.99810 20.65943
2453811.82985 2.58529
2453832.66160 18.71313
2453853.49335 18.68050
2453874.32510 3.58060
2453895.15684 22.10855
2453915.98859 15.13440
2453936.82034 7.22604
2454145.13783 33.89959
2454165.96958 14.51138
2454186.80133 30.50860
2454207.63308 33.04160
2454228.46483 17.88921
2454249.29658 33.17721
2454270.12833 31.42506
2454290.96008 17.48351
2454499.27757 34.73111
2454520.10932 20.10896
2454540.94106 38.44734
2454561.77281 36.64699
2454582.60456 18.74706
2454603.43631 34.57957
2454624.26806 28.26441
2454645.09981 21.97947
2454665.93156 39.02182
2454874.24905 9.73759
2454895.08080 26.91440
2454915.91255 24.67290
2454936.74430 8.80175
2454957.57605 25.00689
2454978.40779 16.70860
2454999.23954 8.59147
2455020.07129 29.65435
2455040.90304 11.28741
2455228.38878 0.44708
2455249.22053 14.73934
2455270.05228 14.20872
2455290.88403 0.87707
2455311.71578 21.26749
2455332.54753 9.98279
2455353.37928 2.53710
2455374.21103 21.53278
2455395.04278 4.58560
2455603.36027 27.23118
2455624.19202 21.51320
2455645.02376 6.63796
2455665.85551 31.29542
2455686.68726 20.65406
2455707.51901 12.61396
2455728.35076 30.62758
2455749.18251 15.47823
2455770.01426 20.72706
2455957.50000 32.27096
