2445000.00000 -1.66887
2445020.83175 -5.79805
2445041.66350 -4.31048
2445062.49525 -1.27093
2445083.32700 -5.43268
2445104.15875 -4.42207
2445124.99049 -1.06190
2445145.82224 -5.84282
2445166.65399 -4.28598
2445374.97148 -0.12711
2445395.80323 -3.63255
2445416.63498 -3.43994
2445437.46673 0.14402
2445458.29848 -3.07450
2445479.13023 -5.04423
2445499.96198 0.38229
2445520.79373 -2.66711
2445541.62548 -3.25175
2445749.94297 1.53655
2445770.77471 -0.24736
2445791.60646 -2.68816
2445812.43821 1.50735
2445833.26996 0.37430
2445854.10171 -2.21116
2445874.93346 1.69249
2445895.76521 0.85802
2446104.08270 -1.43086
2446124.91445 3.44978
2446145.74620 3.29909
2446166.57795 -0.80375
2446187.40970 2.28562
2446208.24144 4.57645
2446229.07319 -0.45020
2446249.90494 3.22805
2446270.73669 3.85411
2446479.05418 1.00855
2446499.88593 2.66962
2446520.71768 5.72215
2446541.54943 1.34129
2446562.38118 2.87459
2446583.21293 5.87097
2446604.04468 1.69401
2446624.87643 3.19923
2446833.19392 7.57727
2446854.02567 3.13912
2446874.85741 3.13292
2446895.68916 8.41752
2446916.52091 3.14860
2446937.35266 2.74976
2446958.18441 6.45349
2446979.01616 3.70025
2446999.84791 2.60083
2447208.16540 6.28455
2447228.99715 3.87427
2447249.82890 2.15962
2447270.66065 6.56142
2447291.49240 3.86294
2447312.32414 1.62405
2447333.15589 6.81578
2447353.98764 3.70027
2447562.30513 0.51091
2447583.13688 4.60174
2447603.96863 3.51075
2447624.80038 0.16870
2447645.63213 3.25563
2447666.46388 4.61317
2447687.29563 -0.14239
2447708.12738 3.99321
2447728.95913 3.93453
2447937.27662 -1.20305
2447958.10837 1.35471
2447978.94011 3.40542
2447999.77186 -1.64374
2448020.60361 0.95536
2448041.43536 2.58509
2448062.26711 -1.98778
2448083.09886 0.33734
2448291.41635 1.63682
2448312.24810 -3.36559
2448333.07985 -1.79903
2448353.91160 1.29393
2448374.74335 -3.19414
2448395.57510 -2.59727
2448416.40684 1.00150
2448437.23859 -3.50719
2448458.07034 -2.63615
2448666.38783 -0.45528
2448687.21958 -4.62093
2448708.05133 -5.25538
2448728.88308 -0.69253
2448749.71483 -4.07634
2448770.54658 -5.43265
2448791.37833 -1.20487
2448812.21008 -3.73370
2449020.52757 -6.46412
2449041.35932 -2.32034
2449062.19106 -4.17906
2449083.02281 -5.87841
2449103.85456 -2.09838
2449124.68631 -3.48511
2449145.51806 -6.74333
2449166.34981 -2.38798
2449187.18156 -3.23364
2449395.49905 -8.28804
2449416.33080 -3.26025
2449437.16255 -2.65588
2449457.99430 -7.06204
2449478.82605 -3.46115
2449499.65779 -2.06698
2449520.48954 -6.62948
2449541.32129 -3.20019
2449562.15304 -2.07926
2449749.63878 -1.02734
2449770.47053 -5.69053
2449791.30228 -3.08159
2449812.13403 -0.66560
2449832.96578 -5.25105
2449853.79753 -3.09491
2449874.62928 -0.28647
2449895.46103 -4.31934
2449916.29278 -3.40029
2450124.61027 0.98794
2450145.44202 -2.01652
2450166.27376 -2.81980
2450187.10551 1.39255
2450207.93726 -2.11252
2450228.76901 -2.61077
2450249.60076 1.63073
2450270.43251 -1.41017
2450291.26426 -1.81028
2450478.75000 -1.36683
2450499.58175 2.98540
2450520.41350 0.83434
2450541.24525 -1.50430
2450562.07700 2.18819
2450582.90875 1.50967
2450603.74049 -1.08778
2450624.57224 3.06448
2450645.40399 1.99945
2450853.72148 -0.01431
2450874.55323 3.97901
2450895.38498 4.03769
2450916.21673 0.20275
2450937.04848 3.97388
2450957.88023 4.01183
2450978.71198 0.48813
2450999.54373 3.45555
2451020.37548 4.67034
2451228.69297 1.31375
2451249.52471 3.15724
2451270.35646 5.67663
2451291.18821 1.28261
2451312.01996 3.60206
2451332.85171 5.87371
2451353.68346 1.67405
2451374.51521 3.69605
2451582.83270 6.70667
2451603.66445 2.63707
2451624.49620 2.78749
2451645.32795 5.34984
2451666.15970 2.53106
2451686.99144 2.59846
2451707.82319 5.64805
2451728.65494 2.18242
2451749.48669 2.22679
2451957.80418 4.72105
2451978.63593 2.27952
2451999.46768 1.32224
2452020.29943 4.17390
2452041.13118 2.77111
2452061.96293 0.71828
2452082.79468 4.39639
2452103.62643 2.61908
2452311.94392 -0.47790
2452332.77567 2.92170
2452353.60741 1.88979
2452374.43916 -0.64651
2452395.27091 2.39709
2452416.10266 1.84206
2452436.93441 -0.92489
2452457.76616 2.22713
2452478.59791 1.76903
2452686.91540 -2.11520
2452707.74715 0.31461
2452728.57890 0.91973
2452749.41065 -2.77718
2452770.24240 -0.16244
2452791.07414 0.91093
2452811.90589 -3.01065
2452832.73764 -0.62570
2453041.05513 0.13074
2453061.88688 -3.39250
2453082.71863 -2.15325
2453103.55038 -0.03838
2453124.38213 -3.77918
2453145.21388 -2.66288
2453166.04563 -0.22136
2453186.87738 -3.77964
2453207.70913 -3.46870
2453416.02662 -0.85671
2453436.85837 -3.28638
2453457.69011 -4.65730
2453478.52186 -1.09561
2453499.35361 -3.24549
2453520.18536 -4.54259
2453541.01711 -1.16383
2453561.84886 -3.18886
2453770.16635 -5.03953
2453790.99810 -1.43691
2453811.82985 -2.94257
2453832.66160 -4.64015
2453853.49335 -1.89297
2453874.32510 -2.74193
2453895.15684 -4.99755
2453915.98859 -1.92238
2453936.82034 -2.46196
2454145.13783 -4.60642
2454165.96958 -2.26942
2454186.80133 -1.51011
2454207.63308 -4.49150
2454228.46483 -1.96117
2454249.29658 -1.42200
2454270.12833 -4.52799
2454290.96008 -1.99972
2454499.27757 -0.08874
2454520.10932 -3.15334
2454540.94106 -1.26906
2454561.77281 0.17566
2454582.60456 -2.59287
2454603.43631 -1.44224
2454624.26806 0.56340
2454645.09981 -2.41840
2454665.93156 -1.36570
2454874.24905 1.40240
2454895.08080 -0.95978
2454915.91255 -0.66252
2454936.74430 1.85806
2454957.57605 -0.52381
2454978.40779 -0.57096
2454999.23954 2.35223
2455020.07129 -0.33324
2455040.90304 -0.55880
2455228.38878 -0.13881
2455249.22053 3.02516
2455270.05228 1.13679
2455290.88403 0.01964
2455311.71578 2.91777
2455332.54753 1.52712
2455353.37928 0.12182
2455374.21103 2.97110
2455395.04278 1.79613
2455603.36027 0.56146
2455624.19202 3.65388
2455645.02376 2.70771
2455665.85551 0.68552
2455686.68726 3.39546
2455707.51901 3.34749
2455728.35076 0.77316
2455749.18251 3.00818
2455770.01426 3.44469
2455957.50000 3.70105
