2445000.00000 8.10416
2445020.83175 4.71801
2445041.66350 7.23201
2445062.49525 6.34035
2445083.32700 7.35469
2445104.15875 8.13841
2445124.99049 5.78588
2445145.82224 7.65271
2445166.65399 6.13747
2445374.97148 7.65377
2445395.80323 6.25611
2445416.63498 7.14980
2445437.46673 7.89806
2445458.29848 5.34977
2445479.13023 7.73000
2445499.96198 6.15281
2445520.79373 6.85742
2445541.62548 8.74774
2445749.94297 6.77062
2445770.77471 5.91456
2445791.60646 3.60937
2445812.43821 6.62468
2445833.26996 3.75723
2445854.10171 3.89717
2445874.93346 6.46430
2445895.76521 2.82945
2446104.08270 3.28261
2446124.91445 2.59494
2446145.74620 4.48739
2446166.57795 1.53764
2446187.40970 3.61167
2446208.24144 2.91583
2446229.07319 1.23854
2446249.90494 3.60003
2446270.73669 2.04958
2446479.05418 3.26603
2446499.88593 0.36578
2446520.71768 2.74410
2446541.54943 1.71715
2446562.38118 0.78704
2446583.21293 3.37222
2446604.04468 0.85699
2446624.87643 2.00271
2446833.19392 0.84739
2446854.02567 3.91177
2446874.85741 2.14053
2446895.68916 2.09351
2446916.52091 4.01948
2446937.35266 1.40255
2446958.18441 3.67555
2446979.01616 3.47617
2446999.84791 1.45939
2447208.16540 3.17264
2447228.99715 4.11042
2447249.82890 5.29779
2447270.66065 2.70948
2447291.49240 5.67317
2447312.32414 5.21435
2447333.15589 4.20392
2447353.98764 6.93098
2447562.30513 6.16398
2447583.13688 6.01272
2447603.96863 3.93427
2447624.80038 9.31961
2447645.63213 4.87182
2447666.46388 6.40774
2447687.29563 8.02921
2447708.12738 5.31643
2447728.95913 6.87229
2447937.27662 5.23833
2447958.10837 8.43058
2447978.94011 5.65798
2447999.77186 6.61524
2448020.60361 9.50562
2448041.43536 5.31904
2448062.26711 8.96235
2448083.09886 6.13554
2448291.41635 8.46857
2448312.24810 4.61416
2448333.07985 6.54282
2448353.91160 5.56086
2448374.74335 4.28790
2448395.57510 7.91452
2448416.40684 4.95561
2448437.23859 5.21998
2448458.07034 6.01650
2448666.38783 4.27815
2448687.21958 4.10554
2448708.05133 3.13879
2448728.88308 4.90197
2448749.71483 2.05999
2448770.54658 3.62375
2448791.37833 4.22834
2448812.21008 1.90684
2449020.52757 1.56869
2449041.35932 1.88328
2449062.19106 4.15502
2449083.02281 0.69061
2449103.85456 3.20158
2449124.68631 2.15712
2449145.51806 0.78449
2449166.34981 4.08015
2449187.18156 0.94558
2449395.49905 2.39712
2449416.33080 0.45689
2449437.16255 3.38701
2449457.99430 1.57438
2449478.82605 1.25575
2449499.65779 3.75685
2449520.48954 0.82737
2449541.32129 2.26984
2449562.15304 2.98803
2449749.63878 1.98735
2449770.47053 5.04804
2449791.30228 2.72660
2449812.13403 3.39596
2449832.96578 5.31610
2449853.79753 2.17748
2449874.62928 5.33158
2449895.46103 3.54287
2449916.29278 2.80088
2450124.61027 3.27178
2450145.44202 6.06675
2450166.27376 7.60706
2450187.10551 4.66057
2450207.93726 7.08876
2450228.76901 5.07178
2450249.60076 5.34247
2450270.43251 6.86700
2450291.26426 4.49673
2450478.75000 8.39538
2450499.58175 8.07308
2450520.41350 5.05545
2450541.24525 9.07680
2450562.07700 4.50917
2450582.90875 8.51419
2450603.74049 6.72351
2450624.57224 5.80780
2450645.40399 9.01007
2450853.72148 6.50583
2450874.55323 8.16028
2450895.38498 4.38884
2450916.21673 8.00420
2450937.04848 6.41245
2450957.88023 5.10750
2450978.71198 8.24996
2450999.54373 5.14980
2451020.37548 4.89654
2451228.69297 3.91248
2451249.52471 5.15517
2451270.35646 5.47108
2451291.18821 3.81404
2451312.01996 5.63928
2451332.85171 3.05654
2451353.68346 4.44911
2451374.51521 4.71173
2451582.83270 4.23930
2451603.66445 1.84920
2451624.49620 1.93384
2451645.32795 3.60815
2451666.15970 1.12495
2451686.99144 3.43842
2451707.82319 2.80354
2451728.65494 1.17868
2451749.48669 3.72488
2451957.80418 1.76102
2451978.63593 2.83020
2451999.46768 0.19375
2452020.29943 3.58372
2452041.13118 1.20741
2452061.96293 1.05997
2452082.79468 3.16200
2452103.62643 0.38383
2452311.94392 3.00593
2452332.77567 0.99116
2452353.60741 4.26315
2452374.43916 1.40360
2452395.27091 2.21935
2452416.10266 4.58714
2452436.93441 0.85233
2452457.76616 3.77616
2452478.59791 3.22908
2452686.91540 5.07996
2452707.74715 2.74085
2452728.57890 5.00784
2452749.41065 6.46572
2452770.24240 3.19361
2452791.07414 5.61319
2452811.90589 4.52001
2452832.73764 4.83597
2453041.05513 5.19806
2453061.88688 7.99988
2453082.71863 6.76623
2453103.55038 5.43153
2453124.38213 8.02028
2453145.21388 5.43031
2453166.04563 7.01686
2453186.87738 8.19226
2453207.70913 4.91294
2453416.02662 7.30791
2453436.85837 6.07809
2453457.69011 10.61518
2453478.52186 5.12991
2453499.35361 7.64427
2453520.18536 6.58056
2453541.01711 5.39114
2453561.84886 7.43446
2453770.16635 6.40065
2453790.99810 6.56609
2453811.82985 4.80674
2453832.66160 6.25587
2453853.49335 5.67513
2453874.32510 4.17421
2453895.15684 8.06472
2453915.98859 4.45048
2453936.82034 5.77865
2454145.13783 2.50994
2454165.96958 5.69013
2454186.80133 3.02276
2454207.63308 2.89515
2454228.46483 6.06394
2454249.29658 2.19584
2454270.12833 3.95799
2454290.96008 3.40376
2454499.27757 4.19201
2454520.10932 1.10481
2454540.94106 2.15448
2454561.77281 2.73937
2454582.60456 0.31643
2454603.43631 3.16239
2454624.26806 1.74039
2454645.09981 1.00175
2454665.93156 3.51267
2454874.24905 2.48573
2454895.08080 2.09182
2454915.91255 0.32575
2454936.74430 3.67346
2454957.57605 1.10392
2454978.40779 1.77793
2454999.23954 2.99337
2455020.07129 0.40192
2455040.90304 3.19495
2455228.38878 2.99297
2455249.22053 2.01901
2455270.05228 4.49399
2455290.88403 1.98409
2455311.71578 3.89582
2455332.54753 4.15079
2455353.37928 2.31508
2455374.21103 5.23026
2455395.04278 3.68245
2455603.36027 5.72853
2455624.19202 3.96900
2455645.02376 4.96741
2455665.85551 7.30611
2455686.68726 5.05421
2455707.51901 8.42378
2455728.35076 4.73590
2455749.18251 5.75954
2455770.01426 8.42057
2455957.50000 5.79719
