2445000.00000 -11.63656
2445020.83175 -14.04289
2445041.66350 -8.42284
2445062.49525 -15.15792
2445083.32700 -14.47617
2445104.15875 -10.99823
2445124.99049 -15.00394
2445145.82224 -16.50426
2445166.65399 -12.19488
2445374.97148 -9.89847
2445395.80323 -14.18193
2445416.63498 -13.83866
2445437.46673 -5.60410
2445458.29848 -8.54802
2445479.13023 -9.03709
2445499.96198 -4.07493
2445520.79373 -5.82146
2445541.62548 -6.02146
2445749.94297 6.99196
2445770.77471 10.83589
2445791.60646 8.24974
2445812.43821 11.24427
2445833.26996 12.63500
2445854.10171 10.68234
2445874.93346 9.37472
2445895.76521 14.96050
2446104.08270 14.52647
2446124.91445 11.32124
2446145.74620 14.59634
2446166.57795 12.05566
2446187.40970 9.82314
2446208.24144 10.91308
2446229.07319 12.36865
2446249.90494 8.33540
2446270.73669 7.26656
2446479.05418 -1.33588
2446499.88593 -1.75065
2446520.71768 -7.11489
2446541.54943 -5.31984
2446562.38118 -4.06067
2446583.21293 -9.18079
2446604.04468 -10.56785
2446624.87643 -7.32796
2446833.19392 -13.20292
2446854.02567 -15.11740
2446874.85741 -12.74276
2446895.68916 -11.76765
2446916.52091 -15.64138
2446937.35266 -12.48031
2446958.18441 -11.67043
2446979.01616 -11.93870
2446999.84791 -13.25755
2447208.16540 -1.06687
2447228.99715 -0.65624
2447249.82890 -2.79599
2447270.66065 1.73408
2447291.49240 2.75850
2447312.32414 0.47431
2447333.15589 4.14710
2447353.98764 6.49262
2447562.30513 13.88578
2447583.13688 10.07830
2447603.96863 15.94167
2447624.80038 13.96323
2447645.63213 10.64137
2447666.46388 16.45150
2447687.29563 15.09362
2447708.12738 11.28394
2447728.95913 13.26296
2447937.27662 8.78503
2447958.10837 5.10337
2447978.94011 3.03363
2447999.77186 6.21368
2448020.60361 4.30612
2448041.43536 -0.28919
2448062.26711 1.94637
2448083.09886 1.50828
2448291.41635 -9.85621
2448312.24810 -10.56372
2448333.07985 -9.15516
2448353.91160 -11.31189
2448374.74335 -17.86775
2448395.57510 -9.90969
2448416.40684 -12.45737
2448437.23859 -14.25921
2448458.07034 -12.25726
2448666.38783 -7.51800
2448687.21958 -8.92168
2448708.05133 -9.06555
2448728.88308 -5.94182
2448749.71483 -6.97789
2448770.54658 -10.09114
2448791.37833 -3.77067
2448812.21008 -4.17763
2449020.52757 4.26054
2449041.35932 5.87820
2449062.19106 9.95993
2449083.02281 7.50595
2449103.85456 7.03728
2449124.68631 12.74499
2449145.51806 10.19622
2449166.34981 8.47160
2449187.18156 11.67972
2449395.49905 16.16949
2449416.33080 10.40654
2449437.16255 9.85946
2449457.99430 11.15079
2449478.82605 9.54977
2449499.65779 8.63906
2449520.48954 10.39827
2449541.32129 7.10006
2449562.15304 4.84932
2449749.63878 -2.86040
2449770.47053 -2.55402
2449791.30228 -0.98700
2449812.13403 -5.07022
2449832.96578 -6.69763
2449853.79753 -4.33361
2449874.62928 -7.87862
2449895.46103 -9.15726
2449916.29278 -5.32134
2450124.61027 -10.97640
2450145.44202 -12.65596
2450166.27376 -11.24322
2450187.10551 -8.76641
2450207.93726 -15.28925
2450228.76901 -10.80577
2450249.60076 -10.21993
2450270.43251 -9.38460
2450291.26426 -12.40321
2450478.75000 -4.98965
2450499.58175 -1.82205
2450520.41350 0.41943
2450541.24525 -2.22066
2450562.07700 0.34953
2450582.90875 3.76240
2450603.74049 1.33844
2450624.57224 2.34780
2450645.40399 6.35149
2450853.72148 10.75466
2450874.55323 10.68936
2450895.38498 12.96824
2450916.21673 10.74495
2450937.04848 9.83058
2450957.88023 12.77114
2450978.71198 11.72156
2450999.54373 9.41659
2451020.37548 10.70569
2451228.69297 7.37758
2451249.52471 6.63987
2451270.35646 2.34822
2451291.18821 4.44131
2451312.01996 4.66895
2451332.85171 -0.04668
2451353.68346 0.49700
2451374.51521 1.47214
2451582.83270 -7.90185
2451603.66445 -11.24904
2451624.49620 -7.43142
2451645.32795 -7.52168
2451666.15970 -12.25485
2451686.99144 -9.89869
2451707.82319 -8.56402
2451728.65494 -13.16325
2451749.48669 -11.92043
2451957.80418 -7.47140
2451978.63593 -8.46437
2451999.46768 -7.82939
2452020.29943 -6.47373
2452041.13118 -5.06664
2452061.96293 -5.74115
2452082.79468 -3.40382
2452103.62643 -1.98690
2452311.94392 4.30840
2452332.77567 4.45534
2452353.60741 6.35790
2452374.43916 8.38259
2452395.27091 4.63845
2452416.10266 9.99128
2452436.93441 9.88478
2452457.76616 7.26526
2452478.59791 7.87481
2452686.91540 11.42576
2452707.74715 9.49445
2452728.57890 7.31590
2452749.41065 11.60127
2452770.24240 8.56873
2452791.07414 5.57782
2452811.90589 7.93996
2452832.73764 7.33114
2453041.05513 -2.07600
2453061.88688 -2.59809
2453082.71863 -1.02151
2453103.55038 -3.41900
2453124.38213 -5.07942
2453145.21388 -2.87193
2453166.04563 -5.09318
2453186.87738 -7.15421
2453207.70913 -6.16372
2453416.02662 -8.20177
2453436.85837 -10.70360
2453457.69011 -11.13493
2453478.52186 -8.75612
2453499.35361 -10.86053
2453520.18536 -11.86020
2453541.01711 -8.47029
2453561.84886 -7.31540
2453770.16635 -4.68539
2453790.99810 -2.56924
2453811.82985 0.53634
2453832.66160 -1.02687
2453853.49335 -0.55675
2453874.32510 3.03894
2453895.15684 1.43497
2453915.98859 1.53943
2453936.82034 4.79883
2454145.13783 11.73440
2454165.96958 9.70687
2454186.80133 8.77176
2454207.63308 11.67511
2454228.46483 8.86456
2454249.29658 9.09120
2454270.12833 10.65233
2454290.96008 8.75261
2454499.27757 4.68735
2454520.10932 4.67815
2454540.94106 6.00628
2454561.77281 2.21184
2454582.60456 2.40043
2454603.43631 4.03257
2454624.26806 0.70131
2454645.09981 -0.41065
2454665.93156 1.28037
2454874.24905 -5.67165
2454895.08080 -9.48656
2454915.91255 -8.57498
2454936.74430 -7.14026
2454957.57605 -8.27788
2454978.40779 -10.27576
2454999.23954 -8.74401
2455020.07129 -10.98160
2455040.90304 -10.58040
2455228.38878 -8.92718
2455249.22053 -7.50227
2455270.05228 -4.51360
2455290.88403 -7.45627
2455311.71578 -5.06630
2455332.54753 -3.54999
2455353.37928 -5.97751
2455374.21103 -3.95011
2455395.04278 -1.52439
2455603.36027 4.66209
2455624.19202 3.72406
2455645.02376 6.37779
2455665.85551 7.98559
2455686.68726 4.87679
2455707.51901 6.53130
2455728.35076 8.68891
2455749.18251 7.18839
2455770.01426 7.59649
2455957.50000 7.08216
