2445000.00000 14.50955
2445020.83175 21.01730
2445041.66350 10.24792
2445062.49525 11.84219
2445083.32700 19.42745
2445104.15875 10.80753
2445124.99049 12.35451
2445145.82224 15.95017
2445166.65399 6.58344
2445374.97148 7.67545
2445395.80323 3.25293
2445416.63498 1.22664
2445437.46673 7.29028
2445458.29848 2.95503
2445479.13023 2.96972
2445499.96198 9.56448
2445520.79373 4.58280
2445541.62548 6.44510
2445749.94297 13.54960
2445770.77471 11.08448
2445791.60646 16.17547
2445812.43821 16.59709
2445833.26996 11.60686
2445854.10171 14.87693
2445874.93346 13.06757
2445895.76521 11.24121
2446104.08270 6.86658
2446124.91445 0.83345
2446145.74620 4.11924
2446166.57795 6.91703
2446187.40970 0.38383
2446208.24144 5.87451
2446229.07319 6.39058
2446249.90494 1.73474
2446270.73669 6.93517
2446479.05418 13.40259
2446499.88593 10.76636
2446520.71768 18.71448
2446541.54943 14.16995
2446562.38118 13.68445
2446583.21293 15.38974
2446604.04468 8.19051
2446624.87643 12.19282
2446833.19392 6.67555
2446854.02567 1.44157
2446874.85741 7.20424
2446895.68916 3.63666
2446916.52091 1.04553
2446937.35266 8.07892
2446958.18441 3.07395
2446979.01616 2.02410
2446999.84791 8.29738
2447208.16540 9.45893
2447228.99715 16.71480
2447249.82890 14.25971
2447270.66065 10.06687
2447291.49240 16.05505
2447312.32414 15.41245
2447333.15589 8.83948
2447353.98764 20.11257
2447562.30513 4.04774
2447583.13688 5.16444
2447603.96863 8.48367
2447624.80038 1.89650
2447645.63213 4.10190
2447666.46388 7.93542
2447687.29563 0.80849
2447708.12738 5.35589
2447728.95913 6.08962
2447937.27662 6.49958
2447958.10837 17.29023
2447978.94011 10.51193
2447999.77186 13.11782
2448020.60361 15.97916
2448041.43536 10.31511
2448062.26711 12.37672
2448083.09886 15.22787
2448291.41635 5.38807
2448312.24810 10.50839
2448333.07985 8.53392
2448353.91160 2.38514
2448374.74335 6.45275
2448395.57510 5.92374
2448416.40684 1.25567
2448437.23859 7.78057
2448458.07034 3.58597
2448666.38783 11.19918
2448687.21958 11.89139
2448708.05133 9.85885
2448728.88308 10.94312
2448749.71483 15.54576
2448770.54658 8.59586
2448791.37833 16.02375
2448812.21008 17.73921
2449020.52757 5.62812
2449041.35932 9.73448
2449062.19106 6.37934
2449083.02281 5.37569
2449103.85456 8.26993
2449124.68631 3.59013
2449145.51806 4.04503
2449166.34981 7.22892
2449187.18156 1.40143
2449395.49905 10.83508
2449416.33080 9.38164
2449437.16255 6.30945
2449457.99430 13.45396
2449478.82605 11.09252
2449499.65779 10.27951
2449520.48954 18.47862
2449541.32129 11.94159
2449562.15304 12.85138
2449749.63878 10.41818
2449770.47053 9.30947
2449791.30228 5.35844
2449812.13403 11.04072
2449832.96578 9.16799
2449853.79753 3.41374
2449874.62928 8.55343
2449895.46103 7.62127
2449916.29278 1.79376
2450124.61027 11.15965
2450145.44202 6.13200
2450166.27376 8.99782
2450187.10551 12.09298
2450207.93726 7.58442
2450228.76901 10.75429
2450249.60076 17.32853
2450270.43251 9.04373
2450291.26426 12.80634
2450478.75000 18.17963
2450499.58175 11.64539
2450520.41350 7.45590
2450541.24525 11.47043
2450562.07700 7.01797
2450582.90875 5.77069
2450603.74049 10.08923
2450624.57224 4.39525
2450645.40399 4.99442
2450853.72148 8.61866
2450874.55323 4.49920
2450895.38498 10.07118
2450916.21673 11.42061
2450937.04848 6.29616
2450957.88023 13.61247
2450978.71198 11.07339
2450999.54373 8.55482
2451020.37548 12.18017
2451228.69297 8.88097
2451249.52471 12.53433
2451270.35646 15.47432
2451291.18821 7.98361
2451312.01996 9.01441
2451332.85171 11.33835
2451353.68346 4.61584
2451374.51521 8.08264
2451582.83270 5.05167
2451603.66445 3.94578
2451624.49620 10.49001
2451645.32795 7.02207
2451666.15970 6.71962
2451686.99144 13.46941
2451707.82319 8.69293
2451728.65494 10.33055
2451749.48669 14.18680
2451957.80418 10.10874
2451978.63593 15.34911
2451999.46768 11.85189
2452020.29943 7.38496
2452041.13118 14.74558
2452061.96293 10.12613
2452082.79468 4.83690
2452103.62643 11.99637
2452311.94392 2.29672
2452332.77567 6.57829
2452353.60741 8.33226
2452374.43916 3.57543
2452395.27091 10.61523
2452416.10266 10.03370
2452436.93441 5.90877
2452457.76616 11.24533
2452478.59791 12.15280
2452686.91540 12.60376
2452707.74715 15.92393
2452728.57890 12.42005
2452749.41065 9.99059
2452770.24240 15.02598
2452791.07414 9.19554
2452811.90589 10.43654
2452832.73764 12.28457
2453041.05513 3.19799
2453061.88688 8.64648
2453082.71863 5.63782
2453103.55038 3.59598
2453124.38213 9.78569
2453145.21388 5.95363
2453166.04563 6.96471
2453186.87738 11.96065
2453207.70913 7.97504
2453416.02662 14.28586
2453436.85837 14.62959
2453457.69011 9.60718
2453478.52186 12.55902
2453499.35361 12.80948
2453520.18536 11.66249
2453541.01711 13.99500
2453561.84886 10.74509
2453770.16635 5.16165
2453790.99810 7.99687
2453811.82985 3.20069
2453832.66160 5.23124
2453853.49335 7.59471
2453874.32510 3.26596
2453895.15684 7.05537
2453915.98859 10.02701
2453936.82034 5.04915
2454145.13783 17.68018
2454165.96958 12.91464
2454186.80133 12.51314
2454207.63308 17.88137
2454228.46483 10.65532
2454249.29658 8.48351
2454270.12833 15.14306
2454290.96008 9.18465
2454499.27757 7.24008
2454520.10932 5.48808
2454540.94106 3.31626
2454561.77281 6.69426
2454582.60456 6.59831
2454603.43631 4.60121
2454624.26806 10.87419
2454645.09981 5.70897
2454665.93156 5.09846
2454874.24905 15.36379
2454895.08080 10.30803
2454915.91255 12.19804
2454936.74430 13.59941
2454957.57605 9.93574
2454978.40779 12.06340
2454999.23954 12.65660
2455020.07129 8.29902
2455040.90304 9.50661
2455228.38878 9.75253
2455249.22053 5.22235
2455270.05228 5.38953
2455290.88403 9.93875
2455311.71578 4.49919
2455332.54753 5.58473
2455353.37928 8.71753
2455374.21103 3.88992
2455395.04278 8.04720
2455603.36027 11.26709
2455624.19202 12.28836
2455645.02376 11.51349
2455665.85551 11.11247
2455686.68726 11.50836
2455707.51901 13.08443
2455728.35076 13.13727
2455749.18251 11.27187
2455770.01426 15.95685
2455957.50000 9.50695
