2445000.00000 3.22663
2445020.83175 3.23761
2445041.66350 4.04052
2445062.49525 5.37193
2445083.32700 6.86463
2445104.15875 6.84501
2445124.99049 10.14125
2445145.82224 12.69506
2445166.65399 13.16330
2445374.97148 18.67745
2445395.80323 20.16540
2445416.63498 21.27645
2445437.46673 17.90993
2445458.29848 12.89265
2445479.13023 14.77787
2445499.96198 7.93695
2445520.79373 10.98097
2445541.62548 8.24853
2445749.94297 8.54281
2445770.77471 10.83077
2445791.60646 11.95995
2445812.43821 13.45608
2445833.26996 15.61468
2445854.10171 19.34644
2445874.93346 18.84554
2445895.76521 20.96651
2446104.08270 10.91483
2446124.91445 8.50177
2446145.74620 6.42497
2446166.57795 4.20413
2446187.40970 3.40422
2446208.24144 2.17562
2446229.07319 1.05437
2446249.90494 0.18270
2446270.73669 -0.19383
2446479.05418 9.24348
2446499.88593 11.49523
2446520.71768 11.05157
2446541.54943 13.48916
2446562.38118 12.30237
2446583.21293 11.54646
2446604.04468 12.51101
2446624.87643 12.61579
2446833.19392 -6.22238
2446854.02567 -7.18705
2446874.85741 -8.44601
2446895.68916 -9.63089
2446916.52091 -8.43233
2446937.35266 -8.56332
2446958.18441 -9.15060
2446979.01616 -7.75190
2446999.84791 -7.34347
2447208.16540 4.08338
2447228.99715 3.19229
2447249.82890 2.87886
2447270.66065 2.27497
2447291.49240 0.65609
2447312.32414 -0.90745
2447333.15589 -2.69443
2447353.98764 -4.23153
2447562.30513 -22.06441
2447583.13688 -14.17139
2447603.96863 -16.23872
2447624.80038 -16.04807
2447645.63213 -15.24291
2447666.46388 -9.86158
2447687.29563 -12.12824
2447708.12738 -8.90810
2447728.95913 -7.92234
2447937.27662 -5.97617
2447958.10837 -8.55728
2447978.94011 -11.61390
2447999.77186 -12.15531
2448020.60361 -15.51896
2448041.43536 -17.34565
2448062.26711 -17.37827
2448083.09886 -18.88752
2448291.41635 -16.60896
2448312.24810 -14.04316
2448333.07985 -13.06756
2448353.91160 -12.48467
2448374.74335 -10.21680
2448395.57510 -8.39709
2448416.40684 -6.71202
2448437.23859 -5.60408
2448458.07034 -4.90902
2448666.38783 -18.25781
2448687.21958 -15.19492
2448708.05133 -15.75096
2448728.88308 -19.41278
2448749.71483 -20.26337
2448770.54658 -18.24870
2448791.37833 -18.96715
2448812.21008 -22.16763
2449020.52757 -5.07126
2449041.35932 -3.23145
2449062.19106 -1.75108
2449083.02281 -0.81315
2449103.85456 -0.17680
2449124.68631 0.10381
2449145.51806 0.05260
2449166.34981 -0.40515
2449187.18156 -1.06103
2449395.49905 -11.12877
2449416.33080 -15.17585
2449437.16255 -11.28941
2449457.99430 -11.47569
2449478.82605 -12.95200
2449499.65779 -7.62473
2449520.48954 -9.73637
2449541.32129 -6.02517
2449562.15304 -4.84048
2449749.63878 6.91027
2449770.47053 6.96396
2449791.30228 9.21795
2449812.13403 7.29885
2449832.96578 7.19948
2449853.79753 4.20303
2449874.62928 4.61743
2449895.46103 4.04886
2449916.29278 1.77826
2450124.61027 -1.73994
2450145.44202 -0.46673
2450166.27376 1.22152
2450187.10551 2.46160
2450207.93726 5.07443
2450228.76901 7.72464
2450249.60076 10.25397
2450270.43251 9.91195
2450291.26426 13.48473
2450478.75000 13.34836
2450499.58175 13.65703
2450520.41350 13.74952
2450541.24525 9.77338
2450562.07700 8.95101
2450582.90875 7.80679
2450603.74049 7.03483
2450624.57224 4.26393
2450645.40399 3.99818
2450853.72148 11.80361
2450874.55323 11.74636
2450895.38498 14.99076
2450916.21673 18.09623
2450937.04848 19.21495
2450957.88023 17.61169
2450978.71198 19.99983
2450999.54373 17.49248
2451020.37548 17.71910
2451228.69297 8.84259
2451249.52471 7.94575
2451270.35646 7.32398
2451291.18821 3.96661
2451312.01996 4.16199
2451332.85171 3.90806
2451353.68346 4.78033
2451374.51521 5.41963
2451582.83270 19.14336
2451603.66445 18.83717
2451624.49620 18.01944
2451645.32795 15.18068
2451666.15970 22.65609
2451686.99144 21.62871
2451707.82319 15.79638
2451728.65494 18.27686
2451749.48669 13.74591
2451957.80418 0.20408
2451978.63593 -0.00224
2451999.46768 0.14035
2452020.29943 0.61573
2452041.13118 1.19250
2452061.96293 2.21329
2452082.79468 4.04627
2452103.62643 3.87804
2452311.94392 12.50816
2452332.77567 11.39203
2452353.60741 8.28821
2452374.43916 8.38771
2452395.27091 5.98158
2452416.10266 4.43884
2452436.93441 2.36529
2452457.76616 0.69438
2452478.59791 -1.02030
2452686.91540 -6.43964
2452707.74715 -5.32277
2452728.57890 -3.76076
2452749.41065 -2.96282
2452770.24240 -1.29940
2452791.07414 0.06135
2452811.90589 1.21025
2452832.73764 2.52455
2453041.05513 -3.35599
2453061.88688 -5.25257
2453082.71863 -7.87070
2453103.55038 -9.25526
2453124.38213 -8.79236
2453145.21388 -10.85279
2453166.04563 -12.94719
2453186.87738 -13.66346
2453207.70913 -15.90846
2453416.02662 -7.53421
2453436.85837 -6.07646
2453457.69011 -4.76037
2453478.52186 -3.77196
2453499.35361 -3.46935
2453520.18536 -2.93908
2453541.01711 -2.21793
2453561.84886 -3.00102
2453770.16635 -15.05635
2453790.99810 -17.30702
2453811.82985 -17.01917
2453832.66160 -16.34248
2453853.49335 -16.59686
2453874.32510 -20.90495
2453895.15684 -18.73364
2453915.98859 -20.33848
2453936.82034 -18.05156
2454145.13783 -4.61866
2454165.96958 -4.21852
2454186.80133 -4.36783
2454207.63308 -3.46011
2454228.46483 -4.72022
2454249.29658 -4.84700
2454270.12833 -6.34931
2454290.96008 -6.96786
2454499.27757 -18.48967
2454520.10932 -15.01909
2454540.94106 -13.87459
2454561.77281 -14.73089
2454582.60456 -14.15904
2454603.43631 -12.39897
2454624.26806 -10.24458
2454645.09981 -9.19193
2454665.93156 -6.59135
2454874.24905 -0.71845
2454895.08080 -1.77736
2454915.91255 -2.56850
2454936.74430 -3.37556
2454957.57605 -4.37205
2454978.40779 -5.64488
2454999.23954 -7.20178
2455020.07129 -7.81697
2455040.90304 -7.96169
2455228.38878 -8.04148
2455249.22053 -5.46388
2455270.05228 -3.92161
2455290.88403 -2.09969
2455311.71578 -0.23549
2455332.54753 1.10636
2455353.37928 2.59565
2455374.21103 4.64311
2455395.04278 4.87549
2455603.36027 1.97612
2455624.19202 0.65456
2455645.02376 -0.49076
2455665.85551 -1.49405
2455686.68726 -1.99882
2455707.51901 -3.21895
2455728.35076 -3.05619
2455749.18251 -3.26214
2455770.01426 -3.22104
2455957.50000 8.33488
