2445000.00000 18.39787
2445020.83175 13.29513
2445041.66350 13.98430
2445062.49525 20.96758
2445083.32700 24.34624
2445104.15875 22.65795
2445124.99049 18.17155
2445145.82224 16.76287
2445166.65399 21.44396
2445374.97148 35.34002
2445395.80323 33.99550
2445416.63498 31.35284
2445437.46673 29.47352
2445458.29848 34.33731
2445479.13023 37.69696
2445499.96198 32.36182
2445520.79373 26.75205
2445541.62548 24.94800
2445749.94297 15.04109
2445770.77471 18.92956
2445791.60646 20.61635
2445812.43821 15.14880
2445833.26996 9.13329
2445854.10171 11.64162
2445874.93346 11.48203
2445895.76521 13.14003
2446104.08270 7.30913
2446124.91445 2.05728
2446145.74620 1.67637
2446166.57795 6.58726
2446187.40970 8.37842
2446208.24144 8.69057
2446229.07319 3.98366
2446249.90494 4.64513
2446270.73669 9.58338
2446479.05418 25.91956
2446499.88593 25.84190
2446520.71768 24.90079
2446541.54943 24.56689
2446562.38118 23.40430
2446583.21293 30.91395
2446604.04468 36.55569
2446624.87643 26.49599
2446833.19392 28.40156
2446854.02567 28.41355
2446874.85741 35.79026
2446895.68916 36.88375
2446916.52091 29.63103
2446937.35266 22.48848
2446958.18441 25.16344
2446979.01616 27.42461
2446999.84791 29.41086
2447208.16540 18.42798
2447228.99715 10.05874
2447249.82890 6.75844
2447270.66065 9.74899
2447291.49240 13.47685
2447312.32414 11.10516
2447333.15589 4.32555
2447353.98764 2.41176
2447562.30513 3.66695
2447583.13688 7.28258
2447603.96863 10.70447
2447624.80038 8.50700
2447645.63213 4.18192
2447666.46388 7.51363
2447687.29563 13.92929
2447708.12738 18.58343
2447728.95913 11.42978
2447937.27662 23.72904
2447958.10837 20.76019
2447978.94011 29.63824
2447999.77186 30.88040
2448020.60361 27.62867
2448041.43536 26.91837
2448062.26711 27.95154
2448083.09886 31.11017
2448291.41635 28.52215
2448312.24810 31.58204
2448333.07985 27.61730
2448353.91160 25.35868
2448374.74335 24.05169
2448395.57510 26.81950
2448416.40684 23.06256
2448437.23859 21.18455
2448458.07034 15.41523
2448666.38783 4.71394
2448687.21958 8.38580
2448708.05133 12.26204
2448728.88308 6.89624
2448749.71483 1.60889
2448770.54658 2.36341
2448791.37833 7.35197
2448812.21008 8.30447
2449020.52757 13.04867
2449041.35932 8.08008
2449062.19106 8.32599
2449083.02281 15.23889
2449103.85456 17.79186
2449124.68631 19.36578
2449145.51806 13.78126
2449166.34981 11.07466
2449187.18156 17.38486
2449395.49905 27.83639
2449416.33080 33.52957
2449437.16255 32.55600
2449457.99430 27.91197
2449478.82605 30.44231
2449499.65779 37.34301
2449520.48954 33.03832
2449541.32129 36.54501
2449562.15304 26.34157
2449749.63878 27.70662
2449770.47053 20.39367
2449791.30228 19.91503
2449812.13403 20.58005
2449832.96578 24.32772
2449853.79753 14.97472
2449874.62928 13.80358
2449895.46103 20.28990
2449916.29278 18.34184
2450124.61027 9.05919
2450145.44202 4.29559
2450166.27376 0.26199
2450187.10551 3.21176
2450207.93726 9.81779
2450228.76901 7.20370
2450249.60076 2.75358
2450270.43251 0.70350
2450291.26426 5.01093
2450478.75000 10.69377
2450499.58175 16.65713
2450520.41350 22.06049
2450541.24525 16.49426
2450562.07700 15.61730
2450582.90875 14.54678
2450603.74049 25.90657
2450624.57224 26.50607
2450645.40399 24.58813
2450853.72148 36.17941
2450874.55323 31.99759
2450895.38498 32.35558
2450916.21673 32.69473
2450937.04848 37.07649
2450957.88023 34.33925
2450978.71198 28.46717
2450999.54373 27.90431
2451020.37548 38.09021
2451228.69297 26.00972
2451249.52471 17.77295
2451270.35646 10.62138
2451291.18821 13.54326
2451312.01996 18.93014
2451332.85171 16.58980
2451353.68346 11.60558
2451374.51521 5.05326
2451582.83270 0.74220
2451603.66445 4.97757
2451624.49620 9.61508
2451645.32795 6.98342
2451666.15970 2.24843
2451686.99144 2.88526
2451707.82319 8.98359
2451728.65494 11.90453
2451749.48669 9.38802
2451957.80418 18.85565
2451978.63593 20.63557
2451999.46768 22.45187
2452020.29943 29.58568
2452041.13118 24.22283
2452061.96293 28.04283
2452082.79468 22.61319
2452103.62643 30.57255
2452311.94392 32.57733
2452332.77567 30.79991
2452353.60741 30.89400
2452374.43916 29.77894
2452395.27091 30.87163
2452416.10266 38.14898
2452436.93441 35.03087
2452457.76616 26.51950
2452478.59791 24.70993
2452686.91540 10.52631
2452707.74715 13.97962
2452728.57890 14.85295
2452749.41065 12.79802
2452770.24240 6.78661
2452791.07414 4.07315
2452811.90589 7.27167
2452832.73764 11.67192
2453041.05513 11.12947
2453061.88688 7.46973
2453082.71863 2.54619
2453103.55038 5.83343
2453124.38213 13.38625
2453145.21388 13.07105
2453166.04563 8.50834
2453186.87738 8.27663
2453207.70913 12.95130
2453416.02662 25.09162
2453436.85837 27.64697
2453457.69011 31.87287
2453478.52186 20.27315
2453499.35361 29.37872
2453520.18536 35.28529
2453541.01711 31.69725
2453561.84886 29.50677
2453770.16635 29.27092
2453790.99810 27.52426
2453811.82985 27.00388
2453832.66160 29.06250
2453853.49335 27.86172
2453874.32510 23.74673
2453895.15684 17.93230
2453915.98859 22.56408
2453936.82034 32.29319
2454145.13783 12.68043
2454165.96958 9.97103
2454186.80133 4.71452
2454207.63308 5.07067
2454228.46483 9.62397
2454249.29658 12.27985
2454270.12833 5.41120
2454290.96008 1.33216
2454499.27757 4.57131
2454520.10932 8.52255
2454540.94106 15.08565
2454561.77281 13.75279
2454582.60456 8.24790
2454603.43631 9.46348
2454624.26806 16.54460
2454645.09981 24.24916
2454665.93156 22.40481
2454874.24905 31.28993
2454895.08080 27.62066
2454915.91255 37.06955
2454936.74430 32.43782
2454957.57605 31.64115
2454978.40779 27.65655
2454999.23954 25.71163
2455020.07129 28.00163
2455040.90304 34.19421
2455228.38878 27.63773
2455249.22053 29.19703
2455270.05228 23.43043
2455290.88403 18.27128
2455311.71578 15.60442
2455332.54753 21.64136
2455353.37928 27.17601
2455374.21103 18.89117
2455395.04278 13.09548
2455603.36027 2.82472
2455624.19202 5.61830
2455645.02376 10.04544
2455665.85551 8.37330
2455686.68726 4.19211
2455707.51901 2.26934
2455728.35076 5.47906
2455749.18251 9.77897
2455770.01426 8.47414
2455957.50000 16.94523
