2445000.00000 76.70663
2445020.83175 26.31400
2445041.66350 67.56325
2445062.49525 62.26430
2445083.32700 37.44146
2445104.15875 80.65405
2445124.99049 25.44551
2445145.82224 98.07479
2445166.65399 58.96888
2445374.97148 58.84462
2445395.80323 120.10640
2445416.63498 70.56389
2445437.46673 89.82936
2445458.29848 128.19712
2445479.13023 62.02196
2445499.96198 112.59276
2445520.79373 93.25871
2445541.62548 121.18350
2445749.94297 113.74073
2445770.77471 75.94709
2445791.60646 119.52398
2445812.43821 123.49576
2445833.26996 78.08357
2445854.10171 141.52841
2445874.93346 77.70847
2445895.76521 111.96175
2446104.08270 110.43021
2446124.91445 50.71061
2446145.74620 120.46843
2446166.57795 65.28084
2446187.40970 51.13963
2446208.24144 86.17330
2446229.07319 40.25235
2446249.90494 89.28144
2446270.73669 52.58343
2446479.05418 15.45461
2446499.88593 73.46032
2446520.71768 27.42260
2446541.54943 35.86203
2446562.38118 59.64358
2446583.21293 8.79068
2446604.04468 65.15178
2446624.87643 12.02292
2446833.19392 1.52457
2446854.02567 65.21375
2446874.85741 11.00736
2446895.68916 35.00395
2446916.52091 38.70468
2446937.35266 10.88002
2446958.18441 57.94690
2446979.01616 4.62348
2446999.84791 52.47722
2447208.16540 70.89604
2447228.99715 24.02490
2447249.82890 75.48617
2447270.66065 51.99753
2447291.49240 39.18423
2447312.32414 81.46386
2447333.15589 29.72021
2447353.98764 79.69063
2447562.30513 103.03426
2447583.13688 49.89621
2447603.96863 105.73288
2447624.80038 82.89143
2447645.63213 95.13588
2447666.46388 91.98995
2447687.29563 62.16759
2447708.12738 136.54561
2447728.95913 71.45352
2447937.27662 71.83214
2447958.10837 124.97029
2447978.94011 62.72483
2447999.77186 115.39737
2448020.60361 91.31154
2448041.43536 96.01425
2448062.26711 131.40402
2448083.09886 67.78037
2448291.41635 60.13349
2448312.24810 110.82161
2448333.07985 51.99623
2448353.91160 95.70707
2448374.74335 79.15953
2448395.57510 63.92705
2448416.40684 93.75504
2448437.23859 35.01272
2448458.07034 93.20038
2448666.38783 74.93445
2448687.21958 16.50539
2448708.05133 62.26963
2448728.88308 31.81452
2448749.71483 47.71409
2448770.54658 44.17478
2448791.37833 14.43481
2448812.21008 66.02130
2449020.52757 47.29905
2449041.35932 5.60911
2449062.19106 52.81387
2449083.02281 8.76561
2449103.85456 42.17541
2449124.68631 38.34167
2449145.51806 16.15561
2449166.34981 56.70454
2449187.18156 6.00223
2449395.49905 24.21443
2449416.33080 74.44518
2449437.16255 19.35698
2449457.99430 67.78445
2449478.82605 44.58227
2449499.65779 50.18030
2449520.48954 54.03855
2449541.32129 36.65988
2449562.15304 97.49845
2449749.63878 63.02127
2449770.47053 96.44085
2449791.30228 47.57941
2449812.13403 107.56552
2449832.96578 66.86527
2449853.79753 88.12132
2449874.62928 90.00196
2449895.46103 58.25383
2449916.29278 115.29543
2450124.61027 107.01027
2450145.44202 74.06510
2450166.27376 119.12250
2450187.10551 70.30474
2450207.93726 140.13414
2450228.76901 95.61074
2450249.60076 83.10462
2450270.43251 123.26508
2450291.26426 57.79800
2450478.75000 75.42850
2450499.58175 61.94068
2450520.41350 106.49214
2450541.24525 51.72556
2450562.07700 95.21331
2450582.90875 73.65146
2450603.74049 81.09349
2450624.57224 78.76759
2450645.40399 49.39013
2450853.72148 48.42956
2450874.55323 74.81514
2450895.38498 26.26644
2450916.21673 73.05563
2450937.04848 25.07720
2450957.88023 59.85820
2450978.71198 48.43159
2450999.54373 22.94775
2451020.37548 60.21117
2451228.69297 42.09434
2451249.52471 10.60303
2451270.35646 58.32182
2451291.18821 6.09855
2451312.01996 39.10030
2451332.85171 24.48281
2451353.68346 20.54456
2451374.51521 56.02785
2451582.83270 38.68667
2451603.66445 36.42821
2451624.49620 68.52208
2451645.32795 18.34068
2451666.15970 60.50564
2451686.99144 32.28645
2451707.82319 52.69773
2451728.65494 75.07121
2451749.48669 31.22484
2451957.80418 71.11154
2451978.63593 100.32634
2451999.46768 53.31278
2452020.29943 101.14355
2452041.13118 67.61669
2452061.96293 110.41867
2452082.79468 87.95842
2452103.62643 79.18366
2452311.94392 98.90556
2452332.77567 101.20099
2452353.60741 78.11587
2452374.43916 125.94803
2452395.27091 71.65143
2452416.10266 120.91569
2452436.93441 87.17366
2452457.76616 80.86761
2452478.59791 110.39583
2452686.91540 87.55333
2452707.74715 63.58649
2452728.57890 90.87244
2452749.41065 57.30795
2452770.24240 92.44683
2452791.07414 73.38693
2452811.90589 90.96879
2452832.73764 80.25350
2453041.05513 44.37473
2453061.88688 63.29653
2453082.71863 65.65488
2453103.55038 27.01401
2453124.38213 78.39307
2453145.21388 25.87291
2453166.04563 48.94409
2453186.87738 41.22840
2453207.70913 33.66256
2453416.02662 36.11715
2453436.85837 37.47919
2453457.69011 14.50871
2453478.52186 58.60323
2453499.35361 3.26227
2453520.18536 48.12465
2453541.01711 21.53327
2453561.84886 25.27695
2453770.16635 49.84053
2453790.99810 27.96653
2453811.82985 32.12337
2453832.66160 58.49268
2453853.49335 18.01416
2453874.32510 83.04443
2453895.15684 26.89493
2453915.98859 53.75203
2453936.82034 60.20799
2454145.13783 56.10453
2454165.96958 71.25016
2454186.80133 88.17826
2454207.63308 51.41069
2454228.46483 110.58401
2454249.29658 55.54505
2454270.12833 103.55587
2454290.96008 73.28147
2454499.27757 86.72660
2454520.10932 98.40930
2454540.94106 98.78206
2454561.77281 92.19704
2454582.60456 126.61533
2454603.43631 79.89222
2454624.26806 110.86173
2454645.09981 95.37200
2454665.93156 103.60373
2454874.24905 134.31849
2454895.08080 79.80777
2454915.91255 87.36401
2454936.74430 104.63163
2454957.57605 72.06171
2454978.40779 107.59600
2454999.23954 56.90572
2455020.07129 83.19271
2455040.90304 88.73131
2455228.38878 96.41127
2455249.22053 36.50825
2455270.05228 68.53327
2455290.88403 67.02524
2455311.71578 33.74634
2455332.54753 82.75516
2455353.37928 23.22192
2455374.21103 63.70498
2455395.04278 39.48869
2455603.36027 5.32338
2455624.19202 47.85253
2455645.02376 32.53652
2455665.85551 17.69364
2455686.68726 54.24991
2455707.51901 0.72192
2455728.35076 62.33688
2455749.18251 11.76796
2455770.01426 30.36457
2455957.50000 4.64682
