2445000.00000 15.59141
2445020.83175 3.34788
2445041.66350 11.98085
2445062.49525 8.56736
2445083.32700 4.53571
2445104.15875 13.14602
2445124.99049 1.03584
2445145.82224 15.63163
2445166.65399 2.40078
2445374.97148 0.36639
2445395.80323 8.95490
2445416.63498 -2.87461
2445437.46673 10.54257
2445458.29848 -0.42631
2445479.13023 4.57670
2445499.96198 5.42844
2445520.79373 -2.65787
2445541.62548 7.93640
2445749.94297 -4.71827
2445770.77471 -2.65806
2445791.60646 1.18989
2445812.43821 -8.31722
2445833.26996 4.86918
2445854.10171 -10.75440
2445874.93346 1.19550
2445895.76521 -7.40934
2446104.08270 -15.13285
2446124.91445 -0.20575
2446145.74620 -14.43288
2446166.57795 -4.73192
2446187.40970 -8.49012
2446208.24144 -12.49522
2446229.07319 -2.78358
2446249.90494 -15.35980
2446270.73669 -1.62194
2446479.05418 -10.13368
2446499.88593 -15.03926
2446520.71768 -3.71186
2446541.54943 -16.34743
2446562.38118 -3.10928
2446583.21293 -15.34591
2446604.04468 -8.39845
2446624.87643 -7.78636
2446833.19392 -15.43425
2446854.02567 -0.42338
2446874.85741 -10.01375
2446895.68916 -6.58851
2446916.52091 -3.12681
2446937.35266 -11.50234
2446958.18441 2.06688
2446979.01616 -13.99814
2446999.84791 1.35995
2447208.16540 3.70400
2447228.99715 -7.01035
2447249.82890 7.97906
2447270.66065 -7.19502
2447291.49240 6.08894
2447312.32414 -0.50624
2447333.15589 0.00171
2447353.98764 6.54207
2447562.30513 -0.52282
2447583.13688 10.47524
2447603.96863 6.41850
2447624.80038 3.98224
2447645.63213 14.15571
2447666.46388 -0.15579
2447687.29563 15.97610
2447708.12738 1.97467
2447728.95913 12.32376
2447937.27662 18.92045
2447958.10837 2.66552
2447978.94011 17.52507
2447999.77186 5.69676
2448020.60361 12.70083
2448041.43536 13.87275
2448062.26711 4.52205
2448083.09886 19.49803
2448291.41635 6.08812
2448312.24810 10.26991
2448333.07985 11.70995
2448353.91160 2.03190
2448374.74335 16.05636
2448395.57510 0.07016
2448416.40684 13.28433
2448437.23859 5.35290
2448458.07034 6.10435
2448666.38783 11.41301
2448687.21958 -4.57140
2448708.05133 7.40077
2448728.88308 0.55860
2448749.71483 -0.60724
2448770.54658 7.66611
2448791.37833 -7.57127
2448812.21008 9.38125
2449020.52757 -3.64364
2449041.35932 -9.92743
2449062.19106 2.09194
2449083.02281 -9.68180
2449103.85456 2.18481
2449124.68631 -11.98523
2449145.51806 -3.95062
2449166.34981 -5.17710
2449187.18156 -12.80964
2449395.49905 -1.99068
2449416.33080 -14.09235
2449437.16255 -8.32420
2449457.99430 -6.88451
2449478.82605 -16.92778
2449499.65779 -2.48556
2449520.48954 -18.78848
2449541.32129 -4.16690
2449562.15304 -14.49001
2449749.63878 -7.31822
2449770.47053 -16.80628
2449791.30228 -1.80006
2449812.13403 -19.07724
2449832.96578 -4.00154
2449853.79753 -13.79742
2449874.62928 -10.14349
2449895.46103 -4.43833
2449916.29278 -18.10374
2450124.61027 -0.89557
2450145.44202 -5.84602
2450166.27376 -7.81969
2450187.10551 1.27207
2450207.93726 -10.92188
2450228.76901 4.78076
2450249.60076 -10.12140
2450270.43251 0.87271
2450291.26426 -2.92437
2450478.75000 8.11523
2450499.58175 -5.63625
2450520.41350 9.26132
2450541.24525 -2.87045
2450562.07700 4.70888
2450582.90875 5.01130
2450603.74049 -0.85944
2450624.57224 12.39960
2450645.40399 -3.62814
2450853.72148 7.33467
2450874.55323 12.55715
2450895.38498 2.30941
2450916.21673 14.61293
2450937.04848 1.10107
2450957.88023 15.14171
2450978.71198 5.50548
2450999.54373 10.00535
2451020.37548 11.44172
2451228.69297 3.03805
2451249.52471 14.76321
2451270.35646 7.07113
2451291.18821 6.77133
2451312.01996 14.72666
2451332.85171 2.31710
2451353.68346 17.58945
2451374.51521 2.50647
2451582.83270 3.90902
2451603.66445 11.17565
2451624.49620 -0.93316
2451645.32795 10.55631
2451666.15970 0.01604
2451686.99144 7.11103
2451707.82319 5.16946
2451728.65494 1.28998
2451749.48669 9.56106
2451957.80418 -3.56966
2451978.63593 1.88767
2451999.46768 1.43538
2452020.29943 -4.24973
2452041.13118 4.74011
2452061.96293 -9.55805
2452082.79468 4.69450
2452103.62643 -5.51450
2452311.94392 -11.39420
2452332.77567 1.25143
2452353.60741 -12.63404
2452374.43916 -0.99432
2452395.27091 -8.81617
2452416.10266 -5.91092
2452436.93441 -3.19199
2452457.76616 -13.34683
2452478.59791 -0.37862
2452686.91540 -9.72689
2452707.74715 -8.10892
2452728.57890 -4.70331
2452749.41065 -14.03695
2452770.24240 -1.63732
2452791.07414 -13.57045
2452811.90589 -3.76705
2452832.73764 -8.66241
2453041.05513 -11.77447
2453061.88688 -1.03650
2453082.71863 -11.04687
2453103.55038 -4.82290
2453124.38213 -5.78303
2453145.21388 -9.42569
2453166.04563 -0.56624
2453186.87738 -11.76084
2453207.70913 0.46495
2453416.02662 -0.60540
2453436.85837 -6.35578
2453457.69011 3.50488
2453478.52186 -8.14548
2453499.35361 4.10154
2453520.18536 -4.06868
2453541.01711 -0.12433
2453561.84886 1.80069
2453770.16635 -3.21016
2453790.99810 7.13312
2453811.82985 1.40991
2453832.66160 2.62667
2453853.49335 6.00591
2453874.32510 -0.82446
2453895.15684 10.02263
2453915.98859 -0.66975
2453936.82034 10.30020
2454145.13783 10.55889
2454165.96958 1.36827
2454186.80133 11.17675
2454207.63308 2.37283
2454228.46483 9.02900
2454249.29658 6.14169
2454270.12833 4.81816
2454290.96008 12.09891
2454499.27757 2.80016
2454520.10932 8.56835
2454540.94106 6.46525
2454561.77281 3.38164
2454582.60456 10.59921
2454603.43631 0.77306
2454624.26806 9.63374
2454645.09981 2.42058
2454665.93156 7.21415
2454874.24905 6.64490
2454895.08080 -1.73355
2454915.91255 6.74880
2454936.74430 0.49386
2454957.57605 2.91105
2454978.40779 4.04663
2454999.23954 -2.18904
2455020.07129 8.35908
2455040.90304 -3.21746
2455228.38878 -2.05405
2455249.22053 -1.91703
2455270.05228 1.50605
2455290.88403 -5.30377
2455311.71578 3.53445
2455332.54753 -6.67461
2455353.37928 0.59019
2455374.21103 -3.60402
2455395.04278 -3.91322
2455603.36027 -0.06424
2455624.19202 -7.92764
2455645.02376 -3.56853
2455665.85551 -4.85036
2455686.68726 -6.78352
2455707.51901 -1.68490
2455728.35076 -9.66984
2455749.18251 -0.95508
2455770.01426 -8.95610
2455957.50000 -4.70581
