2445000.00000 22.69782
2445020.83175 19.82184
2445041.66350 18.87163
2445062.49525 26.69370
2445083.32700 18.99650
2445104.15875 26.82238
2445124.99049 15.38309
2445145.82224 25.41649
2445166.65399 13.41157
2445374.97148 7.94605
2445395.80323 26.80529
2445416.63498 9.13529
2445437.46673 31.19362
2445458.29848 10.01194
2445479.13023 21.72500
2445499.96198 12.16789
2445520.79373 18.62214
2445541.62548 12.41855
2445749.94297 25.83998
2445770.77471 6.11663
2445791.60646 25.60997
2445812.43821 4.06265
2445833.26996 23.13149
2445854.10171 3.07019
2445874.93346 27.14885
2445895.76521 2.61490
2446104.08270 8.84774
2446124.91445 20.07980
2446145.74620 12.86379
2446166.57795 16.65942
2446187.40970 14.13168
2446208.24144 12.96748
2446229.07319 21.68854
2446249.90494 13.82388
2446270.73669 23.13942
2446479.05418 36.76441
2446499.88593 6.43684
2446520.71768 32.53049
2446541.54943 9.53442
2446562.38118 24.85166
2446583.21293 9.44547
2446604.04468 30.43228
2446624.87643 13.22748
2446833.19392 27.19382
2446854.02567 20.35309
2446874.85741 31.40506
2446895.68916 16.93842
2446916.52091 28.17835
2446937.35266 15.20508
2446958.18441 38.34544
2446979.01616 12.77133
2446999.84791 38.57089
2447208.16540 30.02746
2447228.99715 16.35139
2447249.82890 31.85904
2447270.66065 17.90557
2447291.49240 28.78646
2447312.32414 20.36177
2447333.15589 23.93690
2447353.98764 15.55410
2447562.30513 34.57592
2447583.13688 6.02282
2447603.96863 28.94758
2447624.80038 6.10576
2447645.63213 30.86324
2447666.46388 6.43050
2447687.29563 33.04175
2447708.12738 6.90520
2447728.95913 26.03568
2447937.27662 11.62088
2447958.10837 18.77857
2447978.94011 9.69341
2447999.77186 19.45720
2448020.60361 7.26829
2448041.43536 21.26500
2448062.26711 5.50682
2448083.09886 20.62858
2448291.41635 24.56973
2448312.24810 5.31194
2448333.07985 26.85800
2448353.91160 6.50852
2448374.74335 23.29384
2448395.57510 7.87628
2448416.40684 18.35241
2448437.23859 13.18900
2448458.07034 15.27152
2448666.38783 8.84416
2448687.21958 37.38658
2448708.05133 8.54135
2448728.88308 32.52104
2448749.71483 7.69433
2448770.54658 35.05246
2448791.37833 8.23069
2448812.21008 32.33694
2449020.52757 25.41927
2449041.35932 21.57192
2449062.19106 20.13339
2449083.02281 21.73825
2449103.85456 19.90793
2449124.68631 29.89665
2449145.51806 16.90768
2449166.34981 32.04204
2449187.18156 14.55830
2449395.49905 10.61542
2449416.33080 36.00848
2449437.16255 11.16487
2449457.99430 32.30157
2449478.82605 15.51141
2449499.65779 32.27303
2449520.48954 15.58063
2449541.32129 29.06675
2449562.15304 15.14637
2449749.63878 11.32404
2449770.47053 27.89097
2449791.30228 9.18356
2449812.13403 32.81732
2449832.96578 6.24211
2449853.79753 27.84361
2449874.62928 5.04519
2449895.46103 28.34057
2449916.29278 4.41187
2450124.61027 9.07883
2450145.44202 16.81408
2450166.27376 12.66687
2450187.10551 16.96252
2450207.93726 14.82761
2450228.76901 11.86096
2450249.60076 14.32010
2450270.43251 9.30191
2450291.26426 17.81164
2450478.75000 1.43823
2450499.58175 29.17956
2450520.41350 1.85809
2450541.24525 29.55540
2450562.07700 2.84148
2450582.90875 29.17623
2450603.74049 5.06269
2450624.57224 26.03150
2450645.40399 6.73800
2450853.72148 23.11166
2450874.55323 14.37896
2450895.38498 22.25989
2450916.21673 12.79220
2450937.04848 30.58182
2450957.88023 8.28178
2450978.71198 29.99397
2450999.54373 8.79571
2451020.37548 31.86025
2451228.69297 33.00280
2451249.52471 17.13483
2451270.35646 28.00660
2451291.18821 17.02521
2451312.01996 29.95009
2451332.85171 20.29418
2451353.68346 22.54668
2451374.51521 22.98175
2451582.83270 34.74152
2451603.66445 9.27426
2451624.49620 41.00031
2451645.32795 9.72864
2451666.15970 38.02720
2451686.99144 9.62505
2451707.82319 37.94854
2451728.65494 10.75975
2451749.48669 27.33262
2451957.80418 16.05136
2451978.63593 19.06992
2451999.46768 13.15435
2452020.29943 21.97143
2452041.13118 12.85879
2452061.96293 24.62193
2452082.79468 7.80333
2452103.62643 24.86178
2452311.94392 22.64823
2452332.77567 3.40350
2452353.60741 24.20262
2452374.43916 4.96975
2452395.27091 21.01712
2452416.10266 7.67372
2452436.93441 18.27935
2452457.76616 8.86863
2452478.59791 14.30355
2452686.91540 3.90960
2452707.74715 25.12127
2452728.57890 2.25610
2452749.41065 27.15916
2452770.24240 2.17341
2452791.07414 32.51407
2452811.90589 2.21901
2452832.73764 30.45856
2453041.05513 20.08036
2453061.88688 15.34896
2453082.71863 20.42417
2453103.55038 19.60398
2453124.38213 17.61223
2453145.21388 26.54346
2453166.04563 12.31651
2453186.87738 25.83256
2453207.70913 13.49991
2453416.02662 10.92489
2453436.85837 37.51092
2453457.69011 11.07562
2453478.52186 33.90576
2453499.35361 13.82888
2453520.18536 32.82519
2453541.01711 16.03537
2453561.84886 37.03647
2453770.16635 14.29058
2453790.99810 32.86693
2453811.82985 10.78102
2453832.66160 32.77934
2453853.49335 14.08440
2453874.32510 34.95772
2453895.15684 10.89335
2453915.98859 35.71576
2453936.82034 9.37565
2454145.13783 11.47056
2454165.96958 23.45143
2454186.80133 14.89642
2454207.63308 20.59211
2454228.46483 16.90320
2454249.29658 15.97945
2454270.12833 20.94621
2454290.96008 12.62898
2454499.27757 0.90348
2454520.10932 28.22454
2454540.94106 0.75818
2454561.77281 27.55807
2454582.60456 1.27401
2454603.43631 25.64605
2454624.26806 2.25243
2454645.09981 23.83755
2454665.93156 4.10514
2454874.24905 20.09011
2454895.08080 7.32929
2454915.91255 24.50654
2454936.74430 6.58765
2454957.57605 26.42425
2454978.40779 4.30401
2454999.23954 28.92231
2455020.07129 3.89947
2455040.90304 25.67785
2455228.38878 9.04386
2455249.22053 31.75644
2455270.05228 11.31661
2455290.88403 24.42442
2455311.71578 17.43899
2455332.54753 21.86849
2455353.37928 16.62747
2455374.21103 19.88654
2455395.04278 19.57094
2455603.36027 41.55930
2455624.19202 9.52693
2455645.02376 36.70112
2455665.85551 10.12802
2455686.68726 45.07506
2455707.51901 12.07123
2455728.35076 34.71525
2455749.18251 12.01389
2455770.01426 41.34909
2455957.50000 23.77634
