2445000.00000 2.24502
2445020.83175 -13.49726
2445041.66350 4.14297
2445062.49525 4.41249
2445083.32700 -0.42658
2445104.15875 1.74592
2445124.99049 -12.04388
2445145.82224 4.60519
2445166.65399 8.77865
2445374.97148 8.81253
2445395.80323 -12.13344
2445416.63498 -1.55032
2445437.46673 5.84657
2445458.29848 0.09932
2445479.13023 4.95680
2445499.96198 -11.69960
2445520.79373 -2.46966
2445541.62548 10.57561
2445749.94297 10.59858
2445770.77471 -5.18771
2445791.60646 -7.04546
2445812.43821 4.90484
2445833.26996 -0.44539
2445854.10171 7.76028
2445874.93346 -5.61833
2445895.76521 -8.73789
2446104.08270 -5.62540
2446124.91445 10.04589
2446145.74620 0.74897
2446166.57795 -9.10029
2446187.40970 2.58589
2446208.24144 -1.76503
2446229.07319 8.52734
2446249.90494 0.63274
2446270.73669 -13.85460
2446479.05418 -9.66240
2446499.88593 7.78223
2446520.71768 8.32477
2446541.54943 -9.37337
2446562.38118 0.21664
2446583.21293 -3.29555
2446604.04468 6.03316
2446624.87643 8.28662
2446833.19392 2.93157
2446854.02567 -9.29933
2446874.85741 0.70831
2446895.68916 10.29791
2446916.52091 -5.53054
2446937.35266 -0.81226
2446958.18441 -4.31664
2446979.01616 0.61835
2446999.84791 12.09557
2447208.16540 4.41349
2447228.99715 -7.60188
2447249.82890 -6.37279
2447270.66065 13.64953
2447291.49240 -1.09146
2447312.32414 -0.71255
2447333.15589 -3.84926
2447353.98764 -5.56669
2447562.30513 -0.13971
2447583.13688 6.42606
2447603.96863 -1.85761
2447624.80038 -12.03397
2447645.63213 9.16074
2447666.46388 2.62622
2447687.29563 0.23022
2447708.12738 -0.96119
2447728.95913 -12.01722
2447937.27662 -0.91426
2447958.10837 4.89658
2447978.94011 5.11405
2447999.77186 -11.29118
2448020.60361 2.20391
2448041.43536 4.08802
2448062.26711 0.89524
2448083.09886 3.70029
2448291.41635 -1.53648
2448312.24810 -2.28998
2448333.07985 2.39178
2448353.91160 10.22506
2448374.74335 -10.82151
2448395.57510 -2.90591
2448416.40684 3.06606
2448437.23859 0.53387
2448458.07034 8.06781
2448666.38783 -2.87019
2448687.21958 -1.98734
2448708.05133 -2.68838
2448728.88308 13.16740
2448749.71483 -3.77473
2448770.54658 -8.78474
2448791.37833 2.62361
2448812.21008 -1.06071
2449020.52757 1.70782
2449041.35932 -2.55423
2449062.19106 -1.45452
2449083.02281 -8.00725
2449103.85456 11.21764
2449124.68631 2.68221
2449145.51806 -9.41764
2449166.34981 1.11011
2449187.18156 -4.16138
2449395.49905 5.16399
2449416.33080 -1.35530
2449437.16255 1.19156
2449457.99430 -10.02315
2449478.82605 5.01197
2449499.65779 9.04241
2449520.48954 -6.65389
2449541.32129 0.00016
2449562.15304 -4.38638
2449749.63878 -1.48851
2449770.47053 7.45086
2449791.30228 -0.46778
2449812.13403 3.09084
2449832.96578 -8.60614
2449853.79753 -1.62687
2449874.62928 11.83939
2449895.46103 -3.02454
2449916.29278 0.03064
2450124.61027 -6.69931
2450145.44202 5.92335
2450166.27376 -0.21088
2450187.10551 5.36646
2450207.93726 -6.23273
2450228.76901 -7.91432
2450249.60076 11.20220
2450270.43251 0.12345
2450291.26426 0.91446
2450478.75000 0.26750
2450499.58175 -8.85415
2450520.41350 3.28887
2450541.24525 -1.08670
2450562.07700 7.79536
2450582.90875 0.16210
2450603.74049 -12.63879
2450624.57224 5.88667
2450645.40399 2.55653
2450853.72148 7.35276
2450874.55323 -8.82017
2450895.38498 0.30676
2450916.21673 -2.00603
2450937.04848 5.36654
2450957.88023 6.72983
2450978.71198 -8.42998
2450999.54373 0.60346
2451020.37548 3.45884
2451228.69297 10.73689
2451249.52471 -4.93066
2451270.35646 -1.25316
2451291.18821 -3.06684
2451312.01996 0.74765
2451332.85171 10.98885
2451353.68346 -7.50621
2451374.51521 -3.72213
2451582.83270 -5.61889
2451603.66445 10.02851
2451624.49620 -1.42186
2451645.32795 -1.48106
2451666.15970 -2.75381
2451686.99144 -4.82562
2451707.82319 10.05742
2451728.65494 -1.65142
2451749.48669 -5.20654
2451957.80418 -10.36287
2451978.63593 7.06533
2451999.46768 2.46729
2452020.29943 -0.87740
2452041.13118 -0.78036
2452061.96293 -8.73112
2452082.79468 7.76607
2452103.62643 3.67367
2452311.94392 3.36710
2452332.77567 -9.14218
2452353.60741 2.81906
2452374.43916 4.95979
2452395.27091 -0.04023
2452416.10266 2.32520
2452436.93441 -8.26368
2452457.76616 2.96467
2452478.59791 7.70809
2452686.91540 6.85371
2452707.74715 -7.99322
2452728.57890 -2.56273
2452749.41065 4.48312
2452770.24240 0.16889
2452791.07414 5.19670
2452811.90589 -8.03030
2452832.73764 -2.88574
2453041.05513 -1.91445
2453061.88688 8.96542
2453082.71863 -3.62851
2453103.55038 -6.14891
2453124.38213 3.21492
2453145.21388 -0.59076
2453166.04563 7.83267
2453186.87738 -3.80950
2453207.70913 -8.80921
2453416.02662 -5.16613
2453436.85837 9.60446
2453457.69011 2.13761
2453478.52186 -6.97282
2453499.35361 1.28697
2453520.18536 -2.07515
2453541.01711 6.47537
2453561.84886 1.83493
2453770.16635 0.63154
2453790.99810 -6.30435
2453811.82985 4.85274
2453832.66160 6.76030
2453853.49335 -5.92043
2453874.32510 -0.07856
2453895.15684 -3.92067
2453915.98859 3.25723
2453936.82034 6.82684
2454145.13783 2.56235
2454165.96958 -6.71624
2454186.80133 -0.71087
2454207.63308 9.03496
2454228.46483 -3.11219
2454249.29658 -0.55965
2454270.12833 -4.05327
2454290.96008 -0.63637
2454499.27757 -0.15986
2454520.10932 4.11398
2454540.94106 -3.65119
2454561.77281 -4.91336
2454582.60456 8.36353
2454603.43631 -0.05442
2454624.26806 -0.15627
2454645.09981 -2.46506
2454665.93156 -5.80712
2454874.24905 -0.25402
2454895.08080 4.57585
2454915.91255 -0.18500
2454936.74430 -9.62808
2454957.57605 6.29064
2454978.40779 2.65426
2454999.23954 0.48671
2455020.07129 -0.10635
2455040.90304 -6.93925
2455228.38878 0.39633
2455249.22053 -0.97827
2455270.05228 3.28118
2455290.88403 3.87413
2455311.71578 -8.73330
2455332.54753 0.98838
2455353.37928 2.54305
2455374.21103 0.85840
2455395.04278 3.00203
2455603.36027 -1.30422
2455624.19202 -1.67435
2455645.02376 0.75974
2455665.85551 7.79047
2455686.68726 -6.20743
2455707.51901 -3.22115
2455728.35076 2.50642
2455749.18251 0.16702
2455770.01426 4.89062
2455957.50000 -1.36913
