2445000.00000 -7.51411
2445020.83175 -5.21430
2445041.66350 -5.08732
2445062.49525 -7.64479
2445083.32700 -2.53209
2445104.15875 -8.21671
2445124.99049 -0.70542
2445145.82224 -10.57581
2445166.65399 0.27533
2445374.97148 -7.80674
2445395.80323 1.30782
2445416.63498 -9.58438
2445437.46673 2.35854
2445458.29848 -7.96378
2445479.13023 2.55578
2445499.96198 -6.44641
2445520.79373 1.92512
2445541.62548 -5.58183
2445749.94297 4.84837
2445770.77471 -2.87007
2445791.60646 7.06142
2445812.43821 -0.93696
2445833.26996 4.33270
2445854.10171 2.05727
2445874.93346 2.06029
2445895.76521 4.76835
2446104.08270 8.23467
2446124.91445 4.12323
2446145.74620 5.13704
2446166.57795 5.77965
2446187.40970 3.10059
2446208.24144 9.83618
2446229.07319 0.95899
2446249.90494 11.11468
2446270.73669 0.24247
2446479.05418 8.27693
2446499.88593 1.13750
2446520.71768 11.55734
2446541.54943 -0.13205
2446562.38118 10.42349
2446583.21293 -0.31982
2446604.04468 9.76206
2446624.87643 0.63050
2446833.19392 9.11272
2446854.02567 -3.24655
2446874.85741 7.04194
2446895.68916 -2.72100
2446916.52091 5.16115
2446937.35266 -1.27238
2446958.18441 2.12358
2446979.01616 0.79021
2446999.84791 -1.02018
2447208.16540 -5.16330
2447228.99715 -0.92825
2447249.82890 -3.12565
2447270.66065 -4.13788
2447291.49240 -1.27994
2447312.32414 -6.75178
2447333.15589 0.52943
2447353.98764 -7.77212
2447562.30513 -4.38216
2447583.13688 -9.17628
2447603.96863 -2.08421
2447624.80038 -11.84294
2447645.63213 -0.47399
2447666.46388 -9.98703
2447687.29563 -0.30900
2447708.12738 -11.44865
2447728.95913 -1.26468
2447937.27662 -10.77909
2447958.10837 0.55258
2447978.94011 -11.46647
2447999.77186 0.14507
2448020.60361 -9.81370
2448041.43536 -1.38642
2448062.26711 -6.11219
2448083.09886 -3.08055
2448291.41635 -5.78819
2448312.24810 2.15711
2448333.07985 -2.62185
2448353.91160 0.33419
2448374.74335 0.08901
2448395.57510 -1.42737
2448416.40684 3.16237
2448437.23859 -3.83564
2448458.07034 6.79128
2448666.38783 2.36237
2448687.21958 5.85418
2448708.05133 0.31588
2448728.88308 8.88531
2448749.71483 -0.82542
2448770.54658 10.31156
2448791.37833 -0.98265
2448812.21008 11.82255
2449020.52757 0.90290
2449041.35932 11.04104
2449062.19106 0.27499
2449083.02281 9.49619
2449103.85456 0.70694
2449124.68631 9.73648
2449145.51806 2.03874
2449166.34981 5.97289
2449187.18156 5.58841
2449395.49905 10.76088
2449416.33080 0.45606
2449437.16255 6.07536
2449457.99430 2.02582
2449478.82605 3.70967
2449499.65779 4.59442
2449520.48954 0.64121
2449541.32129 6.92311
2449562.15304 -1.73185
2449749.63878 0.75840
2449770.47053 0.49812
2449791.30228 -2.64685
2449812.13403 2.57712
2449832.96578 -5.47524
2449853.79753 3.69445
2449874.62928 -7.40002
2449895.46103 3.92104
2449916.29278 -7.56663
2450124.61027 0.25613
2450145.44202 -8.89074
2450166.27376 0.76092
2450187.10551 -9.99884
2450207.93726 0.24003
2450228.76901 -9.62058
2450249.60076 -1.57165
2450270.43251 -9.47471
2450291.26426 -3.77691
2450478.75000 -0.49018
2450499.58175 -10.75358
2450520.41350 -1.65201
2450541.24525 -9.39788
2450562.07700 -3.74417
2450582.90875 -5.49948
2450603.74049 -6.22637
2450624.57224 -3.31266
2450645.40399 -8.69220
2450853.72148 -4.33743
2450874.55323 -2.68902
2450895.38498 -1.46526
2450916.21673 -5.21250
2450937.04848 1.09251
2450957.88023 -6.87822
2450978.71198 2.41337
2450999.54373 -6.84487
2451020.37548 4.27409
2451228.69297 -2.62133
2451249.52471 5.79089
2451270.35646 -3.29873
2451291.18821 7.08389
2451312.01996 -2.88605
2451332.85171 8.96762
2451353.68346 -1.41414
2451374.51521 6.31141
2451582.83270 -0.44740
2451603.66445 10.19832
2451624.49620 0.87959
2451645.32795 9.94991
2451666.15970 3.09526
2451686.99144 6.65374
2451707.82319 5.51668
2451728.65494 3.79313
2451749.48669 8.36639
2451957.80418 6.96444
2451978.63593 4.75539
2451999.46768 4.25051
2452020.29943 6.09768
2452041.13118 1.79661
2452061.96293 7.96138
2452082.79468 -0.18677
2452103.62643 10.59965
2452311.94392 -0.42606
2452332.77567 6.69863
2452353.60741 -2.87697
2452374.43916 7.07368
2452395.27091 -3.70516
2452416.10266 6.10123
2452436.93441 -4.19199
2452457.76616 5.01877
2452478.59791 -3.66626
2452686.91540 2.70860
2452707.74715 -8.16255
2452728.57890 1.63038
2452749.41065 -7.66353
2452770.24240 -0.41517
2452791.07414 -4.84721
2452811.90589 -2.88245
2452832.73764 -3.44780
2453041.05513 -2.18974
2453061.88688 -7.85149
2453082.71863 -4.50990
2453103.55038 -6.03063
2453124.38213 -7.66017
2453145.21388 -3.28123
2453166.04563 -9.63097
2453186.87738 -1.17780
2453207.70913 -8.69594
2453416.02662 -2.77346
2453436.85837 -8.01311
2453457.69011 -0.30325
2453478.52186 -7.51164
2453499.35361 0.98465
2453520.18536 -9.40410
2453541.01711 1.23347
2453561.84886 -8.73228
2453770.16635 4.13127
2453790.99810 -6.52058
2453811.82985 4.42985
2453832.66160 -5.20828
2453853.49335 4.50819
2453874.32510 -3.27889
2453895.15684 2.29553
2453915.98859 -0.31511
2453936.82034 0.85311
2454145.13783 -0.24610
2454165.96958 6.36331
2454186.80133 2.17166
2454207.63308 4.18353
2454228.46483 5.75332
2454249.29658 2.09534
2454270.12833 8.07992
2454290.96008 0.46858
2454499.27757 6.47295
2454520.10932 4.32188
2454540.94106 8.65318
2454561.77281 1.76132
2454582.60456 10.91208
2454603.43631 0.49860
2454624.26806 10.45492
2454645.09981 0.26116
2454665.93156 9.93149
2454874.24905 -0.83620
2454895.08080 7.41885
2454915.91255 -1.80663
2454936.74430 6.94310
2454957.57605 -1.18076
2454978.40779 6.32971
2454999.23954 0.14646
2455020.07129 4.82741
2455040.90304 1.97186
2455228.38878 -4.71204
2455249.22053 3.78979
2455270.05228 -3.82852
2455290.88403 1.24843
2455311.71578 -1.68862
2455332.54753 -1.79722
2455353.37928 0.16087
2455374.21103 -4.97444
2455395.04278 1.69874
2455603.36027 -4.10798
2455624.19202 -3.20519
2455645.02376 -5.97066
2455665.85551 -1.30695
2455686.68726 -9.15164
2455707.51901 -0.05571
2455728.35076 -11.35808
2455749.18251 0.09239
2455770.01426 -12.35162
2455957.50000 -9.24137
