2445000.00000 46.97788
2445020.83175 47.27371
2445041.66350 29.41938
2445062.49525 38.06773
2445083.32700 53.82735
2445104.15875 34.58555
2445124.99049 28.81787
2445145.82224 54.40659
2445166.65399 55.34448
2445374.97148 67.30049
2445395.80323 43.49371
2445416.63498 37.11296
2445437.46673 39.99367
2445458.29848 56.96795
2445479.13023 46.09819
2445499.96198 37.97994
2445520.79373 47.66451
2445541.62548 53.84963
2445749.94297 48.77780
2445770.77471 48.20182
2445791.60646 23.34044
2445812.43821 49.70807
2445833.26996 41.64516
2445854.10171 26.48953
2445874.93346 36.15479
2445895.76521 50.15357
2446104.08270 28.98612
2446124.91445 38.67835
2446145.74620 21.77310
2446166.57795 17.43453
2446187.40970 34.85609
2446208.24144 33.76042
2446229.07319 16.82554
2446249.90494 19.03926
2446270.73669 39.52597
2446479.05418 20.88226
2446499.88593 25.57626
2446520.71768 9.01923
2446541.54943 8.75791
2446562.38118 26.86035
2446583.21293 14.24390
2446604.04468 2.82723
2446624.87643 13.13886
2446833.19392 2.34623
2446854.02567 18.28559
2446874.85741 16.68090
2446895.68916 1.74549
2446916.52091 8.12308
2446937.35266 25.04391
2446958.18441 10.11583
2446979.01616 1.42857
2446999.84791 17.24870
2447208.16540 10.73948
2447228.99715 27.17573
2447249.82890 20.66009
2447270.66065 8.69977
2447291.49240 23.27341
2447312.32414 28.76686
2447333.15589 16.85812
2447353.98764 12.98831
2447562.30513 21.06652
2447583.13688 28.79283
2447603.96863 46.90790
2447624.80038 32.97493
2447645.63213 20.38734
2447666.46388 30.43935
2447687.29563 43.75193
2447708.12738 32.57397
2447728.95913 31.60307
2447937.27662 34.48162
2447958.10837 40.70093
2447978.94011 60.09155
2447999.77186 42.73501
2448020.60361 33.18667
2448041.43536 55.33429
2448062.26711 48.67230
2448083.09886 37.69594
2448291.41635 55.40737
2448312.24810 41.11673
2448333.07985 45.00733
2448353.91160 59.12720
2448374.74335 38.49581
2448395.57510 31.77185
2448416.40684 54.73090
2448437.23859 52.66447
2448458.07034 31.09394
2448666.38783 40.02437
2448687.21958 33.60796
2448708.05133 47.31958
2448728.88308 42.07941
2448749.71483 30.86713
2448770.54658 38.35130
2448791.37833 44.44357
2448812.21008 32.11514
2449020.52757 33.42937
2449041.35932 18.46539
2449062.19106 14.47454
2449083.02281 33.86172
2449103.85456 29.17940
2449124.68631 13.46312
2449145.51806 19.98136
2449166.34981 33.41866
2449187.18156 16.01355
2449395.49905 19.16163
2449416.33080 4.77416
2449437.16255 9.64635
2449457.99430 23.97550
2449478.82605 14.43956
2449499.65779 1.41406
2449520.48954 15.76060
2449541.32129 20.34881
2449562.15304 4.00304
2449749.63878 23.60144
2449770.47053 14.70878
2449791.30228 1.22785
2449812.13403 10.28980
2449832.96578 25.83431
2449853.79753 9.62729
2449874.62928 2.96810
2449895.46103 21.11006
2449916.29278 18.91871
2450124.61027 27.80036
2450145.44202 25.35685
2450166.27376 11.13999
2450187.10551 28.11340
2450207.93726 34.28128
2450228.76901 17.92305
2450249.60076 18.34386
2450270.43251 28.35195
2450291.26426 29.41589
2450478.75000 30.72443
2450499.58175 41.20880
2450520.41350 33.23404
2450541.24525 23.81137
2450562.07700 46.60096
2450582.90875 47.34520
2450603.74049 31.24743
2450624.57224 34.54522
2450645.40399 61.53867
2450853.72148 55.29702
2450874.55323 51.15794
2450895.38498 49.89472
2450916.21673 37.43590
2450937.04848 52.21108
2450957.88023 56.85665
2450978.71198 36.80643
2450999.54373 48.43729
2451020.37548 65.81085
2451228.69297 48.84195
2451249.52471 47.51441
2451270.35646 39.02837
2451291.18821 27.84317
2451312.01996 53.53652
2451332.85171 40.59297
2451353.68346 32.99617
2451374.51521 40.64678
2451582.83270 30.88339
2451603.66445 38.13588
2451624.49620 42.06563
2451645.32795 25.41371
2451666.15970 32.53921
2451686.99144 43.10166
2451707.82319 29.74828
2451728.65494 22.03917
2451749.48669 31.09291
2451957.80418 16.34311
2451978.63593 27.84574
2451999.46768 21.56925
2452020.29943 9.16977
2452041.13118 17.01185
2452061.96293 25.78083
2452082.79468 12.20772
2452103.62643 10.11721
2452311.94392 2.34275
2452332.77567 8.71555
2452353.60741 17.86159
2452374.43916 11.75780
2452395.27091 1.52142
2452416.10266 15.66759
2452436.93441 19.76303
2452457.76616 2.77177
2452478.59791 6.52854
2452686.91540 2.65024
2452707.74715 11.82258
2452728.57890 24.52753
2452749.41065 11.19778
2452770.24240 8.09509
2452791.07414 24.99688
2452811.90589 21.37493
2452832.73764 6.36437
2453041.05513 25.61201
2453061.88688 11.62283
2453082.71863 26.54267
2453103.55038 37.32066
2453124.38213 18.47321
2453145.21388 19.02939
2453166.04563 42.15408
2453186.87738 36.10988
2453207.70913 16.53502
2453416.02662 38.55175
2453436.85837 28.74736
2453457.69011 51.14346
2453478.52186 37.43790
2453499.35361 28.43013
2453520.18536 36.99343
2453541.01711 68.05664
2453561.84886 38.47169
2453770.16635 53.16706
2453790.99810 37.76551
2453811.82985 40.14934
2453832.66160 58.06405
2453853.49335 54.44161
2453874.32510 38.43887
2453895.15684 50.50120
2453915.98859 54.30026
2453936.82034 45.18215
2454145.13783 41.41585
2454165.96958 32.24829
2454186.80133 41.12448
2454207.63308 49.76414
2454228.46483 38.62498
2454249.29658 26.43960
2454270.12833 54.21914
2454290.96008 47.42446
2454499.27757 38.04103
2454520.10932 43.32916
2454540.94106 17.31775
2454561.77281 30.12639
2454582.60456 34.67991
2454603.43631 25.54912
2454624.26806 22.40399
2454645.09981 28.83834
2454665.93156 27.80434
2454874.24905 29.79008
2454895.08080 17.51376
2454915.91255 8.19628
2454936.74430 24.40503
2454957.57605 26.64462
2454978.40779 8.85754
2454999.23954 9.59223
2455020.07129 23.27054
2455040.90304 18.72813
2455228.38878 11.84114
2455249.22053 21.74325
2455270.05228 9.26923
2455290.88403 3.62872
2455311.71578 21.00932
2455332.54753 18.55106
2455353.37928 3.58621
2455374.21103 11.07981
2455395.04278 21.64615
2455603.36027 17.57652
2455624.19202 24.63302
2455645.02376 10.94274
2455665.85551 11.43745
2455686.68726 24.53730
2455707.51901 25.50623
2455728.35076 10.00054
2455749.18251 20.91744
2455770.01426 27.04834
2455957.50000 17.05483
