2445000.00000 -2.39953
2445020.83175 40.50928
2445041.66350 -2.42984
2445062.49525 29.30176
2445083.32700 -0.32411
2445104.15875 27.38227
2445124.99049 3.26276
2445145.82224 16.06577
2445166.65399 7.07528
2445374.97148 15.62139
2445395.80323 -29.78346
2445416.63498 14.19089
2445437.46673 -28.10973
2445458.29848 5.77075
2445479.13023 -29.59200
2445499.96198 0.21389
2445520.79373 -23.69469
2445541.62548 -8.98493
2445749.94297 -44.45383
2445770.77471 -4.37612
2445791.60646 -41.87847
2445812.43821 -4.83512
2445833.26996 -55.21941
2445854.10171 -7.66089
2445874.93346 -49.12689
2445895.76521 -11.84738
2446104.08270 -39.74447
2446124.91445 -4.01953
2446145.74620 -35.51699
2446166.57795 1.03526
2446187.40970 -44.61044
2446208.24144 3.43621
2446229.07319 -39.63635
2446249.90494 3.87978
2446270.73669 -38.61899
2446479.05418 10.47405
2446499.88593 -16.44826
2446520.71768 17.29205
2446541.54943 -15.58689
2446562.38118 26.70939
2446583.21293 -13.33433
2446604.04468 29.31313
2446624.87643 -11.46132
2446833.19392 26.35233
2446854.02567 15.62852
2446874.85741 30.42462
2446895.68916 10.54172
2446916.52091 49.88303
2446937.35266 5.52409
2446958.18441 42.94275
2446979.01616 5.01033
2446999.84791 59.20828
2447208.16540 28.74412
2447228.99715 28.33795
2447249.82890 18.22885
2447270.66065 34.92200
2447291.49240 10.81359
2447312.32414 45.63370
2447333.15589 3.22058
2447353.98764 35.31654
2447562.30513 16.13392
2447583.13688 0.87017
2447603.96863 8.77641
2447624.80038 6.08671
2447645.63213 -1.39951
2447666.46388 9.94664
2447687.29563 -10.38395
2447708.12738 11.33144
2447728.95913 -20.28544
2447937.27662 -29.47160
2447958.10837 -6.14625
2447978.94011 -29.02954
2447999.77186 -12.18291
2448020.60361 -20.52566
2448041.43536 -26.26550
2448062.26711 -19.66780
2448083.09886 -34.55189
2448291.41635 -49.99507
2448312.24810 -9.48769
2448333.07985 -40.68740
2448353.91160 -14.11637
2448374.74335 -45.69080
2448395.57510 -20.27554
2448416.40684 -23.59513
2448437.23859 -22.28223
2448458.07034 -23.85591
2448666.38783 7.53204
2448687.21958 -31.16642
2448708.05133 8.03291
2448728.88308 -28.55635
2448749.71483 5.03652
2448770.54658 -15.15451
2448791.37833 2.13887
2448812.21008 -8.13858
2449020.52757 33.22563
2449041.35932 -12.29100
2449062.19106 36.07801
2449083.02281 -5.88803
2449103.85456 34.71275
2449124.68631 -1.34380
2449145.51806 40.73950
2449166.34981 6.06103
2449187.18156 30.06727
2449395.49905 7.30845
2449416.33080 44.90642
2449437.16255 4.52401
2449457.99430 49.36679
2449478.82605 5.69241
2449499.65779 48.80510
2449520.48954 8.23896
2449541.32129 42.11547
2449562.15304 11.17250
2449749.63878 5.32424
2449770.47053 36.85259
2449791.30228 -1.16728
2449812.13403 46.81428
2449832.96578 -6.34122
2449853.79753 39.68753
2449874.62928 -8.43641
2449895.46103 32.96399
2449916.29278 -9.85764
2450124.61027 6.90099
2450145.44202 -21.20647
2450166.27376 10.04315
2450187.10551 -29.04166
2450207.93726 10.36023
2450228.76901 -35.13281
2450249.60076 10.73288
2450270.43251 -36.95378
2450291.26426 5.58571
2450478.75000 -23.10174
2450499.58175 -28.55166
2450520.41350 -18.55441
2450541.24525 -40.68590
2450562.07700 -14.25683
2450582.90875 -50.34911
2450603.74049 -7.24674
2450624.57224 -51.09382
2450645.40399 -7.30649
2450853.72148 -20.90432
2450874.55323 -23.87642
2450895.38498 -25.82773
2450916.21673 -16.58184
2450937.04848 -36.44553
2450957.88023 -6.55059
2450978.71198 -43.72150
2450999.54373 0.97093
2451020.37548 -45.58143
2451228.69297 -12.00916
2451249.52471 4.24871
2451270.35646 -1.71730
2451291.18821 0.44759
2451312.01996 9.17346
2451332.85171 -3.39007
2451353.68346 18.00866
2451374.51521 -7.30397
2451582.83270 4.84643
2451603.66445 38.45027
2451624.49620 12.29995
2451645.32795 29.96120
2451666.15970 19.92376
2451686.99144 24.67584
2451707.82319 33.52379
2451728.65494 19.97554
2451749.48669 35.99621
2451957.80418 47.99118
2451978.63593 9.15149
2451999.46768 37.13893
2452020.29943 15.64713
2452041.13118 36.63411
2452061.96293 18.14671
2452082.79468 30.72097
2452103.62643 25.78474
2452311.94392 35.71750
2452332.77567 -13.86307
2452353.60741 41.79834
2452374.43916 -12.29622
2452395.27091 21.66441
2452416.10266 -9.20075
2452436.93441 12.40671
2452457.76616 -8.41925
2452478.59791 2.11122
2452686.91540 -46.33659
2452707.74715 5.54340
2452728.57890 -39.81135
2452749.41065 1.75604
2452770.24240 -44.02394
2452791.07414 -4.18076
2452811.90589 -43.76317
2452832.73764 -11.38396
2453041.05513 -53.40264
2453061.88688 -6.61007
2453082.71863 -60.40770
2453103.55038 -6.04508
2453124.38213 -46.88877
2453145.21388 -5.40981
2453166.04563 -48.36656
2453186.87738 -6.90124
2453207.70913 -47.71944
2453416.02662 0.06721
2453436.85837 -28.06612
2453457.69011 6.05983
2453478.52186 -41.20142
2453499.35361 13.30486
2453520.18536 -38.31065
2453541.01711 14.13257
2453561.84886 -30.39977
2453770.16635 19.22829
2453790.99810 -1.10366
2453811.82985 25.66896
2453832.66160 -4.13669
2453853.49335 35.38399
2453874.32510 -5.23641
2453895.15684 49.29044
2453915.98859 -5.32079
2453936.82034 45.72004
2454145.13783 25.32882
2454165.96958 42.67398
2454186.80133 20.89021
2454207.63308 40.16143
2454228.46483 11.54283
2454249.29658 50.02022
2454270.12833 7.51904
2454290.96008 48.96987
2454499.27757 26.27840
2454520.10932 17.78139
2454540.94106 19.27511
2454561.77281 24.50182
2454582.60456 12.57351
2454603.43631 31.37569
2454624.26806 0.55630
2454645.09981 36.55110
2454665.93156 -8.42482
2454874.24905 -17.37756
2454895.08080 3.95012
2454915.91255 -8.46531
2454936.74430 -6.17602
2454957.57605 -6.59401
2454978.40779 -12.77465
2454999.23954 -1.92017
2455020.07129 -24.60595
2455040.90304 1.56385
2455228.38878 -41.60539
2455249.22053 -8.59232
2455270.05228 -39.75098
2455290.88403 -17.70930
2455311.71578 -33.67997
2455332.54753 -22.26467
2455353.37928 -22.25137
2455374.21103 -34.08111
2455395.04278 -20.08014
2455603.36027 -3.96132
2455624.19202 -50.89564
2455645.02376 -7.26171
2455665.85551 -34.83638
2455686.68726 -10.17762
2455707.51901 -29.85849
2455728.35076 -16.05048
2455749.18251 -20.88420
2455770.01426 -20.78997
2455957.50000 19.37654
