2445000.00000 35.45127
2445020.83175 21.08866
2445041.66350 33.56795
2445062.49525 28.62805
2445083.32700 37.15178
2445104.15875 25.05299
2445124.99049 37.40905
2445145.82224 29.81544
2445166.65399 44.70594
2445374.97148 39.93246
2445395.80323 40.94335
2445416.63498 47.42142
2445437.46673 42.91442
2445458.29848 47.51168
2445479.13023 40.85440
2445499.96198 49.38864
2445520.79373 51.68469
2445541.62548 49.85823
2445749.94297 45.52434
2445770.77471 64.38787
2445791.60646 46.65783
2445812.43821 58.35225
2445833.26996 43.83790
2445854.10171 64.00698
2445874.93346 43.42471
2445895.76521 60.10980
2446104.08270 50.16286
2446124.91445 40.05470
2446145.74620 62.47960
2446166.57795 40.44369
2446187.40970 56.79058
2446208.24144 27.47656
2446229.07319 53.59099
2446249.90494 25.33133
2446270.73669 53.08536
2446479.05418 43.32696
2446499.88593 15.97554
2446520.71768 36.02618
2446541.54943 15.09908
2446562.38118 39.87550
2446583.21293 15.41110
2446604.04468 38.67462
2446624.87643 12.48658
2446833.19392 9.28061
2446854.02567 40.26853
2446874.85741 9.65635
2446895.68916 44.75431
2446916.52091 9.14593
2446937.35266 41.56044
2446958.18441 7.99329
2446979.01616 38.46893
2446999.84791 8.22149
2447208.16540 13.49367
2447228.99715 50.24706
2447249.82890 14.76661
2447270.66065 47.77408
2447291.49240 14.04747
2447312.32414 52.23212
2447333.15589 14.77324
2447353.98764 54.57951
2447562.30513 61.38345
2447583.13688 22.55290
2447603.96863 69.81933
2447624.80038 26.33481
2447645.63213 62.00718
2447666.46388 23.51730
2447687.29563 66.04383
2447708.12738 31.05342
2447728.95913 73.30477
2447937.27662 81.68298
2447958.10837 27.49673
2447978.94011 71.98086
2447999.77186 25.95978
2448020.60361 63.06217
2448041.43536 29.36093
2448062.26711 67.55174
2448083.09886 27.06608
2448291.41635 26.03112
2448312.24810 63.81155
2448333.07985 17.89434
2448353.91160 63.61919
2448374.74335 18.34983
2448395.57510 64.73818
2448416.40684 17.21810
2448437.23859 64.13143
2448458.07034 18.06677
2448666.38783 10.35376
2448687.21958 46.37177
2448708.05133 7.87173
2448728.88308 52.69991
2448749.71483 6.84646
2448770.54658 44.72078
2448791.37833 5.20197
2448812.21008 44.59616
2449020.52757 56.15200
2449041.35932 5.22337
2449062.19106 45.43170
2449083.02281 4.91572
2449103.85456 48.16903
2449124.68631 5.64624
2449145.51806 45.44869
2449166.34981 7.96344
2449187.18156 50.56185
2449395.49905 49.29600
2449416.33080 13.86112
2449437.16255 51.98136
2449457.99430 14.02636
2449478.82605 51.01751
2449499.65779 14.64209
2449520.48954 63.70506
2449541.32129 15.98110
2449562.15304 59.21999
2449749.63878 27.98584
2449770.47053 55.77176
2449791.30228 30.97441
2449812.13403 52.33116
2449832.96578 33.59644
2449853.79753 67.91823
2449874.62928 31.90483
2449895.46103 55.94438
2449916.29278 39.18203
2450124.61027 37.10569
2450145.44202 63.16193
2450166.27376 36.19111
2450187.10551 58.33944
2450207.93726 32.22474
2450228.76901 58.02373
2450249.60076 43.57068
2450270.43251 59.47769
2450291.26426 41.89738
2450478.75000 53.36461
2450499.58175 36.99173
2450520.41350 56.59322
2450541.24525 35.28431
2450562.07700 56.18580
2450582.90875 34.33139
2450603.74049 53.29719
2450624.57224 30.36126
2450645.40399 37.50679
2450853.72148 38.22370
2450874.55323 30.63613
2450895.38498 34.51746
2450916.21673 25.86156
2450937.04848 39.08072
2450957.88023 22.57447
2450978.71198 33.38441
2450999.54373 21.47322
2451020.37548 30.09012
2451228.69297 24.92086
2451249.52471 30.92729
2451270.35646 28.74335
2451291.18821 24.62325
2451312.01996 24.68895
2451332.85171 27.18563
2451353.68346 26.71314
2451374.51521 28.74236
2451582.83270 37.39156
2451603.66445 32.92815
2451624.49620 41.35364
2451645.32795 29.41960
2451666.15970 31.20926
2451686.99144 30.89618
2451707.82319 41.83742
2451728.65494 36.76122
2451749.48669 42.49095
2451957.80418 56.30574
2451978.63593 37.75490
2451999.46768 48.97231
2452020.29943 33.88782
2452041.13118 57.86043
2452061.96293 34.44528
2452082.79468 65.75082
2452103.62643 39.46604
2452311.94392 42.97953
2452332.77567 47.16612
2452353.60741 38.19550
2452374.43916 59.86043
2452395.27091 36.37272
2452416.10266 58.72945
2452436.93441 33.46111
2452457.76616 59.90645
2452478.59791 37.40752
2452686.91540 33.63843
2452707.74715 67.43989
2452728.57890 29.46784
2452749.41065 56.31349
2452770.24240 26.61289
2452791.07414 55.44590
2452811.90589 24.77485
2452832.73764 54.35571
2453041.05513 52.76725
2453061.88688 15.44848
2453082.71863 47.59112
2453103.55038 14.37566
2453124.38213 46.35428
2453145.21388 12.68524
2453166.04563 49.80268
2453186.87738 14.79282
2453207.70913 41.98527
2453416.02662 53.08421
2453436.85837 9.79971
2453457.69011 41.62007
2453478.52186 8.90738
2453499.35361 44.18475
2453520.18536 9.33194
2453541.01711 36.56078
2453561.84886 10.14121
2453770.16635 14.53667
2453790.99810 56.99679
2453811.82985 17.16807
2453832.66160 48.20891
2453853.49335 16.83099
2453874.32510 57.85541
2453895.15684 18.68413
2453915.98859 59.68575
2453936.82034 18.84406
2454145.13783 24.59555
2454165.96958 58.48788
2454186.80133 26.44236
2454207.63308 65.24441
2454228.46483 26.69222
2454249.29658 62.44463
2454270.12833 27.26180
2454290.96008 76.53730
2454499.27757 74.03185
2454520.10932 32.20954
2454540.94106 74.00299
2454561.77281 28.23128
2454582.60456 72.33166
2454603.43631 33.13242
2454624.26806 75.57529
2454645.09981 33.97785
2454665.93156 50.87485
2454874.24905 48.59921
2454895.08080 30.17415
2454915.91255 61.62657
2454936.74430 24.36515
2454957.57605 50.59371
2454978.40779 21.44365
2454999.23954 50.72630
2455020.07129 18.98551
2455040.90304 60.06674
2455228.38878 20.39161
2455249.22053 47.59101
2455270.05228 18.15182
2455290.88403 50.62876
2455311.71578 12.69436
2455332.54753 38.73439
2455353.37928 13.87987
2455374.21103 35.96766
2455395.04278 13.92124
2455603.36027 15.43535
2455624.19202 40.86050
2455645.02376 15.71517
2455665.85551 35.82135
2455686.68726 13.90093
2455707.51901 40.89757
2455728.35076 14.98038
2455749.18251 39.03493
2455770.01426 17.23004
2455957.50000 39.25289
