2445000.00000 12.54545
2445020.83175 17.29817
2445041.66350 13.67965
2445062.49525 15.32942
2445083.32700 15.99524
2445104.15875 19.10103
2445124.99049 13.48145
2445145.82224 14.09557
2445166.65399 15.81487
2445374.97148 15.69125
2445395.80323 9.79149
2445416.63498 16.62974
2445437.46673 9.47792
2445458.29848 14.11407
2445479.13023 8.25973
2445499.96198 12.58830
2445520.79373 6.02760
2445541.62548 14.37480
2445749.94297 12.35608
2445770.77471 3.88710
2445791.60646 13.41735
2445812.43821 2.83782
2445833.26996 11.90489
2445854.10171 2.12858
2445874.93346 14.14039
2445895.76521 1.66992
2446104.08270 0.34241
2446124.91445 10.62147
2446145.74620 0.28228
2446166.57795 12.48310
2446187.40970 0.31809
2446208.24144 12.94842
2446229.07319 0.38589
2446249.90494 11.81868
2446270.73669 0.46529
2446479.05418 2.19200
2446499.88593 11.59001
2446520.71768 3.24776
2446541.54943 10.09652
2446562.38118 3.45905
2446583.21293 12.23578
2446604.04468 4.44566
2446624.87643 11.99858
2446833.19392 11.68118
2446854.02567 9.54251
2446874.85741 12.02316
2446895.68916 8.94145
2446916.52091 10.44975
2446937.35266 11.52704
2446958.18441 11.73120
2446979.01616 12.89407
2446999.84791 10.77494
2447208.16540 9.48426
2447228.99715 16.39443
2447249.82890 11.58516
2447270.66065 21.26107
2447291.49240 10.64750
2447312.32414 18.17373
2447333.15589 11.56441
2447353.98764 19.38692
2447562.30513 22.57037
2447583.13688 11.94423
2447603.96863 21.99814
2447624.80038 11.76796
2447645.63213 26.42333
2447666.46388 11.98251
2447687.29563 26.36704
2447708.12738 13.22073
2447728.95913 20.15034
2447937.27662 25.16201
2447958.10837 11.32951
2447978.94011 25.72971
2447999.77186 14.43880
2448020.60361 20.69756
2448041.43536 11.40033
2448062.26711 24.31654
2448083.09886 15.15724
2448291.41635 12.43268
2448312.24810 17.60675
2448333.07985 14.61534
2448353.91160 19.42816
2448374.74335 12.05228
2448395.57510 20.62920
2448416.40684 8.83312
2448437.23859 19.60024
2448458.07034 14.45530
2448666.38783 12.52421
2448687.21958 14.41764
2448708.05133 12.91501
2448728.88308 11.90280
2448749.71483 13.85396
2448770.54658 8.16383
2448791.37833 11.20802
2448812.21008 10.11653
2449020.52757 4.44758
2449041.35932 12.53772
2449062.19106 4.07144
2449083.02281 11.27549
2449103.85456 3.82006
2449124.68631 11.89055
2449145.51806 2.63707
2449166.34981 12.22855
2449187.18156 1.92085
2449395.49905 0.36634
2449416.33080 13.15221
2449437.16255 0.21098
2449457.99430 12.26260
2449478.82605 0.06323
2449499.65779 13.09466
2449520.48954 0.01739
2449541.32129 12.20166
2449562.15304 0.04548
2449749.63878 11.79191
2449770.47053 1.37353
2449791.30228 11.44265
2449812.13403 1.24110
2449832.96578 13.83956
2449853.79753 2.01399
2449874.62928 13.65928
2449895.46103 3.04019
2449916.29278 11.64463
2450124.61027 13.15303
2450145.44202 7.80635
2450166.27376 14.59246
2450187.10551 6.62668
2450207.93726 12.22363
2450228.76901 9.01152
2450249.60076 15.11668
2450270.43251 10.14868
2450291.26426 13.78152
2450478.75000 15.11473
2450499.58175 14.23229
2450520.41350 17.40439
2450541.24525 13.18790
2450562.07700 18.25433
2450582.90875 14.04479
2450603.74049 15.71475
2450624.57224 13.70916
2450645.40399 18.62696
2450853.72148 24.05780
2450874.55323 13.23930
2450895.38498 19.73967
2450916.21673 15.31947
2450937.04848 24.64040
2450957.88023 13.94614
2450978.71198 29.21718
2450999.54373 12.31942
2451020.37548 25.57759
2451228.69297 24.82020
2451249.52471 13.85753
2451270.35646 24.41703
2451291.18821 13.04271
2451312.01996 23.20823
2451332.85171 12.63305
2451353.68346 24.42784
2451374.51521 12.23884
2451582.83270 10.78168
2451603.66445 19.74871
2451624.49620 9.87747
2451645.32795 21.42369
2451666.15970 11.49229
2451686.99144 16.98606
2451707.82319 9.63452
2451728.65494 21.61696
2451749.48669 12.50001
2451957.80418 9.83346
2451978.63593 12.91699
2451999.46768 10.13842
2452020.29943 12.97752
2452041.13118 11.65850
2452061.96293 11.54441
2452082.79468 9.19147
2452103.62643 10.78538
2452311.94392 6.64367
2452332.77567 12.01186
2452353.60741 6.70835
2452374.43916 11.11958
2452395.27091 5.34891
2452416.10266 11.26173
2452436.93441 5.53426
2452457.76616 9.92685
2452478.59791 4.10782
2452686.91540 1.40918
2452707.74715 12.29158
2452728.57890 1.35854
2452749.41065 11.00341
2452770.24240 1.20217
2452791.07414 11.66873
2452811.90589 0.92007
2452832.73764 12.41737
2453041.05513 12.24634
2453061.88688 1.15822
2453082.71863 13.97654
2453103.55038 1.61797
2453124.38213 13.19020
2453145.21388 2.00274
2453166.04563 15.36460
2453186.87738 2.36080
2453207.70913 12.04647
2453416.02662 15.20810
2453436.85837 6.64409
2453457.69011 16.63920
2453478.52186 7.18042
2453499.35361 14.35104
2453520.18536 7.38783
2453541.01711 15.29378
2453561.84886 8.52984
2453770.16635 13.14552
2453790.99810 18.03306
2453811.82985 14.11611
2453832.66160 15.90484
2453853.49335 14.75973
2453874.32510 16.47949
2453895.15684 12.56145
2453915.98859 13.91264
2453936.82034 16.18533
2454145.13783 19.26831
2454165.96958 16.03543
2454186.80133 22.87379
2454207.63308 15.13214
2454228.46483 21.35174
2454249.29658 14.38871
2454270.12833 19.20232
2454290.96008 13.81676
2454499.27757 11.49574
2454520.10932 22.06404
2454540.94106 15.40412
2454561.77281 26.83713
2454582.60456 13.07529
2454603.43631 20.54777
2454624.26806 13.46279
2454645.09981 24.02452
2454665.93156 9.90709
2454874.24905 11.97865
2454895.08080 20.56471
2454915.91255 10.43137
2454936.74430 18.96134
2454957.57605 12.75961
2454978.40779 24.20102
2454999.23954 9.72373
2455020.07129 21.53511
2455040.90304 10.59612
2455228.38878 15.04214
2455249.22053 8.87968
2455270.05228 14.57540
2455290.88403 7.43401
2455311.71578 14.95870
2455332.54753 10.52696
2455353.37928 11.48529
2455374.21103 9.45609
2455395.04278 13.53620
2455603.36027 8.81823
2455624.19202 8.29502
2455645.02376 8.71000
2455665.85551 8.49981
2455686.68726 7.62393
2455707.51901 7.54388
2455728.35076 6.65988
2455749.18251 8.28000
2455770.01426 5.75394
2455957.50000 8.80961
