2445000.00000 2.23865
2445020.83175 2.05506
2445041.66350 2.53344
2445062.49525 3.07969
2445083.32700 2.92444
2445104.15875 3.83867
2445124.99049 3.03908
2445145.82224 3.15194
2445166.65399 3.23197
2445374.97148 1.31700
2445395.80323 1.17239
2445416.63498 0.92303
2445437.46673 0.64101
2445458.29848 0.52107
2445479.13023 0.19437
2445499.96198 -0.05283
2445520.79373 -0.29387
2445541.62548 -0.57383
2445749.94297 -2.08124
2445770.77471 -2.34861
2445791.60646 -2.16034
2445812.43821 -2.10471
2445833.26996 -2.50848
2445854.10171 -2.19786
2445874.93346 -1.78901
2445895.76521 -1.64489
2446104.08270 -0.57706
2446124.91445 -0.42775
2446145.74620 -0.33231
2446166.57795 -0.21744
2446187.40970 -0.11579
2446208.24144 -0.02887
2446229.07319 0.03844
2446249.90494 0.07565
2446270.73669 0.08862
2446479.05418 -0.31244
2446499.88593 -0.42687
2446520.71768 -0.51547
2446541.54943 -0.54778
2446562.38118 -0.70261
2446583.21293 -0.72902
2446604.04468 -0.78319
2446624.87643 -0.94915
2446833.19392 -0.77016
2446854.02567 -0.60619
2446874.85741 -0.54275
2446895.68916 -0.43690
2446916.52091 -0.25970
2446937.35266 -0.03995
2446958.18441 0.14305
2446979.01616 0.34965
2446999.84791 0.52381
2447208.16540 2.80052
2447228.99715 2.89172
2447249.82890 3.05595
2447270.66065 2.98525
2447291.49240 3.36481
2447312.32414 3.26320
2447333.15589 3.51477
2447353.98764 3.04198
2447562.30513 1.21273
2447583.13688 1.16869
2447603.96863 0.97113
2447624.80038 0.64116
2447645.63213 0.30179
2447666.46388 -0.03241
2447687.29563 -0.34949
2447708.12738 -0.68987
2447728.95913 -0.92445
2447937.27662 -2.94696
2447958.10837 -2.44439
2447978.94011 -2.88769
2447999.77186 -3.75838
2448020.60361 -3.07610
2448041.43536 -3.14128
2448062.26711 -2.70922
2448083.09886 -3.01694
2448291.41635 -0.98261
2448312.24810 -0.78364
2448333.07985 -0.51254
2448353.91160 -0.23871
2448374.74335 -0.11905
2448395.57510 0.06559
2448416.40684 0.21531
2448437.23859 0.34069
2448458.07034 0.54168
2448666.38783 0.51066
2448687.21958 0.43135
2448708.05133 0.39088
2448728.88308 0.38162
2448749.71483 0.25372
2448770.54658 0.14239
2448791.37833 0.04546
2448812.21008 -0.06746
2449020.52757 -0.50479
2449041.35932 -0.33404
2449062.19106 -0.29744
2449083.02281 -0.19808
2449103.85456 -0.04693
2449124.68631 0.08993
2449145.51806 0.28220
2449166.34981 0.47121
2449187.18156 0.57002
2449395.49905 2.50741
2449416.33080 2.68357
2449437.16255 3.37914
2449457.99430 3.45649
2449478.82605 3.44348
2449499.65779 3.04685
2449520.48954 3.20699
2449541.32129 3.31945
2449562.15304 3.68223
2449749.63878 1.34484
2449770.47053 1.04224
2449791.30228 0.76516
2449812.13403 0.44310
2449832.96578 0.01029
2449853.79753 -0.28844
2449874.62928 -0.65733
2449895.46103 -1.22951
2449916.29278 -1.36456
2450124.61027 -4.17519
2450145.44202 -3.69101
2450166.27376 -4.56081
2450187.10551 -4.03494
2450207.93726 -3.84424
2450228.76901 -4.73172
2450249.60076 -4.44558
2450270.43251 -3.73348
2450291.26426 -3.42559
2450478.75000 -1.09262
2450499.58175 -0.84494
2450520.41350 -0.52182
2450541.24525 -0.20958
2450562.07700 0.08309
2450582.90875 0.32772
2450603.74049 0.58109
2450624.57224 0.95862
2450645.40399 0.95552
2450853.72148 1.59176
2450874.55323 2.13158
2450895.38498 1.67374
2450916.21673 1.37464
2450937.04848 1.35462
2450957.88023 1.23419
2450978.71198 1.41491
2450999.54373 1.24542
2451020.37548 1.07064
2451228.69297 -0.03263
2451249.52471 -0.04282
2451270.35646 -0.02265
2451291.18821 0.01948
2451312.01996 0.08925
2451332.85171 0.15212
2451353.68346 0.26626
2451374.51521 0.37686
2451582.83270 2.14353
2451603.66445 2.62941
2451624.49620 2.36295
2451645.32795 2.25623
2451666.15970 3.35405
2451686.99144 3.22736
2451707.82319 2.89329
2451728.65494 2.03058
2451749.48669 2.97496
2451957.80418 0.81289
2451978.63593 0.43996
2451999.46768 0.05732
2452020.29943 -0.28946
2452041.13118 -0.72891
2452061.96293 -1.10834
2452082.79468 -1.47638
2452103.62643 -1.83142
2452311.94392 -4.27991
2452332.77567 -5.15254
2452353.60741 -4.31330
2452374.43916 -5.28430
2452395.27091 -4.84623
2452416.10266 -5.37696
2452436.93441 -4.82142
2452457.76616 -4.31008
2452478.59791 -4.99682
2452686.91540 -0.74495
2452707.74715 -0.38441
2452728.57890 0.06214
2452749.41065 0.38141
2452770.24240 1.01626
2452791.07414 1.23515
2452811.90589 1.73169
2452832.73764 2.15494
2453041.05513 3.12006
2453061.88688 3.25256
2453082.71863 3.49828
2453103.55038 3.11260
2453124.38213 2.95614
2453145.21388 2.98865
2453166.04563 2.69375
2453186.87738 2.37066
2453207.70913 2.19994
2453416.02662 0.17301
2453436.85837 0.05002
2453457.69011 -0.05427
2453478.52186 -0.12407
2453499.35361 -0.18724
2453520.18536 -0.17316
2453541.01711 -0.20345
2453561.84886 -0.19058
2453770.16635 1.00410
2453790.99810 1.15901
2453811.82985 1.64175
2453832.66160 1.40956
2453853.49335 1.47726
2453874.32510 1.78332
2453895.15684 1.88939
2453915.98859 1.73868
2453936.82034 1.88707
2454145.13783 0.29786
2454165.96958 0.08009
2454186.80133 -0.25364
2454207.63308 -0.58643
2454228.46483 -0.84550
2454249.29658 -1.63892
2454270.12833 -1.65672
2454290.96008 -1.86039
2454499.27757 -4.54029
2454520.10932 -4.83784
2454540.94106 -6.23550
2454561.77281 -4.57254
2454582.60456 -5.51653
2454603.43631 -5.14136
2454624.26806 -5.59025
2454645.09981 -5.08275
2454665.93156 -4.51873
2454874.24905 -0.44782
2454895.08080 0.02156
2454915.91255 0.52624
2454936.74430 0.94066
2454957.57605 1.54302
2454978.40779 1.75959
2454999.23954 1.80805
2455020.07129 2.94434
2455040.90304 2.59183
2455228.38878 4.12687
2455249.22053 4.74985
2455270.05228 4.05742
2455290.88403 5.25907
2455311.71578 4.74449
2455332.54753 3.91726
2455353.37928 4.29257
2455374.21103 3.89413
2455395.04278 3.56940
2455603.36027 0.16322
2455624.19202 -0.09177
2455645.02376 -0.35937
2455665.85551 -0.52515
2455686.68726 -0.62419
2455707.51901 -0.82244
2455728.35076 -1.12785
2455749.18251 -1.10919
2455770.01426 -1.20264
2455957.50000 -0.45184
