2445000.00000 13.74465
2445020.83175 31.95696
2445041.66350 15.19955
2445062.49525 16.12140
2445083.32700 25.16470
2445104.15875 19.76784
2445124.99049 18.33784
2445145.82224 26.36533
2445166.65399 15.83640
2445374.97148 27.48564
2445395.80323 20.11591
2445416.63498 14.51180
2445437.46673 25.96514
2445458.29848 14.49264
2445479.13023 15.41357
2445499.96198 21.96880
2445520.79373 15.80860
2445541.62548 17.51679
2445749.94297 13.35897
2445770.77471 10.08988
2445791.60646 23.62379
2445812.43821 11.27519
2445833.26996 11.27660
2445854.10171 25.18513
2445874.93346 9.42233
2445895.76521 13.72354
2446104.08270 12.79083
2446124.91445 4.65311
2446145.74620 18.47761
2446166.57795 8.22747
2446187.40970 5.80992
2446208.24144 15.30295
2446229.07319 5.13036
2446249.90494 6.68730
2446270.73669 13.49377
2446479.05418 1.86096
2446499.88593 11.79894
2446520.71768 6.44229
2446541.54943 2.80730
2446562.38118 13.58028
2446583.21293 3.34609
2446604.04468 5.42854
2446624.87643 15.18904
2446833.19392 1.67213
2446854.02567 14.35211
2446874.85741 5.95997
2446895.68916 2.78151
2446916.52091 15.64440
2446937.35266 4.72549
2446958.18441 5.55104
2446979.01616 15.11284
2446999.84791 3.93972
2447208.16540 16.66399
2447228.99715 11.56774
2447249.82890 6.30320
2447270.66065 19.09625
2447291.49240 8.98522
2447312.32414 8.52467
2447333.15589 19.98101
2447353.98764 8.39486
2447562.30513 19.07282
2447583.13688 16.00029
2447603.96863 10.15251
2447624.80038 23.53501
2447645.63213 14.74382
2447666.46388 12.85700
2447687.29563 22.09404
2447708.12738 16.15982
2447728.95913 16.60122
2447937.27662 17.28140
2447958.10837 14.05797
2447978.94011 23.99512
2447999.77186 23.30799
2448020.60361 16.41837
2448041.43536 26.46835
2448062.26711 18.68332
2448083.09886 19.57282
2448291.41635 21.83558
2448312.24810 16.52734
2448333.07985 22.90946
2448353.91160 19.27116
2448374.74335 15.48647
2448395.57510 24.01598
2448416.40684 19.63971
2448437.23859 18.38382
2448458.07034 30.82746
2448666.38783 13.29726
2448687.21958 25.34627
2448708.05133 22.77171
2448728.88308 14.66132
2448749.71483 22.25315
2448770.54658 18.00696
2448791.37833 11.81550
2448812.21008 22.54766
2449020.52757 7.96933
2449041.35932 19.61120
2449062.19106 18.10062
2449083.02281 8.55954
2449103.85456 20.14607
2449124.68631 15.84235
2449145.51806 7.89108
2449166.34981 17.79074
2449187.18156 10.95237
2449395.49905 13.90828
2449416.33080 13.78329
2449437.16255 4.22780
2449457.99430 13.54508
2449478.82605 10.62860
2449499.65779 3.97183
2449520.48954 15.82998
2449541.32129 7.19507
2449562.15304 3.53624
2449749.63878 9.39819
2449770.47053 10.23799
2449791.30228 0.35619
2449812.13403 10.84386
2449832.96578 7.76159
2449853.79753 0.50317
2449874.62928 11.50050
2449895.46103 6.43002
2449916.29278 1.76617
2450124.61027 11.78761
2450145.44202 0.70650
2450166.27376 10.10828
2450187.10551 10.06121
2450207.93726 1.13383
2450228.76901 11.99130
2450249.60076 9.03144
2450270.43251 2.82702
2450291.26426 13.45109
2450478.75000 14.24582
2450499.58175 3.92447
2450520.41350 13.73045
2450541.24525 15.43212
2450562.07700 4.98261
2450582.90875 17.97636
2450603.74049 13.61278
2450624.57224 6.67160
2450645.40399 18.23350
2450853.72148 8.45531
2450874.55323 17.16462
2450895.38498 22.89261
2450916.21673 9.76172
2450937.04848 19.11651
2450957.88023 19.16810
2450978.71198 10.65145
2450999.54373 17.88599
2451020.37548 17.97945
2451228.69297 17.85107
2451249.52471 30.85070
2451270.35646 13.11101
2451291.18821 24.50296
2451312.01996 23.41230
2451332.85171 13.25215
2451353.68346 25.10142
2451374.51521 20.84554
2451582.83270 23.87242
2451603.66445 23.60178
2451624.49620 15.66211
2451645.32795 27.54421
2451666.15970 22.32563
2451686.99144 13.10932
2451707.82319 23.83670
2451728.65494 25.82669
2451749.48669 17.25368
2451957.80418 26.35626
2451978.63593 13.88097
2451999.46768 24.72905
2452020.29943 24.56914
2452041.13118 13.29175
2452061.96293 22.79123
2452082.79468 19.53437
2452103.62643 12.96339
2452311.94392 24.76351
2452332.77567 9.41605
2452353.60741 13.57627
2452374.43916 20.12762
2452395.27091 8.89123
2452416.10266 20.62284
2452436.93441 16.87157
2452457.76616 7.30989
2452478.59791 16.89381
2452686.91540 6.84524
2452707.74715 10.84129
2452728.57890 12.50038
2452749.41065 3.59569
2452770.24240 11.66534
2452791.07414 15.48679
2452811.90589 2.92642
2452832.73764 13.39197
2453041.05513 3.24726
2453061.88688 6.61256
2453082.71863 15.10954
2453103.55038 1.56184
2453124.38213 8.82973
2453145.21388 12.32672
2453166.04563 0.91677
2453186.87738 9.56162
2453207.70913 8.53132
2453416.02662 4.98634
2453436.85837 15.63340
2453457.69011 2.09231
2453478.52186 8.53965
2453499.35361 11.01962
2453520.18536 1.70586
2453541.01711 10.63622
2453561.84886 12.06636
2453770.16635 7.45179
2453790.99810 14.50779
2453811.82985 5.96438
2453832.66160 10.78874
2453853.49335 18.22020
2453874.32510 5.06509
2453895.15684 13.47681
2453915.98859 16.38960
2453936.82034 5.61883
2454145.13783 19.14948
2454165.96958 11.14511
2454186.80133 12.41126
2454207.63308 19.60125
2454228.46483 11.86965
2454249.29658 18.10371
2454270.12833 20.98018
2454290.96008 11.22004
2454499.27757 24.41076
2454520.10932 16.99440
2454540.94106 12.63172
2454561.77281 27.07478
2454582.60456 15.84211
2454603.43631 19.65216
2454624.26806 27.29062
2454645.09981 11.29551
2454665.93156 24.86555
2454874.24905 19.83728
2454895.08080 16.83436
2454915.91255 23.99002
2454936.74430 16.97019
2454957.57605 18.64634
2454978.40779 31.95905
2454999.23954 16.29973
2455020.07129 19.42312
2455040.90304 23.98427
2455228.38878 18.56539
2455249.22053 16.82620
2455270.05228 24.60070
2455290.88403 15.08450
2455311.71578 17.25789
2455332.54753 29.08886
2455353.37928 11.55017
2455374.21103 19.30489
2455395.04278 20.97624
2455603.36027 11.77068
2455624.19202 23.11233
2455645.02376 13.81256
2455665.85551 12.51642
2455686.68726 20.51670
2455707.51901 9.18372
2455728.35076 12.74826
2455749.18251 18.61071
2455770.01426 8.12385
2455957.50000 5.85540
