2445000.00000 1.93724
2445020.83175 4.59321
2445041.66350 1.61794
2445062.49525 6.29663
2445083.32700 1.34483
2445104.15875 6.29230
2445124.99049 0.97459
2445145.82224 5.71726
2445166.65399 0.76406
2445374.97148 0.21806
2445395.80323 4.66061
2445416.63498 0.30011
2445437.46673 5.52494
2445458.29848 0.37771
2445479.13023 5.21289
2445499.96198 0.65791
2445520.79373 5.64073
2445541.62548 0.93153
2445749.94297 2.37438
2445770.77471 8.66850
2445791.60646 3.27457
2445812.43821 9.47534
2445833.26996 3.79596
2445854.10171 9.61971
2445874.93346 3.11213
2445895.76521 9.39826
2446104.08270 10.75085
2446124.91445 6.56880
2446145.74620 9.94735
2446166.57795 6.42792
2446187.40970 10.41747
2446208.24144 6.56479
2446229.07319 12.94195
2446249.90494 6.48700
2446270.73669 11.59133
2446479.05418 12.14270
2446499.88593 6.72574
2446520.71768 9.35051
2446541.54943 4.85912
2446562.38118 9.08553
2446583.21293 5.25972
2446604.04468 9.96814
2446624.87643 4.21711
2446833.19392 3.39834
2446854.02567 6.73628
2446874.85741 2.86906
2446895.68916 7.18752
2446916.52091 2.42041
2446937.35266 6.25983
2446958.18441 1.70976
2446979.01616 6.72005
2446999.84791 1.69932
2447208.16540 0.90570
2447228.99715 4.96755
2447249.82890 0.90833
2447270.66065 4.53122
2447291.49240 0.87188
2447312.32414 4.14035
2447333.15589 0.87961
2447353.98764 4.09736
2447562.30513 4.93930
2447583.13688 2.12529
2447603.96863 5.57887
2447624.80038 2.73962
2447645.63213 6.59332
2447666.46388 3.08116
2447687.29563 5.55847
2447708.12738 3.44639
2447728.95913 6.25779
2447937.27662 9.03261
2447958.10837 6.08049
2447978.94011 8.86248
2447999.77186 6.75717
2448020.60361 7.06073
2448041.43536 6.95731
2448062.26711 8.85644
2448083.09886 8.12431
2448291.41635 7.44664
2448312.24810 9.35901
2448333.07985 8.07333
2448353.91160 8.57348
2448374.74335 7.43047
2448395.57510 8.53958
2448416.40684 8.13921
2448437.23859 8.53175
2448458.07034 8.24158
2448666.38783 6.13357
2448687.21958 6.25750
2448708.05133 6.58123
2448728.88308 4.94022
2448749.71483 5.93041
2448770.54658 6.25057
2448791.37833 5.83232
2448812.21008 5.51096
2449020.52757 2.70587
2449041.35932 3.73335
2449062.19106 2.45373
2449083.02281 3.16545
2449103.85456 1.99210
2449124.68631 3.36238
2449145.51806 1.92133
2449166.34981 2.67136
2449187.18156 2.29098
2449395.49905 2.04159
2449416.33080 4.50771
2449437.16255 2.28757
2449457.99430 3.69621
2449478.82605 2.12950
2449499.65779 4.76038
2449520.48954 2.74380
2449541.32129 5.26111
2449562.15304 2.82329
2449749.63878 7.18392
2449770.47053 4.90661
2449791.30228 9.35249
2449812.13403 4.88620
2449832.96578 8.05469
2449853.79753 5.44957
2449874.62928 8.76571
2449895.46103 5.62135
2449916.29278 6.53919
2450124.61027 7.13544
2450145.44202 7.58125
2450166.27376 11.84292
2450187.10551 7.26362
2450207.93726 10.48474
2450228.76901 6.86091
2450249.60076 9.95314
2450270.43251 6.81621
2450291.26426 10.79020
2450478.75000 5.29288
2450499.58175 9.71904
2450520.41350 5.54592
2450541.24525 7.64600
2450562.07700 4.74576
2450582.90875 9.06231
2450603.74049 4.15488
2450624.57224 10.46603
2450645.40399 4.66454
2450853.72148 1.80210
2450874.55323 6.35290
2450895.38498 1.23282
2450916.21673 5.83649
2450937.04848 1.10496
2450957.88023 5.69700
2450978.71198 0.94944
2450999.54373 5.74195
2451020.37548 0.53630
2451228.69297 0.14500
2451249.52471 5.41031
2451270.35646 0.21032
2451291.18821 4.94720
2451312.01996 0.35127
2451332.85171 5.04107
2451353.68346 0.49413
2451374.51521 5.44832
2451582.83270 8.51022
2451603.66445 2.64473
2451624.49620 8.11851
2451645.32795 3.15496
2451666.15970 6.99562
2451686.99144 3.25722
2451707.82319 6.91864
2451728.65494 3.74549
2451749.48669 8.72114
2451957.80418 10.36457
2451978.63593 6.43265
2451999.46768 11.89528
2452020.29943 6.94633
2452041.13118 9.55114
2452061.96293 6.58125
2452082.79468 9.11391
2452103.62643 6.60924
2452311.94392 6.38070
2452332.77567 9.37277
2452353.60741 6.36623
2452374.43916 10.25676
2452395.27091 6.68160
2452416.10266 9.61502
2452436.93441 5.00310
2452457.76616 9.74138
2452478.59791 5.32797
2452686.91540 3.17263
2452707.74715 7.86276
2452728.57890 3.23483
2452749.41065 7.71173
2452770.24240 2.50264
2452791.07414 6.52497
2452811.90589 2.39604
2452832.73764 5.36486
2453041.05513 4.35004
2453061.88688 0.87174
2453082.71863 4.30292
2453103.55038 0.84222
2453124.38213 4.20202
2453145.21388 0.77521
2453166.04563 3.32746
2453186.87738 0.98004
2453207.70913 4.61790
2453416.02662 5.03812
2453436.85837 2.71383
2453457.69011 6.17535
2453478.52186 3.45348
2453499.35361 5.29860
2453520.18536 3.53552
2453541.01711 6.36199
2453561.84886 3.30371
2453770.16635 5.57897
2453790.99810 7.79764
2453811.82985 6.84189
2453832.66160 8.15441
2453853.49335 6.43277
2453874.32510 7.94689
2453895.15684 6.87299
2453915.98859 6.73837
2453936.82034 7.76704
2454145.13783 7.87733
2454165.96958 7.56638
2454186.80133 9.52931
2454207.63308 9.74678
2454228.46483 7.24404
2454249.29658 7.37422
2454270.12833 7.81555
2454290.96008 9.86350
2454499.27757 8.43401
2454520.10932 7.20752
2454540.94106 6.61710
2454561.77281 6.25373
2454582.60456 5.11549
2454603.43631 5.28214
2454624.26806 4.83804
2454645.09981 5.26867
2454665.93156 4.64765
2454874.24905 2.90032
2454895.08080 3.78743
2454915.91255 2.19433
2454936.74430 3.98419
2454957.57605 1.79603
2454978.40779 3.41627
2454999.23954 1.78975
2455020.07129 3.34240
2455040.90304 1.90160
2455228.38878 3.57486
2455249.22053 1.57871
2455270.05228 4.32709
2455290.88403 1.87043
2455311.71578 4.50262
2455332.54753 2.24422
2455353.37928 4.86998
2455374.21103 2.66021
2455395.04278 5.74753
2455603.36027 8.41584
2455624.19202 4.44654
2455645.02376 8.47071
2455665.85551 5.47006
2455686.68726 8.21470
2455707.51901 5.69410
2455728.35076 8.73414
2455749.18251 6.56718
2455770.01426 10.05347
2455957.50000 7.88541
