2445000.00000 11.17647
2445020.83175 6.37765
2445041.66350 19.33748
2445062.49525 6.49479
2445083.32700 4.27479
2445104.15875 12.61750
2445124.99049 -0.30449
2445145.82224 -1.10383
2445166.65399 6.58252
2445374.97148 -20.92033
2445395.80323 -12.26041
2445416.63498 -8.57465
2445437.46673 -20.55203
2445458.29848 -8.02808
2445479.13023 -6.15623
2445499.96198 -16.43510
2445520.79373 -2.07015
2445541.62548 -2.49890
2445749.94297 7.74383
2445770.77471 20.00160
2445791.60646 12.48269
2445812.43821 8.50779
2445833.26996 22.74290
2445854.10171 9.08294
2445874.93346 9.00718
2445895.76521 16.86667
2446104.08270 -13.49884
2446124.91445 -8.07599
2446145.74620 -5.98336
2446166.57795 -21.60511
2446187.40970 -11.02145
2446208.24144 -10.38020
2446229.07319 -18.99978
2446249.90494 -9.23269
2446270.73669 -11.66042
2446479.05418 -1.45898
2446499.88593 13.83813
2446520.71768 5.97291
2446541.54943 4.51177
2446562.38118 16.68564
2446583.21293 8.92550
2446604.04468 8.45035
2446624.87643 22.59431
2446833.19392 -3.04216
2446854.02567 2.49595
2446874.85741 5.02889
2446895.68916 -10.39023
2446916.52091 -2.51037
2446937.35266 -2.62521
2446958.18441 -16.35778
2446979.01616 -6.33684
2446999.84791 -8.08852
2447208.16540 -14.48908
2447228.99715 0.36677
2447249.82890 -6.69495
2447270.66065 -7.53030
2447291.49240 5.91994
2447312.32414 -1.08177
2447333.15589 0.04701
2447353.98764 10.51529
2447562.30513 5.96333
2447583.13688 10.86318
2447603.96863 18.50200
2447624.80038 2.20208
2447645.63213 8.51207
2447666.46388 9.38422
2447687.29563 -3.78237
2447708.12738 4.91726
2447728.95913 2.41860
2447937.27662 -21.06177
2447958.10837 -6.56605
2447978.94011 -13.41169
2447999.77186 -18.59810
2448020.60361 -4.46135
2448041.43536 -12.53315
2448062.26711 -11.75370
2448083.09886 0.82615
2448291.41635 6.06859
2448312.24810 14.08622
2448333.07985 18.23466
2448353.91160 6.48720
2448374.74335 14.12895
2448395.57510 17.26783
2448416.40684 6.60706
2448437.23859 14.78390
2448458.07034 14.96934
2448666.38783 -15.14660
2448687.21958 -4.11054
2448708.05133 -13.41045
2448728.88308 -17.90341
2448749.71483 -7.03345
2448770.54658 -10.58060
2448791.37833 -16.07415
2448812.21008 -6.93607
2449020.52757 -4.23611
2449041.35932 4.23995
2449062.19106 12.46856
2449083.02281 1.71540
2449103.85456 10.69511
2449124.68631 14.42948
2449145.51806 5.69662
2449166.34981 17.39487
2449187.18156 15.96971
2449395.49905 -3.48707
2449416.33080 7.44443
2449437.16255 -1.65346
2449457.99430 -7.73380
2449478.82605 1.46572
2449499.65779 -9.02784
2449520.48954 -13.16516
2449541.32129 -3.36674
2449562.15304 -14.34926
2449749.63878 -17.91778
2449770.47053 -8.69533
2449791.30228 0.22297
2449812.13403 -11.02356
2449832.96578 -1.10493
2449853.79753 6.59418
2449874.62928 -4.41706
2449895.46103 6.17475
2449916.29278 9.17689
2450124.61027 5.73009
2450145.44202 18.93364
2450166.27376 11.92485
2450187.10551 3.22242
2450207.93726 12.00904
2450228.76901 4.37726
2450249.60076 -2.70003
2450270.43251 6.97753
2450291.26426 -4.12699
2450478.75000 -19.43277
2450499.58175 -15.32973
2450520.41350 -7.17504
2450541.24525 -20.04087
2450562.07700 -12.37271
2450582.90875 -4.96950
2450603.74049 -18.38209
2450624.57224 -5.61949
2450645.40399 -0.99667
2450853.72148 5.99497
2450874.55323 19.69571
2450895.38498 12.59969
2450916.21673 8.18935
2450937.04848 20.53462
2450957.88023 11.01481
2450978.71198 7.46066
2450999.54373 17.45781
2451020.37548 8.34694
2451228.69297 -9.95456
2451249.52471 -4.82957
2451270.35646 -16.40620
2451291.18821 -14.26251
2451312.01996 -7.65220
2451332.85171 -21.77203
2451353.68346 -13.41270
2451374.51521 -9.22503
2451582.83270 -4.81061
2451603.66445 10.40650
2451624.49620 7.56393
2451645.32795 2.05430
2451666.15970 17.71161
2451686.99144 11.28594
2451707.82319 6.64910
2451728.65494 18.81892
2451749.48669 12.69295
2451957.80418 0.94239
2451978.63593 7.27405
2451999.46768 -7.33323
2452020.29943 -4.23797
2452041.13118 0.70530
2452061.96293 -16.04088
2452082.79468 -9.70502
2452103.62643 -5.21009
2452311.94392 -19.80827
2452332.77567 -2.63926
2452353.60741 -4.65070
2452374.43916 -10.24814
2452395.27091 4.11158
2452416.10266 0.69985
2452436.93441 -3.19875
2452457.76616 10.37838
2452478.59791 5.72511
2452686.91540 9.58839
2452707.74715 18.72298
2452728.57890 5.16198
2452749.41065 8.15338
2452770.24240 13.91086
2452791.07414 -1.57851
2452811.90589 3.41837
2452832.73764 6.54120
2453041.05513 -21.45118
2453061.88688 -11.11789
2453082.71863 -14.06136
2453103.55038 -18.07609
2453124.38213 -6.46337
2453145.21388 -13.00446
2453166.04563 -20.12799
2453186.87738 -1.07244
2453207.70913 -6.59672
2453416.02662 11.28829
2453436.85837 23.23111
2453457.69011 8.67039
2453478.52186 14.50337
2453499.35361 20.33462
2453520.18536 7.09225
2453541.01711 13.99705
2453561.84886 20.74669
2453770.16635 -18.10116
2453790.99810 -5.26123
2453811.82985 -9.61817
2453832.66160 -20.28746
2453853.49335 -8.64270
2453874.32510 -14.77298
2453895.15684 -24.54943
2453915.98859 -7.80519
2453936.82034 -17.33106
2454145.13783 0.02709
2454165.96958 12.00565
2454186.80133 2.15637
2454207.63308 6.43525
2454228.46483 19.14379
2454249.29658 5.92100
2454270.12833 15.26039
2454290.96008 22.61241
2454499.27757 -3.55743
2454520.10932 7.14701
2454540.94106 3.14880
2454561.77281 -9.35181
2454582.60456 1.05644
2454603.43631 -5.37922
2454624.26806 -14.11156
2454645.09981 -3.18570
2454665.93156 -11.43952
2454874.24905 -13.92595
2454895.08080 -0.06895
2454915.91255 -9.78627
2454936.74430 -6.51998
2454957.57605 5.94528
2454978.40779 -5.52016
2454999.23954 2.72067
2455020.07129 13.19755
2455040.90304 0.94111
2455228.38878 5.77045
2455249.22053 18.68745
2455270.05228 14.63248
2455290.88403 2.65766
2455311.71578 13.50488
2455332.54753 9.91325
2455353.37928 -2.33720
2455374.21103 8.34779
2455395.04278 0.63389
2455603.36027 -21.97822
2455624.19202 -7.92184
2455645.02376 -20.40821
2455665.85551 -19.27755
2455686.68726 -5.82341
2455707.51901 -18.12177
2455728.35076 -12.53730
2455749.18251 -0.49035
2455770.01426 -10.72215
2455957.50000 5.98688
