2445000.00000 22.22480
2445020.83175 30.76121
2445041.66350 43.41083
2445062.49525 34.41052
2445083.32700 28.84323
2445104.15875 26.28484
2445124.99049 33.11153
2445145.82224 38.46178
2445166.65399 38.06843
2445374.97148 34.29496
2445395.80323 24.82518
2445416.63498 17.17380
2445437.46673 14.81901
2445458.29848 23.60090
2445479.13023 26.69480
2445499.96198 21.31054
2445520.79373 14.48707
2445541.62548 12.76811
2445749.94297 4.47976
2445770.77471 10.87203
2445791.60646 21.34078
2445812.43821 16.60780
2445833.26996 7.39070
2445854.10171 2.83956
2445874.93346 7.75855
2445895.76521 15.65739
2446104.08270 12.20999
2446124.91445 17.15955
2446145.74620 14.22309
2446166.57795 4.92578
2446187.40970 6.42917
2446208.24144 18.14418
2446229.07319 23.65420
2446249.90494 17.58645
2446270.73669 9.24634
2446479.05418 16.89142
2446499.88593 12.64350
2446520.71768 19.42001
2446541.54943 31.66314
2446562.38118 30.91846
2446583.21293 18.95476
2446604.04468 18.37903
2446624.87643 27.92865
2446833.19392 31.96197
2446854.02567 32.52443
2446874.85741 37.41628
2446895.68916 35.57285
2446916.52091 20.90101
2446937.35266 25.00443
2446958.18441 36.17353
2446979.01616 37.75245
2446999.84791 39.80322
2447208.16540 31.95962
2447228.99715 24.36064
2447249.82890 19.93743
2447270.66065 28.60349
2447291.49240 35.97807
2447312.32414 36.03344
2447333.15589 19.72661
2447353.98764 19.11847
2447562.30513 9.94352
2447583.13688 13.60381
2447603.96863 22.25090
2447624.80038 26.68566
2447645.63213 18.93830
2447666.46388 8.77597
2447687.29563 11.51912
2447708.12738 18.44072
2447728.95913 19.12932
2447937.27662 17.08354
2447958.10837 12.54023
2447978.94011 5.63174
2447999.77186 3.17711
2448020.60361 9.82393
2448041.43536 18.52888
2448062.26711 14.51857
2448083.09886 7.53234
2448291.41635 13.47364
2448312.24810 6.06126
2448333.07985 9.70654
2448353.91160 19.79149
2448374.74335 24.45797
2448395.57510 15.31350
2448416.40684 11.19371
2448437.23859 12.06220
2448458.07034 24.60352
2448666.38783 31.28958
2448687.21958 36.76697
2448708.05133 32.25763
2448728.88308 24.07182
2448749.71483 22.80101
2448770.54658 27.10897
2448791.37833 39.72135
2448812.21008 35.48292
2449020.52757 32.98149
2449041.35932 26.91045
2449062.19106 26.55220
2449083.02281 29.10211
2449103.85456 33.15368
2449124.68631 35.16166
2449145.51806 31.90349
2449166.34981 23.18495
2449187.18156 24.29577
2449395.49905 22.38025
2449416.33080 29.68774
2449437.16255 30.29998
2449457.99430 30.64836
2449478.82605 17.00608
2449499.65779 18.87266
2449520.48954 20.83540
2449541.32129 27.40708
2449562.15304 30.41343
2449749.63878 22.29230
2449770.47053 20.97437
2449791.30228 11.61013
2449812.13403 4.76870
2449832.96578 6.12104
2449853.79753 15.87167
2449874.62928 17.69453
2449895.46103 12.28475
2449916.29278 4.18177
2450124.61027 4.20117
2450145.44202 3.01436
2450166.27376 11.82049
2450187.10551 17.78308
2450207.93726 12.55811
2450228.76901 6.61566
2450249.60076 4.26019
2450270.43251 13.76519
2450291.26426 18.16603
2450478.75000 13.88869
2450499.58175 27.65975
2450520.41350 24.85099
2450541.24525 17.04602
2450562.07700 14.74346
2450582.90875 20.34964
2450603.74049 26.46710
2450624.57224 30.26294
2450645.40399 24.39547
2450853.72148 28.70599
2450874.55323 26.10457
2450895.38498 24.89936
2450916.21673 27.23493
2450937.04848 39.38530
2450957.88023 35.62960
2450978.71198 26.89466
2450999.54373 27.76354
2451020.37548 34.81913
2451228.69297 23.61292
2451249.52471 33.71230
2451270.35646 31.54512
2451291.18821 21.95577
2451312.01996 22.45126
2451332.85171 23.38728
2451353.68346 36.56982
2451374.51521 34.87689
2451582.83270 26.66292
2451603.66445 22.76669
2451624.49620 11.67291
2451645.32795 11.47860
2451666.15970 15.05988
2451686.99144 25.95643
2451707.82319 18.78015
2451728.65494 14.25532
2451749.48669 8.80288
2451957.80418 2.35065
2451978.63593 7.88998
2451999.46768 17.09799
2452020.29943 17.73664
2452041.13118 8.83594
2452061.96293 1.78881
2452082.79468 5.56594
2452103.62643 13.21512
2452311.94392 14.49257
2452332.77567 19.63023
2452353.60741 15.86237
2452374.43916 7.84688
2452395.27091 6.34596
2452416.10266 11.70785
2452436.93441 20.27752
2452457.76616 20.33677
2452478.59791 11.33266
2452686.91540 21.83694
2452707.74715 19.96959
2452728.57890 23.31878
2452749.41065 27.46446
2452770.24240 39.64270
2452791.07414 29.09632
2452811.90589 18.74889
2452832.73764 23.94497
2453041.05513 25.82126
2453061.88688 34.42995
2453082.71863 45.90999
2453103.55038 37.77927
2453124.38213 27.13831
2453145.21388 29.38033
2453166.04563 29.23819
2453186.87738 41.86557
2453207.70913 37.88627
2453416.02662 34.18198
2453436.85837 30.33306
2453457.69011 23.41208
2453478.52186 22.70922
2453499.35361 33.03650
2453520.18536 29.77552
2453541.01711 21.93015
2453561.84886 13.56829
2453770.16635 9.36337
2453790.99810 8.60716
2453811.82985 18.56718
2453832.66160 24.23232
2453853.49335 13.92040
2453874.32510 7.18803
2453895.15684 4.62861
2453915.98859 12.55966
2453936.82034 18.09814
2454145.13783 16.27031
2454165.96958 14.16782
2454186.80133 5.57537
2454207.63308 0.27595
2454228.46483 5.74545
2454249.29658 17.88792
2454270.12833 16.48435
2454290.96008 8.45679
2454499.27757 18.43270
2454520.10932 8.91249
2454540.94106 9.67938
2454561.77281 20.58198
2454582.60456 32.21935
2454603.43631 19.69647
2454624.26806 13.58169
2454645.09981 13.10693
2454665.93156 20.74815
2454874.24905 35.63349
2454895.08080 33.24540
2454915.91255 34.48859
2454936.74430 31.61779
2454957.57605 19.84616
2454978.40779 31.64035
2454999.23954 31.16858
2455020.07129 40.70075
2455040.90304 30.18809
2455228.38878 46.15392
2455249.22053 37.56101
2455270.05228 27.63116
2455290.88403 27.90425
2455311.71578 31.45486
2455332.54753 38.67003
2455353.37928 28.82853
2455374.21103 23.05094
2455395.04278 24.09418
2455603.36027 17.92402
2455624.19202 18.50432
2455645.02376 29.78218
2455665.85551 24.57541
2455686.68726 17.41940
2455707.51901 9.24007
2455728.35076 13.86121
2455749.18251 27.06054
2455770.01426 22.95474
2455957.50000 16.86732
