2445000.00000 31.29767
2445020.83175 35.36002
2445041.66350 40.22770
2445062.49525 39.86630
2445083.32700 37.58001
2445104.15875 43.68449
2445124.99049 45.28401
2445145.82224 42.05050
2445166.65399 51.91071
2445374.97148 18.23286
2445395.80323 12.00211
2445416.63498 12.17409
2445437.46673 9.99236
2445458.29848 10.12095
2445479.13023 8.94065
2445499.96198 13.12722
2445520.79373 16.93300
2445541.62548 25.00383
2445749.94297 32.65779
2445770.77471 32.16026
2445791.60646 28.44429
2445812.43821 29.22244
2445833.26996 27.40892
2445854.10171 29.12487
2445874.93346 25.49193
2445895.76521 23.72691
2446104.08270 65.41460
2446124.91445 73.05879
2446145.74620 68.45952
2446166.57795 53.71384
2446187.40970 62.48787
2446208.24144 69.76576
2446229.07319 61.57048
2446249.90494 75.01421
2446270.73669 60.44200
2446479.05418 60.39559
2446499.88593 64.57564
2446520.71768 65.17705
2446541.54943 89.58878
2446562.38118 80.85724
2446583.21293 84.00265
2446604.04468 74.65384
2446624.87643 62.69189
2446833.19392 46.09935
2446854.02567 43.97004
2446874.85741 32.36642
2446895.68916 43.70671
2446916.52091 37.85756
2446937.35266 38.90852
2446958.18441 37.56556
2446979.01616 39.04295
2446999.84791 43.07951
2447208.16540 27.23773
2447228.99715 22.96623
2447249.82890 27.89598
2447270.66065 16.30339
2447291.49240 13.96360
2447312.32414 9.01091
2447333.15589 8.72587
2447353.98764 10.45351
2447562.30513 37.29263
2447583.13688 30.24638
2447603.96863 28.75772
2447624.80038 32.60687
2447645.63213 34.43180
2447666.46388 31.72646
2447687.29563 32.77104
2447708.12738 30.66531
2447728.95913 24.96810
2447937.27662 41.95564
2447958.10837 48.50834
2447978.94011 57.60109
2447999.77186 62.76521
2448020.60361 69.77668
2448041.43536 57.64342
2448062.26711 57.39388
2448083.09886 67.42391
2448291.41635 47.83047
2448312.24810 54.46468
2448333.07985 42.90422
2448353.91160 64.66785
2448374.74335 64.26767
2448395.57510 54.96027
2448416.40684 64.12908
2448437.23859 76.79274
2448458.07034 74.77136
2448666.38783 60.39200
2448687.21958 51.62171
2448708.05133 53.94621
2448728.88308 52.67992
2448749.71483 44.87398
2448770.54658 41.60458
2448791.37833 42.16955
2448812.21008 43.35830
2449020.52757 55.00708
2449041.35932 36.29837
2449062.19106 43.19168
2449083.02281 40.68274
2449103.85456 30.11647
2449124.68631 30.03566
2449145.51806 24.86999
2449166.34981 19.22759
2449187.18156 20.11756
2449395.49905 26.85756
2449416.33080 30.56566
2449437.16255 33.50255
2449457.99430 32.86091
2449478.82605 35.54615
2449499.65779 33.70182
2449520.48954 32.52576
2449541.32129 31.99656
2449562.15304 31.07738
2449749.63878 18.21821
2449770.47053 22.50502
2449791.30228 25.19628
2449812.13403 24.01975
2449832.96578 34.47321
2449853.79753 43.35085
2449874.62928 42.88312
2449895.46103 49.38644
2449916.29278 54.45790
2450124.61027 53.97313
2450145.44202 50.87362
2450166.27376 62.34656
2450187.10551 54.07269
2450207.93726 51.59262
2450228.76901 46.50427
2450249.60076 53.61427
2450270.43251 59.15542
2450291.26426 64.09868
2450478.75000 82.96365
2450499.58175 76.76838
2450520.41350 81.05603
2450541.24525 63.80639
2450562.07700 55.51111
2450582.90875 66.07919
2450603.74049 62.59418
2450624.57224 59.78672
2450645.40399 50.73990
2450853.72148 57.83087
2450874.55323 67.75820
2450895.38498 67.27342
2450916.21673 54.28112
2450937.04848 57.92576
2450957.88023 54.68316
2450978.71198 50.47940
2450999.54373 41.33758
2451020.37548 41.14906
2451228.69297 17.26884
2451249.52471 18.25106
2451270.35646 20.91123
2451291.18821 28.00076
2451312.01996 27.87671
2451332.85171 30.24541
2451353.68346 36.91678
2451374.51521 36.06889
2451582.83270 11.36446
2451603.66445 10.34362
2451624.49620 11.30277
2451645.32795 14.40512
2451666.15970 15.05393
2451686.99144 20.93678
2451707.82319 20.10813
2451728.65494 31.52766
2451749.48669 36.42317
2451957.80418 55.69485
2451978.63593 48.51477
2451999.46768 49.18139
2452020.29943 50.35012
2452041.13118 50.93934
2452061.96293 43.17852
2452082.79468 47.71627
2452103.62643 49.01042
2452311.94392 84.24232
2452332.77567 95.67528
2452353.60741 80.10290
2452374.43916 80.17740
2452395.27091 91.19757
2452416.10266 69.09720
2452436.93441 72.71302
2452457.76616 70.91774
2452478.59791 72.69977
2452686.91540 53.31655
2452707.74715 68.14758
2452728.57890 64.77540
2452749.41065 67.95452
2452770.24240 42.02240
2452791.07414 61.79052
2452811.90589 76.74983
2452832.73764 61.29645
2453041.05513 13.50030
2453061.88688 13.95319
2453082.71863 12.73507
2453103.55038 11.89590
2453124.38213 17.47099
2453145.21388 17.33759
2453166.04563 21.81154
2453186.87738 28.21547
2453207.70913 28.60509
2453416.02662 16.11842
2453436.85837 8.88280
2453457.69011 11.17610
2453478.52186 6.25387
2453499.35361 6.75469
2453520.18536 6.63192
2453541.01711 7.68332
2453561.84886 10.03067
2453770.16635 59.67132
2453790.99810 60.75790
2453811.82985 61.73452
2453832.66160 49.26553
2453853.49335 48.55868
2453874.32510 53.88506
2453895.15684 54.72869
2453915.98859 40.98918
2453936.82034 51.87093
2454145.13783 67.82169
2454165.96958 64.02089
2454186.80133 81.63835
2454207.63308 85.96996
2454228.46483 82.78205
2454249.29658 86.22010
2454270.12833 89.46162
2454290.96008 75.28023
2454499.27757 66.69491
2454520.10932 58.34080
2454540.94106 53.20220
2454561.77281 46.19655
2454582.60456 56.34175
2454603.43631 63.99993
2454624.26806 70.45689
2454645.09981 69.79312
2454665.93156 74.30141
2454874.24905 30.04458
2454895.08080 21.75230
2454915.91255 22.67217
2454936.74430 21.61003
2454957.57605 18.26871
2454978.40779 16.41252
2454999.23954 17.48067
2455020.07129 17.64743
2455040.90304 17.35220
2455228.38878 33.74599
2455249.22053 25.93587
2455270.05228 23.34226
2455290.88403 18.28272
2455311.71578 13.70391
2455332.54753 12.46875
2455353.37928 6.69051
2455374.21103 4.31531
2455395.04278 1.87971
2455603.36027 36.97299
2455624.19202 47.45889
2455645.02376 45.71960
2455665.85551 59.16677
2455686.68726 54.47838
2455707.51901 42.35075
2455728.35076 48.48983
2455749.18251 53.97018
2455770.01426 39.12452
2455957.50000 44.38726
