2445000.00000 24.23938
2445020.83175 -13.99865
2445041.66350 50.98523
2445062.49525 -12.51978
2445083.32700 26.19674
2445104.15875 23.03921
2445124.99049 -9.45789
2445145.82224 52.87754
2445166.65399 -12.42867
2445374.97148 -17.35074
2445395.80323 42.05885
2445416.63498 8.98646
2445437.46673 5.68480
2445458.29848 49.71890
2445479.13023 -18.79125
2445499.96198 51.93133
2445520.79373 2.75270
2445541.62548 9.23001
2445749.94297 18.08559
2445770.77471 27.74183
2445791.60646 -15.42207
2445812.43821 48.04462
2445833.26996 -15.17751
2445854.10171 22.33170
2445874.93346 26.56711
2445895.76521 -16.48552
2446104.08270 -11.95458
2446124.91445 38.55887
2446145.74620 -22.92593
2446166.57795 24.45622
2446187.40970 1.45417
2446208.24144 -9.33518
2446229.07319 33.71506
2446249.90494 -28.72920
2446270.73669 27.08561
2446479.05418 20.87412
2446499.88593 -21.45450
2446520.71768 -3.60149
2446541.54943 15.38298
2446562.38118 -31.79887
2446583.21293 28.05452
2446604.04468 -30.28353
2446624.87643 -0.75466
2446833.19392 5.07790
2446854.02567 -5.03112
2446874.85741 -35.68490
2446895.68916 22.79690
2446916.52091 -42.48588
2446937.35266 5.64093
2446958.18441 -12.66522
2446979.01616 -28.48248
2446999.84791 18.58979
2447208.16540 8.53212
2447228.99715 -46.87764
2447249.82890 14.52792
2447270.66065 -28.00267
2447291.49240 -19.02639
2447312.32414 6.22955
2447333.15589 -44.31721
2447353.98764 16.51891
2447562.30513 18.89827
2447583.13688 -45.13868
2447603.96863 -5.77469
2447624.80038 -7.01558
2447645.63213 -46.75019
2447666.46388 17.07783
2447687.29563 -45.33582
2447708.12738 -0.27065
2447728.95913 -11.99812
2447937.27662 -18.09930
2447958.10837 -25.91719
2447978.94011 18.70275
2447999.77186 -42.55703
2448020.60361 18.91608
2448041.43536 -20.35248
2448062.26711 -24.18598
2448083.09886 13.59636
2448291.41635 12.44776
2448312.24810 -36.14699
2448333.07985 29.01369
2448353.91160 -26.54283
2448374.74335 3.50587
2448395.57510 11.01403
2448416.40684 -29.26063
2448437.23859 36.78714
2448458.07034 -29.96534
2448666.38783 -26.06583
2448687.21958 21.56461
2448708.05133 3.15641
2448728.88308 -13.50968
2448749.71483 42.47284
2448770.54658 -22.21934
2448791.37833 30.71179
2448812.21008 0.22710
2449020.52757 -5.87320
2449041.35932 9.93995
2449062.19106 34.56827
2449083.02281 -22.81884
2449103.85456 44.75385
2449124.68631 -7.48403
2449145.51806 17.74680
2449166.34981 37.62240
2449187.18156 -16.87999
2449395.49905 -8.25572
2449416.33080 51.04106
2449437.16255 -13.64405
2449457.99430 37.68266
2449478.82605 19.76676
2449499.65779 -4.10287
2449520.48954 44.64196
2449541.32129 -17.79349
2449562.15304 37.55905
2449749.63878 -19.74027
2449770.47053 48.46317
2449791.30228 2.80993
2449812.13403 9.59632
2449832.96578 43.74220
2449853.79753 -19.20589
2449874.62928 50.28204
2449895.46103 -3.17265
2449916.29278 12.30725
2450124.61027 15.50848
2450145.44202 23.77401
2450166.27376 -15.86968
2450187.10551 44.02923
2450207.93726 -22.35001
2450228.76901 25.44202
2450249.60076 18.48320
2450270.43251 -12.17694
2450291.26426 45.83104
2450478.75000 -12.03473
2450499.58175 31.17789
2450520.41350 -29.44338
2450541.24525 26.65257
2450562.07700 -8.67946
2450582.90875 -11.59074
2450603.74049 30.77942
2450624.57224 -40.55287
2450645.40399 33.58904
2450853.72148 21.84597
2450874.55323 -29.97477
2450895.38498 -2.79083
2450916.21673 8.46024
2450937.04848 -36.74439
2450957.88023 30.90838
2450978.71198 -34.31111
2450999.54373 0.32004
2451020.37548 0.67343
2451228.69297 -14.08312
2451249.52471 -34.25692
2451270.35646 16.51131
2451291.18821 -48.27625
2451312.01996 8.66311
2451332.85171 -21.37424
2451353.68346 -32.53220
2451374.51521 16.40604
2451582.83270 7.01046
2451603.66445 -58.01903
2451624.49620 16.39704
2451645.32795 -42.80562
2451666.15970 -14.91426
2451686.99144 1.95609
2451707.82319 -58.02487
2451728.65494 16.06769
2451749.48669 -45.98794
2451957.80418 -45.38408
2451978.63593 0.43393
2451999.46768 -9.34013
2452020.29943 -40.87320
2452041.13118 19.70255
2452061.96293 -53.10268
2452082.79468 7.22578
2452103.62643 -16.41564
2452311.94392 -21.27832
2452332.77567 -19.03679
2452353.60741 16.96866
2452374.43916 -40.82962
2452395.27091 26.44759
2452416.10266 -25.20617
2452436.93441 -10.72023
2452457.76616 17.64848
2452478.59791 -40.89752
2452686.91540 -34.05624
2452707.74715 43.04664
2452728.57890 -31.55375
2452749.41065 14.70406
2452770.24240 11.92630
2452791.07414 -24.31550
2452811.90589 46.80177
2452832.73764 -36.04917
2453041.05513 -32.76203
2453061.88688 37.38781
2453082.71863 2.02468
2453103.55038 -2.82923
2453124.38213 36.43555
2453145.21388 -24.31246
2453166.04563 40.85153
2453186.87738 -1.10600
2453207.70913 4.21889
2453416.02662 13.92875
2453436.85837 35.21713
2453457.69011 -17.18177
2453478.52186 48.08112
2453499.35361 -9.57790
2453520.18536 24.92620
2453541.01711 33.88717
2453561.84886 -12.11659
2453770.16635 -5.20957
2453790.99810 59.27620
2453811.82985 -17.45622
2453832.66160 37.16435
2453853.49335 17.18607
2453874.32510 0.13756
2453895.15684 54.80993
2453915.98859 -19.77998
2453936.82034 52.83593
2454145.13783 46.44233
2454165.96958 -4.90866
2454186.80133 12.16275
2454207.63308 42.10154
2454228.46483 -24.80431
2454249.29658 44.96100
2454270.12833 -10.20932
2454290.96008 18.45352
2454499.27757 26.91886
2454520.10932 16.30122
2454540.94106 -21.65987
2454561.77281 46.04468
2454582.60456 -26.62805
2454603.43631 29.25922
2454624.26806 7.03852
2454645.09981 -20.44063
2454665.93156 41.53773
2454874.24905 28.28980
2454895.08080 -34.58580
2454915.91255 29.73920
2454936.74430 -18.84175
2454957.57605 -9.54907
2454978.40779 21.80266
2454999.23954 -54.70862
2455020.07129 29.96510
2455040.90304 -28.77567
2455228.38878 27.05269
2455249.22053 -36.17248
2455270.05228 -1.47495
2455290.88403 -0.80161
2455311.71578 -39.83769
2455332.54753 26.25983
2455353.37928 -48.66662
2455374.21103 2.18223
2455395.04278 -9.53845
2455603.36027 -23.41313
2455624.19202 -38.72840
2455645.02376 14.45184
2455665.85551 -62.87075
2455686.68726 10.39416
2455707.51901 -27.27902
2455728.35076 -24.90158
2455749.18251 10.60084
2455770.01426 -60.33975
2455957.50000 2.80630
