2445000.00000 30.69435
2445030.77949 31.73540
2445061.55899 24.58977
2445092.33848 18.60819
2445123.11798 20.81126
2445153.89747 25.45352
2445369.35393 20.05639
2445400.13343 25.99157
2445430.91292 28.04894
2445461.69242 19.75121
2445492.47191 14.47534
2445523.25140 11.39590
2445738.70787 4.90229
2445769.48736 6.24775
2445800.26685 12.83221
2445831.04635 15.86430
2445861.82584 15.04300
2445892.60534 10.33757
2446108.06180 10.21675
2446138.84129 3.97594
2446169.62079 3.29544
2446200.40028 8.37002
2446231.17978 15.58519
2446261.95927 17.79393
2446477.41573 30.43554
2446508.19522 29.09433
2446538.97472 18.27758
2446569.75421 15.25130
2446600.53371 16.63993
2446631.31320 21.98816
2446846.76966 24.07470
2446877.54916 33.73539
2446908.32865 33.66261
2446939.10815 34.34812
2446969.88764 24.87541
2447000.66713 24.45341
2447216.12360 23.69261
2447246.90309 22.09977
2447277.68258 29.92367
2447308.46208 29.88706
2447339.24157 27.11371
2447370.02107 24.95556
2447585.47753 13.81289
2447616.25702 8.10267
2447647.03652 8.62649
2447677.81601 15.48506
2447708.59551 19.27268
2447924.05197 17.89604
2447954.83146 15.66345
2447985.61096 10.18274
2448016.39045 2.74145
2448047.16994 0.04514
2448077.94944 3.81855
2448293.40590 6.29908
2448324.18539 15.00957
2448354.96489 18.64527
2448385.74438 19.80289
2448416.52388 10.11491
2448447.30337 6.57089
2448662.75983 12.12994
2448693.53933 14.22803
2448724.31882 20.88873
2448755.09831 27.12296
2448785.87781 29.45129
2448816.65730 29.19078
2449032.11376 31.91063
2449062.89326 18.76977
2449093.67275 21.79738
2449124.45225 27.60440
2449155.23174 30.96365
2449186.01124 39.29240
2449401.46770 31.37754
2449432.24719 28.92163
2449463.02669 22.85965
2449493.80618 16.53938
2449524.58567 14.62601
2449555.36517 15.25557
2449770.82163 15.01244
2449801.60112 21.32756
2449832.38062 18.06810
2449863.16011 15.47036
2449893.93961 7.76433
2449924.71910 2.60930
2450140.17556 0.04732
2450170.95506 3.60318
2450201.73455 9.59404
2450232.51404 16.43743
2450263.29354 17.60057
2450478.75000 19.61279
2450509.52949 11.78234
2450540.30899 8.36681
2450571.08848 8.60813
2450601.86798 14.10344
2450632.64747 24.07346
2450848.10393 30.15925
2450878.88343 33.15023
2450909.66292 27.75906
2450940.44242 23.28026
2450971.22191 19.14590
2451002.00140 21.56200
2451217.45787 23.00660
2451248.23736 33.18802
2451279.01685 39.55337
2451309.79635 38.93045
2451340.57584 26.89779
2451371.35534 25.50736
2451586.81180 15.51253
2451617.59129 13.99145
2451648.37079 17.51469
2451679.15028 21.92733
2451709.92978 31.59704
2451740.70927 20.33230
2451956.16573 12.64889
2451986.94522 8.44161
2452017.72472 4.04916
2452048.50421 5.18331
2452079.28371 11.27700
2452110.06320 13.08957
2452325.51966 17.86403
2452356.29916 13.02874
2452387.07865 10.71956
2452417.85815 6.08129
2452448.63764 3.63333
2452479.41713 7.38469
2452694.87360 14.26826
2452725.65309 20.95074
2452756.43258 23.41227
2452787.21208 25.40577
2452817.99157 13.73506
2452848.77107 13.83680
2453064.22753 18.97817
2453095.00702 21.73019
2453125.78652 30.59028
2453156.56601 31.23364
2453187.34551 30.57666
2453402.80197 34.49981
2453433.58146 28.02018
2453464.36096 21.91421
2453495.14045 22.81745
2453525.91994 24.14752
2453556.69944 27.41824
2453772.15590 25.96650
2453802.93539 23.38016
2453833.71489 24.23777
2453864.49438 13.77158
2453895.27388 10.91687
2453926.05337 9.47146
2454141.50983 6.04335
2454172.28933 11.55222
2454203.06882 16.42994
2454233.84831 17.04542
2454264.62781 10.87697
2454295.40730 7.49074
2454510.86376 7.39865
2454541.64326 5.60427
2454572.42275 9.78442
2454603.20225 14.41453
2454633.98174 16.58774
2454664.76124 17.60626
2454880.21770 26.25434
2454910.99719 18.25151
2454941.77669 13.86307
2454972.55618 16.31820
2455003.33567 20.04829
2455034.11517 29.15287
2455249.57163 29.56573
2455280.35112 30.32999
2455311.13062 27.77133
2455341.91011 23.24578
2455372.68961 19.07193
2455403.46910 25.09788
2455618.92556 19.71459
2455649.70506 26.74006
2455680.48455 28.46626
2455711.26404 32.51330
2455742.04354 19.68253
2455957.50000 19.54392
