2445000.00000 3.17777
2445030.77949 21.15654
2445061.55899 3.97334
2445092.33848 18.70371
2445123.11798 5.37093
2445153.89747 19.32290
2445369.35393 15.47166
2445400.13343 8.40608
2445430.91292 19.50811
2445461.69242 6.28291
2445492.47191 20.37836
2445523.25140 5.19345
2445738.70787 19.64275
2445769.48736 8.10793
2445800.26685 16.37492
2445831.04635 10.12329
2445861.82584 12.67980
2445892.60534 12.07945
2446108.06180 2.21926
2446138.84129 16.71755
2446169.62079 0.97665
2446200.40028 16.75735
2446231.17978 0.51419
2446261.95927 15.13836
2446477.41573 6.18517
2446508.19522 3.80871
2446538.97472 8.98887
2446569.75421 0.41947
2446600.53371 9.69945
2446631.31320 -2.37844
2446846.76966 8.99105
2446877.54916 -7.37065
2446908.32865 6.99940
2446939.10815 -6.08452
2446969.88764 2.91616
2447000.66713 -5.29953
2447216.12360 -12.07336
2447246.90309 1.84142
2447277.68258 -11.87230
2447308.46208 2.04193
2447339.24157 -14.94238
2447370.02107 1.79459
2447585.47753 -12.30702
2447616.25702 -7.76113
2447647.03652 -11.95707
2447677.81601 -10.61357
2447708.59551 -8.89432
2447924.05197 -21.78940
2447954.83146 -3.67131
2447985.61096 -23.69371
2448016.39045 -5.01834
2448047.16994 -19.08078
2448077.94944 -6.80741
2448293.40590 -9.25043
2448324.18539 -17.15232
2448354.96489 -9.88819
2448385.74438 -19.70051
2448416.52388 -5.82700
2448447.30337 -21.50400
2448662.75983 -6.87063
2448693.53933 -17.50762
2448724.31882 -7.13473
2448755.09831 -12.24271
2448785.87781 -11.10131
2448816.65730 -12.09151
2449032.11376 -18.62695
2449062.89326 -1.21434
2449093.67275 -15.95929
2449124.45225 0.14165
2449155.23174 -14.38329
2449186.01124 0.44735
2449401.46770 -6.15421
2449432.24719 -5.70629
2449463.02669 -1.97437
2449493.80618 -8.87641
2449524.58567 1.40184
2449555.36517 -7.92713
2449770.82163 9.33833
2449801.60112 -7.29209
2449832.38062 8.14343
2449863.16011 -3.97039
2449893.93961 5.93676
2449924.71910 -1.10770
2450140.17556 0.08176
2450170.95506 13.19204
2450201.73455 -1.02460
2450232.51404 14.25272
2450263.29354 -1.09176
2450478.75000 14.03959
2450509.52949 6.13863
2450540.30899 13.44077
2450571.08848 9.03355
2450601.86798 9.17262
2450632.64747 13.17081
2450848.10393 3.95240
2450878.88343 18.19339
2450909.66292 4.08898
2450940.44242 19.68353
2450971.22191 5.69581
2451002.00140 15.10525
2451217.45787 12.46439
2451248.23736 11.70790
2451279.01685 20.82206
2451309.79635 7.55511
2451340.57584 16.21337
2451371.35534 5.77093
2451586.81180 20.54126
2451617.59129 5.02659
2451648.37079 16.36596
2451679.15028 6.75678
2451709.92978 12.28513
2451740.70927 8.47281
2451956.16573 1.55083
2451986.94522 16.54600
2452017.72472 -0.18905
2452048.50421 16.88133
2452079.28371 -1.27255
2452110.06320 14.25711
2452325.51966 2.25513
2452356.29916 3.62564
2452387.07865 4.22524
2452417.85815 0.19591
2452448.63764 5.68309
2452479.41713 -3.12445
2452694.87360 6.67345
2452725.65309 -7.63273
2452756.43258 4.15047
2452787.21208 -7.69930
2452817.99157 1.89351
2452848.77107 -7.24073
2453064.22753 -10.24195
2453095.00702 -0.72820
2453125.78652 -13.29071
2453156.56601 0.01163
2453187.34551 -14.77435
2453402.80197 -4.85527
2453433.58146 -14.17013
2453464.36096 -6.88485
2453495.14045 -10.92144
2453525.91994 -11.82899
2453556.69944 -10.59513
2453772.15590 -18.62362
2453802.93539 -3.41802
2453833.71489 -19.19071
2453864.49438 -4.68349
2453895.27388 -15.75863
2453926.05337 -5.55905
2454141.50983 -10.40643
2454172.28933 -12.75105
2454203.06882 -9.59299
2454233.84831 -14.27936
2454264.62781 -6.09843
2454295.40730 -17.58526
2454510.86376 -3.72671
2454541.64326 -12.84827
2454572.42275 -4.70733
2454603.20225 -13.64356
2454633.98174 -5.43158
2454664.76124 -10.11974
2454880.21770 -13.57200
2454910.99719 -0.21369
2454941.77669 -12.77230
2454972.55618 1.28745
2455003.33567 -12.07511
2455034.11517 1.78030
2455249.57163 -4.36297
2455280.35112 -1.15392
2455311.13062 -1.51249
2455341.91011 -2.77064
2455372.68961 1.39702
2455403.46910 -3.70500
2455618.92556 9.20481
2455649.70506 -4.40807
2455680.48455 6.75695
2455711.26404 -2.42504
2455742.04354 8.02035
2455957.50000 7.80615
