2445000.00000 -4.63908
2445030.77949 -1.20243
2445061.55899 0.64365
2445092.33848 -1.47999
2445123.11798 -4.28524
2445153.89747 -5.60959
2445369.35393 -1.92374
2445400.13343 -1.98715
2445430.91292 -6.11419
2445461.69242 -8.87371
2445492.47191 -5.92069
2445523.25140 -2.76782
2445738.70787 -4.89210
2445769.48736 -7.79477
2445800.26685 -9.41725
2445831.04635 -3.89473
2445861.82584 -2.81903
2445892.60534 -4.69666
2446108.06180 -8.11637
2446138.84129 -5.48114
2446169.62079 -2.07499
2446200.40028 -2.19059
2446231.17978 -6.95683
2446261.95927 -7.10737
2446477.41573 -0.90375
2446508.19522 0.64553
2446538.97472 -1.89840
2446569.75421 -4.41858
2446600.53371 -3.87585
2446631.31320 -0.24185
2446846.76966 2.41287
2446877.54916 -0.96434
2446908.32865 -1.74588
2446939.10815 1.07022
2446969.88764 4.10881
2447000.66713 4.15083
2447216.12360 0.59500
2447246.90309 2.00225
2447277.68258 5.87305
2447308.46208 8.00081
2447339.24157 4.66570
2447370.02107 1.85228
2447585.47753 6.83715
2447616.25702 8.69235
2447647.03652 7.76084
2447677.81601 3.63923
2447708.59551 2.50680
2447924.05197 7.73097
2447954.83146 9.60072
2447985.61096 6.02067
2448016.39045 2.21168
2448047.16994 4.12826
2448077.94944 7.13064
2448293.40590 4.70581
2448324.18539 1.35500
2448354.96489 1.06357
2448385.74438 3.69631
2448416.52388 5.29873
2448447.30337 3.75457
2448662.75983 -2.19799
2448693.53933 -0.13408
2448724.31882 3.27573
2448755.09831 3.08007
2448785.87781 -0.54536
2448816.65730 -3.86356
2449032.11376 -1.12099
2449062.89326 0.69661
2449093.67275 -1.82875
2449124.45225 -6.00383
2449155.23174 -6.07984
2449186.01124 -2.55085
2449401.46770 -2.74751
2449432.24719 -6.82910
2449463.02669 -9.28228
2449493.80618 -6.98034
2449524.58567 -2.80474
2449555.36517 -2.89359
2449770.82163 -9.09444
2449801.60112 -7.07473
2449832.38062 -4.79714
2449863.16011 -2.50577
2449893.93961 -4.92867
2449924.71910 -7.78988
2450140.17556 -5.30418
2450170.95506 -2.06145
2450201.73455 -2.64024
2450232.51404 -6.44303
2450263.29354 -7.49065
2450478.75000 -0.75571
2450509.52949 0.46640
2450540.30899 -2.11191
2450571.08848 -5.51603
2450601.86798 -4.07946
2450632.64747 -0.08882
2450848.10393 2.04107
2450878.88343 -1.14148
2450909.66292 -1.51980
2450940.44242 1.16737
2450971.22191 4.43619
2451002.00140 4.83660
2451217.45787 0.64405
2451248.23736 2.47493
2451279.01685 6.00814
2451309.79635 8.02662
2451340.57584 3.89018
2451371.35534 2.06949
2451586.81180 6.88142
2451617.59129 8.09836
2451648.37079 9.15942
2451679.15028 4.03217
2451709.92978 3.21384
2451740.70927 6.37613
2451956.16573 9.04071
2451986.94522 6.00838
2452017.72472 2.51125
2452048.50421 3.48577
2452079.28371 7.90702
2452110.06320 8.94219
2452325.51966 1.31989
2452356.29916 1.07149
2452387.07865 4.89577
2452417.85815 7.16238
2452448.63764 5.16854
2452479.41713 0.87371
2452694.87360 0.08350
2452725.65309 3.65227
2452756.43258 3.61445
2452787.21208 -0.58242
2452817.99157 -3.81797
2452848.77107 -2.32496
2453064.22753 0.76286
2453095.00702 -2.31249
2453125.78652 -5.73739
2453156.56601 -5.34993
2453187.34551 -2.79639
2453402.80197 -2.34041
2453433.58146 -6.32059
2453464.36096 -8.70054
2453495.14045 -6.30026
2453525.91994 -3.06277
2453556.69944 -2.74195
2453772.15590 -8.48605
2453802.93539 -7.97499
2453833.71489 -4.68700
2453864.49438 -2.41351
2453895.27388 -4.79023
2453926.05337 -8.29903
2454141.50983 -4.92852
2454172.28933 -2.17224
2454203.06882 -2.38451
2454233.84831 -6.04335
2454264.62781 -8.82738
2454295.40730 -5.33438
2454510.86376 0.47155
2454541.64326 -2.54977
2454572.42275 -4.75899
2454603.20225 -3.62444
2454633.98174 -0.00426
2454664.76124 1.77485
2454880.21770 -1.58087
2454910.99719 -2.03052
2454941.77669 1.49868
2454972.55618 4.52417
2455003.33567 4.15002
2455034.11517 0.61372
2455249.57163 2.79168
2455280.35112 6.34778
2455311.13062 7.83568
2455341.91011 4.64395
2455372.68961 1.38384
2455403.46910 2.45886
2455618.92556 7.30841
2455649.70506 7.29792
2455680.48455 4.29793
2455711.26404 3.50747
2455742.04354 5.59266
2455957.50000 8.43781
