2445000.00000 19.81529
2445030.77949 24.47691
2445061.55899 38.56822
2445092.33848 33.01662
2445123.11798 17.84802
2445153.89747 21.31769
2445369.35393 21.76925
2445400.13343 27.28788
2445430.91292 41.60930
2445461.69242 49.23874
2445492.47191 27.44126
2445523.25140 26.04394
2445738.70787 25.87406
2445769.48736 21.36515
2445800.26685 39.12041
2445831.04635 55.14278
2445861.82584 35.41116
2445892.60534 19.27124
2446108.06180 29.98504
2446138.84129 17.12695
2446169.62079 29.69348
2446200.40028 48.67195
2446231.17978 29.30274
2446261.95927 13.34393
2446477.41573 30.20698
2446508.19522 13.48264
2446538.97472 22.64275
2446569.75421 35.60294
2446600.53371 23.95855
2446631.31320 10.19553
2446846.76966 31.97510
2446877.54916 8.85767
2446908.32865 9.24427
2446939.10815 26.06688
2446969.88764 24.41010
2447000.66713 6.32624
2447216.12360 30.29925
2447246.90309 6.45241
2447277.68258 2.98319
2447308.46208 19.82534
2447339.24157 20.89068
2447370.02107 7.57047
2447585.47753 26.58648
2447616.25702 12.26319
2447647.03652 1.11480
2447677.81601 15.87077
2447708.59551 29.70693
2447924.05197 18.95643
2447954.83146 29.95957
2447985.61096 19.25709
2448016.39045 3.79603
2448047.16994 18.39905
2448077.94944 35.49619
2448293.40590 19.96193
2448324.18539 36.24003
2448354.96489 31.69808
2448385.74438 11.58710
2448416.52388 15.05968
2448447.30337 39.09463
2448662.75983 21.36483
2448693.53933 37.71394
2448724.31882 39.57620
2448755.09831 16.89881
2448785.87781 20.43151
2448816.65730 27.57220
2449032.11376 24.85043
2449062.89326 39.41211
2449093.67275 48.97160
2449124.45225 33.73015
2449155.23174 18.34472
2449186.01124 44.61527
2449401.46770 21.04926
2449432.24719 39.04061
2449463.02669 46.65491
2449493.80618 34.20009
2449524.58567 20.34284
2449555.36517 39.56592
2449770.82163 18.77892
2449801.60112 30.35995
2449832.38062 35.06782
2449863.16011 32.03512
2449893.93961 14.62723
2449924.71910 28.07688
2450140.17556 13.93724
2450170.95506 14.04343
2450201.73455 42.97562
2450232.51404 30.57027
2450263.29354 11.62538
2450478.75000 32.41191
2450509.52949 10.57570
2450540.30899 11.97915
2450571.08848 26.15013
2450601.86798 30.24858
2450632.64747 8.14641
2450848.10393 31.45129
2450878.88343 10.45627
2450909.66292 3.65237
2450940.44242 21.36274
2450971.22191 23.05806
2451002.00140 11.82738
2451217.45787 26.21958
2451248.23736 12.85346
2451279.01685 2.96478
2451309.79635 18.44741
2451340.57584 29.49944
2451371.35534 17.52142
2451586.81180 36.38678
2451617.59129 22.88062
2451648.37079 4.94491
2451679.15028 15.93640
2451709.92978 33.38718
2451740.70927 26.95815
2451956.16573 38.92260
2451986.94522 27.49770
2452017.72472 12.77293
2452048.50421 19.86513
2452079.28371 31.11404
2452110.06320 30.18912
2452325.51966 37.49198
2452356.29916 39.17198
2452387.07865 25.81124
2452417.85815 23.28973
2452448.63764 41.97831
2452479.41713 42.80970
2452694.87360 38.46346
2452725.65309 50.08225
2452756.43258 29.23225
2452787.21208 21.72105
2452817.99157 36.27231
2452848.77107 41.82288
2453064.22753 31.26367
2453095.00702 40.53902
2453125.78652 33.73963
2453156.56601 20.57880
2453187.34551 35.88988
2453402.80197 20.62204
2453433.58146 27.84723
2453464.36096 39.82475
2453495.14045 32.98349
2453525.91994 19.59208
2453556.69944 24.20401
2453772.15590 14.86821
2453802.93539 18.22482
2453833.71489 31.73513
2453864.49438 38.95871
2453895.27388 10.14402
2453926.05337 15.16141
2454141.50983 15.32312
2454172.28933 13.55592
2454203.06882 26.76154
2454233.84831 31.09327
2454264.62781 11.15160
2454295.40730 8.96729
2454510.86376 12.78463
2454541.64326 9.22305
2454572.42275 21.78637
2454603.20225 29.94257
2454633.98174 15.25775
2454664.76124 6.54755
2454880.21770 17.69335
2454910.99719 6.49502
2454941.77669 19.82993
2454972.55618 22.74939
2455003.33567 19.13133
2455034.11517 7.95035
2455249.57163 21.24691
2455280.35112 10.69838
2455311.13062 18.74039
2455341.91011 29.67260
2455372.68961 24.81250
2455403.46910 10.84812
2455618.92556 25.87718
2455649.70506 19.18283
2455680.48455 17.02088
2455711.26404 25.00716
2455742.04354 31.70394
2455957.50000 31.18051
