2445000.00000 -2.66202
2445030.77949 0.43966
2445061.55899 -1.79824
2445092.33848 -2.40951
2445123.11798 0.07791
2445153.89747 -3.24214
2445369.35393 -0.48237
2445400.13343 -4.21268
2445430.91292 -2.68525
2445461.69242 -0.96322
2445492.47191 -2.79364
2445523.25140 -1.27198
2445738.70787 -3.44652
2445769.48736 -1.11560
2445800.26685 -0.23553
2445831.04635 -2.65386
2445861.82584 0.39401
2445892.60534 -0.90830
2446108.06180 1.36387
2446138.84129 1.26359
2446169.62079 -0.80794
2446200.40028 2.36249
2446231.17978 0.43312
2446261.95927 0.62768
2446477.41573 1.68990
2446508.19522 0.78294
2446538.97472 4.73169
2446569.75421 1.13094
2446600.53371 2.54216
2446631.31320 4.15704
2446846.76966 1.49916
2446877.54916 2.91970
2446908.32865 0.22734
2446939.10815 2.14074
2446969.88764 2.94139
2447000.66713 -0.35769
2447216.12360 1.84422
2447246.90309 -1.75418
2447277.68258 1.06315
2447308.46208 0.19834
2447339.24157 -1.77107
2447370.02107 1.23274
2447585.47753 -3.73074
2447616.25702 -0.37757
2447647.03652 -2.05347
2447677.81601 -3.20920
2447708.59551 -0.26572
2447924.05197 -4.60243
2447954.83146 -0.53633
2447985.61096 -3.35333
2448016.39045 -3.24307
2448047.16994 -0.42609
2448077.94944 -3.71006
2448293.40590 0.65939
2448324.18539 -2.89156
2448354.96489 -1.00683
2448385.74438 0.73438
2448416.52388 -2.36812
2448447.30337 0.88394
2448662.75983 -0.64201
2448693.53933 1.74977
2448724.31882 2.95230
2448755.09831 -0.37800
2448785.87781 2.99371
2448816.65730 1.28919
2449032.11376 4.13872
2449062.89326 2.70964
2449093.67275 0.81055
2449124.45225 4.84828
2449155.23174 1.43781
2449186.01124 1.84391
2449401.46770 1.56326
2449432.24719 0.51603
2449463.02669 3.18253
2449493.80618 -0.01112
2449524.58567 1.19283
2449555.36517 2.95632
2449770.82163 -0.99475
2449801.60112 1.48442
2449832.38062 -2.53784
2449863.16011 -0.30191
2449893.93961 -0.06037
2449924.71910 -3.34180
2450140.17556 -0.62782
2450170.95506 -4.43860
2450201.73455 -1.39713
2450232.51404 -1.81864
2450263.29354 -4.51667
2450478.75000 -1.48789
2450509.52949 -3.84287
2450540.30899 -0.61668
2450571.08848 -2.18184
2450601.86798 -3.38112
2450632.64747 0.14442
2450848.10393 -2.72441
2450878.88343 1.75176
2450909.66292 -1.13670
2450940.44242 -0.90721
2450971.22191 2.10313
2451002.00140 -1.61319
2451217.45787 4.11520
2451248.23736 0.30894
2451279.01685 2.00634
2451309.79635 3.21369
2451340.57584 0.10048
2451371.35534 4.16513
2451586.81180 0.75806
2451617.59129 2.68211
2451648.37079 3.44404
2451679.15028 0.56535
2451709.92978 5.18202
2451740.70927 2.06712
2451956.16573 3.14850
2451986.94522 1.86905
2452017.72472 -0.79415
2452048.50421 3.64913
2452079.28371 -0.38883
2452110.06320 -0.14738
2452325.51966 -1.66899
2452356.29916 -2.29514
2452387.07865 0.78132
2452417.85815 -3.63880
2452448.63764 -1.60512
2452479.41713 -0.34252
2452694.87360 -3.52969
2452725.65309 -0.67710
2452756.43258 -5.61769
2452787.21208 -1.74792
2452817.99157 -1.99661
2452848.77107 -4.89332
2453064.22753 -0.74189
2453095.00702 -3.63276
2453125.78652 -0.45637
2453156.56601 -1.64867
2453187.34551 -3.38791
2453402.80197 0.97521
2453433.58146 -1.82849
2453464.36096 2.23882
2453495.14045 0.10828
2453525.91994 -0.55881
2453556.69944 2.69948
2453772.15590 0.45268
2453802.93539 4.52717
2453833.71489 1.32678
2453864.49438 1.93137
2453895.27388 3.99205
2453926.05337 0.64227
2454141.50983 5.40205
2454172.28933 0.97613
2454203.06882 2.63778
2454233.84831 3.32279
2454264.62781 0.10928
2454295.40730 4.04868
2454510.86376 -1.40226
2454541.64326 1.70591
2454572.42275 1.79233
2454603.20225 -2.03152
2454633.98174 2.08018
2454664.76124 -0.66017
2454880.21770 -0.08627
2454910.99719 -1.64717
2454941.77669 -3.96055
2454972.55618 0.10673
2455003.33567 -4.19451
2455034.11517 -2.72770
2455249.57163 -3.62260
2455280.35112 -5.12044
2455311.13062 -0.60283
2455341.91011 -5.44291
2455372.68961 -2.55054
2455403.46910 -1.07445
2455618.92556 -2.92827
2455649.70506 0.48079
2455680.48455 -3.80746
2455711.26404 -0.31587
2455742.04354 -0.08284
2455957.50000 0.85802
