2445000.00000 21.65763
2445030.77949 15.13018
2445061.55899 17.53788
2445092.33848 15.63284
2445123.11798 12.07132
2445153.89747 11.20121
2445369.35393 17.14780
2445400.13343 25.27360
2445430.91292 29.17337
2445461.69242 28.66678
2445492.47191 29.79705
2445523.25140 31.98383
2445738.70787 19.49485
2445769.48736 19.66583
2445800.26685 21.63572
2445831.04635 21.59338
2445861.82584 22.37396
2445892.60534 20.66051
2446108.06180 27.41382
2446138.84129 27.93905
2446169.62079 26.32378
2446200.40028 19.27676
2446231.17978 20.23200
2446261.95927 15.99157
2446477.41573 14.04244
2446508.19522 14.85725
2446538.97472 16.20147
2446569.75421 17.66630
2446600.53371 19.33030
2446631.31320 17.17937
2446846.76966 4.17782
2446877.54916 2.77012
2446908.32865 1.45519
2446939.10815 1.29566
2446969.88764 1.96614
2447000.66713 3.16787
2447216.12360 17.79155
2447246.90309 15.06352
2447277.68258 12.72534
2447308.46208 10.64009
2447339.24157 10.42812
2447370.02107 8.78427
2447585.47753 12.09829
2447616.25702 14.23365
2447647.03652 17.96522
2447677.81601 19.33361
2447708.59551 21.69373
2447924.05197 17.65722
2447954.83146 24.26117
2447985.61096 21.60870
2448016.39045 18.93220
2448047.16994 19.09482
2448077.94944 19.36815
2448293.40590 30.78902
2448324.18539 34.54322
2448354.96489 33.76158
2448385.74438 32.17117
2448416.52388 25.88973
2448447.30337 27.80175
2448662.75983 15.99260
2448693.53933 18.59450
2448724.31882 19.28831
2448755.09831 22.53367
2448785.87781 21.49764
2448816.65730 22.27098
2449032.11376 15.45991
2449062.89326 12.85650
2449093.67275 10.58951
2449124.45225 6.69194
2449155.23174 4.47380
2449186.01124 3.39737
2449401.46770 11.51854
2449432.24719 10.28361
2449463.02669 12.66355
2449493.80618 14.95801
2449524.58567 13.62281
2449555.36517 12.98472
2449770.82163 2.17006
2449801.60112 3.36224
2449832.38062 5.63053
2449863.16011 6.70101
2449893.93961 10.92827
2449924.71910 15.23491
2450140.17556 18.42446
2450170.95506 16.83559
2450201.73455 13.72569
2450232.51404 13.70713
2450263.29354 11.85407
2450478.75000 23.82460
2450509.52949 29.69621
2450540.30899 28.25106
2450571.08848 32.84019
2450601.86798 36.58046
2450632.64747 30.42714
2450848.10393 17.69108
2450878.88343 15.89962
2450909.66292 17.02584
2450940.44242 17.72950
2450971.22191 19.99379
2451002.00140 26.03264
2451217.45787 29.91157
2451248.23736 25.30121
2451279.01685 24.45821
2451309.79635 19.45009
2451340.57584 16.71017
2451371.35534 14.53654
2451586.81180 12.75895
2451617.59129 15.42945
2451648.37079 16.48901
2451679.15028 15.53205
2451709.92978 18.54421
2451740.70927 13.51135
2451956.16573 2.35735
2451986.94522 0.80101
2452017.72472 0.26398
2452048.50421 0.51761
2452079.28371 1.70739
2452110.06320 3.91292
2452325.51966 14.96535
2452356.29916 15.41835
2452387.07865 12.90115
2452417.85815 12.58618
2452448.63764 10.48726
2452479.41713 9.86902
2452694.87360 16.04219
2452725.65309 16.93423
2452756.43258 23.07040
2452787.21208 25.18499
2452817.99157 22.16183
2452848.77107 25.06391
2453064.22753 20.19203
2453095.00702 20.45907
2453125.78652 18.57197
2453156.56601 19.81031
2453187.34551 19.40773
2453402.80197 28.16599
2453433.58146 29.84381
2453464.36096 35.37379
2453495.14045 26.50422
2453525.91994 28.77030
2453556.69944 21.95792
2453772.15590 15.83161
2453802.93539 15.71644
2453833.71489 17.14780
2453864.49438 14.37810
2453895.27388 19.41394
2453926.05337 21.98093
2454141.50983 11.45452
2454172.28933 8.94886
2454203.06882 7.23027
2454233.84831 3.70308
2454264.62781 2.41051
2454295.40730 1.92631
2454510.86376 12.09292
2454541.64326 13.61285
2454572.42275 14.02781
2454603.20225 14.24229
2454633.98174 12.42453
2454664.76124 11.64736
2454880.21770 3.46232
2454910.99719 5.45447
2454941.77669 7.85150
2454972.55618 13.14206
2455003.33567 13.57997
2455034.11517 15.71817
2455249.57163 21.71540
2455280.35112 23.30566
2455311.13062 18.63386
2455341.91011 14.89594
2455372.68961 16.16116
2455403.46910 17.26691
2455618.92556 24.22611
2455649.70506 32.03192
2455680.48455 34.14016
2455711.26404 38.33248
2455742.04354 31.43792
2455957.50000 21.38999
