2445000.00000 23.28538
2445030.77949 24.13613
2445061.55899 21.60622
2445092.33848 17.17171
2445123.11798 25.82213
2445153.89747 16.01713
2445369.35393 4.98081
2445400.13343 9.36720
2445430.91292 12.88943
2445461.69242 3.37702
2445492.47191 8.45214
2445523.25140 13.12692
2445738.70787 5.53853
2445769.48736 3.81685
2445800.26685 11.51650
2445831.04635 8.10955
2445861.82584 4.88014
2445892.60534 13.68598
2446108.06180 20.41539
2446138.84129 13.57286
2446169.62079 18.11403
2446200.40028 27.50816
2446231.17978 17.52394
2446261.95927 25.81217
2446477.41573 29.76689
2446508.19522 22.41963
2446538.97472 27.93272
2446569.75421 38.82414
2446600.53371 33.23336
2446631.31320 23.67517
2446846.76966 30.12985
2446877.54916 28.69665
2446908.32865 17.43797
2446939.10815 21.99806
2446969.88764 31.16425
2447000.66713 15.05853
2447216.12360 8.06351
2447246.90309 14.02776
2447277.68258 10.96313
2447308.46208 4.91056
2447339.24157 11.69844
2447370.02107 10.67043
2447585.47753 1.43579
2447616.25702 7.79955
2447647.03652 11.24975
2447677.81601 3.04761
2447708.59551 7.33067
2447924.05197 22.51311
2447954.83146 17.80019
2447985.61096 13.28638
2448016.39045 25.83779
2448047.16994 18.90045
2448077.94944 13.88980
2448293.40590 29.00195
2448324.18539 27.08016
2448354.96489 24.88981
2448385.74438 33.02698
2448416.52388 25.64753
2448447.30337 22.34299
2448662.75983 25.12287
2448693.53933 32.69631
2448724.31882 26.77450
2448755.09831 23.24580
2448785.87781 33.10517
2448816.65730 24.03482
2449032.11376 10.33195
2449062.89326 16.12746
2449093.67275 19.79881
2449124.45225 7.24046
2449155.23174 8.53774
2449186.01124 16.51402
2449401.46770 6.17901
2449432.24719 1.32966
2449463.02669 10.07802
2449493.80618 7.55118
2449524.58567 1.37704
2449555.36517 10.89633
2449770.82163 17.01121
2449801.60112 9.32985
2449832.38062 15.13029
2449863.16011 20.41513
2449893.93961 14.45729
2449924.71910 17.26271
2450140.17556 29.00185
2450170.95506 25.53997
2450201.73455 26.76135
2450232.51404 28.77443
2450263.29354 32.82422
2450478.75000 22.73605
2450509.52949 34.49577
2450540.30899 33.43832
2450571.08848 19.00276
2450601.86798 24.90677
2450632.64747 32.28691
2450848.10393 17.66021
2450878.88343 14.95688
2450909.66292 19.71936
2450940.44242 17.02278
2450971.22191 9.39481
2451002.00140 16.25034
2451217.45787 13.21878
2451248.23736 2.19725
2451279.01685 4.83824
2451309.79635 10.62648
2451340.57584 2.50828
2451371.35534 3.42022
2451586.81180 12.84445
2451617.59129 11.43554
2451648.37079 6.72630
2451679.15028 16.39011
2451709.92978 15.44942
2451740.70927 9.10320
2451956.16573 26.35689
2451986.94522 29.97612
2452017.72472 18.65720
2452048.50421 23.14104
2452079.28371 39.10166
2452110.06320 24.75933
2452325.51966 24.15914
2452356.29916 34.29106
2452387.07865 35.79505
2452417.85815 21.87777
2452448.63764 29.14640
2452479.41713 28.48472
2452694.87360 17.54706
2452725.65309 17.97195
2452756.43258 24.10741
2452787.21208 10.99124
2452817.99157 11.80856
2452848.77107 23.12428
2453064.22753 8.29074
2453095.00702 1.61762
2453125.78652 11.03254
2453156.56601 8.04509
2453187.34551 0.27915
2453402.80197 7.45322
2453433.58146 16.52344
2453464.36096 4.59680
2453495.14045 6.66491
2453525.91994 16.12298
2453556.69944 9.87426
2453772.15590 15.64809
2453802.93539 24.63879
2453833.71489 27.54309
2453864.49438 18.31991
2453895.27388 30.84752
2453926.05337 32.80660
2454141.50983 28.30803
2454172.28933 27.29650
2454203.06882 36.26455
2454233.84831 24.45108
2454264.62781 27.89900
2454295.40730 33.17683
2454510.86376 24.89490
2454541.64326 16.71739
2454572.42275 25.93750
2454603.20225 25.02152
2454633.98174 12.58098
2454664.76124 23.01256
2454880.21770 13.98360
2454910.99719 5.72741
2454941.77669 6.82802
2454972.55618 14.35606
2455003.33567 3.95848
2455034.11517 2.77801
2455249.57163 9.86593
2455280.35112 10.00370
2455311.13062 2.11757
2455341.91011 10.82403
2455372.68961 13.96922
2455403.46910 4.20261
2455618.92556 16.69217
2455649.70506 23.76883
2455680.48455 16.36714
2455711.26404 18.59969
2455742.04354 31.10795
2455957.50000 28.04560
