2445000.00000 6.61017
2445030.77949 -59.34889
2445061.55899 1.94826
2445092.33848 -4.59189
2445123.11798 -58.76830
2445153.89747 18.42645
2445369.35393 -42.77551
2445400.13343 -11.65298
2445430.91292 40.62154
2445461.69242 -42.60228
2445492.47191 10.61808
2445523.25140 26.84238
2445738.70787 -19.77208
2445769.48736 67.50340
2445800.26685 -5.40927
2445831.04635 -2.28318
2445861.82584 62.32490
2445892.60534 -15.60993
2446108.06180 54.33778
2446138.84129 35.33076
2446169.62079 -14.64790
2446200.40028 69.00570
2446231.17978 20.79367
2446261.95927 -2.53250
2446477.41573 59.84361
2446508.19522 -22.47612
2446538.97472 46.82441
2446569.75421 46.57364
2446600.53371 -24.34442
2446631.31320 62.89595
2446846.76966 -17.10428
2446877.54916 -2.74365
2446908.32865 44.75312
2446939.10815 -39.03144
2446969.88764 8.13233
2447000.66713 29.72327
2447216.12360 -52.43639
2447246.90309 31.45125
2447277.68258 -31.66819
2447308.46208 -39.80569
2447339.24157 24.84891
2447370.02107 -59.45804
2447585.47753 0.56075
2447616.25702 -11.53468
2447647.03652 -81.48173
2447677.81601 11.71496
2447708.59551 -35.25056
2447924.05197 -26.43688
2447954.83146 12.32604
2447985.61096 -79.30846
2448016.39045 -11.71211
2448047.16994 2.72960
2448077.94944 -70.13610
2448293.40590 35.55302
2448324.18539 -40.10214
2448354.96489 -30.70232
2448385.74438 37.18193
2448416.52388 -46.97941
2448447.30337 -7.63746
2448662.75983 15.07594
2448693.53933 -29.90285
2448724.31882 54.15969
2448755.09831 0.48723
2448785.87781 -16.48800
2448816.65730 59.18768
2449032.11376 -17.33512
2449062.89326 43.74512
2449093.67275 44.53198
2449124.45225 -17.88331
2449155.23174 63.34953
2449186.01124 32.98936
2449401.46770 20.46021
2449432.24719 81.22411
2449463.02669 -16.04232
2449493.80618 36.33686
2449524.58567 57.36171
2449555.36517 -25.18896
2449770.82163 71.85388
2449801.60112 -1.58850
2449832.38062 -9.93198
2449863.16011 48.34957
2449893.93961 -24.59716
2449924.71910 2.85697
2450140.17556 10.32763
2450170.95506 -48.88688
2450201.73455 36.26812
2450232.51404 -12.27916
2450263.29354 -45.97770
2450478.75000 19.93714
2450509.52949 -57.66024
2450540.30899 -7.19106
2450571.08848 1.78437
2450601.86798 -72.67046
2450632.64747 5.80044
2450848.10393 -52.24592
2450878.88343 -40.63610
2450909.66292 17.64588
2450940.44242 -77.49245
2450971.22191 -27.20092
2451002.00140 8.98566
2451217.45787 -61.66718
2451248.23736 28.09689
2451279.01685 -33.81123
2451309.79635 -43.28196
2451340.57584 36.32783
2451371.35534 -51.84148
2451586.81180 23.11248
2451617.59129 19.47349
2451648.37079 -40.99813
2451679.15028 37.76880
2451709.92978 6.88949
2451740.70927 -28.86491
2451956.16573 69.26736
2451986.94522 -23.54474
2452017.72472 31.05162
2452048.50421 54.08528
2452079.28371 -19.73419
2452110.06320 54.00365
2452325.51966 8.86159
2452356.29916 6.04085
2452387.07865 67.54328
2452417.85815 -5.59665
2452448.63764 20.63117
2452479.41713 63.87729
2452694.87360 -22.84536
2452725.65309 69.99049
2452756.43258 14.61287
2452787.21208 -13.14824
2452817.99157 64.56558
2452848.77107 -8.41173
2453064.22753 22.84575
2453095.00702 26.65388
2453125.78652 -35.27842
2453156.56601 29.36511
2453187.34551 4.27000
2453402.80197 -24.05214
2453433.58146 28.02484
2453464.36096 -53.39727
2453495.14045 -18.55485
2453525.91994 15.24628
2453556.69944 -61.93387
2453772.15590 14.38826
2453802.93539 -39.41195
2453833.71489 -63.69932
2453864.49438 20.27051
2453895.27388 -51.69591
2453926.05337 -38.41791
2454141.50983 -7.57001
2454172.28933 -63.69624
2454203.06882 14.50292
2454233.84831 -23.71000
2454264.62781 -59.48001
2454295.40730 28.52771
2454510.86376 -49.58502
2454541.64326 4.74098
2454572.42275 27.52486
2454603.20225 -41.48015
2454633.98174 25.68228
2454664.76124 15.01410
2454880.21770 -8.74973
2454910.99719 58.78199
2454941.77669 -18.92531
2454972.55618 15.40535
2455003.33567 49.33548
2455034.11517 -22.19445
2455249.57163 72.61506
2455280.35112 18.92628
2455311.13062 -3.83962
2455341.91011 83.28331
2455372.68961 2.98553
2455403.46910 12.84325
2455618.92556 48.97876
2455649.70506 -21.90983
2455680.48455 61.10716
2455711.26404 32.79679
2455742.04354 -15.35214
2455957.50000 44.78774
