2445000.00000 15.00999
2445030.77949 82.13575
2445061.55899 38.74965
2445092.33848 54.78196
2445123.11798 79.20600
2445153.89747 31.26954
2445369.35393 40.44654
2445400.13343 28.20856
2445430.91292 52.51017
2445461.69242 6.82376
2445492.47191 49.06744
2445523.25140 21.26584
2445738.70787 10.41661
2445769.48736 -46.55947
2445800.26685 -10.81691
2445831.04635 -32.76725
2445861.82584 -58.52350
2445892.60534 -16.64263
2446108.06180 -41.71742
2446138.84129 -46.79592
2446169.62079 -80.63726
2446200.40028 -23.45630
2446231.17978 -65.99217
2446261.95927 -46.20510
2446477.41573 -39.89970
2446508.19522 18.44411
2446538.97472 -21.08999
2446569.75421 2.32975
2446600.53371 25.95683
2446631.31320 -13.92540
2446846.76966 37.72920
2446877.54916 43.24573
2446908.32865 74.84841
2446939.10815 26.99878
2446969.88764 66.75372
2447000.66713 47.67881
2447216.12360 65.00849
2447246.90309 9.13219
2447277.68258 50.90489
2447308.46208 22.16153
2447339.24157 8.05024
2447370.02107 45.09370
2447585.47753 -9.33573
2447616.25702 -21.97296
2447647.03652 -50.63406
2447677.81601 -7.57441
2447708.59551 -72.77288
2447924.05197 -44.69664
2447954.83146 -81.62576
2447985.61096 -22.37391
2448016.39045 -75.68318
2448047.16994 -47.47264
2448077.94944 -33.77899
2448293.40590 12.24065
2448324.18539 -26.33373
2448354.96489 -4.50277
2448385.74438 20.21197
2448416.52388 -22.58500
2448447.30337 43.47062
2448662.75983 35.03008
2448693.53933 60.22905
2448724.31882 22.27456
2448755.09831 71.35760
2448785.87781 47.79491
2448816.65730 39.42029
2449032.11376 13.33373
2449062.89326 50.42323
2449093.67275 30.85232
2449124.45225 10.69274
2449155.23174 39.60387
2449186.01124 -8.11113
2449401.46770 -15.41333
2449432.24719 -47.31568
2449463.02669 -4.50670
2449493.80618 -52.54143
2449524.58567 -29.55487
2449555.36517 -29.37847
2449770.82163 -21.22269
2449801.60112 -61.19046
2449832.38062 -51.65702
2449863.16011 -32.02328
2449893.93961 -73.99793
2449924.71910 -13.36352
2450140.17556 -12.34698
2450170.95506 15.62899
2450201.73455 -22.21496
2450232.51404 30.37928
2450263.29354 3.36275
2450478.75000 64.15821
2450509.52949 24.17831
2450540.30899 58.44592
2450571.08848 40.92621
2450601.86798 28.66014
2450632.64747 77.45311
2450848.10393 52.75683
2450878.88343 36.87357
2450909.66292 11.95215
2450940.44242 56.80604
2450971.22191 -2.31571
2451002.00140 27.52267
2451217.45787 -35.89145
2451248.23736 -0.33390
2451279.01685 -54.75289
2451309.79635 -28.86499
2451340.57584 -28.98581
2451371.35534 -59.46969
2451586.81180 -60.42549
2451617.59129 -46.89405
2451648.37079 -32.32585
2451679.15028 -68.65731
2451709.92978 -15.83901
2451740.70927 -48.02102
2451956.16573 11.11881
2451986.94522 -25.49143
2452017.72472 24.59570
2452048.50421 0.06874
2452079.28371 4.56707
2452110.06320 44.48165
2452325.51966 60.15411
2452356.29916 44.59140
2452387.07865 33.59487
2452417.85815 76.38454
2452448.63764 27.44357
2452479.41713 54.74917
2452694.87360 15.70469
2452725.65309 50.02967
2452756.43258 3.11650
2452787.21208 32.27387
2452817.99157 20.00801
2452848.77107 -9.22805
2453064.22753 -45.94267
2453095.00702 -26.82410
2453125.78652 -18.01968
2453156.56601 -56.26908
2453187.34551 -13.19490
2453402.80197 -51.06476
2453433.58146 -31.71799
2453464.36096 -76.56602
2453495.14045 -22.57498
2453525.91994 -58.13429
2453556.69944 -44.63154
2453772.15590 -36.51137
2453802.93539 19.41982
2453833.71489 -3.23318
2453864.49438 -1.14258
2453895.27388 38.80667
2453926.05337 -6.91796
2454141.50983 44.15713
2454172.28933 28.86820
2454203.06882 69.09617
2454233.84831 25.29282
2454264.62781 59.24024
2454295.40730 56.00086
2454510.86376 58.63220
2454541.64326 7.50084
2454572.42275 28.68392
2454603.20225 27.43645
2454633.98174 -5.79554
2454664.76124 35.54543
2454880.21770 -22.82936
2454910.99719 -17.88193
2454941.77669 -53.45903
2454972.55618 -16.20094
2455003.33567 -65.21973
2455034.11517 -49.20918
2455249.57163 -76.86371
2455280.35112 -26.25850
2455311.13062 -56.78098
2455341.91011 -52.15908
2455372.68961 -21.04580
2455403.46910 -65.83016
2455618.92556 -7.49931
2455649.70506 -8.13248
2455680.48455 33.22762
2455711.26404 -11.83593
2455742.04354 34.92245
2455957.50000 34.67019
