2445000.00000 88.54682
2445030.77949 60.29255
2445061.55899 66.93210
2445092.33848 96.28350
2445123.11798 53.81631
2445153.89747 46.87232
2445369.35393 56.33734
2445400.13343 47.24066
2445430.91292 81.92303
2445461.69242 71.73622
2445492.47191 61.67171
2445523.25140 95.67324
2445738.70787 44.60339
2445769.48736 95.90327
2445800.26685 88.38286
2445831.04635 57.01921
2445861.82584 72.05271
2445892.60534 92.15492
2446108.06180 87.81631
2446138.84129 95.48658
2446169.62079 48.07654
2446200.40028 80.04305
2446231.17978 75.50642
2446261.95927 49.44746
2446477.41573 117.52342
2446508.19522 59.79207
2446538.97472 54.76784
2446569.75421 92.84089
2446600.53371 72.03528
2446631.31320 49.49177
2446846.76966 49.68789
2446877.54916 51.59907
2446908.32865 106.09502
2446939.10815 73.29886
2446969.88764 60.38843
2447000.66713 76.43960
2447216.12360 40.26158
2447246.90309 87.05474
2447277.68258 93.52025
2447308.46208 58.65183
2447339.24157 56.29183
2447370.02107 91.67313
2447585.47753 94.23057
2447616.25702 112.30974
2447647.03652 40.72196
2447677.81601 53.81523
2447708.59551 74.69304
2447924.05197 99.04495
2447954.83146 125.10752
2447985.61096 43.08044
2448016.39045 45.44180
2448047.16994 91.65130
2448077.94944 72.88034
2448293.40590 97.35795
2448324.18539 43.11595
2448354.96489 35.68331
2448385.74438 100.03316
2448416.52388 85.14131
2448447.30337 63.74639
2448662.75983 41.19349
2448693.53933 26.40838
2448724.31882 80.34011
2448755.09831 84.32865
2448785.87781 54.27535
2448816.65730 58.15041
2449032.11376 27.28669
2449062.89326 86.28805
2449093.67275 110.01439
2449124.45225 47.39007
2449155.23174 48.75224
2449186.01124 83.86783
2449401.46770 91.04262
2449432.24719 98.54717
2449463.02669 45.06529
2449493.80618 33.22197
2449524.58567 82.80693
2449555.36517 85.36127
2449770.82163 107.85244
2449801.60112 51.74200
2449832.38062 27.63610
2449863.16011 80.68581
2449893.93961 108.08987
2449924.71910 55.54520
2450140.17556 43.67772
2450170.95506 24.61328
2450201.73455 85.95582
2450232.51404 91.02091
2450263.29354 37.88303
2450478.75000 36.94997
2450509.52949 23.82755
2450540.30899 97.28449
2450571.08848 122.46848
2450601.86798 53.02055
2450632.64747 36.40709
2450848.10393 22.33404
2450878.88343 102.45923
2450909.66292 115.16906
2450940.44242 53.80808
2450971.22191 23.98867
2451002.00140 83.01931
2451217.45787 107.02259
2451248.23736 102.34595
2451279.01685 48.28566
2451309.79635 18.59883
2451340.57584 85.37069
2451371.35534 95.78016
2451586.81180 101.10849
2451617.59129 48.62235
2451648.37079 15.50800
2451679.15028 101.42375
2451709.92978 120.72642
2451740.70927 46.84276
2451956.16573 41.68613
2451986.94522 18.95376
2452017.72472 81.61511
2452048.50421 111.64743
2452079.28371 61.16788
2452110.06320 26.97885
2452325.51966 26.23970
2452356.29916 100.12891
2452387.07865 119.91997
2452417.85815 49.63190
2452448.63764 12.24146
2452479.41713 84.78510
2452694.87360 79.66119
2452725.65309 133.69921
2452756.43258 47.61030
2452787.21208 10.97800
2452817.99157 82.34101
2452848.77107 112.03171
2453064.22753 125.16869
2453095.00702 39.30321
2453125.78652 9.66206
2453156.56601 99.14158
2453187.34551 108.74954
2453402.80197 99.73101
2453433.58146 37.34533
2453464.36096 15.73156
2453495.14045 85.58948
2453525.91994 127.05506
2453556.69944 49.17064
2453772.15590 54.10099
2453802.93539 18.90773
2453833.71489 89.36869
2453864.49438 137.40138
2453895.27388 54.83590
2453926.05337 7.61656
2454141.50983 32.93217
2454172.28933 92.60039
2454203.06882 103.45973
2454233.84831 48.97196
2454264.62781 4.73657
2454295.40730 85.28619
2454510.86376 63.29252
2454541.64326 109.89140
2454572.42275 55.87854
2454603.20225 8.26804
2454633.98174 97.56287
2454664.76124 143.91048
2454880.21770 85.56437
2454910.99719 56.08959
2454941.77669 14.46196
2454972.55618 88.56181
2455003.33567 124.24372
2455034.11517 59.65034
2455249.57163 56.58560
2455280.35112 24.95365
2455311.13062 92.79516
2455341.91011 145.07275
2455372.68961 54.94016
2455403.46910 1.04366
2455618.92556 43.18268
2455649.70506 78.09114
2455680.48455 139.63461
2455711.26404 55.74100
2455742.04354 2.90975
2455957.50000 53.40587
