2445000.00000 36.23809
2445030.77949 39.31361
2445061.55899 42.10453
2445092.33848 37.07402
2445123.11798 30.16244
2445153.89747 27.56444
2445369.35393 42.17367
2445400.13343 48.47781
2445430.91292 28.87966
2445461.69242 30.86400
2445492.47191 24.80313
2445523.25140 33.97679
2445738.70787 42.29379
2445769.48736 49.84340
2445800.26685 38.09617
2445831.04635 22.73171
2445861.82584 24.32004
2445892.60534 36.21225
2446108.06180 34.81278
2446138.84129 37.17799
2446169.62079 29.74290
2446200.40028 17.36409
2446231.17978 18.73592
2446261.95927 29.12358
2446477.41573 29.38215
2446508.19522 32.84535
2446538.97472 16.81909
2446569.75421 10.69844
2446600.53371 13.75583
2446631.31320 21.23233
2446846.76966 26.06557
2446877.54916 20.27861
2446908.32865 10.32824
2446939.10815 5.48994
2446969.88764 13.50771
2447000.66713 26.74424
2447216.12360 27.42874
2447246.90309 19.06152
2447277.68258 10.90931
2447308.46208 8.39558
2447339.24157 17.80683
2447370.02107 26.38003
2447585.47753 30.05074
2447616.25702 23.64012
2447647.03652 16.19301
2447677.81601 15.26843
2447708.59551 30.37251
2447924.05197 38.48745
2447954.83146 41.87481
2447985.61096 25.48946
2448016.39045 20.49306
2448047.16994 27.63829
2448077.94944 36.73542
2448293.40590 53.92677
2448324.18539 42.95577
2448354.96489 30.41970
2448385.74438 28.97231
2448416.52388 35.03903
2448447.30337 49.13808
2448662.75983 51.16538
2448693.53933 39.03103
2448724.31882 27.53290
2448755.09831 26.15479
2448785.87781 37.48837
2448816.65730 38.90494
2449032.11376 44.93505
2449062.89326 32.15023
2449093.67275 13.18497
2449124.45225 21.47884
2449155.23174 34.94281
2449186.01124 53.11533
2449401.46770 30.44696
2449432.24719 23.90611
2449463.02669 12.94329
2449493.80618 15.95396
2449524.58567 26.86187
2449555.36517 29.58020
2449770.82163 25.88151
2449801.60112 11.12709
2449832.38062 5.25367
2449863.16011 9.51382
2449893.93961 21.04328
2449924.71910 30.02470
2450140.17556 19.44441
2450170.95506 6.36683
2450201.73455 1.83616
2450232.51404 12.30314
2450263.29354 23.13368
2450478.75000 24.54528
2450509.52949 20.74822
2450540.30899 7.07981
2450571.08848 8.55127
2450601.86798 18.42669
2450632.64747 36.62081
2450848.10393 34.68394
2450878.88343 28.10481
2450909.66292 14.59637
2450940.44242 15.52145
2450971.22191 30.30691
2451002.00140 38.68151
2451217.45787 40.92436
2451248.23736 28.36072
2451279.01685 20.30905
2451309.79635 31.77356
2451340.57584 49.82174
2451371.35534 50.49948
2451586.81180 42.48358
2451617.59129 32.30184
2451648.37079 26.99789
2451679.15028 36.00586
2451709.92978 50.56265
2451740.70927 60.57332
2451956.16573 42.66901
2451986.94522 27.91605
2452017.72472 24.64121
2452048.50421 34.90731
2452079.28371 43.81934
2452110.06320 46.99319
2452325.51966 27.63465
2452356.29916 21.01839
2452387.07865 21.11732
2452417.85815 30.94163
2452448.63764 44.85360
2452479.41713 36.21380
2452694.87360 17.90759
2452725.65309 8.08150
2452756.43258 13.72095
2452787.21208 26.40875
2452817.99157 34.49485
2452848.77107 25.94451
2453064.22753 6.52667
2453095.00702 1.13077
2453125.78652 10.05761
2453156.56601 21.76657
2453187.34551 28.63671
2453402.80197 13.98219
2453433.58146 3.44082
2453464.36096 1.35447
2453495.14045 13.17909
2453525.91994 25.18168
2453556.69944 25.70163
2453772.15590 19.15766
2453802.93539 8.62281
2453833.71489 10.52045
2453864.49438 22.54279
2453895.27388 26.50106
2453926.05337 35.11849
2454141.50983 27.79616
2454172.28933 14.13225
2454203.06882 23.71810
2454233.84831 30.40819
2454264.62781 37.60685
2454295.40730 41.83187
2454510.86376 28.14902
2454541.64326 20.57855
2454572.42275 30.98807
2454603.20225 46.28266
2454633.98174 44.88646
2454664.76124 42.30901
2454880.21770 28.11005
2454910.99719 29.99886
2454941.77669 36.96327
2454972.55618 57.34673
2455003.33567 54.49923
2455034.11517 44.45320
2455249.57163 28.05758
2455280.35112 31.02013
2455311.13062 37.60041
2455341.91011 56.41151
2455372.68961 46.99788
2455403.46910 30.07832
2455618.92556 16.22772
2455649.70506 20.58962
2455680.48455 35.12368
2455711.26404 43.36902
2455742.04354 35.25266
2455957.50000 9.33973
