2445000.00000 1.16228
2445030.77949 17.26414
2445061.55899 13.55465
2445092.33848 2.82983
2445123.11798 24.32172
2445153.89747 5.23811
2445369.35393 27.67012
2445400.13343 7.02314
2445430.91292 14.34223
2445461.69242 28.41903
2445492.47191 4.87712
2445523.25140 24.19060
2445738.70787 12.82841
2445769.48736 34.95363
2445800.26685 26.46419
2445831.04635 15.35097
2445861.82584 30.49409
2445892.60534 17.38750
2446108.06180 46.17213
2446138.84129 19.62149
2446169.62079 25.77571
2446200.40028 40.66986
2446231.17978 15.07952
2446261.95927 28.32244
2446477.41573 10.87393
2446508.19522 26.58506
2446538.97472 21.23889
2446569.75421 10.28563
2446600.53371 31.84852
2446631.31320 11.83278
2446846.76966 25.57828
2446877.54916 6.69400
2446908.32865 9.89374
2446939.10815 23.63396
2446969.88764 0.45783
2447000.66713 18.40230
2447216.12360 2.18758
2447246.90309 25.91843
2447277.68258 17.62061
2447308.46208 6.75595
2447339.24157 24.12550
2447370.02107 11.64843
2447585.47753 31.45018
2447616.25702 16.89052
2447647.03652 26.00940
2447677.81601 32.67433
2447708.59551 13.18375
2447924.05197 35.63282
2447954.83146 19.92992
2447985.61096 32.99127
2448016.39045 27.48979
2448047.16994 20.50293
2448077.94944 39.00572
2448293.40590 12.43650
2448324.18539 34.26369
2448354.96489 14.63877
2448385.74438 21.62833
2448416.52388 33.22607
2448447.30337 6.85991
2448662.75983 22.27832
2448693.53933 2.13579
2448724.31882 18.88252
2448755.09831 12.67881
2448785.87781 3.12302
2448816.65730 25.34090
2449032.11376 3.83291
2449062.89326 20.38849
2449093.67275 6.78215
2449124.45225 12.88346
2449155.23174 23.48403
2449186.01124 4.43865
2449401.46770 34.08826
2449432.24719 11.53555
2449463.02669 30.42605
2449493.80618 21.54585
2449524.58567 15.03704
2449555.36517 40.53621
2449770.82163 19.18306
2449801.60112 42.97242
2449832.38062 25.09944
2449863.16011 32.40454
2449893.93961 36.66522
2449924.71910 15.38853
2450140.17556 32.39142
2450170.95506 11.76073
2450201.73455 30.06527
2450232.51404 21.08518
2450263.29354 12.59633
2450478.75000 15.77276
2450509.52949 6.15352
2450540.30899 22.62909
2450571.08848 6.40453
2450601.86798 10.87830
2450632.64747 23.57005
2450848.10393 12.50416
2450878.88343 23.58934
2450909.66292 1.53341
2450940.44242 19.68658
2450971.22191 15.79237
2451002.00140 4.98705
2451217.45787 23.33332
2451248.23736 11.83915
2451279.01685 32.70751
2451309.79635 14.03950
2451340.57584 21.63338
2451371.35534 33.83684
2451586.81180 28.61819
2451617.59129 32.07390
2451648.37079 18.17784
2451679.15028 38.03223
2451709.92978 34.47140
2451740.70927 21.09523
2451956.16573 24.66904
2451986.94522 13.10164
2452017.72472 34.30404
2452048.50421 17.97823
2452079.28371 19.99455
2452110.06320 30.89866
2452325.51966 16.83490
2452356.29916 24.29321
2452387.07865 2.26754
2452417.85815 20.44064
2452448.63764 12.26690
2452479.41713 3.99476
2452694.87360 11.27457
2452725.65309 3.24296
2452756.43258 28.07990
2452787.21208 4.21990
2452817.99157 12.66899
2452848.77107 21.72819
2453064.22753 21.82376
2453095.00702 30.18401
2453125.78652 9.30553
2453156.56601 30.16997
2453187.34551 24.12190
2453402.80197 37.29888
2453433.58146 29.72776
2453464.36096 16.06916
2453495.14045 35.15851
2453525.91994 22.31438
2453556.69944 22.95807
2453772.15590 14.89996
2453802.93539 26.96904
2453833.71489 42.39796
2453864.49438 12.57108
2453895.27388 30.46288
2453926.05337 25.25418
2454141.50983 27.97975
2454172.28933 14.51597
2454203.06882 6.62744
2454233.84831 28.09875
2454264.62781 6.74933
2454295.40730 12.91981
2454510.86376 3.21533
2454541.64326 11.07204
2454572.42275 18.18011
2454603.20225 0.59260
2454633.98174 25.24302
2454664.76124 12.75302
2454880.21770 24.80517
2454910.99719 15.72761
2454941.77669 9.87488
2454972.55618 37.12053
2455003.33567 10.79748
2455034.11517 20.59892
2455249.57163 17.53740
2455280.35112 24.29197
2455311.13062 30.31777
2455341.91011 14.97844
2455372.68961 40.38822
2455403.46910 27.80471
2455618.92556 28.74995
2455649.70506 28.58643
2455680.48455 19.09958
2455711.26404 32.39319
2455742.04354 16.24402
2455957.50000 30.42598
