2445000.00000 27.41782
2445030.77949 34.26329
2445061.55899 38.34792
2445092.33848 32.32568
2445123.11798 21.61374
2445153.89747 36.72479
2445369.35393 18.26987
2445400.13343 21.56803
2445430.91292 31.84916
2445461.69242 25.87885
2445492.47191 13.69797
2445523.25140 17.58543
2445738.70787 8.76770
2445769.48736 5.41883
2445800.26685 17.26788
2445831.04635 19.50579
2445861.82584 7.00537
2445892.60534 2.92819
2446108.06180 10.32985
2446138.84129 3.45071
2446169.62079 11.83014
2446200.40028 22.70266
2446231.17978 14.27682
2446261.95927 5.95939
2446477.41573 30.90435
2446508.19522 15.67276
2446538.97472 19.05599
2446569.75421 30.13274
2446600.53371 28.35052
2446631.31320 17.96659
2446846.76966 36.17493
2446877.54916 33.56219
2446908.32865 27.48332
2446939.10815 37.81402
2446969.88764 37.97292
2447000.66713 26.81847
2447216.12360 44.38780
2447246.90309 30.59738
2447277.68258 20.94852
2447308.46208 28.65260
2447339.24157 33.53619
2447370.02107 22.28486
2447585.47753 23.06101
2447616.25702 20.04603
2447647.03652 11.87787
2447677.81601 10.35279
2447708.59551 17.10381
2447924.05197 4.01462
2447954.83146 9.95962
2447985.61096 17.71997
2448016.39045 8.99802
2448047.16994 2.28850
2448077.94944 9.63511
2448293.40590 6.35144
2448324.18539 13.08250
2448354.96489 20.37036
2448385.74438 18.82540
2448416.52388 10.51331
2448447.30337 14.48548
2448662.75983 18.57244
2448693.53933 23.33858
2448724.31882 33.72103
2448755.09831 25.66338
2448785.87781 23.40975
2448816.65730 20.63323
2449032.11376 30.55173
2449062.89326 24.22177
2449093.67275 37.07777
2449124.45225 31.01943
2449155.23174 34.12475
2449186.01124 27.00288
2449401.46770 26.17646
2449432.24719 18.01213
2449463.02669 22.24236
2449493.80618 22.80886
2449524.58567 26.48917
2449555.36517 14.43501
2449770.82163 22.33640
2449801.60112 8.75157
2449832.38062 6.68186
2449863.16011 16.53306
2449893.93961 17.10860
2449924.71910 5.84288
2450140.17556 19.40089
2450170.95506 8.86770
2450201.73455 3.40367
2450232.51404 12.19585
2450263.29354 21.69432
2450478.75000 8.54318
2450509.52949 23.36077
2450540.30899 22.66255
2450571.08848 15.17253
2450601.86798 19.09096
2450632.64747 29.67320
2450848.10393 21.60079
2450878.88343 35.08899
2450909.66292 42.94830
2450940.44242 21.25530
2450971.22191 20.48515
2451002.00140 30.97476
2451217.45787 26.93901
2451248.23736 29.57973
2451279.01685 35.62285
2451309.79635 35.60155
2451340.57584 23.52431
2451371.35534 27.58052
2451586.81180 14.62796
2451617.59129 15.83600
2451648.37079 26.64954
2451679.15028 28.14639
2451709.92978 10.58324
2451740.70927 9.30445
2451956.16573 5.48070
2451986.94522 2.61350
2452017.72472 12.79402
2452048.50421 16.11543
2452079.28371 6.98701
2452110.06320 1.90711
2452325.51966 12.48274
2452356.29916 4.77252
2452387.07865 11.71614
2452417.85815 25.77197
2452448.63764 17.31160
2452479.41713 9.84710
2452694.87360 27.59938
2452725.65309 20.56755
2452756.43258 20.76800
2452787.21208 28.89061
2452817.99157 40.58148
2452848.77107 24.94635
2453064.22753 41.18453
2453095.00702 29.19866
2453125.78652 26.04978
2453156.56601 37.68835
2453187.34551 43.73758
2453402.80197 28.39531
2453433.58146 38.79645
2453464.36096 27.46623
2453495.14045 17.07118
2453525.91994 20.33742
2453556.69944 32.59033
2453772.15590 9.77304
2453802.93539 20.49609
2453833.71489 21.69509
2453864.49438 8.26974
2453895.27388 5.28155
2453926.05337 15.18532
2454141.50983 0.26866
2454172.28933 11.52617
2454203.06882 15.98163
2454233.84831 8.26021
2454264.62781 0.88331
2454295.40730 10.25966
2454510.86376 8.09550
2454541.64326 14.86457
2454572.42275 23.31154
2454603.20225 19.48916
2454633.98174 12.86513
2454664.76124 19.57842
2454880.21770 28.11048
2454910.99719 22.71744
2454941.77669 40.17800
2454972.55618 38.21524
2455003.33567 24.45702
2455034.11517 20.58190
2455249.57163 29.99671
2455280.35112 23.38067
2455311.13062 29.99548
2455341.91011 38.50492
2455372.68961 29.10968
2455403.46910 20.76649
2455618.92556 29.03536
2455649.70506 14.71461
2455680.48455 15.79964
2455711.26404 24.82135
2455742.04354 25.92829
2455957.50000 17.19706
