2445000.00000 6.53520
2445030.77949 26.35442
2445061.55899 22.16464
2445092.33848 9.80807
2445123.11798 37.04192
2445153.89747 8.77810
2445369.35393 31.02242
2445400.13343 11.94007
2445430.91292 38.79698
2445461.69242 20.59334
2445492.47191 19.85655
2445523.25140 42.19648
2445738.70787 30.67809
2445769.48736 35.51373
2445800.26685 17.26220
2445831.04635 40.84467
2445861.82584 22.93160
2445892.60534 34.65605
2446108.06180 17.99171
2446138.84129 40.09308
2446169.62079 32.61231
2446200.40028 23.95754
2446231.17978 46.26060
2446261.95927 23.81470
2446477.41573 42.42155
2446508.19522 18.97942
2446538.97472 44.17057
2446569.75421 23.40325
2446600.53371 20.27296
2446631.31320 47.60454
2446846.76966 33.21346
2446877.54916 25.50796
2446908.32865 15.82623
2446939.10815 42.69120
2446969.88764 15.21353
2447000.66713 26.30284
2447216.12360 9.93105
2447246.90309 31.55357
2447277.68258 20.70203
2447308.46208 12.11486
2447339.24157 31.90272
2447370.02107 8.49851
2447585.47753 28.04501
2447616.25702 3.78874
2447647.03652 29.82741
2447677.81601 13.50865
2447708.59551 11.38013
2447924.05197 2.00088
2447954.83146 19.83396
2447985.61096 16.81124
2448016.39045 2.73375
2448047.16994 24.28954
2448077.94944 4.64710
2448293.40590 19.82327
2448324.18539 0.17306
2448354.96489 25.96107
2448385.74438 13.63538
2448416.52388 6.26397
2448447.30337 25.18785
2448662.75983 16.29560
2448693.53933 21.45904
2448724.31882 2.56424
2448755.09831 27.56289
2448785.87781 10.84217
2448816.65730 11.20178
2449032.11376 5.87221
2449062.89326 31.82193
2449093.67275 21.46885
2449124.45225 10.11910
2449155.23174 27.93946
2449186.01124 10.70624
2449401.46770 32.59262
2449432.24719 13.11151
2449463.02669 34.93953
2449493.80618 22.54349
2449524.58567 20.21902
2449555.36517 36.88698
2449770.82163 30.36250
2449801.60112 39.96075
2449832.38062 20.25849
2449863.16011 31.99880
2449893.93961 24.37090
2449924.71910 25.80487
2450140.17556 21.05445
2450170.95506 34.94796
2450201.73455 31.78795
2450232.51404 18.72698
2450263.29354 38.51884
2450478.75000 31.34000
2450509.52949 40.28885
2450540.30899 17.46009
2450571.08848 36.17346
2450601.86798 26.29471
2450632.64747 24.12210
2450848.10393 19.56821
2450878.88343 35.26813
2450909.66292 27.65469
2450940.44242 16.01690
2450971.22191 42.58880
2451002.00140 18.56524
2451217.45787 29.14462
2451248.23736 8.80380
2451279.01685 30.98761
2451309.79635 20.20416
2451340.57584 11.78981
2451371.35534 37.24276
2451586.81180 17.08041
2451617.59129 27.08498
2451648.37079 5.94637
2451679.15028 27.67212
2451709.92978 15.29789
2451740.70927 11.33000
2451956.16573 5.64929
2451986.94522 20.29349
2452017.72472 19.07014
2452048.50421 4.73444
2452079.28371 31.05318
2452110.06320 6.54434
2452325.51966 23.46591
2452356.29916 3.21344
2452387.07865 22.46945
2452417.85815 12.41493
2452448.63764 8.61373
2452479.41713 27.37376
2452694.87360 15.59423
2452725.65309 24.33268
2452756.43258 5.93442
2452787.21208 26.34841
2452817.99157 12.38139
2452848.77107 15.64580
2453064.22753 12.07200
2453095.00702 26.82253
2453125.78652 26.27631
2453156.56601 13.25578
2453187.34551 30.13469
2453402.80197 23.75387
2453433.58146 32.26475
2453464.36096 13.84315
2453495.14045 36.96268
2453525.91994 22.44937
2453556.69944 21.77767
2453772.15590 19.02079
2453802.93539 29.94045
2453833.71489 30.96920
2453864.49438 19.95348
2453895.27388 30.61999
2453926.05337 24.55421
2454141.50983 32.10955
2454172.28933 18.22215
2454203.06882 40.20413
2454233.84831 34.30203
2454264.62781 23.38077
2454295.40730 41.69398
2454510.86376 29.41209
2454541.64326 36.54347
2454572.42275 19.82296
2454603.20225 36.05409
2454633.98174 20.84951
2454664.76124 25.86593
2454880.21770 17.09985
2454910.99719 27.69456
2454941.77669 29.40501
2454972.55618 15.27934
2455003.33567 31.49968
2455034.11517 20.74256
2455249.57163 34.89046
2455280.35112 11.51009
2455311.13062 24.46566
2455341.91011 24.81021
2455372.68961 13.65325
2455403.46910 31.66305
2455618.92556 18.62321
2455649.70506 27.81383
2455680.48455 7.72325
2455711.26404 28.26789
2455742.04354 15.16368
2455957.50000 23.82974
