2445000.00000 15.29642
2445030.77949 19.06472
2445061.55899 18.77552
2445092.33848 21.86382
2445123.11798 22.39570
2445153.89747 20.52969
2445369.35393 9.27856
2445400.13343 9.30374
2445430.91292 7.94176
2445461.69242 7.24719
2445492.47191 6.88243
2445523.25140 7.82561
2445738.70787 16.70960
2445769.48736 14.00978
2445800.26685 15.57141
2445831.04635 14.28162
2445861.82584 13.05726
2445892.60534 10.46564
2446108.06180 3.24266
2446138.84129 3.91549
2446169.62079 4.22392
2446200.40028 6.43303
2446231.17978 7.71253
2446261.95927 10.61900
2446477.41573 13.66772
2446508.19522 12.25280
2446538.97472 11.96278
2446569.75421 10.23877
2446600.53371 9.04730
2446631.31320 6.19291
2446846.76966 10.89391
2446877.54916 10.46687
2446908.32865 15.41977
2446939.10815 15.74122
2446969.88764 18.87329
2447000.66713 17.68156
2447216.12360 15.65414
2447246.90309 16.65900
2447277.68258 10.82199
2447308.46208 12.01952
2447339.24157 10.99939
2447370.02107 10.69040
2447585.47753 21.03245
2447616.25702 24.62828
2447647.03652 22.96865
2447677.81601 26.93472
2447708.59551 23.32980
2447924.05197 21.62220
2447954.83146 20.06629
2447985.61096 18.62570
2448016.39045 16.79145
2448047.16994 20.05468
2448077.94944 17.98213
2448293.40590 32.39561
2448324.18539 30.68537
2448354.96489 34.10362
2448385.74438 34.89445
2448416.52388 30.14326
2448447.30337 31.18895
2448662.75983 16.38953
2448693.53933 16.75619
2448724.31882 15.91107
2448755.09831 19.17943
2448785.87781 19.13844
2448816.65730 22.82239
2449032.11376 25.34274
2449062.89326 25.88717
2449093.67275 21.37736
2449124.45225 14.43332
2449155.23174 17.64969
2449186.01124 16.65236
2449401.46770 12.71633
2449432.24719 12.83298
2449463.02669 13.70647
2449493.80618 18.38287
2449524.58567 19.19788
2449555.36517 15.55463
2449770.82163 10.49938
2449801.60112 8.32825
2449832.38062 6.59546
2449863.16011 5.86956
2449893.93961 4.95837
2449924.71910 3.69133
2450140.17556 9.58909
2450170.95506 12.08767
2450201.73455 13.30992
2450232.51404 12.09952
2450263.29354 14.08267
2450478.75000 3.66800
2450509.52949 2.61699
2450540.30899 2.00163
2450571.08848 1.47812
2450601.86798 1.71084
2450632.64747 2.45395
2450848.10393 14.03400
2450878.88343 15.76520
2450909.66292 14.63041
2450940.44242 15.83335
2450971.22191 12.78981
2451002.00140 14.26966
2451217.45787 5.77683
2451248.23736 7.15723
2451279.01685 10.68081
2451309.79635 9.61162
2451340.57584 12.65026
2451371.35534 15.50679
2451586.81180 17.96757
2451617.59129 17.47534
2451648.37079 20.80778
2451679.15028 18.21839
2451709.92978 21.36472
2451740.70927 16.46451
2451956.16573 21.16119
2451986.94522 21.77262
2452017.72472 22.85017
2452048.50421 27.06772
2452079.28371 24.20177
2452110.06320 32.11705
2452325.51966 24.74316
2452356.29916 24.51898
2452387.07865 27.55499
2452417.85815 19.84341
2452448.63764 22.04761
2452479.41713 18.55340
2452694.87360 25.59709
2452725.65309 24.97264
2452756.43258 30.28385
2452787.21208 31.00633
2452817.99157 35.50003
2452848.77107 28.92877
2453064.22753 21.80489
2453095.00702 19.66880
2453125.78652 17.34860
2453156.56601 14.42137
2453187.34551 18.12242
2453402.80197 24.79831
2453433.58146 24.87601
2453464.36096 25.57899
2453495.14045 28.33880
2453525.91994 21.80655
2453556.69944 21.85422
2453772.15590 7.41527
2453802.93539 6.83167
2453833.71489 7.52531
2453864.49438 9.36461
2453895.27388 9.89981
2453926.05337 10.96734
2454141.50983 16.06938
2454172.28933 14.24162
2454203.06882 10.97874
2454233.84831 11.23481
2454264.62781 8.63461
2454295.40730 6.03587
2454510.86376 2.56179
2454541.64326 5.03522
2454572.42275 6.20061
2454603.20225 7.49218
2454633.98174 9.22445
2454664.76124 11.22000
2454880.21770 7.15810
2454910.99719 6.96536
2454941.77669 4.60741
2454972.55618 3.42144
2455003.33567 2.23673
2455034.11517 1.34874
2455249.57163 10.78723
2455280.35112 15.54836
2455311.13062 15.15586
2455341.91011 15.28278
2455372.68961 14.85005
2455403.46910 17.78278
2455618.92556 11.02051
2455649.70506 7.70656
2455680.48455 8.81438
2455711.26404 8.85117
2455742.04354 10.13684
2455957.50000 21.95739
