2445000.00000 10.28031
2445030.77949 -0.22845
2445061.55899 11.67021
2445092.33848 0.51096
2445123.11798 7.77747
2445153.89747 0.95572
2445369.35393 12.29933
2445400.13343 1.41680
2445430.91292 11.92822
2445461.69242 0.98866
2445492.47191 12.83748
2445523.25140 0.57402
2445738.70787 8.53194
2445769.48736 -2.67739
2445800.26685 8.85117
2445831.04635 -3.51804
2445861.82584 6.25393
2445892.60534 -4.97308
2446108.06180 2.64034
2446138.84129 -11.68544
2446169.62079 1.62965
2446200.40028 -10.14184
2446231.17978 0.65182
2446261.95927 -11.81209
2446477.41573 -1.56503
2446508.19522 -11.81792
2446538.97472 -1.89714
2446569.75421 -12.59069
2446600.53371 -1.71991
2446631.31320 -10.58366
2446846.76966 -0.05511
2446877.54916 -8.82543
2446908.32865 0.68430
2446939.10815 -7.00979
2446969.88764 1.35193
2447000.66713 -6.67068
2447216.12360 5.62005
2447246.90309 -1.04092
2447277.68258 6.77865
2447308.46208 0.10863
2447339.24157 6.49473
2447370.02107 1.16599
2447585.47753 8.74687
2447616.25702 4.71382
2447647.03652 9.56720
2447677.81601 4.58675
2447708.59551 7.79343
2447924.05197 4.49816
2447954.83146 5.89417
2447985.61096 4.52739
2448016.39045 5.42326
2448047.16994 3.40338
2448077.94944 4.40912
2448293.40590 0.68206
2448324.18539 -1.00709
2448354.96489 -0.22556
2448385.74438 -1.80689
2448416.52388 -0.95803
2448447.30337 -4.27892
2448662.75983 -3.67655
2448693.53933 -8.03274
2448724.31882 -3.38361
2448755.09831 -7.55586
2448785.87781 -3.99690
2448816.65730 -8.11817
2449032.11376 -3.35620
2449062.89326 -9.20222
2449093.67275 -2.71652
2449124.45225 -9.96018
2449155.23174 -1.38183
2449186.01124 -6.21144
2449401.46770 2.58892
2449432.24719 -6.51221
2449463.02669 4.21564
2449493.80618 -3.53137
2449524.58567 5.22204
2449555.36517 -3.38117
2449770.82163 10.15304
2449801.60112 -0.05645
2449832.38062 10.32496
2449863.16011 0.52918
2449893.93961 11.21154
2449924.71910 0.92502
2450140.17556 10.77124
2450170.95506 0.98669
2450201.73455 12.00554
2450232.51404 0.50087
2450263.29354 10.46491
2450478.75000 -2.38539
2450509.52949 8.67151
2450540.30899 -3.43314
2450571.08848 6.94884
2450601.86798 -4.41906
2450632.64747 5.30620
2450848.10393 -6.63388
2450878.88343 1.80160
2450909.66292 -9.94165
2450940.44242 1.08345
2450971.22191 -10.34655
2451002.00140 0.01825
2451217.45787 -9.70589
2451248.23736 -1.61614
2451279.01685 -10.01277
2451309.79635 -1.68711
2451340.57584 -10.86002
2451371.35534 -1.97355
2451586.81180 -7.60952
2451617.59129 0.02410
2451648.37079 -7.06838
2451679.15028 0.65715
2451709.92978 -6.24774
2451740.70927 1.67323
2451956.16573 -1.15846
2451986.94522 4.72557
2452017.72472 0.21197
2452048.50421 5.90935
2452079.28371 1.21906
2452110.06320 5.97966
2452325.51966 5.15340
2452356.29916 7.77491
2452387.07865 4.42410
2452417.85815 7.97071
2452448.63764 4.79535
2452479.41713 8.00882
2452694.87360 5.56333
2452725.65309 5.13528
2452756.43258 5.12707
2452787.21208 2.92875
2452817.99157 3.68845
2452848.77107 2.67057
2453064.22753 0.60613
2453095.00702 -2.25713
2453125.78652 -0.16096
2453156.56601 -3.76203
2453187.34551 -0.99490
2453402.80197 -8.43869
2453433.58146 -3.43866
2453464.36096 -9.19186
2453495.14045 -3.62612
2453525.91994 -9.40729
2453556.69944 -4.09409
2453772.15590 -10.02763
2453802.93539 -1.85429
2453833.71489 -10.23656
2453864.49438 -1.50581
2453895.27388 -7.45636
2453926.05337 -0.64510
2454141.50983 -5.91429
2454172.28933 3.66482
2454203.06882 -5.70707
2454233.84831 5.76600
2454264.62781 -3.84304
2454295.40730 5.62930
2454510.86376 -0.51146
2454541.64326 7.85819
2454572.42275 0.12296
2454603.20225 9.53208
2454633.98174 0.65253
2454664.76124 10.04013
2454880.21770 1.01281
2454910.99719 11.04379
2454941.77669 0.70489
2454972.55618 11.70390
2455003.33567 0.20365
2455034.11517 11.42308
2455249.57163 -3.16964
2455280.35112 7.77654
2455311.13062 -4.20191
2455341.91011 7.25396
2455372.68961 -4.61268
2455403.46910 5.84358
2455618.92556 -9.00184
2455649.70506 0.97163
2455680.48455 -9.42608
2455711.26404 0.05396
2455742.04354 -11.15691
2455957.50000 -2.41478
