2445000.00000 -8.63595
2445030.77949 -0.28982
2445061.55899 -7.65192
2445092.33848 -8.68683
2445123.11798 -0.14468
2445153.89747 -7.16160
2445369.35393 -8.57060
2445400.13343 -1.12912
2445430.91292 0.92988
2445461.69242 -7.56262
2445492.47191 -2.02006
2445523.25140 2.94471
2445738.70787 -0.40144
2445769.48736 -2.81448
2445800.26685 7.07676
2445831.04635 2.50900
2445861.82584 -3.06981
2445892.60534 6.93446
2446108.06180 9.87647
2446138.84129 0.65484
2446169.62079 4.71764
2446200.40028 10.97103
2446231.17978 2.11263
2446261.95927 3.70800
2446477.41573 9.95974
2446508.19522 7.26585
2446538.97472 -0.25104
2446569.75421 7.51591
2446600.53371 7.78234
2446631.31320 -0.80672
2446846.76966 0.20993
2446877.54916 7.91767
2446908.32865 -0.95036
2446939.10815 -2.26397
2446969.88764 6.81851
2447000.66713 -0.38750
2447216.12360 -7.52610
2447246.90309 -0.90750
2447277.68258 0.80570
2447308.46208 -7.77103
2447339.24157 -3.56924
2447370.02107 0.88144
2447585.47753 -6.22465
2447616.25702 -10.32541
2447647.03652 -0.95755
2447677.81601 -4.93671
2447708.59551 -9.18714
2447924.05197 -5.08834
2447954.83146 -0.17313
2447985.61096 -8.72832
2448016.39045 -6.01382
2448047.16994 1.35747
2448077.94944 -6.59974
2448293.40590 -5.66460
2448324.18539 3.57001
2448354.96489 1.20929
2448385.74438 -5.62919
2448416.52388 2.90240
2448447.30337 3.52145
2448662.75983 -0.28923
2448693.53933 1.34085
2448724.31882 10.63812
2448755.09831 2.07321
2448785.87781 0.85672
2448816.65730 9.43006
2449032.11376 11.43438
2449062.89326 0.38674
2449093.67275 7.85383
2449124.45225 9.60565
2449155.23174 0.63151
2449186.01124 6.74190
2449401.46770 9.31232
2449432.24719 2.66365
2449463.02669 -0.77571
2449493.80618 7.19410
2449524.58567 3.45771
2449555.36517 -2.70683
2449770.82163 0.28201
2449801.60112 5.32068
2449832.38062 -5.36542
2449863.16011 -2.07961
2449893.93961 4.12178
2449924.71910 -4.94653
2450140.17556 -8.69097
2450170.95506 -0.78107
2450201.73455 -3.30037
2450232.51404 -9.42071
2450263.29354 -2.29296
2450478.75000 -0.48557
2450509.52949 -8.97130
2450540.30899 -7.70359
2450571.08848 -0.06707
2450601.86798 -7.74190
2450632.64747 -7.33023
2450848.10393 -0.47339
2450878.88343 -0.09563
2450909.66292 -8.67812
2450940.44242 -1.14296
2450971.22191 2.34424
2451002.00140 -7.02321
2451217.45787 -2.42164
2451248.23736 6.86938
2451279.01685 1.01954
2451309.79635 -2.03711
2451340.57584 5.87510
2451371.35534 3.94922
2451586.81180 -0.03654
2451617.59129 5.17616
2451648.37079 10.24998
2451679.15028 1.27557
2451709.92978 3.79138
2451740.70927 10.79762
2451956.16573 6.57072
2451986.94522 0.13639
2452017.72472 9.15571
2452048.50421 7.18534
2452079.28371 -0.62133
2452110.06320 6.81334
2452325.51966 7.92945
2452356.29916 -1.33991
2452387.07865 -1.37830
2452417.85815 6.21484
2452448.63764 -1.03876
2452479.41713 -3.74883
2452694.87360 0.19712
2452725.65309 0.33171
2452756.43258 -8.89899
2452787.21208 -2.09271
2452817.99157 0.48061
2452848.77107 -10.00038
2453064.22753 -7.88700
2453095.00702 -0.43664
2453125.78652 -6.65936
2453156.56601 -9.58532
2453187.34551 -1.28090
2453402.80197 -0.96344
2453433.58146 -9.74041
2453464.36096 -4.17443
2453495.14045 0.61938
2453525.91994 -7.72520
2453556.69944 -5.43553
2453772.15590 2.60585
2453802.93539 -0.07273
2453833.71489 -5.03531
2453864.49438 3.07543
2453895.27388 2.50294
2453926.05337 -3.83045
2454141.50983 2.25264
2454172.28933 9.21935
2454203.06882 0.88321
2454233.84831 1.60605
2454264.62781 10.94386
2454295.40730 3.64854
2454510.86376 0.30124
2454541.64326 8.17916
2454572.42275 8.36749
2454603.20225 0.35763
2454633.98174 6.89511
2454664.76124 9.74951
2454880.21770 2.20354
2454910.99719 -0.00287
2454941.77669 8.36245
2454972.55618 2.96147
2455003.33567 -1.70220
2455034.11517 5.66426
2455249.57163 4.17425
2455280.35112 -5.51964
2455311.13062 -1.16600
2455341.91011 2.94201
2455372.68961 -4.93977
2455403.46910 -4.42742
2455618.92556 0.03781
2455649.70506 -3.68775
2455680.48455 -9.33206
2455711.26404 -1.54575
2455742.04354 -2.88953
2455957.50000 -10.02319
