2445000.00000 14.37929
2445030.77949 15.41407
2445061.55899 12.34690
2445092.33848 15.74921
2445123.11798 13.48437
2445153.89747 12.83843
2445369.35393 7.52995
2445400.13343 5.94752
2445430.91292 5.95678
2445461.69242 4.68581
2445492.47191 4.83316
2445523.25140 6.44888
2445738.70787 10.93472
2445769.48736 10.58109
2445800.26685 11.53585
2445831.04635 11.19280
2445861.82584 11.75177
2445892.60534 10.62040
2446108.06180 7.39084
2446138.84129 7.02440
2446169.62079 9.09436
2446200.40028 8.21472
2446231.17978 6.57853
2446261.95927 9.82242
2446477.41573 11.20928
2446508.19522 12.54794
2446538.97472 12.38292
2446569.75421 11.49987
2446600.53371 9.26573
2446631.31320 11.30987
2446846.76966 5.12038
2446877.54916 6.06446
2446908.32865 7.62811
2446939.10815 7.98702
2446969.88764 7.03110
2447000.66713 8.69477
2447216.12360 15.78462
2447246.90309 16.73419
2447277.68258 14.73827
2447308.46208 12.35437
2447339.24157 12.34700
2447370.02107 11.85040
2447585.47753 2.94573
2447616.25702 3.02721
2447647.03652 2.67485
2447677.81601 3.38543
2447708.59551 4.12220
2447924.05197 16.07340
2447954.83146 17.70886
2447985.61096 15.10688
2448016.39045 14.96976
2448047.16994 17.55668
2448077.94944 15.33939
2448293.40590 4.65243
2448324.18539 3.38511
2448354.96489 2.60858
2448385.74438 1.42008
2448416.52388 1.18485
2448447.30337 1.61278
2448662.75983 12.74986
2448693.53933 13.42391
2448724.31882 14.41270
2448755.09831 13.07191
2448785.87781 19.76395
2448816.65730 19.18196
2449032.11376 8.29358
2449062.89326 6.62156
2449093.67275 4.08717
2449124.45225 3.57017
2449155.23174 2.19660
2449186.01124 1.39787
2449401.46770 9.42285
2449432.24719 8.84319
2449463.02669 9.79942
2449493.80618 14.07537
2449524.58567 16.12956
2449555.36517 13.65985
2449770.82163 12.91381
2449801.60112 12.17234
2449832.38062 9.27277
2449863.16011 7.01136
2449893.93961 5.43734
2449924.71910 3.95972
2450140.17556 5.61254
2450170.95506 7.32185
2450201.73455 6.38345
2450232.51404 9.04030
2450263.29354 9.84168
2450478.75000 12.75935
2450509.52949 13.95758
2450540.30899 14.67617
2450571.08848 14.19631
2450601.86798 10.19347
2450632.64747 8.94654
2450848.10393 4.86948
2450878.88343 5.76003
2450909.66292 5.83683
2450940.44242 7.11828
2450971.22191 6.82835
2451002.00140 9.62027
2451217.45787 10.31865
2451248.23736 12.34742
2451279.01685 10.43196
2451309.79635 10.13130
2451340.57584 9.64805
2451371.35534 8.88393
2451586.81180 8.06331
2451617.59129 8.64366
2451648.37079 6.73391
2451679.15028 8.82452
2451709.92978 9.10336
2451740.70927 7.34045
2451956.16573 10.46536
2451986.94522 10.29387
2452017.72472 9.56881
2452048.50421 8.07578
2452079.28371 9.32784
2452110.06320 8.47724
2452325.51966 7.64544
2452356.29916 9.18083
2452387.07865 10.80874
2452417.85815 9.53005
2452448.63764 8.15251
2452479.41713 10.57049
2452694.87360 11.52666
2452725.65309 10.27643
2452756.43258 9.76527
2452787.21208 8.20515
2452817.99157 6.48396
2452848.77107 8.26535
2453064.22753 6.39222
2453095.00702 7.89119
2453125.78652 9.22832
2453156.56601 11.48265
2453187.34551 12.64890
2453402.80197 15.34263
2453433.58146 13.68307
2453464.36096 11.52435
2453495.14045 10.68932
2453525.91994 7.78459
2453556.69944 8.28428
2453772.15590 4.25085
2453802.93539 4.66778
2453833.71489 5.45641
2453864.49438 5.51805
2453895.27388 5.77880
2453926.05337 9.43760
2454141.50983 14.17413
2454172.28933 14.17691
2454203.06882 14.01506
2454233.84831 15.38134
2454264.62781 14.19362
2454295.40730 12.84596
2454510.86376 2.96289
2454541.64326 3.17364
2454572.42275 3.10067
2454603.20225 4.28660
2454633.98174 4.53817
2454664.76124 5.63062
2454880.21770 14.77548
2454910.99719 13.38999
2454941.77669 14.81737
2454972.55618 13.70617
2455003.33567 13.84934
2455034.11517 14.84438
2455249.57163 4.32593
2455280.35112 3.76358
2455311.13062 3.91680
2455341.91011 3.86525
2455372.68961 3.47491
2455403.46910 3.65600
2455618.92556 13.81997
2455649.70506 12.62413
2455680.48455 14.90129
2455711.26404 13.55868
2455742.04354 13.25289
2455957.50000 9.56511
