2445000.00000 -9.14366
2445030.77949 -9.37382
2445061.55899 -5.05922
2445092.33848 -3.93007
2445123.11798 -0.91417
2445153.89747 1.31583
2445369.35393 -11.79951
2445400.13343 -17.05916
2445430.91292 -17.02758
2445461.69242 -23.88484
2445492.47191 -26.90556
2445523.25140 -32.05466
2445738.70787 -14.00492
2445769.48736 -11.24849
2445800.26685 -11.42888
2445831.04635 -8.97661
2445861.82584 -10.51387
2445892.60534 -11.60365
2446108.06180 -32.63717
2446138.84129 -31.85911
2446169.62079 -33.02840
2446200.40028 -24.58660
2446231.17978 -20.66997
2446261.95927 -15.37820
2446477.41573 5.96086
2446508.19522 4.71058
2446538.97472 2.19792
2446569.75421 -0.45019
2446600.53371 -2.69645
2446631.31320 -4.91124
2446846.76966 6.86570
2446877.54916 14.58209
2446908.32865 19.70171
2446939.10815 23.21179
2446969.88764 27.21420
2447000.66713 31.47108
2447216.12360 15.50673
2447246.90309 10.71549
2447277.68258 11.73217
2447308.46208 12.47488
2447339.24157 9.03426
2447370.02107 14.40407
2447585.47753 32.37133
2447616.25702 32.47253
2447647.03652 28.50975
2447677.81601 32.29077
2447708.59551 23.71590
2447924.05197 -2.97439
2447954.83146 -2.37689
2447985.61096 -0.58759
2448016.39045 2.18256
2448047.16994 5.52153
2448077.94944 6.81121
2448293.40590 -1.72178
2448324.18539 -7.82653
2448354.96489 -13.07886
2448385.74438 -19.25363
2448416.52388 -22.38164
2448447.30337 -26.72734
2448662.75983 -16.79904
2448693.53933 -16.92111
2448724.31882 -9.44978
2448755.09831 -9.04711
2448785.87781 -9.72452
2448816.65730 -12.98910
2449032.11376 -32.34166
2449062.89326 -34.75551
2449093.67275 -34.14980
2449124.45225 -28.40291
2449155.23174 -31.17942
2449186.01124 -27.18625
2449401.46770 -0.54228
2449432.24719 -1.62243
2449463.02669 -4.04310
2449493.80618 -6.21625
2449524.58567 -9.52362
2449555.36517 -14.37289
2449770.82163 -1.49646
2449801.60112 4.55837
2449832.38062 11.25823
2449863.16011 17.15376
2449893.93961 21.16977
2449924.71910 24.15051
2450140.17556 19.64263
2450170.95506 14.04117
2450201.73455 12.23686
2450232.51404 8.65086
2450263.29354 10.76456
2450478.75000 31.04234
2450509.52949 42.03169
2450540.30899 38.98415
2450571.08848 39.98565
2450601.86798 40.50911
2450632.64747 36.54107
2450848.10393 4.09276
2450878.88343 5.52835
2450909.66292 5.69395
2450940.44242 9.37228
2450971.22191 10.73335
2451002.00140 16.42520
2451217.45787 12.02664
2451248.23736 4.31363
2451279.01685 -1.49412
2451309.79635 -8.99544
2451340.57584 -15.36549
2451371.35534 -22.94829
2451586.81180 -17.58106
2451617.59129 -12.47059
2451648.37079 -10.44865
2451679.15028 -7.56845
2451709.92978 -7.75297
2451740.70927 -9.24236
2451956.16573 -39.87709
2451986.94522 -48.58885
2452017.72472 -45.25471
2452048.50421 -51.20878
2452079.28371 -43.10356
2452110.06320 -39.76327
2452325.51966 -7.16195
2452356.29916 -9.20662
2452387.07865 -9.38178
2452417.85815 -16.24648
2452448.63764 -19.53816
2452479.41713 -21.57191
2452694.87360 -17.19141
2452725.65309 -8.64096
2452756.43258 -1.92548
2452787.21208 5.69068
2452817.99157 12.85345
2452848.77107 16.28848
2453064.22753 14.31084
2453095.00702 7.48930
2453125.78652 5.93215
2453156.56601 4.46115
2453187.34551 5.88229
2453402.80197 29.47003
2453433.58146 42.34785
2453464.36096 55.61449
2453495.14045 51.97004
2453525.91994 43.06125
2453556.69944 49.92724
2453772.15590 9.06441
2453802.93539 12.18019
2453833.71489 11.10096
2453864.49438 17.15543
2453895.27388 22.46173
2453926.05337 25.89251
2454141.50983 27.44596
2454172.28933 19.02517
2454203.06882 12.89603
2454233.84831 5.89447
2454264.62781 -1.74940
2454295.40730 -8.45943
2454510.86376 -11.84196
2454541.64326 -7.35697
2454572.42275 -4.20892
2454603.20225 -1.94652
2454633.98174 -0.86328
2454664.76124 -1.31817
2454880.21770 -32.98691
2454910.99719 -47.62653
2454941.77669 -47.92729
2454972.55618 -51.76318
2455003.33567 -44.82624
2455034.11517 -40.14940
2455249.57163 -13.38035
2455280.35112 -12.13196
2455311.13062 -15.93235
2455341.91011 -17.39183
2455372.68961 -22.01798
2455403.46910 -26.27952
2455618.92556 -31.17062
2455649.70506 -23.31494
2455680.48455 -17.60062
2455711.26404 -9.53576
2455742.04354 -2.01208
2455957.50000 9.00505
