2445000.00000 0.71419
2445030.77949 -0.34236
2445061.55899 -1.60053
2445092.33848 -3.04433
2445123.11798 -3.85806
2445153.89747 -3.41743
2445369.35393 -2.10840
2445400.13343 -2.78967
2445430.91292 -3.08886
2445461.69242 -3.28303
2445492.47191 -2.61391
2445523.25140 -0.83241
2445738.70787 -0.23888
2445769.48736 -0.04211
2445800.26685 0.83595
2445831.04635 2.18906
2445861.82584 3.71691
2445892.60534 4.42862
2446108.06180 0.42178
2446138.84129 1.17900
2446169.62079 2.34155
2446200.40028 2.27258
2446231.17978 2.13188
2446261.95927 1.60850
2446477.41573 -1.27035
2446508.19522 -0.46011
2446538.97472 -0.41648
2446569.75421 -0.98533
2446600.53371 -2.13445
2446631.31320 -3.95621
2446846.76966 0.71393
2446877.54916 0.48311
2446908.32865 -0.13962
2446939.10815 -1.01508
2446969.88764 -1.49442
2447000.66713 -1.29578
2447216.12360 2.95299
2447246.90309 1.94807
2447277.68258 0.94907
2447308.46208 0.58253
2447339.24157 0.98084
2447370.02107 1.48847
2447585.47753 -0.67581
2447616.25702 -1.46397
2447647.03652 -1.51857
2447677.81601 -1.02176
2447708.59551 -0.19556
2447924.05197 -3.73521
2447954.83146 -4.71123
2447985.61096 -3.28909
2448016.39045 -2.29870
2448047.16994 -1.00837
2448077.94944 -0.41970
2448293.40590 -1.81296
2448324.18539 -0.03869
2448354.96489 1.38376
2448385.74438 2.48590
2448416.52388 2.20888
2448447.30337 2.39424
2448662.75983 4.71739
2448693.53933 3.68553
2448724.31882 4.39444
2448755.09831 3.81178
2448785.87781 1.94486
2448816.65730 0.95502
2449032.11376 2.11273
2449062.89326 0.81438
2449093.67275 -0.66622
2449124.45225 -1.84780
2449155.23174 -2.99597
2449186.01124 -3.62949
2449401.46770 -2.38488
2449432.24719 -3.30185
2449463.02669 -4.37737
2449493.80618 -4.61128
2449524.58567 -3.29090
2449555.36517 -2.19556
2449770.82163 -1.48522
2449801.60112 -1.14453
2449832.38062 -0.17707
2449863.16011 1.29499
2449893.93961 2.59132
2449924.71910 3.52631
2450140.17556 0.80012
2450170.95506 1.83370
2450201.73455 2.74313
2450232.51404 3.89446
2450263.29354 3.44427
2450478.75000 -1.27161
2450509.52949 -0.53984
2450540.30899 0.17282
2450571.08848 0.23595
2450601.86798 -0.38655
2450632.64747 -1.53114
2450848.10393 -0.72330
2450878.88343 -0.16460
2450909.66292 -0.27213
2450940.44242 -0.81989
2450971.22191 -1.76530
2451002.00140 -2.50493
2451217.45787 2.98158
2451248.23736 2.47151
2451279.01685 1.45150
2451309.79635 0.60525
2451340.57584 0.36508
2451371.35534 0.71006
2451586.81180 1.76081
2451617.59129 0.45995
2451648.37079 -0.38052
2451679.15028 -0.56970
2451709.92978 -0.07933
2451740.70927 0.89022
2451956.16573 -4.06220
2451986.94522 -3.48744
2452017.72472 -3.68091
2452048.50421 -1.93411
2452079.28371 -1.28795
2452110.06320 -0.57733
2452325.51966 -2.90741
2452356.29916 -1.21363
2452387.07865 0.13122
2452417.85815 1.01726
2452448.63764 1.61935
2452479.41713 1.23518
2452694.87360 2.82989
2452725.65309 3.84081
2452756.43258 3.85895
2452787.21208 3.41507
2452817.99157 2.45584
2452848.77107 1.73766
2453064.22753 2.78694
2453095.00702 2.47085
2453125.78652 0.69359
2453156.56601 -0.65175
2453187.34551 -2.28303
2453402.80197 -0.84241
2453433.58146 -1.57500
2453464.36096 -3.27656
2453495.14045 -4.17622
2453525.91994 -5.18704
2453556.69944 -4.24111
2453772.15590 -1.58465
2453802.93539 -2.25327
2453833.71489 -2.04270
2453864.49438 -1.33766
2453895.27388 -0.06289
2453926.05337 1.45534
2454141.50983 0.43629
2454172.28933 0.77928
2454203.06882 2.08886
2454233.84831 2.83726
2454264.62781 4.74738
2454295.40730 4.23104
2454510.86376 -0.37267
2454541.64326 0.34160
2454572.42275 1.08947
2454603.20225 1.32878
2454633.98174 0.68290
2454664.76124 -0.56421
2454880.21770 -1.28809
2454910.99719 -0.50639
2454941.77669 -0.66326
2454972.55618 -1.48770
2455003.33567 -2.24676
2455034.11517 -3.37326
2455249.57163 2.23639
2455280.35112 1.55873
2455311.13062 0.83092
2455341.91011 -0.04178
2455372.68961 -0.36018
2455403.46910 -0.02695
2455618.92556 2.62758
2455649.70506 1.10696
2455680.48455 0.35772
2455711.26404 0.15693
2455742.04354 0.68262
2455957.50000 -1.48311
