2445000.00000 1.88248
2445030.77949 -2.85173
2445061.55899 2.74699
2445092.33848 -5.04625
2445123.11798 2.92868
2445153.89747 -6.57227
2445369.35393 -7.27185
2445400.13343 -2.47921
2445430.91292 -8.82898
2445461.69242 -2.13855
2445492.47191 -11.62149
2445523.25140 -2.39215
2445738.70787 -3.64385
2445769.48736 -9.57598
2445800.26685 -1.69074
2445831.04635 -8.93688
2445861.82584 -0.38112
2445892.60534 -8.91899
2446108.06180 -3.08288
2446138.84129 3.31789
2446169.62079 -3.99073
2446200.40028 5.99916
2446231.17978 -2.90099
2446261.95927 7.95121
2446477.41573 8.92254
2446508.19522 2.81966
2446538.97472 12.03918
2446569.75421 2.37138
2446600.53371 13.15364
2446631.31320 2.37405
2446846.76966 4.29966
2446877.54916 8.94995
2446908.32865 1.96078
2446939.10815 10.68375
2446969.88764 0.58686
2447000.66713 9.10459
2447216.12360 3.80931
2447246.90309 -3.28534
2447277.68258 3.26072
2447308.46208 -6.58333
2447339.24157 2.70563
2447370.02107 -8.25564
2447585.47753 -10.49504
2447616.25702 -2.51704
2447647.03652 -13.18953
2447677.81601 -2.19248
2447708.59551 -14.21671
2447924.05197 -8.94299
2447954.83146 -3.55513
2447985.61096 -11.28161
2448016.39045 -1.84782
2448047.16994 -10.80493
2448077.94944 -0.81983
2448293.40590 1.07697
2448324.18539 -4.57542
2448354.96489 5.01128
2448385.74438 -3.73666
2448416.52388 7.02175
2448447.30337 -2.67747
2448662.75983 3.03401
2448693.53933 9.91749
2448724.31882 1.91836
2448755.09831 12.43716
2448785.87781 2.11989
2448816.65730 13.48310
2449032.11376 11.62229
2449062.89326 4.04126
2449093.67275 12.64914
2449124.45225 1.27122
2449155.23174 12.59515
2449186.01124 1.17442
2449401.46770 -1.56289
2449432.24719 5.17868
2449463.02669 -5.35289
2449493.80618 5.85920
2449524.58567 -6.12007
2449555.36517 2.83706
2449770.82163 -3.01392
2449801.60112 -12.88968
2449832.38062 -2.25164
2449863.16011 -13.41065
2449893.93961 -2.31840
2449924.71910 -14.42961
2450140.17556 -13.66251
2450170.95506 -3.31604
2450201.73455 -13.04348
2450232.51404 -1.93267
2450263.29354 -12.19498
2450478.75000 -6.17916
2450509.52949 2.08535
2450540.30899 -6.18209
2450571.08848 4.85081
2450601.86798 -6.22752
2450632.64747 6.40092
2450848.10393 9.49871
2450878.88343 2.49953
2450909.66292 12.37305
2450940.44242 1.99708
2450971.22191 12.91919
2451002.00140 3.05252
2451217.45787 5.05057
2451248.23736 13.66858
2451279.01685 4.13110
2451309.79635 14.13621
2451340.57584 2.08050
2451371.35534 14.96685
2451586.81180 5.46454
2451617.59129 -3.28351
2451648.37079 7.22238
2451679.15028 -6.13610
2451709.92978 7.04431
2451740.70927 -7.18326
2451956.16573 -8.99613
2451986.94522 -1.73861
2452017.72472 -13.48883
2452048.50421 -1.61072
2452079.28371 -16.32091
2452110.06320 -2.78264
2452325.51966 -5.71298
2452356.29916 -14.93968
2452387.07865 -2.45372
2452417.85815 -16.55562
2452448.63764 -2.03450
2452479.41713 -14.62687
2452694.87360 -8.48146
2452725.65309 2.78035
2452756.43258 -7.98675
2452787.21208 5.90406
2452817.99157 -5.38907
2452848.77107 6.33946
2453064.22753 13.45172
2453095.00702 1.59908
2453125.78652 15.27119
2453156.56601 1.60436
2453187.34551 17.14639
2453402.80197 14.40227
2453433.58146 5.09936
2453464.36096 16.74989
2453495.14045 3.65607
2453525.91994 15.49329
2453556.69944 2.74427
2453772.15590 0.30447
2453802.93539 8.08144
2453833.71489 -3.70081
2453864.49438 9.58558
2453895.27388 -5.63119
2453926.05337 6.38306
2454141.50983 -1.63171
2454172.28933 -12.47515
2454203.06882 -1.13935
2454233.84831 -14.25093
2454264.62781 -1.86040
2454295.40730 -16.37707
2454510.86376 -14.32027
2454541.64326 -3.25284
2454572.42275 -15.00497
2454603.20225 -3.07226
2454633.98174 -16.36882
2454664.76124 -2.98753
2454880.21770 0.20950
2454910.99719 -9.37275
2454941.77669 3.59890
2454972.55618 -8.85723
2455003.33567 5.85553
2455034.11517 -6.56840
2455249.57163 0.98555
2455280.35112 16.09779
2455311.13062 0.70790
2455341.91011 14.56423
2455372.68961 1.80319
2455403.46910 15.55623
2455618.92556 17.91387
2455649.70506 3.69901
2455680.48455 17.84536
2455711.26404 3.25541
2455742.04354 17.68329
2455957.50000 9.17688
