2445000.00000 7.46235
2445030.77949 6.02108
2445061.55899 6.59072
2445092.33848 8.40971
2445123.11798 5.52940
2445153.89747 7.21856
2445369.35393 9.16178
2445400.13343 6.22309
2445430.91292 8.34516
2445461.69242 5.06374
2445492.47191 7.18595
2445523.25140 6.30743
2445738.70787 4.23033
2445769.48736 5.50026
2445800.26685 4.08756
2445831.04635 4.05928
2445861.82584 5.98096
2445892.60534 2.60671
2446108.06180 2.32336
2446138.84129 4.30158
2446169.62079 1.32184
2446200.40028 4.23864
2446231.17978 1.32500
2446261.95927 2.85608
2446477.41573 3.70341
2446508.19522 0.75946
2446538.97472 2.56456
2446569.75421 1.67121
2446600.53371 1.38253
2446631.31320 3.47300
2446846.76966 2.34323
2446877.54916 1.52141
2446908.32865 3.62012
2446939.10815 1.37270
2446969.88764 4.30230
2447000.66713 1.50697
2447216.12360 2.55161
2447246.90309 5.58083
2447277.68258 3.41205
2447308.46208 5.56847
2447339.24157 5.54406
2447370.02107 5.26403
2447585.47753 6.95580
2447616.25702 6.26767
2447647.03652 5.51437
2447677.81601 7.98652
2447708.59551 5.55155
2447924.05197 6.70928
2447954.83146 8.32919
2447985.61096 6.26565
2448016.39045 8.71654
2448047.16994 5.81419
2448077.94944 6.99241
2448293.40590 7.38240
2448324.18539 5.83426
2448354.96489 5.74814
2448385.74438 5.45373
2448416.52388 4.87979
2448447.30337 5.56210
2448662.75983 5.16493
2448693.53933 2.50542
2448724.31882 5.62938
2448755.09831 2.09977
2448785.87781 5.69941
2448816.65730 2.32842
2449032.11376 0.94583
2449062.89326 3.32960
2449093.67275 1.12445
2449124.45225 2.17480
2449155.23174 2.48248
2449186.01124 0.98964
2449401.46770 1.92319
2449432.24719 2.62682
2449463.02669 0.81330
2449493.80618 3.98634
2449524.58567 0.65523
2449555.36517 3.68873
2449770.82163 5.20872
2449801.60112 1.77271
2449832.38062 5.21336
2449863.16011 3.05745
2449893.93961 4.22541
2449924.71910 4.19999
2450140.17556 4.89502
2450170.95506 6.28187
2450201.73455 6.65862
2450232.51404 4.59177
2450263.29354 8.58226
2450478.75000 8.25415
2450509.52949 6.53843
2450540.30899 8.59339
2450571.08848 6.18488
2450601.86798 9.04677
2450632.64747 5.83488
2450848.10393 5.80286
2450878.88343 8.22078
2450909.66292 6.37559
2450940.44242 6.82748
2450971.22191 7.25045
2451002.00140 4.65287
2451217.45787 4.07913
2451248.23736 6.77424
2451279.01685 3.23394
2451309.79635 6.60140
2451340.57584 3.20079
2451371.35534 5.31560
2451586.81180 5.24645
2451617.59129 1.54754
2451648.37079 4.07035
2451679.15028 2.05586
2451709.92978 2.82810
2451740.70927 2.54977
2451956.16573 1.67922
2451986.94522 1.38358
2452017.72472 2.45266
2452048.50421 0.38031
2452079.28371 3.50248
2452110.06320 0.22951
2452325.51966 0.70603
2452356.29916 4.20867
2452387.07865 1.10844
2452417.85815 4.32861
2452448.63764 2.14110
2452479.41713 3.17514
2452694.87360 5.84887
2452725.65309 4.00454
2452756.43258 4.03086
2452787.21208 5.46949
2452817.99157 3.80000
2452848.77107 6.35108
2453064.22753 7.51799
2453095.00702 3.90760
2453125.78652 7.36670
2453156.56601 4.66871
2453187.34551 8.76572
2453402.80197 8.67102
2453433.58146 6.15550
2453464.36096 7.55146
2453495.14045 5.90257
2453525.91994 6.98417
2453556.69944 7.76152
2453772.15590 7.35486
2453802.93539 5.60790
2453833.71489 7.94148
2453864.49438 3.98927
2453895.27388 5.88591
2453926.05337 3.43065
2454141.50983 2.97782
2454172.28933 5.19499
2454203.06882 2.56712
2454233.84831 4.47227
2454264.62781 3.03299
2454295.40730 2.99088
2454510.86376 2.33806
2454541.64326 1.92438
2454572.42275 1.43568
2454603.20225 2.73544
2454633.98174 0.24004
2454664.76124 3.34325
2454880.21770 2.81662
2454910.99719 0.12853
2454941.77669 3.03293
2454972.55618 0.63501
2455003.33567 2.90335
2455034.11517 1.70791
2455249.57163 1.99656
2455280.35112 3.38191
2455311.13062 3.47210
2455341.91011 2.19265
2455372.68961 4.94184
2455403.46910 2.31181
2455618.92556 4.54945
2455649.70506 5.87281
2455680.48455 4.32781
2455711.26404 7.69774
2455742.04354 5.92303
2455957.50000 4.92990
