2445000.00000 -2.77590
2445030.77949 -4.61357
2445061.55899 -8.23430
2445092.33848 -3.11408
2445123.11798 -8.88958
2445153.89747 -2.12810
2445369.35393 -6.15382
2445400.13343 -9.68056
2445430.91292 -2.33793
2445461.69242 -7.61064
2445492.47191 0.54928
2445523.25140 -7.66472
2445738.70787 0.73516
2445769.48736 7.15933
2445800.26685 0.19531
2445831.04635 10.71740
2445861.82584 0.99229
2445892.60534 11.49499
2446108.06180 10.62183
2446138.84129 2.70040
2446169.62079 11.47837
2446200.40028 1.06305
2446231.17978 11.31609
2446261.95927 0.86548
2446477.41573 -6.33517
2446508.19522 2.40670
2446538.97472 -9.25597
2446569.75421 0.30229
2446600.53371 -9.09856
2446631.31320 -2.95437
2446846.76966 -2.59195
2446877.54916 -14.11604
2446908.32865 -2.98269
2446939.10815 -9.89445
2446969.88764 -3.81098
2447000.66713 -7.13674
2447216.12360 -5.03859
2447246.90309 6.00306
2447277.68258 -1.35457
2447308.46208 6.53930
2447339.24157 3.16285
2447370.02107 3.59513
2447585.47753 14.26746
2447616.25702 4.37542
2447647.03652 12.54286
2447677.81601 6.92631
2447708.59551 7.90263
2447924.05197 6.45932
2447954.83146 -2.30075
2447985.61096 2.39254
2448016.39045 -1.41046
2448047.16994 -2.36022
2448077.94944 -0.17604
2448293.40590 -12.64904
2448324.18539 -5.60085
2448354.96489 -9.62206
2448385.74438 -9.39878
2448416.52388 -6.32664
2448447.30337 -12.47302
2448662.75983 -2.39965
2448693.53933 -2.85396
2448724.31882 -3.65746
2448755.09831 2.03542
2448785.87781 -4.02218
2448816.65730 6.27138
2449032.11376 9.01656
2449062.89326 6.62591
2449093.67275 10.74573
2449124.45225 4.51884
2449155.23174 13.05072
2449186.01124 3.30349
2449401.46770 3.14326
2449432.24719 8.12198
2449463.02669 -1.32986
2449493.80618 7.88769
2449524.58567 -4.02009
2449555.36517 6.93467
2449770.82163 -2.90591
2449801.60112 -11.62349
2449832.38062 -2.42939
2449863.16011 -14.83359
2449893.93961 -2.78896
2449924.71910 -14.22010
2450140.17556 -11.54858
2450170.95506 -0.18347
2450201.73455 -11.15534
2450232.51404 1.35904
2450263.29354 -9.13994
2450478.75000 -0.69447
2450509.52949 11.22721
2450540.30899 0.35026
2450571.08848 11.02236
2450601.86798 2.50142
2450632.64747 12.48700
2450848.10393 14.30174
2450878.88343 2.06222
2450909.66292 14.07156
2450940.44242 1.99230
2450971.22191 7.25091
2451002.00140 3.42523
2451217.45787 -7.38565
2451248.23736 1.32119
2451279.01685 -10.87474
2451309.79635 -3.11708
2451340.57584 -9.60727
2451371.35534 -7.34620
2451586.81180 -4.05705
2451617.59129 -15.38080
2451648.37079 -6.12222
2451679.15028 -9.31176
2451709.92978 -6.29552
2451740.70927 -4.29531
2451956.16573 -2.70023
2451986.94522 5.57484
2452017.72472 2.69489
2452048.50421 3.49383
2452079.28371 7.15284
2452110.06320 2.57857
2452325.51966 11.49618
2452356.29916 5.76346
2452387.07865 7.36328
2452417.85815 10.87349
2452448.63764 3.87691
2452479.41713 13.63801
2452694.87360 -0.18541
2452725.65309 -1.92172
2452756.43258 0.98895
2452787.21208 -7.30892
2452817.99157 1.17725
2452848.77107 -12.01150
2453064.22753 -12.28074
2453095.00702 -5.72387
2453125.78652 -14.56801
2453156.56601 -3.81006
2453187.34551 -17.83589
2453402.80197 -5.11605
2453433.58146 1.66022
2453464.36096 -4.47312
2453495.14045 5.62799
2453525.91994 -4.45492
2453556.69944 9.17825
2453772.15590 10.66275
2453802.93539 4.81186
2453833.71489 13.03428
2453864.49438 3.24049
2453895.27388 16.81683
2453926.05337 3.88800
2454141.50983 -0.43055
2454172.28933 10.34601
2454203.06882 -3.78523
2454233.84831 7.28663
2454264.62781 -5.67918
2454295.40730 3.33624
2454510.86376 -1.68484
2454541.64326 -12.15932
2454572.42275 -3.17113
2454603.20225 -13.53331
2454633.98174 -6.00517
2454664.76124 -12.23916
2454880.21770 -11.49893
2454910.99719 0.68696
2454941.77669 -8.34560
2454972.55618 0.54841
2455003.33567 -4.52016
2455034.11517 -0.47824
2455249.57163 11.48013
2455280.35112 2.52245
2455311.13062 11.97750
2455341.91011 6.29194
2455372.68961 7.42630
2455403.46910 11.27848
2455618.92556 2.46258
2455649.70506 9.56383
2455680.48455 3.25137
2455711.26404 4.25103
2455742.04354 4.93110
2455957.50000 -8.45968
