2445000.00000 -3.79220
2445030.77949 -1.71654
2445061.55899 -2.77983
2445092.33848 -1.16538
2445123.11798 -1.90833
2445153.89747 -1.04309
2445369.35393 1.61265
2445400.13343 0.03966
2445430.91292 2.50355
2445461.69242 0.36372
2445492.47191 3.44558
2445523.25140 0.52952
2445738.70787 5.85080
2445769.48736 1.21186
2445800.26685 7.46589
2445831.04635 1.58944
2445861.82584 6.37336
2445892.60534 1.65782
2446108.06180 11.88324
2446138.84129 1.49535
2446169.62079 9.35934
2446200.40028 1.47576
2446231.17978 10.28460
2446261.95927 1.53384
2446477.41573 10.94197
2446508.19522 0.53130
2446538.97472 6.58284
2446569.75421 0.20759
2446600.53371 9.78636
2446631.31320 -0.11900
2446846.76966 7.28282
2446877.54916 -1.44021
2446908.32865 6.30067
2446939.10815 -2.16083
2446969.88764 6.60932
2447000.66713 -2.45117
2447216.12360 3.63669
2447246.90309 -5.19352
2447277.68258 2.62371
2447308.46208 -3.73693
2447339.24157 1.94747
2447370.02107 -5.45838
2447585.47753 -1.37724
2447616.25702 -5.99785
2447647.03652 -1.65968
2447677.81601 -5.23999
2447708.59551 -2.61332
2447924.05197 -5.63089
2447954.83146 -4.42084
2447985.61096 -5.79549
2448016.39045 -5.24842
2448047.16994 -5.99315
2448077.94944 -5.54229
2448293.40590 -4.12789
2448324.18539 -6.09054
2448354.96489 -3.79046
2448385.74438 -7.23161
2448416.52388 -3.51639
2448447.30337 -7.17997
2448662.75983 -0.81797
2448693.53933 -4.77835
2448724.31882 -0.06806
2448755.09831 -4.79217
2448785.87781 0.68146
2448816.65730 -5.91230
2449032.11376 3.69693
2449062.89326 -3.96194
2449093.67275 4.36161
2449124.45225 -3.19864
2449155.23174 4.75257
2449186.01124 -2.82579
2449401.46770 6.59244
2449432.24719 -1.33606
2449463.02669 7.40620
2449493.80618 -0.85683
2449524.58567 8.53585
2449555.36517 -0.48456
2449770.82163 8.62421
2449801.60112 0.91766
2449832.38062 9.75700
2449863.16011 1.10594
2449893.93961 8.96388
2449924.71910 1.47879
2450140.17556 8.19646
2450170.95506 1.70563
2450201.73455 8.15779
2450232.51404 1.50119
2450263.29354 7.38931
2450478.75000 1.64511
2450509.52949 5.93309
2450540.30899 1.20211
2450571.08848 4.52667
2450601.86798 1.31748
2450632.64747 4.32624
2450848.10393 0.43424
2450878.88343 1.02480
2450909.66292 0.19037
2450940.44242 0.22707
2450971.22191 -0.05167
2451002.00140 -0.45311
2451217.45787 -0.85458
2451248.23736 -3.38021
2451279.01685 -0.99008
2451309.79635 -4.63055
2451340.57584 -1.22541
2451371.35534 -4.71590
2451586.81180 -1.49274
2451617.59129 -6.54472
2451648.37079 -1.79940
2451679.15028 -6.05696
2451709.92978 -1.88561
2451740.70927 -8.08904
2451956.16573 -1.48649
2451986.94522 -7.39926
2452017.72472 -1.22886
2452048.50421 -8.55636
2452079.28371 -1.09000
2452110.06320 -8.44656
2452325.51966 0.18286
2452356.29916 -5.96598
2452387.07865 0.54713
2452417.85815 -8.14283
2452448.63764 0.97572
2452479.41713 -7.56164
2452694.87360 2.52601
2452725.65309 -4.64250
2452756.43258 3.23302
2452787.21208 -4.62842
2452817.99157 3.08006
2452848.77107 -3.57780
2453064.22753 5.02901
2453095.00702 -1.12361
2453125.78652 5.88409
2453156.56601 -0.37080
2453187.34551 4.53659
2453402.80197 2.03337
2453433.58146 5.15902
2453464.36096 2.68240
2453495.14045 5.38576
2453525.91994 2.79634
2453556.69944 5.58040
2453772.15590 4.12693
2453802.93539 5.24337
2453833.71489 4.61074
2453864.49438 4.88358
2453895.27388 4.29884
2453926.05337 3.23308
2454141.50983 5.20195
2454172.28933 2.48348
2454203.06882 5.05545
2454233.84831 1.77214
2454264.62781 5.36914
2454295.40730 1.59947
2454510.86376 5.00689
2454541.64326 -1.06154
2454572.42275 4.27380
2454603.20225 -1.52029
2454633.98174 3.01275
2454664.76124 -2.58988
2454880.21770 2.29007
2454910.99719 -5.31423
2454941.77669 1.97115
2454972.55618 -4.75055
2455003.33567 1.72230
2455034.11517 -5.79955
2455249.57163 0.29819
2455280.35112 -7.31088
2455311.13062 0.01841
2455341.91011 -6.98815
2455372.68961 -0.27659
2455403.46910 -7.17087
2455618.92556 -1.14834
2455649.70506 -7.91903
2455680.48455 -1.14254
2455711.26404 -7.02328
2455742.04354 -1.32399
2455957.50000 -6.94857
