2445000.00000 2.16397
2445030.77949 3.91616
2445061.55899 0.30646
2445092.33848 2.68554
2445123.11798 3.39244
2445153.89747 -0.05789
2445369.35393 1.99948
2445400.13343 0.68515
2445430.91292 -1.48150
2445461.69242 1.74043
2445492.47191 -0.43845
2445523.25140 -1.84457
2445738.70787 0.37598
2445769.48736 -3.80024
2445800.26685 -1.82710
2445831.04635 -0.24373
2445861.82584 -4.32558
2445892.60534 -1.88835
2446108.06180 -1.12408
2446138.84129 -4.16407
2446169.62079 -0.56411
2446200.40028 -1.57095
2446231.17978 -3.54835
2446261.95927 0.22994
2446477.41573 -1.32371
2446508.19522 -0.87352
2446538.97472 2.26327
2446569.75421 -0.85481
2446600.53371 0.22246
2446631.31320 2.48903
2446846.76966 -0.00601
2446877.54916 3.15852
2446908.32865 3.62342
2446939.10815 0.20367
2446969.88764 3.95145
2447000.66713 3.10484
2447216.12360 0.37015
2447246.90309 3.25260
2447277.68258 0.59231
2447308.46208 0.26396
2447339.24157 3.26153
2447370.02107 -0.17852
2447585.47753 -0.24036
2447616.25702 0.96023
2447647.03652 -3.32681
2447677.81601 -0.45279
2447708.59551 -0.08413
2447924.05197 -4.27715
2447954.83146 -0.44148
2447985.61096 -2.76191
2448016.39045 -4.00309
2448047.16994 -0.41551
2448077.94944 -3.03896
2448293.40590 -2.33051
2448324.18539 0.49940
2448354.96489 -2.65360
2448385.74438 -1.02515
2448416.52388 0.94147
2448447.30337 -3.22363
2448662.75983 2.01428
2448693.53933 1.60668
2448724.31882 -0.81019
2448755.09831 3.62475
2448785.87781 1.40946
2448816.65730 0.02173
2449032.11376 4.15207
2449062.89326 0.90949
2449093.67275 1.99179
2449124.45225 4.56186
2449155.23174 0.64177
2449186.01124 1.85878
2449401.46770 2.10513
2449432.24719 -1.34948
2449463.02669 1.63362
2449493.80618 0.99455
2449524.58567 -1.73160
2449555.36517 1.53609
2449770.82163 -1.90862
2449801.60112 -2.88031
2449832.38062 0.31602
2449863.16011 -2.94202
2449893.93961 -2.92678
2449924.71910 -0.09662
2450140.17556 -4.25121
2450170.95506 -1.49246
2450201.73455 -0.86327
2450232.51404 -4.21343
2450263.29354 -0.80206
2450478.75000 -0.55056
2450509.52949 -2.00996
2450540.30899 1.46294
2450571.08848 -0.35549
2450601.86798 -0.97473
2450632.64747 2.42162
2450848.10393 0.18138
2450878.88343 1.38199
2450909.66292 3.46867
2450940.44242 0.30221
2450971.22191 2.64651
2451002.00140 4.26977
2451217.45787 0.09673
2451248.23736 3.68839
2451279.01685 2.34024
2451309.79635 -0.12109
2451340.57584 4.00769
2451371.35534 1.28605
2451586.81180 -0.92414
2451617.59129 2.34734
2451648.37079 -2.12404
2451679.15028 -1.02787
2451709.92978 0.85256
2451740.70927 -3.08987
2451956.16573 -1.20519
2451986.94522 -1.31573
2452017.72472 -4.52886
2452048.50421 -1.10949
2452079.28371 -1.80040
2452110.06320 -4.59323
2452325.51966 0.34201
2452356.29916 -2.82034
2452387.07865 -2.80397
2452417.85815 0.63428
2452448.63764 -2.52129
2452479.41713 -1.61247
2452694.87360 2.19790
2452725.65309 -1.31472
2452756.43258 1.67888
2452787.21208 2.60627
2452817.99157 -0.65979
2452848.77107 3.01256
2453064.22753 2.31834
2453095.00702 0.77353
2453125.78652 4.67631
2453156.56601 1.47623
2453187.34551 0.89993
2453402.80197 2.90140
2453433.58146 -0.52652
2453464.36096 1.04896
2453495.14045 2.56167
2453525.91994 -1.19563
2453556.69944 1.02664
2453772.15590 -0.62948
2453802.93539 -3.06904
2453833.71489 0.22853
2453864.49438 -1.76978
2453895.27388 -3.49719
2453926.05337 0.00477
2454141.50983 -3.99909
2454172.28933 -2.93997
2454203.06882 -0.26355
2454233.84831 -3.82610
2454264.62781 -2.38851
2454295.40730 -0.21077
2454510.86376 -3.31729
2454541.64326 0.49110
2454572.42275 0.27543
2454603.20225 -2.40902
2454633.98174 1.40320
2454664.76124 0.55135
2454880.21770 0.37361
2454910.99719 2.87970
2454941.77669 0.77606
2454972.55618 1.11732
2455003.33567 3.86462
2455034.11517 0.86060
2455249.57163 2.96859
2455280.35112 3.90151
2455311.13062 -0.03967
2455341.91011 3.05951
2455372.68961 2.59640
2455403.46910 -0.46128
2455618.92556 2.27173
2455649.70506 -0.43621
2455680.48455 -1.54639
2455711.26404 1.77116
2455742.04354 -1.57569
2455957.50000 -2.12656
