2445000.00000 2.43447
2445030.77949 2.50354
2445061.55899 0.86550
2445092.33848 2.46447
2445123.11798 3.07234
2445153.89747 0.83691
2445369.35393 1.90031
2445400.13343 3.75251
2445430.91292 1.08623
2445461.69242 1.23640
2445492.47191 2.89837
2445523.25140 1.00621
2445738.70787 -0.21808
2445769.48736 1.71877
2445800.26685 0.28728
2445831.04635 -0.80551
2445861.82584 1.32104
2445892.60534 0.07966
2446108.06180 -2.26991
2446138.84129 -0.45590
2446169.62079 -0.66898
2446200.40028 -2.69348
2446231.17978 -0.98093
2446261.95927 -0.94917
2446477.41573 -2.87064
2446508.19522 -2.39549
2446538.97472 -0.96706
2446569.75421 -3.52295
2446600.53371 -2.30806
2446631.31320 -0.77547
2446846.76966 -2.73431
2446877.54916 -2.63040
2446908.32865 -0.39008
2446939.10815 -1.73403
2446969.88764 -2.38023
2447000.66713 -0.08004
2447216.12360 -0.12726
2447246.90309 -1.43738
2447277.68258 0.87077
2447308.46208 0.53957
2447339.24157 -0.85438
2447370.02107 1.37862
2447585.47753 2.42258
2447616.25702 0.26298
2447647.03652 1.80682
2447677.81601 2.74183
2447708.59551 0.68269
2447924.05197 2.06963
2447954.83146 3.34697
2447985.61096 1.55328
2448016.39045 1.70111
2448047.16994 3.36401
2448077.94944 1.35918
2448293.40590 0.63337
2448324.18539 2.95512
2448354.96489 1.21097
2448385.74438 0.16734
2448416.52388 2.28856
2448447.30337 0.92908
2448662.75983 -1.23817
2448693.53933 0.46108
2448724.31882 0.37024
2448755.09831 -1.80995
2448785.87781 -0.07949
2448816.65730 0.06533
2449032.11376 -2.52974
2449062.89326 -1.90832
2449093.67275 -0.77110
2449124.45225 -3.19372
2449155.23174 -2.10533
2449186.01124 -0.90051
2449401.46770 -2.62286
2449432.24719 -3.01641
2449463.02669 -0.94887
2449493.80618 -2.20619
2449524.58567 -2.85049
2449555.36517 -0.77826
2449770.82163 -1.00957
2449801.60112 -2.59328
2449832.38062 -0.10818
2449863.16011 -0.47828
2449893.93961 -2.08116
2449924.71910 0.16256
2450140.17556 1.41055
2450170.95506 -0.55205
2450201.73455 1.06844
2450232.51404 1.92844
2450263.29354 -0.10979
2450478.75000 1.61391
2450509.52949 3.86922
2450540.30899 1.23781
2450571.08848 1.75205
2450601.86798 3.81539
2450632.64747 1.45971
2450848.10393 1.24521
2450878.88343 3.59071
2450909.66292 2.10324
2450940.44242 0.93833
2450971.22191 3.18224
2451002.00140 1.79110
2451217.45787 -0.33308
2451248.23736 1.83574
2451279.01685 1.34837
2451309.79635 -0.71847
2451340.57584 1.05803
2451371.35534 1.11900
2451586.81180 -1.81539
2451617.59129 -1.07856
2451648.37079 0.15251
2451679.15028 -2.46201
2451709.92978 -1.48850
2451740.70927 -0.22802
2451956.16573 -2.82660
2451986.94522 -3.15066
2452017.72472 -1.06202
2452048.50421 -2.99658
2452079.28371 -3.30601
2452110.06320 -1.15198
2452325.51966 -2.14951
2452356.29916 -3.34065
2452387.07865 -1.04155
2452417.85815 -1.25647
2452448.63764 -3.45714
2452479.41713 -0.80635
2452694.87360 0.41854
2452725.65309 -2.01090
2452756.43258 -0.08946
2452787.21208 0.95576
2452817.99157 -1.25098
2452848.77107 0.19933
2453064.22753 2.73716
2453095.00702 0.46582
2453125.78652 0.88866
2453156.56601 2.83436
2453187.34551 1.28667
2453402.80197 1.28208
2453433.58146 3.95810
2453464.36096 2.31253
2453495.14045 1.05210
2453525.91994 3.91383
2453556.69944 2.58896
2453772.15590 0.68357
2453802.93539 2.86264
2453833.71489 2.93027
2453864.49438 0.24108
2453895.27388 1.76484
2453926.05337 2.10145
2454141.50983 -0.82486
2454172.28933 0.04052
2454203.06882 1.40319
2454233.84831 -1.39081
2454264.62781 -0.77679
2454295.40730 0.95238
2454510.86376 -2.64843
2454541.64326 -3.27424
2454572.42275 -0.39328
2454603.20225 -2.87568
2454633.98174 -3.76044
2454664.76124 -0.88452
2454880.21770 -2.70472
2454910.99719 -4.36930
2454941.77669 -1.78798
2454972.55618 -2.07089
2455003.33567 -4.15424
2455034.11517 -1.80211
2455249.57163 -0.76949
2455280.35112 -3.62107
2455311.13062 -1.40967
2455341.91011 -0.14379
2455372.68961 -2.80449
2455403.46910 -1.17824
2455618.92556 1.90123
2455649.70506 -0.64785
2455680.48455 -0.09688
2455711.26404 2.44920
2455742.04354 0.27259
2455957.50000 0.73823
