2445000.00000 17.12344
2445030.77949 8.21587
2445061.55899 4.05244
2445092.33848 16.83775
2445123.11798 1.51829
2445153.89747 9.96045
2445369.35393 1.16678
2445400.13343 14.43286
2445430.91292 13.51554
2445461.69242 4.05851
2445492.47191 18.02565
2445523.25140 7.30619
2445738.70787 26.37605
2445769.48736 11.64727
2445800.26685 18.97996
2445831.04635 25.10188
2445861.82584 11.11264
2445892.60534 30.65755
2446108.06180 18.54170
2446138.84129 37.21428
2446169.62079 22.38753
2446200.40028 25.85515
2446231.17978 29.05646
2446261.95927 17.80915
2446477.41573 29.37418
2446508.19522 18.67212
2446538.97472 30.05593
2446569.75421 26.41145
2446600.53371 21.09451
2446631.31320 27.37450
2446846.76966 13.82218
2446877.54916 22.66725
2446908.32865 8.14332
2446939.10815 17.40301
2446969.88764 16.81491
2447000.66713 6.17846
2447216.12360 10.49696
2447246.90309 3.86364
2447277.68258 18.49613
2447308.46208 3.54663
2447339.24157 7.49682
2447370.02107 15.11590
2447585.47753 9.14716
2447616.25702 15.99364
2447647.03652 4.12515
2447677.81601 20.63801
2447708.59551 10.81568
2447924.05197 25.13122
2447954.83146 12.89536
2447985.61096 17.33726
2448016.39045 26.70724
2448047.16994 12.00862
2448077.94944 25.27213
2448293.40590 15.37812
2448324.18539 23.83893
2448354.96489 22.89792
2448385.74438 20.97528
2448416.52388 34.66266
2448447.30337 18.45929
2448662.75983 28.27358
2448693.53933 16.37675
2448724.31882 28.89848
2448755.09831 25.55880
2448785.87781 15.70727
2448816.65730 30.13532
2449032.11376 11.37759
2449062.89326 24.33085
2449093.67275 8.41579
2449124.45225 19.88462
2449155.23174 19.43304
2449186.01124 6.08704
2449401.46770 10.15735
2449432.24719 2.84707
2449463.02669 18.96363
2449493.80618 5.06763
2449524.58567 7.23325
2449555.36517 19.05905
2449770.82163 12.16250
2449801.60112 17.11311
2449832.38062 4.66511
2449863.16011 17.84635
2449893.93961 11.50596
2449924.71910 9.21830
2450140.17556 19.47253
2450170.95506 17.92332
2450201.73455 24.43851
2450232.51404 17.25562
2450263.29354 20.41793
2450478.75000 17.58711
2450509.52949 27.38638
2450540.30899 25.37026
2450571.08848 18.99809
2450601.86798 33.08152
2450632.64747 16.10253
2450848.10393 37.73834
2450878.88343 17.28167
2450909.66292 21.30998
2450940.44242 21.52220
2450971.22191 14.92571
2451002.00140 24.10334
2451217.45787 11.88775
2451248.23736 25.06969
2451279.01685 9.69156
2451309.79635 12.49504
2451340.57584 15.80284
2451371.35534 5.20529
2451586.81180 14.48323
2451617.59129 2.07982
2451648.37079 15.14717
2451679.15028 8.54925
2451709.92978 5.93365
2451740.70927 14.77573
2451956.16573 9.47196
2451986.94522 20.84451
2452017.72472 5.13518
2452048.50421 16.76943
2452079.28371 18.48383
2452110.06320 9.11687
2452325.51966 19.34208
2452356.29916 14.83935
2452387.07865 24.73989
2452417.85815 18.54894
2452448.63764 22.37631
2452479.41713 24.02267
2452694.87360 25.45162
2452725.65309 27.36664
2452756.43258 19.80354
2452787.21208 37.26470
2452817.99157 21.93589
2452848.77107 23.31320
2453064.22753 16.94780
2453095.00702 21.54801
2453125.78652 26.73394
2453156.56601 14.06183
2453187.34551 28.64486
2453402.80197 9.11431
2453433.58146 20.96698
2453464.36096 12.21064
2453495.14045 10.44484
2453525.91994 19.39361
2453556.69944 4.97663
2453772.15590 14.92919
2453802.93539 1.42470
2453833.71489 12.17610
2453864.49438 7.55755
2453895.27388 3.84713
2453926.05337 13.77320
2454141.50983 9.11640
2454172.28933 21.97620
2454203.06882 6.40055
2454233.84831 19.43142
2454264.62781 15.95162
2454295.40730 8.90331
2454510.86376 21.91598
2454541.64326 16.06426
2454572.42275 31.40690
2454603.20225 20.01202
2454633.98174 19.36218
2454664.76124 32.73883
2454880.21770 24.89756
2454910.99719 24.79277
2454941.77669 22.26175
2454972.55618 27.73983
2455003.33567 25.15937
2455034.11517 22.32442
2455249.57163 20.73420
2455280.35112 21.74526
2455311.13062 26.71624
2455341.91011 12.45460
2455372.68961 25.05331
2455403.46910 18.70296
2455618.92556 18.52823
2455649.70506 11.86731
2455680.48455 7.32846
2455711.26404 21.96281
2455742.04354 4.39723
2455957.50000 15.99829
