2445000.00000 16.21585
2445030.77949 52.55416
2445061.55899 52.18250
2445092.33848 16.19925
2445123.11798 28.26569
2445153.89747 53.78778
2445369.35393 60.45701
2445400.13343 32.02236
2445430.91292 5.59201
2445461.69242 41.72373
2445492.47191 49.24880
2445523.25140 7.44948
2445738.70787 5.81355
2445769.48736 13.82952
2445800.26685 50.67963
2445831.04635 23.37262
2445861.82584 0.39709
2445892.60534 28.21761
2446108.06180 36.17218
2446138.84129 42.41635
2446169.62079 11.35587
2446200.40028 10.89833
2446231.17978 59.07236
2446261.95927 27.43908
2446477.41573 41.58570
2446508.19522 9.27830
2446538.97472 40.40222
2446569.75421 65.97562
2446600.53371 26.25701
2446631.31320 25.09374
2446846.76966 29.12359
2446877.54916 69.46702
2446908.32865 46.82044
2446939.10815 27.94757
2446969.88764 49.61002
2447000.66713 67.75803
2447216.12360 89.67463
2447246.90309 44.58693
2447277.68258 42.26578
2447308.46208 81.41691
2447339.24157 76.43865
2447370.02107 33.91259
2447585.47753 36.04718
2447616.25702 57.28110
2447647.03652 81.83511
2447677.81601 51.93982
2447708.59551 33.70906
2447924.05197 40.75040
2447954.83146 73.98387
2447985.61096 72.01592
2448016.39045 28.49757
2448047.16994 55.87214
2448077.94944 77.98168
2448293.40590 86.57037
2448324.18539 32.77132
2448354.96489 20.10421
2448385.74438 60.32600
2448416.52388 71.89195
2448447.30337 21.99606
2448662.75983 18.98481
2448693.53933 28.49065
2448724.31882 69.65831
2448755.09831 40.50446
2448785.87781 13.86358
2448816.65730 58.12272
2449032.11376 41.03924
2449062.89326 56.23786
2449093.67275 9.67830
2449124.45225 16.82397
2449155.23174 50.20090
2449186.01124 31.74983
2449401.46770 26.03224
2449432.24719 1.80775
2449463.02669 31.25565
2449493.80618 41.98693
2449524.58567 10.29361
2449555.36517 11.34618
2449770.82163 13.85487
2449801.60112 56.12916
2449832.38062 43.28509
2449863.16011 6.64430
2449893.93961 35.92411
2449924.71910 49.59942
2450140.17556 55.31415
2450170.95506 28.17803
2450201.73455 23.04981
2450232.51404 70.22564
2450263.29354 53.97247
2450478.75000 59.51457
2450509.52949 22.62788
2450540.30899 46.73775
2450571.08848 61.43922
2450601.86798 47.07085
2450632.64747 32.69395
2450848.10393 31.30031
2450878.88343 73.43280
2450909.66292 76.19504
2450940.44242 35.46592
2450971.22191 65.68442
2451002.00140 70.32045
2451217.45787 70.12261
2451248.23736 54.58206
2451279.01685 34.87672
2451309.79635 74.11031
2451340.57584 73.39654
2451371.35534 27.01109
2451586.81180 35.98762
2451617.59129 46.37658
2451648.37079 84.43176
2451679.15028 50.58610
2451709.92978 26.11305
2451740.70927 70.16784
2451956.16573 62.31867
2451986.94522 55.45161
2452017.72472 28.54618
2452048.50421 35.35730
2452079.28371 77.99489
2452110.06320 45.88417
2452325.51966 35.94863
2452356.29916 15.76778
2452387.07865 44.67471
2452417.85815 54.85591
2452448.63764 16.84177
2452479.41713 23.06273
2452694.87360 15.29767
2452725.65309 45.54640
2452756.43258 34.35682
2452787.21208 8.22435
2452817.99157 33.29711
2452848.77107 48.50052
2453064.22753 55.06325
2453095.00702 16.22326
2453125.78652 14.99487
2453156.56601 42.35306
2453187.34551 31.35517
2453402.80197 38.38337
2453433.58146 9.38734
2453464.36096 38.67057
2453495.14045 48.70149
2453525.91994 23.02099
2453556.69944 17.01678
2453772.15590 18.57339
2453802.93539 64.62669
2453833.71489 53.72791
2453864.49438 19.75205
2453895.27388 37.77841
2453926.05337 65.69170
2454141.50983 80.21206
2454172.28933 40.11423
2454203.06882 28.61700
2454233.84831 68.53425
2454264.62781 65.02811
2454295.40730 29.59123
2454510.86376 39.09352
2454541.64326 57.63700
2454572.42275 71.88179
2454603.20225 53.28668
2454633.98174 40.19260
2454664.76124 69.10901
2454880.21770 66.27910
2454910.99719 71.87809
2454941.77669 35.80963
2454972.55618 49.36054
2455003.33567 65.72103
2455034.11517 49.22289
2455249.57163 49.42980
2455280.35112 36.01383
2455311.13062 65.46412
2455341.91011 63.66023
2455372.68961 33.93274
2455403.46910 41.87177
2455618.92556 34.08516
2455649.70506 61.14954
2455680.48455 43.33807
2455711.26404 24.22474
2455742.04354 55.03310
2455957.50000 40.30580
