2445000.00000 27.70487
2445030.77949 133.91697
2445061.55899 54.11901
2445092.33848 162.78442
2445123.11798 121.59074
2445153.89747 143.97429
2445369.35393 195.18111
2445400.13343 112.23132
2445430.91292 149.68751
2445461.69242 137.75048
2445492.47191 109.49519
2445523.25140 124.97091
2445738.70787 46.25909
2445769.48736 61.76830
2445800.26685 91.03195
2445831.04635 44.43578
2445861.82584 119.71319
2445892.60534 31.40412
2446108.06180 114.58566
2446138.84129 173.42731
2446169.62079 137.33311
2446200.40028 224.46553
2446231.17978 96.69261
2446261.95927 241.43917
2446477.41573 128.75354
2446508.19522 39.47547
2446538.97472 145.58779
2446569.75421 15.63779
2446600.53371 131.63338
2446631.31320 17.12155
2446846.76966 52.71086
2446877.54916 179.85022
2446908.32865 60.62353
2446939.10815 201.54225
2446969.88764 97.25335
2447000.66713 198.52024
2447216.12360 162.82630
2447246.90309 83.61124
2447277.68258 159.65403
2447308.46208 93.82072
2447339.24157 114.61588
2447370.02107 107.52459
2447585.47753 24.39618
2447616.25702 71.21488
2447647.03652 66.09677
2447677.81601 86.26916
2447708.59551 116.57244
2447924.05197 101.30842
2447954.83146 188.24678
2447985.61096 178.02061
2448016.39045 138.19358
2448047.16994 198.05445
2448077.94944 114.96099
2448293.40590 92.97551
2448324.18539 115.39157
2448354.96489 50.63323
2448385.74438 109.62452
2448416.52388 18.87400
2448447.30337 123.30025
2448662.75983 122.16815
2448693.53933 86.57735
2448724.31882 117.36668
2448755.09831 79.61929
2448785.87781 210.62201
2448816.65730 98.76880
2449032.11376 89.07499
2449062.89326 207.30756
2449093.67275 59.41493
2449124.45225 151.65545
2449155.23174 44.73857
2449186.01124 156.62051
2449401.46770 152.58788
2449432.24719 17.58397
2449463.02669 118.46118
2449493.80618 42.70419
2449524.58567 126.55460
2449555.36517 95.19058
2449770.82163 97.59747
2449801.60112 207.16085
2449832.38062 134.70866
2449863.16011 161.45509
2449893.93961 184.39183
2449924.71910 105.36636
2450140.17556 109.90396
2450170.95506 59.51679
2450201.73455 67.02892
2450232.51404 88.04721
2450263.29354 34.75523
2450478.75000 147.48836
2450509.52949 141.22191
2450540.30899 114.60530
2450571.08848 185.61011
2450601.86798 108.97957
2450632.64747 168.42416
2450848.10393 129.79292
2450878.88343 98.24570
2450909.66292 135.88552
2450940.44242 45.84552
2450971.22191 129.03970
2451002.00140 22.81843
2451217.45787 32.07921
2451248.23736 142.72855
2451279.01685 23.20469
2451309.79635 172.94688
2451340.57584 55.35222
2451371.35534 152.56266
2451586.81180 236.93049
2451617.59129 81.09698
2451648.37079 237.70197
2451679.15028 87.65707
2451709.92978 202.04358
2451740.70927 94.64195
2451956.16573 11.29131
2451986.94522 146.02991
2452017.72472 19.76840
2452048.50421 98.06846
2452079.28371 44.12045
2452110.06320 68.28186
2452325.51966 173.59176
2452356.29916 114.07580
2452387.07865 178.00775
2452417.85815 140.18543
2452448.63764 139.27178
2452479.41713 204.84738
2452694.87360 104.23206
2452725.65309 96.54097
2452756.43258 107.28730
2452787.21208 50.94141
2452817.99157 107.85737
2452848.77107 16.01252
2453064.22753 79.20908
2453095.00702 114.31053
2453125.78652 55.07446
2453156.56601 199.73748
2453187.34551 54.01372
2453402.80197 129.33937
2453433.58146 153.51212
2453464.36096 90.68554
2453495.14045 182.12449
2453525.91994 72.52666
2453556.69944 173.00823
2453772.15590 109.44260
2453802.93539 7.74633
2453833.71489 116.19511
2453864.49438 4.16031
2453895.27388 123.32992
2453926.05337 36.84895
2454141.50983 80.85735
2454172.28933 170.30043
2454203.06882 102.72058
2454233.84831 222.00971
2454264.62781 120.02795
2454295.40730 175.81545
2454510.86376 153.11450
2454541.64326 55.04738
2454572.42275 103.26418
2454603.20225 62.95497
2454633.98174 60.61755
2454664.76124 90.35810
2454880.21770 52.24083
2454910.99719 123.48201
2454941.77669 109.47935
2454972.55618 115.78967
2455003.33567 181.15715
2455034.11517 72.30716
2455249.57163 151.75614
2455280.35112 158.48731
2455311.13062 79.68029
2455341.91011 173.18693
2455372.68961 65.95763
2455403.46910 194.83060
2455618.92556 79.57122
2455649.70506 20.83275
2455680.48455 120.85853
2455711.26404 13.64548
2455742.04354 148.94444
2455957.50000 189.03518
