2445000.00000 2.68818
2445030.77949 2.16528
2445061.55899 1.60161
2445092.33848 3.21416
2445123.11798 0.88025
2445153.89747 3.97814
2445369.35393 3.21165
2445400.13343 1.36033
2445430.91292 3.66149
2445461.69242 1.10365
2445492.47191 4.13118
2445523.25140 1.27139
2445738.70787 0.55496
2445769.48736 2.80812
2445800.26685 0.86006
2445831.04635 2.28279
2445861.82584 1.67339
2445892.60534 0.79955
2446108.06180 1.12807
2446138.84129 0.35879
2446169.62079 -0.12577
2446200.40028 0.97329
2446231.17978 -0.98236
2446261.95927 1.00217
2446477.41573 -0.23875
2446508.19522 -2.43221
2446538.97472 0.05417
2446569.75421 -2.73086
2446600.53371 -0.22968
2446631.31320 -2.45737
2446846.76966 -3.13149
2446877.54916 -0.88593
2446908.32865 -3.64940
2446939.10815 -1.24822
2446969.88764 -2.40370
2447000.66713 -2.49619
2447216.12360 -1.19625
2447246.90309 -2.83963
2447277.68258 -2.53662
2447308.46208 -1.48385
2447339.24157 -3.47416
2447370.02107 -0.67591
2447585.47753 -0.90533
2447616.25702 -2.30405
2447647.03652 0.00039
2447677.81601 -2.39728
2447708.59551 0.23474
2447924.05197 0.94000
2447954.83146 -1.44426
2447985.61096 1.38643
2448016.39045 -0.78468
2448047.16994 1.10784
2448077.94944 0.18134
2448293.40590 0.20637
2448324.18539 2.18091
2448354.96489 1.18171
2448385.74438 1.54017
2448416.52388 1.95104
2448447.30337 0.86673
2448662.75983 2.04011
2448693.53933 2.17600
2448724.31882 1.34115
2448755.09831 3.37339
2448785.87781 0.88417
2448816.65730 3.30669
2449032.11376 3.69135
2449062.89326 0.74865
2449093.67275 3.00347
2449124.45225 0.86953
2449155.23174 2.52706
2449186.01124 1.31496
2449401.46770 -0.00960
2449432.24719 1.85584
2449463.02669 0.41251
2449493.80618 0.77742
2449524.58567 1.13875
2449555.36517 -0.20342
2449770.82163 -0.24503
2449801.60112 -0.08917
2449832.38062 -1.29104
2449863.16011 0.33781
2449893.93961 -2.01203
2449924.71910 0.37092
2450140.17556 -0.56692
2450170.95506 -2.47408
2450201.73455 -0.57066
2450232.51404 -2.87617
2450263.29354 -1.00772
2450478.75000 -0.81984
2450509.52949 -3.06001
2450540.30899 -1.21534
2450571.08848 -3.09229
2450601.86798 -2.00326
2450632.64747 -2.00765
2450848.10393 -2.51570
2450878.88343 -1.54679
2450909.66292 -1.52284
2450940.44242 -2.07081
2450971.22191 -0.58833
2451002.00140 -2.36360
2451217.45787 -1.44382
2451248.23736 0.30636
2451279.01685 -1.89858
2451309.79635 0.82564
2451340.57584 -1.35338
2451371.35534 0.88826
2451586.81180 1.86240
2451617.59129 -0.41454
2451648.37079 1.92526
2451679.15028 0.31909
2451709.92978 1.40819
2451740.70927 1.41243
2451956.16573 1.25378
2451986.94522 2.53555
2452017.72472 2.40589
2452048.50421 1.38859
2452079.28371 3.29857
2452110.06320 0.95578
2452325.51966 1.56676
2452356.29916 2.65574
2452387.07865 1.19346
2452417.85815 2.81539
2452448.63764 0.86855
2452479.41713 2.34734
2452694.87360 2.88756
2452725.65309 0.21244
2452756.43258 2.52318
2452787.21208 0.53774
2452817.99157 1.63947
2452848.77107 0.97846
2453064.22753 -0.50639
2453095.00702 0.74967
2453125.78652 0.02331
2453156.56601 -0.43717
2453187.34551 0.55689
2453402.80197 -1.12710
2453433.58146 -1.49072
2453464.36096 -0.44717
2453495.14045 -1.88904
2453525.91994 -0.17087
2453556.69944 -2.80036
2453772.15590 -3.68264
2453802.93539 -0.86231
2453833.71489 -2.99699
2453864.49438 -0.89117
2453895.27388 -3.08461
2453926.05337 -1.67960
2454141.50983 -1.01977
2454172.28933 -3.28798
2454203.06882 -1.45638
2454233.84831 -2.20082
2454264.62781 -2.17385
2454295.40730 -1.32338
2454510.86376 -1.47987
2454541.64326 -1.39257
2454572.42275 -0.59974
2454603.20225 -1.87082
2454633.98174 0.30215
2454664.76124 -2.44951
2454880.21770 -0.90114
2454910.99719 1.21009
2454941.77669 -0.91207
2454972.55618 1.78230
2455003.33567 -0.45122
2455034.11517 1.43156
2455249.57163 2.86116
2455280.35112 0.49540
2455311.13062 2.29707
2455341.91011 1.62621
2455372.68961 1.41262
2455403.46910 2.70333
2455618.92556 1.68442
2455649.70506 2.27948
2455680.48455 2.45409
2455711.26404 1.28201
2455742.04354 3.89218
2455957.50000 2.24297
