2445000.00000 44.59455
2445030.77949 47.74857
2445061.55899 43.41374
2445092.33848 41.72764
2445123.11798 39.98361
2445153.89747 40.06164
2445369.35393 9.75088
2445400.13343 6.46436
2445430.91292 5.52462
2445461.69242 5.35435
2445492.47191 5.09392
2445523.25140 5.84562
2445738.70787 29.61721
2445769.48736 31.09132
2445800.26685 31.94404
2445831.04635 34.58880
2445861.82584 38.14831
2445892.60534 33.64136
2446108.06180 63.71107
2446138.84129 56.70772
2446169.62079 68.66185
2446200.40028 68.11443
2446231.17978 70.09195
2446261.95927 53.46072
2446477.41573 40.20029
2446508.19522 37.97711
2446538.97472 33.43061
2446569.75421 30.70771
2446600.53371 27.33076
2446631.31320 22.64098
2446846.76966 23.39246
2446877.54916 27.04949
2446908.32865 24.62833
2446939.10815 28.83564
2446969.88764 31.71484
2447000.66713 37.36012
2447216.12360 59.50405
2447246.90309 77.73461
2447277.68258 73.92790
2447308.46208 75.12757
2447339.24157 84.00965
2447370.02107 85.61127
2447585.47753 85.68632
2447616.25702 78.27159
2447647.03652 77.59560
2447677.81601 73.38947
2447708.59551 74.71508
2447924.05197 50.75206
2447954.83146 46.93465
2447985.61096 41.00417
2448016.39045 38.23129
2448047.16994 46.78889
2448077.94944 36.81831
2448293.40590 70.93578
2448324.18539 69.72323
2448354.96489 61.45865
2448385.74438 73.86175
2448416.52388 78.87997
2448447.30337 88.08395
2448662.75983 107.87519
2448693.53933 116.82278
2448724.31882 96.63103
2448755.09831 113.35994
2448785.87781 107.91646
2448816.65730 117.29702
2449032.11376 89.63882
2449062.89326 80.48785
2449093.67275 79.59507
2449124.45225 68.88186
2449155.23174 64.35511
2449186.01124 46.85957
2449401.46770 48.65807
2449432.24719 43.06772
2449463.02669 55.76009
2449493.80618 59.87587
2449524.58567 46.85134
2449555.36517 61.07227
2449770.82163 108.95694
2449801.60112 94.64570
2449832.38062 92.44520
2449863.16011 88.09607
2449893.93961 111.63685
2449924.71910 104.48406
2450140.17556 93.50140
2450170.95506 83.67398
2450201.73455 81.23725
2450232.51404 89.88807
2450263.29354 74.33997
2450478.75000 42.28819
2450509.52949 48.46968
2450540.30899 35.59455
2450571.08848 30.65826
2450601.86798 33.28342
2450632.64747 35.35919
2450848.10393 42.23539
2450878.88343 42.78672
2450909.66292 50.23906
2450940.44242 48.24189
2450971.22191 50.99142
2451002.00140 63.30458
2451217.45787 70.99240
2451248.23736 71.19092
2451279.01685 75.55664
2451309.79635 83.31250
2451340.57584 80.02457
2451371.35534 80.59418
2451586.81180 37.69120
2451617.59129 41.20960
2451648.37079 37.46056
2451679.15028 29.59444
2451709.92978 28.48310
2451740.70927 25.25068
2451956.16573 8.57926
2451986.94522 10.00033
2452017.72472 8.48920
2452048.50421 12.16703
2452079.28371 13.60130
2452110.06320 13.37631
2452325.51966 47.57630
2452356.29916 45.95903
2452387.07865 53.04173
2452417.85815 43.43671
2452448.63764 43.00246
2452479.41713 60.67035
2452694.87360 56.58400
2452725.65309 43.54247
2452756.43258 50.44806
2452787.21208 44.64640
2452817.99157 36.83371
2452848.77107 36.91680
2453064.22753 8.89579
2453095.00702 6.29230
2453125.78652 4.49134
2453156.56601 2.11438
2453187.34551 1.79439
2453402.80197 12.89629
2453433.58146 16.50874
2453464.36096 20.17916
2453495.14045 24.19597
2453525.91994 30.35089
2453556.69944 29.05372
2453772.15590 61.33048
2453802.93539 78.22022
2453833.71489 69.43405
2453864.49438 69.64653
2453895.27388 61.82351
2453926.05337 62.34003
2454141.50983 46.26364
2454172.28933 41.70672
2454203.06882 42.72883
2454233.84831 32.29372
2454264.62781 30.76522
2454295.40730 34.91845
2454510.86376 19.92651
2454541.64326 22.29080
2454572.42275 24.54286
2454603.20225 25.54731
2454633.98174 25.57963
2454664.76124 31.40889
2454880.21770 62.81953
2454910.99719 73.57870
2454941.77669 66.49782
2454972.55618 66.45403
2455003.33567 68.62350
2455034.11517 85.72542
2455249.57163 82.48462
2455280.35112 71.33810
2455311.13062 86.97030
2455341.91011 77.03612
2455372.68961 82.12485
2455403.46910 70.03677
2455618.92556 48.82861
2455649.70506 39.61221
2455680.48455 43.78800
2455711.26404 40.02320
2455742.04354 43.29537
2455957.50000 44.77507
