2445000.00000 14.76606
2445030.77949 15.72972
2445061.55899 20.50042
2445092.33848 17.98789
2445123.11798 15.05787
2445153.89747 15.46068
2445369.35393 16.49654
2445400.13343 13.99111
2445430.91292 22.01702
2445461.69242 25.89414
2445492.47191 20.03199
2445523.25140 18.81428
2445738.70787 11.65708
2445769.48736 7.35376
2445800.26685 4.96847
2445831.04635 6.94696
2445861.82584 8.63254
2445892.60534 11.28194
2446108.06180 7.71035
2446138.84129 6.75182
2446169.62079 3.04176
2446200.40028 0.67363
2446231.17978 0.73464
2446261.95927 3.67322
2446477.41573 7.38609
2446508.19522 12.18428
2446538.97472 14.12289
2446569.75421 13.20153
2446600.53371 11.83073
2446631.31320 9.84480
2446846.76966 14.05136
2446877.54916 17.96887
2446908.32865 18.35684
2446939.10815 20.33849
2446969.88764 26.67649
2447000.66713 20.82037
2447216.12360 17.37571
2447246.90309 14.62010
2447277.68258 10.70176
2447308.46208 11.01426
2447339.24157 15.96233
2447370.02107 20.06515
2447585.47753 10.37177
2447616.25702 11.91827
2447647.03652 7.41588
2447677.81601 4.03874
2447708.59551 1.94635
2447924.05197 0.57046
2447954.83146 2.25388
2447985.61096 6.13688
2448016.39045 8.20368
2448047.16994 7.84870
2448077.94944 6.74529
2448293.40590 10.60988
2448324.18539 8.12350
2448354.96489 9.73377
2448385.74438 12.08316
2448416.52388 14.14426
2448447.30337 18.78558
2448662.75983 26.67038
2448693.53933 22.79572
2448724.31882 18.71156
2448755.09831 13.01147
2448785.87781 15.45713
2448816.65730 18.38411
2449032.11376 14.29279
2449062.89326 15.19659
2449093.67275 16.68660
2449124.45225 17.14483
2449155.23174 11.15931
2449186.01124 6.33138
2449401.46770 3.65486
2449432.24719 3.45500
2449463.02669 4.78788
2449493.80618 8.04452
2449524.58567 9.59412
2449555.36517 6.41981
2449770.82163 7.99127
2449801.60112 5.23777
2449832.38062 3.21014
2449863.16011 3.11214
2449893.93961 7.21506
2449924.71910 14.10758
2450140.17556 17.27274
2450170.95506 19.66248
2450201.73455 19.11044
2450232.51404 13.76244
2450263.29354 10.42743
2450478.75000 13.09094
2450509.52949 17.24530
2450540.30899 14.97652
2450571.08848 22.42996
2450601.86798 17.90356
2450632.64747 17.13018
2450848.10393 15.82917
2450878.88343 12.14462
2450909.66292 8.85112
2450940.44242 9.58516
2450971.22191 12.31653
2451002.00140 15.25321
2451217.45787 9.88007
2451248.23736 8.12065
2451279.01685 5.52305
2451309.79635 2.64331
2451340.57584 1.69315
2451371.35534 3.84278
2451586.81180 5.93280
2451617.59129 9.92320
2451648.37079 12.03861
2451679.15028 8.75336
2451709.92978 9.19183
2451740.70927 8.00177
2451956.16573 10.32563
2451986.94522 12.23312
2452017.72472 14.31745
2452048.50421 15.97089
2452079.28371 22.39850
2452110.06320 22.42311
2452325.51966 23.53667
2452356.29916 18.62243
2452387.07865 15.85988
2452417.85815 10.71585
2452448.63764 16.17939
2452479.41713 18.31451
2452694.87360 14.54912
2452725.65309 16.78843
2452756.43258 11.08119
2452787.21208 8.32131
2452817.99157 5.53476
2452848.77107 6.44542
2453064.22753 2.68124
2453095.00702 5.14000
2453125.78652 9.09542
2453156.56601 8.92572
2453187.34551 7.36961
2453402.80197 11.58401
2453433.58146 6.17278
2453464.36096 6.00379
2453495.14045 6.75879
2453525.91994 11.60893
2453556.69944 15.75933
2453772.15590 20.54175
2453802.93539 19.40593
2453833.71489 19.24251
2453864.49438 15.55017
2453895.27388 15.46276
2453926.05337 13.25809
2454141.50983 16.76087
2454172.28933 20.37097
2454203.06882 18.25521
2454233.84831 16.12033
2454264.62781 14.88532
2454295.40730 12.98221
2454510.86376 7.01582
2454541.64326 6.45261
2454572.42275 7.45088
2454603.20225 9.84278
2454633.98174 11.08352
2454664.76124 11.91251
2454880.21770 6.94461
2454910.99719 4.45606
2454941.77669 3.00609
2454972.55618 2.97756
2455003.33567 5.69693
2455034.11517 6.15223
2455249.57163 13.54189
2455280.35112 15.94963
2455311.13062 14.20336
2455341.91011 10.20839
2455372.68961 9.94739
2455403.46910 10.69218
2455618.92556 12.24222
2455649.70506 17.89706
2455680.48455 17.24500
2455711.26404 20.78136
2455742.04354 14.34723
2455957.50000 17.86284
