2445000.00000 138.53339
2445030.77949 62.63372
2445061.55899 147.95938
2445092.33848 98.56713
2445123.11798 94.15861
2445153.89747 153.10305
2445369.35393 146.81011
2445400.13343 180.86354
2445430.91292 132.31915
2445461.69242 256.45018
2445492.47191 173.99914
2445523.25140 171.20582
2445738.70787 128.08034
2445769.48736 204.16964
2445800.26685 200.27237
2445831.04635 114.04781
2445861.82584 226.47492
2445892.60534 153.13541
2446108.06180 177.45914
2446138.84129 76.26673
2446169.62079 132.00870
2446200.40028 123.98427
2446231.17978 81.66700
2446261.95927 153.57010
2446477.41573 62.41584
2446508.19522 105.40152
2446538.97472 16.75008
2446569.75421 85.88553
2446600.53371 44.91320
2446631.31320 24.97368
2446846.76966 15.69296
2446877.54916 41.86096
2446908.32865 72.45794
2446939.10815 5.60888
2446969.88764 85.19448
2447000.66713 42.01025
2447216.12360 117.88054
2447246.90309 54.96779
2447277.68258 94.85425
2447308.46208 132.97692
2447339.24157 68.05383
2447370.02107 147.84079
2447585.47753 113.40162
2447616.25702 196.00091
2447647.03652 134.39985
2447677.81601 163.29947
2447708.59551 161.27879
2447924.05197 183.31450
2447954.83146 182.94742
2447985.61096 173.78666
2448016.39045 232.50606
2448047.16994 110.83364
2448077.94944 197.68140
2448293.40590 95.04999
2448324.18539 159.14723
2448354.96489 98.64561
2448385.74438 102.43317
2448416.52388 155.49860
2448447.30337 72.49595
2448662.75983 86.39549
2448693.53933 50.01767
2448724.31882 122.63684
2448755.09831 42.64181
2448785.87781 65.57493
2448816.65730 87.81068
2449032.11376 82.88523
2449062.89326 44.30165
2449093.67275 26.51254
2449124.45225 80.00329
2449155.23174 16.85340
2449186.01124 64.26907
2449401.46770 31.92370
2449432.24719 111.34612
2449463.02669 75.06196
2449493.80618 84.82718
2449524.58567 113.49479
2449555.36517 62.71221
2449770.82163 151.04511
2449801.60112 107.48272
2449832.38062 179.75746
2449863.16011 128.95325
2449893.93961 133.42483
2449924.71910 154.00962
2450140.17556 196.64307
2450170.95506 182.29135
2450201.73455 151.68015
2450232.51404 185.29758
2450263.29354 152.25503
2450478.75000 151.25566
2450509.52949 93.35045
2450540.30899 126.47879
2450571.08848 150.13076
2450601.86798 122.72391
2450632.64747 193.95629
2450848.10393 97.10210
2450878.88343 124.62944
2450909.66292 47.33879
2450940.44242 115.71832
2450971.22191 73.74160
2451002.00140 55.27946
2451217.45787 30.29102
2451248.23736 54.20998
2451279.01685 77.61259
2451309.79635 17.77668
2451340.57584 78.95627
2451371.35534 38.89894
2451586.81180 85.88517
2451617.59129 40.35027
2451648.37079 89.24016
2451679.15028 76.52988
2451709.92978 60.58729
2451740.70927 85.74102
2451956.16573 118.73566
2451986.94522 130.70356
2452017.72472 94.30453
2452048.50421 153.25085
2452079.28371 134.08757
2452110.06320 113.91542
2452325.51966 133.21303
2452356.29916 158.91818
2452387.07865 185.04749
2452417.85815 130.14977
2452448.63764 203.96911
2452479.41713 151.63617
2452694.87360 215.28385
2452725.65309 146.66136
2452756.43258 144.30609
2452787.21208 186.09064
2452817.99157 91.88230
2452848.77107 186.75728
2453064.22753 66.83404
2453095.00702 130.08694
2453125.78652 64.87726
2453156.56601 90.26244
2453187.34551 86.37829
2453402.80197 91.37416
2453433.58146 63.16307
2453464.36096 53.77108
2453495.14045 105.47182
2453525.91994 29.04914
2453556.69944 85.68636
2453772.15590 30.24269
2453802.93539 94.90453
2453833.71489 48.88940
2453864.49438 65.98265
2453895.27388 105.13011
2453926.05337 48.80631
2454141.50983 130.02631
2454172.28933 79.64550
2454203.06882 158.39718
2454233.84831 115.17463
2454264.62781 127.58138
2454295.40730 157.91644
2454510.86376 184.70203
2454541.64326 192.83926
2454572.42275 154.88974
2454603.20225 171.20947
2454633.98174 135.76949
2454664.76124 198.97102
2454880.21770 115.90413
2454910.99719 161.27307
2454941.77669 166.82609
2454972.55618 150.99882
2455003.33567 207.02609
2455034.11517 129.65384
2455249.57163 133.31342
2455280.35112 80.65267
2455311.13062 136.88684
2455341.91011 67.34500
2455372.68961 72.11701
2455403.46910 110.05918
2455618.92556 60.27086
2455649.70506 77.31587
2455680.48455 32.30126
2455711.26404 69.67410
2455742.04354 47.84563
2455957.50000 77.77997
