2445000.00000 8.63359
2445030.77949 6.62102
2445061.55899 4.26266
2445092.33848 6.84758
2445123.11798 5.76673
2445153.89747 2.35696
2445369.35393 2.22144
2445400.13343 3.28246
2445430.91292 0.32250
2445461.69242 1.96140
2445492.47191 4.04866
2445523.25140 1.18363
2445738.70787 4.39271
2445769.48736 7.78863
2445800.26685 7.33681
2445831.04635 5.73102
2445861.82584 10.78295
2445892.60534 10.75381
2446108.06180 12.07211
2446138.84129 12.38234
2446169.62079 14.91166
2446200.40028 12.90599
2446231.17978 11.47484
2446261.95927 11.64332
2446477.41573 14.77261
2446508.19522 11.80056
2446538.97472 14.47447
2446569.75421 13.18742
2446600.53371 8.40259
2446631.31320 11.95574
2446846.76966 10.31100
2446877.54916 5.85611
2446908.32865 4.91479
2446939.10815 7.82346
2446969.88764 4.08835
2447000.66713 3.56819
2447216.12360 3.66694
2447246.90309 4.10028
2447277.68258 1.09913
2447308.46208 3.96060
2447339.24157 4.04763
2447370.02107 1.84358
2447585.47753 5.94222
2447616.25702 6.94783
2447647.03652 7.30923
2447677.81601 6.93540
2447708.59551 7.93424
2447924.05197 14.79286
2447954.83146 12.42883
2447985.61096 12.69971
2448016.39045 15.33695
2448047.16994 10.23938
2448077.94944 14.30889
2448293.40590 14.64568
2448324.18539 9.65784
2448354.96489 11.75535
2448385.74438 14.26316
2448416.52388 12.63514
2448447.30337 9.64707
2448662.75983 7.54375
2448693.53933 7.73566
2448724.31882 4.88884
2448755.09831 5.91297
2448785.87781 7.28983
2448816.65730 4.63399
2449032.11376 2.77848
2449062.89326 5.25158
2449093.67275 4.26315
2449124.45225 2.68907
2449155.23174 5.38098
2449186.01124 5.53945
2449401.46770 5.21984
2449432.24719 6.50686
2449463.02669 10.42813
2449493.80618 7.20846
2449524.58567 6.92449
2449555.36517 10.56299
2449770.82163 11.06465
2449801.60112 9.19644
2449832.38062 15.64903
2449863.16011 12.52606
2449893.93961 11.86880
2449924.71910 12.67551
2450140.17556 14.08273
2450170.95506 13.03481
2450201.73455 11.35040
2450232.51404 10.18579
2450263.29354 10.17032
2450478.75000 6.00123
2450509.52949 7.91837
2450540.30899 6.48334
2450571.08848 4.42338
2450601.86798 7.12406
2450632.64747 6.42619
2450848.10393 3.85564
2450878.88343 4.90628
2450909.66292 6.58932
2450940.44242 3.93757
2450971.22191 4.00535
2451002.00140 6.54557
2451217.45787 7.86741
2451248.23736 6.40625
2451279.01685 9.21919
2451309.79635 9.30063
2451340.57584 8.63130
2451371.35534 9.82574
2451586.81180 11.24749
2451617.59129 10.87673
2451648.37079 11.89699
2451679.15028 11.28088
2451709.92978 13.02479
2451740.70927 14.13145
2451956.16573 11.93843
2451986.94522 13.48747
2452017.72472 9.29379
2452048.50421 11.16365
2452079.28371 13.97578
2452110.06320 9.61236
2452325.51966 7.22076
2452356.29916 7.85262
2452387.07865 6.21010
2452417.85815 5.07867
2452448.63764 7.63754
2452479.41713 7.19563
2452694.87360 2.90824
2452725.65309 5.40265
2452756.43258 6.20614
2452787.21208 3.86737
2452817.99157 4.75046
2452848.77107 7.18950
2453064.22753 8.37812
2453095.00702 6.79820
2453125.78652 9.37766
2453156.56601 9.23845
2453187.34551 9.52912
2453402.80197 12.32531
2453433.58146 11.74411
2453464.36096 9.61097
2453495.14045 10.06983
2453525.91994 16.07573
2453556.69944 13.22748
2453772.15590 12.42376
2453802.93539 11.40919
2453833.71489 12.93961
2453864.49438 10.85337
2453895.27388 11.40314
2453926.05337 11.80001
2454141.50983 6.53408
2454172.28933 5.04540
2454203.06882 7.84270
2454233.84831 5.29760
2454264.62781 6.44383
2454295.40730 6.49729
2454510.86376 5.04134
2454541.64326 3.26508
2454572.42275 5.66006
2454603.20225 4.39820
2454633.98174 2.90693
2454664.76124 4.90893
2454880.21770 10.00119
2454910.99719 6.90486
2454941.77669 7.84620
2454972.55618 11.05502
2455003.33567 7.85792
2455034.11517 8.89344
2455249.57163 12.54513
2455280.35112 11.95833
2455311.13062 11.62514
2455341.91011 13.10700
2455372.68961 16.88127
2455403.46910 9.61213
2455618.92556 11.45021
2455649.70506 13.35764
2455680.48455 10.32057
2455711.26404 10.05826
2455742.04354 11.84543
2455957.50000 7.87451
