2445000.00000 -4.81324
2445030.77949 -3.20179
2445061.55899 -1.21598
2445092.33848 -3.70582
2445123.11798 -4.46758
2445153.89747 -1.11108
2445369.35393 -0.92206
2445400.13343 -2.95558
2445430.91292 -4.11290
2445461.69242 -1.49213
2445492.47191 -1.44812
2445523.25140 -4.65584
2445738.70787 -3.39691
2445769.48736 -2.07999
2445800.26685 -0.56120
2445831.04635 -4.12178
2445861.82584 -3.33443
2445892.60534 -0.25676
2446108.06180 0.28312
2446138.84129 -2.15758
2446169.62079 -3.21794
2446200.40028 -0.10352
2446231.17978 -0.49064
2446261.95927 -3.48818
2446477.41573 -2.54568
2446508.19522 -0.13367
2446538.97472 1.17906
2446569.75421 -2.07500
2446600.53371 -1.29239
2446631.31320 1.48301
2446846.76966 2.51174
2446877.54916 -0.52689
2446908.32865 -1.28807
2446939.10815 1.79357
2446969.88764 1.39276
2447000.66713 -1.54245
2447216.12360 -0.76842
2447246.90309 1.91073
2447277.68258 3.12365
2447308.46208 -0.24834
2447339.24157 0.79159
2447370.02107 3.29166
2447585.47753 3.83717
2447616.25702 1.04846
2447647.03652 0.71973
2447677.81601 5.17731
2447708.59551 3.16862
2447924.05197 2.62194
2447954.83146 0.65631
2447985.61096 4.57620
2448016.39045 4.64944
2448047.16994 1.09402
2448077.94944 2.49437
2448293.40590 3.19764
2448324.18539 4.68278
2448354.96489 1.99878
2448385.74438 1.97098
2448416.52388 5.35440
2448447.30337 3.40269
2448662.75983 3.25415
2448693.53933 1.23350
2448724.31882 5.25175
2448755.09831 4.96354
2448785.87781 1.28039
2448816.65730 2.99165
2449032.11376 3.94299
2449062.89326 5.67883
2449093.67275 1.38850
2449124.45225 1.93715
2449155.23174 5.21398
2449186.01124 3.50973
2449401.46770 1.78412
2449432.24719 0.60129
2449463.02669 3.95102
2449493.80618 3.10015
2449524.58567 0.03718
2449555.36517 2.40451
2449770.82163 2.09203
2449801.60112 3.92873
2449832.38062 -0.31038
2449863.16011 0.52338
2449893.93961 3.84705
2449924.71910 1.05481
2450140.17556 -0.31922
2450170.95506 -1.55635
2450201.73455 2.31218
2450232.51404 1.14280
2450263.29354 -2.41420
2450478.75000 -2.76932
2450509.52949 0.47686
2450540.30899 1.22265
2450571.08848 -3.30116
2450601.86798 -1.37651
2450632.64747 1.42743
2450848.10393 0.64917
2450878.88343 -2.99981
2450909.66292 -4.17529
2450940.44242 0.18359
2450971.22191 -1.65341
2451002.00140 -4.07121
2451217.45787 -5.17879
2451248.23736 -1.31215
2451279.01685 -1.29963
2451309.79635 -5.20290
2451340.57584 -3.67216
2451371.35534 -0.61296
2451586.81180 -1.25478
2451617.59129 -4.67084
2451648.37079 -5.68505
2451679.15028 -1.13476
2451709.92978 -3.38987
2451740.70927 -6.24013
2451956.16573 -6.12592
2451986.94522 -1.79495
2452017.72472 -2.37139
2452048.50421 -6.66792
2452079.28371 -3.74365
2452110.06320 -1.50525
2452325.51966 -1.39502
2452356.29916 -6.60846
2452387.07865 -5.21486
2452417.85815 -1.22906
2452448.63764 -3.67362
2452479.41713 -6.18791
2452694.87360 -5.49110
2452725.65309 -1.21440
2452756.43258 -2.05240
2452787.21208 -5.89973
2452817.99157 -3.06548
2452848.77107 -0.67169
2453064.22753 -0.46662
2453095.00702 -4.62196
2453125.78652 -3.78023
2453156.56601 0.26579
2453187.34551 -2.73664
2453402.80197 -2.58821
2453433.58146 -4.34097
2453464.36096 0.87347
2453495.14045 -0.47347
2453525.91994 -3.16904
2453556.69944 -0.59969
2453772.15590 0.71550
2453802.93539 1.95386
2453833.71489 -2.23863
2453864.49438 -0.78931
2453895.27388 3.08999
2453926.05337 -0.47781
2454141.50983 -0.40758
2454172.28933 -0.74515
2454203.06882 3.96497
2454233.84831 2.02903
2454264.62781 -1.26609
2454295.40730 2.40099
2454510.86376 4.37174
2454541.64326 4.38475
2454572.42275 -0.03393
2454603.20225 2.29978
2454633.98174 6.18035
2454664.76124 2.03332
2454880.21770 1.59653
2454910.99719 2.19268
2454941.77669 6.39044
2454972.55618 3.55031
2455003.33567 0.94366
2455034.11517 4.99444
2455249.57163 7.94794
2455280.35112 5.67468
2455311.13062 1.45252
2455341.91011 3.69829
2455372.68961 6.80128
2455403.46910 2.64829
2455618.92556 2.12728
2455649.70506 3.01777
2455680.48455 6.64924
2455711.26404 5.01648
2455742.04354 1.40855
2455957.50000 2.12033
