2445000.00000 15.17880
2445030.77949 24.69926
2445061.55899 18.39276
2445092.33848 20.52754
2445123.11798 20.97234
2445153.89747 24.74603
2445369.35393 22.04106
2445400.13343 16.09783
2445430.91292 22.70812
2445461.69242 14.06381
2445492.47191 30.34954
2445523.25140 13.47916
2445738.70787 19.68838
2445769.48736 9.14515
2445800.26685 17.07520
2445831.04635 11.19706
2445861.82584 20.91339
2445892.60534 11.64209
2446108.06180 8.70308
2446138.84129 13.26983
2446169.62079 5.81541
2446200.40028 14.13422
2446231.17978 3.90317
2446261.95927 15.20913
2446477.41573 1.32913
2446508.19522 12.69620
2446538.97472 2.13440
2446569.75421 11.82145
2446600.53371 3.09651
2446631.31320 11.82670
2446846.76966 8.64025
2446877.54916 5.93886
2446908.32865 10.72412
2446939.10815 4.74593
2446969.88764 12.85974
2447000.66713 3.92241
2447216.12360 18.25682
2447246.90309 5.55186
2447277.68258 17.25852
2447308.46208 7.30161
2447339.24157 19.19859
2447370.02107 8.23911
2447585.47753 17.17901
2447616.25702 15.88960
2447647.03652 13.64414
2447677.81601 19.35054
2447708.59551 15.08974
2447924.05197 27.86455
2447954.83146 15.08448
2447985.61096 30.89661
2448016.39045 14.95154
2448047.16994 25.67908
2448077.94944 15.98265
2448293.40590 24.20151
2448324.18539 21.12078
2448354.96489 22.66389
2448385.74438 20.34902
2448416.52388 19.55127
2448447.30337 25.20317
2448662.75983 15.13694
2448693.53933 28.19669
2448724.31882 13.16681
2448755.09831 27.83676
2448785.87781 13.97066
2448816.65730 29.56990
2449032.11376 14.31101
2449062.89326 19.65218
2449093.67275 12.36586
2449124.45225 16.06678
2449155.23174 12.47029
2449186.01124 12.55316
2449401.46770 12.12751
2449432.24719 3.55194
2449463.02669 18.75189
2449493.80618 2.77267
2449524.58567 15.21561
2449555.36517 2.40291
2449770.82163 10.56346
2449801.60112 3.62465
2449832.38062 9.66301
2449863.16011 5.62568
2449893.93961 7.83730
2449924.71910 6.37603
2450140.17556 1.80593
2450170.95506 12.30164
2450201.73455 1.54791
2450232.51404 12.67158
2450263.29354 1.44166
2450478.75000 14.93046
2450509.52949 6.37453
2450540.30899 14.17623
2450571.08848 8.64713
2450601.86798 11.40533
2450632.64747 8.30504
2450848.10393 10.17288
2450878.88343 20.49735
2450909.66292 12.40083
2450940.44242 22.29506
2450971.22191 11.49626
2451002.00140 22.89497
2451217.45787 12.97536
2451248.23736 23.58990
2451279.01685 17.93489
2451309.79635 27.78515
2451340.57584 17.17445
2451371.35534 20.75367
2451586.81180 26.93271
2451617.59129 16.86287
2451648.37079 24.73037
2451679.15028 16.69515
2451709.92978 28.54546
2451740.70927 15.48741
2451956.16573 24.93905
2451986.94522 12.54376
2452017.72472 25.84375
2452048.50421 13.93855
2452079.28371 26.06059
2452110.06320 15.03250
2452325.51966 15.91716
2452356.29916 16.18627
2452387.07865 13.45877
2452417.85815 18.28951
2452448.63764 11.69778
2452479.41713 20.27567
2452694.87360 4.01781
2452725.65309 16.72392
2452756.43258 3.92038
2452787.21208 13.77383
2452817.99157 3.90293
2452848.77107 12.16874
2453064.22753 8.21550
2453095.00702 6.59792
2453125.78652 9.54599
2453156.56601 4.16055
2453187.34551 9.93094
2453402.80197 1.01853
2453433.58146 13.54117
2453464.36096 1.31945
2453495.14045 13.10606
2453525.91994 2.02087
2453556.69944 13.13035
2453772.15590 9.41203
2453802.93539 13.34743
2453833.71489 13.10193
2453864.49438 10.59654
2453895.27388 13.35192
2453926.05337 9.25172
2454141.50983 20.43117
2454172.28933 9.65596
2454203.06882 18.62309
2454233.84831 9.18722
2454264.62781 24.12580
2454295.40730 10.63503
2454510.86376 18.76574
2454541.64326 14.67424
2454572.42275 20.30870
2454603.20225 21.17155
2454633.98174 21.58269
2454664.76124 23.24809
2454880.21770 15.61971
2454910.99719 23.53357
2454941.77669 16.67280
2454972.55618 28.97891
2455003.33567 13.53330
2455034.11517 25.09357
2455249.57163 18.49830
2455280.35112 22.41126
2455311.13062 18.75669
2455341.91011 20.12615
2455372.68961 20.29605
2455403.46910 15.59842
2455618.92556 21.02496
2455649.70506 10.36833
2455680.48455 22.85543
2455711.26404 9.72493
2455742.04354 19.18345
2455957.50000 7.57100
