2445000.00000 4.67857
2445030.77949 1.97674
2445061.55899 4.68769
2445092.33848 1.54366
2445123.11798 3.29591
2445153.89747 2.08203
2445369.35393 2.95314
2445400.13343 0.25039
2445430.91292 3.59851
2445461.69242 0.38993
2445492.47191 2.27778
2445523.25140 2.02172
2445738.70787 3.53157
2445769.48736 0.65630
2445800.26685 4.35809
2445831.04635 1.14242
2445861.82584 3.39673
2445892.60534 3.13035
2446108.06180 6.00399
2446138.84129 2.78157
2446169.62079 6.55497
2446200.40028 3.21881
2446231.17978 5.06871
2446261.95927 5.98408
2446477.41573 6.14665
2446508.19522 4.42864
2446538.97472 6.89050
2446569.75421 4.62104
2446600.53371 5.93372
2446631.31320 7.17204
2446846.76966 6.81594
2446877.54916 4.10271
2446908.32865 6.97109
2446939.10815 3.22868
2446969.88764 4.93463
2447000.66713 5.15447
2447216.12360 5.32172
2447246.90309 1.76592
2447277.68258 5.30023
2447308.46208 1.82855
2447339.24157 2.40582
2447370.02107 3.51980
2447585.47753 2.37252
2447616.25702 0.10101
2447647.03652 3.28489
2447677.81601 0.77162
2447708.59551 1.96363
2447924.05197 1.30247
2447954.83146 3.47041
2447985.61096 0.56565
2448016.39045 3.49985
2448047.16994 1.54761
2448077.94944 2.43055
2448293.40590 3.15203
2448324.18539 4.95297
2448354.96489 3.01492
2448385.74438 5.76142
2448416.52388 4.08025
2448447.30337 4.96627
2448662.75983 4.67447
2448693.53933 6.98451
2448724.31882 4.54503
2448755.09831 6.73782
2448785.87781 5.33421
2448816.65730 6.72274
2449032.11376 4.52151
2449062.89326 6.81720
2449093.67275 3.35427
2449124.45225 5.69827
2449155.23174 4.97656
2449186.01124 4.47064
2449401.46770 2.68228
2449432.24719 5.76800
2449463.02669 1.58349
2449493.80618 4.12614
2449524.58567 2.43801
2449555.36517 2.08988
2449770.82163 0.88067
2449801.60112 2.89444
2449832.38062 0.08473
2449863.16011 2.86157
2449893.93961 1.34063
2449924.71910 1.34308
2450140.17556 0.92342
2450170.95506 4.13294
2450201.73455 0.71273
2450232.51404 3.17048
2450263.29354 1.92147
2450478.75000 4.19427
2450509.52949 3.28194
2450540.30899 6.00721
2450571.08848 2.81294
2450601.86798 5.29420
2450632.64747 3.98642
2450848.10393 7.10550
2450878.88343 4.90895
2450909.66292 6.80092
2450940.44242 3.69631
2450971.22191 6.57058
2451002.00140 6.33862
2451217.45787 6.70740
2451248.23736 5.34394
2451279.01685 6.54784
2451309.79635 3.98132
2451340.57584 6.19044
2451371.35534 4.61243
2451586.81180 4.74344
2451617.59129 2.38157
2451648.37079 5.07830
2451679.15028 1.55439
2451709.92978 3.55753
2451740.70927 2.78335
2451956.16573 2.81051
2451986.94522 0.40031
2452017.72472 2.72286
2452048.50421 0.23782
2452079.28371 2.96007
2452110.06320 1.89550
2452325.51966 2.88816
2452356.29916 0.77571
2452387.07865 3.77919
2452417.85815 0.96546
2452448.63764 3.84230
2452479.41713 2.74877
2452694.87360 5.03452
2452725.65309 2.48308
2452756.43258 6.25644
2452787.21208 3.57648
2452817.99157 5.36942
2452848.77107 4.42860
2453064.22753 6.72547
2453095.00702 4.49116
2453125.78652 7.48796
2453156.56601 4.44811
2453187.34551 6.89036
2453402.80197 5.62522
2453433.58146 6.48550
2453464.36096 4.23527
2453495.14045 6.76972
2453525.91994 3.25240
2453556.69944 6.37686
2453772.15590 3.32942
2453802.93539 5.03935
2453833.71489 1.88885
2453864.49438 5.31106
2453895.27388 1.72920
2453926.05337 3.61032
2454141.50983 1.58154
2454172.28933 3.29086
2454203.06882 0.20232
2454233.84831 3.21048
2454264.62781 0.46036
2454295.40730 1.97073
2454510.86376 1.56611
2454541.64326 2.89416
2454572.42275 0.61667
2454603.20225 3.73728
2454633.98174 1.23682
2454664.76124 3.20484
2454880.21770 3.82015
2454910.99719 4.79081
2454941.77669 2.35219
2454972.55618 5.32149
2455003.33567 3.68012
2455034.11517 5.90653
2455249.57163 5.52957
2455280.35112 7.60977
2455311.13062 4.23198
2455341.91011 8.28903
2455372.68961 4.62309
2455403.46910 6.12347
2455618.92556 4.70537
2455649.70506 6.93457
2455680.48455 4.74766
2455711.26404 7.01511
2455742.04354 3.89647
2455957.50000 2.97442
