2445000.00000 7.08139
2445030.77949 5.95486
2445061.55899 5.70761
2445092.33848 6.92614
2445123.11798 4.44901
2445153.89747 7.99668
2445369.35393 6.08803
2445400.13343 6.45774
2445430.91292 6.90490
2445461.69242 5.41325
2445492.47191 8.82858
2445523.25140 4.17595
2445738.70787 5.63059
2445769.48736 6.43037
2445800.26685 4.86854
2445831.04635 7.78892
2445861.82584 4.79057
2445892.60534 5.89914
2446108.06180 6.44984
2446138.84129 3.68711
2446169.62079 7.07558
2446200.40028 3.19531
2446231.17978 6.38407
2446261.95927 2.75440
2446477.41573 2.08491
2446508.19522 4.26591
2446538.97472 2.19295
2446569.75421 4.15508
2446600.53371 2.19146
2446631.31320 3.46450
2446846.76966 3.78637
2446877.54916 0.78426
2446908.32865 2.57703
2446939.10815 1.31232
2446969.88764 2.29373
2447000.66713 1.71853
2447216.12360 0.23671
2447246.90309 1.98327
2447277.68258 0.63435
2447308.46208 1.67912
2447339.24157 1.22684
2447370.02107 1.05340
2447585.47753 2.07317
2447616.25702 0.95736
2447647.03652 1.89853
2447677.81601 1.83391
2447708.59551 1.19711
2447924.05197 2.79047
2447954.83146 1.66096
2447985.61096 2.68733
2448016.39045 2.84414
2448047.16994 2.12799
2448077.94944 3.47289
2448293.40590 2.70146
2448324.18539 3.83217
2448354.96489 4.29069
2448385.74438 3.37962
2448416.52388 4.50809
2448447.30337 3.03148
2448662.75983 4.78075
2448693.53933 4.48586
2448724.31882 4.36397
2448755.09831 6.36207
2448785.87781 3.72592
2448816.65730 6.41605
2449032.11376 7.50655
2449062.89326 4.96941
2449093.67275 6.67880
2449124.45225 5.10385
2449155.23174 7.08697
2449186.01124 4.77161
2449401.46770 5.50544
2449432.24719 7.45016
2449463.02669 4.68875
2449493.80618 7.28148
2449524.58567 5.22419
2449555.36517 8.41517
2449770.82163 7.39013
2449801.60112 4.14207
2449832.38062 6.70310
2449863.16011 3.92319
2449893.93961 6.00949
2449924.71910 5.12535
2450140.17556 3.03682
2450170.95506 6.17015
2450201.73455 2.65208
2450232.51404 4.87383
2450263.29354 3.30968
2450478.75000 1.93821
2450509.52949 4.44811
2450540.30899 1.90186
2450571.08848 3.00041
2450601.86798 2.25225
2450632.64747 2.36386
2450848.10393 3.02195
2450878.88343 0.99399
2450909.66292 2.38880
2450940.44242 1.63367
2450971.22191 1.65414
2451002.00140 2.36810
2451217.45787 0.59320
2451248.23736 2.14089
2451279.01685 1.13600
2451309.79635 1.26799
2451340.57584 2.21706
2451371.35534 0.69093
2451586.81180 2.16733
2451617.59129 1.72142
2451648.37079 1.61510
2451679.15028 2.67705
2451709.92978 1.08424
2451740.70927 3.49033
2451956.16573 3.25097
2451986.94522 2.80915
2452017.72472 4.45495
2452048.50421 1.92515
2452079.28371 5.04204
2452110.06320 2.00423
2452325.51966 3.30622
2452356.29916 4.49925
2452387.07865 3.71937
2452417.85815 4.80093
2452448.63764 3.28205
2452479.41713 4.47131
2452694.87360 6.42275
2452725.65309 3.30308
2452756.43258 6.86939
2452787.21208 4.46230
2452817.99157 6.81316
2452848.77107 4.15201
2453064.22753 4.78812
2453095.00702 8.46019
2453125.78652 4.16873
2453156.56601 7.12593
2453187.34551 4.86800
2453402.80197 4.37775
2453433.58146 6.93166
2453464.36096 4.75344
2453495.14045 8.15697
2453525.91994 5.37113
2453556.69944 6.00251
2453772.15590 4.97010
2453802.93539 3.71777
2453833.71489 6.57534
2453864.49438 4.46602
2453895.27388 5.11147
2453926.05337 4.42853
2454141.50983 2.60884
2454172.28933 4.34075
2454203.06882 3.06649
2454233.84831 3.86583
2454264.62781 3.61175
2454295.40730 2.73172
2454510.86376 3.66517
2454541.64326 2.06471
2454572.42275 2.16076
2454603.20225 2.68552
2454633.98174 1.97598
2454664.76124 2.48360
2454880.21770 1.25236
2454910.99719 1.57470
2454941.77669 2.04236
2454972.55618 1.01659
2455003.33567 2.63004
2455034.11517 0.36709
2455249.57163 1.56750
2455280.35112 1.95838
2455311.13062 0.75860
2455341.91011 3.04435
2455372.68961 0.30509
2455403.46910 3.30097
2455618.92556 2.31127
2455649.70506 1.34727
2455680.48455 2.91486
2455711.26404 0.94692
2455742.04354 4.19240
2455957.50000 3.20191
