2445000.00000 14.95204
2445030.77949 12.42543
2445061.55899 7.30487
2445092.33848 2.51858
2445123.11798 -2.11050
2445153.89747 -7.37798
2445369.35393 -25.88354
2445400.13343 -21.85126
2445430.91292 -16.34376
2445461.69242 -9.60503
2445492.47191 -5.08179
2445523.25140 1.88959
2445738.70787 62.74818
2445769.48736 82.60360
2445800.26685 90.00559
2445831.04635 78.07664
2445861.82584 104.03921
2445892.60534 111.22940
2446108.06180 89.84678
2446138.84129 71.63926
2446169.62079 66.75880
2446200.40028 67.48471
2446231.17978 61.24042
2446261.95927 53.30667
2446477.41573 24.94064
2446508.19522 26.09624
2446538.97472 27.90076
2446569.75421 29.05314
2446600.53371 31.52806
2446631.31320 38.56127
2446846.76966 76.84802
2446877.54916 70.83456
2446908.32865 77.56216
2446939.10815 64.24679
2446969.88764 74.61040
2447000.66713 76.69428
2447216.12360 15.95092
2447246.90309 6.14697
2447277.68258 -5.02807
2447308.46208 -13.49281
2447339.24157 -25.52012
2447370.02107 -35.44849
2447585.47753 -71.18561
2447616.25702 -61.39820
2447647.03652 -52.71760
2447677.81601 -61.47901
2447708.59551 -55.53170
2447924.05197 -21.40014
2447954.83146 -14.36117
2447985.61096 -14.69235
2448016.39045 -14.21293
2448047.16994 -20.47689
2448077.94944 -20.45435
2448293.40590 -76.10033
2448324.18539 -84.04110
2448354.96489 -92.74526
2448385.74438 -107.49549
2448416.52388 -94.81570
2448447.30337 -109.73274
2448662.75983 -98.76562
2448693.53933 -83.52547
2448724.31882 -75.40962
2448755.09831 -65.84668
2448785.87781 -70.18958
2448816.65730 -52.23638
2449032.11376 -0.39175
2449062.89326 3.63738
2449093.67275 7.00380
2449124.45225 7.29643
2449155.23174 8.84396
2449186.01124 6.80292
2449401.46770 -22.73530
2449432.24719 -24.39823
2449463.02669 -26.65330
2449493.80618 -25.38970
2449524.58567 -34.87138
2449555.36517 -30.87062
2449770.82163 4.95926
2449801.60112 14.78844
2449832.38062 24.11322
2449863.16011 34.15887
2449893.93961 40.62695
2449924.71910 44.98315
2450140.17556 102.03195
2450170.95506 98.45293
2450201.73455 104.91107
2450232.51404 84.39109
2450263.29354 96.51210
2450478.75000 38.91568
2450509.52949 34.50583
2450540.30899 27.07957
2450571.08848 33.32177
2450601.86798 30.95997
2450632.64747 29.52983
2450848.10393 44.53160
2450878.88343 50.36945
2450909.66292 51.56390
2450940.44242 62.34133
2450971.22191 68.73764
2451002.00140 70.50558
2451217.45787 85.14176
2451248.23736 68.78169
2451279.01685 71.26368
2451309.79635 62.48485
2451340.57584 47.56641
2451371.35534 43.54103
2451586.81180 -31.93096
2451617.59129 -34.73044
2451648.37079 -40.74903
2451679.15028 -54.75446
2451709.92978 -42.39701
2451740.70927 -69.38408
2451956.16573 -33.13495
2451986.94522 -38.16548
2452017.72472 -28.21762
2452048.50421 -22.98050
2452079.28371 -19.83337
2452110.06320 -15.44507
2452325.51966 -23.65868
2452356.29916 -27.19750
2452387.07865 -35.70826
2452417.85815 -42.13250
2452448.63764 -46.69730
2452479.41713 -62.15109
2452694.87360 -90.32353
2452725.65309 -92.00694
2452756.43258 -110.89572
2452787.21208 -94.76105
2452817.99157 -118.97371
2452848.77107 -88.93533
2453064.22753 -56.02318
2453095.00702 -40.45786
2453125.78652 -31.69194
2453156.56601 -25.07515
2453187.34551 -18.54984
2453402.80197 -0.55184
2453433.58146 -2.60926
2453464.36096 -4.42651
2453495.14045 -8.66332
2453525.91994 -12.35910
2453556.69944 -15.74933
2453772.15590 -38.14885
2453802.93539 -37.10584
2453833.71489 -37.78745
2453864.49438 -27.15963
2453895.27388 -23.56754
2453926.05337 -15.70756
2454141.50983 52.15562
2454172.28933 55.34111
2454203.06882 69.90508
2454233.84831 82.52753
2454264.62781 82.32127
2454295.40730 86.62087
2454510.86376 86.36502
2454541.64326 89.03535
2454572.42275 80.16117
2454603.20225 55.56054
2454633.98174 55.86777
2454664.76124 59.36330
2454880.21770 22.95668
2454910.99719 23.08914
2454941.77669 30.40649
2454972.55618 35.42092
2455003.33567 40.08502
2455034.11517 44.72178
2455249.57163 77.04333
2455280.35112 85.23358
2455311.13062 87.12420
2455341.91011 62.90779
2455372.68961 73.67330
2455403.46910 75.70809
2455618.92556 29.46825
2455649.70506 25.30707
2455680.48455 16.01031
2455711.26404 4.75234
2455742.04354 -3.16749
2455957.50000 -52.12226
