2445000.00000 16.40456
2445030.77949 7.16749
2445061.55899 19.56845
2445092.33848 17.42530
2445123.11798 4.47583
2445153.89747 11.74518
2445369.35393 11.60636
2445400.13343 2.20786
2445430.91292 -8.31592
2445461.69242 4.55475
2445492.47191 1.39678
2445523.25140 -10.50386
2445738.70787 -17.08113
2445769.48736 -4.57367
2445800.26685 -14.32200
2445831.04635 -23.40337
2445861.82584 -8.44300
2445892.60534 -11.06340
2446108.06180 -20.61688
2446138.84129 -18.92215
2446169.62079 -7.16677
2446200.40028 -14.97710
2446231.17978 -23.00324
2446261.95927 -7.36683
2446477.41573 0.64365
2446508.19522 -12.20268
2446538.97472 -7.27772
2446569.75421 5.50987
2446600.53371 -4.31399
2446631.31320 -6.04906
2446846.76966 9.16226
2446877.54916 15.95971
2446908.32865 4.05409
2446939.10815 9.08906
2446969.88764 20.85507
2447000.66713 10.67234
2447216.12360 9.16062
2447246.90309 16.61218
2447277.68258 22.62695
2447308.46208 8.71191
2447339.24157 15.49606
2447370.02107 23.13373
2447585.47753 9.71060
2447616.25702 1.01949
2447647.03652 9.08528
2447677.81601 13.45832
2447708.59551 -2.18141
2447924.05197 -10.49482
2447954.83146 1.55721
2447985.61096 -5.15667
2448016.39045 -13.13176
2448047.16994 -4.55464
2448077.94944 -5.49672
2448293.40590 -20.21145
2448324.18539 -19.77550
2448354.96489 -9.24378
2448385.74438 -14.11801
2448416.52388 -23.99029
2448447.30337 -15.38761
2448662.75983 -5.49219
2448693.53933 -18.70952
2448724.31882 -16.89452
2448755.09831 -3.40474
2448785.87781 -10.33773
2448816.65730 -15.60064
2449032.11376 -0.95133
2449062.89326 9.82717
2449093.67275 -2.19054
2449124.45225 -0.28808
2449155.23174 10.65426
2449186.01124 3.95081
2449401.46770 5.46858
2449432.24719 12.39043
2449463.02669 26.02263
2449493.80618 8.55179
2449524.58567 13.36485
2449555.36517 17.75356
2449770.82163 19.50875
2449801.60112 6.46475
2449832.38062 15.21441
2449863.16011 19.61734
2449893.93961 4.69434
2449924.71910 8.85566
2450140.17556 7.09873
2450170.95506 5.11406
2450201.73455 -6.17561
2450232.51404 2.16944
2450263.29354 4.25545
2450478.75000 -10.52925
2450509.52949 -16.54026
2450540.30899 -5.03315
2450571.08848 -9.91692
2450601.86798 -20.36250
2450632.64747 -10.40190
2450848.10393 -6.90051
2450878.88343 -19.85645
2450909.66292 -19.83258
2450940.44242 -10.57642
2450971.22191 -15.61028
2451002.00140 -22.52967
2451217.45787 -11.66185
2451248.23736 0.32670
2451279.01685 -10.53551
2451309.79635 -10.53919
2451340.57584 3.12692
2451371.35534 -2.53897
2451586.81180 -0.20958
2451617.59129 5.85874
2451648.37079 14.79861
2451679.15028 4.94887
2451709.92978 5.88297
2451740.70927 20.88264
2451956.16573 23.88813
2451986.94522 9.95272
2452017.72472 18.66889
2452048.50421 24.48179
2452079.28371 12.62643
2452110.06320 12.20882
2452325.51966 15.59116
2452356.29916 17.94775
2452387.07865 2.33559
2452417.85815 8.70642
2452448.63764 14.57064
2452479.41713 0.72916
2452694.87360 -10.94933
2452725.65309 0.61670
2452756.43258 -1.05523
2452787.21208 -16.23381
2452817.99157 -6.82126
2452848.77107 -1.73352
2453064.22753 -15.82561
2453095.00702 -23.85983
2453125.78652 -9.47773
2453156.56601 -14.10666
2453187.34551 -23.61841
2453402.80197 -16.94628
2453433.58146 -7.68940
2453464.36096 -16.75174
2453495.14045 -19.20673
2453525.91994 -5.86857
2453556.69944 -7.85376
2453772.15590 -8.51448
2453802.93539 -4.18751
2453833.71489 8.10354
2453864.49438 -0.71506
2453895.27388 -3.24731
2453926.05337 11.21701
2454141.50983 18.34793
2454172.28933 6.50627
2454203.06882 10.57136
2454233.84831 22.09304
2454264.62781 13.04139
2454295.40730 10.31503
2454510.86376 20.22846
2454541.64326 21.38196
2454572.42275 8.50274
2454603.20225 13.07978
2454633.98174 22.48996
2454664.76124 10.38456
2454880.21770 -1.45899
2454910.99719 7.31651
2454941.77669 11.10558
2454972.55618 -4.85168
2455003.33567 0.47303
2455034.11517 6.55813
2455249.57163 -8.80191
2455280.35112 -19.17713
2455311.13062 -7.72220
2455341.91011 -6.60785
2455372.68961 -20.12407
2455403.46910 -13.96941
2455618.92556 -9.29224
2455649.70506 -13.59134
2455680.48455 -22.28547
2455711.26404 -13.50127
2455742.04354 -12.55189
2455957.50000 -14.23856
