2445000.00000 8.88740
2445030.77949 -7.62429
2445061.55899 5.66413
2445092.33848 2.93492
2445123.11798 -7.34663
2445153.89747 9.17026
2445369.35393 -12.87355
2445400.13343 1.06654
2445430.91292 -4.71924
2445461.69242 -15.71002
2445492.47191 2.28681
2445523.25140 -13.18474
2445738.70787 -1.36808
2445769.48736 -6.91957
2445800.26685 -17.23853
2445831.04635 0.64984
2445861.82584 -15.65083
2445892.60534 -10.43876
2446108.06180 -6.93932
2446138.84129 -12.34478
2446169.62079 3.55026
2446200.40028 -11.92922
2446231.17978 -4.92843
2446261.95927 4.52405
2446477.41573 -4.46919
2446508.19522 10.56704
2446538.97472 -5.03271
2446569.75421 1.60319
2446600.53371 9.33340
2446631.31320 -4.92043
2446846.76966 13.00627
2446877.54916 -0.40385
2446908.32865 8.13369
2446939.10815 13.04314
2446969.88764 -1.18357
2447000.66713 14.88738
2447216.12360 0.35633
2447246.90309 9.67300
2447277.68258 13.89087
2447308.46208 -1.21983
2447339.24157 12.10090
2447370.02107 7.39677
2447585.47753 6.76437
2447616.25702 9.38546
2447647.03652 -5.98044
2447677.81601 8.55100
2447708.59551 0.98010
2447924.05197 1.80058
2447954.83146 0.53951
2447985.61096 -11.32104
2448016.39045 4.43691
2448047.16994 -6.68389
2448077.94944 -10.18836
2448293.40590 -5.30347
2448324.18539 -16.74691
2448354.96489 0.20338
2448385.74438 -11.67948
2448416.52388 -14.70599
2448447.30337 0.47256
2448662.75983 -16.54254
2448693.53933 1.50977
2448724.31882 -10.29288
2448755.09831 -10.82897
2448785.87781 2.39890
2448816.65730 -14.25748
2449032.11376 6.73174
2449062.89326 -6.37477
2449093.67275 -4.48289
2449124.45225 9.11675
2449155.23174 -8.94128
2449186.01124 4.07121
2449401.46770 -0.82745
2449432.24719 4.03348
2449463.02669 15.57106
2449493.80618 -2.75695
2449524.58567 11.19258
2449555.36517 11.50508
2449770.82163 7.91677
2449801.60112 18.47696
2449832.38062 -0.47337
2449863.16011 13.29796
2449893.93961 12.36679
2449924.71910 -0.24806
2450140.17556 13.26064
2450170.95506 -3.69124
2450201.73455 13.29477
2450232.51404 7.55953
2450263.29354 -4.17219
2450478.75000 7.56460
2450509.52949 -11.20239
2450540.30899 6.03862
2450571.08848 -0.99969
2450601.86798 -13.00802
2450632.64747 8.87245
2450848.10393 -16.88092
2450878.88343 0.19855
2450909.66292 -10.65047
2450940.44242 -15.27396
2450971.22191 1.55471
2451002.00140 -16.94895
2451217.45787 -1.25202
2451248.23736 -11.94386
2451279.01685 -17.44952
2451309.79635 1.25341
2451340.57584 -18.34678
2451371.35534 -9.80053
2451586.81180 -7.80897
2451617.59129 -12.68289
2451648.37079 6.51970
2451679.15028 -12.58447
2451709.92978 -3.08194
2451740.70927 6.63553
2451956.16573 -2.33531
2451986.94522 15.91194
2452017.72472 -5.28252
2452048.50421 7.00608
2452079.28371 13.53320
2452110.06320 -4.89152
2452325.51966 20.53022
2452356.29916 0.06430
2452387.07865 12.56746
2452417.85815 21.41586
2452448.63764 -0.85190
2452479.41713 20.71318
2452694.87360 -1.07382
2452725.65309 14.60236
2452756.43258 17.13846
2452787.21208 -2.98789
2452817.99157 19.00272
2452848.77107 7.50694
2453064.22753 8.13111
2453095.00702 7.24625
2453125.78652 -10.42187
2453156.56601 12.03467
2453187.34551 -2.88842
2453402.80197 0.66041
2453433.58146 -2.95752
2453464.36096 -18.37376
2453495.14045 3.69087
2453525.91994 -13.44574
2453556.69944 -14.23718
2453772.15590 -10.91518
2453802.93539 -18.05804
2453833.71489 0.38630
2453864.49438 -20.30423
2453895.27388 -18.35314
2453926.05337 0.66937
2454141.50983 -25.75199
2454172.28933 4.27384
2454203.06882 -16.89927
2454233.84831 -12.37759
2454264.62781 5.62093
2454295.40730 -22.47863
2454510.86376 13.70010
2454541.64326 -7.57787
2454572.42275 -0.80006
2454603.20225 15.91214
2454633.98174 -10.14004
2454664.76124 10.35775
2454880.21770 0.28922
2454910.99719 10.57319
2454941.77669 24.41518
2454972.55618 -2.35643
2455003.33567 20.57046
2455034.11517 18.71182
2455249.57163 13.83296
2455280.35112 23.48686
2455311.13062 -1.57085
2455341.91011 19.04652
2455372.68961 16.24047
2455403.46910 -0.88530
2455618.92556 14.48553
2455649.70506 -8.90074
2455680.48455 16.34966
2455711.26404 5.96751
2455742.04354 -7.93954
2455957.50000 4.60040
