2445000.00000 11.33801
2445030.77949 9.50178
2445061.55899 7.55392
2445092.33848 7.70519
2445123.11798 8.68500
2445153.89747 9.53062
2445369.35393 5.78264
2445400.13343 6.94675
2445430.91292 10.12489
2445461.69242 9.76107
2445492.47191 13.34024
2445523.25140 12.90074
2445738.70787 10.43769
2445769.48736 11.69289
2445800.26685 10.03924
2445831.04635 7.68248
2445861.82584 6.56254
2445892.60534 3.87693
2446108.06180 8.10205
2446138.84129 5.07979
2446169.62079 3.58545
2446200.40028 2.35994
2446231.17978 3.62004
2446261.95927 5.14412
2446477.41573 1.71657
2446508.19522 3.46899
2446538.97472 5.02428
2446569.75421 7.45447
2446600.53371 8.33900
2446631.31320 8.51078
2446846.76966 7.54945
2446877.54916 9.34908
2446908.32865 8.32907
2446939.10815 7.57615
2446969.88764 5.79385
2447000.66713 3.71643
2447216.12360 8.12220
2447246.90309 5.27829
2447277.68258 4.23199
2447308.46208 3.38324
2447339.24157 4.14731
2447370.02107 7.41226
2447585.47753 4.18709
2447616.25702 4.96050
2447647.03652 8.00679
2447677.81601 10.76823
2447708.59551 10.80499
2447924.05197 8.49091
2447954.83146 11.45286
2447985.61096 12.71641
2448016.39045 13.53190
2448047.16994 12.99751
2448077.94944 11.80712
2448293.40590 14.40136
2448324.18539 11.13920
2448354.96489 9.09352
2448385.74438 9.19996
2448416.52388 6.81665
2448447.30337 8.32419
2448662.75983 7.02763
2448693.53933 6.30940
2448724.31882 6.97877
2448755.09831 6.95932
2448785.87781 10.60013
2448816.65730 12.50874
2449032.11376 7.07624
2449062.89326 10.58551
2449093.67275 11.76402
2449124.45225 11.94677
2449155.23174 8.94398
2449186.01124 7.27075
2449401.46770 10.54388
2449432.24719 7.19602
2449463.02669 6.55018
2449493.80618 4.64301
2449524.58567 2.36392
2449555.36517 1.92476
2449770.82163 3.73192
2449801.60112 1.42787
2449832.38062 1.52653
2449863.16011 3.70326
2449893.93961 6.75256
2449924.71910 6.38417
2450140.17556 3.11078
2450170.95506 7.02356
2450201.73455 9.39751
2450232.51404 9.03018
2450263.29354 7.73702
2450478.75000 9.13283
2450509.52949 11.14943
2450540.30899 8.53660
2450571.08848 7.15785
2450601.86798 4.75994
2450632.64747 3.40450
2450848.10393 9.68313
2450878.88343 6.11937
2450909.66292 4.16245
2450940.44242 4.21349
2450971.22191 6.69826
2451002.00140 7.49255
2451217.45787 5.32056
2451248.23736 7.54069
2451279.01685 12.10060
2451309.79635 14.44729
2451340.57584 16.05788
2451371.35534 14.06241
2451586.81180 13.77872
2451617.59129 15.92119
2451648.37079 15.49362
2451679.15028 11.22326
2451709.92978 9.80707
2451740.70927 6.53325
2451956.16573 10.81671
2451986.94522 9.37767
2452017.72472 6.79490
2452048.50421 6.02567
2452079.28371 7.29872
2452110.06320 11.12171
2452325.51966 5.01578
2452356.29916 5.83498
2452387.07865 9.03827
2452417.85815 10.97664
2452448.63764 12.34598
2452479.41713 10.41563
2452694.87360 9.79588
2452725.65309 9.96405
2452756.43258 10.87656
2452787.21208 9.09063
2452817.99157 5.23478
2452848.77107 2.06729
2453064.22753 6.60934
2453095.00702 3.65263
2453125.78652 1.33114
2453156.56601 0.33026
2453187.34551 1.44716
2453402.80197 0.97894
2453433.58146 0.02621
2453464.36096 0.99760
2453495.14045 3.68383
2453525.91994 5.96850
2453556.69944 8.25189
2453772.15590 5.39083
2453802.93539 8.00502
2453833.71489 8.83521
2453864.49438 9.99246
2453895.27388 8.08900
2453926.05337 5.67799
2454141.50983 11.52179
2454172.28933 8.68758
2454203.06882 6.61582
2454233.84831 4.70429
2454264.62781 3.21657
2454295.40730 4.85982
2454510.86376 6.54504
2454541.64326 4.47325
2454572.42275 5.30663
2454603.20225 9.42529
2454633.98174 13.48043
2454664.76124 12.74890
2454880.21770 8.04199
2454910.99719 12.41335
2454941.77669 14.50515
2454972.55618 14.52485
2455003.33567 14.70179
2455034.11517 11.82543
2455249.57163 13.37458
2455280.35112 15.75943
2455311.13062 11.19590
2455341.91011 7.13918
2455372.68961 5.67015
2455403.46910 6.26532
2455618.92556 5.75256
2455649.70506 4.58004
2455680.48455 4.74124
2455711.26404 6.17418
2455742.04354 10.33706
2455957.50000 2.40715
