2445000.00000 -2.13997
2445030.77949 -7.56281
2445061.55899 1.96699
2445092.33848 -2.75448
2445123.11798 -0.58601
2445153.89747 4.71313
2445369.35393 8.46904
2445400.13343 13.08288
2445430.91292 5.97636
2445461.69242 13.67826
2445492.47191 9.58779
2445523.25140 10.13375
2445738.70787 10.57901
2445769.48736 13.68371
2445800.26685 15.13253
2445831.04635 8.46676
2445861.82584 17.24911
2445892.60534 11.38686
2446108.06180 9.15089
2446138.84129 4.87428
2446169.62079 4.60933
2446200.40028 8.13698
2446231.17978 -1.01905
2446261.95927 4.13615
2446477.41573 -10.32624
2446508.19522 -2.90338
2446538.97472 -7.97534
2446569.75421 -11.19968
2446600.53371 -5.00418
2446631.31320 -14.01575
2446846.76966 -9.92884
2446877.54916 -19.79792
2446908.32865 -11.04045
2446939.10815 -13.64675
2446969.88764 -18.37838
2447000.66713 -8.68698
2447216.12360 -12.85191
2447246.90309 -5.46285
2447277.68258 -14.46081
2447308.46208 -6.26469
2447339.24157 -5.58514
2447370.02107 -9.13306
2447585.47753 2.27955
2447616.25702 0.73431
2447647.03652 8.83673
2447677.81601 1.72196
2447708.59551 7.91888
2447924.05197 7.14949
2447954.83146 17.79166
2447985.61096 15.13264
2448016.39045 10.49238
2448047.16994 16.57841
2448077.94944 9.81704
2448293.40590 21.28554
2448324.18539 8.51765
2448354.96489 14.65687
2448385.74438 10.25399
2448416.52388 7.26495
2448447.30337 14.39119
2448662.75983 -0.71641
2448693.53933 5.73375
2448724.31882 -3.59572
2448755.09831 -0.42149
2448785.87781 0.44410
2448816.65730 -7.79560
2449032.11376 -8.23308
2449062.89326 -16.10872
2449093.67275 -7.67050
2449124.45225 -13.26609
2449155.23174 -11.81456
2449186.01124 -10.63865
2449401.46770 -15.99058
2449432.24719 -13.48343
2449463.02669 -16.95737
2449493.80618 -10.35631
2449524.58567 -16.05194
2449555.36517 -14.50672
2449770.82163 -8.95412
2449801.60112 -4.89094
2449832.38062 -0.60673
2449863.16011 -8.32533
2449893.93961 2.56045
2449924.71910 -1.12723
2450140.17556 12.74609
2450170.95506 6.28678
2450201.73455 7.34757
2450232.51404 13.65749
2450263.29354 5.92662
2450478.75000 16.73461
2450509.52949 9.61739
2450540.30899 19.46548
2450571.08848 15.90977
2450601.86798 12.35192
2450632.64747 15.75593
2450848.10393 11.97105
2450878.88343 12.81439
2450909.66292 3.29572
2450940.44242 9.47916
2450971.22191 5.22109
2451002.00140 2.62122
2451217.45787 -5.10522
2451248.23736 -6.18455
2451279.01685 -1.37760
2451309.79635 -13.35971
2451340.57584 -4.62238
2451371.35534 -7.97988
2451586.81180 -11.21144
2451617.59129 -18.06747
2451648.37079 -18.52858
2451679.15028 -10.62444
2451709.92978 -22.02555
2451740.70927 -16.54617
2451956.16573 -18.48445
2451986.94522 -7.50349
2452017.72472 -11.31778
2452048.50421 -12.12043
2452079.28371 -5.57830
2452110.06320 -12.08355
2452325.51966 3.72631
2452356.29916 -4.60638
2452387.07865 5.30854
2452417.85815 5.18876
2452448.63764 0.19743
2452479.41713 10.31740
2452694.87360 8.47129
2452725.65309 17.60270
2452756.43258 7.16221
2452787.21208 15.31034
2452817.99157 19.57504
2452848.77107 12.02216
2453064.22753 14.34825
2453095.00702 11.30451
2453125.78652 21.58888
2453156.56601 9.16280
2453187.34551 11.93220
2453402.80197 1.10438
2453433.58146 5.58807
2453464.36096 4.85082
2453495.14045 -2.96637
2453525.91994 5.41235
2453556.69944 -3.33757
2453772.15590 -3.34429
2453802.93539 -14.64336
2453833.71489 -11.11412
2453864.49438 -9.78114
2453895.27388 -15.24896
2453926.05337 -9.35058
2454141.50983 -17.72419
2454172.28933 -10.18291
2454203.06882 -17.54301
2454233.84831 -15.29563
2454264.62781 -11.72685
2454295.40730 -17.67761
2454510.86376 -6.67033
2454541.64326 -14.86915
2454572.42275 -2.56832
2454603.20225 -7.80906
2454633.98174 -5.44575
2454664.76124 1.02317
2454880.21770 4.96052
2454910.99719 8.71078
2454941.77669 2.19603
2454972.55618 12.31476
2455003.33567 7.85726
2455034.11517 7.98106
2455249.57163 13.23572
2455280.35112 11.30863
2455311.13062 19.38336
2455341.91011 10.02541
2455372.68961 17.10237
2455403.46910 15.75646
2455618.92556 19.53057
2455649.70506 9.19000
2455680.48455 9.34628
2455711.26404 13.26090
2455742.04354 2.85573
2455957.50000 3.44122
