2445000.00000 -27.55426
2445030.77949 -32.59386
2445061.55899 -15.86553
2445092.33848 -17.13950
2445123.11798 -12.32943
2445153.89747 3.47174
2445369.35393 31.44872
2445400.13343 18.86083
2445430.91292 31.49114
2445461.69242 15.87768
2445492.47191 2.16537
2445523.25140 7.38693
2445738.70787 -27.49364
2445769.48736 -27.86012
2445800.26685 -11.78164
2445831.04635 -13.72283
2445861.82584 -10.08025
2445892.60534 8.99597
2446108.06180 21.49770
2446138.84129 15.09019
2446169.62079 25.78758
2446200.40028 10.44657
2446231.17978 -0.29907
2446261.95927 6.45492
2446477.41573 -29.57660
2446508.19522 -26.75425
2446538.97472 -7.54914
2446569.75421 -13.14955
2446600.53371 -6.77004
2446631.31320 13.93004
2446846.76966 21.90113
2446877.54916 18.72191
2446908.32865 24.80854
2446939.10815 4.03895
2446969.88764 -2.05114
2447000.66713 1.85965
2447216.12360 -29.61016
2447246.90309 -22.47380
2447277.68258 -6.47465
2447308.46208 -10.91045
2447339.24157 -2.40061
2447370.02107 14.91215
2447585.47753 19.76999
2447616.25702 15.20667
2447647.03652 20.42342
2447677.81601 -0.38745
2447708.59551 -3.06365
2447924.05197 -17.09946
2447954.83146 -23.29863
2447985.61096 -16.30455
2448016.39045 -3.81082
2448047.16994 -11.27114
2448077.94944 3.37040
2448293.40590 29.21621
2448324.18539 15.74825
2448354.96489 14.81662
2448385.74438 15.24224
2448416.52388 -6.02110
2448447.30337 -5.22857
2448662.75983 -18.03227
2448693.53933 -30.51519
2448724.31882 -15.36579
2448755.09831 -1.36737
2448785.87781 -7.40275
2448816.65730 8.52376
2449032.11376 26.08833
2449062.89326 10.90259
2449093.67275 14.71681
2449124.45225 11.63110
2449155.23174 -9.30010
2449186.01124 -5.94615
2449401.46770 -18.00295
2449432.24719 -24.72222
2449463.02669 -9.07647
2449493.80618 0.21466
2449524.58567 -4.31765
2449555.36517 13.35755
2449770.82163 27.77133
2449801.60112 6.26358
2449832.38062 11.56186
2449863.16011 4.81435
2449893.93961 -13.87957
2449924.71910 -7.56500
2450140.17556 -17.13264
2450170.95506 -21.97465
2450201.73455 -2.74089
2450232.51404 2.26557
2450263.29354 -0.87517
2450478.75000 31.30277
2450509.52949 18.13886
2450540.30899 5.43500
2450571.08848 13.26891
2450601.86798 0.46267
2450632.64747 -17.84744
2450848.10393 -18.53461
2450878.88343 -18.52580
2450909.66292 -19.27614
2450940.44242 1.49708
2450971.22191 3.26124
2451002.00140 2.92051
2451217.45787 24.60385
2451248.23736 12.13913
2451279.01685 3.23739
2451309.79635 9.62397
2451340.57584 -5.31372
2451371.35534 -18.88726
2451586.81180 -13.63493
2451617.59129 -15.64243
2451648.37079 -14.03247
2451679.15028 5.92449
2451709.92978 4.74064
2451740.70927 7.56145
2451956.16573 28.76057
2451986.94522 12.00385
2452017.72472 1.57908
2452048.50421 6.74224
2452079.28371 -10.34485
2452110.06320 -22.25288
2452325.51966 -10.29639
2452356.29916 -14.54098
2452387.07865 -9.96157
2452417.85815 10.35285
2452448.63764 6.65877
2452479.41713 11.72746
2452694.87360 24.28892
2452725.65309 6.92767
2452756.43258 -0.10477
2452787.21208 3.96178
2452817.99157 -15.54509
2452848.77107 -20.56378
2453064.22753 -6.64477
2453095.00702 -16.00194
2453125.78652 -3.79698
2453156.56601 10.72728
2453187.34551 6.45059
2453402.80197 17.73229
2453433.58146 21.23346
2453464.36096 1.51719
2453495.14045 -1.36277
2453525.91994 -0.10599
2453556.69944 -19.94713
2453772.15590 -16.09180
2453802.93539 -5.24775
2453833.71489 -13.98332
2453864.49438 1.30205
2453895.27388 16.93274
2453926.05337 9.31991
2454141.50983 17.45933
2454172.28933 17.71373
2454203.06882 -3.05930
2454233.84831 -2.94968
2454264.62781 -3.85414
2454295.40730 -25.87673
2454510.86376 -15.88866
2454541.64326 -4.22242
2454572.42275 -11.04963
2454603.20225 6.27182
2454633.98174 17.82537
2454664.76124 11.21210
2454880.21770 15.50326
2454910.99719 12.75868
2454941.77669 -6.78216
2454972.55618 -4.56253
2455003.33567 -9.10900
2455034.11517 -27.29699
2455249.57163 -9.64439
2455280.35112 -1.45215
2455311.13062 -6.26677
2455341.91011 10.90144
2455372.68961 19.81465
2455403.46910 15.14418
2455618.92556 15.42582
2455649.70506 8.33980
2455680.48455 -10.60364
2455711.26404 -5.72105
2455742.04354 -16.70858
2455957.50000 -22.95205
