2445000.00000 6.21427
2445030.77949 5.38391
2445061.55899 2.52790
2445092.33848 0.99125
2445123.11798 1.83315
2445153.89747 4.61143
2445369.35393 7.80002
2445400.13343 5.75673
2445430.91292 2.45700
2445461.69242 2.59657
2445492.47191 5.33547
2445523.25140 6.69257
2445738.70787 9.12294
2445769.48736 4.79075
2445800.26685 4.08200
2445831.04635 6.58825
2445861.82584 9.84249
2445892.60534 10.51239
2446108.06180 10.16066
2446138.84129 8.06267
2446169.62079 8.36047
2446200.40028 10.83015
2446231.17978 11.22441
2446261.95927 12.13383
2446477.41573 10.40575
2446508.19522 8.36641
2446538.97472 10.49155
2446569.75421 13.08560
2446600.53371 12.80975
2446631.31320 10.90328
2446846.76966 8.47945
2446877.54916 8.00856
2446908.32865 12.39275
2446939.10815 12.44851
2446969.88764 12.44131
2447000.66713 11.85210
2447216.12360 7.61662
2447246.90309 9.42629
2447277.68258 10.94817
2447308.46208 11.43812
2447339.24157 8.77504
2447370.02107 7.07222
2447585.47753 6.09839
2447616.25702 7.27162
2447647.03652 9.96679
2447677.81601 8.16175
2447708.59551 4.15155
2447924.05197 2.75224
2447954.83146 4.15985
2447985.61096 6.90666
2448016.39045 5.98842
2448047.16994 4.10174
2448077.94944 1.76928
2448293.40590 1.59749
2448324.18539 4.84041
2448354.96489 5.74502
2448385.74438 4.52894
2448416.52388 1.10950
2448447.30337 0.17403
2448662.75983 3.12755
2448693.53933 5.16159
2448724.31882 6.12418
2448755.09831 2.33061
2448785.87781 0.34054
2448816.65730 1.09864
2449032.11376 5.49683
2449062.89326 5.75873
2449093.67275 5.62806
2449124.45225 2.77535
2449155.23174 1.93438
2449186.01124 4.23520
2449401.46770 8.70597
2449432.24719 8.88946
2449463.02669 6.55268
2449493.80618 4.44136
2449524.58567 5.78845
2449555.36517 8.15420
2449770.82163 9.83972
2449801.60112 10.00501
2449832.38062 7.50957
2449863.16011 7.37398
2449893.93961 10.30528
2449924.71910 13.29493
2450140.17556 13.55262
2450170.95506 9.16308
2450201.73455 8.25546
2450232.51404 10.03831
2450263.29354 13.10999
2450478.75000 15.68265
2450509.52949 11.83161
2450540.30899 8.44011
2450571.08848 9.35857
2450601.86798 13.15601
2450632.64747 15.28616
2450848.10393 9.80706
2450878.88343 8.85074
2450909.66292 7.12400
2450940.44242 8.33622
2450971.22191 13.19434
2451002.00140 13.99541
2451217.45787 6.44162
2451248.23736 6.88694
2451279.01685 6.82979
2451309.79635 11.55671
2451340.57584 7.90312
2451371.35534 9.94015
2451586.81180 4.13275
2451617.59129 3.14304
2451648.37079 5.59794
2451679.15028 7.40208
2451709.92978 8.59676
2451740.70927 4.75325
2451956.16573 1.60727
2451986.94522 2.17211
2452017.72472 4.44546
2452048.50421 6.29603
2452079.28371 5.78125
2452110.06320 2.00740
2452325.51966 0.56371
2452356.29916 2.69707
2452387.07865 5.53949
2452417.85815 6.16359
2452448.63764 3.08723
2452479.41713 0.61417
2452694.87360 2.17383
2452725.65309 4.09146
2452756.43258 6.30014
2452787.21208 5.37990
2452817.99157 2.51749
2452848.77107 1.66002
2453064.22753 5.07867
2453095.00702 6.65777
2453125.78652 7.98086
2453156.56601 5.09587
2453187.34551 3.74452
2453402.80197 5.35691
2453433.58146 7.72655
2453464.36096 8.79601
2453495.14045 8.89208
2453525.91994 7.01087
2453556.69944 7.33248
2453772.15590 10.37631
2453802.93539 11.74316
2453833.71489 11.67153
2453864.49438 8.52049
2453895.27388 6.86642
2453926.05337 9.36035
2454141.50983 12.90430
2454172.28933 14.01683
2454203.06882 11.53020
2454233.84831 10.58073
2454264.62781 9.10764
2454295.40730 11.07412
2454510.86376 12.27355
2454541.64326 14.03566
2454572.42275 8.31377
2454603.20225 6.74362
2454633.98174 8.97830
2454664.76124 13.91707
2454880.21770 10.56529
2454910.99719 10.69459
2454941.77669 5.95506
2454972.55618 8.24463
2455003.33567 8.97482
2455034.11517 9.57168
2455249.57163 9.08498
2455280.35112 5.32954
2455311.13062 5.30991
2455341.91011 6.49088
2455372.68961 7.11468
2455403.46910 9.51951
2455618.92556 5.17198
2455649.70506 2.59045
2455680.48455 3.63780
2455711.26404 5.42843
2455742.04354 7.87881
2455957.50000 4.16770
